0 23400 24540 3 1 1140
1 25260 26400 1 3 1140
2 26520 28140 3 0 1620
3 28860 30000 1 3 1140
4 30120 31740 3 0 1620
5 32460 33600 1 3 1140
6 33720 35340 3 0 1620
7 36060 37200 1 3 1140
8 37320 38940 3 0 1620
9 39660 40800 1 3 1140
10 40920 42540 3 0 1620
11 43260 44400 1 3 1140
12 44520 46140 3 0 1620
13 46860 48000 1 3 1140
14 48120 49740 3 0 1620
15 50460 51600 1 3 1140
16 51720 53340 3 0 1620
17 54060 55200 1 3 1140
18 55320 56940 3 0 1620
19 57660 58800 1 3 1140
20 58920 60540 3 0 1620
21 61260 62400 1 3 1140
22 62520 64140 3 0 1620
23 64860 66000 1 3 1140
24 66120 67740 3 0 1620
25 68460 69600 1 3 1140
26 69720 71340 3 0 1620
27 72060 73200 1 3 1140
28 73320 74940 3 0 1620
29 75660 76800 1 3 1140
30 76920 78540 3 0 1620
31 22920 24540 3 0 1620
32 25260 26880 0 3 1620
33 27000 28140 3 1 1140
34 28860 30480 0 3 1620
35 30600 31740 3 1 1140
36 32460 34080 0 3 1620
37 34200 35340 3 1 1140
38 36060 37680 0 3 1620
39 37800 38940 3 1 1140
40 39660 41280 0 3 1620
41 41400 42540 3 1 1140
42 43260 44880 0 3 1620
43 45000 46140 3 1 1140
44 46860 48480 0 3 1620
45 48600 49740 3 1 1140
46 50460 52080 0 3 1620
47 52200 53340 3 1 1140
48 54060 55680 0 3 1620
49 55800 56940 3 1 1140
50 57660 59280 0 3 1620
51 59400 60540 3 1 1140
52 61260 62880 0 3 1620
53 63000 64140 3 1 1140
54 64860 66480 0 3 1620
55 66600 67740 3 1 1140
56 68460 70080 0 3 1620
57 70200 71340 3 1 1140
58 72060 73680 0 3 1620
59 73800 74940 3 1 1140
60 75660 77280 0 3 1620
61 24420 25020 3 2 600
62 27300 27900 2 3 600
63 28020 28980 3 4 960
64 29100 30480 4 0 1380
65 32700 33300 2 3 600
66 33420 34380 3 4 960
67 34500 35880 4 0 1380
68 38100 38700 2 3 600
69 38820 39780 3 4 960
70 39900 41280 4 0 1380
71 43500 44100 2 3 600
72 44220 45180 3 4 960
73 45300 46680 4 0 1380
74 48900 49500 2 3 600
75 49620 50580 3 4 960
76 50700 52080 4 0 1380
77 54300 54900 2 3 600
78 55020 55980 3 4 960
79 56100 57480 4 0 1380
80 59700 60300 2 3 600
81 60420 61380 3 4 960
82 61500 62880 4 0 1380
83 65100 65700 2 3 600
84 65820 66780 3 4 960
85 66900 68280 4 0 1380
86 70500 71100 2 3 600
87 71220 72180 3 4 960
88 72300 73680 4 0 1380
89 75900 76500 2 3 600
90 76620 77580 3 4 960
91 22620 23580 3 4 960
92 23700 25080 4 0 1380
93 27240 28620 0 4 1380
94 28740 29700 4 3 960
95 29820 30420 3 2 600
96 32640 34020 0 4 1380
97 34140 35100 4 3 960
98 35220 35820 3 2 600
99 38040 39420 0 4 1380
100 39540 40500 4 3 960
101 40620 41220 3 2 600
102 43440 44820 0 4 1380
103 44940 45900 4 3 960
104 46020 46620 3 2 600
105 48840 50220 0 4 1380
106 50340 51300 4 3 960
107 51420 52020 3 2 600
108 54240 55620 0 4 1380
109 55740 56700 4 3 960
110 56820 57420 3 2 600
111 59640 61020 0 4 1380
112 61140 62100 4 3 960
113 62220 62820 3 2 600
114 65040 66420 0 4 1380
115 66540 67500 4 3 960
116 67620 68220 3 2 600
117 70440 71820 0 4 1380
118 71940 72900 4 3 960
119 73020 73620 3 2 600
120 75840 77220 0 4 1380
121 77340 78300 4 3 960
122 78420 79020 3 2 600
123 25200 26340 3 1 1140
124 27060 28200 1 3 1140
125 28320 29940 3 0 1620
126 30660 31800 1 3 1140
127 31920 33540 3 0 1620
128 34260 35400 1 3 1140
129 35520 37140 3 0 1620
130 37860 39000 1 3 1140
131 39120 40740 3 0 1620
132 41460 42600 1 3 1140
133 42720 44340 3 0 1620
134 45060 46200 1 3 1140
135 46320 47940 3 0 1620
136 48660 49800 1 3 1140
137 49920 51540 3 0 1620
138 52260 53400 1 3 1140
139 53520 55140 3 0 1620
140 55860 57000 1 3 1140
141 57120 58740 3 0 1620
142 59460 60600 1 3 1140
143 60720 62340 3 0 1620
144 63060 64200 1 3 1140
145 64320 65940 3 0 1620
146 66660 67800 1 3 1140
147 67920 69540 3 0 1620
148 70260 71400 1 3 1140
149 71520 73140 3 0 1620
150 73860 75000 1 3 1140
151 75120 76740 3 0 1620
152 77460 78600 1 3 1140
153 24720 26340 3 0 1620
154 27060 28680 0 3 1620
155 28800 29940 3 1 1140
156 30660 32280 0 3 1620
157 32400 33540 3 1 1140
158 34260 35880 0 3 1620
159 36000 37140 3 1 1140
160 37860 39480 0 3 1620
161 39600 40740 3 1 1140
162 41460 43080 0 3 1620
163 43200 44340 3 1 1140
164 45060 46680 0 3 1620
165 46800 47940 3 1 1140
166 48660 50280 0 3 1620
167 50400 51540 3 1 1140
168 52260 53880 0 3 1620
169 54000 55140 3 1 1140
170 55860 57480 0 3 1620
171 57600 58740 3 1 1140
172 59460 61080 0 3 1620
173 61200 62340 3 1 1140
174 63060 64680 0 3 1620
175 64800 65940 3 1 1140
176 66660 68280 0 3 1620
177 68400 69540 3 1 1140
178 70260 71880 0 3 1620
179 72000 73140 3 1 1140
180 73860 75480 0 3 1620
181 75600 76740 3 1 1140
182 77460 79080 0 3 1620
183 25140 26100 4 3 960
184 26220 26820 3 2 600
185 29100 29700 2 3 600
186 29820 30780 3 4 960
187 30900 32280 4 0 1380
188 34500 35100 2 3 600
189 35220 36180 3 4 960
190 36300 37680 4 0 1380
191 39900 40500 2 3 600
192 40620 41580 3 4 960
193 41700 43080 4 0 1380
194 45300 45900 2 3 600
195 46020 46980 3 4 960
196 47100 48480 4 0 1380
197 50700 51300 2 3 600
198 51420 52380 3 4 960
199 52500 53880 4 0 1380
200 56100 56700 2 3 600
201 56820 57780 3 4 960
202 57900 59280 4 0 1380
203 61500 62100 2 3 600
204 62220 63180 3 4 960
205 63300 64680 4 0 1380
206 66900 67500 2 3 600
207 67620 68580 3 4 960
208 68700 70080 4 0 1380
209 72300 72900 2 3 600
210 73020 73980 3 4 960
211 74100 75480 4 0 1380
212 77700 78300 2 3 600
213 24420 25380 3 4 960
214 25500 26880 4 0 1380
215 29040 30420 0 4 1380
216 30540 31500 4 3 960
217 31620 32220 3 2 600
218 34440 35820 0 4 1380
219 35940 36900 4 3 960
220 37020 37620 3 2 600
221 39840 41220 0 4 1380
222 41340 42300 4 3 960
223 42420 43020 3 2 600
224 45240 46620 0 4 1380
225 46740 47700 4 3 960
226 47820 48420 3 2 600
227 50640 52020 0 4 1380
228 52140 53100 4 3 960
229 53220 53820 3 2 600
230 56040 57420 0 4 1380
231 57540 58500 4 3 960
232 58620 59220 3 2 600
233 61440 62820 0 4 1380
234 62940 63900 4 3 960
235 64020 64620 3 2 600
236 66840 68220 0 4 1380
237 68340 69300 4 3 960
238 69420 70020 3 2 600
239 72240 73620 0 4 1380
240 73740 74700 4 3 960
241 74820 75420 3 2 600
242 77640 79020 0 4 1380
243 79140 80100 4 3 960
244 80220 80820 3 2 600
245 25500 27120 0 3 1620
246 27240 27840 3 2 600
247 28740 29340 2 3 600
248 29460 31080 3 0 1620
249 31200 32880 0 1 1680
250 35940 36540 2 3 600
251 36660 38280 3 0 1620
252 38400 40080 0 1 1680
253 43140 43740 2 3 600
254 43860 45480 3 0 1620
255 45600 47280 0 1 1680
256 50340 50940 2 3 600
257 51060 52680 3 0 1620
258 52800 54480 0 1 1680
259 57540 58140 2 3 600
260 58260 59880 3 0 1620
261 60000 61680 0 1 1680
262 64740 65340 2 3 600
263 65460 67080 3 0 1620
264 67200 68880 0 1 1680
265 71940 72540 2 3 600
266 72660 74280 3 0 1620
267 74400 76080 0 1 1680
268 79140 79740 2 3 600
269 25860 27480 3 0 1620
270 27600 29280 0 1 1680
271 30900 32580 1 0 1680
272 32700 34320 0 3 1620
273 34440 35040 3 2 600
274 38100 39780 1 0 1680
275 39900 41520 0 3 1620
276 41640 42240 3 2 600
277 45300 46980 1 0 1680
278 47100 48720 0 3 1620
279 48840 49440 3 2 600
280 52500 54180 1 0 1680
281 54300 55920 0 3 1620
282 56040 56640 3 2 600
283 59700 61380 1 0 1680
284 61500 63120 0 3 1620
285 63240 63840 3 2 600
286 66900 68580 1 0 1680
287 68700 70320 0 3 1620
288 70440 71040 3 2 600
289 74100 75780 1 0 1680
290 75900 77520 0 3 1620
291 77640 78240 3 2 600
292 25440 26820 0 4 1380
293 26940 27900 4 3 960
294 28020 28620 3 2 600
295 30900 31500 2 3 600
296 31620 32580 3 4 960
297 32700 34080 4 0 1380
298 36300 36900 2 3 600
299 37020 37980 3 4 960
300 38100 39480 4 0 1380
301 41700 42300 2 3 600
302 42420 43380 3 4 960
303 43500 44880 4 0 1380
304 47100 47700 2 3 600
305 47820 48780 3 4 960
306 48900 50280 4 0 1380
307 52500 53100 2 3 600
308 53220 54180 3 4 960
309 54300 55680 4 0 1380
310 57900 58500 2 3 600
311 58620 59580 3 4 960
312 59700 61080 4 0 1380
313 63300 63900 2 3 600
314 64020 64980 3 4 960
315 65100 66480 4 0 1380
316 68700 69300 2 3 600
317 69420 70380 3 4 960
318 70500 71880 4 0 1380
319 74100 74700 2 3 600
320 74820 75780 3 4 960
321 75900 77280 4 0 1380
322 26220 27180 3 4 960
323 27300 28680 4 0 1380
324 30840 32220 0 4 1380
325 32340 33300 4 3 960
326 33420 34020 3 2 600
327 36240 37620 0 4 1380
328 37740 38700 4 3 960
329 38820 39420 3 2 600
330 41640 43020 0 4 1380
331 43140 44100 4 3 960
332 44220 44820 3 2 600
333 47040 48420 0 4 1380
334 48540 49500 4 3 960
335 49620 50220 3 2 600
336 52440 53820 0 4 1380
337 53940 54900 4 3 960
338 55020 55620 3 2 600
339 57840 59220 0 4 1380
340 59340 60300 4 3 960
341 60420 61020 3 2 600
342 63240 64620 0 4 1380
343 64740 65700 4 3 960
344 65820 66420 3 2 600
345 68640 70020 0 4 1380
346 70140 71100 4 3 960
347 71220 71820 3 2 600
348 74040 75420 0 4 1380
349 75540 76500 4 3 960
350 76620 77220 3 2 600
351 27300 28980 1 0 1680
352 29100 30720 0 3 1620
353 30840 31440 3 2 600
354 32340 32940 2 3 600
355 33060 34680 3 0 1620
356 34800 36480 0 1 1680
357 39540 40140 2 3 600
358 40260 41880 3 0 1620
359 42000 43680 0 1 1680
360 46740 47340 2 3 600
361 47460 49080 3 0 1620
362 49200 50880 0 1 1680
363 53940 54540 2 3 600
364 54660 56280 3 0 1620
365 56400 58080 0 1 1680
366 61140 61740 2 3 600
367 61860 63480 3 0 1620
368 63600 65280 0 1 1680
369 68340 68940 2 3 600
370 69060 70680 3 0 1620
371 70800 72480 0 1 1680
372 75540 76140 2 3 600
373 76260 77880 3 0 1620
374 34500 36180 1 0 1680
375 36300 37920 0 3 1620
376 38040 38640 3 2 600
377 39540 40140 2 3 600
378 40260 41880 3 0 1620
379 42000 43680 0 1 1680
380 41700 43380 1 0 1680
381 43500 45120 0 3 1620
382 45240 45840 3 2 600
383 46740 47340 2 3 600
384 47460 49080 3 0 1620
385 49200 50880 0 1 1680
386 48900 50580 1 0 1680
387 50700 52320 0 3 1620
388 52440 53040 3 2 600
389 53940 54540 2 3 600
390 54660 56280 3 0 1620
391 56400 58080 0 1 1680
392 56100 57780 1 0 1680
393 57900 59520 0 3 1620
394 59640 60240 3 2 600
395 61140 61740 2 3 600
396 61860 63480 3 0 1620
397 63600 65280 0 1 1680
398 63300 64980 1 0 1680
399 65100 66720 0 3 1620
400 66840 67440 3 2 600
401 68340 68940 2 3 600
402 69060 70680 3 0 1620
403 70800 72480 0 1 1680
404 70500 72180 1 0 1680
405 72300 73920 0 3 1620
406 74040 74640 3 2 600
407 75540 76140 2 3 600
408 76260 77880 3 0 1620
409 77700 79380 1 0 1680
410 79500 81120 0 3 1620
411 81240 81840 3 2 600
412 82740 83340 2 3 600
