0 22560 25080 2 9 2520
1 25200 25860 9 3 660
2 28980 29640 3 9 660
3 29760 32280 9 2 2520
4 32400 33180 2 5 780
5 36180 36840 3 9 660
6 36960 39480 9 2 2520
7 39600 40380 2 5 780
8 43380 44040 3 9 660
9 44160 46680 9 2 2520
10 46800 47580 2 5 780
11 50580 51240 3 9 660
12 51360 53880 9 2 2520
13 54000 54780 2 5 780
14 57780 58440 3 9 660
15 58560 61080 9 2 2520
16 61200 61980 2 5 780
17 64980 65640 3 9 660
18 65760 68280 9 2 2520
19 68400 69180 2 5 780
20 72180 72840 3 9 660
21 72960 75480 9 2 2520
22 75600 76380 2 5 780
23 26160 26820 9 3 660
24 26940 27540 3 1 600
25 27660 28560 1 10 900
26 29400 30300 10 1 900
27 30420 31020 1 3 600
28 31140 31800 3 9 660
29 31920 33900 9 6 1980
30 34020 36240 6 11 2220
31 38400 39300 10 1 900
32 39420 40020 1 3 600
33 40140 40800 3 9 660
34 40920 42900 9 6 1980
35 43020 45240 6 11 2220
36 47400 48300 10 1 900
37 48420 49020 1 3 600
38 49140 49800 3 9 660
39 49920 51900 9 6 1980
40 52020 54240 6 11 2220
41 56400 57300 10 1 900
42 57420 58020 1 3 600
43 58140 58800 3 9 660
44 58920 60900 9 6 1980
45 61020 63240 6 11 2220
46 65400 66300 10 1 900
47 66420 67020 1 3 600
48 67140 67800 3 9 660
49 67920 69900 9 6 1980
50 70020 72240 6 11 2220
51 74400 75300 10 1 900
52 75420 76020 1 3 600
53 76140 76800 3 9 660
54 76920 78900 9 6 1980
55 25200 25980 2 5 780
56 28860 29640 5 2 780
57 29760 32280 2 9 2520
58 32400 33060 9 3 660
59 36060 36840 5 2 780
60 36960 39480 2 9 2520
61 39600 40260 9 3 660
62 43260 44040 5 2 780
63 44160 46680 2 9 2520
64 46800 47460 9 3 660
65 50460 51240 5 2 780
66 51360 53880 2 9 2520
67 54000 54660 9 3 660
68 57660 58440 5 2 780
69 58560 61080 2 9 2520
70 61200 61860 9 3 660
71 64860 65640 5 2 780
72 65760 68280 2 9 2520
73 68400 69060 9 3 660
74 72060 72840 5 2 780
75 72960 75480 2 9 2520
76 75600 76260 9 3 660
77 27000 28980 9 6 1980
78 31920 33900 6 9 1980
79 34020 34680 9 3 660
80 34800 35400 3 1 600
81 35640 36540 1 10 900
82 36660 37680 10 4 1020
83 37800 38880 4 0 1080
84 42720 44700 6 9 1980
85 44820 45480 9 3 660
86 45600 46200 3 1 600
87 46440 47340 1 10 900
88 47460 48480 10 4 1020
89 48600 49680 4 0 1080
90 53520 55500 6 9 1980
91 55620 56280 9 3 660
92 56400 57000 3 1 600
93 57240 58140 1 10 900
94 58260 59280 10 4 1020
95 59400 60480 4 0 1080
96 64320 66300 6 9 1980
97 66420 67080 9 3 660
98 67200 67800 3 1 600
99 68040 68940 1 10 900
100 69060 70080 10 4 1020
101 70200 71280 4 0 1080
102 75120 77100 6 9 1980
103 77220 77880 9 3 660
104 78000 78600 3 1 600
105 78840 79740 1 10 900
106 79860 80880 10 4 1020
107 24060 26580 2 9 2520
108 26700 27360 9 3 660
109 27480 28080 3 1 600
110 28200 29100 1 10 900
111 29220 30240 10 4 1020
112 31080 32100 4 10 1020
113 32220 33120 10 1 900
114 33300 33900 1 3 600
115 34020 34680 3 9 660
116 34800 37320 9 2 2520
117 37440 39360 2 8 1920
118 41880 42900 4 10 1020
119 43020 43920 10 1 900
120 44100 44700 1 3 600
121 44820 45480 3 9 660
122 45600 48120 9 2 2520
123 48240 50160 2 8 1920
124 52680 53700 4 10 1020
125 53820 54720 10 1 900
126 54900 55500 1 3 600
127 55620 56280 3 9 660
128 56400 58920 9 2 2520
129 59040 60960 2 8 1920
130 63480 64500 4 10 1020
131 64620 65520 10 1 900
132 65700 66300 1 3 600
133 66420 67080 3 9 660
134 67200 69720 9 2 2520
135 69840 71760 2 8 1920
136 74280 75300 4 10 1020
137 75420 76320 10 1 900
138 76500 77100 1 3 600
139 77220 77880 3 9 660
140 78000 80520 9 2 2520
141 33060 35040 6 9 1980
142 35160 35820 9 3 660
143 35940 36540 3 1 600
144 36660 37560 1 10 900
145 39720 41940 11 6 2220
146 42060 44040 6 9 1980
147 44160 44820 9 3 660
148 44940 45540 3 1 600
149 45660 46560 1 10 900
150 48720 50940 11 6 2220
151 51060 53040 6 9 1980
152 53160 53820 9 3 660
153 53940 54540 3 1 600
154 54660 55560 1 10 900
155 57720 59940 11 6 2220
156 60060 62040 6 9 1980
157 62160 62820 9 3 660
158 62940 63540 3 1 600
159 63660 64560 1 10 900
160 66720 68940 11 6 2220
161 69060 71040 6 9 1980
162 71160 71820 9 3 660
163 71940 72540 3 1 600
164 72660 73560 1 10 900
165 75720 77940 11 6 2220
166 78060 80040 6 9 1980
167 80160 80820 9 3 660
168 80940 81540 3 1 600
169 25080 27780 2 1 2700
170 27900 28500 1 3 600
171 29820 30420 3 1 600
172 30540 33240 1 2 2700
173 33360 36120 2 7 2760
174 37020 37620 3 1 600
175 37740 40440 1 2 2700
176 40560 43320 2 7 2760
177 44220 44820 3 1 600
178 44940 47640 1 2 2700
179 47760 50520 2 7 2760
180 51420 52020 3 1 600
181 52140 54840 1 2 2700
182 54960 57720 2 7 2760
183 58620 59220 3 1 600
184 59340 62040 1 2 2700
185 62160 64920 2 7 2760
186 65820 66420 3 1 600
187 66540 69240 1 2 2700
188 69360 72120 2 7 2760
189 73020 73620 3 1 600
190 73740 76440 1 2 2700
191 29100 31680 1 0 2580
192 35160 36060 10 1 900
193 36300 38880 1 0 2580
194 42360 43260 10 1 900
195 43500 46080 1 0 2580
196 49560 50460 10 1 900
197 50700 53280 1 0 2580
198 56760 57660 10 1 900
199 57900 60480 1 0 2580
200 63960 64860 10 1 900
201 65100 67680 1 0 2580
202 71160 72060 10 1 900
203 72300 74880 1 0 2580
204 78360 79260 10 1 900
205 26160 28920 2 7 2760
206 31200 33960 7 2 2760
207 34080 36780 2 1 2700
208 36900 37500 1 3 600
209 38400 41160 7 2 2760
210 41280 43980 2 1 2700
211 44100 44700 1 3 600
212 45600 48360 7 2 2760
213 48480 51180 2 1 2700
214 51300 51900 1 3 600
215 52800 55560 7 2 2760
216 55680 58380 2 1 2700
217 58500 59100 1 3 600
218 60000 62760 7 2 2760
219 62880 65580 2 1 2700
220 65700 66300 1 3 600
221 67200 69960 7 2 2760
222 70080 72780 2 1 2700
223 72900 73500 1 3 600
224 74400 77160 7 2 2760
225 77280 79980 2 1 2700
226 80100 80700 1 3 600
227 24840 27540 2 1 2700
228 27660 30240 1 0 2580
229 34140 36720 0 1 2580
230 36960 39660 1 2 2700
231 39780 41700 2 8 1920
232 44940 47520 0 1 2580
233 47760 50460 1 2 2700
234 50580 52500 2 8 1920
235 55740 58320 0 1 2580
236 58560 61260 1 2 2700
237 61380 63300 2 8 1920
238 66540 69120 0 1 2580
239 69360 72060 1 2 2700
240 72180 74100 2 8 1920
241 77340 79920 0 1 2580
242 80160 82860 1 2 2700
243 30120 33120 8 6 3000
244 34140 35400 7 8 1260
245 35520 38520 8 6 3000
246 39540 40800 7 8 1260
247 40920 43920 8 6 3000
248 44940 46200 7 8 1260
249 46320 49320 8 6 3000
250 50340 51600 7 8 1260
251 51720 54720 8 6 3000
252 55740 57000 7 8 1260
253 57120 60120 8 6 3000
254 61140 62400 7 8 1260
255 62520 65520 8 6 3000
256 66540 67800 7 8 1260
257 67920 70920 8 6 3000
258 71940 73200 7 8 1260
259 73320 76320 8 6 3000
260 77340 78600 7 8 1260
261 78720 81720 8 6 3000
262 25200 25980 2 5 780
263 27420 28200 5 2 780
264 28320 30240 2 8 1920
265 31020 31800 5 2 780
266 31920 33840 2 8 1920
267 34620 35400 5 2 780
268 35520 37440 2 8 1920
269 38220 39000 5 2 780
270 39120 41040 2 8 1920
271 41820 42600 5 2 780
272 42720 44640 2 8 1920
273 45420 46200 5 2 780
274 46320 48240 2 8 1920
275 49020 49800 5 2 780
276 49920 51840 2 8 1920
277 52620 53400 5 2 780
278 53520 55440 2 8 1920
279 56220 57000 5 2 780
280 57120 59040 2 8 1920
281 59820 60600 5 2 780
282 60720 62640 2 8 1920
283 63420 64200 5 2 780
284 64320 66240 2 8 1920
285 67020 67800 5 2 780
286 67920 69840 2 8 1920
287 70620 71400 5 2 780
288 71520 73440 2 8 1920
289 74220 75000 5 2 780
290 75120 77040 2 8 1920
291 77820 78600 5 2 780
292 26280 27060 5 2 780
293 27780 28560 2 5 780
294 28680 31620 5 1 2940
295 34980 35760 2 5 780
296 35880 38820 5 1 2940
297 42180 42960 2 5 780
298 43080 46020 5 1 2940
299 49380 50160 2 5 780
300 50280 53220 5 1 2940
301 56580 57360 2 5 780
302 57480 60420 5 1 2940
303 63780 64560 2 5 780
304 64680 67620 5 1 2940
305 70980 71760 2 5 780
306 71880 74820 5 1 2940
307 78180 78960 2 5 780
308 79080 82020 5 1 2940
309 28980 30900 2 8 1920
310 33600 35520 8 2 1920
311 35640 38340 2 1 2700
312 38460 41040 1 0 2580
313 44400 46320 8 2 1920
314 46440 49140 2 1 2700
315 49260 51840 1 0 2580
316 55200 57120 8 2 1920
317 57240 59940 2 1 2700
318 60060 62640 1 0 2580
319 66000 67920 8 2 1920
320 68040 70740 2 1 2700
321 70860 73440 1 0 2580
322 76800 78720 8 2 1920
323 78840 81540 2 1 2700
324 30000 33000 6 8 3000
325 33120 34380 8 7 1260
326 35400 38400 6 8 3000
327 38520 39780 8 7 1260
328 40800 43800 6 8 3000
329 43920 45180 8 7 1260
330 46200 49200 6 8 3000
331 49320 50580 8 7 1260
332 51600 54600 6 8 3000
333 54720 55980 8 7 1260
334 57000 60000 6 8 3000
335 60120 61380 8 7 1260
336 62400 65400 6 8 3000
337 65520 66780 8 7 1260
338 67800 70800 6 8 3000
339 70920 72180 8 7 1260
340 73200 76200 6 8 3000
341 27960 28620 9 3 660
342 28740 29340 3 1 600
343 29460 30360 1 10 900
344 31200 32100 10 1 900
345 32220 32820 1 3 600
346 32940 33600 3 9 660
347 33720 35700 9 6 1980
348 35820 38040 6 11 2220
349 40200 41100 10 1 900
350 41220 41820 1 3 600
351 41940 42600 3 9 660
352 42720 44700 9 6 1980
353 44820 47040 6 11 2220
354 49200 50100 10 1 900
355 50220 50820 1 3 600
356 50940 51600 3 9 660
357 51720 53700 9 6 1980
358 53820 56040 6 11 2220
359 58200 59100 10 1 900
360 59220 59820 1 3 600
361 59940 60600 3 9 660
362 60720 62700 9 6 1980
363 62820 65040 6 11 2220
364 67200 68100 10 1 900
365 68220 68820 1 3 600
366 68940 69600 3 9 660
367 69720 71700 9 6 1980
368 71820 74040 6 11 2220
369 76200 77100 10 1 900
370 77220 77820 1 3 600
371 77940 78600 3 9 660
372 78720 80700 9 6 1980
373 24720 26640 2 8 1920
374 30360 32280 8 2 1920
375 32400 33180 2 5 780
376 33960 35880 8 2 1920
377 36000 36780 2 5 780
378 37560 39480 8 2 1920
379 39600 40380 2 5 780
380 41160 43080 8 2 1920
381 43200 43980 2 5 780
382 44760 46680 8 2 1920
383 46800 47580 2 5 780
384 48360 50280 8 2 1920
385 50400 51180 2 5 780
386 51960 53880 8 2 1920
387 54000 54780 2 5 780
388 55560 57480 8 2 1920
389 57600 58380 2 5 780
390 59160 61080 8 2 1920
391 61200 61980 2 5 780
392 62760 64680 8 2 1920
393 64800 65580 2 5 780
394 66360 68280 8 2 1920
395 68400 69180 2 5 780
396 69960 71880 8 2 1920
397 72000 72780 2 5 780
398 73560 75480 8 2 1920
399 75600 76380 2 5 780
400 77160 79080 8 2 1920
401 26820 27480 3 9 660
402 27600 30120 9 2 2520
403 30240 32160 2 8 1920
404 32820 34740 8 2 1920
405 34860 37380 2 9 2520
406 37500 38160 9 3 660
407 38280 38880 3 1 600
408 39000 39900 1 10 900
409 40020 41040 10 4 1020
410 43620 45540 8 2 1920
411 45660 48180 2 9 2520
412 48300 48960 9 3 660
413 49080 49680 3 1 600
414 49800 50700 1 10 900
415 50820 51840 10 4 1020
416 54420 56340 8 2 1920
417 56460 58980 2 9 2520
418 59100 59760 9 3 660
419 59880 60480 3 1 600
420 60600 61500 1 10 900
421 61620 62640 10 4 1020
422 65220 67140 8 2 1920
423 67260 69780 2 9 2520
424 69900 70560 9 3 660
425 70680 71280 3 1 600
426 71400 72300 1 10 900
427 72420 73440 10 4 1020
428 76020 77940 8 2 1920
429 78060 80580 2 9 2520
430 80700 81360 9 3 660
431 81480 82080 3 1 600
432 26520 28500 9 6 1980
433 28620 30840 6 11 2220
434 32520 34740 11 6 2220
435 34860 36840 6 9 1980
436 36960 37620 9 3 660
437 37740 38340 3 1 600
438 38460 39360 1 10 900
439 41520 43740 11 6 2220
440 43860 45840 6 9 1980
441 45960 46620 9 3 660
442 46740 47340 3 1 600
443 47460 48360 1 10 900
444 50520 52740 11 6 2220
445 52860 54840 6 9 1980
446 54960 55620 9 3 660
447 55740 56340 3 1 600
448 56460 57360 1 10 900
449 59520 61740 11 6 2220
450 61860 63840 6 9 1980
451 63960 64620 9 3 660
452 64740 65340 3 1 600
453 65460 66360 1 10 900
454 68520 70740 11 6 2220
455 70860 72840 6 9 1980
456 72960 73620 9 3 660
457 73740 74340 3 1 600
458 74460 75360 1 10 900
459 77520 79740 11 6 2220
460 79860 81840 6 9 1980
461 81960 82620 9 3 660
462 26880 29580 2 1 2700
463 29700 30300 1 3 600
464 31620 32220 3 1 600
465 32340 35040 1 2 2700
466 35160 37920 2 7 2760
467 38820 39420 3 1 600
468 39540 42240 1 2 2700
469 42360 45120 2 7 2760
470 46020 46620 3 1 600
471 46740 49440 1 2 2700
472 49560 52320 2 7 2760
473 53220 53820 3 1 600
474 53940 56640 1 2 2700
475 56760 59520 2 7 2760
476 60420 61020 3 1 600
477 61140 63840 1 2 2700
478 63960 66720 2 7 2760
479 67620 68220 3 1 600
480 68340 71040 1 2 2700
481 71160 73920 2 7 2760
482 74820 75420 3 1 600
483 75540 78240 1 2 2700
484 24180 24960 2 5 780
485 25080 28020 5 1 2940
486 30420 33360 1 5 2940
487 33480 34260 5 2 780
488 37620 40560 1 5 2940
489 40680 41460 5 2 780
490 44820 47760 1 5 2940
491 47880 48660 5 2 780
492 52020 54960 1 5 2940
493 55080 55860 5 2 780
494 59220 62160 1 5 2940
495 62280 63060 5 2 780
496 66420 69360 1 5 2940
497 69480 70260 5 2 780
498 73620 76560 1 5 2940
499 76680 77460 5 2 780
500 32520 33420 1 10 900
501 37020 39600 0 1 2580
502 39720 40620 1 10 900
503 44220 46800 0 1 2580
504 46920 47820 1 10 900
505 51420 54000 0 1 2580
506 54120 55020 1 10 900
507 58620 61200 0 1 2580
508 61320 62220 1 10 900
509 65820 68400 0 1 2580
510 68520 69420 1 10 900
511 73020 75600 0 1 2580
512 75720 76620 1 10 900
513 27960 30720 2 7 2760
514 33000 35760 7 2 2760
515 35880 38580 2 1 2700
516 38700 39300 1 3 600
517 40200 42960 7 2 2760
518 43080 45780 2 1 2700
519 45900 46500 1 3 600
520 47400 50160 7 2 2760
521 50280 52980 2 1 2700
522 53100 53700 1 3 600
523 54600 57360 7 2 2760
524 57480 60180 2 1 2700
525 60300 60900 1 3 600
526 61800 64560 7 2 2760
527 64680 67380 2 1 2700
528 67500 68100 1 3 600
529 69000 71760 7 2 2760
530 71880 74580 2 1 2700
531 74700 75300 1 3 600
532 76200 78960 7 2 2760
533 79080 81780 2 1 2700
534 81900 82500 1 3 600
535 27720 28980 8 7 1260
536 30540 31800 7 8 1260
537 31920 34920 8 6 3000
538 35940 37200 7 8 1260
539 37320 40320 8 6 3000
540 41340 42600 7 8 1260
541 42720 45720 8 6 3000
542 46740 48000 7 8 1260
543 48120 51120 8 6 3000
544 52140 53400 7 8 1260
545 53520 56520 8 6 3000
546 57540 58800 7 8 1260
547 58920 61920 8 6 3000
548 62940 64200 7 8 1260
549 64320 67320 8 6 3000
550 68340 69600 7 8 1260
551 69720 72720 8 6 3000
552 73740 75000 7 8 1260
553 75120 78120 8 6 3000
554 26820 27480 9 3 660
555 27600 28200 3 1 600
556 28440 29340 1 10 900
557 29460 30480 10 4 1020
558 30600 31680 4 0 1080
559 32820 33900 0 4 1080
560 34020 35040 4 10 1020
561 35160 36060 10 1 900
562 36300 36900 1 3 600
563 37020 37680 3 9 660
564 37800 39780 9 6 1980
565 43620 44700 0 4 1080
566 44820 45840 4 10 1020
567 45960 46860 10 1 900
568 47100 47700 1 3 600
569 47820 48480 3 9 660
570 48600 50580 9 6 1980
571 54420 55500 0 4 1080
572 55620 56640 4 10 1020
573 56760 57660 10 1 900
574 57900 58500 1 3 600
575 58620 59280 3 9 660
576 59400 61380 9 6 1980
577 65220 66300 0 4 1080
578 66420 67440 4 10 1020
579 67560 68460 10 1 900
580 68700 69300 1 3 600
581 69420 70080 3 9 660
582 70200 72180 9 6 1980
583 76020 77100 0 4 1080
584 77220 78240 4 10 1020
585 78360 79260 10 1 900
586 79500 80100 1 3 600
587 80220 80880 3 9 660
588 27960 31020 2 6 3060
589 31140 33360 6 11 2220
590 35880 38100 11 6 2220
591 38220 41280 6 2 3060
592 41400 44100 2 1 2700
593 46680 48900 11 6 2220
594 49020 52080 6 2 3060
595 52200 54900 2 1 2700
596 57480 59700 11 6 2220
597 59820 62880 6 2 3060
598 63000 65700 2 1 2700
599 68280 70500 11 6 2220
600 70620 73680 6 2 3060
601 73800 76500 2 1 2700
602 79080 81300 11 6 2220
603 81420 84480 6 2 3060
604 30600 33300 2 1 2700
605 35820 38520 1 2 2700
606 38760 41820 2 6 3060
607 41940 44160 6 11 2220
608 46620 49320 1 2 2700
609 49560 52620 2 6 3060
610 52740 54960 6 11 2220
611 57420 60120 1 2 2700
612 60360 63420 2 6 3060
613 63540 65760 6 11 2220
614 68220 70920 1 2 2700
615 71160 74220 2 6 3060
616 74340 76560 6 11 2220
617 79020 81720 1 2 2700
618 31800 34800 6 8 3000
619 34920 36180 8 7 1260
620 37200 40200 6 8 3000
621 40320 41580 8 7 1260
622 42600 45600 6 8 3000
623 45720 46980 8 7 1260
624 48000 51000 6 8 3000
625 51120 52380 8 7 1260
626 53400 56400 6 8 3000
627 56520 57780 8 7 1260
628 58800 61800 6 8 3000
629 61920 63180 8 7 1260
630 64200 67200 6 8 3000
631 67320 68580 8 7 1260
632 69600 72600 6 8 3000
633 72720 73980 8 7 1260
634 75000 78000 6 8 3000
635 26160 28680 2 9 2520
636 28800 29460 9 3 660
637 32580 33240 3 9 660
638 33360 35880 9 2 2520
639 36000 36780 2 5 780
640 39780 40440 3 9 660
641 40560 43080 9 2 2520
642 43200 43980 2 5 780
643 46980 47640 3 9 660
644 47760 50280 9 2 2520
645 50400 51180 2 5 780
646 54180 54840 3 9 660
647 54960 57480 9 2 2520
648 57600 58380 2 5 780
649 61380 62040 3 9 660
650 62160 64680 9 2 2520
651 64800 65580 2 5 780
652 68580 69240 3 9 660
653 69360 71880 9 2 2520
654 72000 72780 2 5 780
655 75780 76440 3 9 660
656 76560 79080 9 2 2520
657 29760 30420 9 3 660
658 30540 31140 3 1 600
659 31260 32160 1 10 900
660 33000 33900 10 1 900
661 34020 34620 1 3 600
662 34740 35400 3 9 660
663 35520 37500 9 6 1980
664 37620 39840 6 11 2220
665 42000 42900 10 1 900
666 43020 43620 1 3 600
667 43740 44400 3 9 660
668 44520 46500 9 6 1980
669 46620 48840 6 11 2220
670 51000 51900 10 1 900
671 52020 52620 1 3 600
672 52740 53400 3 9 660
673 53520 55500 9 6 1980
674 55620 57840 6 11 2220
675 60000 60900 10 1 900
676 61020 61620 1 3 600
677 61740 62400 3 9 660
678 62520 64500 9 6 1980
679 64620 66840 6 11 2220
680 69000 69900 10 1 900
681 70020 70620 1 3 600
682 70740 71400 3 9 660
683 71520 73500 9 6 1980
684 73620 75840 6 11 2220
685 78000 78900 10 1 900
686 79020 79620 1 3 600
687 79740 80400 3 9 660
688 26160 28680 9 2 2520
689 28800 29580 2 5 780
690 32460 33240 5 2 780
691 33360 35880 2 9 2520
692 36000 36660 9 3 660
693 39660 40440 5 2 780
694 40560 43080 2 9 2520
695 43200 43860 9 3 660
696 46860 47640 5 2 780
697 47760 50280 2 9 2520
698 50400 51060 9 3 660
699 54060 54840 5 2 780
700 54960 57480 2 9 2520
701 57600 58260 9 3 660
702 61260 62040 5 2 780
703 62160 64680 2 9 2520
704 64800 65460 9 3 660
705 68460 69240 5 2 780
706 69360 71880 2 9 2520
707 72000 72660 9 3 660
708 75660 76440 5 2 780
709 76560 79080 2 9 2520
710 79200 79860 9 3 660
711 29100 29700 1 3 600
712 29820 30480 3 9 660
713 30600 32580 9 6 1980
714 35520 37500 6 9 1980
715 37620 38280 9 3 660
716 38400 39000 3 1 600
717 39240 40140 1 10 900
718 40260 41280 10 4 1020
719 41400 42480 4 0 1080
720 46320 48300 6 9 1980
721 48420 49080 9 3 660
722 49200 49800 3 1 600
723 50040 50940 1 10 900
724 51060 52080 10 4 1020
725 52200 53280 4 0 1080
726 57120 59100 6 9 1980
727 59220 59880 9 3 660
728 60000 60600 3 1 600
729 60840 61740 1 10 900
730 61860 62880 10 4 1020
731 63000 64080 4 0 1080
732 67920 69900 6 9 1980
733 70020 70680 9 3 660
734 70800 71400 3 1 600
735 71640 72540 1 10 900
736 72660 73680 10 4 1020
737 73800 74880 4 0 1080
738 78720 80700 6 9 1980
739 80820 81480 9 3 660
740 81600 82200 3 1 600
741 27660 30180 2 9 2520
742 30300 30960 9 3 660
743 31080 31680 3 1 600
744 31800 32700 1 10 900
745 32820 33840 10 4 1020
746 34680 35700 4 10 1020
747 35820 36720 10 1 900
748 36900 37500 1 3 600
749 37620 38280 3 9 660
750 38400 40920 9 2 2520
751 41040 42960 2 8 1920
752 45480 46500 4 10 1020
753 46620 47520 10 1 900
754 47700 48300 1 3 600
755 48420 49080 3 9 660
756 49200 51720 9 2 2520
757 51840 53760 2 8 1920
758 56280 57300 4 10 1020
759 57420 58320 10 1 900
760 58500 59100 1 3 600
761 59220 59880 3 9 660
762 60000 62520 9 2 2520
763 62640 64560 2 8 1920
764 67080 68100 4 10 1020
765 68220 69120 10 1 900
766 69300 69900 1 3 600
767 70020 70680 3 9 660
768 70800 73320 9 2 2520
769 73440 75360 2 8 1920
770 77880 78900 4 10 1020
771 79020 79920 10 1 900
772 80100 80700 1 3 600
773 80820 81480 3 9 660
774 81600 84120 9 2 2520
775 27540 28200 3 9 660
776 28320 30300 9 6 1980
777 30420 32640 6 11 2220
778 34320 36540 11 6 2220
779 36660 38640 6 9 1980
780 38760 39420 9 3 660
781 39540 40140 3 1 600
782 40260 41160 1 10 900
783 43320 45540 11 6 2220
784 45660 47640 6 9 1980
785 47760 48420 9 3 660
786 48540 49140 3 1 600
787 49260 50160 1 10 900
788 52320 54540 11 6 2220
789 54660 56640 6 9 1980
790 56760 57420 9 3 660
791 57540 58140 3 1 600
792 58260 59160 1 10 900
793 61320 63540 11 6 2220
794 63660 65640 6 9 1980
795 65760 66420 9 3 660
796 66540 67140 3 1 600
797 67260 68160 1 10 900
798 70320 72540 11 6 2220
799 72660 74640 6 9 1980
800 74760 75420 9 3 660
801 75540 76140 3 1 600
802 76260 77160 1 10 900
803 28680 31380 2 1 2700
804 31500 32100 1 3 600
805 33420 34020 3 1 600
806 34140 36840 1 2 2700
807 36960 39720 2 7 2760
808 40620 41220 3 1 600
809 41340 44040 1 2 2700
810 44160 46920 2 7 2760
811 47820 48420 3 1 600
812 48540 51240 1 2 2700
813 51360 54120 2 7 2760
814 55020 55620 3 1 600
815 55740 58440 1 2 2700
816 58560 61320 2 7 2760
817 62220 62820 3 1 600
818 62940 65640 1 2 2700
819 65760 68520 2 7 2760
820 69420 70020 3 1 600
821 70140 72840 1 2 2700
822 72960 75720 2 7 2760
823 76620 77220 3 1 600
824 77340 80040 1 2 2700
825 28920 29820 1 10 900
826 31560 32460 10 1 900
827 32700 35280 1 0 2580
828 38760 39660 10 1 900
829 39900 42480 1 0 2580
830 45960 46860 10 1 900
831 47100 49680 1 0 2580
832 53160 54060 10 1 900
833 54300 56880 1 0 2580
834 60360 61260 10 1 900
835 61500 64080 1 0 2580
836 67560 68460 10 1 900
837 68700 71280 1 0 2580
838 74760 75660 10 1 900
839 29760 32520 2 7 2760
840 34800 37560 7 2 2760
841 37680 40380 2 1 2700
842 40500 41100 1 3 600
843 42000 44760 7 2 2760
844 44880 47580 2 1 2700
845 47700 48300 1 3 600
846 49200 51960 7 2 2760
847 52080 54780 2 1 2700
848 54900 55500 1 3 600
849 56400 59160 7 2 2760
850 59280 61980 2 1 2700
851 62100 62700 1 3 600
852 63600 66360 7 2 2760
853 66480 69180 2 1 2700
854 69300 69900 1 3 600
855 70800 73560 7 2 2760
856 73680 76380 2 1 2700
857 76500 77100 1 3 600
858 78000 80760 7 2 2760
859 28440 31140 2 1 2700
860 31260 33840 1 0 2580
861 37740 40320 0 1 2580
862 40560 43260 1 2 2700
863 43380 45300 2 8 1920
864 48540 51120 0 1 2580
865 51360 54060 1 2 2700
866 54180 56100 2 8 1920
867 59340 61920 0 1 2580
868 62160 64860 1 2 2700
869 64980 66900 2 8 1920
870 70140 72720 0 1 2580
871 72960 75660 1 2 2700
872 75780 77700 2 8 1920
873 29520 30780 8 7 1260
874 32340 33600 7 8 1260
875 33720 36720 8 6 3000
876 37740 39000 7 8 1260
877 39120 42120 8 6 3000
878 43140 44400 7 8 1260
879 44520 47520 8 6 3000
880 48540 49800 7 8 1260
881 49920 52920 8 6 3000
882 53940 55200 7 8 1260
883 55320 58320 8 6 3000
884 59340 60600 7 8 1260
885 60720 63720 8 6 3000
886 64740 66000 7 8 1260
887 66120 69120 8 6 3000
888 70140 71400 7 8 1260
889 71520 74520 8 6 3000
890 75540 76800 7 8 1260
891 76920 79920 8 6 3000
892 28800 29580 2 5 780
893 31020 31800 5 2 780
894 31920 33840 2 8 1920
895 29880 30660 5 2 780
896 31380 32160 2 5 780
897 32280 35220 5 1 2940
898 38580 39360 2 5 780
899 39480 42420 5 1 2940
900 45780 46560 2 5 780
901 46680 49620 5 1 2940
902 52980 53760 2 5 780
903 53880 56820 5 1 2940
904 60180 60960 2 5 780
905 61080 64020 5 1 2940
906 67380 68160 2 5 780
907 68280 71220 5 1 2940
908 74580 75360 2 5 780
909 75480 78420 5 1 2940
910 29760 32460 1 2 2700
911 32580 34500 2 8 1920
912 37200 39120 8 2 1920
913 39240 41940 2 1 2700
914 42060 44640 1 0 2580
915 48000 49920 8 2 1920
916 50040 52740 2 1 2700
917 52860 55440 1 0 2580
918 58800 60720 8 2 1920
919 60840 63540 2 1 2700
920 63660 66240 1 0 2580
921 69600 71520 8 2 1920
922 71640 74340 2 1 2700
923 28320 31320 8 6 3000
924 33600 36600 6 8 3000
925 36720 37980 8 7 1260
926 39000 42000 6 8 3000
927 42120 43380 8 7 1260
928 44400 47400 6 8 3000
929 47520 48780 8 7 1260
930 49800 52800 6 8 3000
931 52920 54180 8 7 1260
932 55200 58200 6 8 3000
933 58320 59580 8 7 1260
934 60600 63600 6 8 3000
935 63720 64980 8 7 1260
936 66000 69000 6 8 3000
937 69120 70380 8 7 1260
938 71400 74400 6 8 3000
939 74520 75780 8 7 1260
940 29460 31440 6 9 1980
941 31560 32220 9 3 660
942 32340 32940 3 1 600
943 33060 33960 1 10 900
944 34800 35700 10 1 900
945 35820 36420 1 3 600
946 36540 37200 3 9 660
947 37320 39300 9 6 1980
948 39420 41640 6 11 2220
949 43800 44700 10 1 900
950 44820 45420 1 3 600
951 45540 46200 3 9 660
952 46320 48300 9 6 1980
953 48420 50640 6 11 2220
954 52800 53700 10 1 900
955 53820 54420 1 3 600
956 54540 55200 3 9 660
957 55320 57300 9 6 1980
958 57420 59640 6 11 2220
959 61800 62700 10 1 900
960 62820 63420 1 3 600
961 63540 64200 3 9 660
962 64320 66300 9 6 1980
963 66420 68640 6 11 2220
964 70800 71700 10 1 900
965 71820 72420 1 3 600
966 72540 73200 3 9 660
967 73320 75300 9 6 1980
968 75420 77640 6 11 2220
969 29700 30300 1 3 600
970 30420 31080 3 9 660
971 31200 33720 9 2 2520
972 33840 35760 2 8 1920
973 36420 38340 8 2 1920
974 38460 40980 2 9 2520
975 41100 41760 9 3 660
976 41880 42480 3 1 600
977 42600 43500 1 10 900
978 43620 44640 10 4 1020
979 47220 49140 8 2 1920
980 49260 51780 2 9 2520
981 51900 52560 9 3 660
982 52680 53280 3 1 600
983 53400 54300 1 10 900
984 54420 55440 10 4 1020
985 58020 59940 8 2 1920
986 60060 62580 2 9 2520
987 62700 63360 9 3 660
988 63480 64080 3 1 600
989 64200 65100 1 10 900
990 65220 66240 10 4 1020
991 68820 70740 8 2 1920
992 70860 73380 2 9 2520
993 73500 74160 9 3 660
994 74280 74880 3 1 600
995 75000 75900 1 10 900
996 76020 77040 10 4 1020
997 28620 29220 1 3 600
998 29340 30000 3 9 660
999 30120 32100 9 6 1980
1000 32220 34440 6 11 2220
1001 36120 38340 11 6 2220
1002 38460 40440 6 9 1980
1003 40560 41220 9 3 660
1004 41340 41940 3 1 600
1005 42060 42960 1 10 900
1006 45120 47340 11 6 2220
1007 47460 49440 6 9 1980
1008 49560 50220 9 3 660
1009 50340 50940 3 1 600
1010 51060 51960 1 10 900
1011 54120 56340 11 6 2220
1012 56460 58440 6 9 1980
1013 58560 59220 9 3 660
1014 59340 59940 3 1 600
1015 60060 60960 1 10 900
1016 63120 65340 11 6 2220
1017 65460 67440 6 9 1980
1018 67560 68220 9 3 660
1019 68340 68940 3 1 600
1020 69060 69960 1 10 900
1021 72120 74340 11 6 2220
1022 74460 76440 6 9 1980
1023 76560 77220 9 3 660
1024 77340 77940 3 1 600
1025 78060 78960 1 10 900
1026 30480 33180 2 1 2700
1027 33300 33900 1 3 600
1028 35220 35820 3 1 600
1029 35940 38640 1 2 2700
1030 38760 41520 2 7 2760
1031 42420 43020 3 1 600
1032 43140 45840 1 2 2700
1033 45960 48720 2 7 2760
1034 49620 50220 3 1 600
1035 50340 53040 1 2 2700
1036 53160 55920 2 7 2760
1037 56820 57420 3 1 600
1038 57540 60240 1 2 2700
1039 60360 63120 2 7 2760
1040 64020 64620 3 1 600
1041 64740 67440 1 2 2700
1042 67560 70320 2 7 2760
1043 71220 71820 3 1 600
1044 71940 74640 1 2 2700
1045 78420 79020 3 1 600
1046 79140 81840 1 2 2700
1047 28020 28620 3 1 600
1048 28740 31440 1 2 2700
1049 31560 34320 2 7 2760
1050 36600 39360 7 2 2760
1051 39480 42180 2 1 2700
1052 42300 42900 1 3 600
1053 43800 46560 7 2 2760
1054 46680 49380 2 1 2700
1055 49500 50100 1 3 600
1056 51000 53760 7 2 2760
1057 53880 56580 2 1 2700
1058 56700 57300 1 3 600
1059 58200 60960 7 2 2760
1060 61080 63780 2 1 2700
1061 63900 64500 1 3 600
1062 65400 68160 7 2 2760
1063 68280 70980 2 1 2700
1064 71100 71700 1 3 600
1065 72600 75360 7 2 2760
1066 75480 78180 2 1 2700
1067 78300 78900 1 3 600
1068 31320 32580 8 7 1260
1069 34140 35400 7 8 1260
1070 35520 38520 8 6 3000
1071 30420 31080 9 3 660
1072 31200 31800 3 1 600
1073 32040 32940 1 10 900
1074 33060 34080 10 4 1020
1075 34200 35280 4 0 1080
1076 36420 37500 0 4 1080
1077 37620 38640 4 10 1020
1078 38760 39660 10 1 900
1079 39900 40500 1 3 600
1080 40620 41280 3 9 660
1081 41400 43380 9 6 1980
1082 47220 48300 0 4 1080
1083 48420 49440 4 10 1020
1084 49560 50460 10 1 900
1085 50700 51300 1 3 600
1086 51420 52080 3 9 660
1087 52200 54180 9 6 1980
1088 58020 59100 0 4 1080
1089 59220 60240 4 10 1020
1090 60360 61260 10 1 900
1091 61500 62100 1 3 600
1092 62220 62880 3 9 660
1093 63000 64980 9 6 1980
1094 68820 69900 0 4 1080
1095 70020 71040 4 10 1020
1096 71160 72060 10 1 900
1097 72300 72900 1 3 600
1098 73020 73680 3 9 660
1099 73800 75780 9 6 1980
1100 28620 31320 1 2 2700
1101 31560 34620 2 6 3060
1102 34740 36960 6 11 2220
1103 39480 41700 11 6 2220
1104 41820 44880 6 2 3060
1105 45000 47700 2 1 2700
1106 50280 52500 11 6 2220
1107 52620 55680 6 2 3060
1108 55800 58500 2 1 2700
1109 61080 63300 11 6 2220
1110 63420 66480 6 2 3060
1111 66600 69300 2 1 2700
1112 71880 74100 11 6 2220
1113 74220 77280 6 2 3060
1114 77400 80100 2 1 2700
1115 31020 34080 6 2 3060
1116 34200 36900 2 1 2700
1117 39420 42120 1 2 2700
1118 42360 45420 2 6 3060
1119 45540 47760 6 11 2220
1120 50220 52920 1 2 2700
1121 53160 56220 2 6 3060
1122 56340 58560 6 11 2220
1123 61020 63720 1 2 2700
1124 63960 67020 2 6 3060
1125 67140 69360 6 11 2220
1126 71820 74520 1 2 2700
1127 74760 77820 2 6 3060
1128 31260 33240 6 9 1980
1129 33360 34020 9 3 660
1130 34140 34740 3 1 600
1131 34860 35760 1 10 900
1132 36600 37500 10 1 900
1133 37620 38220 1 3 600
1134 38340 39000 3 9 660
1135 39120 41100 9 6 1980
1136 41220 43440 6 11 2220
1137 45600 46500 10 1 900
1138 46620 47220 1 3 600
1139 47340 48000 3 9 660
1140 48120 50100 9 6 1980
1141 50220 52440 6 11 2220
1142 54600 55500 10 1 900
1143 55620 56220 1 3 600
1144 56340 57000 3 9 660
1145 57120 59100 9 6 1980
1146 59220 61440 6 11 2220
1147 63600 64500 10 1 900
1148 64620 65220 1 3 600
1149 65340 66000 3 9 660
1150 66120 68100 9 6 1980
1151 68220 70440 6 11 2220
1152 72600 73500 10 1 900
1153 73620 74220 1 3 600
1154 74340 75000 3 9 660
1155 75120 77100 9 6 1980
1156 31560 32460 10 1 900
1157 32700 33300 1 3 600
1158 33420 34080 3 9 660
1159 34200 36180 9 6 1980
1160 39120 41100 6 9 1980
1161 41220 41880 9 3 660
1162 42000 42600 3 1 600
1163 42840 43740 1 10 900
1164 43860 44880 10 4 1020
1165 45000 46080 4 0 1080
1166 49920 51900 6 9 1980
1167 52020 52680 9 3 660
1168 52800 53400 3 1 600
1169 53640 54540 1 10 900
1170 54660 55680 10 4 1020
1171 55800 56880 4 0 1080
1172 60720 62700 6 9 1980
1173 62820 63480 9 3 660
1174 63600 64200 3 1 600
1175 64440 65340 1 10 900
1176 65460 66480 10 4 1020
1177 66600 67680 4 0 1080
1178 71520 73500 6 9 1980
1179 73620 74280 9 3 660
1180 74400 75000 3 1 600
1181 75240 76140 1 10 900
1182 76260 77280 10 4 1020
1183 29220 31140 8 2 1920
1184 31260 33780 2 9 2520
1185 33900 34560 9 3 660
1186 34680 35280 3 1 600
1187 35400 36300 1 10 900
1188 36420 37440 10 4 1020
1189 38280 39300 4 10 1020
1190 39420 40320 10 1 900
1191 40500 41100 1 3 600
1192 41220 41880 3 9 660
1193 42000 44520 9 2 2520
1194 44640 46560 2 8 1920
1195 49080 50100 4 10 1020
1196 50220 51120 10 1 900
1197 51300 51900 1 3 600
1198 52020 52680 3 9 660
1199 52800 55320 9 2 2520
1200 55440 57360 2 8 1920
1201 59880 60900 4 10 1020
1202 61020 61920 10 1 900
1203 62100 62700 1 3 600
1204 62820 63480 3 9 660
1205 63600 66120 9 2 2520
1206 66240 68160 2 8 1920
1207 70680 71700 4 10 1020
1208 71820 72720 10 1 900
1209 72900 73500 1 3 600
1210 73620 74280 3 9 660
1211 74400 76920 9 2 2520
1212 32280 34980 2 1 2700
1213 35100 35700 1 3 600
1214 37020 37620 3 1 600
1215 37740 40440 1 2 2700
1216 40560 43320 2 7 2760
1217 30000 31920 8 2 1920
1218 32040 34740 2 1 2700
1219 34860 37440 1 0 2580
1220 41340 43920 0 1 2580
1221 44160 46860 1 2 2700
1222 46980 48900 2 8 1920
1223 52140 54720 0 1 2580
1224 54960 57660 1 2 2700
1225 57780 59700 2 8 1920
1226 62940 65520 0 1 2580
1227 65760 68460 1 2 2700
1228 68580 70500 2 8 1920
1229 73740 76320 0 1 2580
1230 76560 79260 1 2 2700
1231 33360 36060 1 2 2700
1232 36180 38100 2 8 1920
1233 40800 42720 8 2 1920
1234 42840 45540 2 1 2700
1235 45660 48240 1 0 2580
1236 51600 53520 8 2 1920
1237 53640 56340 2 1 2700
1238 56460 59040 1 0 2580
1239 62400 64320 8 2 1920
1240 64440 67140 2 1 2700
1241 67260 69840 1 0 2580
1242 73200 75120 8 2 1920
1243 75240 77940 2 1 2700
1244 32220 34920 1 2 2700
1245 35160 38220 2 6 3060
1246 38340 40560 6 11 2220
1247 43080 45300 11 6 2220
1248 45420 48480 6 2 3060
1249 48600 51300 2 1 2700
1250 53880 56100 11 6 2220
1251 56220 59280 6 2 3060
1252 59400 62100 2 1 2700
1253 64680 66900 11 6 2220
1254 67020 70080 6 2 3060
1255 70200 72900 2 1 2700
1256 75480 77700 11 6 2220
1257 77820 80880 6 2 3060
1258 32280 34500 11 6 2220
1259 34620 37680 6 2 3060
1260 37800 40500 2 1 2700
1261 43020 45720 1 2 2700
1262 45960 49020 2 6 3060
1263 49140 51360 6 11 2220
1264 53820 56520 1 2 2700
1265 56760 59820 2 6 3060
1266 59940 62160 6 11 2220
1267 64620 67320 1 2 2700
1268 67560 70620 2 6 3060
1269 70740 72960 6 11 2220
1270 75420 78120 1 2 2700
1271 78360 81420 2 6 3060
1272 33420 36000 0 1 2580
1273 36120 37020 1 10 900
1274 38760 39660 10 1 900
1275 39900 42480 1 0 2580
1276 34020 36960 1 5 2940
1277 37080 37860 5 2 780
1278 38580 39360 2 5 780
1279 39480 42420 5 1 2940
1280 37920 40140 11 6 2220
1281 40260 42240 6 9 1980
1282 42360 43020 9 3 660
1283 43140 43740 3 1 600
1284 43860 44760 1 10 900
1285 45600 46500 10 1 900
1286 46620 47220 1 3 600
1287 47340 48000 3 9 660
1288 48120 50100 9 6 1980
1289 50220 52440 6 11 2220
1290 40020 41100 0 4 1080
1291 41220 42240 4 10 1020
1292 42360 43260 10 1 900
1293 43500 44100 1 3 600
1294 44220 44880 3 9 660
1295 45000 46980 9 6 1980
1296 49920 51900 6 9 1980
1297 52020 52680 9 3 660
1298 52800 53400 3 1 600
1299 53640 54540 1 10 900
1300 54660 55680 10 4 1020
1301 55800 56880 4 0 1080
1302 40020 41940 8 2 1920
1303 42060 44580 2 9 2520
1304 44700 45360 9 3 660
1305 45480 46080 3 1 600
1306 46200 47100 1 10 900
1307 47220 48240 10 4 1020
1308 49080 50100 4 10 1020
1309 50220 51120 10 1 900
1310 51300 51900 1 3 600
1311 52020 52680 3 9 660
1312 52800 55320 9 2 2520
1313 55440 57360 2 8 1920
1314 40620 43200 0 1 2580
1315 43320 44220 1 10 900
1316 45960 46860 10 1 900
1317 47100 49680 1 0 2580
1318 41220 44160 1 5 2940
1319 44280 45060 5 2 780
1320 45780 46560 2 5 780
1321 46680 49620 5 1 2940
1322 46920 49140 11 6 2220
1323 49260 51240 6 9 1980
1324 51360 52020 9 3 660
1325 52140 52740 3 1 600
1326 52860 53760 1 10 900
1327 54600 55500 10 1 900
1328 55620 56220 1 3 600
1329 56340 57000 3 9 660
1330 57120 59100 9 6 1980
1331 59220 61440 6 11 2220
1332 47820 50400 0 1 2580
1333 50520 51420 1 10 900
1334 53160 54060 10 1 900
1335 54300 56880 1 0 2580
1336 48420 51360 1 5 2940
1337 51480 52260 5 2 780
1338 52980 53760 2 5 780
1339 53880 56820 5 1 2940
1340 50820 51900 0 4 1080
1341 52020 53040 4 10 1020
1342 53160 54060 10 1 900
1343 54300 54900 1 3 600
1344 55020 55680 3 9 660
1345 55800 57780 9 6 1980
1346 60720 62700 6 9 1980
1347 62820 63480 9 3 660
1348 63600 64200 3 1 600
1349 64440 65340 1 10 900
1350 65460 66480 10 4 1020
1351 66600 67680 4 0 1080
1352 50820 52740 8 2 1920
1353 52860 55380 2 9 2520
1354 55500 56160 9 3 660
1355 56280 56880 3 1 600
1356 57000 57900 1 10 900
1357 58020 59040 10 4 1020
1358 59880 60900 4 10 1020
1359 61020 61920 10 1 900
1360 62100 62700 1 3 600
1361 62820 63480 3 9 660
1362 63600 66120 9 2 2520
1363 66240 68160 2 8 1920
1364 55020 57600 0 1 2580
1365 57720 58620 1 10 900
1366 60360 61260 10 1 900
1367 61500 64080 1 0 2580
1368 55620 58560 1 5 2940
1369 58680 59460 5 2 780
1370 60180 60960 2 5 780
1371 61080 64020 5 1 2940
1372 55920 58140 11 6 2220
1373 58260 60240 6 9 1980
1374 60360 61020 9 3 660
1375 61140 61740 3 1 600
1376 61860 62760 1 10 900
1377 63600 64500 10 1 900
1378 64620 65220 1 3 600
1379 65340 66000 3 9 660
1380 66120 68100 9 6 1980
1381 68220 70440 6 11 2220
1382 61620 62700 0 4 1080
1383 62820 63840 4 10 1020
1384 63960 64860 10 1 900
1385 65100 65700 1 3 600
1386 65820 66480 3 9 660
1387 66600 68580 9 6 1980
1388 71520 73500 6 9 1980
1389 73620 74280 9 3 660
1390 74400 75000 3 1 600
1391 75240 76140 1 10 900
1392 76260 77280 10 4 1020
1393 61620 63540 8 2 1920
1394 63660 66180 2 9 2520
1395 66300 66960 9 3 660
1396 67080 67680 3 1 600
1397 67800 68700 1 10 900
1398 68820 69840 10 4 1020
1399 70680 71700 4 10 1020
1400 71820 72720 10 1 900
1401 72900 73500 1 3 600
1402 73620 74280 3 9 660
1403 74400 76920 9 2 2520
1404 62220 64800 0 1 2580
1405 64920 65820 1 10 900
1406 67560 68460 10 1 900
1407 68700 71280 1 0 2580
1408 62820 65760 1 5 2940
1409 65880 66660 5 2 780
1410 67380 68160 2 5 780
1411 68280 71220 5 1 2940
1412 64920 67140 11 6 2220
1413 67260 69240 6 9 1980
1414 69360 70020 9 3 660
1415 70140 70740 3 1 600
1416 70860 71760 1 10 900
1417 72600 73500 10 1 900
1418 73620 74220 1 3 600
1419 74340 75000 3 9 660
1420 75120 77100 9 6 1980
1421 69420 72000 0 1 2580
1422 72120 73020 1 10 900
1423 74760 75660 10 1 900
1424 70020 72960 1 5 2940
1425 73080 73860 5 2 780
1426 74580 75360 2 5 780
1427 75480 78420 5 1 2940
1428 72420 73500 0 4 1080
1429 73620 74640 4 10 1020
1430 74760 75660 10 1 900
1431 75900 76500 1 3 600
1432 76620 77280 3 9 660
1433 77400 79380 9 6 1980
1434 82320 84300 6 9 1980
1435 72420 74340 8 2 1920
1436 74460 76980 2 9 2520
1437 77100 77760 9 3 660
1438 77880 78480 3 1 600
1439 78600 79500 1 10 900
1440 79620 80640 10 4 1020
1441 81480 82500 4 10 1020
1442 82620 83520 10 1 900
1443 83700 84300 1 3 600
1444 84420 85080 3 9 660
1445 85200 87720 9 2 2520
1446 73920 76140 11 6 2220
1447 76260 78240 6 9 1980
1448 78360 79020 9 3 660
1449 79140 79740 3 1 600
1450 79860 80760 1 10 900
1451 81600 82500 10 1 900
1452 82620 83220 1 3 600
1453 83340 84000 3 9 660
1454 76620 79200 0 1 2580
1455 79320 80220 1 10 900
1456 81960 82860 10 1 900
1457 77220 80160 1 5 2940
1458 80280 81060 5 2 780
