3 28620 29520 0 8 900
4 29640 31320 8 6 1680
5 31560 33720 6 10 2160
6 35820 36720 0 8 900
7 36840 38520 8 6 1680
8 38760 40920 6 10 2160
9 43020 43920 0 8 900
10 44040 45720 8 6 1680
11 45960 48120 6 10 2160
12 50220 51120 0 8 900
13 51240 52920 8 6 1680
14 53160 55320 6 10 2160
15 57420 58320 0 8 900
16 58440 60120 8 6 1680
17 60360 62520 6 10 2160
18 64620 65520 0 8 900
19 65640 67320 8 6 1680
20 67560 69720 6 10 2160
21 71820 72720 0 8 900
22 72840 74520 8 6 1680
23 74760 76920 6 10 2160
24 79020 79920 0 8 900
25 80040 81720 8 6 1680
26 81960 84120 6 10 2160
32 33720 35940 7 6 2220
33 36060 38220 6 10 2160
34 38340 39120 10 4 780
35 42600 44400 15 7 1800
36 44520 46740 7 6 2220
37 46860 49020 6 10 2160
38 49140 49920 10 4 780
39 53400 55200 15 7 1800
40 55320 57540 7 6 2220
41 57660 59820 6 10 2160
42 59940 60720 10 4 780
43 64200 66000 15 7 1800
44 66120 68340 7 6 2220
45 68460 70620 6 10 2160
46 70740 71520 10 4 780
47 75000 76800 15 7 1800
48 76920 79140 7 6 2220
49 79260 81420 6 10 2160
53 25200 27180 1 3 1980
54 27300 28920 3 13 1620
55 32580 34200 13 3 1620
56 34320 36300 3 1 1980
57 36420 38940 1 4 2520
58 39060 39840 4 10 780
59 43380 45000 13 3 1620
60 45120 47100 3 1 1980
61 47220 49740 1 4 2520
62 49860 50640 4 10 780
63 54180 55800 13 3 1620
64 55920 57900 3 1 1980
65 58020 60540 1 4 2520
66 60660 61440 4 10 780
67 64980 66600 13 3 1620
68 66720 68700 3 1 1980
69 68820 71340 1 4 2520
70 71460 72240 4 10 780
71 75780 77400 13 3 1620
72 77520 79500 3 1 1980
73 79620 82140 1 4 2520
74 82260 83040 4 10 780
78 27960 28680 3 2 720
79 28800 29520 2 5 720
80 29640 32160 5 9 2520
81 35160 35880 3 2 720
82 36000 36720 2 5 720
83 36840 39360 5 9 2520
84 42360 43080 3 2 720
85 43200 43920 2 5 720
86 44040 46560 5 9 2520
87 49560 50280 3 2 720
88 50400 51120 2 5 720
89 51240 53760 5 9 2520
90 56760 57480 3 2 720
91 57600 58320 2 5 720
92 58440 60960 5 9 2520
93 63960 64680 3 2 720
94 64800 65520 2 5 720
95 65640 68160 5 9 2520
96 71160 71880 3 2 720
97 72000 72720 2 5 720
98 72840 75360 5 9 2520
104 25620 28140 1 4 2520
105 28260 29040 4 10 780
106 32460 33240 10 4 780
107 33360 35880 4 1 2520
108 36000 37980 1 3 1980
109 38100 39720 3 13 1620
110 43260 44040 10 4 780
111 44160 46680 4 1 2520
112 46800 48780 1 3 1980
113 48900 50520 3 13 1620
114 54060 54840 10 4 780
115 54960 57480 4 1 2520
116 57600 59580 1 3 1980
117 59700 61320 3 13 1620
118 64860 65640 10 4 780
119 65760 68280 4 1 2520
120 68400 70380 1 3 1980
121 70500 72120 3 13 1620
122 75660 76440 10 4 780
123 76560 79080 4 1 2520
128 25680 27660 1 0 1980
129 27780 28680 0 8 900
130 28800 30480 8 6 1680
131 30600 32820 6 7 2220
132 33900 36120 7 6 2220
133 36240 37920 6 8 1680
134 38040 38940 8 0 900
135 39060 41040 0 1 1980
136 41160 43140 1 3 1980
137 43260 44880 3 13 1620
138 48300 50520 7 6 2220
139 50640 52320 6 8 1680
140 52440 53340 8 0 900
141 53460 55440 0 1 1980
142 55560 57540 1 3 1980
143 57660 59280 3 13 1620
144 62700 64920 7 6 2220
145 65040 66720 6 8 1680
146 66840 67740 8 0 900
147 67860 69840 0 1 1980
148 69960 71940 1 3 1980
149 72060 73680 3 13 1620
150 77100 79320 7 6 2220
151 79440 81120 6 8 1680
152 81240 82140 8 0 900
153 82260 84240 0 1 1980
157 24120 26100 1 0 1980
158 26220 27120 0 8 900
159 27240 28920 8 6 1680
160 29040 31260 6 7 2220
161 31380 33180 7 15 1800
162 34800 36600 15 7 1800
163 36720 38940 7 6 2220
164 39060 40740 6 8 1680
165 40860 41760 8 0 900
166 41880 43860 0 1 1980
167 43980 46020 1 5 2040
168 49200 51000 15 7 1800
169 51120 53340 7 6 2220
170 53460 55140 6 8 1680
171 55260 56160 8 0 900
172 56280 58260 0 1 1980
173 58380 60420 1 5 2040
174 63600 65400 15 7 1800
175 65520 67740 7 6 2220
176 67860 69540 6 8 1680
177 69660 70560 8 0 900
178 70680 72660 0 1 1980
179 72780 74820 1 5 2040
180 78000 79800 15 7 1800
181 79920 82140 7 6 2220
182 82260 83940 6 8 1680
183 84060 84960 8 0 900
184 85080 87060 0 1 1980
188 24900 26880 1 0 1980
189 27480 29460 0 1 1980
190 29580 31380 1 2 1800
191 31620 32340 2 5 720
192 34680 36660 0 1 1980
193 36780 38580 1 2 1800
194 38820 39540 2 5 720
195 41880 43860 0 1 1980
196 43980 45780 1 2 1800
197 46020 46740 2 5 720
198 49080 51060 0 1 1980
199 51180 52980 1 2 1800
200 53220 53940 2 5 720
201 56280 58260 0 1 1980
202 58380 60180 1 2 1800
203 60420 61140 2 5 720
204 63480 65460 0 1 1980
205 65580 67380 1 2 1800
206 67620 68340 2 5 720
207 70680 72660 0 1 1980
208 72780 74580 1 2 1800
209 74820 75540 2 5 720
210 77880 79860 0 1 1980
213 22020 24540 1 4 2520
214 24660 25440 4 10 780
215 25680 26640 10 8 960
216 27660 28620 8 10 960
217 28740 29520 10 4 780
218 29760 32280 4 1 2520
219 34860 35820 8 10 960
220 35940 36720 10 4 780
221 36960 39480 4 1 2520
222 42060 43020 8 10 960
223 43140 43920 10 4 780
224 44160 46680 4 1 2520
225 49260 50220 8 10 960
226 50340 51120 10 4 780
227 51360 53880 4 1 2520
228 56460 57420 8 10 960
229 57540 58320 10 4 780
230 58560 61080 4 1 2520
231 63660 64620 8 10 960
232 64740 65520 10 4 780
233 65760 68280 4 1 2520
234 70860 71820 8 10 960
235 71940 72720 10 4 780
236 72960 75480 4 1 2520
237 78060 79020 8 10 960
238 79140 79920 10 4 780
239 80160 82680 4 1 2520
242 27000 28980 1 0 1980
243 31080 33060 0 1 1980
244 33180 35220 1 5 2040
245 35340 37860 5 9 2520
246 41880 43860 0 1 1980
247 43980 46020 1 5 2040
248 46140 48660 5 9 2520
249 52680 54660 0 1 1980
250 54780 56820 1 5 2040
251 56940 59460 5 9 2520
252 63480 65460 0 1 1980
253 65580 67620 1 5 2040
254 67740 70260 5 9 2520
255 74280 76260 0 1 1980
264 39900 41700 12 11 1800
265 41820 45060 11 6 3240
266 45180 46860 6 8 1680
267 46980 47880 8 0 900
268 51540 54180 16 12 2640
269 54300 56100 12 11 1800
270 56220 59460 11 6 3240
271 59580 61260 6 8 1680
272 61380 62280 8 0 900
273 65940 68580 16 12 2640
274 68700 70500 12 11 1800
275 70620 73860 11 6 3240
276 73980 75660 6 8 1680
277 75780 76680 8 0 900
281 30780 32460 6 8 1680
282 32580 33480 8 0 900
283 37080 37980 0 8 900
284 38100 39780 8 6 1680
285 39900 43140 6 11 3240
286 43260 45060 11 12 1800
287 45180 47820 12 16 2640
288 51480 52380 0 8 900
289 52500 54180 8 6 1680
290 54300 57540 6 11 3240
291 57660 59460 11 12 1800
292 59580 62220 12 16 2640
293 65880 66780 0 8 900
294 66900 68580 8 6 1680
295 68700 71940 6 11 3240
296 72060 73860 11 12 1800
297 73980 76620 12 16 2640
302 33360 35160 11 12 1800
303 35280 36840 12 14 1560
304 37560 40440 7 11 2880
305 40560 42360 11 12 1800
306 42480 44040 12 14 1560
307 44760 47640 7 11 2880
308 47760 49560 11 12 1800
309 49680 51240 12 14 1560
310 51960 54840 7 11 2880
311 54960 56760 11 12 1800
312 56880 58440 12 14 1560
313 59160 62040 7 11 2880
314 62160 63960 11 12 1800
315 64080 65640 12 14 1560
316 66360 69240 7 11 2880
317 69360 71160 11 12 1800
318 71280 72840 12 14 1560
319 73560 76440 7 11 2880
320 76560 78360 11 12 1800
324 27240 28140 8 0 900
325 28260 30240 0 1 1980
326 30360 32340 1 3 1980
327 32460 34080 3 13 1620
328 36240 37860 13 3 1620
329 37980 39960 3 1 1980
330 40080 42060 1 0 1980
331 42180 43080 0 8 900
332 43200 44880 8 6 1680
333 45000 47220 6 7 2220
334 50640 52260 13 3 1620
335 52380 54360 3 1 1980
336 54480 56460 1 0 1980
337 56580 57480 0 8 900
338 57600 59280 8 6 1680
339 59400 61620 6 7 2220
340 65040 66660 13 3 1620
341 66780 68760 3 1 1980
342 68880 70860 1 0 1980
343 70980 71880 0 8 900
344 72000 73680 8 6 1680
345 73800 76020 6 7 2220
351 35520 38400 11 7 2880
352 39120 40680 14 12 1560
353 40800 42600 12 11 1800
354 42720 45600 11 7 2880
355 46320 47880 14 12 1560
356 48000 49800 12 11 1800
357 49920 52800 11 7 2880
358 53520 55080 14 12 1560
359 55200 57000 12 11 1800
360 57120 60000 11 7 2880
361 60720 62280 14 12 1560
362 62400 64200 12 11 1800
363 64320 67200 11 7 2880
364 67920 69480 14 12 1560
365 69600 71400 12 11 1800
366 71520 74400 11 7 2880
367 75120 76680 14 12 1560
368 76800 78600 12 11 1800
369 78720 81600 11 7 2880
376 39060 41700 16 12 2640
377 41820 43620 12 11 1800
378 43740 46980 11 6 3240
379 47100 48780 6 8 1680
380 48900 49860 8 10 960
381 49980 50760 10 4 780
382 53460 56100 16 12 2640
383 56220 58020 12 11 1800
384 58140 61380 11 6 3240
385 61500 63180 6 8 1680
386 63300 64260 8 10 960
387 64380 65160 10 4 780
388 67860 70500 16 12 2640
389 70620 72420 12 11 1800
390 72540 75780 11 6 3240
391 75900 77580 6 8 1680
392 77700 78660 8 10 960
393 78780 79560 10 4 780
397 32700 36420 11 15 3720
398 37860 39660 12 11 1800
399 39900 43620 11 15 3720
400 45060 46860 12 11 1800
401 47100 50820 11 15 3720
402 52260 54060 12 11 1800
403 54300 58020 11 15 3720
404 59460 61260 12 11 1800
405 61500 65220 11 15 3720
406 66660 68460 12 11 1800
407 68700 72420 11 15 3720
408 73860 75660 12 11 1800
409 75900 79620 11 15 3720
413 34380 36180 11 12 1800
414 37740 41460 15 11 3720
415 41580 43380 11 12 1800
416 44940 48660 15 11 3720
417 48780 50580 11 12 1800
418 52140 55860 15 11 3720
419 55980 57780 11 12 1800
420 59340 63060 15 11 3720
421 63180 64980 11 12 1800
422 66540 70260 15 11 3720
423 70380 72180 11 12 1800
424 73740 77460 15 11 3720
425 77580 79380 11 12 1800
429 31680 33360 6 8 1680
430 33480 34380 8 0 900
431 34500 36480 0 1 1980
432 38580 40560 1 0 1980
433 40740 41640 0 8 900
434 41760 43440 8 6 1680
435 43560 46800 6 11 3240
436 47040 48840 11 12 1800
437 49080 51720 12 16 2640
438 52980 54960 1 0 1980
439 55140 56040 0 8 900
440 56160 57840 8 6 1680
441 57960 61200 6 11 3240
442 61440 63240 11 12 1800
443 63480 66120 12 16 2640
444 67380 69360 1 0 1980
445 69540 70440 0 8 900
446 70560 72240 8 6 1680
447 72360 75600 6 11 3240
448 75840 77640 11 12 1800
453 31740 34140 9 13 2400
454 34260 35880 13 3 1620
455 36000 36720 3 2 720
456 38940 41340 9 13 2400
457 41460 43080 13 3 1620
458 43200 43920 3 2 720
459 46140 48540 9 13 2400
460 48660 50280 13 3 1620
461 50400 51120 3 2 720
462 53340 55740 9 13 2400
463 55860 57480 13 3 1620
464 57600 58320 3 2 720
465 60540 62940 9 13 2400
466 63060 64680 13 3 1620
467 64800 65520 3 2 720
468 67740 70140 9 13 2400
469 70260 71880 13 3 1620
470 72000 72720 3 2 720
475 25980 27780 1 2 1800
476 28020 28740 2 5 720
477 32820 33540 5 2 720
478 33720 35520 2 1 1800
479 35700 37680 1 0 1980
480 40020 40740 5 2 720
481 40920 42720 2 1 1800
482 42900 44880 1 0 1980
483 47220 47940 5 2 720
484 48120 49920 2 1 1800
485 50100 52080 1 0 1980
486 54420 55140 5 2 720
487 55320 57120 2 1 1800
488 57300 59280 1 0 1980
489 61620 62340 5 2 720
490 62520 64320 2 1 1800
491 64500 66480 1 0 1980
492 68820 69540 5 2 720
493 69720 71520 2 1 1800
494 71700 73680 1 0 1980
495 76020 76740 5 2 720
496 76920 78720 2 1 1800
497 78900 80880 1 0 1980
499 25980 28020 1 5 2040
500 28140 30660 5 9 2520
501 33000 35520 9 5 2520
502 35640 37680 5 1 2040
503 37800 39780 1 0 1980
504 43800 46320 9 5 2520
505 46440 48480 5 1 2040
506 48600 50580 1 0 1980
507 54600 57120 9 5 2520
508 57240 59280 5 1 2040
509 59400 61380 1 0 1980
510 65400 67920 9 5 2520
511 68040 70080 5 1 2040
512 70200 72180 1 0 1980
513 76200 78720 9 5 2520
514 78840 80880 5 1 2040
515 81000 82980 1 0 1980
519 30060 30960 8 0 900
520 31080 33060 0 1 1980
521 33180 35220 1 5 2040
522 36360 38400 5 1 2040
523 38520 40500 1 0 1980
524 40620 41520 0 8 900
525 41640 43320 8 6 1680
526 43440 45660 6 7 2220
527 45780 47580 7 15 1800
528 50760 52800 5 1 2040
529 52920 54900 1 0 1980
530 55020 55920 0 8 900
531 56040 57720 8 6 1680
532 57840 60060 6 7 2220
533 60180 61980 7 15 1800
534 65160 67200 5 1 2040
535 67320 69300 1 0 1980
536 69420 70320 0 8 900
537 70440 72120 8 6 1680
538 72240 74460 6 7 2220
539 74580 76380 7 15 1800
542 26160 28680 4 1 2520
543 32820 35340 1 4 2520
544 35460 36240 4 10 780
545 36480 37440 10 8 960
546 40020 42540 1 4 2520
547 42660 43440 4 10 780
548 43680 44640 10 8 960
549 47220 49740 1 4 2520
550 49860 50640 4 10 780
551 50880 51840 10 8 960
552 54420 56940 1 4 2520
553 57060 57840 4 10 780
554 58080 59040 10 8 960
555 61620 64140 1 4 2520
556 64260 65040 4 10 780
557 65280 66240 10 8 960
558 68820 71340 1 4 2520
559 71460 72240 4 10 780
560 72480 73440 10 8 960
561 76020 78540 1 4 2520
562 78660 79440 4 10 780
563 79680 80640 10 8 960
566 26340 28500 10 6 2160
567 28620 31860 6 11 3240
568 31980 33780 11 12 1800
569 33900 35460 12 14 1560
570 39120 40680 14 12 1560
571 40800 42600 12 11 1800
572 42720 45960 11 6 3240
573 46080 48240 6 10 2160
574 48360 49320 10 8 960
575 49440 50340 8 0 900
576 53520 55080 14 12 1560
577 55200 57000 12 11 1800
578 57120 60360 11 6 3240
579 60480 62640 6 10 2160
580 62760 63720 10 8 960
581 63840 64740 8 0 900
582 67920 69480 14 12 1560
583 69600 71400 12 11 1800
584 71520 74760 11 6 3240
585 74880 77040 6 10 2160
586 77160 78120 10 8 960
587 78240 79140 8 0 900
588 24180 26160 1 0 1980
589 26340 27240 0 8 900
590 27360 29040 8 6 1680
591 29160 32400 6 11 3240
592 32640 34440 11 12 1800
593 34680 37320 12 16 2640
594 38040 40680 16 12 2640
595 40800 42600 12 11 1800
596 42720 45960 11 6 3240
597 46080 47760 6 8 1680
598 47880 48780 8 0 900
599 48900 50880 0 1 1980
600 52440 55080 16 12 2640
601 55200 57000 12 11 1800
602 57120 60360 11 6 3240
603 60480 62160 6 8 1680
604 62280 63180 8 0 900
605 63300 65280 0 1 1980
606 66840 69480 16 12 2640
607 69600 71400 12 11 1800
608 71520 74760 11 6 3240
609 74880 76560 6 8 1680
610 76680 77580 8 0 900
611 77700 79680 0 1 1980
615 32520 35040 9 5 2520
616 35160 35880 5 2 720
617 36000 36720 2 3 720
618 39720 42240 9 5 2520
619 42360 43080 5 2 720
620 43200 43920 2 3 720
621 46920 49440 9 5 2520
622 49560 50280 5 2 720
623 50400 51120 2 3 720
624 54120 56640 9 5 2520
625 56760 57480 5 2 720
626 57600 58320 2 3 720
627 61320 63840 9 5 2520
628 63960 64680 5 2 720
629 64800 65520 2 3 720
630 68520 71040 9 5 2520
631 71160 71880 5 2 720
632 72000 72720 2 3 720
633 75720 78240 9 5 2520
637 27600 29400 1 2 1800
638 32280 34080 2 1 1800
639 34200 37200 1 8 3000
640 39480 41280 2 1 1800
641 41400 44400 1 8 3000
642 46680 48480 2 1 1800
643 48600 51600 1 8 3000
644 53880 55680 2 1 1800
645 55800 58800 1 8 3000
646 61080 62880 2 1 1800
647 63000 66000 1 8 3000
648 68280 70080 2 1 1800
649 70200 73200 1 8 3000
650 75480 77280 2 1 1800
651 77400 80400 1 8 3000
654 28800 29520 3 2 720
655 30840 31560 2 3 720
656 31680 33300 3 13 1620
657 33420 35820 13 9 2400
658 38040 38760 2 3 720
659 38880 40500 3 13 1620
660 40620 43020 13 9 2400
661 45240 45960 2 3 720
662 46080 47700 3 13 1620
663 47820 50220 13 9 2400
664 52440 53160 2 3 720
665 53280 54900 3 13 1620
666 55020 57420 13 9 2400
667 59640 60360 2 3 720
668 60480 62100 3 13 1620
669 62220 64620 13 9 2400
670 66840 67560 2 3 720
671 67680 69300 3 13 1620
672 69420 71820 13 9 2400
673 74040 74760 2 3 720
678 28860 31020 6 10 2160
679 31140 31920 10 4 780
680 36000 36780 4 10 780
681 36900 39060 10 6 2160
682 39180 41400 6 7 2220
683 41520 43320 7 15 1800
684 46800 47580 4 10 780
685 47700 49860 10 6 2160
686 49980 52200 6 7 2220
687 52320 54120 7 15 1800
688 57600 58380 4 10 780
689 58500 60660 10 6 2160
690 60780 63000 6 7 2220
691 63120 64920 7 15 1800
692 68400 69180 4 10 780
693 69300 71460 10 6 2160
694 71580 73800 6 7 2220
695 73920 75720 7 15 1800
696 79200 79980 4 10 780
697 80100 82260 10 6 2160
698 82380 84600 6 7 2220
699 84720 86520 7 15 1800
703 32700 34380 6 8 1680
704 34500 35460 8 10 960
705 35580 36360 10 4 780
706 37740 38520 4 10 780
707 38640 39600 10 8 960
708 39720 41400 8 6 1680
709 41520 44760 6 11 3240
710 44880 46680 11 12 1800
711 46800 49440 12 16 2640
712 52140 52920 4 10 780
713 53040 54000 10 8 960
714 54120 55800 8 6 1680
715 55920 59160 6 11 3240
716 59280 61080 11 12 1800
717 61200 63840 12 16 2640
718 66540 67320 4 10 780
719 67440 68400 10 8 960
720 68520 70200 8 6 1680
721 70320 73560 6 11 3240
722 73680 75480 11 12 1800
727 31680 33840 6 10 2160
728 33960 34920 10 8 960
729 35040 35940 8 0 900
730 38520 39420 0 8 900
731 39540 40500 8 10 960
732 40740 42900 10 6 2160
733 43020 46260 6 11 3240
734 46380 48180 11 12 1800
735 48300 49860 12 14 1560
736 52920 53820 0 8 900
737 53940 54900 8 10 960
738 55140 57300 10 6 2160
739 57420 60660 6 11 3240
740 60780 62580 11 12 1800
741 62700 64260 12 14 1560
742 67320 68220 0 8 900
743 68340 69300 8 10 960
744 69540 71700 10 6 2160
745 71820 75060 6 11 3240
746 75180 76980 11 12 1800
751 32160 35040 7 11 2880
752 35160 36960 11 12 1800
753 37080 38640 12 14 1560
754 39360 42240 7 11 2880
755 42360 44160 11 12 1800
756 44280 45840 12 14 1560
757 46560 49440 7 11 2880
758 49560 51360 11 12 1800
759 51480 53040 12 14 1560
760 53760 56640 7 11 2880
761 56760 58560 11 12 1800
762 58680 60240 12 14 1560
763 60960 63840 7 11 2880
764 63960 65760 11 12 1800
765 65880 67440 12 14 1560
766 68160 71040 7 11 2880
767 71160 72960 11 12 1800
768 73080 74640 12 14 1560
769 75360 78240 7 11 2880
770 78360 80160 11 12 1800
776 35400 37200 12 11 1800
777 37320 40200 11 7 2880
778 40920 42480 14 12 1560
779 42600 44400 12 11 1800
780 44520 47400 11 7 2880
781 48120 49680 14 12 1560
782 49800 51600 12 11 1800
783 51720 54600 11 7 2880
784 55320 56880 14 12 1560
785 57000 58800 12 11 1800
786 58920 61800 11 7 2880
787 62520 64080 14 12 1560
788 64200 66000 12 11 1800
789 66120 69000 11 7 2880
790 69720 71280 14 12 1560
791 71400 73200 12 11 1800
792 73320 76200 11 7 2880
793 76920 78480 14 12 1560
794 78600 80400 12 11 1800
795 80520 83400 11 7 2880
799 32400 34560 10 6 2160
800 34680 36360 6 8 1680
801 36480 37380 8 0 900
802 39600 41760 10 6 2160
803 41880 43560 6 8 1680
804 43680 44580 8 0 900
805 46800 48960 10 6 2160
806 49080 50760 6 8 1680
807 50880 51780 8 0 900
808 54000 56160 10 6 2160
809 56280 57960 6 8 1680
810 58080 58980 8 0 900
811 61200 63360 10 6 2160
812 63480 65160 6 8 1680
813 65280 66180 8 0 900
814 68400 70560 10 6 2160
815 70680 72360 6 8 1680
816 72480 73380 8 0 900
817 75600 77760 10 6 2160
818 77880 79560 6 8 1680
819 79680 80580 8 0 900
821 27000 30000 1 8 3000
822 31680 34680 8 1 3000
823 34800 36600 1 2 1800
824 38880 41880 8 1 3000
825 42000 43800 1 2 1800
826 46080 49080 8 1 3000
827 49200 51000 1 2 1800
828 53280 56280 8 1 3000
829 56400 58200 1 2 1800
830 60480 63480 8 1 3000
831 63600 65400 1 2 1800
832 67680 70680 8 1 3000
833 70800 72600 1 2 1800
834 74880 77880 8 1 3000
838 29280 30180 8 0 900
839 32220 33120 0 8 900
840 33240 34920 8 6 1680
841 35160 37320 6 10 2160
842 39420 40320 0 8 900
843 40440 42120 8 6 1680
844 42360 44520 6 10 2160
845 46620 47520 0 8 900
846 47640 49320 8 6 1680
847 49560 51720 6 10 2160
848 53820 54720 0 8 900
849 54840 56520 8 6 1680
850 56760 58920 6 10 2160
851 61020 61920 0 8 900
852 62040 63720 8 6 1680
853 63960 66120 6 10 2160
854 68220 69120 0 8 900
855 69240 70920 8 6 1680
856 71160 73320 6 10 2160
857 75420 76320 0 8 900
858 76440 78120 8 6 1680
859 78360 80520 6 10 2160
860 25200 25980 4 10 780
861 26100 28260 10 6 2160
862 28380 30600 6 7 2220
863 30720 32520 7 15 1800
864 35400 37200 15 7 1800
865 37320 39540 7 6 2220
866 39660 41820 6 10 2160
867 41940 42720 10 4 780
868 46200 48000 15 7 1800
869 48120 50340 7 6 2220
870 50460 52620 6 10 2160
871 52740 53520 10 4 780
872 57000 58800 15 7 1800
873 58920 61140 7 6 2220
874 61260 63420 6 10 2160
875 63540 64320 10 4 780
876 67800 69600 15 7 1800
877 69720 71940 7 6 2220
878 72060 74220 6 10 2160
879 74340 75120 10 4 780
880 78600 80400 15 7 1800
881 80520 82740 7 6 2220
882 82860 85020 6 10 2160
885 26160 28680 4 1 2520
886 28800 30780 1 3 1980
887 30900 32520 3 13 1620
888 36180 37800 13 3 1620
889 37920 39900 3 1 1980
890 40020 42540 1 4 2520
891 42660 43440 4 10 780
892 46980 48600 13 3 1620
893 48720 50700 3 1 1980
894 50820 53340 1 4 2520
895 53460 54240 4 10 780
896 57780 59400 13 3 1620
897 59520 61500 3 1 1980
898 61620 64140 1 4 2520
899 64260 65040 4 10 780
900 68580 70200 13 3 1620
901 70320 72300 3 1 1980
902 72420 74940 1 4 2520
903 75060 75840 4 10 780
906 28800 29520 2 3 720
907 31560 32280 3 2 720
908 32400 33120 2 5 720
909 33240 35760 5 9 2520
910 38760 39480 3 2 720
911 39600 40320 2 5 720
912 40440 42960 5 9 2520
913 45960 46680 3 2 720
914 46800 47520 2 5 720
915 47640 50160 5 9 2520
916 53160 53880 3 2 720
917 54000 54720 2 5 720
918 54840 57360 5 9 2520
919 60360 61080 3 2 720
920 61200 61920 2 5 720
921 62040 64560 5 9 2520
922 67560 68280 3 2 720
923 68400 69120 2 5 720
924 69240 71760 5 9 2520
925 74760 75480 3 2 720
926 75600 76320 2 5 720
930 29220 31740 1 4 2520
931 31860 32640 4 10 780
932 36060 36840 10 4 780
933 36960 39480 4 1 2520
934 39600 41580 1 3 1980
935 41700 43320 3 13 1620
936 46860 47640 10 4 780
937 47760 50280 4 1 2520
938 50400 52380 1 3 1980
939 52500 54120 3 13 1620
940 57660 58440 10 4 780
941 58560 61080 4 1 2520
942 61200 63180 1 3 1980
943 63300 64920 3 13 1620
944 68460 69240 10 4 780
945 69360 71880 4 1 2520
946 72000 73980 1 3 1980
950 29280 31260 1 0 1980
951 31380 32280 0 8 900
952 32400 34080 8 6 1680
953 34200 36420 6 7 2220
954 37500 39720 7 6 2220
955 39840 41520 6 8 1680
956 41640 42540 8 0 900
957 42660 44640 0 1 1980
958 44760 46740 1 3 1980
959 46860 48480 3 13 1620
960 51900 54120 7 6 2220
961 54240 55920 6 8 1680
962 56040 56940 8 0 900
963 57060 59040 0 1 1980
964 59160 61140 1 3 1980
965 61260 62880 3 13 1620
966 66300 68520 7 6 2220
967 68640 70320 6 8 1680
968 70440 71340 8 0 900
969 71460 73440 0 1 1980
970 73560 75540 1 3 1980
973 27720 29700 1 0 1980
974 29820 30720 0 8 900
975 30840 32520 8 6 1680
976 32640 34860 6 7 2220
977 34980 36780 7 15 1800
978 38400 40200 15 7 1800
979 40320 42540 7 6 2220
980 42660 44340 6 8 1680
981 44460 45360 8 0 900
982 45480 47460 0 1 1980
983 47580 49620 1 5 2040
984 52800 54600 15 7 1800
985 54720 56940 7 6 2220
986 57060 58740 6 8 1680
987 58860 59760 8 0 900
988 59880 61860 0 1 1980
989 61980 64020 1 5 2040
990 67200 69000 15 7 1800
991 69120 71340 7 6 2220
992 71460 73140 6 8 1680
993 73260 74160 8 0 900
994 74280 76260 0 1 1980
998 28500 30480 1 0 1980
999 31080 33060 0 1 1980
1000 33180 34980 1 2 1800
1001 35220 35940 2 5 720
1002 38280 40260 0 1 1980
1003 40380 42180 1 2 1800
1004 42420 43140 2 5 720
1005 45480 47460 0 1 1980
1006 47580 49380 1 2 1800
1007 49620 50340 2 5 720
1008 52680 54660 0 1 1980
1009 54780 56580 1 2 1800
1010 56820 57540 2 5 720
1011 59880 61860 0 1 1980
1012 61980 63780 1 2 1800
1013 64020 64740 2 5 720
1014 67080 69060 0 1 1980
1015 69180 70980 1 2 1800
1016 71220 71940 2 5 720
1017 74280 76260 0 1 1980
1018 76380 78180 1 2 1800
1020 25620 28140 1 4 2520
1021 28260 29040 4 10 780
1022 29280 30240 10 8 960
1023 31260 32220 8 10 960
1024 32340 33120 10 4 780
1025 33360 35880 4 1 2520
1026 38460 39420 8 10 960
1027 39540 40320 10 4 780
1028 40560 43080 4 1 2520
1029 45660 46620 8 10 960
1030 46740 47520 10 4 780
1031 47760 50280 4 1 2520
1032 52860 53820 8 10 960
1033 53940 54720 10 4 780
1034 54960 57480 4 1 2520
1035 60060 61020 8 10 960
1036 61140 61920 10 4 780
1037 62160 64680 4 1 2520
1038 67260 68220 8 10 960
1039 68340 69120 10 4 780
1040 69360 71880 4 1 2520
1041 74460 75420 8 10 960
1042 75540 76320 10 4 780
1043 76560 79080 4 1 2520
1046 30600 32580 1 0 1980
1047 34680 36660 0 1 1980
1048 36780 38820 1 5 2040
1049 38940 41460 5 9 2520
1050 45480 47460 0 1 1980
1051 47580 49620 1 5 2040
1052 49740 52260 5 9 2520
1053 56280 58260 0 1 1980
1054 58380 60420 1 5 2040
1055 60540 63060 5 9 2520
1056 67080 69060 0 1 1980
1057 69180 71220 1 5 2040
1058 71340 73860 5 9 2520
1059 77880 79860 0 1 1980
1063 27300 28980 8 6 1680
1064 29100 32340 6 11 3240
1065 32460 34260 11 12 1800
1066 34380 37020 12 16 2640
1067 40740 43380 16 12 2640
1068 43500 45300 12 11 1800
1069 45420 48660 11 6 3240
1070 48780 50460 6 8 1680
1071 50580 51480 8 0 900
1072 55140 57780 16 12 2640
1073 57900 59700 12 11 1800
1074 59820 63060 11 6 3240
1075 63180 64860 6 8 1680
1076 64980 65880 8 0 900
1077 69540 72180 16 12 2640
1078 72300 74100 12 11 1800
1079 74220 77460 11 6 3240
1080 77580 79260 6 8 1680
1081 79380 80280 8 0 900
1085 34380 36060 6 8 1680
1086 36180 37080 8 0 900
1087 40680 41580 0 8 900
1088 41700 43380 8 6 1680
1089 43500 46740 6 11 3240
1090 46860 48660 11 12 1800
1091 48780 51420 12 16 2640
1092 55080 55980 0 8 900
1093 56100 57780 8 6 1680
1094 57900 61140 6 11 3240
1095 61260 63060 11 12 1800
1096 63180 65820 12 16 2640
1097 69480 70380 0 8 900
1098 70500 72180 8 6 1680
1099 72300 75540 6 11 3240
1100 75660 77460 11 12 1800
1105 33960 36840 7 11 2880
1106 36960 38760 11 12 1800
1107 38880 40440 12 14 1560
1108 41160 44040 7 11 2880
1109 44160 45960 11 12 1800
1110 46080 47640 12 14 1560
1111 48360 51240 7 11 2880
1112 51360 53160 11 12 1800
1113 53280 54840 12 14 1560
1114 55560 58440 7 11 2880
1115 58560 60360 11 12 1800
1116 60480 62040 12 14 1560
1117 62760 65640 7 11 2880
1118 65760 67560 11 12 1800
1119 67680 69240 12 14 1560
1120 69960 72840 7 11 2880
1121 72960 74760 11 12 1800
1123 77160 80040 7 11 2880
1127 29040 30720 6 8 1680
1128 30840 31740 8 0 900
1129 31860 33840 0 1 1980
1130 33960 35940 1 3 1980
1131 36060 37680 3 13 1620
1132 39840 41460 13 3 1620
1133 41580 43560 3 1 1980
1134 43680 45660 1 0 1980
1135 45780 46680 0 8 900
1136 46800 48480 8 6 1680
1137 48600 50820 6 7 2220
1138 54240 55860 13 3 1620
1139 55980 57960 3 1 1980
1140 58080 60060 1 0 1980
1141 60180 61080 0 8 900
1142 61200 62880 8 6 1680
1143 63000 65220 6 7 2220
1144 68640 70260 13 3 1620
1145 70380 72360 3 1 1980
1146 72480 74460 1 0 1980
1147 74580 75480 0 8 900
1148 75600 77280 8 6 1680
1149 77400 79620 6 7 2220
1154 37200 39000 12 11 1800
1155 39120 42000 11 7 2880
1156 42720 44280 14 12 1560
1157 44400 46200 12 11 1800
1158 46320 49200 11 7 2880
1159 49920 51480 14 12 1560
1160 51600 53400 12 11 1800
1161 53520 56400 11 7 2880
1162 57120 58680 14 12 1560
1163 58800 60600 12 11 1800
1164 60720 63600 11 7 2880
1165 64320 65880 14 12 1560
1166 66000 67800 12 11 1800
1167 67920 70800 11 7 2880
1168 71520 73080 14 12 1560
1169 73200 75000 12 11 1800
1170 75120 78000 11 7 2880
1171 78720 80280 14 12 1560
1172 80400 82200 12 11 1800
1173 82320 85200 11 7 2880
1174 26940 27720 4 10 780
1175 27840 28800 10 8 960
1176 28920 30600 8 6 1680
1177 30720 33960 6 11 3240
1178 34080 35880 11 12 1800
1179 36000 38640 12 16 2640
1180 42660 45300 16 12 2640
1181 45420 47220 12 11 1800
1182 47340 50580 11 6 3240
1183 50700 52380 6 8 1680
1184 52500 53460 8 10 960
1185 53580 54360 10 4 780
1186 57060 59700 16 12 2640
1187 59820 61620 12 11 1800
1188 61740 64980 11 6 3240
1189 65100 66780 6 8 1680
1190 66900 67860 8 10 960
1191 67980 68760 10 4 780
1193 74220 76020 12 11 1800
1194 76140 79380 11 6 3240
1195 79500 81180 6 8 1680
1196 81300 82260 8 10 960
1201 36300 40020 11 15 3720
1202 41460 43260 12 11 1800
1203 43500 47220 11 15 3720
1204 48660 50460 12 11 1800
1205 50700 54420 11 15 3720
1206 55860 57660 12 11 1800
1207 57900 61620 11 15 3720
1208 63060 64860 12 11 1800
1209 65100 68820 11 15 3720
1210 70260 72060 12 11 1800
1211 72300 76020 11 15 3720
1212 77460 79260 12 11 1800
1213 79500 83220 11 15 3720
1216 34140 37860 15 11 3720
1217 37980 39780 11 12 1800
1218 41340 45060 15 11 3720
1219 45180 46980 11 12 1800
1220 48540 52260 15 11 3720
1221 52380 54180 11 12 1800
1222 55740 59460 15 11 3720
1223 59580 61380 11 12 1800
1224 62940 66660 15 11 3720
1225 66780 68580 11 12 1800
1226 70140 73860 15 11 3720
1227 73980 75780 11 12 1800
1228 77340 81060 15 11 3720
1233 35280 36960 6 8 1680
1234 37080 37980 8 0 900
1235 38100 40080 0 1 1980
1236 42180 44160 1 0 1980
1237 44340 45240 0 8 900
1238 45360 47040 8 6 1680
1239 47160 50400 6 11 3240
1240 50640 52440 11 12 1800
1241 52680 55320 12 16 2640
1242 56580 58560 1 0 1980
1243 58740 59640 0 8 900
1244 59760 61440 8 6 1680
1245 61560 64800 6 11 3240
1246 65040 66840 11 12 1800
1247 67080 69720 12 16 2640
1248 70980 72960 1 0 1980
1249 73140 74040 0 8 900
1250 74160 75840 8 6 1680
1251 75960 79200 6 11 3240
1255 28080 29700 3 13 1620
1256 29820 32220 13 9 2400
1257 35340 37740 9 13 2400
1258 37860 39480 13 3 1620
1259 39600 40320 3 2 720
1260 42540 44940 9 13 2400
1261 45060 46680 13 3 1620
1262 46800 47520 3 2 720
1263 49740 52140 9 13 2400
1264 52260 53880 13 3 1620
1265 54000 54720 3 2 720
1266 56940 59340 9 13 2400
1267 59460 61080 13 3 1620
1268 61200 61920 3 2 720
1269 64140 66540 9 13 2400
1270 66660 68280 13 3 1620
1271 68400 69120 3 2 720
1272 71340 73740 9 13 2400
1273 73860 75480 13 3 1620
1274 75600 76320 3 2 720
1278 27480 29460 0 1 1980
1279 29580 31620 1 5 2040
1280 31740 34260 5 9 2520
1281 36600 39120 9 5 2520
1282 39240 41280 5 1 2040
1283 41400 43380 1 0 1980
1284 47400 49920 9 5 2520
1285 50040 52080 5 1 2040
1286 52200 54180 1 0 1980
1287 58200 60720 9 5 2520
1288 60840 62880 5 1 2040
1289 63000 64980 1 0 1980
1290 69000 71520 9 5 2520
1291 71640 73680 5 1 2040
1292 73800 75780 1 0 1980
1295 31860 33540 6 8 1680
1296 33660 34560 8 0 900
1297 34680 36660 0 1 1980
1298 36780 38820 1 5 2040
1299 39960 42000 5 1 2040
1300 42120 44100 1 0 1980
1301 44220 45120 0 8 900
1302 45240 46920 8 6 1680
1303 47040 49260 6 7 2220
1304 49380 51180 7 15 1800
1305 54360 56400 5 1 2040
1306 56520 58500 1 0 1980
1307 58620 59520 0 8 900
1308 59640 61320 8 6 1680
1309 61440 63660 6 7 2220
1310 63780 65580 7 15 1800
1311 68760 70800 5 1 2040
1312 70920 72900 1 0 1980
1313 73020 73920 0 8 900
1314 74040 75720 8 6 1680
1315 75840 78060 6 7 2220
1316 78180 79980 7 15 1800
1317 27720 28620 0 8 900
1318 28740 29700 8 10 960
1319 29940 32100 10 6 2160
1320 32220 35460 6 11 3240
1321 35580 37380 11 12 1800
1322 37500 39060 12 14 1560
1323 42720 44280 14 12 1560
1324 44400 46200 12 11 1800
1325 46320 49560 11 6 3240
1326 49680 51840 6 10 2160
1327 51960 52920 10 8 960
1328 53040 53940 8 0 900
1329 57120 58680 14 12 1560
1330 58800 60600 12 11 1800
1331 60720 63960 11 6 3240
1332 64080 66240 6 10 2160
1333 66360 67320 10 8 960
1334 67440 68340 8 0 900
1335 71520 73080 14 12 1560
1336 73200 75000 12 11 1800
1337 75120 78360 11 6 3240
1338 78480 80640 6 10 2160
1339 80760 81720 10 8 960
1340 81840 82740 8 0 900
1341 27780 29760 1 0 1980
1342 29940 30840 0 8 900
1343 30960 32640 8 6 1680
1344 32760 36000 6 11 3240
1345 36240 38040 11 12 1800
1346 38280 40920 12 16 2640
1347 41640 44280 16 12 2640
1348 44400 46200 12 11 1800
1349 46320 49560 11 6 3240
1350 49680 51360 6 8 1680
1351 51480 52380 8 0 900
1352 52500 54480 0 1 1980
1353 56040 58680 16 12 2640
1354 58800 60600 12 11 1800
1355 60720 63960 11 6 3240
1356 64080 65760 6 8 1680
1357 65880 66780 8 0 900
1358 66900 68880 0 1 1980
1359 70440 73080 16 12 2640
1360 73200 75000 12 11 1800
1361 75120 78360 11 6 3240
1362 78480 80160 6 8 1680
1363 80280 81180 8 0 900
1364 81300 83280 0 1 1980
1365 28080 31080 8 1 3000
1366 31200 33000 1 2 1800
1367 35880 37680 2 1 1800
1368 37800 40800 1 8 3000
1369 43080 44880 2 1 1800
1370 45000 48000 1 8 3000
1371 50280 52080 2 1 1800
1372 52200 55200 1 8 3000
1373 57480 59280 2 1 1800
1374 59400 62400 1 8 3000
1375 64680 66480 2 1 1800
1376 66600 69600 1 8 3000
1377 71880 73680 2 1 1800
1378 73800 76800 1 8 3000
1379 79080 80880 2 1 1800
1380 81000 84000 1 8 3000
1382 30660 32280 13 3 1620
1383 32400 33120 3 2 720
1384 34440 35160 2 3 720
1385 35280 36900 3 13 1620
1386 37020 39420 13 9 2400
1387 41640 42360 2 3 720
1388 42480 44100 3 13 1620
1389 44220 46620 13 9 2400
1390 48840 49560 2 3 720
1391 49680 51300 3 13 1620
1392 51420 53820 13 9 2400
1393 56040 56760 2 3 720
1394 56880 58500 3 13 1620
1395 58620 61020 13 9 2400
1396 63240 63960 2 3 720
1397 64080 65700 3 13 1620
1398 65820 68220 13 9 2400
1399 70440 71160 2 3 720
1400 71280 72900 3 13 1620
1401 73020 75420 13 9 2400
1407 32460 34620 6 10 2160
1408 34740 35520 10 4 780
1409 39600 40380 4 10 780
1410 40500 42660 10 6 2160
1411 42780 45000 6 7 2220
1412 45120 46920 7 15 1800
1413 50400 51180 4 10 780
1414 51300 53460 10 6 2160
1415 53580 55800 6 7 2220
1416 55920 57720 7 15 1800
1417 61200 61980 4 10 780
1418 62100 64260 10 6 2160
1419 64380 66600 6 7 2220
1420 66720 68520 7 15 1800
1421 72000 72780 4 10 780
1422 72900 75060 10 6 2160
1423 75180 77400 6 7 2220
1424 77520 79320 7 15 1800
1427 32940 36180 11 6 3240
1428 36300 37980 6 8 1680
1429 38100 39060 8 10 960
1430 39180 39960 10 4 780
1431 41340 42120 4 10 780
1432 42240 43200 10 8 960
1433 43320 45000 8 6 1680
1434 45120 48360 6 11 3240
1435 48480 50280 11 12 1800
1436 50400 53040 12 16 2640
1437 55740 56520 4 10 780
1438 56640 57600 10 8 960
1439 57720 59400 8 6 1680
1440 59520 62760 6 11 3240
1441 62880 64680 11 12 1800
1442 64800 67440 12 16 2640
1443 70140 70920 4 10 780
1444 71040 72000 10 8 960
1445 72120 73800 8 6 1680
1446 73920 77160 6 11 3240
1447 77280 79080 11 12 1800
1452 35280 37440 6 10 2160
1453 37560 38520 10 8 960
1454 38640 39540 8 0 900
1455 42120 43020 0 8 900
1456 43140 44100 8 10 960
1457 44340 46500 10 6 2160
1458 46620 49860 6 11 3240
1459 49980 51780 11 12 1800
1460 51900 53460 12 14 1560
1461 56520 57420 0 8 900
1462 57540 58500 8 10 960
1463 58740 60900 10 6 2160
1464 61020 64260 6 11 3240
1465 64380 66180 11 12 1800
1466 66300 67860 12 14 1560
1467 70920 71820 0 8 900
1468 71940 72900 8 10 960
1469 73140 75300 10 6 2160
1470 75420 78660 6 11 3240
1471 78780 80580 11 12 1800
1476 35760 38640 7 11 2880
1477 38760 40560 11 12 1800
1478 40680 42240 12 14 1560
1479 42960 45840 7 11 2880
1480 45960 47760 11 12 1800
1481 47880 49440 12 14 1560
1482 50160 53040 7 11 2880
1483 53160 54960 11 12 1800
1484 55080 56640 12 14 1560
1485 57360 60240 7 11 2880
1486 60360 62160 11 12 1800
1487 62280 63840 12 14 1560
1488 64560 67440 7 11 2880
1489 67560 69360 11 12 1800
1490 69480 71040 12 14 1560
1491 71760 74640 7 11 2880
1492 74760 76560 11 12 1800
1494 78960 81840 7 11 2880
1500 37320 38880 14 12 1560
1501 39000 40800 12 11 1800
1502 40920 43800 11 7 2880
1503 44520 46080 14 12 1560
1504 46200 48000 12 11 1800
1505 48120 51000 11 7 2880
1506 51720 53280 14 12 1560
1507 53400 55200 12 11 1800
1508 55320 58200 11 7 2880
1509 58920 60480 14 12 1560
1510 60600 62400 12 11 1800
1511 62520 65400 11 7 2880
1512 66120 67680 14 12 1560
1513 67800 69600 12 11 1800
1514 69720 72600 11 7 2880
1515 73320 74880 14 12 1560
1516 75000 76800 12 11 1800
1517 76920 79800 11 7 2880
1518 28680 30480 2 1 1800
1519 30600 33600 1 8 3000
1520 35280 38280 8 1 3000
1521 38400 40200 1 2 1800
1522 42480 45480 8 1 3000
1523 45600 47400 1 2 1800
1524 49680 52680 8 1 3000
1525 52800 54600 1 2 1800
1526 56880 59880 8 1 3000
1527 60000 61800 1 2 1800
1528 64080 67080 8 1 3000
1529 67200 69000 1 2 1800
1530 71280 74280 8 1 3000
1531 74400 76200 1 2 1800
1532 78480 81480 8 1 3000
1534 28800 30960 10 6 2160
1535 31080 32760 6 8 1680
1536 32880 33780 8 0 900
1537 35820 36720 0 8 900
1538 36840 38520 8 6 1680
1539 38760 40920 6 10 2160
1540 28800 29580 4 10 780
1541 29700 31860 10 6 2160
1542 31980 34200 6 7 2220
1543 34320 36120 7 15 1800
1544 39000 40800 15 7 1800
1545 40920 43140 7 6 2220
1546 43260 45420 6 10 2160
1547 45540 46320 10 4 780
1548 49800 51600 15 7 1800
1549 51720 53940 7 6 2220
1550 54060 56220 6 10 2160
1551 56340 57120 10 4 780
1552 60600 62400 15 7 1800
1553 62520 64740 7 6 2220
1554 64860 67020 6 10 2160
1555 67140 67920 10 4 780
1556 71400 73200 15 7 1800
1557 73320 75540 7 6 2220
1558 75660 77820 6 10 2160
1559 77940 78720 10 4 780
1560 28860 29640 10 4 780
1561 29760 32280 4 1 2520
1562 32400 34380 1 3 1980
1563 34500 36120 3 13 1620
1564 39780 41400 13 3 1620
1565 41520 43500 3 1 1980
1566 43620 46140 1 4 2520
1567 46260 47040 4 10 780
1568 50580 52200 13 3 1620
1569 52320 54300 3 1 1980
1570 54420 56940 1 4 2520
1571 57060 57840 4 10 780
1572 61380 63000 13 3 1620
1573 63120 65100 3 1 1980
1574 65220 67740 1 4 2520
1575 67860 68640 4 10 780
1576 72180 73800 13 3 1620
1577 73920 75900 3 1 1980
1578 76020 78540 1 4 2520
1579 78660 79440 4 10 780
1581 31560 32280 5 2 720
1582 32400 33120 2 3 720
1583 35160 35880 3 2 720
1584 36000 36720 2 5 720
1585 36840 39360 5 9 2520
1587 30720 32700 3 1 1980
1588 32820 35340 1 4 2520
1589 35460 36240 4 10 780
1590 39660 40440 10 4 780
1591 40560 43080 4 1 2520
1592 43200 45180 1 3 1980
1593 45300 46920 3 13 1620
1594 50460 51240 10 4 780
1595 51360 53880 4 1 2520
1596 54000 55980 1 3 1980
1597 56100 57720 3 13 1620
1598 61260 62040 10 4 780
1599 62160 64680 4 1 2520
1600 64800 66780 1 3 1980
1601 66900 68520 3 13 1620
1602 72060 72840 10 4 780
1603 72960 75480 4 1 2520
1607 30780 32760 3 1 1980
1608 32880 34860 1 0 1980
1609 34980 35880 0 8 900
1610 36000 37680 8 6 1680
1611 37800 40020 6 7 2220
1612 41100 43320 7 6 2220
1613 43440 45120 6 8 1680
1614 45240 46140 8 0 900
1615 46260 48240 0 1 1980
1616 48360 50340 1 3 1980
1617 50460 52080 3 13 1620
1618 55500 57720 7 6 2220
1619 57840 59520 6 8 1680
1620 59640 60540 8 0 900
1621 60660 62640 0 1 1980
1622 62760 64740 1 3 1980
1623 64860 66480 3 13 1620
1624 69900 72120 7 6 2220
1625 72240 73920 6 8 1680
1626 74040 74940 8 0 900
1627 75060 77040 0 1 1980
1630 29160 31200 5 1 2040
1631 31320 33300 1 0 1980
1632 33420 34320 0 8 900
1633 34440 36120 8 6 1680
1634 36240 38460 6 7 2220
1635 38580 40380 7 15 1800
1636 42000 43800 15 7 1800
1637 43920 46140 7 6 2220
1638 46260 47940 6 8 1680
1639 48060 48960 8 0 900
1640 49080 51060 0 1 1980
1641 51180 53220 1 5 2040
1642 56400 58200 15 7 1800
1643 58320 60540 7 6 2220
1644 60660 62340 6 8 1680
1645 62460 63360 8 0 900
1646 63480 65460 0 1 1980
1647 65580 67620 1 5 2040
1648 70800 72600 15 7 1800
1649 72720 74940 7 6 2220
1650 75060 76740 6 8 1680
1651 76860 77760 8 0 900
1652 77880 79860 0 1 1980
1654 29220 29940 5 2 720
1655 30120 31920 2 1 1800
1656 32100 34080 1 0 1980
1657 34680 36660 0 1 1980
1658 36780 38580 1 2 1800
1659 38820 39540 2 5 720
1660 29220 31740 1 4 2520
1661 31860 32640 4 10 780
1662 32880 33840 10 8 960
1663 34860 35820 8 10 960
1664 35940 36720 10 4 780
1665 36960 39480 4 1 2520
1667 32040 34080 5 1 2040
1668 34200 36180 1 0 1980
1669 38280 40260 0 1 1980
1670 40380 42420 1 5 2040
1671 42540 45060 5 9 2520
1672 49080 51060 0 1 1980
1673 51180 53220 1 5 2040
1674 53340 55860 5 9 2520
1675 59880 61860 0 1 1980
1676 61980 64020 1 5 2040
1677 64140 66660 5 9 2520
1678 70680 72660 0 1 1980
1679 72780 74820 1 5 2040
1681 29880 30780 0 8 900
1682 30900 32580 8 6 1680
1683 32700 35940 6 11 3240
1684 36060 37860 11 12 1800
1685 37980 40620 12 16 2640
1686 44340 46980 16 12 2640
1687 47100 48900 12 11 1800
1688 49020 52260 11 6 3240
1689 52380 54060 6 8 1680
1690 54180 55080 8 0 900
1691 58740 61380 16 12 2640
1692 61500 63300 12 11 1800
1693 63420 66660 11 6 3240
1694 66780 68460 6 8 1680
1695 68580 69480 8 0 900
1696 73140 75780 16 12 2640
1697 75900 77700 12 11 1800
1698 77820 81060 11 6 3240
1699 81180 82860 6 8 1680
1700 82980 83880 8 0 900
1703 34620 37860 11 6 3240
1704 37980 39660 6 8 1680
1705 39780 40680 8 0 900
1706 44280 45180 0 8 900
1707 45300 46980 8 6 1680
1708 47100 50340 6 11 3240
1709 50460 52260 11 12 1800
1710 52380 55020 12 16 2640
1711 58680 59580 0 8 900
1712 59700 61380 8 6 1680
1713 61500 64740 6 11 3240
1714 64860 66660 11 12 1800
1715 66780 69420 12 16 2640
1716 73080 73980 0 8 900
1717 74100 75780 8 6 1680
1718 75900 79140 6 11 3240
1723 33720 36600 11 7 2880
1724 37560 40440 7 11 2880
1725 40560 42360 11 12 1800
1726 42480 44040 12 14 1560
1728 32640 34320 6 8 1680
1729 34440 35340 8 0 900
1730 35460 37440 0 1 1980
1731 37560 39540 1 3 1980
1732 39660 41280 3 13 1620
1733 43440 45060 13 3 1620
1734 45180 47160 3 1 1980
1735 47280 49260 1 0 1980
1736 49380 50280 0 8 900
1737 50400 52080 8 6 1680
1738 52200 54420 6 7 2220
1739 57840 59460 13 3 1620
1740 59580 61560 3 1 1980
1741 61680 63660 1 0 1980
1742 63780 64680 0 8 900
1743 64800 66480 8 6 1680
1744 66600 68820 6 7 2220
1745 72240 73860 13 3 1620
1746 73980 75960 3 1 1980
1747 76080 78060 1 0 1980
1748 78180 79080 0 8 900
1749 79200 80880 8 6 1680
1750 81000 83220 6 7 2220
1751 30540 31320 4 10 780
1752 31440 32400 10 8 960
1753 32520 34200 8 6 1680
1754 34320 37560 6 11 3240
1755 37680 39480 11 12 1800
1756 39600 42240 12 16 2640
1757 46260 48900 16 12 2640
1758 49020 50820 12 11 1800
1759 50940 54180 11 6 3240
1760 54300 55980 6 8 1680
1761 56100 57060 8 10 960
1762 57180 57960 10 4 780
1763 60660 63300 16 12 2640
1764 63420 65220 12 11 1800
1765 65340 68580 11 6 3240
1766 68700 70380 6 8 1680
1767 70500 71460 8 10 960
1768 71580 72360 10 4 780
1770 77820 79620 12 11 1800
1771 79740 82980 11 6 3240
1772 83100 84780 6 8 1680
1773 84900 85860 8 10 960
1777 35520 38760 11 6 3240
1778 38880 40560 6 8 1680
1779 40680 41580 8 0 900
1780 41700 43680 0 1 1980
1781 45780 47760 1 0 1980
1782 47940 48840 0 8 900
1783 48960 50640 8 6 1680
1784 50760 54000 6 11 3240
1785 54240 56040 11 12 1800
1786 56280 58920 12 16 2640
1787 60180 62160 1 0 1980
1788 62340 63240 0 8 900
1789 63360 65040 8 6 1680
1790 65160 68400 6 11 3240
1791 68640 70440 11 12 1800
1792 70680 73320 12 16 2640
1793 74580 76560 1 0 1980
1794 76740 77640 0 8 900
1795 77760 79440 8 6 1680
1800 33120 35340 7 6 2220
1801 35460 37140 6 8 1680
1802 37260 38160 8 0 900
1803 38280 40260 0 1 1980
1804 40380 42420 1 5 2040
1805 43560 45600 5 1 2040
1806 45720 47700 1 0 1980
1807 47820 48720 0 8 900
1808 48840 50520 8 6 1680
1809 50640 52860 6 7 2220
1810 52980 54780 7 15 1800
1811 57960 60000 5 1 2040
1812 60120 62100 1 0 1980
1813 62220 63120 0 8 900
1814 63240 64920 8 6 1680
1815 65040 67260 6 7 2220
1816 67380 69180 7 15 1800
1817 72360 74400 5 1 2040
1818 74520 76500 1 0 1980
1819 76620 77520 0 8 900
1820 77640 79320 8 6 1680
1821 79440 81660 6 7 2220
1822 81780 83580 7 15 1800
1823 31320 32220 0 8 900
1824 32340 33300 8 10 960
1825 33540 35700 10 6 2160
1826 35820 39060 6 11 3240
1827 39180 40980 11 12 1800
1828 41100 42660 12 14 1560
1829 46320 47880 14 12 1560
1830 48000 49800 12 11 1800
1831 49920 53160 11 6 3240
1832 53280 55440 6 10 2160
1833 55560 56520 10 8 960
1834 56640 57540 8 0 900
1835 60720 62280 14 12 1560
1836 62400 64200 12 11 1800
1837 64320 67560 11 6 3240
1838 67680 69840 6 10 2160
1839 69960 70920 10 8 960
1840 71040 71940 8 0 900
1841 75120 76680 14 12 1560
1842 76800 78600 12 11 1800
1843 78720 81960 11 6 3240
1844 82080 84240 6 10 2160
1845 84360 85320 10 8 960
1846 85440 86340 8 0 900
1847 31380 33360 1 0 1980
1848 33540 34440 0 8 900
1849 34560 36240 8 6 1680
1850 36360 39600 6 11 3240
1851 39840 41640 11 12 1800
1852 41880 44520 12 16 2640
1853 45240 47880 16 12 2640
1854 48000 49800 12 11 1800
1855 49920 53160 11 6 3240
1856 53280 54960 6 8 1680
1857 55080 55980 8 0 900
1858 56100 58080 0 1 1980
1859 59640 62280 16 12 2640
1860 62400 64200 12 11 1800
1861 64320 67560 11 6 3240
1862 67680 69360 6 8 1680
1863 69480 70380 8 0 900
1864 70500 72480 0 1 1980
1865 74040 76680 16 12 2640
1866 76800 78600 12 11 1800
1867 78720 81960 11 6 3240
1868 82080 83760 6 8 1680
1869 83880 84780 8 0 900
1870 84900 86880 0 1 1980
1872 34620 36420 12 11 1800
1873 36540 39780 11 6 3240
1874 39900 41580 6 8 1680
1875 41700 42660 8 10 960
1876 42780 43560 10 4 780
1877 44940 45720 4 10 780
1878 45840 46800 10 8 960
1879 46920 48600 8 6 1680
1880 48720 51960 6 11 3240
1881 52080 53880 11 12 1800
1882 54000 56640 12 16 2640
1883 59340 60120 4 10 780
1884 60240 61200 10 8 960
1885 61320 63000 8 6 1680
1886 63120 66360 6 11 3240
1887 66480 68280 11 12 1800
1888 68400 71040 12 16 2640
1889 73740 74520 4 10 780
1890 74640 75600 10 8 960
1891 75720 77400 8 6 1680
1892 77520 80760 6 11 3240
1897 35520 38760 11 6 3240
1898 38880 41040 6 10 2160
1899 41160 42120 10 8 960
1900 42240 43140 8 0 900
1901 45720 46620 0 8 900
1902 46740 47700 8 10 960
1903 47940 50100 10 6 2160
1904 50220 53460 6 11 3240
1905 53580 55380 11 12 1800
1906 55500 57060 12 14 1560
1907 60120 61020 0 8 900
1908 61140 62100 8 10 960
1909 62340 64500 10 6 2160
1910 64620 67860 6 11 3240
1911 67980 69780 11 12 1800
1912 69900 71460 12 14 1560
1913 74520 75420 0 8 900
1914 75540 76500 8 10 960
1915 76740 78900 10 6 2160
1916 79020 82260 6 11 3240
1919 32400 33180 4 10 780
1920 33300 35460 10 6 2160
1921 35580 37800 6 7 2220
1922 37920 39720 7 15 1800
1923 42600 44400 15 7 1800
1924 44520 46740 7 6 2220
1925 46860 49020 6 10 2160
1926 49140 49920 10 4 780
1927 32640 34260 13 3 1620
1928 34380 36360 3 1 1980
1929 36480 38460 1 0 1980
1930 38580 39480 0 8 900
1931 39600 41280 8 6 1680
1932 41400 43620 6 7 2220
1933 44700 46920 7 6 2220
1934 47040 48720 6 8 1680
1935 48840 49740 8 0 900
1936 49860 51840 0 1 1980
1937 51960 53940 1 3 1980
1938 54060 55680 3 13 1620
1939 59100 61320 7 6 2220
1940 61440 63120 6 8 1680
1941 63240 64140 8 0 900
1942 64260 66240 0 1 1980
1943 66360 68340 1 3 1980
1944 68460 70080 3 13 1620
1945 73500 75720 7 6 2220
1946 75840 77520 6 8 1680
1947 77640 78540 8 0 900
1948 78660 80640 0 1 1980
1951 32760 34800 5 1 2040
1952 34920 36900 1 0 1980
1953 37020 37920 0 8 900
1954 38040 39720 8 6 1680
1955 39840 42060 6 7 2220
1956 42180 43980 7 15 1800
1957 45600 47400 15 7 1800
1958 47520 49740 7 6 2220
1959 49860 51540 6 8 1680
1960 51660 52560 8 0 900
1961 52680 54660 0 1 1980
1962 54780 56820 1 5 2040
1963 60000 61800 15 7 1800
1964 61920 64140 7 6 2220
1965 64260 65940 6 8 1680
1966 66060 66960 8 0 900
1967 67080 69060 0 1 1980
1968 69180 71220 1 5 2040
1969 74400 76200 15 7 1800
1970 76320 78540 7 6 2220
1971 78660 80340 6 8 1680
1972 80460 81360 8 0 900
1973 81480 83460 0 1 1980
1975 33480 34380 0 8 900
1976 34500 36180 8 6 1680
1977 36300 39540 6 11 3240
1978 39660 41460 11 12 1800
1979 41580 44220 12 16 2640
1980 47940 50580 16 12 2640
1981 50700 52500 12 11 1800
1982 52620 55860 11 6 3240
1983 55980 57660 6 8 1680
1984 57780 58680 8 0 900
1985 62340 64980 16 12 2640
1986 65100 66900 12 11 1800
1987 67020 70260 11 6 3240
1988 70380 72060 6 8 1680
1989 72180 73080 8 0 900
1990 76740 79380 16 12 2640
1991 79500 81300 12 11 1800
1992 81420 84660 11 6 3240
1993 84780 86460 6 8 1680
1994 86580 87480 8 0 900
1996 36300 38100 12 11 1800
1997 38220 41460 11 6 3240
1998 41580 43260 6 8 1680
1999 43380 44280 8 0 900
2000 47880 48780 0 8 900
2001 48900 50580 8 6 1680
2002 50700 53940 6 11 3240
2003 54060 55860 11 12 1800
2004 55980 58620 12 16 2640
2005 62280 63180 0 8 900
2006 63300 64980 8 6 1680
2007 65100 68340 6 11 3240
2008 68460 70260 11 12 1800
2009 70380 73020 12 16 2640
2010 76680 77580 0 8 900
2011 77700 79380 8 6 1680
2012 79500 82740 6 11 3240
2015 34140 34920 4 10 780
2016 35040 36000 10 8 960
2017 36120 37800 8 6 1680
2018 37920 41160 6 11 3240
2019 41280 43080 11 12 1800
2020 43200 45840 12 16 2640
2021 49860 52500 16 12 2640
2022 52620 54420 12 11 1800
2023 54540 57780 11 6 3240
2024 57900 59580 6 8 1680
2025 59700 60660 8 10 960
2026 60780 61560 10 4 780
2027 64260 66900 16 12 2640
2028 67020 68820 12 11 1800
2029 68940 72180 11 6 3240
2030 72300 73980 6 8 1680
2031 74100 75060 8 10 960
2032 75180 75960 10 4 780
2034 81420 83220 12 11 1800
2035 83340 86580 11 6 3240
2036 86700 88380 6 8 1680
2040 37200 39000 12 11 1800
2041 39120 42360 11 6 3240
2042 42480 44160 6 8 1680
2043 44280 45180 8 0 900
2044 45300 47280 0 1 1980
2045 49380 51360 1 0 1980
2046 51540 52440 0 8 900
2047 52560 54240 8 6 1680
2048 54360 57600 6 11 3240
2049 57840 59640 11 12 1800
2050 59880 62520 12 16 2640
2051 63780 65760 1 0 1980
2052 65940 66840 0 8 900
2053 66960 68640 8 6 1680
2054 68760 72000 6 11 3240
2055 72240 74040 11 12 1800
2056 74280 76920 12 16 2640
2057 78180 80160 1 0 1980
2058 80340 81240 0 8 900
2059 81360 83040 8 6 1680
2063 34920 35820 0 8 900
2064 35940 36900 8 10 960
2065 37140 39300 10 6 2160
2066 39420 42660 6 11 3240
2067 42780 44580 11 12 1800
2068 44700 46260 12 14 1560
2069 49920 51480 14 12 1560
2070 51600 53400 12 11 1800
2071 53520 56760 11 6 3240
2072 56880 59040 6 10 2160
2073 59160 60120 10 8 960
2074 60240 61140 8 0 900
2075 64320 65880 14 12 1560
2076 66000 67800 12 11 1800
2077 67920 71160 11 6 3240
2078 71280 73440 6 10 2160
2079 73560 74520 10 8 960
2080 74640 75540 8 0 900
2081 78720 80280 14 12 1560
2082 80400 82200 12 11 1800
2083 82320 85560 11 6 3240
2084 85680 87840 6 10 2160
2085 87960 88920 10 8 960
2086 89040 89940 8 0 900
2087 34980 36960 1 0 1980
2088 37140 38040 0 8 900
2089 38160 39840 8 6 1680
2090 39960 43200 6 11 3240
2091 43440 45240 11 12 1800
2092 45480 48120 12 16 2640
2093 48840 51480 16 12 2640
2094 51600 53400 12 11 1800
2095 53520 56760 11 6 3240
2096 56880 58560 6 8 1680
2097 58680 59580 8 0 900
2098 59700 61680 0 1 1980
2099 63240 65880 16 12 2640
2100 66000 67800 12 11 1800
2101 67920 71160 11 6 3240
2102 71280 72960 6 8 1680
2103 73080 73980 8 0 900
2104 74100 76080 0 1 1980
2105 77640 80280 16 12 2640
2106 80400 82200 12 11 1800
2107 82320 85560 11 6 3240
2108 85680 87360 6 8 1680
2109 87480 88380 8 0 900
2110 88500 90480 0 1 1980
2112 38220 40020 12 11 1800
2113 40140 43380 11 6 3240
2114 43500 45180 6 8 1680
2115 45300 46260 8 10 960
2116 46380 47160 10 4 780
2117 48540 49320 4 10 780
2118 49440 50400 10 8 960
2119 50520 52200 8 6 1680
2120 52320 55560 6 11 3240
2121 55680 57480 11 12 1800
2122 57600 60240 12 16 2640
2123 62940 63720 4 10 780
2124 63840 64800 10 8 960
2125 64920 66600 8 6 1680
2126 66720 69960 6 11 3240
2127 70080 71880 11 12 1800
2128 72000 74640 12 16 2640
2129 77340 78120 4 10 780
2130 78240 79200 10 8 960
2131 79320 81000 8 6 1680
2136 37200 39000 12 11 1800
2137 39120 42360 11 6 3240
2138 42480 44640 6 10 2160
2139 44760 45720 10 8 960
2140 45840 46740 8 0 900
2141 49320 50220 0 8 900
2142 50340 51300 8 10 960
2143 51540 53700 10 6 2160
2144 53820 57060 6 11 3240
2145 57180 58980 11 12 1800
2146 59100 60660 12 14 1560
2147 63720 64620 0 8 900
2148 64740 65700 8 10 960
2149 65940 68100 10 6 2160
2150 68220 71460 6 11 3240
2151 71580 73380 11 12 1800
2152 73500 75060 12 14 1560
2153 78120 79020 0 8 900
2154 79140 80100 8 10 960
2155 80340 82500 10 6 2160
2159 36000 38160 10 6 2160
2160 38280 39960 6 8 1680
2161 40080 40980 8 0 900
2162 43020 43920 0 8 900
2163 44040 45720 8 6 1680
2164 45960 48120 6 10 2160
2165 36120 38640 9 5 2520
2166 38760 39480 5 2 720
2167 39600 40320 2 3 720
2168 42360 43080 3 2 720
2169 43200 43920 2 5 720
2170 44040 46560 5 9 2520
2171 36420 37140 5 2 720
2172 37320 39120 2 1 1800
2173 39300 41280 1 0 1980
2174 41880 43860 0 1 1980
2175 43980 45780 1 2 1800
2176 46020 46740 2 5 720
2177 36420 38940 1 4 2520
2178 39060 39840 4 10 780
2179 40080 41040 10 8 960
2180 42060 43020 8 10 960
2181 43140 43920 10 4 780
2182 44160 46680 4 1 2520
2183 40200 42720 9 5 2520
2184 42840 44880 5 1 2040
2185 45000 46980 1 0 1980
2186 49080 51060 0 1 1980
2187 51180 53220 1 5 2040
2188 53340 55860 5 9 2520
2189 43200 45360 10 6 2160
2190 45480 47160 6 8 1680
2191 47280 48180 8 0 900
2192 50220 51120 0 8 900
2193 51240 52920 8 6 1680
2194 53160 55320 6 10 2160
2195 43200 43980 4 10 780
2196 44100 46260 10 6 2160
2197 46380 48600 6 7 2220
2198 48720 50520 7 15 1800
2199 53400 55200 15 7 1800
2200 55320 57540 7 6 2220
2201 57660 59820 6 10 2160
2202 59940 60720 10 4 780
2203 43320 45840 9 5 2520
2204 45960 46680 5 2 720
2205 46800 47520 2 3 720
2206 49560 50280 3 2 720
2207 50400 51120 2 5 720
2208 51240 53760 5 9 2520
2209 43620 44340 5 2 720
2210 44520 46320 2 1 1800
2211 46500 48480 1 0 1980
2212 49080 51060 0 1 1980
2213 51180 52980 1 2 1800
2214 53220 53940 2 5 720
2215 43620 46140 1 4 2520
2216 46260 47040 4 10 780
2217 47280 48240 10 8 960
2218 49260 50220 8 10 960
2219 50340 51120 10 4 780
2220 51360 53880 4 1 2520
2221 47040 48660 13 3 1620
2222 48780 50760 3 1 1980
2223 50880 52860 1 0 1980
2224 52980 53880 0 8 900
2225 54000 55680 8 6 1680
2226 55800 58020 6 7 2220
2227 59100 61320 7 6 2220
2228 61440 63120 6 8 1680
2229 63240 64140 8 0 900
2230 64260 66240 0 1 1980
2231 66360 68340 1 3 1980
2232 68460 70080 3 13 1620
2233 47160 49200 5 1 2040
2234 49320 51300 1 0 1980
2235 51420 52320 0 8 900
2236 52440 54120 8 6 1680
2237 54240 56460 6 7 2220
2238 56580 58380 7 15 1800
2239 60000 61800 15 7 1800
2240 61920 64140 7 6 2220
2241 64260 65940 6 8 1680
2242 66060 66960 8 0 900
2243 67080 69060 0 1 1980
2244 69180 71220 1 5 2040
2245 50400 52560 10 6 2160
2246 52680 54360 6 8 1680
2247 54480 55380 8 0 900
2248 57420 58320 0 8 900
2249 58440 60120 8 6 1680
2250 60360 62520 6 10 2160
2251 50520 53040 9 5 2520
2252 53160 53880 5 2 720
2253 54000 54720 2 3 720
2254 56760 57480 3 2 720
2255 57600 58320 2 5 720
2256 58440 60960 5 9 2520
2257 50820 51540 5 2 720
2258 51720 53520 2 1 1800
2259 53700 55680 1 0 1980
2260 56280 58260 0 1 1980
2261 58380 60180 1 2 1800
2262 60420 61140 2 5 720
2263 50820 53340 1 4 2520
2264 53460 54240 4 10 780
2265 54480 55440 10 8 960
2266 56460 57420 8 10 960
2267 57540 58320 10 4 780
2268 58560 61080 4 1 2520
2269 51000 53520 9 5 2520
2270 53640 55680 5 1 2040
2271 55800 57780 1 0 1980
2272 59880 61860 0 1 1980
2273 61980 64020 1 5 2040
2274 64140 66660 5 9 2520
2275 54000 54780 4 10 780
2276 54900 57060 10 6 2160
2277 57180 59400 6 7 2220
2278 59520 61320 7 15 1800
2279 64200 66000 15 7 1800
2280 66120 68340 7 6 2220
2281 68460 70620 6 10 2160
2282 70740 71520 10 4 780
2283 57600 59760 10 6 2160
2284 59880 61560 6 8 1680
2285 61680 62580 8 0 900
2286 64620 65520 0 8 900
2287 65640 67320 8 6 1680
2288 67560 69720 6 10 2160
2289 57720 60240 9 5 2520
2290 60360 61080 5 2 720
2291 61200 61920 2 3 720
2292 63960 64680 3 2 720
2293 64800 65520 2 5 720
2294 65640 68160 5 9 2520
2295 58020 58740 5 2 720
2296 58920 60720 2 1 1800
2297 60900 62880 1 0 1980
2298 63480 65460 0 1 1980
2299 65580 67380 1 2 1800
2300 67620 68340 2 5 720
2301 58020 60540 1 4 2520
2302 60660 61440 4 10 780
2303 61680 62640 10 8 960
2304 63660 64620 8 10 960
2305 64740 65520 10 4 780
2306 65760 68280 4 1 2520
2307 61440 63060 13 3 1620
2308 63180 65160 3 1 1980
2309 65280 67260 1 0 1980
2310 67380 68280 0 8 900
2311 68400 70080 8 6 1680
2312 70200 72420 6 7 2220
2313 73500 75720 7 6 2220
2314 75840 77520 6 8 1680
2315 77640 78540 8 0 900
2316 78660 80640 0 1 1980
2319 61560 63600 5 1 2040
2320 63720 65700 1 0 1980
2321 65820 66720 0 8 900
2322 66840 68520 8 6 1680
2323 68640 70860 6 7 2220
2324 70980 72780 7 15 1800
2325 74400 76200 15 7 1800
2326 76320 78540 7 6 2220
2327 78660 80340 6 8 1680
2328 80460 81360 8 0 900
2329 81480 83460 0 1 1980
2331 61800 64320 9 5 2520
2332 64440 66480 5 1 2040
2333 66600 68580 1 0 1980
2334 70680 72660 0 1 1980
2335 72780 74820 1 5 2040
2337 64800 66960 10 6 2160
2338 67080 68760 6 8 1680
2339 68880 69780 8 0 900
2340 71820 72720 0 8 900
2341 72840 74520 8 6 1680
2342 74760 76920 6 10 2160
2343 64800 65580 4 10 780
2344 65700 67860 10 6 2160
2345 67980 70200 6 7 2220
2346 70320 72120 7 15 1800
2347 75000 76800 15 7 1800
2348 76920 79140 7 6 2220
2349 79260 81420 6 10 2160
2351 64920 67440 9 5 2520
2352 67560 68280 5 2 720
2353 68400 69120 2 3 720
2354 71160 71880 3 2 720
2355 72000 72720 2 5 720
2356 72840 75360 5 9 2520
2357 65220 65940 5 2 720
2358 66120 67920 2 1 1800
2359 68100 70080 1 0 1980
2360 70680 72660 0 1 1980
2361 72780 74580 1 2 1800
2362 74820 75540 2 5 720
2363 65220 67740 1 4 2520
2364 67860 68640 4 10 780
2365 68880 69840 10 8 960
2366 70860 71820 8 10 960
2367 71940 72720 10 4 780
2368 72960 75480 4 1 2520
2369 72000 74160 10 6 2160
2370 74280 75960 6 8 1680
2371 76080 76980 8 0 900
2372 79020 79920 0 8 900
2373 80040 81720 8 6 1680
2374 81960 84120 6 10 2160
2375 72120 74640 9 5 2520
2376 74760 75480 5 2 720
2377 75600 76320 2 3 720
2381 72420 73140 5 2 720
2382 73320 75120 2 1 1800
2383 75300 77280 1 0 1980
2384 77880 79860 0 1 1980
2387 72420 74940 1 4 2520
2388 75060 75840 4 10 780
2389 76080 77040 10 8 960
2390 78060 79020 8 10 960
2391 79140 79920 10 4 780
2392 80160 82680 4 1 2520
2393 72600 75120 9 5 2520
2394 75240 77280 5 1 2040
2395 77400 79380 1 0 1980
2396 81480 83460 0 1 1980
2399 75600 76380 4 10 780
2400 76500 78660 10 6 2160
2401 78780 81000 6 7 2220
2402 81120 82920 7 15 1800
2403 85800 87600 15 7 1800
2404 87720 89940 7 6 2220
2407 75840 77460 13 3 1620
2408 77580 79560 3 1 1980
2409 79680 81660 1 0 1980
2410 81780 82680 0 8 900
2411 82800 84480 8 6 1680
2412 84600 86820 6 7 2220
2413 87900 90120 7 6 2220
2414 90240 91920 6 8 1680
2415 92040 92940 8 0 900
2416 93060 95040 0 1 1980
2419 75960 78000 5 1 2040
2420 78120 80100 1 0 1980
2421 80220 81120 0 8 900
2422 81240 82920 8 6 1680
2423 83040 85260 6 7 2220
2424 85380 87180 7 15 1800
2425 88800 90600 15 7 1800
2426 90720 92940 7 6 2220
2427 93060 94740 6 8 1680
2428 94860 95760 8 0 900
2429 95880 97860 0 1 1980
2431 79200 81360 10 6 2160
2432 81480 83160 6 8 1680
2433 83280 84180 8 0 900
2434 86220 87120 0 8 900
2435 87240 88920 8 6 1680
