0 8 15
8 10 16
4 10 13
6 8 28
0 1 33
2 3 12
2 5 12
12 16 44
8 0 15
10 8 16
10 4 13
8 6 28
1 0 33
3 2 12
5 2 12
16 12 44
6 11 54
11 6 54
1 5 34
5 1 34
1 2 30
2 1 30
7 17 6
17 7 6
3 18 14
18 3 14
13 18 11
18 13 11
5 19 6
19 5 6
7 20 12
20 7 12
11 21 54
21 11 54
15 21 6
21 15 6
13 22 31
22 13 31
9 22 7
22 9 7
6 23 7
23 6 7
20 23 14
23 20 14
10 24 7
24 10 7
9 25 13
25 9 13
19 25 19
25 19 19
11 26 22
26 11 22
12 26 6
26 12 6
7 27 15
27 7 15
15 27 13
27 15 13
6 28 18
28 6 18
24 28 7
28 24 7
12 29 16
29 12 16
14 29 8
29 14 8
1 30 9
30 1 9
3 30 22
30 3 22
4 31 28
31 4 28
1 31 12
31 1 12
11 32 31
32 11 31
17 32 7
32 17 7
1 33 33
33 1 33
8 33 15
33 8 15
