0 31860 34440 3 2 2580
1 34560 35700 2 5 1140
2 37260 39840 3 2 2580
3 39960 41100 2 5 1140
4 42660 45240 3 2 2580
5 45360 46500 2 5 1140
6 48060 50640 3 2 2580
7 50760 51900 2 5 1140
8 53460 56040 3 2 2580
9 56160 57300 2 5 1140
10 58860 61440 3 2 2580
11 61560 62700 2 5 1140
12 64260 66840 3 2 2580
13 66960 68100 2 5 1140
14 69660 72240 3 2 2580
15 72360 73500 2 5 1140
16 75060 77640 3 2 2580
17 77760 78900 2 5 1140
18 24180 25080 0 4 900
19 25200 26820 4 1 1620
20 27720 29340 1 4 1620
21 29460 30360 4 0 900
22 30480 32400 0 2 1920
23 34920 36540 1 4 1620
24 36660 37560 4 0 900
25 37680 39600 0 2 1920
26 42120 43740 1 4 1620
27 43860 44760 4 0 900
28 44880 46800 0 2 1920
29 49320 50940 1 4 1620
30 51060 51960 4 0 900
31 52080 54000 0 2 1920
32 56520 58140 1 4 1620
33 58260 59160 4 0 900
34 59280 61200 0 2 1920
35 63720 65340 1 4 1620
36 65460 66360 4 0 900
37 66480 68400 0 2 1920
38 70920 72540 1 4 1620
39 72660 73560 4 0 900
40 73680 75600 0 2 1920
41 78120 79740 1 4 1620
42 79860 80760 4 0 900
43 27600 30480 5 0 2880
44 30600 31500 0 4 900
45 33840 34740 4 0 900
46 34860 37740 0 5 2880
47 37860 39660 5 3 1800
48 39780 42900 3 7 3120
49 44640 45540 4 0 900
50 45660 48540 0 5 2880
51 48660 50460 5 3 1800
52 50580 53700 3 7 3120
53 55440 56340 4 0 900
54 56460 59340 0 5 2880
55 59460 61260 5 3 1800
56 61380 64500 3 7 3120
57 66240 67140 4 0 900
58 67260 70140 0 5 2880
59 70260 72060 5 3 1800
60 72180 75300 3 7 3120
61 77040 77940 4 0 900
62 78060 80940 0 5 2880
63 24780 27180 0 1 2400
64 27300 29880 1 6 2580
65 31440 34020 6 1 2580
66 34140 36540 1 0 2400
67 36660 38580 0 2 1920
68 42240 44820 6 1 2580
69 44940 47340 1 0 2400
70 47460 49380 0 2 1920
71 53040 55620 6 1 2580
72 55740 58140 1 0 2400
73 58260 60180 0 2 1920
74 63840 66420 6 1 2580
75 66540 68940 1 0 2400
76 69060 70980 0 2 1920
77 74640 77220 6 1 2580
78 77340 79740 1 0 2400
79 32700 33840 5 2 1140
80 34080 36660 2 3 2580
81 38100 39240 5 2 1140
82 39480 42060 2 3 2580
83 43500 44640 5 2 1140
84 44880 47460 2 3 2580
85 48900 50040 5 2 1140
86 50280 52860 2 3 2580
87 54300 55440 5 2 1140
88 55680 58260 2 3 2580
89 59700 60840 5 2 1140
90 61080 63660 2 3 2580
91 65100 66240 5 2 1140
92 66480 69060 2 3 2580
93 70500 71640 5 2 1140
94 71880 74460 2 3 2580
95 75900 77040 5 2 1140
96 77280 79860 2 3 2580
97 24060 26940 0 5 2880
98 27060 28860 5 3 1800
99 28980 32100 3 7 3120
100 33240 36360 7 3 3120
101 36480 38280 3 5 1800
102 38400 41280 5 0 2880
103 41400 42300 0 4 900
104 44040 47160 7 3 3120
105 47280 49080 3 5 1800
106 49200 52080 5 0 2880
107 52200 53100 0 4 900
108 54840 57960 7 3 3120
109 58080 59880 3 5 1800
110 60000 62880 5 0 2880
111 63000 63900 0 4 900
112 65640 68760 7 3 3120
113 68880 70680 3 5 1800
114 70800 73680 5 0 2880
115 73800 74700 0 4 900
116 76440 79560 7 3 3120
117 79680 81480 3 5 1800
118 81600 84480 5 0 2880
119 30960 32100 2 5 1140
120 33660 36240 3 2 2580
121 36360 37500 2 5 1140
122 39060 41640 3 2 2580
123 41760 42900 2 5 1140
124 44460 47040 3 2 2580
125 47160 48300 2 5 1140
126 49860 52440 3 2 2580
127 52560 53700 2 5 1140
128 55260 57840 3 2 2580
129 57960 59100 2 5 1140
130 60660 63240 3 2 2580
131 63360 64500 2 5 1140
132 66060 68640 3 2 2580
133 68760 69900 2 5 1140
134 71460 74040 3 2 2580
135 74160 75300 2 5 1140
136 76860 79440 3 2 2580
137 79560 80700 2 5 1140
138 25860 26760 4 0 900
139 26880 28800 0 2 1920
140 32940 34860 2 0 1920
141 34980 35880 0 4 900
142 36000 37620 4 1 1620
143 40140 42060 2 0 1920
144 42180 43080 0 4 900
145 43200 44820 4 1 1620
146 47340 49260 2 0 1920
147 49380 50280 0 4 900
148 50400 52020 4 1 1620
149 54540 56460 2 0 1920
150 56580 57480 0 4 900
151 57600 59220 4 1 1620
152 61740 63660 2 0 1920
153 63780 64680 0 4 900
154 64800 66420 4 1 1620
155 68940 70860 2 0 1920
156 70980 71880 0 4 900
157 72000 73620 4 1 1620
158 76140 78060 2 0 1920
159 78180 79080 0 4 900
160 79200 80820 4 1 1620
161 25980 30000 4 6 4020
162 31440 35460 6 4 4020
163 35580 37200 4 1 1620
164 38640 42660 6 4 4020
165 42780 44400 4 1 1620
166 45840 49860 6 4 4020
167 49980 51600 4 1 1620
168 53040 57060 6 4 4020
169 57180 58800 4 1 1620
170 60240 64260 6 4 4020
171 64380 66000 4 1 1620
172 67440 71460 6 4 4020
173 71580 73200 4 1 1620
174 74640 78660 6 4 4020
175 78780 80400 4 1 1620
176 29400 32280 5 0 2880
177 32400 33300 0 4 900
178 35640 36540 4 0 900
179 36660 39540 0 5 2880
180 39660 41460 5 3 1800
181 41580 44700 3 7 3120
182 46440 47340 4 0 900
183 47460 50340 0 5 2880
184 50460 52260 5 3 1800
185 52380 55500 3 7 3120
186 57240 58140 4 0 900
187 58260 61140 0 5 2880
188 61260 63060 5 3 1800
189 63180 66300 3 7 3120
190 68040 68940 4 0 900
191 69060 71940 0 5 2880
192 72060 73860 5 3 1800
193 73980 77100 3 7 3120
194 78840 79740 4 0 900
195 79860 82740 0 5 2880
196 28380 30000 4 1 1620
197 31320 32940 1 4 1620
198 33180 37200 4 6 4020
199 38520 40140 1 4 1620
200 40380 44400 4 6 4020
201 45720 47340 1 4 1620
202 47580 51600 4 6 4020
203 52920 54540 1 4 1620
204 54780 58800 4 6 4020
205 60120 61740 1 4 1620
206 61980 66000 4 6 4020
207 67320 68940 1 4 1620
208 69180 73200 4 6 4020
209 74520 76140 1 4 1620
210 76380 80400 4 6 4020
211 29460 31380 0 2 1920
212 33540 35460 2 0 1920
213 35580 37980 0 1 2400
214 38100 40680 1 6 2580
215 44340 46260 2 0 1920
216 46380 48780 0 1 2400
217 48900 51480 1 6 2580
218 55140 57060 2 0 1920
219 57180 59580 0 1 2400
220 59700 62280 1 6 2580
221 65940 67860 2 0 1920
222 67980 70380 0 1 2400
223 70500 73080 1 6 2580
224 76740 78660 2 0 1920
225 78780 81180 0 1 2400
226 29100 30240 5 2 1140
227 30480 33060 2 3 2580
228 34500 35640 5 2 1140
229 35880 38460 2 3 2580
230 39900 41040 5 2 1140
231 41280 43860 2 3 2580
232 45300 46440 5 2 1140
233 46680 49260 2 3 2580
234 50700 51840 5 2 1140
235 52080 54660 2 3 2580
236 56100 57240 5 2 1140
237 57480 60060 2 3 2580
238 61500 62640 5 2 1140
239 62880 65460 2 3 2580
240 66900 68040 5 2 1140
241 68280 70860 2 3 2580
242 72300 73440 5 2 1140
243 73680 76260 2 3 2580
244 77700 78840 5 2 1140
245 25860 28740 0 5 2880
246 28860 30660 5 3 1800
247 30780 33900 3 7 3120
248 35040 38160 7 3 3120
249 38280 40080 3 5 1800
250 40200 43080 5 0 2880
251 43200 44100 0 4 900
252 45840 48960 7 3 3120
253 49080 50880 3 5 1800
254 51000 53880 5 0 2880
255 54000 54900 0 4 900
256 56640 59760 7 3 3120
257 59880 61680 3 5 1800
258 61800 64680 5 0 2880
259 64800 65700 0 4 900
260 67440 70560 7 3 3120
261 70680 72480 3 5 1800
262 72600 75480 5 0 2880
263 75600 76500 0 4 900
264 78240 81360 7 3 3120
265 81480 83280 3 5 1800
266 83400 86280 5 0 2880
267 30060 32640 3 2 2580
268 32760 33900 2 5 1140
269 35460 38040 3 2 2580
270 38160 39300 2 5 1140
271 40860 43440 3 2 2580
272 43560 44700 2 5 1140
273 46260 48840 3 2 2580
274 48960 50100 2 5 1140
275 51660 54240 3 2 2580
276 54360 55500 2 5 1140
277 57060 59640 3 2 2580
278 59760 60900 2 5 1140
279 62460 65040 3 2 2580
280 65160 66300 2 5 1140
281 67860 70440 3 2 2580
282 70560 71700 2 5 1140
283 73260 75840 3 2 2580
284 75960 77100 2 5 1140
285 78660 81240 3 2 2580
286 81360 82500 2 5 1140
287 27780 28680 0 4 900
288 28800 30420 4 1 1620
289 31320 32940 1 4 1620
290 33060 33960 4 0 900
291 34080 36000 0 2 1920
292 38520 40140 1 4 1620
293 40260 41160 4 0 900
294 41280 43200 0 2 1920
295 45720 47340 1 4 1620
296 47460 48360 4 0 900
297 48480 50400 0 2 1920
298 52920 54540 1 4 1620
299 54660 55560 4 0 900
300 55680 57600 0 2 1920
301 60120 61740 1 4 1620
302 61860 62760 4 0 900
303 62880 64800 0 2 1920
304 67320 68940 1 4 1620
305 69060 69960 4 0 900
306 70080 72000 0 2 1920
307 74520 76140 1 4 1620
308 76260 77160 4 0 900
309 77280 79200 0 2 1920
310 31200 34080 5 0 2880
311 34200 35100 0 4 900
312 37440 38340 4 0 900
313 38460 41340 0 5 2880
314 41460 43260 5 3 1800
315 43380 46500 3 7 3120
316 48240 49140 4 0 900
317 49260 52140 0 5 2880
318 52260 54060 5 3 1800
319 54180 57300 3 7 3120
320 59040 59940 4 0 900
321 60060 62940 0 5 2880
322 63060 64860 5 3 1800
323 64980 68100 3 7 3120
324 69840 70740 4 0 900
325 70860 73740 0 5 2880
326 73860 75660 5 3 1800
327 28380 30780 0 1 2400
328 30900 33480 1 6 2580
329 35040 37620 6 1 2580
330 37740 40140 1 0 2400
331 40260 42180 0 2 1920
332 45840 48420 6 1 2580
333 48540 50940 1 0 2400
334 51060 52980 0 2 1920
335 56640 59220 6 1 2580
336 59340 61740 1 0 2400
337 61860 63780 0 2 1920
338 67440 70020 6 1 2580
339 70140 72540 1 0 2400
340 72660 74580 0 2 1920
341 78240 80820 6 1 2580
342 80940 83340 1 0 2400
343 26640 27540 4 0 900
344 27660 30540 0 5 2880
345 30660 32460 5 3 1800
346 32580 35700 3 7 3120
347 36840 39960 7 3 3120
348 40080 41880 3 5 1800
349 42000 44880 5 0 2880
350 45000 45900 0 4 900
351 47640 50760 7 3 3120
352 50880 52680 3 5 1800
353 52800 55680 5 0 2880
354 55800 56700 0 4 900
355 58440 61560 7 3 3120
356 61680 63480 3 5 1800
357 63600 66480 5 0 2880
358 66600 67500 0 4 900
359 69240 72360 7 3 3120
360 72480 74280 3 5 1800
361 74400 77280 5 0 2880
362 77400 78300 0 4 900
363 27720 29340 1 4 1620
364 29580 33600 4 6 4020
365 35040 39060 6 4 4020
366 39180 40800 4 1 1620
367 42240 46260 6 4 4020
368 46380 48000 4 1 1620
369 49440 53460 6 4 4020
370 53580 55200 4 1 1620
371 56640 60660 6 4 4020
372 60780 62400 4 1 1620
373 63840 67860 6 4 4020
374 67980 69600 4 1 1620
375 71040 75060 6 4 4020
376 75180 76800 4 1 1620
377 31080 32880 3 5 1800
378 33000 35880 5 0 2880
379 36000 36900 0 4 900
380 39240 40140 4 0 900
381 40260 43140 0 5 2880
382 43260 45060 5 3 1800
383 45180 48300 3 7 3120
384 50040 50940 4 0 900
385 51060 53940 0 5 2880
386 54060 55860 5 3 1800
387 55980 59100 3 7 3120
388 60840 61740 4 0 900
389 61860 64740 0 5 2880
390 64860 66660 5 3 1800
391 66780 69900 3 7 3120
392 71640 72540 4 0 900
393 72660 75540 0 5 2880
394 75660 77460 5 3 1800
395 31980 33600 4 1 1620
396 34920 36540 1 4 1620
397 36780 40800 4 6 4020
398 42120 43740 1 4 1620
399 43980 48000 4 6 4020
400 49320 50940 1 4 1620
401 51180 55200 4 6 4020
402 56520 58140 1 4 1620
403 58380 62400 4 6 4020
404 63720 65340 1 4 1620
405 65580 69600 4 6 4020
406 70920 72540 1 4 1620
407 72780 76800 4 6 4020
408 30540 32940 1 0 2400
409 33060 34980 0 2 1920
410 37140 39060 2 0 1920
411 39180 41580 0 1 2400
412 41700 44280 1 6 2580
413 47940 49860 2 0 1920
414 49980 52380 0 1 2400
415 52500 55080 1 6 2580
416 58740 60660 2 0 1920
417 60780 63180 0 1 2400
418 63300 65880 1 6 2580
419 69540 71460 2 0 1920
420 71580 73980 0 1 2400
421 74100 76680 1 6 2580
422 28440 29340 4 0 900
423 29460 32340 0 5 2880
424 32460 34260 5 3 1800
425 34380 37500 3 7 3120
426 38640 41760 7 3 3120
427 41880 43680 3 5 1800
428 43800 46680 5 0 2880
429 46800 47700 0 4 900
430 49440 52560 7 3 3120
431 52680 54480 3 5 1800
432 54600 57480 5 0 2880
433 57600 58500 0 4 900
434 60240 63360 7 3 3120
435 63480 65280 3 5 1800
436 65400 68280 5 0 2880
437 68400 69300 0 4 900
438 71040 74160 7 3 3120
439 74280 76080 3 5 1800
440 76200 79080 5 0 2880
441 31380 32280 0 4 900
442 32400 34020 4 1 1620
443 34920 36540 1 4 1620
444 36660 37560 4 0 900
445 37680 39600 0 2 1920
446 32880 34680 3 5 1800
447 34800 37680 5 0 2880
448 37800 38700 0 4 900
449 41040 41940 4 0 900
450 42060 44940 0 5 2880
451 45060 46860 5 3 1800
452 46980 50100 3 7 3120
453 51840 52740 4 0 900
454 52860 55740 0 5 2880
455 55860 57660 5 3 1800
456 57780 60900 3 7 3120
457 62640 63540 4 0 900
458 63660 66540 0 5 2880
459 66660 68460 5 3 1800
460 68580 71700 3 7 3120
461 73440 74340 4 0 900
462 74460 77340 0 5 2880
463 77460 79260 5 3 1800
464 29940 31860 2 0 1920
465 31980 34380 0 1 2400
466 34500 37080 1 6 2580
467 38640 41220 6 1 2580
468 41340 43740 1 0 2400
469 43860 45780 0 2 1920
470 49440 52020 6 1 2580
471 52140 54540 1 0 2400
472 54660 56580 0 2 1920
473 60240 62820 6 1 2580
474 62940 65340 1 0 2400
475 65460 67380 0 2 1920
476 71040 73620 6 1 2580
477 73740 76140 1 0 2400
478 76260 78180 0 2 1920
479 30240 31140 4 0 900
480 31260 34140 0 5 2880
481 34260 36060 5 3 1800
482 36180 39300 3 7 3120
483 40440 43560 7 3 3120
484 43680 45480 3 5 1800
485 45600 48480 5 0 2880
486 48600 49500 0 4 900
487 51240 54360 7 3 3120
488 54480 56280 3 5 1800
489 56400 59280 5 0 2880
490 59400 60300 0 4 900
491 62040 65160 7 3 3120
492 65280 67080 3 5 1800
493 67200 70080 5 0 2880
494 70200 71100 0 4 900
495 72840 75960 7 3 3120
496 76080 77880 3 5 1800
497 78000 80880 5 0 2880
498 30900 32040 5 2 1140
499 32280 34860 2 3 2580
500 35460 38040 3 2 2580
501 38160 39300 2 5 1140
502 34680 36480 3 5 1800
503 36600 39480 5 0 2880
504 39600 40500 0 4 900
505 42840 43740 4 0 900
506 43860 46740 0 5 2880
507 46860 48660 5 3 1800
508 48780 51900 3 7 3120
509 53640 54540 4 0 900
510 54660 57540 0 5 2880
511 57660 59460 5 3 1800
512 59580 62700 3 7 3120
513 64440 65340 4 0 900
514 65460 68340 0 5 2880
515 68460 70260 5 3 1800
516 70380 73500 3 7 3120
517 75240 76140 4 0 900
518 76260 79140 0 5 2880
519 32040 32940 4 0 900
520 33060 35940 0 5 2880
521 36060 37860 5 3 1800
522 37980 41100 3 7 3120
523 42240 45360 7 3 3120
524 45480 47280 3 5 1800
525 47400 50280 5 0 2880
526 50400 51300 0 4 900
527 53040 56160 7 3 3120
528 56280 58080 3 5 1800
529 58200 61080 5 0 2880
530 61200 62100 0 4 900
531 63840 66960 7 3 3120
532 67080 68880 3 5 1800
533 69000 71880 5 0 2880
534 72000 72900 0 4 900
535 74640 77760 7 3 3120
536 77880 79680 3 5 1800
537 79800 82680 5 0 2880
538 36300 37440 5 2 1140
539 37680 40260 2 3 2580
540 40860 43440 3 2 2580
541 43560 44700 2 5 1140
542 36540 38460 2 0 1920
543 38580 39480 0 4 900
544 39600 41220 4 1 1620
545 42120 43740 1 4 1620
546 43860 44760 4 0 900
547 44880 46800 0 2 1920
548 40740 42660 2 0 1920
549 42780 45180 0 1 2400
550 45300 47880 1 6 2580
551 49440 52020 6 1 2580
552 52140 54540 1 0 2400
553 54660 56580 0 2 1920
554 41700 42840 5 2 1140
555 43080 45660 2 3 2580
556 46260 48840 3 2 2580
557 48960 50100 2 5 1140
558 43740 45660 2 0 1920
559 45780 46680 0 4 900
560 46800 48420 4 1 1620
561 49320 50940 1 4 1620
562 51060 51960 4 0 900
563 52080 54000 0 2 1920
564 47100 48240 5 2 1140
565 48480 51060 2 3 2580
566 51660 54240 3 2 2580
567 54360 55500 2 5 1140
568 50940 52860 2 0 1920
569 52980 53880 0 4 900
570 54000 55620 4 1 1620
571 56520 58140 1 4 1620
572 58260 59160 4 0 900
573 59280 61200 0 2 1920
574 51540 53460 2 0 1920
575 53580 55980 0 1 2400
576 56100 58680 1 6 2580
577 60240 62820 6 1 2580
578 62940 65340 1 0 2400
579 65460 67380 0 2 1920
580 52500 53640 5 2 1140
581 53880 56460 2 3 2580
582 57060 59640 3 2 2580
583 59760 60900 2 5 1140
584 57900 59040 5 2 1140
585 59280 61860 2 3 2580
586 62460 65040 3 2 2580
587 65160 66300 2 5 1140
588 58140 60060 2 0 1920
589 60180 61080 0 4 900
590 61200 62820 4 1 1620
591 63720 65340 1 4 1620
592 65460 66360 4 0 900
593 66480 68400 0 2 1920
594 62340 64260 2 0 1920
595 64380 66780 0 1 2400
596 66900 69480 1 6 2580
597 71040 73620 6 1 2580
598 73740 76140 1 0 2400
599 76260 78180 0 2 1920
600 63300 64440 5 2 1140
601 64680 67260 2 3 2580
602 67860 70440 3 2 2580
603 70560 71700 2 5 1140
604 65340 67260 2 0 1920
605 67380 68280 0 4 900
606 68400 70020 4 1 1620
607 70920 72540 1 4 1620
608 72660 73560 4 0 900
609 73680 75600 0 2 1920
610 68700 69840 5 2 1140
611 70080 72660 2 3 2580
612 73260 75840 3 2 2580
613 75960 77100 2 5 1140
614 72540 74460 2 0 1920
615 74580 75480 0 4 900
616 75600 77220 4 1 1620
617 78120 79740 1 4 1620
618 79860 80760 4 0 900
619 73140 75060 2 0 1920
620 75180 77580 0 1 2400
621 77700 80280 1 6 2580
622 81840 84420 6 1 2580
623 84540 86940 1 0 2400
624 74100 75240 5 2 1140
625 75480 78060 2 3 2580
626 78660 81240 3 2 2580
627 81360 82500 2 5 1140
