1 23040 23820 16 2 780
2 23940 25020 2 1 1080
3 25140 26940 1 0 1800
4 28320 30120 0 1 1800
5 30240 31320 1 2 1080
6 31440 32220 2 16 780
7 32340 33660 16 15 1320
8 35520 37320 0 1 1800
9 37440 38520 1 2 1080
10 38640 39420 2 16 780
11 39540 40860 16 15 1320
12 42720 44520 0 1 1800
13 44640 45720 1 2 1080
14 45840 46620 2 16 780
15 46740 48060 16 15 1320
16 49920 51720 0 1 1800
17 51840 52920 1 2 1080
18 53040 53820 2 16 780
19 53940 55260 16 15 1320
20 57120 58920 0 1 1800
21 59040 60120 1 2 1080
22 60240 61020 2 16 780
23 61140 62460 16 15 1320
24 64320 66120 0 1 1800
25 66240 67320 1 2 1080
26 67440 68220 2 16 780
27 68340 69660 16 15 1320
28 71520 73320 0 1 1800
29 73440 74520 1 2 1080
30 74640 75420 2 16 780
31 75540 76860 16 15 1320
32 78720 80520 0 1 1800
33 80640 81720 1 2 1080
34 81840 82620 2 16 780
39 27900 29700 1 0 1800
40 31620 33420 0 1 1800
41 33540 37260 1 8 3720
42 37380 38040 8 17 660
43 38160 39720 17 11 1560
44 42420 44220 0 1 1800
45 44340 48060 1 8 3720
46 48180 48840 8 17 660
47 48960 50520 17 11 1560
48 53220 55020 0 1 1800
49 55140 58860 1 8 3720
50 58980 59640 8 17 660
51 59760 61320 17 11 1560
52 64020 65820 0 1 1800
53 65940 69660 1 8 3720
54 69780 70440 8 17 660
55 70560 72120 17 11 1560
56 74820 76620 0 1 1800
57 76740 80460 1 8 3720
62 23580 24900 16 15 1320
63 26940 28260 15 16 1320
64 28380 29400 16 3 1020
65 29640 30240 3 2 600
66 34140 35460 15 16 1320
67 35580 36600 16 3 1020
68 36840 37440 3 2 600
69 41340 42660 15 16 1320
70 42780 43800 16 3 1020
71 44040 44640 3 2 600
72 48540 49860 15 16 1320
73 49980 51000 16 3 1020
74 51240 51840 3 2 600
75 55740 57060 15 16 1320
76 57180 58200 16 3 1020
77 58440 59040 3 2 600
78 62940 64260 15 16 1320
79 64380 65400 16 3 1020
80 65640 66240 3 2 600
81 70140 71460 15 16 1320
82 71580 72600 16 3 1020
83 72840 73440 3 2 600
84 77340 78660 15 16 1320
85 78780 79800 16 3 1020
86 80040 80640 3 2 600
90 27600 29400 1 0 1800
91 31920 33720 0 1 1800
92 33840 37560 1 8 3720
93 37680 38340 8 17 660
94 38460 39660 17 14 1200
95 42720 44520 0 1 1800
96 44640 48360 1 8 3720
97 48480 49140 8 17 660
98 49260 50460 17 14 1200
99 53520 55320 0 1 1800
100 55440 59160 1 8 3720
101 59280 59940 8 17 660
102 60060 61260 17 14 1200
103 64320 66120 0 1 1800
104 66240 69960 1 8 3720
105 70080 70740 8 17 660
106 70860 72060 17 14 1200
107 75120 76920 0 1 1800
108 77040 80760 1 8 3720
117 37020 39360 7 4 2340
118 39480 40260 4 6 780
119 40380 42540 6 0 2160
120 42660 44460 0 1 1800
121 45720 47700 10 7 1980
122 47820 50160 7 4 2340
123 50280 51060 4 6 780
124 51180 53340 6 0 2160
125 53460 55260 0 1 1800
126 56520 58500 10 7 1980
127 58620 60960 7 4 2340
128 61080 61860 4 6 780
129 61980 64140 6 0 2160
130 64260 66060 0 1 1800
131 67320 69300 10 7 1980
132 69420 71760 7 4 2340
133 71880 72660 4 6 780
134 72780 74940 6 0 2160
135 75060 76860 0 1 1800
136 78120 80100 10 7 1980
137 80220 82560 7 4 2340
138 82680 83460 4 6 780
143 24660 25260 2 3 600
144 25380 27540 3 8 2160
145 27660 28320 8 17 660
146 28440 30000 17 11 1560
147 31320 32880 11 17 1560
148 33000 33660 17 8 660
149 33780 35940 8 3 2160
150 36060 36660 3 2 600
151 36780 37860 2 1 1080
152 37980 39420 1 5 1440
153 42120 43680 11 17 1560
154 43800 44460 17 8 660
155 44580 46740 8 3 2160
156 46860 47460 3 2 600
157 47580 48660 2 1 1080
158 48780 50220 1 5 1440
159 52920 54480 11 17 1560
160 54600 55260 17 8 660
161 55380 57540 8 3 2160
162 57660 58260 3 2 600
163 58380 59460 2 1 1080
164 59580 61020 1 5 1440
165 63720 65280 11 17 1560
166 65400 66060 17 8 660
167 66180 68340 8 3 2160
168 68460 69060 3 2 600
169 69180 70260 2 1 1080
170 70380 71820 1 5 1440
171 74520 76080 11 17 1560
172 76200 76860 17 8 660
173 76980 79140 8 3 2160
174 79260 79860 3 2 600
175 79980 81060 2 1 1080
180 30600 32460 0 9 1860
181 35280 37680 5 0 2400
182 37800 39660 0 9 1860
183 42480 44880 5 0 2400
184 45000 46860 0 9 1860
185 49680 52080 5 0 2400
186 52200 54060 0 9 1860
187 56880 59280 5 0 2400
188 59400 61260 0 9 1860
189 64080 66480 5 0 2400
190 66600 68460 0 9 1860
191 71280 73680 5 0 2400
192 73800 75660 0 9 1860
193 78480 80880 5 0 2400
198 29880 30660 12 6 780
199 30900 33060 6 0 2160
200 33180 35580 0 5 2400
201 37080 37860 12 6 780
202 38100 40260 6 0 2160
203 40380 42780 0 5 2400
204 44280 45060 12 6 780
205 45300 47460 6 0 2160
206 47580 49980 0 5 2400
207 51480 52260 12 6 780
208 52500 54660 6 0 2160
209 54780 57180 0 5 2400
210 58680 59460 12 6 780
211 59700 61860 6 0 2160
212 61980 64380 0 5 2400
213 65880 66660 12 6 780
214 66900 69060 6 0 2160
215 69180 71580 0 5 2400
216 73080 73860 12 6 780
217 74100 76260 6 0 2160
223 31740 33900 0 6 2160
224 34020 34800 6 12 780
225 36420 38820 5 0 2400
226 38940 41100 0 6 2160
227 41220 42000 6 12 780
228 43620 46020 5 0 2400
229 46140 48300 0 6 2160
230 48420 49200 6 12 780
231 50820 53220 5 0 2400
232 53340 55500 0 6 2160
233 55620 56400 6 12 780
234 58020 60420 5 0 2400
235 60540 62700 0 6 2160
236 62820 63600 6 12 780
237 65220 67620 5 0 2400
238 67740 69900 0 6 2160
239 70020 70800 6 12 780
240 72420 74820 5 0 2400
241 74940 77100 0 6 2160
242 77220 78000 6 12 780
246 27120 28140 3 16 1020
247 28260 31380 16 12 3120
248 34980 38100 12 16 3120
249 38220 39240 16 3 1020
250 39360 41520 3 8 2160
251 41640 42300 8 17 660
252 42540 43740 17 14 1200
253 45780 48900 12 16 3120
254 49020 50040 16 3 1020
255 50160 52320 3 8 2160
256 52440 53100 8 17 660
257 53340 54540 17 14 1200
258 56580 59700 12 16 3120
259 59820 60840 16 3 1020
260 60960 63120 3 8 2160
261 63240 63900 8 17 660
262 64140 65340 17 14 1200
263 67380 70500 12 16 3120
264 70620 71640 16 3 1020
265 71760 73920 3 8 2160
266 74040 74700 8 17 660
267 74940 76140 17 14 1200
268 78180 81300 12 16 3120
269 81420 82440 16 3 1020
276 27120 28140 3 16 1020
277 28260 31380 16 6 3120
278 31500 32280 6 4 780
279 34860 35640 4 6 780
280 35760 38880 6 16 3120
281 39000 40020 16 3 1020
282 40140 42300 3 8 2160
283 42420 43080 8 17 660
284 43200 44400 17 14 1200
285 45660 46440 4 6 780
286 46560 49680 6 16 3120
287 49800 50820 16 3 1020
288 50940 53100 3 8 2160
289 53220 53880 8 17 660
290 54000 55200 17 14 1200
291 56460 57240 4 6 780
292 57360 60480 6 16 3120
293 60600 61620 16 3 1020
294 61740 63900 3 8 2160
295 64020 64680 8 17 660
296 64800 66000 17 14 1200
297 67260 68040 4 6 780
298 68160 71280 6 16 3120
299 71400 72420 16 3 1020
300 72540 74700 3 8 2160
301 74820 75480 8 17 660
302 75600 76800 17 14 1200
303 78060 78840 4 6 780
304 78960 82080 6 16 3120
312 27540 28140 3 2 600
313 28260 29040 2 16 780
314 29160 32280 16 6 3120
315 32400 33180 6 4 780
316 35340 36120 4 6 780
317 36240 39360 6 16 3120
318 39480 40260 16 2 780
319 40380 40980 2 3 600
320 41100 43260 3 8 2160
321 43380 44040 8 17 660
322 44160 45720 17 11 1560
323 49740 50520 4 6 780
324 50640 53760 6 16 3120
325 53880 54660 16 2 780
326 54780 55380 2 3 600
327 55500 57660 3 8 2160
328 57780 58440 8 17 660
329 58560 60120 17 11 1560
330 64140 64920 4 6 780
331 65040 68160 6 16 3120
332 68280 69060 16 2 780
333 69180 69780 2 3 600
334 69900 72060 3 8 2160
335 72180 72840 8 17 660
336 72960 74520 17 11 1560
337 78540 79320 4 6 780
338 79440 82560 6 16 3120
339 82680 83460 16 2 780
347 31380 33960 0 4 2580
348 34080 36420 4 7 2340
349 36540 37980 7 13 1440
350 38580 41160 0 4 2580
351 41280 43620 4 7 2340
352 43740 45180 7 13 1440
353 45780 48360 0 4 2580
354 48480 50820 4 7 2340
355 50940 52380 7 13 1440
356 52980 55560 0 4 2580
357 55680 58020 4 7 2340
358 58140 59580 7 13 1440
359 60180 62760 0 4 2580
360 62880 65220 4 7 2340
361 65340 66780 7 13 1440
362 67380 69960 0 4 2580
363 70080 72420 4 7 2340
364 72540 73980 7 13 1440
365 74580 77160 0 4 2580
366 77280 79620 4 7 2340
370 28560 29340 6 4 780
371 29460 32340 4 9 2880
372 33960 34740 6 4 780
373 34860 37740 4 9 2880
374 39360 40140 6 4 780
375 40260 43140 4 9 2880
376 44760 45540 6 4 780
377 45660 48540 4 9 2880
378 50160 50940 6 4 780
379 51060 53940 4 9 2880
380 55560 56340 6 4 780
381 56460 59340 4 9 2880
382 60960 61740 6 4 780
383 61860 64740 4 9 2880
384 66360 67140 6 4 780
385 67260 70140 4 9 2880
386 71760 72540 6 4 780
387 72660 75540 4 9 2880
388 77160 77940 6 4 780
393 28560 31680 6 16 3120
394 31800 33120 16 15 1320
395 35700 37020 15 16 1320
396 37140 40260 16 6 3120
397 40380 41160 6 4 780
398 41280 43620 4 7 2340
399 43740 45720 7 10 1980
400 46500 47820 15 16 1320
401 47940 51060 16 6 3120
402 51180 51960 6 4 780
403 52080 54420 4 7 2340
404 54540 56520 7 10 1980
405 57300 58620 15 16 1320
406 58740 61860 16 6 3120
407 61980 62760 6 4 780
408 62880 65220 4 7 2340
409 65340 67320 7 10 1980
410 68100 69420 15 16 1320
411 69540 72660 16 6 3120
412 72780 73560 6 4 780
413 73680 76020 4 7 2340
414 76140 78120 7 10 1980
415 78900 80220 15 16 1320
416 80340 83460 16 6 3120
417 83580 84360 6 4 780
423 31500 32280 4 6 780
424 33900 36780 9 4 2880
425 36900 37680 4 6 780
426 39300 42180 9 4 2880
427 42300 43080 4 6 780
428 44700 47580 9 4 2880
429 47700 48480 4 6 780
430 50100 52980 9 4 2880
431 53100 53880 4 6 780
432 55500 58380 9 4 2880
433 58500 59280 4 6 780
434 60900 63780 9 4 2880
435 63900 64680 4 6 780
436 66300 69180 9 4 2880
437 69300 70080 4 6 780
438 71700 74580 9 4 2880
439 74700 75480 4 6 780
440 77100 79980 9 4 2880
441 80100 80880 4 6 780
444 31020 34140 16 12 3120
445 34260 35040 12 6 780
446 38220 41340 16 12 3120
447 41460 42240 12 6 780
448 45420 48540 16 12 3120
449 48660 49440 12 6 780
450 52620 55740 16 12 3120
451 55860 56640 12 6 780
452 59820 62940 16 12 3120
453 63060 63840 12 6 780
454 67020 70140 16 12 3120
455 70260 71040 12 6 780
456 74220 77340 16 12 3120
457 77460 78240 12 6 780
459 24780 25800 16 3 1020
460 26040 26640 3 2 600
461 28800 29400 2 3 600
462 29640 30660 3 16 1020
463 30780 32100 16 15 1320
464 36000 36600 2 3 600
465 36840 37860 3 16 1020
466 37980 39300 16 15 1320
467 43200 43800 2 3 600
468 44040 45060 3 16 1020
469 45180 46500 16 15 1320
470 50400 51000 2 3 600
471 51240 52260 3 16 1020
472 52380 53700 16 15 1320
473 57600 58200 2 3 600
474 58440 59460 3 16 1020
475 59580 60900 16 15 1320
476 64800 65400 2 3 600
477 65640 66660 3 16 1020
478 66780 68100 16 15 1320
479 72000 72600 2 3 600
480 72840 73860 3 16 1020
481 73980 75300 16 15 1320
482 79200 79800 2 3 600
483 80040 81060 3 16 1020
485 23820 26940 16 12 3120
486 27060 27840 12 6 780
487 30480 31260 6 12 780
488 31380 34500 12 16 3120
489 37680 38460 6 12 780
490 38580 41700 12 16 3120
491 44880 45660 6 12 780
492 45780 48900 12 16 3120
493 52080 52860 6 12 780
494 52980 56100 12 16 3120
495 59280 60060 6 12 780
496 60180 63300 12 16 3120
497 66480 67260 6 12 780
498 67380 70500 12 16 3120
499 73680 74460 6 12 780
500 74580 77700 12 16 3120
503 28200 29220 16 3 1020
504 29340 31500 3 8 2160
505 31620 32280 8 17 660
506 32400 33600 17 14 1200
507 37140 38340 14 17 1200
508 38460 39120 17 8 660
509 39240 41400 8 3 2160
510 41520 42540 3 16 1020
511 42660 45780 16 6 3120
512 45900 46680 6 4 780
513 47940 49140 14 17 1200
514 49260 49920 17 8 660
515 50040 52200 8 3 2160
516 52320 53340 3 16 1020
517 53460 56580 16 6 3120
518 56700 57480 6 4 780
519 58740 59940 14 17 1200
520 60060 60720 17 8 660
521 60840 63000 8 3 2160
522 63120 64140 3 16 1020
523 64260 67380 16 6 3120
524 67500 68280 6 4 780
525 69540 70740 14 17 1200
526 70860 71520 17 8 660
527 71640 73800 8 3 2160
528 73920 74940 3 16 1020
529 75060 78180 16 6 3120
530 78300 79080 6 4 780
534 28860 29460 3 2 600
535 29580 30660 2 1 1080
536 30780 32220 1 5 1440
537 36300 37740 5 1 1440
538 37860 38940 1 2 1080
539 39060 39660 2 3 600
540 39780 41940 3 8 2160
541 42060 42720 8 17 660
542 42840 44400 17 11 1560
543 47100 48540 5 1 1440
544 48660 49740 1 2 1080
545 49860 50460 2 3 600
546 50580 52740 3 8 2160
547 52860 53520 8 17 660
548 53640 55200 17 11 1560
549 57900 59340 5 1 1440
550 59460 60540 1 2 1080
551 60660 61260 2 3 600
552 61380 63540 3 8 2160
553 63660 64320 8 17 660
554 64440 66000 17 11 1560
555 68700 70140 5 1 1440
556 70260 71340 1 2 1080
557 71460 72060 2 3 600
558 72180 74340 3 8 2160
559 74460 75120 8 17 660
560 75240 76800 17 11 1560
561 78120 79680 11 17 1560
562 79800 80460 17 8 660
563 80580 82740 8 3 2160
564 82860 83460 3 2 600
565 83580 84660 2 1 1080
576 29580 31740 6 0 2160
577 31860 33660 0 1 1800
578 36180 37980 1 0 1800
579 38100 40260 0 6 2160
580 40380 41160 6 4 780
581 41280 43620 4 7 2340
582 43740 45720 7 10 1980
583 46980 48780 1 0 1800
584 48900 51060 0 6 2160
585 51180 51960 6 4 780
586 52080 54420 4 7 2340
587 54540 56520 7 10 1980
588 57780 59580 1 0 1800
589 59700 61860 0 6 2160
590 61980 62760 6 4 780
591 62880 65220 4 7 2340
592 65340 67320 7 10 1980
593 68580 70380 1 0 1800
594 70500 72660 0 6 2160
595 72780 73560 6 4 780
596 73680 76020 4 7 2340
597 76140 78120 7 10 1980
601 31500 32280 12 6 780
602 32400 33180 6 4 780
603 33300 35880 4 0 2580
604 38700 39480 12 6 780
605 39600 40380 6 4 780
606 40500 43080 4 0 2580
607 45900 46680 12 6 780
608 46800 47580 6 4 780
609 47700 50280 4 0 2580
610 53100 53880 12 6 780
611 54000 54780 6 4 780
612 54900 57480 4 0 2580
613 60300 61080 12 6 780
614 61200 61980 6 4 780
615 62100 64680 4 0 2580
616 67500 68280 12 6 780
617 68400 69180 6 4 780
618 69300 71880 4 0 2580
619 74700 75480 12 6 780
620 75600 76380 6 4 780
621 76500 79080 4 0 2580
626 35220 37560 7 4 2340
627 37680 40260 4 0 2580
628 40860 42300 13 7 1440
629 42420 44760 7 4 2340
630 44880 47460 4 0 2580
631 48060 49500 13 7 1440
632 49620 51960 7 4 2340
633 52080 54660 4 0 2580
634 55260 56700 13 7 1440
635 56820 59160 7 4 2340
636 59280 61860 4 0 2580
637 62460 63900 13 7 1440
638 64020 66360 7 4 2340
639 66480 69060 4 0 2580
640 69660 71100 13 7 1440
641 71220 73560 7 4 2340
642 73680 76260 4 0 2580
643 76860 78300 13 7 1440
644 78420 80760 7 4 2340
645 80880 83460 4 0 2580
647 27420 28740 16 1 1320
648 28860 30300 1 5 1440
649 31500 32940 5 1 1440
650 33060 34380 1 16 1320
651 34500 37620 16 12 3120
652 38700 40140 5 1 1440
653 40260 41580 1 16 1320
654 41700 44820 16 12 3120
655 45900 47340 5 1 1440
656 47460 48780 1 16 1320
657 48900 52020 16 12 3120
658 53100 54540 5 1 1440
659 54660 55980 1 16 1320
660 56100 59220 16 12 3120
661 60300 61740 5 1 1440
662 61860 63180 1 16 1320
663 63300 66420 16 12 3120
664 67500 68940 5 1 1440
665 69060 70380 1 16 1320
666 70500 73620 16 12 3120
667 74700 76140 5 1 1440
668 76260 77580 1 16 1320
671 27420 28440 16 3 1020
672 28560 30720 3 8 2160
673 30840 31500 8 17 660
674 31740 32940 17 14 1200
675 33540 34740 14 17 1200
676 34860 35520 17 8 660
677 35640 37800 8 3 2160
678 37920 38940 3 16 1020
679 39060 42180 16 12 3120
680 44340 45540 14 17 1200
681 45660 46320 17 8 660
682 46440 48600 8 3 2160
683 48720 49740 3 16 1020
684 49860 52980 16 12 3120
685 55140 56340 14 17 1200
686 56460 57120 17 8 660
687 57240 59400 8 3 2160
688 59520 60540 3 16 1020
689 60660 63780 16 12 3120
690 65940 67140 14 17 1200
691 67260 67920 17 8 660
692 68040 70200 8 3 2160
693 70320 71340 3 16 1020
694 71460 74580 16 12 3120
695 76740 77940 14 17 1200
696 78060 78720 17 8 660
697 78840 81000 8 3 2160
698 81120 82140 3 16 1020
703 31380 33960 0 4 2580
704 34080 34860 4 6 780
705 34980 35760 6 12 780
706 38580 41160 0 4 2580
707 41280 42060 4 6 780
708 42180 42960 6 12 780
709 45780 48360 0 4 2580
710 48480 49260 4 6 780
711 49380 50160 6 12 780
712 52980 55560 0 4 2580
713 55680 56460 4 6 780
714 56580 57360 6 12 780
715 60180 62760 0 4 2580
716 62880 63660 4 6 780
717 63780 64560 6 12 780
718 67380 69960 0 4 2580
719 70080 70860 4 6 780
720 70980 71760 6 12 780
721 74580 77160 0 4 2580
722 77280 78060 4 6 780
723 78180 78960 6 12 780
725 25860 27180 1 16 1320
726 27300 30420 16 12 3120
727 31380 34500 12 16 3120
728 34620 35940 16 1 1320
729 36060 37500 1 5 1440
730 38580 41700 12 16 3120
731 41820 43140 16 1 1320
732 43260 44700 1 5 1440
733 45780 48900 12 16 3120
734 49020 50340 16 1 1320
735 50460 51900 1 5 1440
736 52980 56100 12 16 3120
737 56220 57540 16 1 1320
738 57660 59100 1 5 1440
739 60180 63300 12 16 3120
740 63420 64740 16 1 1320
741 64860 66300 1 5 1440
742 67380 70500 12 16 3120
743 70620 71940 16 1 1320
744 72060 73500 1 5 1440
745 74580 77700 12 16 3120
746 77820 79140 16 1 1320
751 31260 32040 4 6 780
752 32160 32940 6 12 780
753 35880 36660 12 6 780
754 36780 37560 6 4 780
755 37680 40020 4 7 2340
756 40140 42120 7 10 1980
757 42360 44460 10 13 2100
758 46680 47460 12 6 780
759 47580 48360 6 4 780
760 48480 50820 4 7 2340
761 50940 52920 7 10 1980
762 53160 55260 10 13 2100
763 57480 58260 12 6 780
764 58380 59160 6 4 780
765 59280 61620 4 7 2340
766 61740 63720 7 10 1980
767 63960 66060 10 13 2100
768 68280 69060 12 6 780
769 69180 69960 6 4 780
770 70080 72420 4 7 2340
771 72540 74520 7 10 1980
772 74760 76860 10 13 2100
773 79080 79860 12 6 780
774 79980 80760 6 4 780
779 26340 30060 1 8 3720
780 30180 30840 8 17 660
781 30960 32520 17 11 1560
782 36000 37560 11 17 1560
783 37680 38340 17 8 660
784 38460 42180 8 1 3720
785 42300 44100 1 0 1800
786 46800 48360 11 17 1560
787 48480 49140 17 8 660
788 49260 52980 8 1 3720
789 53100 54900 1 0 1800
790 57600 59160 11 17 1560
791 59280 59940 17 8 660
792 60060 63780 8 1 3720
793 63900 65700 1 0 1800
794 68400 69960 11 17 1560
795 70080 70740 17 8 660
796 70860 74580 8 1 3720
797 74700 76500 1 0 1800
798 79200 80760 11 17 1560
799 80880 81540 17 8 660
800 81660 85380 8 1 3720
803 25560 26880 16 1 1320
804 27000 28800 1 0 1800
805 28920 30780 0 9 1860
806 31980 33840 9 0 1860
807 33960 35760 0 1 1800
808 35880 37200 1 16 1320
809 37320 38340 16 3 1020
810 39180 41040 9 0 1860
811 41160 42960 0 1 1800
812 43080 44400 1 16 1320
813 44520 45540 16 3 1020
814 46380 48240 9 0 1860
815 48360 50160 0 1 1800
816 50280 51600 1 16 1320
817 51720 52740 16 3 1020
818 53580 55440 9 0 1860
819 55560 57360 0 1 1800
820 57480 58800 1 16 1320
821 58920 59940 16 3 1020
822 60780 62640 9 0 1860
823 62760 64560 0 1 1800
824 64680 66000 1 16 1320
825 66120 67140 16 3 1020
826 67980 69840 9 0 1860
827 69960 71760 0 1 1800
828 71880 73200 1 16 1320
829 73320 74340 16 3 1020
830 75180 77040 9 0 1860
831 77160 78960 0 1 1800
832 79080 80400 1 16 1320
833 80520 81540 16 3 1020
836 32760 34620 9 0 1860
837 34740 37140 0 5 2400
838 39960 41820 9 0 1860
839 41940 44340 0 5 2400
840 47160 49020 9 0 1860
841 49140 51540 0 5 2400
842 54360 56220 9 0 1860
843 56340 58740 0 5 2400
844 61560 63420 9 0 1860
845 63540 65940 0 5 2400
846 68760 70620 9 0 1860
847 70740 73140 0 5 2400
848 75960 77820 9 0 1860
853 28860 29460 3 2 600
854 29580 30660 2 1 1080
855 30780 32220 1 5 1440
856 35520 36960 5 1 1440
857 37080 38160 1 2 1080
858 38280 38880 2 3 600
859 39000 41160 3 8 2160
860 41280 41940 8 17 660
861 42060 43260 17 14 1200
862 46320 47760 5 1 1440
863 47880 48960 1 2 1080
864 49080 49680 2 3 600
865 49800 51960 3 8 2160
866 52080 52740 8 17 660
867 52860 54060 17 14 1200
868 57120 58560 5 1 1440
869 58680 59760 1 2 1080
870 59880 60480 2 3 600
871 60600 62760 3 8 2160
872 62880 63540 8 17 660
873 63660 64860 17 14 1200
874 67920 69360 5 1 1440
875 69480 70560 1 2 1080
876 70680 71280 2 3 600
877 71400 73560 3 8 2160
878 73680 74340 8 17 660
879 74460 75660 17 14 1200
880 78720 80160 5 1 1440
881 80280 81360 1 2 1080
882 81480 82080 2 3 600
888 28680 29460 16 2 780
889 29580 30180 2 3 600
890 30300 32460 3 8 2160
891 32580 33240 8 17 660
892 33360 34920 17 11 1560
893 37200 38760 11 17 1560
894 38880 39540 17 8 660
895 39660 41820 8 3 2160
896 41940 42540 3 2 600
897 42660 43440 2 16 780
898 43560 46680 16 6 3120
899 46800 47580 6 4 780
900 51600 53160 11 17 1560
901 53280 53940 17 8 660
902 54060 56220 8 3 2160
903 56340 56940 3 2 600
904 57060 57840 2 16 780
905 57960 61080 16 6 3120
906 61200 61980 6 4 780
907 66000 67560 11 17 1560
908 67680 68340 17 8 660
909 68460 70620 8 3 2160
910 70740 71340 3 2 600
911 71460 72240 2 16 780
912 72360 75480 16 6 3120
913 75600 76380 6 4 780
915 26640 27720 1 2 1080
916 27840 28620 2 16 780
917 28740 30060 16 15 1320
918 32400 33720 15 16 1320
919 33840 34620 16 2 780
920 34740 35820 2 1 1080
921 35940 37740 1 0 1800
922 39600 40920 15 16 1320
923 41040 41820 16 2 780
924 41940 43020 2 1 1080
925 43140 44940 1 0 1800
926 46800 48120 15 16 1320
927 48240 49020 16 2 780
928 49140 50220 2 1 1080
929 50340 52140 1 0 1800
930 54000 55320 15 16 1320
931 55440 56220 16 2 780
932 56340 57420 2 1 1080
933 57540 59340 1 0 1800
934 61200 62520 15 16 1320
935 62640 63420 16 2 780
936 63540 64620 2 1 1080
937 64740 66540 1 0 1800
938 68400 69720 15 16 1320
939 69840 70620 16 2 780
940 70740 71820 2 1 1080
941 71940 73740 1 0 1800
942 75600 76920 15 16 1320
943 77040 77820 16 2 780
944 77940 79020 2 1 1080
945 79140 80940 1 0 1800
947 26640 30360 1 8 3720
948 30480 31140 8 17 660
949 31260 32460 17 14 1200
950 36060 37260 14 17 1200
951 37380 38040 17 8 660
952 38160 41880 8 1 3720
953 42000 43800 1 0 1800
954 46860 48060 14 17 1200
955 48180 48840 17 8 660
956 48960 52680 8 1 3720
957 52800 54600 1 0 1800
958 57660 58860 14 17 1200
959 58980 59640 17 8 660
960 59760 63480 8 1 3720
961 63600 65400 1 0 1800
962 68460 69660 14 17 1200
963 69780 70440 17 8 660
964 70560 74280 8 1 3720
965 74400 76200 1 0 1800
966 78720 80520 0 1 1800
975 26280 27360 1 2 1080
976 27480 28080 2 3 600
977 28200 30360 3 8 2160
978 30480 31140 8 17 660
979 31260 32460 17 14 1200
980 35280 36480 14 17 1200
981 36600 37260 17 8 660
982 37380 39540 8 3 2160
983 39660 40260 3 2 600
984 40380 41460 2 1 1080
985 41580 43020 1 5 1440
986 46080 47280 14 17 1200
987 47400 48060 17 8 660
988 48180 50340 8 3 2160
989 50460 51060 3 2 600
990 51180 52260 2 1 1080
991 52380 53820 1 5 1440
992 56880 58080 14 17 1200
993 58200 58860 17 8 660
994 58980 61140 8 3 2160
995 61260 61860 3 2 600
996 61980 63060 2 1 1080
997 63180 64620 1 5 1440
998 67680 68880 14 17 1200
999 69000 69660 17 8 660
1000 69780 71940 8 3 2160
1001 72060 72660 3 2 600
1002 72780 73860 2 1 1080
1003 73980 75420 1 5 1440
1004 78480 79680 14 17 1200
1005 79800 80460 17 8 660
1006 80580 82740 8 3 2160
1007 82860 83460 3 2 600
1008 83580 84660 2 1 1080
1012 28680 30000 1 16 1320
1013 30120 31140 16 3 1020
1014 35220 36240 3 16 1020
1015 36360 37680 16 1 1320
1016 37800 39600 1 0 1800
1017 39720 41580 0 9 1860
1018 42420 43440 3 16 1020
1019 43560 44880 16 1 1320
1020 45000 46800 1 0 1800
1021 46920 48780 0 9 1860
1022 49620 50640 3 16 1020
1023 50760 52080 16 1 1320
1024 52200 54000 1 0 1800
1025 54120 55980 0 9 1860
1026 56820 57840 3 16 1020
1027 57960 59280 16 1 1320
1028 59400 61200 1 0 1800
1029 61320 63180 0 9 1860
1030 64020 65040 3 16 1020
1031 65160 66480 16 1 1320
1032 66600 68400 1 0 1800
1033 68520 70380 0 9 1860
1034 71220 72240 3 16 1020
1035 72360 73680 16 1 1320
1036 73800 75600 1 0 1800
1037 75720 77580 0 9 1860
1038 78420 79440 3 16 1020
1039 79560 80880 16 1 1320
1040 81000 82800 1 0 1800
1044 30360 31140 6 4 780
1045 31260 34140 4 9 2880
1046 35760 36540 6 4 780
1047 36660 39540 4 9 2880
1048 41160 41940 6 4 780
1049 42060 44940 4 9 2880
1050 46560 47340 6 4 780
1051 47460 50340 4 9 2880
1052 51960 52740 6 4 780
1053 52860 55740 4 9 2880
1054 57360 58140 6 4 780
1055 58260 61140 4 9 2880
1056 62760 63540 6 4 780
1057 63660 66540 4 9 2880
1058 68160 68940 6 4 780
1059 69060 71940 4 9 2880
1060 73560 74340 6 4 780
1061 74460 77340 4 9 2880
1062 78960 79740 6 4 780
1065 26340 29460 16 6 3120
1066 29580 30360 6 4 780
1067 30480 32820 4 7 2340
1068 32940 34920 7 10 1980
1069 37500 39480 10 7 1980
1070 39600 41940 7 4 2340
1071 42060 42840 4 6 780
1072 42960 46080 6 16 3120
1073 46200 47520 16 15 1320
1074 48300 50280 10 7 1980
1075 50400 52740 7 4 2340
1076 52860 53640 4 6 780
1077 53760 56880 6 16 3120
1078 57000 58320 16 15 1320
1079 59100 61080 10 7 1980
1080 61200 63540 7 4 2340
1081 63660 64440 4 6 780
1082 64560 67680 6 16 3120
1083 67800 69120 16 15 1320
1084 69900 71880 10 7 1980
1085 72000 74340 7 4 2340
1086 74460 75240 4 6 780
1087 75360 78480 6 16 3120
1088 78600 79920 16 15 1320
1092 33300 34080 4 6 780
1093 35700 38580 9 4 2880
1094 38700 39480 4 6 780
1095 41100 43980 9 4 2880
1096 44100 44880 4 6 780
1097 46500 49380 9 4 2880
1098 49500 50280 4 6 780
1099 51900 54780 9 4 2880
1100 54900 55680 4 6 780
1101 57300 60180 9 4 2880
1102 60300 61080 4 6 780
1103 62700 65580 9 4 2880
1104 65700 66480 4 6 780
1105 68100 70980 9 4 2880
1106 71100 71880 4 6 780
1107 73500 76380 9 4 2880
1108 76500 77280 4 6 780
1109 78900 81780 9 4 2880
1110 81900 82680 4 6 780
1116 35160 37260 13 10 2100
1117 37500 39480 10 7 1980
1118 39600 41940 7 4 2340
1119 42060 42840 4 6 780
1120 42960 43740 6 12 780
1121 45960 48060 13 10 2100
1122 48300 50280 10 7 1980
1123 50400 52740 7 4 2340
1124 52860 53640 4 6 780
1125 53760 54540 6 12 780
1126 56760 58860 13 10 2100
1127 59100 61080 10 7 1980
1128 61200 63540 7 4 2340
1129 63660 64440 4 6 780
1130 64560 65340 6 12 780
1131 67560 69660 13 10 2100
1132 69900 71880 10 7 1980
1133 72000 74340 7 4 2340
1134 74460 75240 4 6 780
1135 75360 76140 6 12 780
1136 78360 80460 13 10 2100
1137 80700 82680 10 7 1980
1138 82800 85140 7 4 2340
1139 85260 86040 4 6 780
1142 26640 27420 16 2 780
1143 27540 28620 2 1 1080
1144 28740 30540 1 0 1800
1145 31920 33720 0 1 1800
1146 33840 34920 1 2 1080
1147 35040 35820 2 16 780
1148 35940 37260 16 15 1320
1149 39120 40920 0 1 1800
1150 41040 42120 1 2 1080
1151 42240 43020 2 16 780
1152 43140 44460 16 15 1320
1153 46320 48120 0 1 1800
1154 48240 49320 1 2 1080
1155 49440 50220 2 16 780
1156 50340 51660 16 15 1320
1157 53520 55320 0 1 1800
1158 55440 56520 1 2 1080
1159 56640 57420 2 16 780
1160 57540 58860 16 15 1320
1161 60720 62520 0 1 1800
1162 62640 63720 1 2 1080
1163 63840 64620 2 16 780
1164 64740 66060 16 15 1320
1165 67920 69720 0 1 1800
1166 69840 70920 1 2 1080
1167 71040 71820 2 16 780
1168 71940 73260 16 15 1320
1169 75120 76920 0 1 1800
1170 77040 78120 1 2 1080
1171 78240 79020 2 16 780
1176 31500 33300 1 0 1800
1177 35220 37020 0 1 1800
1178 37140 40860 1 8 3720
1179 40980 41640 8 17 660
1180 41760 43320 17 11 1560
1181 46020 47820 0 1 1800
1182 47940 51660 1 8 3720
1183 51780 52440 8 17 660
1184 52560 54120 17 11 1560
1185 56820 58620 0 1 1800
1186 58740 62460 1 8 3720
1187 62580 63240 8 17 660
1188 63360 64920 17 11 1560
1189 67620 69420 0 1 1800
1190 69540 73260 1 8 3720
1191 73380 74040 8 17 660
1192 74160 75720 17 11 1560
1193 78420 80220 0 1 1800
1197 25200 25800 2 3 600
1198 26040 27060 3 16 1020
1199 27180 28500 16 15 1320
1200 30540 31860 15 16 1320
1201 31980 33000 16 3 1020
1202 33240 33840 3 2 600
1203 37740 39060 15 16 1320
1204 39180 40200 16 3 1020
1205 40440 41040 3 2 600
1206 44940 46260 15 16 1320
1207 46380 47400 16 3 1020
1208 47640 48240 3 2 600
1209 52140 53460 15 16 1320
1210 53580 54600 16 3 1020
1211 54840 55440 3 2 600
1212 59340 60660 15 16 1320
1213 60780 61800 16 3 1020
1214 62040 62640 3 2 600
1215 66540 67860 15 16 1320
1216 67980 69000 16 3 1020
1217 69240 69840 3 2 600
1218 73740 75060 15 16 1320
1219 75180 76200 16 3 1020
1220 76440 77040 3 2 600
1224 31200 33000 1 0 1800
1225 35520 37320 0 1 1800
1226 37440 41160 1 8 3720
1227 41280 41940 8 17 660
1228 42060 43260 17 14 1200
1229 46320 48120 0 1 1800
1230 48240 51960 1 8 3720
1231 52080 52740 8 17 660
1232 52860 54060 17 14 1200
1233 57120 58920 0 1 1800
1234 59040 62760 1 8 3720
1235 62880 63540 8 17 660
1236 63660 64860 17 14 1200
1237 67920 69720 0 1 1800
1238 69840 73560 1 8 3720
1239 73680 74340 8 17 660
1240 74460 75660 17 14 1200
1243 29580 30360 6 4 780
1244 30480 32820 4 7 2340
1245 32940 34920 7 10 1980
1246 38520 40500 10 7 1980
1247 40620 42960 7 4 2340
1248 43080 43860 4 6 780
1249 43980 46140 6 0 2160
1250 46260 48060 0 1 1800
1251 49320 51300 10 7 1980
1252 51420 53760 7 4 2340
1253 53880 54660 4 6 780
1254 54780 56940 6 0 2160
1255 57060 58860 0 1 1800
1256 60120 62100 10 7 1980
1257 62220 64560 7 4 2340
1258 64680 65460 4 6 780
1259 65580 67740 6 0 2160
1260 67860 69660 0 1 1800
1261 70920 72900 10 7 1980
1262 73020 75360 7 4 2340
1263 75480 76260 4 6 780
1264 76380 78540 6 0 2160
1265 78660 80460 0 1 1800
1267 27060 28140 1 2 1080
1268 28260 28860 2 3 600
1269 28980 31140 3 8 2160
1270 31260 31920 8 17 660
1271 32040 33600 17 11 1560
1272 34920 36480 11 17 1560
1273 36600 37260 17 8 660
1274 37380 39540 8 3 2160
1275 39660 40260 3 2 600
1276 40380 41460 2 1 1080
1277 41580 43020 1 5 1440
1278 45720 47280 11 17 1560
1279 47400 48060 17 8 660
1280 48180 50340 8 3 2160
1281 50460 51060 3 2 600
1282 51180 52260 2 1 1080
1283 52380 53820 1 5 1440
1284 56520 58080 11 17 1560
1285 58200 58860 17 8 660
1286 58980 61140 8 3 2160
1287 61260 61860 3 2 600
1288 61980 63060 2 1 1080
1289 63180 64620 1 5 1440
1290 67320 68880 11 17 1560
1291 69000 69660 17 8 660
1292 69780 71940 8 3 2160
1293 72060 72660 3 2 600
1294 72780 73860 2 1 1080
1295 73980 75420 1 5 1440
1297 27540 29940 0 5 2400
1298 31680 34080 5 0 2400
1299 34200 36060 0 9 1860
1300 38880 41280 5 0 2400
1301 41400 43260 0 9 1860
1302 46080 48480 5 0 2400
1303 48600 50460 0 9 1860
1304 53280 55680 5 0 2400
1305 55800 57660 0 9 1860
1306 60480 62880 5 0 2400
1307 63000 64860 0 9 1860
1308 67680 70080 5 0 2400
1309 70200 72060 0 9 1860
1310 74880 77280 5 0 2400
1313 28140 30300 0 6 2160
1314 30420 31200 6 12 780
1315 33480 34260 12 6 780
1316 34500 36660 6 0 2160
1317 36780 39180 0 5 2400
1318 40680 41460 12 6 780
1319 41700 43860 6 0 2160
1320 43980 46380 0 5 2400
1321 47880 48660 12 6 780
1322 48900 51060 6 0 2160
1323 51180 53580 0 5 2400
1324 55080 55860 12 6 780
1325 56100 58260 6 0 2160
1326 58380 60780 0 5 2400
1327 62280 63060 12 6 780
1328 63300 65460 6 0 2160
1329 65580 67980 0 5 2400
1330 69480 70260 12 6 780
1331 70500 72660 6 0 2160
1332 72780 75180 0 5 2400
1333 76680 77460 12 6 780
1334 77700 79860 6 0 2160
1338 29580 31980 0 5 2400
1339 32820 35220 5 0 2400
1340 35340 37500 0 6 2160
1341 37620 38400 6 12 780
1342 40020 42420 5 0 2400
1343 42540 44700 0 6 2160
1344 44820 45600 6 12 780
1345 47220 49620 5 0 2400
1346 49740 51900 0 6 2160
1347 52020 52800 6 12 780
1348 54420 56820 5 0 2400
1349 56940 59100 0 6 2160
1350 59220 60000 6 12 780
1351 61620 64020 5 0 2400
1352 64140 66300 0 6 2160
1353 66420 67200 6 12 780
1354 68820 71220 5 0 2400
1355 71340 73500 0 6 2160
1356 73620 74400 6 12 780
1357 76020 78420 5 0 2400
1358 78540 80700 0 6 2160
1362 28440 30600 8 3 2160
1363 30720 31740 3 16 1020
1364 31860 34980 16 12 3120
1365 38580 41700 12 16 3120
1366 41820 42840 16 3 1020
1367 42960 45120 3 8 2160
1368 45240 45900 8 17 660
1369 46140 47340 17 14 1200
1370 49380 52500 12 16 3120
1371 52620 53640 16 3 1020
1372 53760 55920 3 8 2160
1373 56040 56700 8 17 660
1374 56940 58140 17 14 1200
1375 60180 63300 12 16 3120
1376 63420 64440 16 3 1020
1377 64560 66720 3 8 2160
1378 66840 67500 8 17 660
1379 67740 68940 17 14 1200
1380 70980 74100 12 16 3120
1381 74220 75240 16 3 1020
1382 75360 77520 3 8 2160
1383 77640 78300 8 17 660
1387 28440 30600 8 3 2160
1388 30720 31740 3 16 1020
1389 31860 34980 16 6 3120
1390 35100 35880 6 4 780
1391 38460 39240 4 6 780
1392 39360 42480 6 16 3120
1393 42600 43620 16 3 1020
1394 43740 45900 3 8 2160
1395 46020 46680 8 17 660
1396 46800 48000 17 14 1200
1397 49260 50040 4 6 780
1398 50160 53280 6 16 3120
1399 53400 54420 16 3 1020
1400 54540 56700 3 8 2160
1401 56820 57480 8 17 660
1402 57600 58800 17 14 1200
1403 60060 60840 4 6 780
1404 60960 64080 6 16 3120
1405 64200 65220 16 3 1020
1406 65340 67500 3 8 2160
1407 67620 68280 8 17 660
1408 68400 69600 17 14 1200
1409 70860 71640 4 6 780
1410 71760 74880 6 16 3120
1411 75000 76020 16 3 1020
1412 76140 78300 3 8 2160
1413 78420 79080 8 17 660
1417 28860 31020 8 3 2160
1418 31140 31740 3 2 600
1419 31860 32640 2 16 780
1420 32760 35880 16 6 3120
1421 36000 36780 6 4 780
1422 38940 39720 4 6 780
1423 39840 42960 6 16 3120
1424 43080 43860 16 2 780
1425 43980 44580 2 3 600
1426 44700 46860 3 8 2160
1427 46980 47640 8 17 660
1428 47760 49320 17 11 1560
1429 53340 54120 4 6 780
1430 54240 57360 6 16 3120
1431 57480 58260 16 2 780
1432 58380 58980 2 3 600
1433 59100 61260 3 8 2160
1434 61380 62040 8 17 660
1435 62160 63720 17 11 1560
1436 67740 68520 4 6 780
1437 68640 71760 6 16 3120
1438 71880 72660 16 2 780
1439 72780 73380 2 3 600
1440 73500 75660 3 8 2160
1441 75780 76440 8 17 660
1442 76560 78120 17 11 1560
1445 30480 33060 4 0 2580
1446 34980 37560 0 4 2580
1447 37680 40020 4 7 2340
1448 40140 41580 7 13 1440
1449 42180 44760 0 4 2580
1450 44880 47220 4 7 2340
1451 47340 48780 7 13 1440
1452 49380 51960 0 4 2580
1453 52080 54420 4 7 2340
1454 54540 55980 7 13 1440
1455 56580 59160 0 4 2580
1456 59280 61620 4 7 2340
1457 61740 63180 7 13 1440
1458 63780 66360 0 4 2580
1459 66480 68820 4 7 2340
1460 68940 70380 7 13 1440
1461 70980 73560 0 4 2580
1462 73680 76020 4 7 2340
1463 76140 77580 7 13 1440
1464 78180 80760 0 4 2580
1469 32160 32940 6 4 780
1470 33060 35940 4 9 2880
1471 37560 38340 6 4 780
1472 38460 41340 4 9 2880
1473 42960 43740 6 4 780
1474 43860 46740 4 9 2880
1475 48360 49140 6 4 780
1476 49260 52140 4 9 2880
1477 53760 54540 6 4 780
1478 54660 57540 4 9 2880
1479 59160 59940 6 4 780
1480 60060 62940 4 9 2880
1481 64560 65340 6 4 780
1482 65460 68340 4 9 2880
1483 69960 70740 6 4 780
1484 70860 73740 4 9 2880
1485 75360 76140 6 4 780
1489 31260 32040 4 6 780
1490 32160 35280 6 16 3120
1491 35400 36720 16 15 1320
1492 39300 40620 15 16 1320
1493 40740 43860 16 6 3120
1494 43980 44760 6 4 780
1495 44880 47220 4 7 2340
1496 47340 49320 7 10 1980
1497 50100 51420 15 16 1320
1498 51540 54660 16 6 3120
1499 54780 55560 6 4 780
1500 55680 58020 4 7 2340
1501 58140 60120 7 10 1980
1502 60900 62220 15 16 1320
1503 62340 65460 16 6 3120
1504 65580 66360 6 4 780
1505 66480 68820 4 7 2340
1506 68940 70920 7 10 1980
1507 71700 73020 15 16 1320
1508 73140 76260 16 6 3120
1509 76380 77160 6 4 780
1510 77280 79620 4 7 2340
1514 32100 34980 9 4 2880
1515 35100 35880 4 6 780
1516 37500 40380 9 4 2880
1517 40500 41280 4 6 780
1518 42900 45780 9 4 2880
1519 45900 46680 4 6 780
1520 48300 51180 9 4 2880
1521 51300 52080 4 6 780
1522 53700 56580 9 4 2880
1523 56700 57480 4 6 780
1524 59100 61980 9 4 2880
1525 62100 62880 4 6 780
1526 64500 67380 9 4 2880
1527 67500 68280 4 6 780
1528 69900 72780 9 4 2880
1529 72900 73680 4 6 780
1530 75300 78180 9 4 2880
1531 78300 79080 4 6 780
1533 27780 30900 12 16 3120
1534 34620 37740 16 12 3120
1535 37860 38640 12 6 780
1536 41820 44940 16 12 3120
1537 45060 45840 12 6 780
1538 49020 52140 16 12 3120
1539 52260 53040 12 6 780
1540 56220 59340 16 12 3120
1541 59460 60240 12 6 780
1542 63420 66540 16 12 3120
1543 66660 67440 12 6 780
1544 70620 73740 16 12 3120
1545 73860 74640 12 6 780
1546 77820 80940 16 12 3120
1547 81060 81840 12 6 780
1548 27420 30540 16 12 3120
1549 30660 31440 12 6 780
1550 34080 34860 6 12 780
1551 34980 38100 12 16 3120
1552 41280 42060 6 12 780
1553 42180 45300 12 16 3120
1554 48480 49260 6 12 780
1555 49380 52500 12 16 3120
1556 55680 56460 6 12 780
1557 56580 59700 12 16 3120
1558 62880 63660 6 12 780
1559 63780 66900 12 16 3120
1560 70080 70860 6 12 780
1561 70980 74100 12 16 3120
1562 77280 78060 6 12 780
1563 78180 81300 12 16 3120
1565 28560 31680 6 16 3120
1566 31800 32820 16 3 1020
1567 32940 35100 3 8 2160
1568 35220 35880 8 17 660
1569 36000 37200 17 14 1200
1570 40740 41940 14 17 1200
1571 42060 42720 17 8 660
1572 42840 45000 8 3 2160
1573 45120 46140 3 16 1020
1574 46260 49380 16 6 3120
1575 49500 50280 6 4 780
1576 51540 52740 14 17 1200
1577 52860 53520 17 8 660
1578 53640 55800 8 3 2160
1579 55920 56940 3 16 1020
1580 57060 60180 16 6 3120
1581 60300 61080 6 4 780
1582 62340 63540 14 17 1200
1583 63660 64320 17 8 660
1584 64440 66600 8 3 2160
1585 66720 67740 3 16 1020
1586 67860 70980 16 6 3120
1587 71100 71880 6 4 780
1588 73140 74340 14 17 1200
1589 74460 75120 17 8 660
1590 75240 77400 8 3 2160
1591 77520 78540 3 16 1020
1592 78660 81780 16 6 3120
1593 81900 82680 6 4 780
1595 29400 30060 17 8 660
1596 30180 32340 8 3 2160
1597 32460 33060 3 2 600
1598 33180 34260 2 1 1080
1599 34380 35820 1 5 1440
1600 39900 41340 5 1 1440
1601 41460 42540 1 2 1080
1602 42660 43260 2 3 600
1603 43380 45540 3 8 2160
1604 45660 46320 8 17 660
1605 46440 48000 17 11 1560
1606 50700 52140 5 1 1440
1607 52260 53340 1 2 1080
1608 53460 54060 2 3 600
1609 54180 56340 3 8 2160
1610 56460 57120 8 17 660
1611 57240 58800 17 11 1560
1612 61500 62940 5 1 1440
1613 63060 64140 1 2 1080
1614 64260 64860 2 3 600
1615 64980 67140 3 8 2160
1616 67260 67920 8 17 660
1617 68040 69600 17 11 1560
1618 72300 73740 5 1 1440
1619 73860 74940 1 2 1080
1620 75060 75660 2 3 600
1621 75780 77940 3 8 2160
1622 78060 78720 8 17 660
1626 32280 33060 4 6 780
1627 33180 35340 6 0 2160
1628 35460 37260 0 1 1800
1629 39780 41580 1 0 1800
1630 41700 43860 0 6 2160
1631 43980 44760 6 4 780
1632 44880 47220 4 7 2340
1633 47340 49320 7 10 1980
1634 50580 52380 1 0 1800
1635 52500 54660 0 6 2160
1636 54780 55560 6 4 780
1637 55680 58020 4 7 2340
1638 58140 60120 7 10 1980
1639 61380 63180 1 0 1800
1640 63300 65460 0 6 2160
1641 65580 66360 6 4 780
1642 66480 68820 4 7 2340
1643 68940 70920 7 10 1980
1644 72180 73980 1 0 1800
1645 74100 76260 0 6 2160
1646 76380 77160 6 4 780
1647 77280 79620 4 7 2340
1649 27780 30360 0 4 2580
1650 30480 31260 4 6 780
1651 31380 32160 6 12 780
1652 35100 35880 12 6 780
1653 36000 36780 6 4 780
1654 36900 39480 4 0 2580
1655 42300 43080 12 6 780
1656 43200 43980 6 4 780
1657 44100 46680 4 0 2580
1658 49500 50280 12 6 780
1659 50400 51180 6 4 780
1660 51300 53880 4 0 2580
1661 56700 57480 12 6 780
1662 57600 58380 6 4 780
1663 58500 61080 4 0 2580
1664 63900 64680 12 6 780
1665 64800 65580 6 4 780
1666 65700 68280 4 0 2580
1667 71100 71880 12 6 780
1668 72000 72780 6 4 780
1669 72900 75480 4 0 2580
1670 78300 79080 12 6 780
1671 79200 79980 6 4 780
1672 80100 82680 4 0 2580
1673 27780 30360 0 4 2580
1674 30480 32820 4 7 2340
1675 32940 34380 7 13 1440
1676 37260 38700 13 7 1440
1677 38820 41160 7 4 2340
1678 41280 43860 4 0 2580
1679 44460 45900 13 7 1440
1680 46020 48360 7 4 2340
1681 48480 51060 4 0 2580
1682 51660 53100 13 7 1440
1683 53220 55560 7 4 2340
1684 55680 58260 4 0 2580
1685 58860 60300 13 7 1440
1686 60420 62760 7 4 2340
1687 62880 65460 4 0 2580
1688 66060 67500 13 7 1440
1689 67620 69960 7 4 2340
1690 70080 72660 4 0 2580
1691 73260 74700 13 7 1440
1692 74820 77160 7 4 2340
1693 77280 79860 4 0 2580
1694 27780 30900 12 16 3120
1695 31020 32340 16 1 1320
1696 32460 33900 1 5 1440
1697 35100 36540 5 1 1440
1698 36660 37980 1 16 1320
1699 38100 41220 16 12 3120
1700 42300 43740 5 1 1440
1701 43860 45180 1 16 1320
1702 45300 48420 16 12 3120
1703 49500 50940 5 1 1440
1704 51060 52380 1 16 1320
1705 52500 55620 16 12 3120
1706 56700 58140 5 1 1440
1707 58260 59580 1 16 1320
1708 59700 62820 16 12 3120
1709 63900 65340 5 1 1440
1710 65460 66780 1 16 1320
1711 66900 70020 16 12 3120
1712 71100 72540 5 1 1440
1713 72660 73980 1 16 1320
1714 74100 77220 16 12 3120
1715 78300 79740 5 1 1440
1716 79860 81180 1 16 1320
1718 27780 30900 12 16 3120
1719 31020 32040 16 3 1020
1720 32160 34320 3 8 2160
1721 34440 35100 8 17 660
1722 35340 36540 17 14 1200
1723 37140 38340 14 17 1200
1724 38460 39120 17 8 660
1725 39240 41400 8 3 2160
1726 41520 42540 3 16 1020
1727 42660 45780 16 12 3120
1728 47940 49140 14 17 1200
1729 49260 49920 17 8 660
1730 50040 52200 8 3 2160
1731 52320 53340 3 16 1020
1732 53460 56580 16 12 3120
1733 58740 59940 14 17 1200
1734 60060 60720 17 8 660
1735 60840 63000 8 3 2160
1736 63120 64140 3 16 1020
1737 64260 67380 16 12 3120
1738 69540 70740 14 17 1200
1739 70860 71520 17 8 660
1740 71640 73800 8 3 2160
1741 73920 74940 3 16 1020
1742 75060 78180 16 12 3120
1743 27900 28680 12 6 780
1744 28800 29580 6 4 780
1745 29700 32280 4 0 2580
1746 34980 37560 0 4 2580
1747 37680 38460 4 6 780
1748 38580 39360 6 12 780
1749 42180 44760 0 4 2580
1750 44880 45660 4 6 780
1751 45780 46560 6 12 780
1752 49380 51960 0 4 2580
1753 52080 52860 4 6 780
1754 52980 53760 6 12 780
1755 56580 59160 0 4 2580
1756 59280 60060 4 6 780
1757 60180 60960 6 12 780
1758 63780 66360 0 4 2580
1759 66480 67260 4 6 780
1760 67380 68160 6 12 780
1761 70980 73560 0 4 2580
1762 73680 74460 4 6 780
1763 74580 75360 6 12 780
1764 78180 80760 0 4 2580
1765 80880 81660 4 6 780
1768 29460 30780 1 16 1320
1769 30900 34020 16 12 3120
1770 34980 38100 12 16 3120
1771 38220 39540 16 1 1320
1772 39660 41100 1 5 1440
1773 42180 45300 12 16 3120
1774 45420 46740 16 1 1320
1775 46860 48300 1 5 1440
1776 49380 52500 12 16 3120
1777 52620 53940 16 1 1320
1778 54060 55500 1 5 1440
1779 56580 59700 12 16 3120
1780 59820 61140 16 1 1320
1781 61260 62700 1 5 1440
1782 63780 66900 12 16 3120
1783 67020 68340 16 1 1320
1784 68460 69900 1 5 1440
1785 70980 74100 12 16 3120
1786 74220 75540 16 1 1320
1787 75660 77100 1 5 1440
1788 78180 81300 12 16 3120
1789 81420 82740 16 1 1320
1794 34860 35640 4 6 780
1795 35760 36540 6 12 780
1796 39480 40260 12 6 780
1797 40380 41160 6 4 780
1798 41280 43620 4 7 2340
1799 43740 45720 7 10 1980
1800 45960 48060 10 13 2100
1801 50280 51060 12 6 780
1802 51180 51960 6 4 780
1803 52080 54420 4 7 2340
1804 54540 56520 7 10 1980
1805 56760 58860 10 13 2100
1806 61080 61860 12 6 780
1807 61980 62760 6 4 780
1808 62880 65220 4 7 2340
1809 65340 67320 7 10 1980
1810 67560 69660 10 13 2100
1811 71880 72660 12 6 780
1812 72780 73560 6 4 780
1813 73680 76020 4 7 2340
1814 76140 78120 7 10 1980
1816 28020 29820 0 1 1800
1817 29940 33660 1 8 3720
1818 33780 34440 8 17 660
1819 34560 36120 17 11 1560
1820 39600 41160 11 17 1560
1821 41280 41940 17 8 660
1822 42060 45780 8 1 3720
1823 45900 47700 1 0 1800
1824 50400 51960 11 17 1560
1825 52080 52740 17 8 660
1826 52860 56580 8 1 3720
1827 56700 58500 1 0 1800
1828 61200 62760 11 17 1560
1829 62880 63540 17 8 660
1830 63660 67380 8 1 3720
1831 67500 69300 1 0 1800
1832 72000 73560 11 17 1560
1833 73680 74340 17 8 660
1834 74460 78180 8 1 3720
1835 78300 80100 1 0 1800
1836 28020 29040 3 16 1020
1837 29160 30480 16 1 1320
1838 30600 32400 1 0 1800
1839 32520 34380 0 9 1860
1840 35580 37440 9 0 1860
1841 37560 39360 0 1 1800
1842 39480 40800 1 16 1320
1843 40920 41940 16 3 1020
1844 42780 44640 9 0 1860
1845 44760 46560 0 1 1800
1846 46680 48000 1 16 1320
1847 48120 49140 16 3 1020
1848 49980 51840 9 0 1860
1849 51960 53760 0 1 1800
1850 53880 55200 1 16 1320
1851 55320 56340 16 3 1020
1852 57180 59040 9 0 1860
1853 59160 60960 0 1 1800
1854 61080 62400 1 16 1320
1855 62520 63540 16 3 1020
1856 64380 66240 9 0 1860
1857 66360 68160 0 1 1800
1858 68280 69600 1 16 1320
1859 69720 70740 16 3 1020
1860 71580 73440 9 0 1860
1861 73560 75360 0 1 1800
1862 75480 76800 1 16 1320
1863 76920 77940 16 3 1020
1864 78780 80640 9 0 1860
1865 80760 82560 0 1 1800
1866 82680 84000 1 16 1320
1869 29400 30060 17 8 660
1870 30180 32340 8 3 2160
1871 32460 33060 3 2 600
1872 33180 34260 2 1 1080
1873 34380 35820 1 5 1440
1874 39120 40560 5 1 1440
1875 40680 41760 1 2 1080
1876 41880 42480 2 3 600
1877 42600 44760 3 8 2160
1878 44880 45540 8 17 660
1879 45660 46860 17 14 1200
1880 49920 51360 5 1 1440
1881 51480 52560 1 2 1080
1882 52680 53280 2 3 600
1883 53400 55560 3 8 2160
1884 55680 56340 8 17 660
1885 56460 57660 17 14 1200
1886 60720 62160 5 1 1440
1887 62280 63360 1 2 1080
1888 63480 64080 2 3 600
1889 64200 66360 3 8 2160
1890 66480 67140 8 17 660
1891 67260 68460 17 14 1200
1892 71520 72960 5 1 1440
1893 73080 74160 1 2 1080
1894 74280 74880 2 3 600
1895 75000 77160 3 8 2160
1896 77280 77940 8 17 660
1899 29040 32160 6 16 3120
1900 32280 33060 16 2 780
1901 33180 33780 2 3 600
1902 33900 36060 3 8 2160
1903 36180 36840 8 17 660
1904 36960 38520 17 11 1560
1905 40800 42360 11 17 1560
1906 42480 43140 17 8 660
1907 43260 45420 8 3 2160
1908 45540 46140 3 2 600
1909 46260 47040 2 16 780
1910 47160 50280 16 6 3120
1911 50400 51180 6 4 780
1912 55200 56760 11 17 1560
1913 56880 57540 17 8 660
1914 57660 59820 8 3 2160
1915 59940 60540 3 2 600
1916 60660 61440 2 16 780
1917 61560 64680 16 6 3120
1918 64800 65580 6 4 780
1919 69600 71160 11 17 1560
1920 71280 71940 17 8 660
1921 72060 74220 8 3 2160
1922 74340 74940 3 2 600
1923 75060 75840 2 16 780
1924 75960 79080 16 6 3120
1925 79200 79980 6 4 780
1926 28320 30120 0 1 1800
1927 30240 33960 1 8 3720
1928 34080 34740 8 17 660
1929 34860 36060 17 14 1200
1930 39660 40860 14 17 1200
1931 40980 41640 17 8 660
1932 41760 45480 8 1 3720
1933 45600 47400 1 0 1800
1934 50460 51660 14 17 1200
1935 51780 52440 17 8 660
1936 52560 56280 8 1 3720
1937 56400 58200 1 0 1800
1938 61260 62460 14 17 1200
1939 62580 63240 17 8 660
1940 63360 67080 8 1 3720
1941 67200 69000 1 0 1800
1942 72060 73260 14 17 1200
1943 73380 74040 17 8 660
1944 74160 77880 8 1 3720
1945 78000 79800 1 0 1800
1947 29880 30960 1 2 1080
1948 31080 31680 2 3 600
1949 31800 33960 3 8 2160
1950 34080 34740 8 17 660
1951 34860 36060 17 14 1200
1952 38880 40080 14 17 1200
1953 40200 40860 17 8 660
1954 40980 43140 8 3 2160
1955 43260 43860 3 2 600
1956 43980 45060 2 1 1080
1957 45180 46620 1 5 1440
1958 49680 50880 14 17 1200
1959 51000 51660 17 8 660
1960 51780 53940 8 3 2160
1961 54060 54660 3 2 600
1962 54780 55860 2 1 1080
1963 55980 57420 1 5 1440
1964 60480 61680 14 17 1200
1965 61800 62460 17 8 660
1966 62580 64740 8 3 2160
1967 64860 65460 3 2 600
1968 65580 66660 2 1 1080
1969 66780 68220 1 5 1440
1970 71280 72480 14 17 1200
1971 72600 73260 17 8 660
1972 73380 75540 8 3 2160
1973 75660 76260 3 2 600
1974 76380 77460 2 1 1080
1977 30360 32160 0 1 1800
1978 32280 33600 1 16 1320
1979 33720 34740 16 3 1020
1980 38820 39840 3 16 1020
1981 39960 41280 16 1 1320
1982 41400 43200 1 0 1800
1983 43320 45180 0 9 1860
1984 46020 47040 3 16 1020
1985 47160 48480 16 1 1320
1986 48600 50400 1 0 1800
1987 50520 52380 0 9 1860
1988 53220 54240 3 16 1020
1989 54360 55680 16 1 1320
1990 55800 57600 1 0 1800
1991 57720 59580 0 9 1860
1992 60420 61440 3 16 1020
1993 61560 62880 16 1 1320
1994 63000 64800 1 0 1800
1995 64920 66780 0 9 1860
1996 67620 68640 3 16 1020
1997 68760 70080 16 1 1320
1998 70200 72000 1 0 1800
1999 72120 73980 0 9 1860
2000 74820 75840 3 16 1020
2001 75960 77280 16 1 1320
2002 77400 79200 1 0 1800
2004 28500 29820 15 16 1320
2005 29940 33060 16 6 3120
2006 33180 33960 6 4 780
2007 34080 36420 4 7 2340
2008 36540 38520 7 10 1980
2009 41100 43080 10 7 1980
2010 43200 45540 7 4 2340
2011 45660 46440 4 6 780
2012 46560 49680 6 16 3120
2013 49800 51120 16 15 1320
2014 51900 53880 10 7 1980
2015 54000 56340 7 4 2340
2016 56460 57240 4 6 780
2017 57360 60480 6 16 3120
2018 60600 61920 16 15 1320
2019 62700 64680 10 7 1980
2020 64800 67140 7 4 2340
2021 67260 68040 4 6 780
2022 68160 71280 6 16 3120
2023 71400 72720 16 15 1320
2024 73500 75480 10 7 1980
2025 75600 77940 7 4 2340
2026 78060 78840 4 6 780
2027 78960 82080 6 16 3120
2029 28680 29460 12 6 780
2030 29580 30360 6 4 780
2031 30480 32820 4 7 2340
2032 32940 34920 7 10 1980
2033 35160 37260 10 13 2100
2034 38760 40860 13 10 2100
2035 41100 43080 10 7 1980
2036 43200 45540 7 4 2340
2037 45660 46440 4 6 780
2038 46560 47340 6 12 780
2039 49560 51660 13 10 2100
2040 51900 53880 10 7 1980
2041 54000 56340 7 4 2340
2042 56460 57240 4 6 780
2043 57360 58140 6 12 780
2044 60360 62460 13 10 2100
2045 62700 64680 10 7 1980
2046 64800 67140 7 4 2340
2047 67260 68040 4 6 780
2048 68160 68940 6 12 780
2049 71160 73260 13 10 2100
2050 73500 75480 10 7 1980
2051 75600 77940 7 4 2340
2052 78060 78840 4 6 780
2053 78960 79740 6 12 780
2054 28800 30120 15 16 1320
2055 30240 31020 16 2 780
2056 31140 32220 2 1 1080
2057 32340 34140 1 0 1800
2058 35520 37320 0 1 1800
2059 37440 38520 1 2 1080
2060 38640 39420 2 16 780
2061 39540 40860 16 15 1320
2063 30480 31140 17 8 660
2064 31260 34980 8 1 3720
2065 35100 36900 1 0 1800
2066 38820 40620 0 1 1800
2067 40740 44460 1 8 3720
2068 44580 45240 8 17 660
2069 45360 46920 17 11 1560
2070 49620 51420 0 1 1800
2071 51540 55260 1 8 3720
2072 55380 56040 8 17 660
2073 56160 57720 17 11 1560
2074 60420 62220 0 1 1800
2075 62340 66060 1 8 3720
2076 66180 66840 8 17 660
2077 66960 68520 17 11 1560
2078 71220 73020 0 1 1800
2079 73140 76860 1 8 3720
2080 76980 77640 8 17 660
2083 30180 30840 17 8 660
2084 30960 34680 8 1 3720
2085 34800 36600 1 0 1800
2086 39120 40920 0 1 1800
2087 41040 44760 1 8 3720
2088 44880 45540 8 17 660
2089 45660 46860 17 14 1200
2090 49920 51720 0 1 1800
2091 51840 55560 1 8 3720
2092 55680 56340 8 17 660
2093 56460 57660 17 14 1200
2094 60720 62520 0 1 1800
2095 62640 66360 1 8 3720
2096 66480 67140 8 17 660
2097 67260 68460 17 14 1200
2098 71520 73320 0 1 1800
2099 73440 77160 1 8 3720
2100 77280 77940 8 17 660
2102 28980 30780 1 0 1800
2103 30900 33060 0 6 2160
2104 33180 33960 6 4 780
2105 34080 36420 4 7 2340
2106 36540 38520 7 10 1980
2107 42120 44100 10 7 1980
2108 44220 46560 7 4 2340
2109 46680 47460 4 6 780
2110 47580 49740 6 0 2160
2111 49860 51660 0 1 1800
2112 52920 54900 10 7 1980
2113 55020 57360 7 4 2340
2114 57480 58260 4 6 780
2115 58380 60540 6 0 2160
2116 60660 62460 0 1 1800
2117 63720 65700 10 7 1980
2118 65820 68160 7 4 2340
2119 68280 69060 4 6 780
2120 69180 71340 6 0 2160
2121 71460 73260 0 1 1800
2122 74520 76500 10 7 1980
2123 76620 78960 7 4 2340
2124 79080 79860 4 6 780
2125 79980 82140 6 0 2160
2126 82260 84060 0 1 1800
2128 30660 31740 1 2 1080
2129 31860 32460 2 3 600
2130 32580 34740 3 8 2160
2131 34860 35520 8 17 660
2132 35640 37200 17 11 1560
2133 38520 40080 11 17 1560
2134 40200 40860 17 8 660
2135 40980 43140 8 3 2160
2136 43260 43860 3 2 600
2137 43980 45060 2 1 1080
2138 45180 46620 1 5 1440
2139 49320 50880 11 17 1560
2140 51000 51660 17 8 660
2141 51780 53940 8 3 2160
2142 54060 54660 3 2 600
2143 54780 55860 2 1 1080
2144 55980 57420 1 5 1440
2145 60120 61680 11 17 1560
2146 61800 62460 17 8 660
2147 62580 64740 8 3 2160
2148 64860 65460 3 2 600
2149 65580 66660 2 1 1080
2150 66780 68220 1 5 1440
2151 70920 72480 11 17 1560
2152 72600 73260 17 8 660
2153 73380 75540 8 3 2160
2154 75660 76260 3 2 600
2155 76380 77460 2 1 1080
2158 31140 33540 0 5 2400
2159 35280 37680 5 0 2400
2160 37800 39660 0 9 1860
2162 31260 31920 17 8 660
2163 32040 34200 8 3 2160
2164 34320 35340 3 16 1020
2165 35460 38580 16 12 3120
2166 42180 45300 12 16 3120
2167 45420 46440 16 3 1020
2168 46560 48720 3 8 2160
2169 48840 49500 8 17 660
2170 49740 50940 17 14 1200
2171 52980 56100 12 16 3120
2172 56220 57240 16 3 1020
2173 57360 59520 3 8 2160
2174 59640 60300 8 17 660
2175 60540 61740 17 14 1200
2176 63780 66900 12 16 3120
2177 67020 68040 16 3 1020
2178 68160 70320 3 8 2160
2179 70440 71100 8 17 660
2180 71340 72540 17 14 1200
2181 74580 77700 12 16 3120
2182 77820 78840 16 3 1020
2187 31260 31920 17 8 660
2188 32040 34200 8 3 2160
2189 34320 35340 3 16 1020
2190 35460 38580 16 6 3120
2191 38700 39480 6 4 780
2192 42060 42840 4 6 780
2193 42960 46080 6 16 3120
2194 46200 47220 16 3 1020
2195 47340 49500 3 8 2160
2196 49620 50280 8 17 660
2197 50400 51600 17 14 1200
2198 52860 53640 4 6 780
2199 53760 56880 6 16 3120
2200 57000 58020 16 3 1020
2201 58140 60300 3 8 2160
2202 60420 61080 8 17 660
2203 61200 62400 17 14 1200
2204 63660 64440 4 6 780
2205 64560 67680 6 16 3120
2206 67800 68820 16 3 1020
2207 68940 71100 3 8 2160
2208 71220 71880 8 17 660
2209 72000 73200 17 14 1200
2210 74460 75240 4 6 780
2211 75360 78480 6 16 3120
2212 78600 79620 16 3 1020
2217 31680 32340 17 8 660
2218 32460 34620 8 3 2160
2219 34740 35340 3 2 600
2220 35460 36240 2 16 780
2221 36360 39480 16 6 3120
2222 39600 40380 6 4 780
2223 42540 43320 4 6 780
2224 43440 46560 6 16 3120
2225 46680 47460 16 2 780
2226 47580 48180 2 3 600
2227 48300 50460 3 8 2160
2228 50580 51240 8 17 660
2229 51360 52920 17 11 1560
2230 56940 57720 4 6 780
2231 57840 60960 6 16 3120
2232 61080 61860 16 2 780
2233 61980 62580 2 3 600
2234 62700 64860 3 8 2160
2235 64980 65640 8 17 660
2236 65760 67320 17 11 1560
2237 71340 72120 4 6 780
2238 72240 75360 6 16 3120
2239 75480 76260 16 2 780
2240 76380 76980 2 3 600
2241 77100 79260 3 8 2160
2242 79380 80040 8 17 660
2246 34080 36660 4 0 2580
2247 38580 41160 0 4 2580
2248 41280 43620 4 7 2340
2249 43740 45180 7 13 1440
2252 34860 35640 4 6 780
2253 35760 38880 6 16 3120
2254 39000 40320 16 15 1320
2255 42900 44220 15 16 1320
2256 44340 47460 16 6 3120
2257 47580 48360 6 4 780
2258 48480 50820 4 7 2340
2259 50940 52920 7 10 1980
2260 53700 55020 15 16 1320
2261 55140 58260 16 6 3120
2262 58380 59160 6 4 780
2263 59280 61620 4 7 2340
2264 61740 63720 7 10 1980
2265 64500 65820 15 16 1320
2266 65940 69060 16 6 3120
2267 69180 69960 6 4 780
2268 70080 72420 4 7 2340
2269 72540 74520 7 10 1980
2270 75300 76620 15 16 1320
2271 76740 79860 16 6 3120
2272 79980 80760 6 4 780
2275 31260 32040 4 6 780
2276 32160 35280 6 16 3120
2277 35400 36420 16 3 1020
2278 36540 38700 3 8 2160
2279 38820 39480 8 17 660
2280 39600 40800 17 14 1200
2281 44340 45540 14 17 1200
2282 45660 46320 17 8 660
2283 46440 48600 8 3 2160
2284 48720 49740 3 16 1020
2285 49860 52980 16 6 3120
2286 53100 53880 6 4 780
2287 55140 56340 14 17 1200
2288 56460 57120 17 8 660
2289 57240 59400 8 3 2160
2290 59520 60540 3 16 1020
2291 60660 63780 16 6 3120
2292 63900 64680 6 4 780
2293 65940 67140 14 17 1200
2294 67260 67920 17 8 660
2295 68040 70200 8 3 2160
2296 70320 71340 3 16 1020
2297 71460 74580 16 6 3120
2298 74700 75480 6 4 780
2299 76740 77940 14 17 1200
2300 78060 78720 17 8 660
2301 78840 81000 8 3 2160
2302 81120 82140 3 16 1020
2303 82260 85380 16 6 3120
2304 85500 86280 6 4 780
2306 33420 35760 7 4 2340
2307 35880 36660 4 6 780
2308 36780 38940 6 0 2160
2309 39060 40860 0 1 1800
2310 43380 45180 1 0 1800
2311 45300 47460 0 6 2160
2312 47580 48360 6 4 780
2313 48480 50820 4 7 2340
2314 50940 52920 7 10 1980
2315 54180 55980 1 0 1800
2316 56100 58260 0 6 2160
2317 58380 59160 6 4 780
2318 59280 61620 4 7 2340
2319 61740 63720 7 10 1980
2320 64980 66780 1 0 1800
2321 66900 69060 0 6 2160
2322 69180 69960 6 4 780
2323 70080 72420 4 7 2340
2324 72540 74520 7 10 1980
2325 75780 77580 1 0 1800
2326 77700 79860 0 6 2160
2327 79980 80760 6 4 780
2330 31380 34500 12 16 3120
2331 34620 35640 16 3 1020
2332 35760 37920 3 8 2160
2333 38040 38700 8 17 660
2334 38940 40140 17 14 1200
2335 40740 41940 14 17 1200
2336 42060 42720 17 8 660
2337 42840 45000 8 3 2160
2338 45120 46140 3 16 1020
2339 46260 49380 16 12 3120
2340 51540 52740 14 17 1200
2341 52860 53520 17 8 660
2342 53640 55800 8 3 2160
2343 55920 56940 3 16 1020
2344 57060 60180 16 12 3120
2345 62340 63540 14 17 1200
2346 63660 64320 17 8 660
2347 64440 66600 8 3 2160
2348 66720 67740 3 16 1020
2349 67860 70980 16 12 3120
2350 73140 74340 14 17 1200
2351 74460 75120 17 8 660
2352 75240 77400 8 3 2160
2353 77520 78540 3 16 1020
2357 36000 38340 7 4 2340
2358 38460 39240 4 6 780
2359 39360 40140 6 12 780
2360 43080 43860 12 6 780
2361 43980 44760 6 4 780
2362 44880 47220 4 7 2340
2363 47340 49320 7 10 1980
2364 49560 51660 10 13 2100
2365 53880 54660 12 6 780
2366 54780 55560 6 4 780
2367 55680 58020 4 7 2340
2368 58140 60120 7 10 1980
2369 60360 62460 10 13 2100
2370 64680 65460 12 6 780
2371 65580 66360 6 4 780
2372 66480 68820 4 7 2340
2373 68940 70920 7 10 1980
2374 71160 73260 10 13 2100
2375 75480 76260 12 6 780
2376 76380 77160 6 4 780
2377 77280 79620 4 7 2340
2380 31620 32640 3 16 1020
2381 32760 34080 16 1 1320
2382 34200 36000 1 0 1800
2383 36120 37980 0 9 1860
2384 39180 41040 9 0 1860
2385 41160 42960 0 1 1800
2386 43080 44400 1 16 1320
2387 44520 45540 16 3 1020
2389 33000 33660 17 8 660
2390 33780 35940 8 3 2160
2391 36060 36660 3 2 600
2392 36780 37860 2 1 1080
2393 37980 39420 1 5 1440
2394 42720 44160 5 1 1440
2395 44280 45360 1 2 1080
2396 45480 46080 2 3 600
2397 46200 48360 3 8 2160
2398 48480 49140 8 17 660
2399 49260 50460 17 14 1200
2400 53520 54960 5 1 1440
2401 55080 56160 1 2 1080
2402 56280 56880 2 3 600
2403 57000 59160 3 8 2160
2404 59280 59940 8 17 660
2405 60060 61260 17 14 1200
2406 64320 65760 5 1 1440
2407 65880 66960 1 2 1080
2408 67080 67680 2 3 600
2409 67800 69960 3 8 2160
2410 70080 70740 8 17 660
2411 70860 72060 17 14 1200
2412 75120 76560 5 1 1440
2413 76680 77760 1 2 1080
2414 77880 78480 2 3 600
2415 78600 80760 3 8 2160
2418 31740 32520 4 6 780
2419 32640 35760 6 16 3120
2420 35880 36660 16 2 780
2421 36780 37380 2 3 600
2422 37500 39660 3 8 2160
2423 39780 40440 8 17 660
2424 40560 42120 17 11 1560
2425 44400 45960 11 17 1560
2426 46080 46740 17 8 660
2427 46860 49020 8 3 2160
2428 49140 49740 3 2 600
2429 49860 50640 2 16 780
2430 50760 53880 16 6 3120
2431 54000 54780 6 4 780
2432 58800 60360 11 17 1560
2433 60480 61140 17 8 660
2434 61260 63420 8 3 2160
2435 63540 64140 3 2 600
2436 64260 65040 2 16 780
2437 65160 68280 16 6 3120
2438 68400 69180 6 4 780
2439 73200 74760 11 17 1560
2440 74880 75540 17 8 660
2441 75660 77820 8 3 2160
2442 77940 78540 3 2 600
2443 78660 79440 2 16 780
2444 79560 82680 16 6 3120
2445 82800 83580 6 4 780
2446 31920 33360 5 1 1440
2447 33480 34560 1 2 1080
2448 34680 35280 2 3 600
2449 35400 37560 3 8 2160
2450 37680 38340 8 17 660
2451 38460 39660 17 14 1200
2452 42480 43680 14 17 1200
2453 43800 44460 17 8 660
2454 44580 46740 8 3 2160
2455 46860 47460 3 2 600
2456 47580 48660 2 1 1080
2457 48780 50220 1 5 1440
2458 53280 54480 14 17 1200
2459 54600 55260 17 8 660
2460 55380 57540 8 3 2160
2461 57660 58260 3 2 600
2462 58380 59460 2 1 1080
2463 59580 61020 1 5 1440
2464 64080 65280 14 17 1200
2465 65400 66060 17 8 660
2466 66180 68340 8 3 2160
2467 68460 69060 3 2 600
2468 69180 70260 2 1 1080
2469 70380 71820 1 5 1440
2470 74880 76080 14 17 1200
2471 76200 76860 17 8 660
2472 76980 79140 8 3 2160
2473 79260 79860 3 2 600
2474 79980 81060 2 1 1080
2476 32100 33420 15 16 1320
2477 33540 36660 16 6 3120
2478 36780 37560 6 4 780
2479 37680 40020 4 7 2340
2480 40140 42120 7 10 1980
2481 44700 46680 10 7 1980
2482 46800 49140 7 4 2340
2483 49260 50040 4 6 780
2484 50160 53280 6 16 3120
2485 53400 54720 16 15 1320
2486 55500 57480 10 7 1980
2487 57600 59940 7 4 2340
2488 60060 60840 4 6 780
2489 60960 64080 6 16 3120
2490 64200 65520 16 15 1320
2491 66300 68280 10 7 1980
2492 68400 70740 7 4 2340
2493 70860 71640 4 6 780
2494 71760 74880 6 16 3120
2495 75000 76320 16 15 1320
2496 77100 79080 10 7 1980
2497 79200 81540 7 4 2340
2498 81660 82440 4 6 780
2499 82560 85680 6 16 3120
2501 32280 33060 12 6 780
2502 33180 33960 6 4 780
2503 34080 36420 4 7 2340
2504 36540 38520 7 10 1980
2505 38760 40860 10 13 2100
2506 42360 44460 13 10 2100
2507 44700 46680 10 7 1980
2508 46800 49140 7 4 2340
2509 49260 50040 4 6 780
2510 50160 50940 6 12 780
2511 53160 55260 13 10 2100
2512 55500 57480 10 7 1980
2513 57600 59940 7 4 2340
2514 60060 60840 4 6 780
2515 60960 61740 6 12 780
2516 63960 66060 13 10 2100
2517 66300 68280 10 7 1980
2518 68400 70740 7 4 2340
2519 70860 71640 4 6 780
2520 71760 72540 6 12 780
2521 74760 76860 13 10 2100
2522 77100 79080 10 7 1980
2523 79200 81540 7 4 2340
2524 81660 82440 4 6 780
2526 32400 33960 11 17 1560
2527 34080 34740 17 8 660
2528 34860 38580 8 1 3720
2529 38700 40500 1 0 1800
2530 42420 44220 0 1 1800
2531 44340 48060 1 8 3720
2532 48180 48840 8 17 660
2533 48960 50520 17 11 1560
2534 32400 33000 2 3 600
2535 33240 34260 3 16 1020
2536 34380 35700 16 15 1320
2537 37740 39060 15 16 1320
2538 39180 40200 16 3 1020
2539 40440 41040 3 2 600
2541 33780 34440 17 8 660
2542 34560 38280 8 1 3720
2543 38400 40200 1 0 1800
2544 42720 44520 0 1 1800
2545 44640 48360 1 8 3720
2546 48480 49140 8 17 660
2547 49260 50460 17 14 1200
2548 32580 34380 1 0 1800
2549 34500 36660 0 6 2160
2550 36780 37560 6 4 780
2551 37680 40020 4 7 2340
2552 40140 42120 7 10 1980
2553 45720 47700 10 7 1980
2554 47820 50160 7 4 2340
2555 50280 51060 4 6 780
2556 51180 53340 6 0 2160
2557 53460 55260 0 1 1800
2558 32700 34140 5 1 1440
2559 34260 35340 1 2 1080
2560 35460 36060 2 3 600
2561 36180 38340 3 8 2160
2562 38460 39120 8 17 660
2563 39240 40800 17 11 1560
2564 42120 43680 11 17 1560
2565 43800 44460 17 8 660
2566 44580 46740 8 3 2160
2567 46860 47460 3 2 600
2568 47580 48660 2 1 1080
2569 48780 50220 1 5 1440
2570 33540 34740 14 17 1200
2571 34860 35520 17 8 660
2572 35640 37800 8 3 2160
2573 37920 38940 3 16 1020
2574 39060 42180 16 6 3120
2575 42300 43080 6 4 780
2576 45660 46440 4 6 780
2577 46560 49680 6 16 3120
2578 49800 50820 16 3 1020
2579 50940 53100 3 8 2160
2580 53220 53880 8 17 660
2581 54000 55200 17 14 1200
2582 33600 35160 11 17 1560
2583 35280 35940 17 8 660
2584 36060 38220 8 3 2160
2585 38340 38940 3 2 600
2586 39060 39840 2 16 780
2587 39960 43080 16 6 3120
2588 43200 43980 6 4 780
2589 46140 46920 4 6 780
2590 47040 50160 6 16 3120
2591 50280 51060 16 2 780
2592 51180 51780 2 3 600
2593 51900 54060 3 8 2160
2594 54180 54840 8 17 660
2595 54960 56520 17 11 1560
2596 60540 61320 4 6 780
2597 61440 64560 6 16 3120
2598 64680 65460 16 2 780
2599 65580 66180 2 3 600
2600 66300 68460 3 8 2160
2601 68580 69240 8 17 660
2602 69360 70920 17 11 1560
2603 74940 75720 4 6 780
2604 75840 78960 6 16 3120
2605 79080 79860 16 2 780
2606 79980 80580 2 3 600
2611 36000 38340 7 4 2340
2612 38460 39240 4 6 780
2613 39360 42480 6 16 3120
2614 42600 43920 16 15 1320
2615 46500 47820 15 16 1320
2616 47940 51060 16 6 3120
2617 51180 51960 6 4 780
2618 52080 54420 4 7 2340
2619 54540 56520 7 10 1980
2620 36000 37320 15 16 1320
2621 37440 38220 16 2 780
2622 38340 39420 2 1 1080
2623 39540 41340 1 0 1800
2624 42720 44520 0 1 1800
2625 44640 45720 1 2 1080
2626 45840 46620 2 16 780
2627 46740 48060 16 15 1320
2628 36360 38220 9 0 1860
2629 38340 40740 0 5 2400
2630 42480 44880 5 0 2400
2631 45000 46860 0 9 1860
2632 39600 40200 2 3 600
2633 40440 41460 3 16 1020
2634 41580 42900 16 15 1320
2635 44940 46260 15 16 1320
2636 46380 47400 16 3 1020
2637 47640 48240 3 2 600
2638 43200 44520 15 16 1320
2639 44640 45420 16 2 780
2640 45540 46620 2 1 1080
2641 46740 48540 1 0 1800
2642 49920 51720 0 1 1800
2643 51840 52920 1 2 1080
2644 53040 53820 2 16 780
2645 53940 55260 16 15 1320
2646 43200 44760 11 17 1560
2647 44880 45540 17 8 660
2648 45660 49380 8 1 3720
2649 49500 51300 1 0 1800
2650 53220 55020 0 1 1800
2651 55140 58860 1 8 3720
2652 58980 59640 8 17 660
2653 59760 61320 17 11 1560
2654 43260 44460 14 17 1200
2655 44580 45240 17 8 660
2656 45360 49080 8 1 3720
2657 49200 51000 1 0 1800
2658 53520 55320 0 1 1800
2659 55440 59160 1 8 3720
2660 59280 59940 8 17 660
2661 60060 61260 17 14 1200
2662 43500 44940 5 1 1440
2663 45060 46140 1 2 1080
2664 46260 46860 2 3 600
2665 46980 49140 3 8 2160
2666 49260 49920 8 17 660
2667 50040 51600 17 11 1560
2668 52920 54480 11 17 1560
2669 54600 55260 17 8 660
2670 55380 57540 8 3 2160
2671 57660 58260 3 2 600
2672 58380 59460 2 1 1080
2673 59580 61020 1 5 1440
2674 43560 45420 9 0 1860
2675 45540 47940 0 5 2400
2676 49680 52080 5 0 2400
2677 52200 54060 0 9 1860
2678 46800 47400 2 3 600
2679 47640 48660 3 16 1020
2680 48780 50100 16 15 1320
2681 52140 53460 15 16 1320
2682 53580 54600 16 3 1020
2683 54840 55440 3 2 600
2684 48000 49560 11 17 1560
2685 49680 50340 17 8 660
2686 50460 52620 8 3 2160
2687 52740 53340 3 2 600
2688 53460 54240 2 16 780
2689 54360 57480 16 6 3120
2690 57600 58380 6 4 780
2691 60540 61320 4 6 780
2692 61440 64560 6 16 3120
2693 64680 65460 16 2 780
2694 65580 66180 2 3 600
2695 66300 68460 3 8 2160
2696 68580 69240 8 17 660
2697 69360 70920 17 11 1560
2698 50400 51720 15 16 1320
2699 51840 52620 16 2 780
2700 52740 53820 2 1 1080
2701 53940 55740 1 0 1800
2702 57120 58920 0 1 1800
2703 59040 60120 1 2 1080
2704 60240 61020 2 16 780
2705 61140 62460 16 15 1320
2706 50760 52620 9 0 1860
2707 52740 55140 0 5 2400
2708 56880 59280 5 0 2400
2709 59400 61260 0 9 1860
2710 54000 55560 11 17 1560
2711 55680 56340 17 8 660
2712 56460 60180 8 1 3720
2713 60300 62100 1 0 1800
2714 64020 65820 0 1 1800
2715 65940 69660 1 8 3720
2716 69780 70440 8 17 660
2717 70560 72120 17 11 1560
2718 54000 54600 2 3 600
2719 54840 55860 3 16 1020
2720 55980 57300 16 15 1320
2721 59340 60660 15 16 1320
2722 60780 61800 16 3 1020
2723 62040 62640 3 2 600
2724 54060 55260 14 17 1200
2725 55380 56040 17 8 660
2726 56160 59880 8 1 3720
2727 60000 61800 1 0 1800
2728 64320 66120 0 1 1800
2729 66240 69960 1 8 3720
2730 70080 70740 8 17 660
2731 70860 72060 17 14 1200
2732 54300 55740 5 1 1440
2733 55860 56940 1 2 1080
2734 57060 57660 2 3 600
2735 57780 59940 3 8 2160
2736 60060 60720 8 17 660
2737 60840 62400 17 11 1560
2738 63720 65280 11 17 1560
2739 65400 66060 17 8 660
2740 66180 68340 8 3 2160
2741 68460 69060 3 2 600
2742 69180 70260 2 1 1080
2743 70380 71820 1 5 1440
2744 57600 58920 15 16 1320
2745 59040 59820 16 2 780
2746 59940 61020 2 1 1080
2747 61140 62940 1 0 1800
2748 64320 66120 0 1 1800
2749 66240 67320 1 2 1080
2750 67440 68220 2 16 780
2751 68340 69660 16 15 1320
2752 57960 59820 9 0 1860
2753 59940 62340 0 5 2400
2754 64080 66480 5 0 2400
2755 66600 68460 0 9 1860
2756 61200 61800 2 3 600
2757 62040 63060 3 16 1020
2758 63180 64500 16 15 1320
2759 66540 67860 15 16 1320
2760 67980 69000 16 3 1020
2761 69240 69840 3 2 600
2762 62400 63960 11 17 1560
2763 64080 64740 17 8 660
2764 64860 67020 8 3 2160
2765 67140 67740 3 2 600
2766 67860 68640 2 16 780
2767 68760 71880 16 6 3120
2768 72000 72780 6 4 780
2769 74940 75720 4 6 780
2770 75840 78960 6 16 3120
2771 79080 79860 16 2 780
2772 79980 80580 2 3 600
2776 64800 66120 15 16 1320
2777 66240 67020 16 2 780
2778 67140 68220 2 1 1080
2779 68340 70140 1 0 1800
2780 71520 73320 0 1 1800
2781 73440 74520 1 2 1080
2782 74640 75420 2 16 780
2783 75540 76860 16 15 1320
2784 64800 66360 11 17 1560
2785 66480 67140 17 8 660
2786 67260 70980 8 1 3720
2787 71100 72900 1 0 1800
2788 74820 76620 0 1 1800
2789 76740 80460 1 8 3720
2792 64860 66060 14 17 1200
2793 66180 66840 17 8 660
2794 66960 70680 8 1 3720
2795 70800 72600 1 0 1800
2796 75120 76920 0 1 1800
2797 77040 80760 1 8 3720
2800 65100 66540 5 1 1440
2801 66660 67740 1 2 1080
2802 67860 68460 2 3 600
2803 68580 70740 3 8 2160
2804 70860 71520 8 17 660
2805 71640 73200 17 11 1560
2806 74520 76080 11 17 1560
2807 76200 76860 17 8 660
2808 76980 79140 8 3 2160
2809 79260 79860 3 2 600
2810 79980 81060 2 1 1080
2812 65160 67020 9 0 1860
2813 67140 69540 0 5 2400
2814 71280 73680 5 0 2400
2815 73800 75660 0 9 1860
2816 68400 69000 2 3 600
2817 69240 70260 3 16 1020
2818 70380 71700 16 15 1320
2819 73740 75060 15 16 1320
2820 75180 76200 16 3 1020
2821 76440 77040 3 2 600
2822 72000 73320 15 16 1320
2823 73440 74220 16 2 780
2824 74340 75420 2 1 1080
2825 75540 77340 1 0 1800
2826 78720 80520 0 1 1800
2827 80640 81720 1 2 1080
2828 81840 82620 2 16 780
2830 72360 74220 9 0 1860
2831 74340 76740 0 5 2400
2832 78480 80880 5 0 2400
2834 75600 77160 11 17 1560
2835 77280 77940 17 8 660
2836 78060 81780 8 1 3720
2837 81900 83700 1 0 1800
2842 75600 76200 2 3 600
2843 76440 77460 3 16 1020
2844 77580 78900 16 15 1320
2845 80940 82260 15 16 1320
2846 82380 83400 16 3 1020
2847 83640 84240 3 2 600
2848 75660 76860 14 17 1200
2849 76980 77640 17 8 660
2850 77760 81480 8 1 3720
2851 81600 83400 1 0 1800
2856 75900 77340 5 1 1440
2857 77460 78540 1 2 1080
2858 78660 79260 2 3 600
2868 76800 78360 11 17 1560
2869 78480 79140 17 8 660
2870 79260 81420 8 3 2160
2871 81540 82140 3 2 600
2872 82260 83040 2 16 780
2873 83160 86280 16 6 3120
2874 86400 87180 6 4 780
2875 89340 90120 4 6 780
2876 90240 93360 6 16 3120
2882 79200 80520 15 16 1320
2883 80640 81420 16 2 780
2884 81540 82620 2 1 1080
2885 82740 84540 1 0 1800
2886 85920 87720 0 1 1800
2887 87840 88920 1 2 1080
2888 89040 89820 2 16 780
