0 SOURCE 0 0 -1 -1 2460 31260
1 SOURCE 0 30 -1 -1 2460 31260
2 SOURCE 0 60 -1 -1 2460 31260
3 SOURCE 0 90 -1 -1 2460 31260
4 SOURCE 0 16 -1 -1 2460 31260
5 SOURCE 0 46 -1 -1 2460 31260
6 SOURCE 0 76 -1 -1 2460 31260
7 SOURCE 0 106 -1 -1 2460 31260
8 SOURCE 0 17 -1 -1 2460 31260
9 SOURCE 0 47 -1 -1 2460 31260
10 SOURCE 0 77 -1 -1 2460 31260
11 SOURCE 0 107 -1 -1 2460 31260
12 SOURCE 0 18 -1 -1 2460 31260
13 SOURCE 0 48 -1 -1 2460 31260
14 SOURCE 0 78 -1 -1 2460 31260
15 SOURCE 0 108 -1 -1 2460 31260
16 SOURCE 0 19 -1 -1 2460 31260
17 SOURCE 0 49 -1 -1 2460 31260
18 SOURCE 0 79 -1 -1 2460 31260
19 SOURCE 0 109 -1 -1 2460 31260
20 SOURCE 0 20 -1 -1 2460 31260
21 SOURCE 0 50 -1 -1 2460 31260
22 SOURCE 0 80 -1 -1 2460 31260
23 SOURCE 0 110 -1 -1 2460 31260
24 SOURCE 0 21 -1 -1 2460 31260
25 SOURCE 0 51 -1 -1 2460 31260
26 SOURCE 0 81 -1 -1 2460 31260
27 SOURCE 0 111 -1 -1 2460 31260
28 SOURCE 0 22 -1 -1 2460 31260
29 SOURCE 0 52 -1 -1 2460 31260
30 SOURCE 0 82 -1 -1 2460 31260
31 SOURCE 0 112 -1 -1 2460 31260
32 SOURCE 0 23 -1 -1 2460 31260
33 SOURCE 0 53 -1 -1 2460 31260
34 SOURCE 0 83 -1 -1 2460 31260
35 SOURCE 0 113 -1 -1 2460 31260
36 SOURCE 0 24 -1 -1 2460 31260
37 SOURCE 0 54 -1 -1 2460 31260
38 SOURCE 0 84 -1 -1 2460 31260
39 SOURCE 0 114 -1 -1 2460 31260
40 SOURCE 0 25 -1 -1 2460 31260
41 SOURCE 0 55 -1 -1 2460 31260
42 SOURCE 0 85 -1 -1 2460 31260
43 SOURCE 0 115 -1 -1 2460 31260
44 SOURCE 0 26 -1 -1 2460 31260
45 SOURCE 0 56 -1 -1 2460 31260
46 SOURCE 0 86 -1 -1 2460 31260
47 SOURCE 0 116 -1 -1 2460 31260
48 SOURCE 0 27 -1 -1 2460 31260
49 SOURCE 0 57 -1 -1 2460 31260
50 SOURCE 0 87 -1 -1 2460 31260
51 SOURCE 0 117 -1 -1 2460 31260
52 SOURCE 0 28 -1 -1 2460 31260
53 SOURCE 0 58 -1 -1 2460 31260
54 SOURCE 0 88 -1 -1 2460 31260
55 SOURCE 0 118 -1 -1 2460 31260
56 SOURCE 0 29 -1 -1 2460 31260
57 SOURCE 0 59 -1 -1 2460 31260
58 SOURCE 0 89 -1 -1 2460 31260
59 SOURCE 0 119 -1 -1 2460 31260
60 CONNECTION 0 1 -1 -1 3600 3600
61 CONNECTION 0 31 -1 -1 4500 4500
62 CONNECTION 0 61 -1 -1 5400 5400
63 CONNECTION 0 91 300 4200 6300 6300
64 CONNECTION 0 2 300 5100 7200 7200
65 CONNECTION 0 32 300 6000 8100 8100
66 CONNECTION 0 62 300 6900 9000 9000
67 CONNECTION 30 31 -1 -1 3600 3600
68 CONNECTION 30 61 -1 -1 4500 4500
69 CONNECTION 30 91 -1 -1 5400 5400
70 CONNECTION 30 2 300 4200 6300 6300
71 CONNECTION 30 32 300 5100 7200 7200
72 CONNECTION 30 62 300 6000 8100 8100
73 CONNECTION 30 92 300 6900 9000 9000
74 CONNECTION 60 61 -1 -1 3600 3600
75 CONNECTION 60 91 -1 -1 4500 4500
76 CONNECTION 60 2 -1 -1 5400 5400
77 CONNECTION 60 32 300 4200 6300 6300
78 CONNECTION 60 62 300 5100 7200 7200
79 CONNECTION 60 92 300 6000 8100 8100
80 CONNECTION 60 3 300 6900 9000 9000
81 CONNECTION 90 91 -1 -1 3600 3600
82 CONNECTION 90 2 -1 -1 4500 4500
83 CONNECTION 90 32 -1 -1 5400 5400
84 CONNECTION 90 62 300 4200 6300 6300
85 CONNECTION 90 92 300 5100 7200 7200
86 CONNECTION 90 3 300 6000 8100 8100
87 CONNECTION 90 33 300 6900 9000 9000
88 CONNECTION 1 17 -1 -1 3600 3600
89 CONNECTION 1 47 -1 -1 4500 4500
90 CONNECTION 1 77 -1 -1 5400 5400
91 CONNECTION 1 107 300 4200 6300 6300
92 CONNECTION 1 18 300 5100 7200 7200
93 CONNECTION 1 48 300 6000 8100 8100
94 CONNECTION 1 78 300 6900 9000 9000
95 SINK 1 0 -1 -1 0 0
96 CONNECTION 16 2 -1 -1 3600 3600
97 CONNECTION 16 32 -1 -1 4500 4500
98 CONNECTION 16 62 -1 -1 5400 5400
99 CONNECTION 16 92 300 4200 6300 6300
100 CONNECTION 16 3 300 5100 7200 7200
101 CONNECTION 16 33 300 6000 8100 8100
102 CONNECTION 16 63 300 6900 9000 9000
103 CONNECTION 31 47 -1 -1 3600 3600
104 CONNECTION 31 77 -1 -1 4500 4500
105 CONNECTION 31 107 -1 -1 5400 5400
106 CONNECTION 31 18 300 4200 6300 6300
107 CONNECTION 31 48 300 5100 7200 7200
108 CONNECTION 31 78 300 6000 8100 8100
109 CONNECTION 31 108 300 6900 9000 9000
110 SINK 31 0 -1 -1 0 0
111 CONNECTION 46 32 -1 -1 3600 3600
112 CONNECTION 46 62 -1 -1 4500 4500
113 CONNECTION 46 92 -1 -1 5400 5400
114 CONNECTION 46 3 300 4200 6300 6300
115 CONNECTION 46 33 300 5100 7200 7200
116 CONNECTION 46 63 300 6000 8100 8100
117 CONNECTION 46 93 300 6900 9000 9000
118 CONNECTION 61 77 -1 -1 3600 3600
119 CONNECTION 61 107 -1 -1 4500 4500
120 CONNECTION 61 18 -1 -1 5400 5400
121 CONNECTION 61 48 300 4200 6300 6300
122 CONNECTION 61 78 300 5100 7200 7200
123 CONNECTION 61 108 300 6000 8100 8100
124 CONNECTION 61 19 300 6900 9000 9000
125 SINK 61 0 -1 -1 0 0
126 CONNECTION 76 62 -1 -1 3600 3600
127 CONNECTION 76 92 -1 -1 4500 4500
128 CONNECTION 76 3 -1 -1 5400 5400
129 CONNECTION 76 33 300 4200 6300 6300
130 CONNECTION 76 63 300 5100 7200 7200
131 CONNECTION 76 93 300 6000 8100 8100
132 CONNECTION 76 4 300 6900 9000 9000
133 CONNECTION 91 107 -1 -1 3600 3600
134 CONNECTION 91 18 -1 -1 4500 4500
135 CONNECTION 91 48 -1 -1 5400 5400
136 CONNECTION 91 78 300 4200 6300 6300
137 CONNECTION 91 108 300 5100 7200 7200
138 CONNECTION 91 19 300 6000 8100 8100
139 CONNECTION 91 49 300 6900 9000 9000
140 SINK 91 0 -1 -1 0 0
141 CONNECTION 106 92 -1 -1 3600 3600
142 CONNECTION 106 3 -1 -1 4500 4500
143 CONNECTION 106 33 -1 -1 5400 5400
144 CONNECTION 106 63 300 4200 6300 6300
145 CONNECTION 106 93 300 5100 7200 7200
146 CONNECTION 106 4 300 6000 8100 8100
147 CONNECTION 106 34 300 6900 9000 9000
148 CONNECTION 2 18 -1 -1 3600 3600
149 CONNECTION 2 48 -1 -1 4500 4500
150 CONNECTION 2 78 -1 -1 5400 5400
151 CONNECTION 2 108 300 4200 6300 6300
152 CONNECTION 2 19 300 5100 7200 7200
153 CONNECTION 2 49 300 6000 8100 8100
154 CONNECTION 2 79 300 6900 9000 9000
155 SINK 2 0 -1 -1 0 0
156 CONNECTION 17 3 -1 -1 3600 3600
157 CONNECTION 17 33 -1 -1 4500 4500
158 CONNECTION 17 63 -1 -1 5400 5400
159 CONNECTION 17 93 300 4200 6300 6300
160 CONNECTION 17 4 300 5100 7200 7200
161 CONNECTION 17 34 300 6000 8100 8100
162 CONNECTION 17 64 300 6900 9000 9000
163 CONNECTION 32 48 -1 -1 3600 3600
164 CONNECTION 32 78 -1 -1 4500 4500
165 CONNECTION 32 108 -1 -1 5400 5400
166 CONNECTION 32 19 300 4200 6300 6300
167 CONNECTION 32 49 300 5100 7200 7200
168 CONNECTION 32 79 300 6000 8100 8100
169 CONNECTION 32 109 300 6900 9000 9000
170 SINK 32 0 -1 -1 0 0
171 CONNECTION 47 33 -1 -1 3600 3600
172 CONNECTION 47 63 -1 -1 4500 4500
173 CONNECTION 47 93 -1 -1 5400 5400
174 CONNECTION 47 4 300 4200 6300 6300
175 CONNECTION 47 34 300 5100 7200 7200
176 CONNECTION 47 64 300 6000 8100 8100
177 CONNECTION 47 94 300 6900 9000 9000
178 CONNECTION 62 78 -1 -1 3600 3600
179 CONNECTION 62 108 -1 -1 4500 4500
180 CONNECTION 62 19 -1 -1 5400 5400
181 CONNECTION 62 49 300 4200 6300 6300
182 CONNECTION 62 79 300 5100 7200 7200
183 CONNECTION 62 109 300 6000 8100 8100
184 CONNECTION 62 20 300 6900 9000 9000
185 SINK 62 0 -1 -1 0 0
186 CONNECTION 77 63 -1 -1 3600 3600
187 CONNECTION 77 93 -1 -1 4500 4500
188 CONNECTION 77 4 -1 -1 5400 5400
189 CONNECTION 77 34 300 4200 6300 6300
190 CONNECTION 77 64 300 5100 7200 7200
191 CONNECTION 77 94 300 6000 8100 8100
192 CONNECTION 77 5 300 6900 9000 9000
193 CONNECTION 92 108 -1 -1 3600 3600
194 CONNECTION 92 19 -1 -1 4500 4500
195 CONNECTION 92 49 -1 -1 5400 5400
196 CONNECTION 92 79 300 4200 6300 6300
197 CONNECTION 92 109 300 5100 7200 7200
198 CONNECTION 92 20 300 6000 8100 8100
199 CONNECTION 92 50 300 6900 9000 9000
200 SINK 92 0 -1 -1 0 0
201 CONNECTION 107 93 -1 -1 3600 3600
202 CONNECTION 107 4 -1 -1 4500 4500
203 CONNECTION 107 34 -1 -1 5400 5400
204 CONNECTION 107 64 300 4200 6300 6300
205 CONNECTION 107 94 300 5100 7200 7200
206 CONNECTION 107 5 300 6000 8100 8100
207 CONNECTION 107 35 300 6900 9000 9000
208 CONNECTION 3 19 -1 -1 3600 3600
209 CONNECTION 3 49 -1 -1 4500 4500
210 CONNECTION 3 79 -1 -1 5400 5400
211 CONNECTION 3 109 300 4200 6300 6300
212 CONNECTION 3 20 300 5100 7200 7200
213 CONNECTION 3 50 300 6000 8100 8100
214 CONNECTION 3 80 300 6900 9000 9000
215 SINK 3 0 -1 -1 0 0
216 CONNECTION 18 4 -1 -1 3600 3600
217 CONNECTION 18 34 -1 -1 4500 4500
218 CONNECTION 18 64 -1 -1 5400 5400
219 CONNECTION 18 94 300 4200 6300 6300
220 CONNECTION 18 5 300 5100 7200 7200
221 CONNECTION 18 35 300 6000 8100 8100
222 CONNECTION 18 65 300 6900 9000 9000
223 CONNECTION 33 49 -1 -1 3600 3600
224 CONNECTION 33 79 -1 -1 4500 4500
225 CONNECTION 33 109 -1 -1 5400 5400
226 CONNECTION 33 20 300 4200 6300 6300
227 CONNECTION 33 50 300 5100 7200 7200
228 CONNECTION 33 80 300 6000 8100 8100
229 CONNECTION 33 110 300 6900 9000 9000
230 SINK 33 0 -1 -1 0 0
231 CONNECTION 48 34 -1 -1 3600 3600
232 CONNECTION 48 64 -1 -1 4500 4500
233 CONNECTION 48 94 -1 -1 5400 5400
234 CONNECTION 48 5 300 4200 6300 6300
235 CONNECTION 48 35 300 5100 7200 7200
236 CONNECTION 48 65 300 6000 8100 8100
237 CONNECTION 48 95 300 6900 9000 9000
238 CONNECTION 63 79 -1 -1 3600 3600
239 CONNECTION 63 109 -1 -1 4500 4500
240 CONNECTION 63 20 -1 -1 5400 5400
241 CONNECTION 63 50 300 4200 6300 6300
242 CONNECTION 63 80 300 5100 7200 7200
243 CONNECTION 63 110 300 6000 8100 8100
244 CONNECTION 63 21 300 6900 9000 9000
245 SINK 63 0 -1 -1 0 0
246 CONNECTION 78 64 -1 -1 3600 3600
247 CONNECTION 78 94 -1 -1 4500 4500
248 CONNECTION 78 5 -1 -1 5400 5400
249 CONNECTION 78 35 300 4200 6300 6300
250 CONNECTION 78 65 300 5100 7200 7200
251 CONNECTION 78 95 300 6000 8100 8100
252 CONNECTION 78 6 300 6900 9000 9000
253 CONNECTION 93 109 -1 -1 3600 3600
254 CONNECTION 93 20 -1 -1 4500 4500
255 CONNECTION 93 50 -1 -1 5400 5400
256 CONNECTION 93 80 300 4200 6300 6300
257 CONNECTION 93 110 300 5100 7200 7200
258 CONNECTION 93 21 300 6000 8100 8100
259 CONNECTION 93 51 300 6900 9000 9000
260 SINK 93 0 -1 -1 0 0
261 CONNECTION 108 94 -1 -1 3600 3600
262 CONNECTION 108 5 -1 -1 4500 4500
263 CONNECTION 108 35 -1 -1 5400 5400
264 CONNECTION 108 65 300 4200 6300 6300
265 CONNECTION 108 95 300 5100 7200 7200
266 CONNECTION 108 6 300 6000 8100 8100
267 CONNECTION 108 36 300 6900 9000 9000
268 CONNECTION 4 20 -1 -1 3600 3600
269 CONNECTION 4 50 -1 -1 4500 4500
270 CONNECTION 4 80 -1 -1 5400 5400
271 CONNECTION 4 110 300 4200 6300 6300
272 CONNECTION 4 21 300 5100 7200 7200
273 CONNECTION 4 51 300 6000 8100 8100
274 CONNECTION 4 81 300 6900 9000 9000
275 SINK 4 0 -1 -1 0 0
276 CONNECTION 19 5 -1 -1 3600 3600
277 CONNECTION 19 35 -1 -1 4500 4500
278 CONNECTION 19 65 -1 -1 5400 5400
279 CONNECTION 19 95 300 4200 6300 6300
280 CONNECTION 19 6 300 5100 7200 7200
281 CONNECTION 19 36 300 6000 8100 8100
282 CONNECTION 19 66 300 6900 9000 9000
283 CONNECTION 34 50 -1 -1 3600 3600
284 CONNECTION 34 80 -1 -1 4500 4500
285 CONNECTION 34 110 -1 -1 5400 5400
286 CONNECTION 34 21 300 4200 6300 6300
287 CONNECTION 34 51 300 5100 7200 7200
288 CONNECTION 34 81 300 6000 8100 8100
289 CONNECTION 34 111 300 6900 9000 9000
290 SINK 34 0 -1 -1 0 0
291 CONNECTION 49 35 -1 -1 3600 3600
292 CONNECTION 49 65 -1 -1 4500 4500
293 CONNECTION 49 95 -1 -1 5400 5400
294 CONNECTION 49 6 300 4200 6300 6300
295 CONNECTION 49 36 300 5100 7200 7200
296 CONNECTION 49 66 300 6000 8100 8100
297 CONNECTION 49 96 300 6900 9000 9000
298 CONNECTION 64 80 -1 -1 3600 3600
299 CONNECTION 64 110 -1 -1 4500 4500
300 CONNECTION 64 21 -1 -1 5400 5400
301 CONNECTION 64 51 300 4200 6300 6300
302 CONNECTION 64 81 300 5100 7200 7200
303 CONNECTION 64 111 300 6000 8100 8100
304 CONNECTION 64 22 300 6900 9000 9000
305 SINK 64 0 -1 -1 0 0
306 CONNECTION 79 65 -1 -1 3600 3600
307 CONNECTION 79 95 -1 -1 4500 4500
308 CONNECTION 79 6 -1 -1 5400 5400
309 CONNECTION 79 36 300 4200 6300 6300
310 CONNECTION 79 66 300 5100 7200 7200
311 CONNECTION 79 96 300 6000 8100 8100
312 CONNECTION 79 7 300 6900 9000 9000
313 CONNECTION 94 110 -1 -1 3600 3600
314 CONNECTION 94 21 -1 -1 4500 4500
315 CONNECTION 94 51 -1 -1 5400 5400
316 CONNECTION 94 81 300 4200 6300 6300
317 CONNECTION 94 111 300 5100 7200 7200
318 CONNECTION 94 22 300 6000 8100 8100
319 CONNECTION 94 52 300 6900 9000 9000
320 SINK 94 0 -1 -1 0 0
321 CONNECTION 109 95 -1 -1 3600 3600
322 CONNECTION 109 6 -1 -1 4500 4500
323 CONNECTION 109 36 -1 -1 5400 5400
324 CONNECTION 109 66 300 4200 6300 6300
325 CONNECTION 109 96 300 5100 7200 7200
326 CONNECTION 109 7 300 6000 8100 8100
327 CONNECTION 109 37 300 6900 9000 9000
328 CONNECTION 5 21 -1 -1 3600 3600
329 CONNECTION 5 51 -1 -1 4500 4500
330 CONNECTION 5 81 -1 -1 5400 5400
331 CONNECTION 5 111 300 4200 6300 6300
332 CONNECTION 5 22 300 5100 7200 7200
333 CONNECTION 5 52 300 6000 8100 8100
334 CONNECTION 5 82 300 6900 9000 9000
335 SINK 5 0 -1 -1 0 0
336 CONNECTION 20 6 -1 -1 3600 3600
337 CONNECTION 20 36 -1 -1 4500 4500
338 CONNECTION 20 66 -1 -1 5400 5400
339 CONNECTION 20 96 300 4200 6300 6300
340 CONNECTION 20 7 300 5100 7200 7200
341 CONNECTION 20 37 300 6000 8100 8100
342 CONNECTION 20 67 300 6900 9000 9000
343 CONNECTION 35 51 -1 -1 3600 3600
344 CONNECTION 35 81 -1 -1 4500 4500
345 CONNECTION 35 111 -1 -1 5400 5400
346 CONNECTION 35 22 300 4200 6300 6300
347 CONNECTION 35 52 300 5100 7200 7200
348 CONNECTION 35 82 300 6000 8100 8100
349 CONNECTION 35 112 300 6900 9000 9000
350 SINK 35 0 -1 -1 0 0
351 CONNECTION 50 36 -1 -1 3600 3600
352 CONNECTION 50 66 -1 -1 4500 4500
353 CONNECTION 50 96 -1 -1 5400 5400
354 CONNECTION 50 7 300 4200 6300 6300
355 CONNECTION 50 37 300 5100 7200 7200
356 CONNECTION 50 67 300 6000 8100 8100
357 CONNECTION 50 97 300 6900 9000 9000
358 CONNECTION 65 81 -1 -1 3600 3600
359 CONNECTION 65 111 -1 -1 4500 4500
360 CONNECTION 65 22 -1 -1 5400 5400
361 CONNECTION 65 52 300 4200 6300 6300
362 CONNECTION 65 82 300 5100 7200 7200
363 CONNECTION 65 112 300 6000 8100 8100
364 CONNECTION 65 23 300 6900 9000 9000
365 SINK 65 0 -1 -1 0 0
366 CONNECTION 80 66 -1 -1 3600 3600
367 CONNECTION 80 96 -1 -1 4500 4500
368 CONNECTION 80 7 -1 -1 5400 5400
369 CONNECTION 80 37 300 4200 6300 6300
370 CONNECTION 80 67 300 5100 7200 7200
371 CONNECTION 80 97 300 6000 8100 8100
372 CONNECTION 80 8 300 6900 9000 9000
373 CONNECTION 95 111 -1 -1 3600 3600
374 CONNECTION 95 22 -1 -1 4500 4500
375 CONNECTION 95 52 -1 -1 5400 5400
376 CONNECTION 95 82 300 4200 6300 6300
377 CONNECTION 95 112 300 5100 7200 7200
378 CONNECTION 95 23 300 6000 8100 8100
379 CONNECTION 95 53 300 6900 9000 9000
380 SINK 95 0 -1 -1 0 0
381 CONNECTION 110 96 -1 -1 3600 3600
382 CONNECTION 110 7 -1 -1 4500 4500
383 CONNECTION 110 37 -1 -1 5400 5400
384 CONNECTION 110 67 300 4200 6300 6300
385 CONNECTION 110 97 300 5100 7200 7200
386 CONNECTION 110 8 300 6000 8100 8100
387 CONNECTION 110 38 300 6900 9000 9000
388 CONNECTION 6 22 -1 -1 3600 3600
389 CONNECTION 6 52 -1 -1 4500 4500
390 CONNECTION 6 82 -1 -1 5400 5400
391 CONNECTION 6 112 300 4200 6300 6300
392 CONNECTION 6 23 300 5100 7200 7200
393 CONNECTION 6 53 300 6000 8100 8100
394 CONNECTION 6 83 300 6900 9000 9000
395 SINK 6 0 -1 -1 0 0
396 CONNECTION 21 7 -1 -1 3600 3600
397 CONNECTION 21 37 -1 -1 4500 4500
398 CONNECTION 21 67 -1 -1 5400 5400
399 CONNECTION 21 97 300 4200 6300 6300
400 CONNECTION 21 8 300 5100 7200 7200
401 CONNECTION 21 38 300 6000 8100 8100
402 CONNECTION 21 68 300 6900 9000 9000
403 CONNECTION 36 52 -1 -1 3600 3600
404 CONNECTION 36 82 -1 -1 4500 4500
405 CONNECTION 36 112 -1 -1 5400 5400
406 CONNECTION 36 23 300 4200 6300 6300
407 CONNECTION 36 53 300 5100 7200 7200
408 CONNECTION 36 83 300 6000 8100 8100
409 CONNECTION 36 113 300 6900 9000 9000
410 SINK 36 0 -1 -1 0 0
411 CONNECTION 51 37 -1 -1 3600 3600
412 CONNECTION 51 67 -1 -1 4500 4500
413 CONNECTION 51 97 -1 -1 5400 5400
414 CONNECTION 51 8 300 4200 6300 6300
415 CONNECTION 51 38 300 5100 7200 7200
416 CONNECTION 51 68 300 6000 8100 8100
417 CONNECTION 51 98 300 6900 9000 9000
418 CONNECTION 66 82 -1 -1 3600 3600
419 CONNECTION 66 112 -1 -1 4500 4500
420 CONNECTION 66 23 -1 -1 5400 5400
421 CONNECTION 66 53 300 4200 6300 6300
422 CONNECTION 66 83 300 5100 7200 7200
423 CONNECTION 66 113 300 6000 8100 8100
424 CONNECTION 66 24 300 6900 9000 9000
425 SINK 66 0 -1 -1 0 0
426 CONNECTION 81 67 -1 -1 3600 3600
427 CONNECTION 81 97 -1 -1 4500 4500
428 CONNECTION 81 8 -1 -1 5400 5400
429 CONNECTION 81 38 300 4200 6300 6300
430 CONNECTION 81 68 300 5100 7200 7200
431 CONNECTION 81 98 300 6000 8100 8100
432 CONNECTION 81 9 300 6900 9000 9000
433 CONNECTION 96 112 -1 -1 3600 3600
434 CONNECTION 96 23 -1 -1 4500 4500
435 CONNECTION 96 53 -1 -1 5400 5400
436 CONNECTION 96 83 300 4200 6300 6300
437 CONNECTION 96 113 300 5100 7200 7200
438 CONNECTION 96 24 300 6000 8100 8100
439 CONNECTION 96 54 300 6900 9000 9000
440 SINK 96 0 -1 -1 0 0
441 CONNECTION 111 97 -1 -1 3600 3600
442 CONNECTION 111 8 -1 -1 4500 4500
443 CONNECTION 111 38 -1 -1 5400 5400
444 CONNECTION 111 68 300 4200 6300 6300
445 CONNECTION 111 98 300 5100 7200 7200
446 CONNECTION 111 9 300 6000 8100 8100
447 CONNECTION 111 39 300 6900 9000 9000
448 CONNECTION 7 23 -1 -1 3600 3600
449 CONNECTION 7 53 -1 -1 4500 4500
450 CONNECTION 7 83 -1 -1 5400 5400
451 CONNECTION 7 113 300 4200 6300 6300
452 CONNECTION 7 24 300 5100 7200 7200
453 CONNECTION 7 54 300 6000 8100 8100
454 CONNECTION 7 84 300 6900 9000 9000
455 SINK 7 0 -1 -1 0 0
456 CONNECTION 22 8 -1 -1 3600 3600
457 CONNECTION 22 38 -1 -1 4500 4500
458 CONNECTION 22 68 -1 -1 5400 5400
459 CONNECTION 22 98 300 4200 6300 6300
460 CONNECTION 22 9 300 5100 7200 7200
461 CONNECTION 22 39 300 6000 8100 8100
462 CONNECTION 22 69 300 6900 9000 9000
463 CONNECTION 37 53 -1 -1 3600 3600
464 CONNECTION 37 83 -1 -1 4500 4500
465 CONNECTION 37 113 -1 -1 5400 5400
466 CONNECTION 37 24 300 4200 6300 6300
467 CONNECTION 37 54 300 5100 7200 7200
468 CONNECTION 37 84 300 6000 8100 8100
469 CONNECTION 37 114 300 6900 9000 9000
470 SINK 37 0 -1 -1 0 0
471 CONNECTION 52 38 -1 -1 3600 3600
472 CONNECTION 52 68 -1 -1 4500 4500
473 CONNECTION 52 98 -1 -1 5400 5400
474 CONNECTION 52 9 300 4200 6300 6300
475 CONNECTION 52 39 300 5100 7200 7200
476 CONNECTION 52 69 300 6000 8100 8100
477 CONNECTION 52 99 300 6900 9000 9000
478 CONNECTION 67 83 -1 -1 3600 3600
479 CONNECTION 67 113 -1 -1 4500 4500
480 CONNECTION 67 24 -1 -1 5400 5400
481 CONNECTION 67 54 300 4200 6300 6300
482 CONNECTION 67 84 300 5100 7200 7200
483 CONNECTION 67 114 300 6000 8100 8100
484 CONNECTION 67 25 300 6900 9000 9000
485 SINK 67 0 -1 -1 0 0
486 CONNECTION 82 68 -1 -1 3600 3600
487 CONNECTION 82 98 -1 -1 4500 4500
488 CONNECTION 82 9 -1 -1 5400 5400
489 CONNECTION 82 39 300 4200 6300 6300
490 CONNECTION 82 69 300 5100 7200 7200
491 CONNECTION 82 99 300 6000 8100 8100
492 CONNECTION 82 10 300 6900 9000 9000
493 CONNECTION 97 113 -1 -1 3600 3600
494 CONNECTION 97 24 -1 -1 4500 4500
495 CONNECTION 97 54 -1 -1 5400 5400
496 CONNECTION 97 84 300 4200 6300 6300
497 CONNECTION 97 114 300 5100 7200 7200
498 CONNECTION 97 25 300 6000 8100 8100
499 CONNECTION 97 55 300 6900 9000 9000
500 SINK 97 0 -1 -1 0 0
501 CONNECTION 112 98 -1 -1 3600 3600
502 CONNECTION 112 9 -1 -1 4500 4500
503 CONNECTION 112 39 -1 -1 5400 5400
504 CONNECTION 112 69 300 4200 6300 6300
505 CONNECTION 112 99 300 5100 7200 7200
506 CONNECTION 112 10 300 6000 8100 8100
507 CONNECTION 112 40 300 6900 9000 9000
508 CONNECTION 8 24 -1 -1 3600 3600
509 CONNECTION 8 54 -1 -1 4500 4500
510 CONNECTION 8 84 -1 -1 5400 5400
511 CONNECTION 8 114 300 4200 6300 6300
512 CONNECTION 8 25 300 5100 7200 7200
513 CONNECTION 8 55 300 6000 8100 8100
514 CONNECTION 8 85 300 6900 9000 9000
515 SINK 8 0 -1 -1 0 0
516 CONNECTION 23 9 -1 -1 3600 3600
517 CONNECTION 23 39 -1 -1 4500 4500
518 CONNECTION 23 69 -1 -1 5400 5400
519 CONNECTION 23 99 300 4200 6300 6300
520 CONNECTION 23 10 300 5100 7200 7200
521 CONNECTION 23 40 300 6000 8100 8100
522 CONNECTION 23 70 300 6900 9000 9000
523 CONNECTION 38 54 -1 -1 3600 3600
524 CONNECTION 38 84 -1 -1 4500 4500
525 CONNECTION 38 114 -1 -1 5400 5400
526 CONNECTION 38 25 300 4200 6300 6300
527 CONNECTION 38 55 300 5100 7200 7200
528 CONNECTION 38 85 300 6000 8100 8100
529 CONNECTION 38 115 300 6900 9000 9000
530 SINK 38 0 -1 -1 0 0
531 CONNECTION 53 39 -1 -1 3600 3600
532 CONNECTION 53 69 -1 -1 4500 4500
533 CONNECTION 53 99 -1 -1 5400 5400
534 CONNECTION 53 10 300 4200 6300 6300
535 CONNECTION 53 40 300 5100 7200 7200
536 CONNECTION 53 70 300 6000 8100 8100
537 CONNECTION 53 100 300 6900 9000 9000
538 CONNECTION 68 84 -1 -1 3600 3600
539 CONNECTION 68 114 -1 -1 4500 4500
540 CONNECTION 68 25 -1 -1 5400 5400
541 CONNECTION 68 55 300 4200 6300 6300
542 CONNECTION 68 85 300 5100 7200 7200
543 CONNECTION 68 115 300 6000 8100 8100
544 CONNECTION 68 26 300 6900 9000 9000
545 SINK 68 0 -1 -1 0 0
546 CONNECTION 83 69 -1 -1 3600 3600
547 CONNECTION 83 99 -1 -1 4500 4500
548 CONNECTION 83 10 -1 -1 5400 5400
549 CONNECTION 83 40 300 4200 6300 6300
550 CONNECTION 83 70 300 5100 7200 7200
551 CONNECTION 83 100 300 6000 8100 8100
552 CONNECTION 83 11 300 6900 9000 9000
553 CONNECTION 98 114 -1 -1 3600 3600
554 CONNECTION 98 25 -1 -1 4500 4500
555 CONNECTION 98 55 -1 -1 5400 5400
556 CONNECTION 98 85 300 4200 6300 6300
557 CONNECTION 98 115 300 5100 7200 7200
558 CONNECTION 98 26 300 6000 8100 8100
559 CONNECTION 98 56 300 6900 9000 9000
560 SINK 98 0 -1 -1 0 0
561 CONNECTION 113 99 -1 -1 3600 3600
562 CONNECTION 113 10 -1 -1 4500 4500
563 CONNECTION 113 40 -1 -1 5400 5400
564 CONNECTION 113 70 300 4200 6300 6300
565 CONNECTION 113 100 300 5100 7200 7200
566 CONNECTION 113 11 300 6000 8100 8100
567 CONNECTION 113 41 300 6900 9000 9000
568 CONNECTION 9 25 -1 -1 3600 3600
569 CONNECTION 9 55 -1 -1 4500 4500
570 CONNECTION 9 85 -1 -1 5400 5400
571 CONNECTION 9 115 300 4200 6300 6300
572 CONNECTION 9 26 300 5100 7200 7200
573 CONNECTION 9 56 300 6000 8100 8100
574 CONNECTION 9 86 300 6900 9000 9000
575 SINK 9 0 -1 -1 0 0
576 CONNECTION 24 10 -1 -1 3600 3600
577 CONNECTION 24 40 -1 -1 4500 4500
578 CONNECTION 24 70 -1 -1 5400 5400
579 CONNECTION 24 100 300 4200 6300 6300
580 CONNECTION 24 11 300 5100 7200 7200
581 CONNECTION 24 41 300 6000 8100 8100
582 CONNECTION 24 71 300 6900 9000 9000
583 CONNECTION 39 55 -1 -1 3600 3600
584 CONNECTION 39 85 -1 -1 4500 4500
585 CONNECTION 39 115 -1 -1 5400 5400
586 CONNECTION 39 26 300 4200 6300 6300
587 CONNECTION 39 56 300 5100 7200 7200
588 CONNECTION 39 86 300 6000 8100 8100
589 CONNECTION 39 116 300 6900 9000 9000
590 SINK 39 0 -1 -1 0 0
591 CONNECTION 54 40 -1 -1 3600 3600
592 CONNECTION 54 70 -1 -1 4500 4500
593 CONNECTION 54 100 -1 -1 5400 5400
594 CONNECTION 54 11 300 4200 6300 6300
595 CONNECTION 54 41 300 5100 7200 7200
596 CONNECTION 54 71 300 6000 8100 8100
597 CONNECTION 54 101 300 6900 9000 9000
598 CONNECTION 69 85 -1 -1 3600 3600
599 CONNECTION 69 115 -1 -1 4500 4500
600 CONNECTION 69 26 -1 -1 5400 5400
601 CONNECTION 69 56 300 4200 6300 6300
602 CONNECTION 69 86 300 5100 7200 7200
603 CONNECTION 69 116 300 6000 8100 8100
604 CONNECTION 69 27 300 6900 9000 9000
605 SINK 69 0 -1 -1 0 0
606 CONNECTION 84 70 -1 -1 3600 3600
607 CONNECTION 84 100 -1 -1 4500 4500
608 CONNECTION 84 11 -1 -1 5400 5400
609 CONNECTION 84 41 300 4200 6300 6300
610 CONNECTION 84 71 300 5100 7200 7200
611 CONNECTION 84 101 300 6000 8100 8100
612 CONNECTION 84 12 300 6900 9000 9000
613 CONNECTION 99 115 -1 -1 3600 3600
614 CONNECTION 99 26 -1 -1 4500 4500
615 CONNECTION 99 56 -1 -1 5400 5400
616 CONNECTION 99 86 300 4200 6300 6300
617 CONNECTION 99 116 300 5100 7200 7200
618 CONNECTION 99 27 300 6000 8100 8100
619 CONNECTION 99 57 300 6900 9000 9000
620 SINK 99 0 -1 -1 0 0
621 CONNECTION 114 100 -1 -1 3600 3600
622 CONNECTION 114 11 -1 -1 4500 4500
623 CONNECTION 114 41 -1 -1 5400 5400
624 CONNECTION 114 71 300 4200 6300 6300
625 CONNECTION 114 101 300 5100 7200 7200
626 CONNECTION 114 12 300 6000 8100 8100
627 CONNECTION 114 42 300 6900 9000 9000
628 CONNECTION 10 26 -1 -1 3600 3600
629 CONNECTION 10 56 -1 -1 4500 4500
630 CONNECTION 10 86 -1 -1 5400 5400
631 CONNECTION 10 116 300 4200 6300 6300
632 CONNECTION 10 27 300 5100 7200 7200
633 CONNECTION 10 57 300 6000 8100 8100
634 CONNECTION 10 87 300 6900 9000 9000
635 SINK 10 0 -1 -1 0 0
636 CONNECTION 25 11 -1 -1 3600 3600
637 CONNECTION 25 41 -1 -1 4500 4500
638 CONNECTION 25 71 -1 -1 5400 5400
639 CONNECTION 25 101 300 4200 6300 6300
640 CONNECTION 25 12 300 5100 7200 7200
641 CONNECTION 25 42 300 6000 8100 8100
642 CONNECTION 25 72 300 6900 9000 9000
643 CONNECTION 40 56 -1 -1 3600 3600
644 CONNECTION 40 86 -1 -1 4500 4500
645 CONNECTION 40 116 -1 -1 5400 5400
646 CONNECTION 40 27 300 4200 6300 6300
647 CONNECTION 40 57 300 5100 7200 7200
648 CONNECTION 40 87 300 6000 8100 8100
649 CONNECTION 40 117 300 6900 9000 9000
650 SINK 40 0 -1 -1 0 0
651 CONNECTION 55 41 -1 -1 3600 3600
652 CONNECTION 55 71 -1 -1 4500 4500
653 CONNECTION 55 101 -1 -1 5400 5400
654 CONNECTION 55 12 300 4200 6300 6300
655 CONNECTION 55 42 300 5100 7200 7200
656 CONNECTION 55 72 300 6000 8100 8100
657 CONNECTION 55 102 300 6900 9000 9000
658 CONNECTION 70 86 -1 -1 3600 3600
659 CONNECTION 70 116 -1 -1 4500 4500
660 CONNECTION 70 27 -1 -1 5400 5400
661 CONNECTION 70 57 300 4200 6300 6300
662 CONNECTION 70 87 300 5100 7200 7200
663 CONNECTION 70 117 300 6000 8100 8100
664 CONNECTION 70 28 300 6900 9000 9000
665 SINK 70 0 -1 -1 0 0
666 CONNECTION 85 71 -1 -1 3600 3600
667 CONNECTION 85 101 -1 -1 4500 4500
668 CONNECTION 85 12 -1 -1 5400 5400
669 CONNECTION 85 42 300 4200 6300 6300
670 CONNECTION 85 72 300 5100 7200 7200
671 CONNECTION 85 102 300 6000 8100 8100
672 CONNECTION 85 13 300 6900 9000 9000
673 CONNECTION 100 116 -1 -1 3600 3600
674 CONNECTION 100 27 -1 -1 4500 4500
675 CONNECTION 100 57 -1 -1 5400 5400
676 CONNECTION 100 87 300 4200 6300 6300
677 CONNECTION 100 117 300 5100 7200 7200
678 CONNECTION 100 28 300 6000 8100 8100
679 CONNECTION 100 58 300 6900 9000 9000
680 SINK 100 0 -1 -1 0 0
681 CONNECTION 115 101 -1 -1 3600 3600
682 CONNECTION 115 12 -1 -1 4500 4500
683 CONNECTION 115 42 -1 -1 5400 5400
684 CONNECTION 115 72 300 4200 6300 6300
685 CONNECTION 115 102 300 5100 7200 7200
686 CONNECTION 115 13 300 6000 8100 8100
687 CONNECTION 115 43 300 6900 9000 9000
688 CONNECTION 11 27 -1 -1 3600 3600
689 CONNECTION 11 57 -1 -1 4500 4500
690 CONNECTION 11 87 -1 -1 5400 5400
691 CONNECTION 11 117 300 4200 6300 6300
692 CONNECTION 11 28 300 5100 7200 7200
693 CONNECTION 11 58 300 6000 8100 8100
694 CONNECTION 11 88 300 6900 9000 9000
695 SINK 11 0 -1 -1 0 0
696 CONNECTION 26 12 -1 -1 3600 3600
697 CONNECTION 26 42 -1 -1 4500 4500
698 CONNECTION 26 72 -1 -1 5400 5400
699 CONNECTION 26 102 300 4200 6300 6300
700 CONNECTION 26 13 300 5100 7200 7200
701 CONNECTION 26 43 300 6000 8100 8100
702 CONNECTION 26 73 300 6900 9000 9000
703 CONNECTION 41 57 -1 -1 3600 3600
704 CONNECTION 41 87 -1 -1 4500 4500
705 CONNECTION 41 117 -1 -1 5400 5400
706 CONNECTION 41 28 300 4200 6300 6300
707 CONNECTION 41 58 300 5100 7200 7200
708 CONNECTION 41 88 300 6000 8100 8100
709 CONNECTION 41 118 300 6900 9000 9000
710 SINK 41 0 -1 -1 0 0
711 CONNECTION 56 42 -1 -1 3600 3600
712 CONNECTION 56 72 -1 -1 4500 4500
713 CONNECTION 56 102 -1 -1 5400 5400
714 CONNECTION 56 13 300 4200 6300 6300
715 CONNECTION 56 43 300 5100 7200 7200
716 CONNECTION 56 73 300 6000 8100 8100
717 CONNECTION 56 103 300 6900 9000 9000
718 CONNECTION 71 87 -1 -1 3600 3600
719 CONNECTION 71 117 -1 -1 4500 4500
720 CONNECTION 71 28 -1 -1 5400 5400
721 CONNECTION 71 58 300 4200 6300 6300
722 CONNECTION 71 88 300 5100 7200 7200
723 CONNECTION 71 118 300 6000 8100 8100
724 CONNECTION 71 29 300 6900 9000 9000
725 SINK 71 0 -1 -1 0 0
726 CONNECTION 86 72 -1 -1 3600 3600
727 CONNECTION 86 102 -1 -1 4500 4500
728 CONNECTION 86 13 -1 -1 5400 5400
729 CONNECTION 86 43 300 4200 6300 6300
730 CONNECTION 86 73 300 5100 7200 7200
731 CONNECTION 86 103 300 6000 8100 8100
732 CONNECTION 86 14 300 6900 9000 9000
733 CONNECTION 101 117 -1 -1 3600 3600
734 CONNECTION 101 28 -1 -1 4500 4500
735 CONNECTION 101 58 -1 -1 5400 5400
736 CONNECTION 101 88 300 4200 6300 6300
737 CONNECTION 101 118 300 5100 7200 7200
738 CONNECTION 101 29 300 6000 8100 8100
739 CONNECTION 101 59 300 6900 9000 9000
740 SINK 101 0 -1 -1 0 0
741 CONNECTION 116 102 -1 -1 3600 3600
742 CONNECTION 116 13 -1 -1 4500 4500
743 CONNECTION 116 43 -1 -1 5400 5400
744 CONNECTION 116 73 300 4200 6300 6300
745 CONNECTION 116 103 300 5100 7200 7200
746 CONNECTION 116 14 300 6000 8100 8100
747 CONNECTION 116 44 300 6900 9000 9000
748 CONNECTION 12 28 -1 -1 3600 3600
749 CONNECTION 12 58 -1 -1 4500 4500
750 CONNECTION 12 88 -1 -1 5400 5400
751 CONNECTION 12 118 300 4200 6300 6300
752 CONNECTION 12 29 300 5100 7200 7200
753 CONNECTION 12 59 300 6000 8100 8100
754 CONNECTION 12 89 300 6900 9000 9000
755 SINK 12 0 -1 -1 0 0
756 CONNECTION 27 13 -1 -1 3600 3600
757 CONNECTION 27 43 -1 -1 4500 4500
758 CONNECTION 27 73 -1 -1 5400 5400
759 CONNECTION 27 103 300 4200 6300 6300
760 CONNECTION 27 14 300 5100 7200 7200
761 CONNECTION 27 44 300 6000 8100 8100
762 CONNECTION 27 74 300 6900 9000 9000
763 CONNECTION 42 58 -1 -1 3600 3600
764 CONNECTION 42 88 -1 -1 4500 4500
765 CONNECTION 42 118 -1 -1 5400 5400
766 CONNECTION 42 29 300 4200 6300 6300
767 CONNECTION 42 59 300 5100 7200 7200
768 CONNECTION 42 89 300 6000 8100 8100
769 CONNECTION 42 119 300 6900 9000 9000
770 SINK 42 0 -1 -1 0 0
771 CONNECTION 57 43 -1 -1 3600 3600
772 CONNECTION 57 73 -1 -1 4500 4500
773 CONNECTION 57 103 -1 -1 5400 5400
774 CONNECTION 57 14 300 4200 6300 6300
775 CONNECTION 57 44 300 5100 7200 7200
776 CONNECTION 57 74 300 6000 8100 8100
777 CONNECTION 57 104 300 6900 9000 9000
778 CONNECTION 72 88 -1 -1 3600 3600
779 CONNECTION 72 118 -1 -1 4500 4500
780 CONNECTION 72 29 -1 -1 5400 5400
781 CONNECTION 72 59 300 4200 6300 6300
782 CONNECTION 72 89 300 5100 7200 7200
783 CONNECTION 72 119 300 6000 8100 8100
784 SINK 72 0 -1 -1 0 0
785 CONNECTION 87 73 -1 -1 3600 3600
786 CONNECTION 87 103 -1 -1 4500 4500
787 CONNECTION 87 14 -1 -1 5400 5400
788 CONNECTION 87 44 300 4200 6300 6300
789 CONNECTION 87 74 300 5100 7200 7200
790 CONNECTION 87 104 300 6000 8100 8100
791 CONNECTION 87 15 300 6900 9000 9000
792 CONNECTION 102 118 -1 -1 3600 3600
793 CONNECTION 102 29 -1 -1 4500 4500
794 CONNECTION 102 59 -1 -1 5400 5400
795 CONNECTION 102 89 300 4200 6300 6300
796 CONNECTION 102 119 300 5100 7200 7200
797 SINK 102 0 -1 -1 0 0
798 CONNECTION 117 103 -1 -1 3600 3600
799 CONNECTION 117 14 -1 -1 4500 4500
800 CONNECTION 117 44 -1 -1 5400 5400
801 CONNECTION 117 74 300 4200 6300 6300
802 CONNECTION 117 104 300 5100 7200 7200
803 CONNECTION 117 15 300 6000 8100 8100
804 CONNECTION 117 45 300 6900 9000 9000
805 CONNECTION 13 29 -1 -1 3600 3600
806 CONNECTION 13 59 -1 -1 4500 4500
807 CONNECTION 13 89 -1 -1 5400 5400
808 CONNECTION 13 119 300 4200 6300 6300
809 SINK 13 0 -1 -1 0 0
810 CONNECTION 28 14 -1 -1 3600 3600
811 CONNECTION 28 44 -1 -1 4500 4500
812 CONNECTION 28 74 -1 -1 5400 5400
813 CONNECTION 28 104 300 4200 6300 6300
814 CONNECTION 28 15 300 5100 7200 7200
815 CONNECTION 28 45 300 6000 8100 8100
816 CONNECTION 28 75 300 6900 9000 9000
817 CONNECTION 43 59 -1 -1 3600 3600
818 CONNECTION 43 89 -1 -1 4500 4500
819 CONNECTION 43 119 -1 -1 5400 5400
820 SINK 43 0 -1 -1 0 0
821 CONNECTION 58 44 -1 -1 3600 3600
822 CONNECTION 58 74 -1 -1 4500 4500
823 CONNECTION 58 104 -1 -1 5400 5400
824 CONNECTION 58 15 300 4200 6300 6300
825 CONNECTION 58 45 300 5100 7200 7200
826 CONNECTION 58 75 300 6000 8100 8100
827 CONNECTION 58 105 300 6900 9000 9000
828 CONNECTION 73 89 -1 -1 3600 3600
829 CONNECTION 73 119 -1 -1 4500 4500
830 SINK 73 0 -1 -1 0 0
831 CONNECTION 88 74 -1 -1 3600 3600
832 CONNECTION 88 104 -1 -1 4500 4500
833 CONNECTION 88 15 -1 -1 5400 5400
834 CONNECTION 88 45 300 4200 6300 6300
835 CONNECTION 88 75 300 5100 7200 7200
836 CONNECTION 88 105 300 6000 8100 8100
837 CONNECTION 103 119 -1 -1 3600 3600
838 SINK 103 0 -1 -1 0 0
839 CONNECTION 118 104 -1 -1 3600 3600
840 CONNECTION 118 15 -1 -1 4500 4500
841 CONNECTION 118 45 -1 -1 5400 5400
842 CONNECTION 118 75 300 4200 6300 6300
843 CONNECTION 118 105 300 5100 7200 7200
844 SINK 14 0 -1 -1 0 0
845 CONNECTION 29 15 -1 -1 3600 3600
846 CONNECTION 29 45 -1 -1 4500 4500
847 CONNECTION 29 75 -1 -1 5400 5400
848 CONNECTION 29 105 300 4200 6300 6300
849 SINK 44 0 -1 -1 0 0
850 CONNECTION 59 45 -1 -1 3600 3600
851 CONNECTION 59 75 -1 -1 4500 4500
852 CONNECTION 59 105 -1 -1 5400 5400
853 SINK 74 0 -1 -1 0 0
854 CONNECTION 89 75 -1 -1 3600 3600
855 CONNECTION 89 105 -1 -1 4500 4500
856 SINK 104 0 -1 -1 0 0
857 CONNECTION 119 105 -1 -1 3600 3600
858 SINK 15 0 -1 -1 0 0
859 SINK 45 0 -1 -1 0 0
860 SINK 75 0 -1 -1 0 0
861 SINK 105 0 -1 -1 0 0
