0 21840 24300 0 1 2460
1 25440 27900 1 0 2460
2 29040 31500 1 0 2460
3 32640 35100 1 0 2460
4 36240 38700 1 0 2460
5 39840 42300 1 0 2460
6 43440 45900 1 0 2460
7 47040 49500 1 0 2460
8 50640 53100 1 0 2460
9 54240 56700 1 0 2460
10 57840 60300 1 0 2460
11 61440 63900 1 0 2460
12 65040 67500 1 0 2460
13 68640 71100 1 0 2460
14 72240 74700 1 0 2460
15 75840 78300 1 0 2460
16 25440 27900 0 1 2460
17 29040 31500 0 1 2460
18 32640 35100 0 1 2460
19 36240 38700 0 1 2460
20 39840 42300 0 1 2460
21 43440 45900 0 1 2460
22 47040 49500 0 1 2460
23 50640 53100 0 1 2460
24 54240 56700 0 1 2460
25 57840 60300 0 1 2460
26 61440 63900 0 1 2460
27 65040 67500 0 1 2460
28 68640 71100 0 1 2460
29 72240 74700 0 1 2460
30 22740 25200 0 1 2460
31 26340 28800 1 0 2460
32 29940 32400 1 0 2460
33 33540 36000 1 0 2460
34 37140 39600 1 0 2460
35 40740 43200 1 0 2460
36 44340 46800 1 0 2460
37 47940 50400 1 0 2460
38 51540 54000 1 0 2460
39 55140 57600 1 0 2460
40 58740 61200 1 0 2460
41 62340 64800 1 0 2460
42 65940 68400 1 0 2460
43 69540 72000 1 0 2460
44 73140 75600 1 0 2460
45 76740 79200 1 0 2460
46 26340 28800 0 1 2460
47 29940 32400 0 1 2460
48 33540 36000 0 1 2460
49 37140 39600 0 1 2460
50 40740 43200 0 1 2460
51 44340 46800 0 1 2460
52 47940 50400 0 1 2460
53 51540 54000 0 1 2460
54 55140 57600 0 1 2460
55 58740 61200 0 1 2460
56 62340 64800 0 1 2460
57 65940 68400 0 1 2460
58 69540 72000 0 1 2460
59 73140 75600 0 1 2460
60 23640 26100 0 1 2460
61 27240 29700 1 0 2460
62 30840 33300 1 0 2460
63 34440 36900 1 0 2460
64 38040 40500 1 0 2460
65 41640 44100 1 0 2460
66 45240 47700 1 0 2460
67 48840 51300 1 0 2460
68 52440 54900 1 0 2460
69 56040 58500 1 0 2460
70 59640 62100 1 0 2460
71 63240 65700 1 0 2460
72 66840 69300 1 0 2460
73 70440 72900 1 0 2460
74 74040 76500 1 0 2460
75 77640 80100 1 0 2460
76 27240 29700 0 1 2460
77 30840 33300 0 1 2460
78 34440 36900 0 1 2460
79 38040 40500 0 1 2460
80 41640 44100 0 1 2460
81 45240 47700 0 1 2460
82 48840 51300 0 1 2460
83 52440 54900 0 1 2460
84 56040 58500 0 1 2460
85 59640 62100 0 1 2460
86 63240 65700 0 1 2460
87 66840 69300 0 1 2460
88 70440 72900 0 1 2460
89 74040 76500 0 1 2460
90 24540 27000 0 1 2460
91 28140 30600 1 0 2460
92 31740 34200 1 0 2460
93 35340 37800 1 0 2460
94 38940 41400 1 0 2460
95 42540 45000 1 0 2460
96 46140 48600 1 0 2460
97 49740 52200 1 0 2460
98 53340 55800 1 0 2460
99 56940 59400 1 0 2460
100 60540 63000 1 0 2460
101 64140 66600 1 0 2460
102 67740 70200 1 0 2460
103 71340 73800 1 0 2460
104 74940 77400 1 0 2460
105 78540 81000 1 0 2460
106 28140 30600 0 1 2460
107 31740 34200 0 1 2460
108 35340 37800 0 1 2460
109 38940 41400 0 1 2460
110 42540 45000 0 1 2460
111 46140 48600 0 1 2460
112 49740 52200 0 1 2460
113 53340 55800 0 1 2460
114 56940 59400 0 1 2460
115 60540 63000 0 1 2460
116 64140 66600 0 1 2460
117 67740 70200 0 1 2460
118 71340 73800 0 1 2460
119 74940 77400 0 1 2460
