0 22560 24720 5 3 2160
1 26520 28680 3 5 2160
2 28800 29520 5 1 720
3 30120 32280 3 5 2160
4 32400 33120 5 1 720
5 33720 35880 3 5 2160
6 36000 36720 5 1 720
7 37320 39480 3 5 2160
8 39600 40320 5 1 720
9 40920 43080 3 5 2160
10 43200 43920 5 1 720
11 44520 46680 3 5 2160
12 46800 47520 5 1 720
13 48120 50280 3 5 2160
14 50400 51120 5 1 720
15 51720 53880 3 5 2160
16 54000 54720 5 1 720
17 55320 57480 3 5 2160
18 57600 58320 5 1 720
19 58920 61080 3 5 2160
20 61200 61920 5 1 720
21 62520 64680 3 5 2160
22 64800 65520 5 1 720
23 66120 68280 3 5 2160
24 68400 69120 5 1 720
25 69720 71880 3 5 2160
26 72000 72720 5 1 720
27 73320 75480 3 5 2160
28 75600 76320 5 1 720
29 76920 79080 3 5 2160
30 26280 27540 5 0 1260
31 27660 29880 0 2 2220
32 31080 32340 5 0 1260
33 32460 34680 0 2 2220
34 35880 37140 5 0 1260
35 37260 39480 0 2 2220
36 40680 41940 5 0 1260
37 42060 44280 0 2 2220
38 45480 46740 5 0 1260
39 46860 49080 0 2 2220
40 50280 51540 5 0 1260
41 51660 53880 0 2 2220
42 55080 56340 5 0 1260
43 56460 58680 0 2 2220
44 59880 61140 5 0 1260
45 61260 63480 0 2 2220
46 64680 65940 5 0 1260
47 66060 68280 0 2 2220
48 69480 70740 5 0 1260
49 70860 73080 0 2 2220
50 74280 75540 5 0 1260
51 22680 23940 5 0 1260
52 24060 26280 0 2 2220
53 27780 30000 2 0 2220
54 30120 31380 0 5 1260
55 32580 34800 2 0 2220
56 34920 36180 0 5 1260
57 37380 39600 2 0 2220
58 39720 40980 0 5 1260
59 42180 44400 2 0 2220
60 44520 45780 0 5 1260
61 46980 49200 2 0 2220
62 49320 50580 0 5 1260
63 51780 54000 2 0 2220
64 54120 55380 0 5 1260
65 56580 58800 2 0 2220
66 58920 60180 0 5 1260
67 61380 63600 2 0 2220
68 63720 64980 0 5 1260
69 66180 68400 2 0 2220
70 68520 69780 0 5 1260
71 70980 73200 2 0 2220
72 73320 74580 0 5 1260
73 75780 78000 2 0 2220
74 78120 79380 0 5 1260
75 28500 29640 0 1 1140
76 29760 30900 1 3 1140
77 31020 33060 3 4 2040
78 33900 35040 0 1 1140
79 35160 36300 1 3 1140
80 36420 38460 3 4 2040
81 39300 40440 0 1 1140
82 40560 41700 1 3 1140
83 41820 43860 3 4 2040
84 44700 45840 0 1 1140
85 45960 47100 1 3 1140
86 47220 49260 3 4 2040
87 50100 51240 0 1 1140
88 51360 52500 1 3 1140
89 52620 54660 3 4 2040
90 55500 56640 0 1 1140
91 56760 57900 1 3 1140
92 58020 60060 3 4 2040
93 60900 62040 0 1 1140
94 62160 63300 1 3 1140
95 63420 65460 3 4 2040
96 66300 67440 0 1 1140
97 67560 68700 1 3 1140
98 68820 70860 3 4 2040
99 71700 72840 0 1 1140
100 72960 74100 1 3 1140
101 74220 76260 3 4 2040
102 77100 78240 0 1 1140
103 78360 79500 1 3 1140
104 25200 25920 5 1 720
105 27000 27720 1 5 720
106 27960 30120 5 3 2160
107 32400 33120 1 5 720
108 33360 35520 5 3 2160
109 37800 38520 1 5 720
110 38760 40920 5 3 2160
111 43200 43920 1 5 720
112 44160 46320 5 3 2160
113 48600 49320 1 5 720
114 49560 51720 5 3 2160
115 54000 54720 1 5 720
116 54960 57120 5 3 2160
117 59400 60120 1 5 720
118 60360 62520 5 3 2160
119 64800 65520 1 5 720
120 65760 67920 5 3 2160
121 70200 70920 1 5 720
122 71160 73320 5 3 2160
123 75600 76320 1 5 720
124 76560 78720 5 3 2160
125 25320 26580 0 5 1260
126 27480 28740 5 0 1260
127 28860 31080 0 2 2220
128 32280 33540 5 0 1260
129 33660 35880 0 2 2220
130 37080 38340 5 0 1260
131 38460 40680 0 2 2220
132 41880 43140 5 0 1260
133 43260 45480 0 2 2220
134 46680 47940 5 0 1260
135 48060 50280 0 2 2220
136 51480 52740 5 0 1260
137 52860 55080 0 2 2220
138 56280 57540 5 0 1260
139 57660 59880 0 2 2220
140 61080 62340 5 0 1260
141 62460 64680 0 2 2220
142 65880 67140 5 0 1260
143 67260 69480 0 2 2220
144 70680 71940 5 0 1260
145 72060 74280 0 2 2220
146 75480 76740 5 0 1260
147 25620 27660 3 4 2040
148 30000 32040 4 3 2040
149 32160 33300 3 1 1140
150 33420 34560 1 0 1140
151 35400 37440 4 3 2040
152 37560 38700 3 1 1140
153 38820 39960 1 0 1140
154 40800 42840 4 3 2040
155 42960 44100 3 1 1140
156 44220 45360 1 0 1140
157 46200 48240 4 3 2040
158 48360 49500 3 1 1140
159 49620 50760 1 0 1140
160 51600 53640 4 3 2040
161 53760 54900 3 1 1140
162 55020 56160 1 0 1140
163 57000 59040 4 3 2040
164 59160 60300 3 1 1140
165 60420 61560 1 0 1140
166 62400 64440 4 3 2040
167 64560 65700 3 1 1140
168 65820 66960 1 0 1140
169 67800 69840 4 3 2040
170 69960 71100 3 1 1140
171 71220 72360 1 0 1140
172 73200 75240 4 3 2040
173 75360 76500 3 1 1140
174 76620 77760 1 0 1140
175 78600 80640 4 3 2040
176 24360 26520 5 3 2160
177 28320 30480 3 5 2160
178 30600 31320 5 1 720
179 31920 34080 3 5 2160
180 34200 34920 5 1 720
181 35520 37680 3 5 2160
182 37800 38520 5 1 720
183 39120 41280 3 5 2160
184 41400 42120 5 1 720
185 42720 44880 3 5 2160
186 45000 45720 5 1 720
187 46320 48480 3 5 2160
188 48600 49320 5 1 720
189 49920 52080 3 5 2160
190 52200 52920 5 1 720
191 53520 55680 3 5 2160
192 55800 56520 5 1 720
193 57120 59280 3 5 2160
194 59400 60120 5 1 720
195 60720 62880 3 5 2160
196 63000 63720 5 1 720
197 64320 66480 3 5 2160
198 66600 67320 5 1 720
199 67920 70080 3 5 2160
200 70200 70920 5 1 720
201 71520 73680 3 5 2160
202 73800 74520 5 1 720
203 75120 77280 3 5 2160
204 77400 78120 5 1 720
205 78720 80880 3 5 2160
206 23880 25140 5 0 1260
207 25260 27480 0 2 2220
208 28980 31200 2 0 2220
209 31320 32580 0 5 1260
210 33780 36000 2 0 2220
211 36120 37380 0 5 1260
212 38580 40800 2 0 2220
213 40920 42180 0 5 1260
214 43380 45600 2 0 2220
215 45720 46980 0 5 1260
216 48180 50400 2 0 2220
217 50520 51780 0 5 1260
218 52980 55200 2 0 2220
219 55320 56580 0 5 1260
220 57780 60000 2 0 2220
221 60120 61380 0 5 1260
222 62580 64800 2 0 2220
223 64920 66180 0 5 1260
224 67380 69600 2 0 2220
225 69720 70980 0 5 1260
226 72180 74400 2 0 2220
227 74520 75780 0 5 1260
228 76980 79200 2 0 2220
229 79320 80580 0 5 1260
230 26520 27780 0 5 1260
231 28680 29940 5 0 1260
232 30060 32280 0 2 2220
233 33480 34740 5 0 1260
234 34860 37080 0 2 2220
235 38280 39540 5 0 1260
236 39660 41880 0 2 2220
237 43080 44340 5 0 1260
238 44460 46680 0 2 2220
239 47880 49140 5 0 1260
240 49260 51480 0 2 2220
241 52680 53940 5 0 1260
242 54060 56280 0 2 2220
243 57480 58740 5 0 1260
244 58860 61080 0 2 2220
245 62280 63540 5 0 1260
246 63660 65880 0 2 2220
247 67080 68340 5 0 1260
248 68460 70680 0 2 2220
249 71880 73140 5 0 1260
250 73260 75480 0 2 2220
251 76680 77940 5 0 1260
252 26760 27900 3 1 1140
253 28020 29160 1 0 1140
254 30300 31440 0 1 1140
255 31560 32700 1 3 1140
256 32820 34860 3 4 2040
257 35700 36840 0 1 1140
258 36960 38100 1 3 1140
259 38220 40260 3 4 2040
260 41100 42240 0 1 1140
261 42360 43500 1 3 1140
262 43620 45660 3 4 2040
263 46500 47640 0 1 1140
264 47760 48900 1 3 1140
265 49020 51060 3 4 2040
266 51900 53040 0 1 1140
267 53160 54300 1 3 1140
268 54420 56460 3 4 2040
269 57300 58440 0 1 1140
270 58560 59700 1 3 1140
271 59820 61860 3 4 2040
272 62700 63840 0 1 1140
273 63960 65100 1 3 1140
274 65220 67260 3 4 2040
275 68100 69240 0 1 1140
276 69360 70500 1 3 1140
277 70620 72660 3 4 2040
278 73500 74640 0 1 1140
279 74760 75900 1 3 1140
280 78900 80040 0 1 1140
281 80160 81300 1 3 1140
282 27000 27720 5 1 720
283 28800 29520 1 5 720
284 29760 31920 5 3 2160
285 34200 34920 1 5 720
286 35160 37320 5 3 2160
287 39600 40320 1 5 720
288 40560 42720 5 3 2160
289 45000 45720 1 5 720
290 45960 48120 5 3 2160
291 50400 51120 1 5 720
292 51360 53520 5 3 2160
293 55800 56520 1 5 720
294 56760 58920 5 3 2160
295 61200 61920 1 5 720
296 62160 64320 5 3 2160
297 66600 67320 1 5 720
298 67560 69720 5 3 2160
299 72000 72720 1 5 720
300 72960 75120 5 3 2160
301 77400 78120 1 5 720
302 78360 80520 5 3 2160
303 24900 26040 0 1 1140
304 26160 27300 1 3 1140
305 27420 29460 3 4 2040
306 31800 33840 4 3 2040
307 33960 35100 3 1 1140
308 35220 36360 1 0 1140
309 37200 39240 4 3 2040
310 39360 40500 3 1 1140
311 40620 41760 1 0 1140
312 42600 44640 4 3 2040
313 44760 45900 3 1 1140
314 46020 47160 1 0 1140
315 48000 50040 4 3 2040
316 50160 51300 3 1 1140
317 51420 52560 1 0 1140
318 53400 55440 4 3 2040
319 55560 56700 3 1 1140
320 56820 57960 1 0 1140
321 58800 60840 4 3 2040
322 60960 62100 3 1 1140
323 62220 63360 1 0 1140
324 64200 66240 4 3 2040
325 66360 67500 3 1 1140
326 67620 68760 1 0 1140
327 69600 71640 4 3 2040
328 71760 72900 3 1 1140
329 73020 74160 1 0 1140
330 75000 77040 4 3 2040
331 77160 78300 3 1 1140
332 78420 79560 1 0 1140
333 25080 26340 5 0 1260
334 26460 28680 0 2 2220
335 30180 32400 2 0 2220
336 32520 33780 0 5 1260
337 34980 37200 2 0 2220
338 37320 38580 0 5 1260
339 39780 42000 2 0 2220
340 42120 43380 0 5 1260
341 44580 46800 2 0 2220
342 46920 48180 0 5 1260
343 49380 51600 2 0 2220
344 51720 52980 0 5 1260
345 54180 56400 2 0 2220
346 56520 57780 0 5 1260
347 58980 61200 2 0 2220
348 61320 62580 0 5 1260
349 63780 66000 2 0 2220
350 66120 67380 0 5 1260
351 68580 70800 2 0 2220
352 70920 72180 0 5 1260
353 73380 75600 2 0 2220
354 75720 76980 0 5 1260
355 78180 80400 2 0 2220
356 80520 81780 0 5 1260
357 26160 28320 5 3 2160
358 30120 32280 3 5 2160
359 32400 33120 5 1 720
360 27720 28980 0 5 1260
361 29880 31140 5 0 1260
362 31260 33480 0 2 2220
363 34680 35940 5 0 1260
364 36060 38280 0 2 2220
365 39480 40740 5 0 1260
366 40860 43080 0 2 2220
367 44280 45540 5 0 1260
368 45660 47880 0 2 2220
369 49080 50340 5 0 1260
370 50460 52680 0 2 2220
371 53880 55140 5 0 1260
372 55260 57480 0 2 2220
373 58680 59940 5 0 1260
374 60060 62280 0 2 2220
375 63480 64740 5 0 1260
376 64860 67080 0 2 2220
377 68280 69540 5 0 1260
378 69660 71880 0 2 2220
379 73080 74340 5 0 1260
380 74460 76680 0 2 2220
381 77880 79140 5 0 1260
382 28560 29700 3 1 1140
383 29820 30960 1 0 1140
384 32100 33240 0 1 1140
385 33360 34500 1 3 1140
386 34620 36660 3 4 2040
387 37500 38640 0 1 1140
388 38760 39900 1 3 1140
389 40020 42060 3 4 2040
390 42900 44040 0 1 1140
391 44160 45300 1 3 1140
392 45420 47460 3 4 2040
393 48300 49440 0 1 1140
394 49560 50700 1 3 1140
395 50820 52860 3 4 2040
396 53700 54840 0 1 1140
397 54960 56100 1 3 1140
398 56220 58260 3 4 2040
399 59100 60240 0 1 1140
400 60360 61500 1 3 1140
401 61620 63660 3 4 2040
402 64500 65640 0 1 1140
403 65760 66900 1 3 1140
404 67020 69060 3 4 2040
405 69900 71040 0 1 1140
406 71160 72300 1 3 1140
407 72420 74460 3 4 2040
408 75300 76440 0 1 1140
409 76560 77700 1 3 1140
410 28920 30180 0 5 1260
411 31080 32340 5 0 1260
412 32460 34680 0 2 2220
413 26700 27840 0 1 1140
414 27960 29100 1 3 1140
415 29220 31260 3 4 2040
416 33600 35640 4 3 2040
417 35760 36900 3 1 1140
418 37020 38160 1 0 1140
419 39000 41040 4 3 2040
420 41160 42300 3 1 1140
421 42420 43560 1 0 1140
422 44400 46440 4 3 2040
423 46560 47700 3 1 1140
424 47820 48960 1 0 1140
425 49800 51840 4 3 2040
426 51960 53100 3 1 1140
427 53220 54360 1 0 1140
428 55200 57240 4 3 2040
429 57360 58500 3 1 1140
430 58620 59760 1 0 1140
431 60600 62640 4 3 2040
432 62760 63900 3 1 1140
433 64020 65160 1 0 1140
434 66000 68040 4 3 2040
435 68160 69300 3 1 1140
436 69420 70560 1 0 1140
437 71400 73440 4 3 2040
438 73560 74700 3 1 1140
439 74820 75960 1 0 1140
440 76800 78840 4 3 2040
441 30360 31500 3 1 1140
442 31620 32760 1 0 1140
443 33900 35040 0 1 1140
444 35160 36300 1 3 1140
445 36420 38460 3 4 2040
446 30600 31320 1 5 720
447 31560 33720 5 3 2160
448 35520 37680 3 5 2160
449 37800 38520 5 1 720
450 31380 33600 2 0 2220
451 33720 34980 0 5 1260
452 35880 37140 5 0 1260
453 37260 39480 0 2 2220
454 36000 36720 1 5 720
455 36960 39120 5 3 2160
456 40920 43080 3 5 2160
457 43200 43920 5 1 720
458 36180 38400 2 0 2220
459 38520 39780 0 5 1260
460 40680 41940 5 0 1260
461 42060 44280 0 2 2220
462 40980 43200 2 0 2220
463 43320 44580 0 5 1260
464 45480 46740 5 0 1260
465 46860 49080 0 2 2220
466 41400 42120 1 5 720
467 42360 44520 5 3 2160
468 46320 48480 3 5 2160
469 48600 49320 5 1 720
470 45780 48000 2 0 2220
471 48120 49380 0 5 1260
472 50280 51540 5 0 1260
473 51660 53880 0 2 2220
474 46800 47520 1 5 720
475 47760 49920 5 3 2160
476 51720 53880 3 5 2160
477 54000 54720 5 1 720
478 50580 52800 2 0 2220
479 52920 54180 0 5 1260
480 55080 56340 5 0 1260
481 56460 58680 0 2 2220
482 52200 52920 1 5 720
483 53160 55320 5 3 2160
484 57120 59280 3 5 2160
485 59400 60120 5 1 720
486 55380 57600 2 0 2220
487 57720 58980 0 5 1260
488 59880 61140 5 0 1260
489 61260 63480 0 2 2220
490 57600 58320 1 5 720
491 58560 60720 5 3 2160
492 62520 64680 3 5 2160
493 64800 65520 5 1 720
494 60180 62400 2 0 2220
495 62520 63780 0 5 1260
496 64680 65940 5 0 1260
497 66060 68280 0 2 2220
498 63000 63720 1 5 720
499 63960 66120 5 3 2160
500 67920 70080 3 5 2160
501 70200 70920 5 1 720
502 64980 67200 2 0 2220
503 67320 68580 0 5 1260
504 69480 70740 5 0 1260
505 70860 73080 0 2 2220
506 68400 69120 1 5 720
507 69360 71520 5 3 2160
508 73320 75480 3 5 2160
509 75600 76320 5 1 720
510 69780 72000 2 0 2220
511 72120 73380 0 5 1260
512 74280 75540 5 0 1260
513 73800 74520 1 5 720
514 74760 76920 5 3 2160
515 78720 80880 3 5 2160
516 74580 76800 2 0 2220
517 76920 78180 0 5 1260
518 79200 79920 1 5 720
519 80160 82320 5 3 2160
520 84120 86280 3 5 2160
