0 31020 33540 13 10 2520
1 33780 35460 10 16 1680
2 38100 39780 16 10 1680
3 39900 42420 10 13 2520
4 42540 46620 13 7 4080
5 46740 48660 7 11 1920
6 48780 51660 11 15 2880
7 52500 54180 16 10 1680
8 54300 56820 10 13 2520
9 56940 61020 13 7 4080
10 61140 63060 7 11 1920
11 63180 66060 11 15 2880
12 66900 68580 16 10 1680
13 68700 71220 10 13 2520
14 71340 75420 13 7 4080
15 75540 77460 7 11 1920
16 29820 30720 7 5 900
17 30840 31500 5 4 660
18 34500 35160 4 5 660
19 35280 36180 5 7 900
20 36300 40380 7 13 4080
21 40500 42120 13 6 1620
22 42240 44040 6 3 1800
23 45300 45960 4 5 660
24 46080 46980 5 7 900
25 47100 51180 7 13 4080
26 51300 52920 13 6 1620
27 53040 54840 6 3 1800
28 56100 56760 4 5 660
29 56880 57780 5 7 900
30 57900 61980 7 13 4080
31 62100 63720 13 6 1620
32 63840 65640 6 3 1800
33 66900 67560 4 5 660
34 67680 68580 5 7 900
35 68700 72780 7 13 4080
36 72900 74520 13 6 1620
37 74640 76440 6 3 1800
38 77700 78360 4 5 660
39 78480 79380 5 7 900
40 30000 31440 0 3 1440
41 31560 33360 3 6 1800
42 33600 35220 6 13 1620
43 35340 36180 13 14 840
44 37200 38640 0 3 1440
45 38760 40560 3 6 1800
46 40800 42420 6 13 1620
47 42540 43380 13 14 840
48 44400 45840 0 3 1440
49 45960 47760 3 6 1800
50 48000 49620 6 13 1620
51 49740 50580 13 14 840
52 51600 53040 0 3 1440
53 53160 54960 3 6 1800
54 55200 56820 6 13 1620
55 56940 57780 13 14 840
56 58800 60240 0 3 1440
57 60360 62160 3 6 1800
58 62400 64020 6 13 1620
59 64140 64980 13 14 840
60 66000 67440 0 3 1440
61 67560 69360 3 6 1800
62 69600 71220 6 13 1620
63 71340 72180 13 14 840
64 73200 74640 0 3 1440
65 74760 76560 3 6 1800
66 76800 78420 6 13 1620
67 78540 79380 13 14 840
68 29100 30120 1 0 1020
69 33720 34740 0 1 1020
70 34860 37920 1 11 3060
71 38160 40080 11 7 1920
72 40200 41100 7 5 900
73 41220 41880 5 4 660
74 44520 45540 0 1 1020
75 45660 48720 1 11 3060
76 48960 50880 11 7 1920
77 51000 51900 7 5 900
78 52020 52680 5 4 660
79 55320 56340 0 1 1020
80 56460 59520 1 11 3060
81 59760 61680 11 7 1920
82 61800 62700 7 5 900
83 62820 63480 5 4 660
84 66120 67140 0 1 1020
85 67260 70320 1 11 3060
86 70560 72480 11 7 1920
87 72600 73500 7 5 900
88 73620 74280 5 4 660
89 76920 77940 0 1 1020
90 24840 27300 1 7 2460
91 27420 28080 7 2 660
92 30780 31440 2 7 660
93 31560 34020 7 1 2460
94 34140 35160 1 0 1020
95 35280 36720 0 3 1440
96 37980 38640 2 7 660
97 38760 41220 7 1 2460
98 41340 42360 1 0 1020
99 42480 43920 0 3 1440
100 45180 45840 2 7 660
101 45960 48420 7 1 2460
102 48540 49560 1 0 1020
103 49680 51120 0 3 1440
104 52380 53040 2 7 660
105 53160 55620 7 1 2460
106 55740 56760 1 0 1020
107 56880 58320 0 3 1440
108 59580 60240 2 7 660
109 60360 62820 7 1 2460
110 62940 63960 1 0 1020
111 64080 65520 0 3 1440
112 66780 67440 2 7 660
113 67560 70020 7 1 2460
114 70140 71160 1 0 1020
115 71280 72720 0 3 1440
116 73980 74640 2 7 660
117 74760 77220 7 1 2460
118 77340 78360 1 0 1020
119 78480 79920 0 3 1440
120 29940 30960 1 0 1020
121 31920 32940 0 1 1020
122 33060 36240 1 13 3180
123 36420 38940 13 10 2520
124 39060 40740 10 16 1680
125 42720 43740 0 1 1020
126 43860 47040 1 13 3180
127 47220 49740 13 10 2520
128 49860 51540 10 16 1680
129 53520 54540 0 1 1020
130 54660 57840 1 13 3180
131 58020 60540 13 10 2520
132 60660 62340 10 16 1680
133 64320 65340 0 1 1020
134 65460 68640 1 13 3180
135 68820 71340 13 10 2520
136 71460 73140 10 16 1680
137 75120 76140 0 1 1020
138 76260 79440 1 13 3180
139 28800 29460 7 2 660
140 30120 30780 2 7 660
141 30900 31800 7 5 900
142 31920 33180 5 9 1260
143 33300 35520 9 11 2220
144 35640 37140 11 12 1500
145 40920 41580 2 7 660
146 41700 42600 7 5 900
147 42720 43980 5 9 1260
148 44100 46320 9 11 2220
149 46440 47940 11 12 1500
150 51720 52380 2 7 660
151 52500 53400 7 5 900
152 53520 54780 5 9 1260
153 54900 57120 9 11 2220
154 57240 58740 11 12 1500
155 62520 63180 2 7 660
156 63300 64200 7 5 900
157 64320 65580 5 9 1260
158 65700 67920 9 11 2220
159 68040 69540 11 12 1500
160 73320 73980 2 7 660
161 74100 75000 7 5 900
162 75120 76380 5 9 1260
163 76500 78720 9 11 2220
164 23700 26760 1 11 3060
165 26880 28380 11 12 1500
166 28500 30660 12 15 2160
167 33360 35520 15 12 2160
168 35760 37260 12 11 1500
169 37380 40440 11 1 3060
170 40560 41580 1 0 1020
171 44160 46320 15 12 2160
172 46560 48060 12 11 1500
173 48180 51240 11 1 3060
174 51360 52380 1 0 1020
175 54960 57120 15 12 2160
176 57360 58860 12 11 1500
177 58980 62040 11 1 3060
178 62160 63180 1 0 1020
179 65760 67920 15 12 2160
180 68160 69660 12 11 1500
181 69780 72840 11 1 3060
182 72960 73980 1 0 1020
183 76560 78720 15 12 2160
184 78960 80460 12 11 1500
185 80580 83640 11 1 3060
186 29760 30780 1 0 1020
187 33360 34380 0 1 1020
188 34500 37560 1 11 3060
189 37680 39180 11 12 1500
190 39300 41460 12 15 2160
191 44160 45180 0 1 1020
192 45300 48360 1 11 3060
193 48480 49980 11 12 1500
194 50100 52260 12 15 2160
195 54960 55980 0 1 1020
196 56100 59160 1 11 3060
197 59280 60780 11 12 1500
198 60900 63060 12 15 2160
199 65760 66780 0 1 1020
200 66900 69960 1 11 3060
201 70080 71580 11 12 1500
202 71700 73860 12 15 2160
203 76560 77580 0 1 1020
204 28260 28920 7 2 660
205 30900 31560 2 7 660
206 31800 35880 7 13 4080
207 36000 36840 13 14 840
208 38100 38760 2 7 660
209 39000 43080 7 13 4080
210 43200 44040 13 14 840
211 45300 45960 2 7 660
212 46200 50280 7 13 4080
213 50400 51240 13 14 840
214 52500 53160 2 7 660
215 53400 57480 7 13 4080
216 57600 58440 13 14 840
217 59700 60360 2 7 660
218 60600 64680 7 13 4080
219 64800 65640 13 14 840
220 66900 67560 2 7 660
221 67800 71880 7 13 4080
222 72000 72840 13 14 840
223 74100 74760 2 7 660
224 75000 79080 7 13 4080
225 28140 28980 13 14 840
226 32880 33720 14 13 840
227 33840 35460 13 6 1620
228 35580 37380 6 3 1800
229 37500 38940 3 0 1440
230 40080 40920 14 13 840
231 41040 42660 13 6 1620
232 42780 44580 6 3 1800
233 44700 46140 3 0 1440
234 47280 48120 14 13 840
235 48240 49860 13 6 1620
236 49980 51780 6 3 1800
237 51900 53340 3 0 1440
238 54480 55320 14 13 840
239 55440 57060 13 6 1620
240 57180 58980 6 3 1800
241 59100 60540 3 0 1440
242 61680 62520 14 13 840
243 62640 64260 13 6 1620
244 64380 66180 6 3 1800
245 66300 67740 3 0 1440
246 68880 69720 14 13 840
247 69840 71460 13 6 1620
248 71580 73380 6 3 1800
249 73500 74940 3 0 1440
250 76080 76920 14 13 840
251 77040 78660 13 6 1620
252 78780 80580 6 3 1800
253 80700 82140 3 0 1440
254 29820 30720 7 5 900
255 30840 32100 5 9 1260
256 35220 36480 9 5 1260
257 36600 37500 5 7 900
258 37620 41700 7 13 4080
259 41820 43440 13 6 1620
260 43560 44520 6 8 960
261 46020 47280 9 5 1260
262 47400 48300 5 7 900
263 48420 52500 7 13 4080
264 52620 54240 13 6 1620
265 54360 55320 6 8 960
266 56820 58080 9 5 1260
267 58200 59100 5 7 900
268 59220 63300 7 13 4080
269 63420 65040 13 6 1620
270 65160 66120 6 8 960
271 67620 68880 9 5 1260
272 69000 69900 5 7 900
273 70020 74100 7 13 4080
274 74220 75840 13 6 1620
275 75960 76920 6 8 960
276 78420 79680 9 5 1260
277 79800 80700 5 7 900
278 24060 27240 1 13 3180
279 27420 29940 13 10 2520
280 30060 31740 10 16 1680
281 33000 34680 16 10 1680
282 34800 37320 10 13 2520
283 37440 40620 13 1 3180
284 40740 41760 1 0 1020
285 43800 45480 16 10 1680
286 45600 48120 10 13 2520
287 48240 51420 13 1 3180
288 51540 52560 1 0 1020
289 54600 56280 16 10 1680
290 56400 58920 10 13 2520
291 59040 62220 13 1 3180
292 62340 63360 1 0 1020
293 65400 67080 16 10 1680
294 67200 69720 10 13 2520
295 69840 73020 13 1 3180
296 73140 74160 1 0 1020
297 76200 77880 16 10 1680
298 78000 80520 10 13 2520
299 80640 83820 13 1 3180
300 24060 27120 1 11 3060
301 27360 29280 11 7 1920
302 29400 30300 7 5 900
303 30420 31080 5 4 660
304 32880 33540 4 5 660
305 33660 34560 5 7 900
306 34680 36600 7 11 1920
307 36720 39780 11 1 3060
308 39900 40920 1 0 1020
309 43680 44340 4 5 660
310 44460 45360 5 7 900
311 45480 47400 7 11 1920
312 47520 50580 11 1 3060
313 50700 51720 1 0 1020
314 54480 55140 4 5 660
315 55260 56160 5 7 900
316 56280 58200 7 11 1920
317 58320 61380 11 1 3060
318 61500 62520 1 0 1020
319 65280 65940 4 5 660
320 66060 66960 5 7 900
321 67080 69000 7 11 1920
322 69120 72180 11 1 3060
323 72300 73320 1 0 1020
324 76080 76740 4 5 660
325 76860 77760 5 7 900
326 77880 79800 7 11 1920
327 79920 82980 11 1 3060
328 31080 32700 6 13 1620
329 32820 33660 13 14 840
330 33780 36420 14 2 2640
331 38280 39900 6 13 1620
332 40020 40860 13 14 840
333 40980 43620 14 2 2640
334 45480 47100 6 13 1620
335 47220 48060 13 14 840
336 48180 50820 14 2 2640
337 52680 54300 6 13 1620
338 54420 55260 13 14 840
339 55380 58020 14 2 2640
340 59880 61500 6 13 1620
341 61620 62460 13 14 840
342 62580 65220 14 2 2640
343 67080 68700 6 13 1620
344 68820 69660 13 14 840
345 69780 72420 14 2 2640
346 74280 75900 6 13 1620
347 76020 76860 13 14 840
348 76980 79620 14 2 2640
349 28440 29940 11 12 1500
350 33240 34740 12 11 1500
351 34860 37080 11 9 2220
352 37200 38460 9 5 1260
353 38580 39480 5 7 900
354 39600 40260 7 2 660
355 44040 45540 12 11 1500
356 45660 47880 11 9 2220
357 48000 49260 9 5 1260
358 49380 50280 5 7 900
359 50400 51060 7 2 660
360 54840 56340 12 11 1500
361 56460 58680 11 9 2220
362 58800 60060 9 5 1260
363 60180 61080 5 7 900
364 61200 61860 7 2 660
365 65640 67140 12 11 1500
366 67260 69480 11 9 2220
367 69600 70860 9 5 1260
368 70980 71880 5 7 900
369 72000 72660 7 2 660
370 76440 77940 12 11 1500
371 30420 31860 0 3 1440
372 31980 33780 3 6 1800
373 33900 34860 6 8 960
374 34980 36120 8 10 1140
375 37620 39060 0 3 1440
376 39180 40980 3 6 1800
377 41100 42060 6 8 960
378 42180 43320 8 10 1140
379 44820 46260 0 3 1440
380 46380 48180 3 6 1800
381 48300 49260 6 8 960
382 49380 50520 8 10 1140
383 52020 53460 0 3 1440
384 53580 55380 3 6 1800
385 55500 56460 6 8 960
386 56580 57720 8 10 1140
387 59220 60660 0 3 1440
388 60780 62580 3 6 1800
389 62700 63660 6 8 960
390 63780 64920 8 10 1140
391 66420 67860 0 3 1440
392 67980 69780 3 6 1800
393 69900 70860 6 8 960
394 70980 72120 8 10 1140
395 73620 75060 0 3 1440
396 75180 76980 3 6 1800
397 77100 78060 6 8 960
398 30180 31320 10 8 1140
399 31560 32520 8 6 960
400 32760 34560 6 3 1800
401 34680 36120 3 0 1440
402 37380 38520 10 8 1140
403 38760 39720 8 6 960
404 39960 41760 6 3 1800
405 41880 43320 3 0 1440
406 44580 45720 10 8 1140
407 45960 46920 8 6 960
408 47160 48960 6 3 1800
409 49080 50520 3 0 1440
410 51780 52920 10 8 1140
411 53160 54120 8 6 960
412 54360 56160 6 3 1800
413 56280 57720 3 0 1440
414 58980 60120 10 8 1140
415 60360 61320 8 6 960
416 61560 63360 6 3 1800
417 63480 64920 3 0 1440
418 66180 67320 10 8 1140
419 67560 68520 8 6 960
420 68760 70560 6 3 1800
421 70680 72120 3 0 1440
422 73380 74520 10 8 1140
423 74760 75720 8 6 960
424 75960 77760 6 3 1800
425 77880 79320 3 0 1440
426 27600 28620 1 0 1020
427 28740 30180 0 3 1440
428 31860 33300 3 0 1440
429 33420 34440 0 1 1020
430 34560 37020 1 7 2460
431 37140 38040 7 5 900
432 38160 38820 5 4 660
433 42660 44100 3 0 1440
434 44220 45240 0 1 1020
435 45360 47820 1 7 2460
436 47940 48840 7 5 900
437 48960 49620 5 4 660
438 53460 54900 3 0 1440
439 55020 56040 0 1 1020
440 56160 58620 1 7 2460
441 58740 59640 7 5 900
442 59760 60420 5 4 660
443 64260 65700 3 0 1440
444 65820 66840 0 1 1020
445 66960 69420 1 7 2460
446 69540 70440 7 5 900
447 70560 71220 5 4 660
448 75060 76500 3 0 1440
449 76620 77640 0 1 1020
450 77760 80220 1 7 2460
451 27360 29280 11 7 1920
452 29400 30060 7 2 660
453 30180 32820 2 14 2640
454 34560 37200 14 2 2640
455 37320 37980 2 7 660
456 38100 40020 7 11 1920
457 40140 41640 11 12 1500
458 41880 44040 12 15 2160
459 45360 48000 14 2 2640
460 48120 48780 2 7 660
461 48900 50820 7 11 1920
462 50940 52440 11 12 1500
463 52680 54840 12 15 2160
464 56160 58800 14 2 2640
465 58920 59580 2 7 660
466 59700 61620 7 11 1920
467 61740 63240 11 12 1500
468 63480 65640 12 15 2160
469 66960 69600 14 2 2640
470 69720 70380 2 7 660
471 70500 72420 7 11 1920
472 72540 74040 11 12 1500
473 74280 76440 12 15 2160
474 77760 80400 14 2 2640
475 80520 81180 2 7 660
476 26940 27960 1 0 1020
477 28080 29520 0 3 1440
478 32940 34380 3 0 1440
479 34500 35520 0 1 1020
480 35640 38100 1 7 2460
481 38220 38880 7 2 660
482 40140 41580 3 0 1440
483 41700 42720 0 1 1020
484 42840 45300 1 7 2460
485 45420 46080 7 2 660
486 47340 48780 3 0 1440
487 48900 49920 0 1 1020
488 50040 52500 1 7 2460
489 52620 53280 7 2 660
490 54540 55980 3 0 1440
491 56100 57120 0 1 1020
492 57240 59700 1 7 2460
493 59820 60480 7 2 660
494 61740 63180 3 0 1440
495 63300 64320 0 1 1020
496 64440 66900 1 7 2460
497 67020 67680 7 2 660
498 68940 70380 3 0 1440
499 70500 71520 0 1 1020
500 71640 74100 1 7 2460
501 74220 74880 7 2 660
502 76140 77580 3 0 1440
503 77700 78720 0 1 1020
504 78840 81300 1 7 2460
505 29880 33180 1 6 3300
506 35820 39120 6 1 3300
507 39240 42300 1 11 3060
508 42420 45300 11 15 2880
509 46620 49920 6 1 3300
510 50040 53100 1 11 3060
511 53220 56100 11 15 2880
512 57420 60720 6 1 3300
513 60840 63900 1 11 3060
514 64020 66900 11 15 2880
515 68220 71520 6 1 3300
516 71640 74700 1 11 3060
517 79020 82320 6 1 3300
518 23640 26940 1 6 3300
519 27060 28020 6 8 960
520 28140 29280 8 10 1140
521 31560 32700 10 8 1140
522 32820 33780 8 6 960
523 33900 37200 6 1 3300
524 38760 39900 10 8 1140
525 40020 40980 8 6 960
526 41100 44400 6 1 3300
527 45960 47100 10 8 1140
528 47220 48180 8 6 960
529 48300 51600 6 1 3300
530 53160 54300 10 8 1140
531 54420 55380 8 6 960
532 55500 58800 6 1 3300
533 60360 61500 10 8 1140
534 61620 62580 8 6 960
535 62700 66000 6 1 3300
536 67560 68700 10 8 1140
537 68820 69780 8 6 960
538 69900 73200 6 1 3300
539 74760 75900 10 8 1140
540 76020 76980 8 6 960
541 77100 80400 6 1 3300
542 30120 30780 2 7 660
543 30900 31800 7 5 900
544 31920 32580 5 4 660
545 35040 35700 4 5 660
546 35820 36720 5 7 900
547 36840 37500 7 2 660
548 37620 40260 2 14 2640
549 40380 41220 14 13 840
550 41340 43860 13 10 2520
551 45840 46500 4 5 660
552 46620 47520 5 7 900
553 47640 48300 7 2 660
554 48420 51060 2 14 2640
555 51180 52020 14 13 840
556 52140 54660 13 10 2520
557 56640 57300 4 5 660
558 57420 58320 5 7 900
559 58440 59100 7 2 660
560 59220 61860 2 14 2640
561 61980 62820 14 13 840
562 62940 65460 13 10 2520
563 67440 68100 4 5 660
564 68220 69120 5 7 900
565 69240 69900 7 2 660
566 70020 72660 2 14 2640
567 72780 73620 14 13 840
568 73740 76260 13 10 2520
569 78240 78900 4 5 660
570 79020 79920 5 7 900
571 29700 31320 13 6 1620
572 31440 33240 6 3 1800
573 36360 38160 3 6 1800
574 38280 39900 6 13 1620
575 40020 44100 13 7 4080
576 44220 45120 7 5 900
577 45240 45900 5 4 660
578 47160 48960 3 6 1800
579 49080 50700 6 13 1620
580 50820 54900 13 7 4080
581 55020 55920 7 5 900
582 56040 56700 5 4 660
583 57960 59760 3 6 1800
584 59880 61500 6 13 1620
585 61620 65700 13 7 4080
586 65820 66720 7 5 900
587 66840 67500 5 4 660
588 68760 70560 3 6 1800
589 70680 72300 6 13 1620
590 72420 76500 13 7 4080
591 76620 77520 7 5 900
592 28800 29640 13 14 840
593 33540 34380 14 13 840
594 34620 38940 13 7 4320
595 39060 39720 7 2 660
596 40740 41580 14 13 840
597 41820 46140 13 7 4320
598 46260 46920 7 2 660
599 47940 48780 14 13 840
600 49020 53340 13 7 4320
601 53460 54120 7 2 660
602 55140 55980 14 13 840
603 56220 60540 13 7 4320
604 60660 61320 7 2 660
605 62340 63180 14 13 840
606 63420 67740 13 7 4320
607 67860 68520 7 2 660
608 69540 70380 14 13 840
609 70620 74940 13 7 4320
610 75060 75720 7 2 660
611 76740 77580 14 13 840
612 28140 32220 13 7 4080
613 32340 34260 7 11 1920
614 34380 37260 11 15 2880
615 39780 42660 15 11 2880
616 42780 44700 11 7 1920
617 44820 48900 7 13 4080
618 49020 51540 13 10 2520
619 51780 53460 10 16 1680
620 54180 57060 15 11 2880
621 57180 59100 11 7 1920
622 59220 63300 7 13 4080
623 63420 65940 13 10 2520
624 66180 67860 10 16 1680
625 68580 71460 15 11 2880
626 71580 73500 11 7 1920
627 73620 77700 7 13 4080
628 28560 31020 7 1 2460
629 32040 34500 1 7 2460
630 34620 35520 7 5 900
631 35640 36900 5 9 1260
632 37140 39360 9 11 2220
633 42840 45300 1 7 2460
634 45420 46320 7 5 900
635 46440 47700 5 9 1260
636 47940 50160 9 11 2220
637 53640 56100 1 7 2460
638 56220 57120 7 5 900
639 57240 58500 5 9 1260
640 58740 60960 9 11 2220
641 64440 66900 1 7 2460
642 67020 67920 7 5 900
643 68040 69300 5 9 1260
644 69540 71760 9 11 2220
645 75240 77700 1 7 2460
646 77820 78720 7 5 900
647 29340 30840 11 12 1500
648 31080 33240 12 15 2160
649 34260 36420 15 12 2160
650 36540 38040 12 11 1500
651 38160 40080 11 7 1920
652 40200 40860 7 2 660
653 40980 43620 2 14 2640
654 45060 47220 15 12 2160
655 47340 48840 12 11 1500
656 48960 50880 11 7 1920
657 51000 51660 7 2 660
658 51780 54420 2 14 2640
659 55860 58020 15 12 2160
660 58140 59640 12 11 1500
661 59760 61680 11 7 1920
662 61800 62460 7 2 660
663 62580 65220 2 14 2640
664 66660 68820 15 12 2160
665 68940 70440 12 11 1500
666 70560 72480 11 7 1920
667 72600 73260 7 2 660
668 73380 76020 2 14 2640
669 30120 32760 2 14 2640
670 32880 33720 14 13 840
671 33840 35460 13 6 1620
672 37320 39960 2 14 2640
673 40080 40920 14 13 840
674 41040 42660 13 6 1620
675 44520 47160 2 14 2640
676 47280 48120 14 13 840
677 48240 49860 13 6 1620
678 51720 54360 2 14 2640
679 54480 55320 14 13 840
680 55440 57060 13 6 1620
681 58920 61560 2 14 2640
682 61680 62520 14 13 840
683 62640 64260 13 6 1620
684 66120 68760 2 14 2640
685 68880 69720 14 13 840
686 69840 71460 13 6 1620
687 73320 75960 2 14 2640
688 76080 76920 14 13 840
689 77040 78660 13 6 1620
690 28440 31620 13 1 3180
691 31740 32760 1 0 1020
692 33720 34740 0 1 1020
693 34860 38040 1 13 3180
694 38220 40740 13 10 2520
695 40860 42540 10 16 1680
696 44520 45540 0 1 1020
697 45660 48840 1 13 3180
698 49020 51540 13 10 2520
699 51660 53340 10 16 1680
700 55320 56340 0 1 1020
701 56460 59640 1 13 3180
702 59820 62340 13 10 2520
703 62460 64140 10 16 1680
704 66120 67140 0 1 1020
705 67260 70440 1 13 3180
706 70620 73140 13 10 2520
707 73260 74940 10 16 1680
708 76920 77940 0 1 1020
709 78060 81240 1 13 3180
710 29580 30420 14 13 840
711 30540 33060 13 10 2520
712 34440 36960 10 13 2520
713 37080 37920 13 14 840
714 38040 40680 14 2 2640
715 40920 41580 2 7 660
716 41700 42600 7 5 900
717 42720 43380 5 4 660
718 45240 47760 10 13 2520
719 47880 48720 13 14 840
720 48840 51480 14 2 2640
721 51720 52380 2 7 660
722 52500 53400 7 5 900
723 53520 54180 5 4 660
724 56040 58560 10 13 2520
725 58680 59520 13 14 840
726 59640 62280 14 2 2640
727 62520 63180 2 7 660
728 63300 64200 7 5 900
729 64320 64980 5 4 660
730 66840 69360 10 13 2520
731 69480 70320 13 14 840
732 70440 73080 14 2 2640
733 73320 73980 2 7 660
734 74100 75000 7 5 900
735 75120 75780 5 4 660
736 77640 80160 10 13 2520
737 30840 34140 1 6 3300
738 34260 35220 6 8 960
739 35340 36480 8 10 1140
740 38040 41340 1 6 3300
741 41460 42420 6 8 960
742 42540 43680 8 10 1140
743 45240 48540 1 6 3300
744 48660 49620 6 8 960
745 49740 50880 8 10 1140
746 52440 55740 1 6 3300
747 55860 56820 6 8 960
748 56940 58080 8 10 1140
749 59640 62940 1 6 3300
750 63060 64020 6 8 960
751 64140 65280 8 10 1140
752 66840 70140 1 6 3300
753 70260 71220 6 8 960
754 71340 72480 8 10 1140
755 74040 77340 1 6 3300
756 77460 78420 6 8 960
757 31020 32640 13 6 1620
758 32760 33720 6 8 960
759 37200 38160 8 6 960
760 38280 39900 6 13 1620
761 40020 44100 13 7 4080
762 44220 45120 7 5 900
763 45240 46500 5 9 1260
764 48000 48960 8 6 960
765 49080 50700 6 13 1620
766 50820 54900 13 7 4080
767 55020 55920 7 5 900
768 56040 57300 5 9 1260
769 58800 59760 8 6 960
770 59880 61500 6 13 1620
771 61620 65700 13 7 4080
772 65820 66720 7 5 900
773 66840 68100 5 9 1260
774 69600 70560 8 6 960
775 70680 72300 6 13 1620
776 72420 76500 13 7 4080
777 76620 77520 7 5 900
778 77640 78900 5 9 1260
779 27360 29820 1 7 2460
780 29940 30840 7 5 900
781 30960 31620 5 4 660
782 34020 34680 4 5 660
783 34800 35700 5 7 900
784 35820 38280 7 1 2460
785 38400 39420 1 0 1020
786 39540 40980 0 3 1440
787 44820 45480 4 5 660
788 45600 46500 5 7 900
789 46620 49080 7 1 2460
790 49200 50220 1 0 1020
791 50340 51780 0 3 1440
792 55620 56280 4 5 660
793 56400 57300 5 7 900
794 57420 59880 7 1 2460
795 60000 61020 1 0 1020
796 61140 62580 0 3 1440
797 66420 67080 4 5 660
798 67200 68100 5 7 900
799 68220 70680 7 1 2460
800 70800 71820 1 0 1020
801 71940 73380 0 3 1440
802 77220 77880 4 5 660
803 78000 78900 5 7 900
804 79020 81480 7 1 2460
805 81600 82620 1 0 1020
806 25860 29040 1 13 3180
807 29220 31740 13 10 2520
808 31860 33540 10 16 1680
809 34800 36480 16 10 1680
810 36600 39120 10 13 2520
811 39240 42420 13 1 3180
812 42540 43560 1 0 1020
813 45600 47280 16 10 1680
814 47400 49920 10 13 2520
815 50040 53220 13 1 3180
816 53340 54360 1 0 1020
817 56400 58080 16 10 1680
818 58200 60720 10 13 2520
819 60840 64020 13 1 3180
820 64140 65160 1 0 1020
821 67200 68880 16 10 1680
822 69000 71520 10 13 2520
823 71640 74820 13 1 3180
824 74940 75960 1 0 1020
825 78000 79680 16 10 1680
826 79800 82320 10 13 2520
827 82440 85620 13 1 3180
828 24840 27300 1 7 2460
829 27420 28320 7 5 900
830 28440 29700 5 9 1260
831 29940 32160 9 11 2220
832 34560 36780 11 9 2220
833 36960 38220 9 5 1260
834 38340 39240 5 7 900
835 39360 41820 7 1 2460
836 45360 47580 11 9 2220
837 47760 49020 9 5 1260
838 49140 50040 5 7 900
839 50160 52620 7 1 2460
840 56160 58380 11 9 2220
841 58560 59820 9 5 1260
842 59940 60840 5 7 900
843 60960 63420 7 1 2460
844 66960 69180 11 9 2220
845 69360 70620 9 5 1260
846 70740 71640 5 7 900
847 71760 74220 7 1 2460
848 77760 79980 11 9 2220
849 80160 81420 9 5 1260
850 81540 82440 5 7 900
851 82560 85020 7 1 2460
852 28440 31500 1 11 3060
853 31620 34500 11 15 2880
854 37980 40860 15 11 2880
855 40980 44040 11 1 3060
856 44280 47580 1 6 3300
857 48780 51660 15 11 2880
858 51780 54840 11 1 3060
859 55080 58380 1 6 3300
860 59580 62460 15 11 2880
861 62580 65640 11 1 3060
862 65880 69180 1 6 3300
863 70380 73260 15 11 2880
864 73380 76440 11 1 3060
865 76680 79980 1 6 3300
866 28380 30300 11 7 1920
867 30420 34500 7 13 4080
868 34620 37140 13 10 2520
869 37380 39060 10 16 1680
870 41700 43380 16 10 1680
871 43500 46020 10 13 2520
872 46140 50220 13 7 4080
873 50340 52260 7 11 1920
874 52380 55260 11 15 2880
875 56100 57780 16 10 1680
876 57900 60420 10 13 2520
877 60540 64620 13 7 4080
878 64740 66660 7 11 1920
879 66780 69660 11 15 2880
880 70500 72180 16 10 1680
881 72300 74820 10 13 2520
882 74940 79020 13 7 4080
883 29220 33300 13 7 4080
884 33420 34320 7 5 900
885 34440 35100 5 4 660
886 38100 38760 4 5 660
887 38880 39780 5 7 900
888 39900 43980 7 13 4080
889 44100 45720 13 6 1620
890 45840 47640 6 3 1800
891 48900 49560 4 5 660
892 49680 50580 5 7 900
893 50700 54780 7 13 4080
894 54900 56520 13 6 1620
895 56640 58440 6 3 1800
896 59700 60360 4 5 660
897 60480 61380 5 7 900
898 61500 65580 7 13 4080
899 65700 67320 13 6 1620
900 67440 69240 6 3 1800
901 70500 71160 4 5 660
902 71280 72180 5 7 900
903 72300 76380 7 13 4080
904 76500 78120 13 6 1620
905 78240 80040 6 3 1800
906 28380 30180 6 3 1800
907 30300 31740 3 0 1440
908 33600 35040 0 3 1440
909 35160 36960 3 6 1800
910 37200 38820 6 13 1620
911 38940 39780 13 14 840
912 40800 42240 0 3 1440
913 42360 44160 3 6 1800
914 44400 46020 6 13 1620
915 46140 46980 13 14 840
916 48000 49440 0 3 1440
917 49560 51360 3 6 1800
918 51600 53220 6 13 1620
919 53340 54180 13 14 840
920 55200 56640 0 3 1440
921 56760 58560 3 6 1800
922 58800 60420 6 13 1620
923 60540 61380 13 14 840
924 62400 63840 0 3 1440
925 63960 65760 3 6 1800
926 66000 67620 6 13 1620
927 67740 68580 13 14 840
928 69600 71040 0 3 1440
929 71160 72960 3 6 1800
930 73200 74820 6 13 1620
931 74940 75780 13 14 840
932 76800 78240 0 3 1440
933 29520 32580 11 1 3060
934 32700 33720 1 0 1020
935 37320 38340 0 1 1020
936 38460 41520 1 11 3060
937 41760 43680 11 7 1920
938 43800 44700 7 5 900
939 44820 45480 5 4 660
940 48120 49140 0 1 1020
941 49260 52320 1 11 3060
942 52560 54480 11 7 1920
943 54600 55500 7 5 900
944 55620 56280 5 4 660
945 58920 59940 0 1 1020
946 60060 63120 1 11 3060
947 63360 65280 11 7 1920
948 65400 66300 7 5 900
949 66420 67080 5 4 660
950 69720 70740 0 1 1020
951 70860 73920 1 11 3060
952 74160 76080 11 7 1920
953 76200 77100 7 5 900
954 28440 30900 1 7 2460
955 31020 31680 7 2 660
956 34380 35040 2 7 660
957 35160 37620 7 1 2460
958 37740 38760 1 0 1020
959 38880 40320 0 3 1440
960 41580 42240 2 7 660
961 42360 44820 7 1 2460
962 44940 45960 1 0 1020
963 46080 47520 0 3 1440
964 48780 49440 2 7 660
965 49560 52020 7 1 2460
966 52140 53160 1 0 1020
967 53280 54720 0 3 1440
968 55980 56640 2 7 660
969 56760 59220 7 1 2460
970 59340 60360 1 0 1020
971 60480 61920 0 3 1440
972 63180 63840 2 7 660
973 63960 66420 7 1 2460
974 66540 67560 1 0 1020
975 67680 69120 0 3 1440
976 70380 71040 2 7 660
977 71160 73620 7 1 2460
978 73740 74760 1 0 1020
979 74880 76320 0 3 1440
980 77580 78240 2 7 660
981 78360 80820 7 1 2460
982 80940 81960 1 0 1020
983 30240 33420 13 1 3180
984 33540 34560 1 0 1020
985 35520 36540 0 1 1020
986 36660 39840 1 13 3180
987 40020 42540 13 10 2520
988 42660 44340 10 16 1680
989 46320 47340 0 1 1020
990 47460 50640 1 13 3180
991 50820 53340 13 10 2520
992 53460 55140 10 16 1680
993 57120 58140 0 1 1020
994 58260 61440 1 13 3180
995 61620 64140 13 10 2520
996 64260 65940 10 16 1680
997 67920 68940 0 1 1020
998 69060 72240 1 13 3180
999 72420 74940 13 10 2520
1000 75060 76740 10 16 1680
1001 78720 79740 0 1 1020
1002 27660 29880 11 9 2220
1003 30000 31260 9 5 1260
1004 31380 32280 5 7 900
1005 32400 33060 7 2 660
1006 33720 34380 2 7 660
1007 34500 35400 7 5 900
1008 35520 36780 5 9 1260
1009 36900 39120 9 11 2220
1010 39240 40740 11 12 1500
1011 44520 45180 2 7 660
1012 45300 46200 7 5 900
1013 46320 47580 5 9 1260
1014 47700 49920 9 11 2220
1015 50040 51540 11 12 1500
1016 55320 55980 2 7 660
1017 56100 57000 7 5 900
1018 57120 58380 5 9 1260
1019 58500 60720 9 11 2220
1020 60840 62340 11 12 1500
1021 66120 66780 2 7 660
1022 66900 67800 7 5 900
1023 67920 69180 5 9 1260
1024 69300 71520 9 11 2220
1025 71640 73140 11 12 1500
1026 76920 77580 2 7 660
1027 77700 78600 7 5 900
1028 27300 30360 1 11 3060
1029 30480 31980 11 12 1500
1030 32100 34260 12 15 2160
1031 36960 39120 15 12 2160
1032 39360 40860 12 11 1500
1033 40980 44040 11 1 3060
1034 44160 45180 1 0 1020
1035 47760 49920 15 12 2160
1036 50160 51660 12 11 1500
1037 51780 54840 11 1 3060
1038 54960 55980 1 0 1020
1039 58560 60720 15 12 2160
1040 60960 62460 12 11 1500
1041 62580 65640 11 1 3060
1042 65760 66780 1 0 1020
1043 69360 71520 15 12 2160
1044 71760 73260 12 11 1500
1045 73380 76440 11 1 3060
1046 76560 77580 1 0 1020
1047 30180 33240 11 1 3060
1048 33360 34380 1 0 1020
1049 36960 37980 0 1 1020
1050 38100 41160 1 11 3060
1051 41280 42780 11 12 1500
1052 42900 45060 12 15 2160
1053 47760 48780 0 1 1020
1054 48900 51960 1 11 3060
1055 52080 53580 11 12 1500
1056 53700 55860 12 15 2160
1057 58560 59580 0 1 1020
1058 59700 62760 1 11 3060
1059 62880 64380 11 12 1500
1060 64500 66660 12 15 2160
1061 69360 70380 0 1 1020
1062 70500 73560 1 11 3060
1063 73680 75180 11 12 1500
1064 31860 32520 7 2 660
1065 34500 35160 2 7 660
1066 35400 39480 7 13 4080
1067 39600 40440 13 14 840
1068 41700 42360 2 7 660
1069 42600 46680 7 13 4080
1070 46800 47640 13 14 840
1071 48900 49560 2 7 660
1072 49800 53880 7 13 4080
1073 54000 54840 13 14 840
1074 56100 56760 2 7 660
1075 57000 61080 7 13 4080
1076 61200 62040 13 14 840
1077 63300 63960 2 7 660
1078 64200 68280 7 13 4080
1079 68400 69240 13 14 840
1080 70500 71160 2 7 660
1081 71400 75480 7 13 4080
1082 75600 76440 13 14 840
1083 77700 78360 2 7 660
1084 30000 31620 6 13 1620
1085 31740 32580 13 14 840
1086 36480 37320 14 13 840
1087 37440 39060 13 6 1620
1088 39180 40980 6 3 1800
1089 41100 42540 3 0 1440
1090 43680 44520 14 13 840
1091 44640 46260 13 6 1620
1092 46380 48180 6 3 1800
1093 48300 49740 3 0 1440
1094 50880 51720 14 13 840
1095 51840 53460 13 6 1620
1096 53580 55380 6 3 1800
1097 55500 56940 3 0 1440
1098 58080 58920 14 13 840
1099 59040 60660 13 6 1620
1100 60780 62580 6 3 1800
1101 62700 64140 3 0 1440
1102 65280 66120 14 13 840
1103 66240 67860 13 6 1620
1104 67980 69780 6 3 1800
1105 69900 71340 3 0 1440
1106 72480 73320 14 13 840
1107 73440 75060 13 6 1620
1108 75180 76980 6 3 1800
1109 77100 78540 3 0 1440
1110 29220 33300 13 7 4080
1111 33420 34320 7 5 900
1112 34440 35700 5 9 1260
1113 38820 40080 9 5 1260
1114 40200 41100 5 7 900
1115 41220 45300 7 13 4080
1116 45420 47040 13 6 1620
1117 47160 48120 6 8 960
1118 49620 50880 9 5 1260
1119 51000 51900 5 7 900
1120 52020 56100 7 13 4080
1121 56220 57840 13 6 1620
1122 57960 58920 6 8 960
1123 60420 61680 9 5 1260
1124 61800 62700 5 7 900
1125 62820 66900 7 13 4080
1126 67020 68640 13 6 1620
1127 68760 69720 6 8 960
1128 71220 72480 9 5 1260
1129 72600 73500 5 7 900
1130 73620 77700 7 13 4080
1131 77820 79440 13 6 1620
1132 27660 30840 1 13 3180
1133 31020 33540 13 10 2520
1134 33660 35340 10 16 1680
1135 36600 38280 16 10 1680
1136 38400 40920 10 13 2520
1137 41040 44220 13 1 3180
1138 44340 45360 1 0 1020
1139 47400 49080 16 10 1680
1140 49200 51720 10 13 2520
1141 51840 55020 13 1 3180
1142 55140 56160 1 0 1020
1143 58200 59880 16 10 1680
1144 60000 62520 10 13 2520
1145 62640 65820 13 1 3180
1146 65940 66960 1 0 1020
1147 69000 70680 16 10 1680
1148 70800 73320 10 13 2520
1149 73440 76620 13 1 3180
1150 76740 77760 1 0 1020
1151 27660 30720 1 11 3060
1152 30960 32880 11 7 1920
1153 33000 33900 7 5 900
1154 34020 34680 5 4 660
1155 36480 37140 4 5 660
1156 37260 38160 5 7 900
1157 38280 40200 7 11 1920
1158 40320 43380 11 1 3060
1159 43500 44520 1 0 1020
1160 47280 47940 4 5 660
1161 48060 48960 5 7 900
1162 49080 51000 7 11 1920
1163 51120 54180 11 1 3060
1164 54300 55320 1 0 1020
1165 58080 58740 4 5 660
1166 58860 59760 5 7 900
1167 59880 61800 7 11 1920
1168 61920 64980 11 1 3060
1169 65100 66120 1 0 1020
1170 68880 69540 4 5 660
1171 69660 70560 5 7 900
1172 70680 72600 7 11 1920
1173 72720 75780 11 1 3060
1174 75900 76920 1 0 1020
1175 30240 31860 13 6 1620
1176 34680 36300 6 13 1620
1177 36420 37260 13 14 840
1178 37380 40020 14 2 2640
1179 41880 43500 6 13 1620
1180 43620 44460 13 14 840
1181 44580 47220 14 2 2640
1182 49080 50700 6 13 1620
1183 50820 51660 13 14 840
1184 51780 54420 14 2 2640
1185 56280 57900 6 13 1620
1186 58020 58860 13 14 840
1187 58980 61620 14 2 2640
1188 63480 65100 6 13 1620
1189 65220 66060 13 14 840
1190 66180 68820 14 2 2640
1191 70680 72300 6 13 1620
1192 72420 73260 13 14 840
1193 73380 76020 14 2 2640
1194 77880 79500 6 13 1620
1195 32040 33540 11 12 1500
1196 36840 38340 12 11 1500
1197 38460 40680 11 9 2220
1198 40800 42060 9 5 1260
1199 42180 43080 5 7 900
1200 43200 43860 7 2 660
1201 47640 49140 12 11 1500
1202 49260 51480 11 9 2220
1203 51600 52860 9 5 1260
1204 52980 53880 5 7 900
1205 54000 54660 7 2 660
1206 58440 59940 12 11 1500
1207 60060 62280 11 9 2220
1208 62400 63660 9 5 1260
1209 63780 64680 5 7 900
1210 64800 65460 7 2 660
1211 69240 70740 12 11 1500
1212 70860 73080 11 9 2220
1213 73200 74460 9 5 1260
1214 74580 75480 5 7 900
1215 75600 76260 7 2 660
1216 29160 30960 6 3 1800
1217 31080 32520 3 0 1440
1218 34020 35460 0 3 1440
1219 35580 37380 3 6 1800
1220 37500 38460 6 8 960
1221 38580 39720 8 10 1140
1222 41220 42660 0 3 1440
1223 42780 44580 3 6 1800
1224 44700 45660 6 8 960
1225 45780 46920 8 10 1140
1226 48420 49860 0 3 1440
1227 49980 51780 3 6 1800
1228 51900 52860 6 8 960
1229 52980 54120 8 10 1140
1230 55620 57060 0 3 1440
1231 57180 58980 3 6 1800
1232 59100 60060 6 8 960
1233 60180 61320 8 10 1140
1234 62820 64260 0 3 1440
1235 64380 66180 3 6 1800
1236 66300 67260 6 8 960
1237 67380 68520 8 10 1140
1238 70020 71460 0 3 1440
1239 71580 73380 3 6 1800
1240 73500 74460 6 8 960
1241 74580 75720 8 10 1140
1242 77220 78660 0 3 1440
1243 30300 31260 6 8 960
1244 31380 32520 8 10 1140
1245 33780 34920 10 8 1140
1246 35160 36120 8 6 960
1247 36360 38160 6 3 1800
1248 38280 39720 3 0 1440
1249 40980 42120 10 8 1140
1250 42360 43320 8 6 960
1251 43560 45360 6 3 1800
1252 45480 46920 3 0 1440
1253 48180 49320 10 8 1140
1254 49560 50520 8 6 960
1255 50760 52560 6 3 1800
1256 52680 54120 3 0 1440
1257 55380 56520 10 8 1140
1258 56760 57720 8 6 960
1259 57960 59760 6 3 1800
1260 59880 61320 3 0 1440
1261 62580 63720 10 8 1140
1262 63960 64920 8 6 960
1263 65160 66960 6 3 1800
1264 67080 68520 3 0 1440
1265 69780 70920 10 8 1140
1266 71160 72120 8 6 960
1267 72360 74160 6 3 1800
1268 74280 75720 3 0 1440
1269 76980 78120 10 8 1140
1270 78360 79320 8 6 960
1271 79560 81360 6 3 1800
1272 81480 82920 3 0 1440
1273 28620 31080 7 1 2460
1274 31200 32220 1 0 1020
1275 32340 33780 0 3 1440
1276 35460 36900 3 0 1440
1277 37020 38040 0 1 1020
1278 38160 40620 1 7 2460
1279 40740 41640 7 5 900
1280 41760 42420 5 4 660
1281 46260 47700 3 0 1440
1282 47820 48840 0 1 1020
1283 48960 51420 1 7 2460
1284 51540 52440 7 5 900
1285 52560 53220 5 4 660
1286 57060 58500 3 0 1440
1287 58620 59640 0 1 1020
1288 59760 62220 1 7 2460
1289 62340 63240 7 5 900
1290 63360 64020 5 4 660
1291 67860 69300 3 0 1440
1292 69420 70440 0 1 1020
1293 70560 73020 1 7 2460
1294 73140 74040 7 5 900
1295 74160 74820 5 4 660
1296 78660 80100 3 0 1440
1297 80220 81240 0 1 1020
1298 29340 30840 12 11 1500
1299 30960 32880 11 7 1920
1300 33000 33660 7 2 660
1301 33780 36420 2 14 2640
1302 38160 40800 14 2 2640
1303 40920 41580 2 7 660
1304 41700 43620 7 11 1920
1305 43740 45240 11 12 1500
1306 45480 47640 12 15 2160
1307 48960 51600 14 2 2640
1308 51720 52380 2 7 660
1309 52500 54420 7 11 1920
1310 54540 56040 11 12 1500
1311 56280 58440 12 15 2160
1312 59760 62400 14 2 2640
1313 62520 63180 2 7 660
1314 63300 65220 7 11 1920
1315 65340 66840 11 12 1500
1316 67080 69240 12 15 2160
1317 70560 73200 14 2 2640
1318 73320 73980 2 7 660
1319 74100 76020 7 11 1920
1320 76140 77640 11 12 1500
1321 27960 30420 7 1 2460
1322 30540 31560 1 0 1020
1323 31680 33120 0 3 1440
1324 36540 37980 3 0 1440
1325 38100 39120 0 1 1020
1326 39240 41700 1 7 2460
1327 41820 42480 7 2 660
1328 43740 45180 3 0 1440
1329 45300 46320 0 1 1020
1330 46440 48900 1 7 2460
1331 49020 49680 7 2 660
1332 50940 52380 3 0 1440
1333 52500 53520 0 1 1020
1334 53640 56100 1 7 2460
1335 56220 56880 7 2 660
1336 58140 59580 3 0 1440
1337 59700 60720 0 1 1020
1338 60840 63300 1 7 2460
1339 63420 64080 7 2 660
1340 65340 66780 3 0 1440
1341 66900 67920 0 1 1020
1342 68040 70500 1 7 2460
1343 70620 71280 7 2 660
1344 72540 73980 3 0 1440
1345 74100 75120 0 1 1020
1346 75240 77700 1 7 2460
1347 77820 78480 7 2 660
1348 30180 33240 11 1 3060
1349 33480 36780 1 6 3300
1350 39420 42720 6 1 3300
1351 42840 45900 1 11 3060
1352 46020 48900 11 15 2880
1353 50220 53520 6 1 3300
1354 53640 56700 1 11 3060
1355 56820 59700 11 15 2880
1356 61020 64320 6 1 3300
1357 64440 67500 1 11 3060
1358 67620 70500 11 15 2880
1359 71820 75120 6 1 3300
1360 75240 78300 1 11 3060
1361 27240 30540 1 6 3300
1362 30660 31620 6 8 960
1363 31740 32880 8 10 1140
1364 35160 36300 10 8 1140
1365 36420 37380 8 6 960
1366 37500 40800 6 1 3300
1367 42360 43500 10 8 1140
1368 43620 44580 8 6 960
1369 44700 48000 6 1 3300
1370 49560 50700 10 8 1140
1371 50820 51780 8 6 960
1372 51900 55200 6 1 3300
1373 56760 57900 10 8 1140
1374 58020 58980 8 6 960
1375 59100 62400 6 1 3300
1376 63960 65100 10 8 1140
1377 65220 66180 8 6 960
1378 66300 69600 6 1 3300
1379 71160 72300 10 8 1140
1380 72420 73380 8 6 960
1381 73500 76800 6 1 3300
1382 78360 79500 10 8 1140
1383 79620 80580 8 6 960
1384 80700 84000 6 1 3300
1385 29880 30720 13 14 840
1386 30840 33480 14 2 2640
1387 33720 34380 2 7 660
1388 34500 35400 7 5 900
1389 35520 36180 5 4 660
1390 38640 39300 4 5 660
1391 39420 40320 5 7 900
1392 40440 41100 7 2 660
1393 41220 43860 2 14 2640
1394 43980 44820 14 13 840
1395 44940 47460 13 10 2520
1396 49440 50100 4 5 660
1397 50220 51120 5 7 900
1398 51240 51900 7 2 660
1399 52020 54660 2 14 2640
1400 54780 55620 14 13 840
1401 55740 58260 13 10 2520
1402 60240 60900 4 5 660
1403 61020 61920 5 7 900
1404 62040 62700 7 2 660
1405 62820 65460 2 14 2640
1406 65580 66420 14 13 840
1407 66540 69060 13 10 2520
1408 71040 71700 4 5 660
1409 71820 72720 5 7 900
1410 72840 73500 7 2 660
1411 73620 76260 2 14 2640
1412 76380 77220 14 13 840
1413 29100 33180 7 13 4080
1414 33300 34920 13 6 1620
1415 35040 36840 6 3 1800
1416 39960 41760 3 6 1800
1417 41880 43500 6 13 1620
1418 43620 47700 13 7 4080
1419 47820 48720 7 5 900
1420 48840 49500 5 4 660
1421 50760 52560 3 6 1800
1422 52680 54300 6 13 1620
1423 54420 58500 13 7 4080
1424 58620 59520 7 5 900
1425 59640 60300 5 4 660
1426 61560 63360 3 6 1800
1427 63480 65100 6 13 1620
1428 65220 69300 13 7 4080
1429 69420 70320 7 5 900
1430 70440 71100 5 4 660
1431 72360 74160 3 6 1800
1432 74280 75900 6 13 1620
1433 76020 80100 13 7 4080
1434 28200 32280 7 13 4080
1435 32400 33240 13 14 840
1436 37140 37980 14 13 840
1437 38220 42540 13 7 4320
1438 42660 43320 7 2 660
1439 44340 45180 14 13 840
1440 45420 49740 13 7 4320
1441 49860 50520 7 2 660
1442 51540 52380 14 13 840
1443 52620 56940 13 7 4320
1444 57060 57720 7 2 660
1445 58740 59580 14 13 840
1446 59820 64140 13 7 4320
1447 64260 64920 7 2 660
1448 65940 66780 14 13 840
1449 67020 71340 13 7 4320
1450 71460 72120 7 2 660
1451 73140 73980 14 13 840
1452 74220 78540 13 7 4320
1453 78660 79320 7 2 660
1454 31740 35820 13 7 4080
1455 35940 37860 7 11 1920
1456 37980 40860 11 15 2880
1457 43380 46260 15 11 2880
1458 46380 48300 11 7 1920
1459 48420 52500 7 13 4080
1460 52620 55140 13 10 2520
1461 55380 57060 10 16 1680
1462 57780 60660 15 11 2880
1463 60780 62700 11 7 1920
1464 62820 66900 7 13 4080
1465 67020 69540 13 10 2520
1466 69780 71460 10 16 1680
1467 72180 75060 15 11 2880
1468 75180 77100 11 7 1920
1469 77220 81300 7 13 4080
1470 27360 29580 11 9 2220
1471 29760 31020 9 5 1260
1472 31140 32040 5 7 900
1473 32160 34620 7 1 2460
1474 35640 38100 1 7 2460
1475 38220 39120 7 5 900
1476 39240 40500 5 9 1260
1477 40740 42960 9 11 2220
1478 46440 48900 1 7 2460
1479 49020 49920 7 5 900
1480 50040 51300 5 9 1260
1481 51540 53760 9 11 2220
1482 57240 59700 1 7 2460
1483 59820 60720 7 5 900
1484 60840 62100 5 9 1260
1485 62340 64560 9 11 2220
1486 68040 70500 1 7 2460
1487 70620 71520 7 5 900
1488 71640 72900 5 9 1260
1489 73140 75360 9 11 2220
1490 78840 81300 1 7 2460
1491 30120 30780 2 7 660
1492 30900 32820 7 11 1920
1493 32940 34440 11 12 1500
1494 34680 36840 12 15 2160
1495 37860 40020 15 12 2160
1496 40140 41640 12 11 1500
1497 41760 43680 11 7 1920
1498 43800 44460 7 2 660
1499 44580 47220 2 14 2640
1500 48660 50820 15 12 2160
1501 50940 52440 12 11 1500
1502 52560 54480 11 7 1920
1503 54600 55260 7 2 660
1504 55380 58020 2 14 2640
1505 59460 61620 15 12 2160
1506 61740 63240 12 11 1500
1507 63360 65280 11 7 1920
1508 65400 66060 7 2 660
1509 66180 68820 2 14 2640
1510 70260 72420 15 12 2160
1511 72540 74040 12 11 1500
1512 74160 76080 11 7 1920
1513 76200 76860 7 2 660
1514 29220 30060 13 14 840
1515 30180 32820 14 2 2640
1516 33720 36360 2 14 2640
1517 36480 37320 14 13 840
1518 37440 39060 13 6 1620
1519 40920 43560 2 14 2640
1520 43680 44520 14 13 840
1521 44640 46260 13 6 1620
1522 48120 50760 2 14 2640
1523 50880 51720 14 13 840
1524 51840 53460 13 6 1620
1525 55320 57960 2 14 2640
1526 58080 58920 14 13 840
1527 59040 60660 13 6 1620
1528 62520 65160 2 14 2640
1529 65280 66120 14 13 840
1530 66240 67860 13 6 1620
1531 69720 72360 2 14 2640
1532 72480 73320 14 13 840
1533 73440 75060 13 6 1620
1534 76920 79560 2 14 2640
1535 79680 80520 14 13 840
1536 32040 35220 13 1 3180
1537 35340 36360 1 0 1020
1538 37320 38340 0 1 1020
1539 38460 41640 1 13 3180
1540 41820 44340 13 10 2520
1541 44460 46140 10 16 1680
1542 48120 49140 0 1 1020
1543 49260 52440 1 13 3180
1544 52620 55140 13 10 2520
1545 55260 56940 10 16 1680
1546 58920 59940 0 1 1020
1547 60060 63240 1 13 3180
1548 63420 65940 13 10 2520
1549 66060 67740 10 16 1680
1550 69720 70740 0 1 1020
1551 70860 74040 1 13 3180
1552 74220 76740 13 10 2520
1553 29640 30300 7 2 660
1554 30420 33060 2 14 2640
1555 33180 34020 14 13 840
1556 34140 36660 13 10 2520
1557 38040 40560 10 13 2520
1558 40680 41520 13 14 840
1559 41640 44280 14 2 2640
1560 44520 45180 2 7 660
1561 45300 46200 7 5 900
1562 46320 46980 5 4 660
1563 48840 51360 10 13 2520
1564 51480 52320 13 14 840
1565 52440 55080 14 2 2640
1566 55320 55980 2 7 660
1567 56100 57000 7 5 900
1568 57120 57780 5 4 660
1569 59640 62160 10 13 2520
1570 62280 63120 13 14 840
1571 63240 65880 14 2 2640
1572 66120 66780 2 7 660
1573 66900 67800 7 5 900
1574 67920 68580 5 4 660
1575 70440 72960 10 13 2520
1576 73080 73920 13 14 840
1577 74040 76680 14 2 2640
1578 76920 77580 2 7 660
1579 77700 78600 7 5 900
1580 29220 30180 8 6 960
1581 30300 33600 6 1 3300
1582 34440 37740 1 6 3300
1583 37860 38820 6 8 960
1584 38940 40080 8 10 1140
1585 41640 44940 1 6 3300
1586 45060 46020 6 8 960
1587 46140 47280 8 10 1140
1588 48840 52140 1 6 3300
1589 52260 53220 6 8 960
1590 53340 54480 8 10 1140
1591 56040 59340 1 6 3300
1592 59460 60420 6 8 960
1593 60540 61680 8 10 1140
1594 63240 66540 1 6 3300
1595 66660 67620 6 8 960
1596 67740 68880 8 10 1140
1597 70440 73740 1 6 3300
1598 73860 74820 6 8 960
1599 74940 76080 8 10 1140
1600 29400 30300 5 7 900
1601 30420 34500 7 13 4080
1602 34620 36240 13 6 1620
1603 36360 37320 6 8 960
1604 40800 41760 8 6 960
1605 41880 43500 6 13 1620
1606 43620 47700 13 7 4080
1607 47820 48720 7 5 900
1608 48840 50100 5 9 1260
1609 51600 52560 8 6 960
1610 52680 54300 6 13 1620
1611 54420 58500 13 7 4080
1612 58620 59520 7 5 900
1613 59640 60900 5 9 1260
1614 62400 63360 8 6 960
1615 63480 65100 6 13 1620
1616 65220 69300 13 7 4080
1617 69420 70320 7 5 900
1618 70440 71700 5 9 1260
1619 73200 74160 8 6 960
1620 74280 75900 6 13 1620
1621 76020 80100 13 7 4080
1622 29820 30840 0 1 1020
1623 30960 33420 1 7 2460
1624 33540 34440 7 5 900
1625 34560 35220 5 4 660
1626 37620 38280 4 5 660
1627 38400 39300 5 7 900
1628 39420 41880 7 1 2460
1629 42000 43020 1 0 1020
1630 43140 44580 0 3 1440
1631 48420 49080 4 5 660
1632 49200 50100 5 7 900
1633 50220 52680 7 1 2460
1634 52800 53820 1 0 1020
1635 53940 55380 0 3 1440
1636 59220 59880 4 5 660
1637 60000 60900 5 7 900
1638 61020 63480 7 1 2460
1639 63600 64620 1 0 1020
1640 64740 66180 0 3 1440
1641 70020 70680 4 5 660
1642 70800 71700 5 7 900
1643 71820 74280 7 1 2460
1644 74400 75420 1 0 1020
1645 75540 76980 0 3 1440
1646 29460 32640 1 13 3180
1647 32820 35340 13 10 2520
1648 35460 37140 10 16 1680
1649 38400 40080 16 10 1680
1650 40200 42720 10 13 2520
1651 42840 46020 13 1 3180
1652 46140 47160 1 0 1020
1653 49200 50880 16 10 1680
1654 51000 53520 10 13 2520
1655 53640 56820 13 1 3180
1656 56940 57960 1 0 1020
1657 60000 61680 16 10 1680
1658 61800 64320 10 13 2520
1659 64440 67620 13 1 3180
1660 67740 68760 1 0 1020
1661 70800 72480 16 10 1680
1662 72600 75120 10 13 2520
1663 75240 78420 13 1 3180
1664 78540 79560 1 0 1020
1665 28440 30900 1 7 2460
1666 31020 31920 7 5 900
1667 32040 33300 5 9 1260
1668 33540 35760 9 11 2220
1669 38160 40380 11 9 2220
1670 40560 41820 9 5 1260
1671 41940 42840 5 7 900
1672 42960 45420 7 1 2460
1673 48960 51180 11 9 2220
1674 51360 52620 9 5 1260
1675 52740 53640 5 7 900
1676 53760 56220 7 1 2460
1677 59760 61980 11 9 2220
1678 62160 63420 9 5 1260
1679 63540 64440 5 7 900
1680 64560 67020 7 1 2460
1681 70560 72780 11 9 2220
1682 72960 74220 9 5 1260
1683 74340 75240 5 7 900
1684 75360 77820 7 1 2460
1685 28620 31920 6 1 3300
1686 32040 35100 1 11 3060
1687 35220 38100 11 15 2880
1688 41580 44460 15 11 2880
1689 44580 47640 11 1 3060
1690 47880 51180 1 6 3300
1691 52380 55260 15 11 2880
1692 55380 58440 11 1 3060
1693 58680 61980 1 6 3300
1694 63180 66060 15 11 2880
1695 66180 69240 11 1 3060
1696 69480 72780 1 6 3300
1697 73980 76860 15 11 2880
1698 76980 80040 11 1 3060
1699 31980 33900 11 7 1920
1700 34020 38100 7 13 4080
1701 38220 40740 13 10 2520
1702 40980 42660 10 16 1680
1703 45300 46980 16 10 1680
1704 47100 49620 10 13 2520
1705 49740 53820 13 7 4080
1706 53940 55860 7 11 1920
1707 55980 58860 11 15 2880
1708 59700 61380 16 10 1680
1709 61500 64020 10 13 2520
1710 64140 68220 13 7 4080
1711 68340 70260 7 11 1920
1712 70380 73260 11 15 2880
1713 74100 75780 16 10 1680
1714 75900 78420 10 13 2520
1715 31080 32700 6 13 1620
1716 32820 36900 13 7 4080
1717 37020 37920 7 5 900
1718 38040 38700 5 4 660
1719 41700 42360 4 5 660
1720 42480 43380 5 7 900
1721 43500 47580 7 13 4080
1722 47700 49320 13 6 1620
1723 49440 51240 6 3 1800
1724 52500 53160 4 5 660
1725 53280 54180 5 7 900
1726 54300 58380 7 13 4080
1727 58500 60120 13 6 1620
1728 60240 62040 6 3 1800
1729 63300 63960 4 5 660
1730 64080 64980 5 7 900
1731 65100 69180 7 13 4080
1732 69300 70920 13 6 1620
1733 71040 72840 6 3 1800
1734 74100 74760 4 5 660
1735 74880 75780 5 7 900
1736 75900 79980 7 13 4080
1737 30240 31860 13 6 1620
1738 31980 33780 6 3 1800
1739 33900 35340 3 0 1440
1740 37200 38640 0 3 1440
1741 38760 40560 3 6 1800
1742 40800 42420 6 13 1620
1743 42540 43380 13 14 840
1744 30060 30960 5 7 900
1745 31080 33000 7 11 1920
1746 33120 36180 11 1 3060
1747 36300 37320 1 0 1020
1748 40920 41940 0 1 1020
1749 42060 45120 1 11 3060
1750 45360 47280 11 7 1920
1751 47400 48300 7 5 900
1752 48420 49080 5 4 660
1753 51720 52740 0 1 1020
1754 52860 55920 1 11 3060
1755 56160 58080 11 7 1920
1756 58200 59100 7 5 900
1757 59220 59880 5 4 660
1758 62520 63540 0 1 1020
1759 63660 66720 1 11 3060
1760 66960 68880 11 7 1920
1761 69000 69900 7 5 900
1762 70020 70680 5 4 660
1763 73320 74340 0 1 1020
1764 74460 77520 1 11 3060
1765 77760 79680 11 7 1920
1766 79800 80700 7 5 900
1767 30900 31920 0 1 1020
1768 32040 34500 1 7 2460
1769 34620 35280 7 2 660
1770 37980 38640 2 7 660
1771 38760 41220 7 1 2460
1772 41340 42360 1 0 1020
1773 42480 43920 0 3 1440
1774 31200 33720 10 13 2520
1775 33840 37020 13 1 3180
1776 37140 38160 1 0 1020
1777 39120 40140 0 1 1020
1778 40260 43440 1 13 3180
1779 43620 46140 13 10 2520
1780 46260 47940 10 16 1680
1781 49920 50940 0 1 1020
1782 51060 54240 1 13 3180
1783 54420 56940 13 10 2520
1784 57060 58740 10 16 1680
1785 60720 61740 0 1 1020
1786 61860 65040 1 13 3180
1787 65220 67740 13 10 2520
1788 67860 69540 10 16 1680
1789 71520 72540 0 1 1020
1790 72660 75840 1 13 3180
1791 76020 78540 13 10 2520
1792 29640 31140 12 11 1500
1793 31260 33480 11 9 2220
1794 33600 34860 9 5 1260
1795 34980 35880 5 7 900
1796 36000 36660 7 2 660
1797 37320 37980 2 7 660
1798 38100 39000 7 5 900
1799 39120 40380 5 9 1260
1800 40500 42720 9 11 2220
1801 42840 44340 11 12 1500
1802 48120 48780 2 7 660
1803 48900 49800 7 5 900
1804 49920 51180 5 9 1260
1805 51300 53520 9 11 2220
1806 53640 55140 11 12 1500
1807 58920 59580 2 7 660
1808 59700 60600 7 5 900
1809 60720 61980 5 9 1260
1810 62100 64320 9 11 2220
1811 64440 65940 11 12 1500
1812 69720 70380 2 7 660
1813 70500 71400 7 5 900
1814 71520 72780 5 9 1260
1815 72900 75120 9 11 2220
1816 75240 76740 11 12 1500
1817 29760 30780 0 1 1020
1818 30900 33960 1 11 3060
1819 34080 35580 11 12 1500
1820 35700 37860 12 15 2160
1821 40560 42720 15 12 2160
1822 42960 44460 12 11 1500
1823 44580 47640 11 1 3060
1824 47760 48780 1 0 1020
1825 51360 53520 15 12 2160
1826 53760 55260 12 11 1500
1827 55380 58440 11 1 3060
1828 58560 59580 1 0 1020
1829 62160 64320 15 12 2160
1830 64560 66060 12 11 1500
1831 66180 69240 11 1 3060
1832 69360 70380 1 0 1020
1833 72960 75120 15 12 2160
1834 75360 76860 12 11 1500
1835 76980 80040 11 1 3060
1836 80160 81180 1 0 1020
1837 32160 33660 12 11 1500
1838 33780 36840 11 1 3060
1839 36960 37980 1 0 1020
1840 40560 41580 0 1 1020
1841 41700 44760 1 11 3060
1842 44880 46380 11 12 1500
1843 46500 48660 12 15 2160
1844 51360 52380 0 1 1020
1845 52500 55560 1 11 3060
1846 55680 57180 11 12 1500
1847 57300 59460 12 15 2160
1848 62160 63180 0 1 1020
1849 63300 66360 1 11 3060
1850 66480 67980 11 12 1500
1851 68100 70260 12 15 2160
1852 72960 73980 0 1 1020
1853 74100 77160 1 11 3060
1854 29940 30780 14 13 840
1855 31020 35340 13 7 4320
1856 35460 36120 7 2 660
1857 38100 38760 2 7 660
1858 39000 43080 7 13 4080
1859 43200 44040 13 14 840
1860 30000 30960 8 6 960
1861 31080 32700 6 13 1620
1862 32820 36900 13 7 4080
1863 37020 37920 7 5 900
1864 38040 39300 5 9 1260
1865 42420 43680 9 5 1260
1866 43800 44700 5 7 900
1867 44820 48900 7 13 4080
1868 49020 50640 13 6 1620
1869 50760 51720 6 8 960
1870 53220 54480 9 5 1260
1871 54600 55500 5 7 900
1872 55620 59700 7 13 4080
1873 59820 61440 13 6 1620
1874 61560 62520 6 8 960
1875 64020 65280 9 5 1260
1876 65400 66300 5 7 900
1877 66420 70500 7 13 4080
1878 70620 72240 13 6 1620
1879 72360 73320 6 8 960
1880 74820 76080 9 5 1260
1881 76200 77100 5 7 900
1882 77220 81300 7 13 4080
1883 30120 31140 0 1 1020
1884 31260 34440 1 13 3180
1885 34620 37140 13 10 2520
1886 37260 38940 10 16 1680
1887 40200 41880 16 10 1680
1888 42000 44520 10 13 2520
1889 44640 47820 13 1 3180
1890 47940 48960 1 0 1020
1891 51000 52680 16 10 1680
1892 52800 55320 10 13 2520
1893 55440 58620 13 1 3180
1894 58740 59760 1 0 1020
1895 61800 63480 16 10 1680
1896 63600 66120 10 13 2520
1897 66240 69420 13 1 3180
1898 69540 70560 1 0 1020
1899 72600 74280 16 10 1680
1900 74400 76920 10 13 2520
1901 77040 80220 13 1 3180
1902 80340 81360 1 0 1020
1903 30120 31140 0 1 1020
1904 31260 34320 1 11 3060
1905 34560 36480 11 7 1920
1906 36600 37500 7 5 900
1907 37620 38280 5 4 660
1908 40080 40740 4 5 660
1909 40860 41760 5 7 900
1910 41880 43800 7 11 1920
1911 43920 46980 11 1 3060
1912 47100 48120 1 0 1020
1913 50880 51540 4 5 660
1914 51660 52560 5 7 900
1915 52680 54600 7 11 1920
1916 54720 57780 11 1 3060
1917 57900 58920 1 0 1020
1918 61680 62340 4 5 660
1919 62460 63360 5 7 900
1920 63480 65400 7 11 1920
1921 65520 68580 11 1 3060
1922 68700 69720 1 0 1020
1923 72480 73140 4 5 660
1924 73260 74160 5 7 900
1925 74280 76200 7 11 1920
1926 76320 79380 11 1 3060
1927 79500 80520 1 0 1020
1928 31200 32100 5 7 900
1929 32220 34680 7 1 2460
1930 34800 35820 1 0 1020
1931 35940 37380 0 3 1440
1932 39060 40500 3 0 1440
1933 40620 41640 0 1 1020
1934 41760 44220 1 7 2460
1935 44340 45240 7 5 900
1936 45360 46020 5 4 660
1937 49860 51300 3 0 1440
1938 51420 52440 0 1 1020
1939 52560 55020 1 7 2460
1940 55140 56040 7 5 900
1941 56160 56820 5 4 660
1942 60660 62100 3 0 1440
1943 62220 63240 0 1 1020
1944 63360 65820 1 7 2460
1945 65940 66840 7 5 900
1946 66960 67620 5 4 660
1947 71460 72900 3 0 1440
1948 73020 74040 0 1 1020
1949 74160 76620 1 7 2460
1950 76740 77640 7 5 900
1951 32940 34440 12 11 1500
1952 34560 36480 11 7 1920
1953 36600 37260 7 2 660
1954 37380 40020 2 14 2640
1955 41760 44400 14 2 2640
1956 44520 45180 2 7 660
1957 45300 47220 7 11 1920
1958 47340 48840 11 12 1500
1959 49080 51240 12 15 2160
1960 52560 55200 14 2 2640
1961 55320 55980 2 7 660
1962 56100 58020 7 11 1920
1963 58140 59640 11 12 1500
1964 59880 62040 12 15 2160
1965 63360 66000 14 2 2640
1966 66120 66780 2 7 660
1967 66900 68820 7 11 1920
1968 68940 70440 11 12 1500
1969 70680 72840 12 15 2160
1970 74160 76800 14 2 2640
1971 76920 77580 2 7 660
1972 77700 79620 7 11 1920
1973 33780 36840 11 1 3060
1974 37080 40380 1 6 3300
1975 43020 46320 6 1 3300
1976 46440 49500 1 11 3060
1977 49620 52500 11 15 2880
1978 53820 57120 6 1 3300
1979 57240 60300 1 11 3060
1980 60420 63300 11 15 2880
1981 64620 67920 6 1 3300
1982 68040 71100 1 11 3060
1983 71220 74100 11 15 2880
1984 75420 78720 6 1 3300
1985 30840 33360 10 13 2520
1986 33480 34320 13 14 840
1987 34440 37080 14 2 2640
1988 37320 37980 2 7 660
1989 38100 39000 7 5 900
1990 39120 39780 5 4 660
1991 42240 42900 4 5 660
1992 43020 43920 5 7 900
1993 44040 44700 7 2 660
1994 44820 47460 2 14 2640
1995 47580 48420 14 13 840
1996 48540 51060 13 10 2520
1997 53040 53700 4 5 660
1998 53820 54720 5 7 900
1999 54840 55500 7 2 660
2000 55620 58260 2 14 2640
2001 58380 59220 14 13 840
2002 59340 61860 13 10 2520
2003 63840 64500 4 5 660
2004 64620 65520 5 7 900
2005 65640 66300 7 2 660
2006 66420 69060 2 14 2640
2007 69180 70020 14 13 840
2008 70140 72660 13 10 2520
2009 74640 75300 4 5 660
2010 75420 76320 5 7 900
2011 76440 77100 7 2 660
2012 77220 79860 2 14 2640
2013 79980 80820 14 13 840
2014 31680 32580 5 7 900
2015 32700 36780 7 13 4080
2016 36900 38520 13 6 1620
2017 38640 40440 6 3 1800
2018 43560 45360 3 6 1800
2019 45480 47100 6 13 1620
2020 47220 51300 13 7 4080
2021 51420 52320 7 5 900
2022 52440 53100 5 4 660
2023 54360 56160 3 6 1800
2024 56280 57900 6 13 1620
2025 58020 62100 13 7 4080
2026 62220 63120 7 5 900
2027 63240 63900 5 4 660
2028 65160 66960 3 6 1800
2029 67080 68700 6 13 1620
2030 68820 72900 13 7 4080
2031 73020 73920 7 5 900
2032 74040 74700 5 4 660
2033 75960 77760 3 6 1800
2034 77880 79500 6 13 1620
2035 32700 35220 10 13 2520
2036 35340 39420 13 7 4080
2037 39540 41460 7 11 1920
2038 41580 44460 11 15 2880
2039 46980 49860 15 11 2880
2040 49980 51900 11 7 1920
2041 52020 56100 7 13 4080
2042 56220 58740 13 10 2520
2043 58980 60660 10 16 1680
2044 61380 64260 15 11 2880
2045 64380 66300 11 7 1920
2046 66420 70500 7 13 4080
2047 70620 73140 13 10 2520
2048 73380 75060 10 16 1680
2049 75780 78660 15 11 2880
2050 78780 80700 11 7 1920
2051 30960 33180 11 9 2220
2052 33360 34620 9 5 1260
2053 34740 35640 5 7 900
2054 35760 38220 7 1 2460
2055 39240 41700 1 7 2460
2056 41820 42720 7 5 900
2057 42840 44100 5 9 1260
2058 44340 46560 9 11 2220
2059 50040 52500 1 7 2460
2060 52620 53520 7 5 900
2061 53640 54900 5 9 1260
2062 55140 57360 9 11 2220
2063 60840 63300 1 7 2460
2064 63420 64320 7 5 900
2065 64440 65700 5 9 1260
2066 65940 68160 9 11 2220
2067 71640 74100 1 7 2460
2068 74220 75120 7 5 900
2069 75240 76500 5 9 1260
2070 76740 78960 9 11 2220
2071 30960 33600 14 2 2640
2072 33720 34380 2 7 660
2073 34500 36420 7 11 1920
2074 36540 38040 11 12 1500
2075 38280 40440 12 15 2160
2076 41460 43620 15 12 2160
2077 43740 45240 12 11 1500
2078 45360 47280 11 7 1920
2079 47400 48060 7 2 660
2080 48180 50820 2 14 2640
2081 52260 54420 15 12 2160
2082 54540 56040 12 11 1500
2083 56160 58080 11 7 1920
2084 58200 58860 7 2 660
2085 58980 61620 2 14 2640
2086 63060 65220 15 12 2160
2087 65340 66840 12 11 1500
2088 66960 68880 11 7 1920
2089 69000 69660 7 2 660
2090 69780 72420 2 14 2640
2091 73860 76020 15 12 2160
2092 76140 77640 12 11 1500
2093 77760 79680 11 7 1920
2094 33000 35520 10 13 2520
2095 35640 38820 13 1 3180
2096 38940 39960 1 0 1020
2097 40920 41940 0 1 1020
2098 42060 45240 1 13 3180
2099 45420 47940 13 10 2520
2100 48060 49740 10 16 1680
2101 51720 52740 0 1 1020
2102 52860 56040 1 13 3180
2103 56220 58740 13 10 2520
2104 58860 60540 10 16 1680
2105 62520 63540 0 1 1020
2106 63660 66840 1 13 3180
2107 67020 69540 13 10 2520
2108 69660 71340 10 16 1680
2109 73320 74340 0 1 1020
2110 74460 77640 1 13 3180
2111 32220 33120 5 7 900
2112 33240 33900 7 2 660
2113 34020 36660 2 14 2640
2114 36780 37620 14 13 840
2115 37740 40260 13 10 2520
2116 41640 44160 10 13 2520
2117 44280 45120 13 14 840
2118 45240 47880 14 2 2640
2119 48120 48780 2 7 660
2120 48900 49800 7 5 900
2121 49920 50580 5 4 660
2122 52440 54960 10 13 2520
2123 55080 55920 13 14 840
2124 56040 58680 14 2 2640
2125 58920 59580 2 7 660
2126 59700 60600 7 5 900
2127 60720 61380 5 4 660
2128 63240 65760 10 13 2520
2129 65880 66720 13 14 840
2130 66840 69480 14 2 2640
2131 69720 70380 2 7 660
2132 70500 71400 7 5 900
2133 71520 72180 5 4 660
2134 74040 76560 10 13 2520
2135 76680 77520 13 14 840
2136 77640 80280 14 2 2640
2137 80520 81180 2 7 660
2138 31620 32880 9 5 1260
2139 33000 33900 5 7 900
2140 34020 38100 7 13 4080
2141 38220 39840 13 6 1620
2142 39960 40920 6 8 960
2143 44400 45360 8 6 960
2144 45480 47100 6 13 1620
2145 47220 51300 13 7 4080
2146 51420 52320 7 5 900
2147 52440 53700 5 9 1260
2148 55200 56160 8 6 960
2149 56280 57900 6 13 1620
2150 58020 62100 13 7 4080
2151 62220 63120 7 5 900
2152 63240 64500 5 9 1260
2153 66000 66960 8 6 960
2154 67080 68700 6 13 1620
2155 68820 72900 13 7 4080
2156 73020 73920 7 5 900
2157 74040 75300 5 9 1260
2158 76800 77760 8 6 960
2159 77880 79500 6 13 1620
2160 32220 35520 6 1 3300
2161 35640 38700 1 11 3060
2162 38820 41700 11 15 2880
2163 45180 48060 15 11 2880
2164 48180 51240 11 1 3060
2165 51480 54780 1 6 3300
2166 55980 58860 15 11 2880
2167 58980 62040 11 1 3060
2168 62280 65580 1 6 3300
2169 66780 69660 15 11 2880
2170 69780 72840 11 1 3060
2171 73080 76380 1 6 3300
2172 77580 80460 15 11 2880
2173 80580 83640 11 1 3060
2174 32580 35460 15 11 2880
2175 35580 37500 11 7 1920
2176 37620 41700 7 13 4080
2177 41820 44340 13 10 2520
2178 44580 46260 10 16 1680
2179 48900 50580 16 10 1680
2180 50700 53220 10 13 2520
2181 53340 57420 13 7 4080
2182 57540 59460 7 11 1920
2183 59580 62460 11 15 2880
2184 63300 64980 16 10 1680
2185 65100 67620 10 13 2520
2186 67740 71820 13 7 4080
2187 71940 73860 7 11 1920
2188 73980 76860 11 15 2880
2189 32760 34560 3 6 1800
2190 34680 36300 6 13 1620
2191 36420 40500 13 7 4080
2192 40620 41520 7 5 900
2193 41640 42300 5 4 660
2194 45300 45960 4 5 660
2195 46080 46980 5 7 900
2196 47100 51180 7 13 4080
2197 51300 52920 13 6 1620
2198 53040 54840 6 3 1800
2199 33600 34560 8 6 960
2200 34680 36300 6 13 1620
2201 36420 40500 13 7 4080
2202 40620 41520 7 5 900
2203 41640 42900 5 9 1260
2204 46020 47280 9 5 1260
2205 47400 48300 5 7 900
2206 48420 52500 7 13 4080
2207 52620 54240 13 6 1620
2208 54360 55320 6 8 960
2209 34380 37260 15 11 2880
2210 37380 40440 11 1 3060
2211 40680 43980 1 6 3300
2212 46620 49920 6 1 3300
2213 50040 53100 1 11 3060
2214 53220 56100 11 15 2880
2215 34500 36180 16 10 1680
2216 36300 38820 10 13 2520
2217 38940 43020 13 7 4080
2218 43140 45060 7 11 1920
2219 45180 48060 11 15 2880
2220 50580 53460 15 11 2880
2221 53580 55500 11 7 1920
2222 55620 59700 7 13 4080
2223 59820 62340 13 10 2520
2224 62580 64260 10 16 1680
2225 64980 67860 15 11 2880
2226 67980 69900 11 7 1920
2227 70020 74100 7 13 4080
2228 74220 76740 13 10 2520
2229 36180 39060 15 11 2880
2230 39180 41100 11 7 1920
2231 41220 45300 7 13 4080
2232 45420 47940 13 10 2520
2233 48180 49860 10 16 1680
2234 52500 54180 16 10 1680
2235 54300 56820 10 13 2520
2236 56940 61020 13 7 4080
2237 61140 63060 7 11 1920
2238 63180 66060 11 15 2880
2239 40440 41940 12 11 1500
2240 42060 44280 11 9 2220
2241 44400 45660 9 5 1260
2242 45780 46680 5 7 900
2243 46800 47460 7 2 660
2244 48120 48780 2 7 660
2245 48900 49800 7 5 900
2246 49920 51180 5 9 1260
2247 51300 53520 9 11 2220
2248 53640 55140 11 12 1500
2249 41220 41880 4 5 660
2250 42000 42900 5 7 900
2251 43020 45480 7 1 2460
2252 45600 46620 1 0 1020
2253 46740 48180 0 3 1440
2254 49860 51300 3 0 1440
2255 51420 52440 0 1 1020
2256 52560 55020 1 7 2460
2257 55140 56040 7 5 900
2258 56160 56820 5 4 660
2259 41760 43980 11 9 2220
2260 44160 45420 9 5 1260
2261 45540 46440 5 7 900
2262 46560 49020 7 1 2460
2263 50040 52500 1 7 2460
2264 52620 53520 7 5 900
2265 53640 54900 5 9 1260
2266 55140 57360 9 11 2220
2267 42000 43680 16 10 1680
2268 43800 46320 10 13 2520
2269 46440 49620 13 1 3180
2270 49740 50760 1 0 1020
2271 51720 52740 0 1 1020
2272 52860 56040 1 13 3180
2273 56220 58740 13 10 2520
2274 58860 60540 10 16 1680
2275 51240 52740 12 11 1500
2276 52860 55080 11 9 2220
2277 55200 56460 9 5 1260
2278 56580 57480 5 7 900
2279 57600 58260 7 2 660
2280 58920 59580 2 7 660
2281 59700 60600 7 5 900
2282 60720 61980 5 9 1260
2283 62100 64320 9 11 2220
2284 64440 65940 11 12 1500
2285 52020 52680 4 5 660
2286 52800 53700 5 7 900
2287 53820 56280 7 1 2460
2288 56400 57420 1 0 1020
2289 57540 58980 0 3 1440
2290 60660 62100 3 0 1440
2291 62220 63240 0 1 1020
2292 63360 65820 1 7 2460
2293 65940 66840 7 5 900
2294 66960 67620 5 4 660
2295 52560 54780 11 9 2220
2296 54960 56220 9 5 1260
2297 56340 57240 5 7 900
2298 57360 59820 7 1 2460
2299 60840 63300 1 7 2460
2300 63420 64320 7 5 900
2301 64440 65700 5 9 1260
2302 65940 68160 9 11 2220
2303 52800 54480 16 10 1680
2304 54600 57120 10 13 2520
2305 57240 60420 13 1 3180
2306 60540 61560 1 0 1020
2307 62520 63540 0 1 1020
2308 63660 66840 1 13 3180
2309 67020 69540 13 10 2520
2310 69660 71340 10 16 1680
2311 62040 63540 12 11 1500
2312 63660 65880 11 9 2220
2313 66000 67260 9 5 1260
2314 67380 68280 5 7 900
2315 68400 69060 7 2 660
2316 69720 70380 2 7 660
2317 70500 71400 7 5 900
2318 71520 72780 5 9 1260
2319 72900 75120 9 11 2220
2320 75240 76740 11 12 1500
2321 62820 63480 4 5 660
2322 63600 64500 5 7 900
2323 64620 67080 7 1 2460
2324 67200 68220 1 0 1020
2325 68340 69780 0 3 1440
2326 71460 72900 3 0 1440
2327 73020 74040 0 1 1020
2328 74160 76620 1 7 2460
2329 76740 77640 7 5 900
2330 63360 65580 11 9 2220
2331 65760 67020 9 5 1260
2332 67140 68040 5 7 900
2333 68160 70620 7 1 2460
2334 71640 74100 1 7 2460
2335 74220 75120 7 5 900
2336 75240 76500 5 9 1260
2337 76740 78960 9 11 2220
2338 63600 65280 16 10 1680
2339 65400 67920 10 13 2520
2340 68040 71220 13 1 3180
2341 71340 72360 1 0 1020
2342 73320 74340 0 1 1020
2343 74460 77640 1 13 3180
2344 72840 74340 12 11 1500
2345 74460 76680 11 9 2220
2346 76800 78060 9 5 1260
2347 78180 79080 5 7 900
2348 79200 79860 7 2 660
2349 80520 81180 2 7 660
2350 73620 74280 4 5 660
2351 74400 75300 5 7 900
2352 75420 77880 7 1 2460
2353 78000 79020 1 0 1020
2354 79140 80580 0 3 1440
2355 82260 83700 3 0 1440
2356 83820 84840 0 1 1020
2357 74160 76380 11 9 2220
2358 76560 77820 9 5 1260
2359 77940 78840 5 7 900
2360 78960 81420 7 1 2460
2361 74400 76080 16 10 1680
2362 76200 78720 10 13 2520
2363 78840 82020 13 1 3180
2364 82140 83160 1 0 1020
2365 84120 85140 0 1 1020
