0 1 17
0 3 24
3 6 30
6 8 16
8 10 19
13 14 14
10 16 28
2 7 11
5 7 15
4 5 11
11 12 25
12 15 36
1 0 17
3 0 24
6 3 30
8 6 16
10 8 19
14 13 14
16 10 28
7 2 11
7 5 15
5 4 11
12 11 25
15 12 36
11 15 48
15 11 48
11 17 14
17 11 14
1 18 44
18 1 44
6 18 9
18 6 9
11 19 6
19 11 6
6 20 14
20 6 14
13 20 11
20 13 11
2 21 35
21 2 35
14 21 7
21 14 7
7 22 13
22 7 13
1 22 26
22 1 26
1 23 11
23 1 11
1 24 19
24 1 19
17 24 14
24 17 14
7 25 23
25 7 23
25 26 11
26 25 11
13 27 19
27 13 19
23 27 19
27 23 19
7 28 19
28 7 19
11 28 11
28 11 11
9 29 21
29 9 21
19 29 6
29 19 6
10 30 11
30 10 11
13 31 11
31 13 11
26 31 17
31 26 17
5 32 6
32 5 6
9 32 13
32 9 13
30 33 21
33 30 21
13 33 6
33 13 6
