1 5 24
1 2 18
2 3 10
15 16 22
6 12 13
4 6 13
3 8 36
8 17 11
4 7 39
7 13 24
5 1 24
2 1 18
3 2 10
16 15 22
12 6 13
6 4 13
8 3 36
17 8 11
7 4 39
13 7 24
0 1 30
1 0 30
2 16 13
16 2 13
1 16 22
16 1 22
13 18 13
18 13 13
12 19 8
19 12 8
16 19 42
19 16 42
11 20 14
20 11 14
17 20 10
20 17 10
7 21 20
21 7 20
10 21 11
21 10 11
8 22 7
22 8 7
4 23 40
23 4 40
9 23 6
23 9 6
10 24 10
24 10 10
18 24 8
24 18 8
5 25 9
25 5 9
14 26 8
26 14 8
17 26 10
26 17 10
3 27 6
27 3 6
16 27 9
27 16 9
0 28 21
28 0 21
1 29 38
29 1 38
22 29 13
29 22 13
0 30 15
30 0 15
25 30 12
30 25 12
6 31 39
31 6 39
16 31 11
31 16 11
9 32 7
32 9 7
0 33 18
33 0 18
6 33 16
33 6 16
4 34 5
34 4 5
28 34 13
34 28 13
32 35 9
35 32 9
0 35 11
35 0 11
