0 30960 31680 3 0 720
1 33240 34440 6 3 1200
2 34560 35280 3 0 720
3 36840 38040 6 3 1200
4 38160 38880 3 0 720
5 40440 41640 6 3 1200
6 41760 42480 3 0 720
7 44040 45240 6 3 1200
8 45360 46080 3 0 720
9 47640 48840 6 3 1200
10 48960 49680 3 0 720
11 51240 52440 6 3 1200
12 52560 53280 3 0 720
13 54840 56040 6 3 1200
14 56160 56880 3 0 720
15 58440 59640 6 3 1200
16 59760 60480 3 0 720
17 62040 63240 6 3 1200
18 63360 64080 3 0 720
19 65640 66840 6 3 1200
20 66960 67680 3 0 720
21 69240 70440 6 3 1200
22 70560 71280 3 0 720
23 72840 74040 6 3 1200
24 74160 74880 3 0 720
25 76440 77640 6 3 1200
26 77760 78480 3 0 720
27 79200 79920 0 3 720
28 80160 81360 3 6 1200
29 83640 84840 6 3 1200
30 84960 85680 3 0 720
31 31680 33840 5 1 2160
32 33960 34980 1 6 1020
33 35100 36060 6 0 960
34 36180 37920 0 7 1740
35 38880 41040 5 1 2160
36 41160 42180 1 6 1020
37 42300 43260 6 0 960
38 43380 45120 0 7 1740
39 46080 48240 5 1 2160
40 48360 49380 1 6 1020
41 49500 50460 6 0 960
42 50580 52320 0 7 1740
43 53280 55440 5 1 2160
44 55560 56580 1 6 1020
45 56700 57660 6 0 960
46 57780 59520 0 7 1740
47 60480 62640 5 1 2160
48 62760 63780 1 6 1020
49 63900 64860 6 0 960
50 64980 66720 0 7 1740
51 67680 69840 5 1 2160
52 69960 70980 1 6 1020
53 71100 72060 6 0 960
54 72180 73920 0 7 1740
55 74880 77040 5 1 2160
56 77160 78180 1 6 1020
57 78300 79260 6 0 960
58 79380 81120 0 7 1740
59 26040 28200 4 11 2160
60 28320 30420 11 12 2100
61 31560 33660 12 11 2100
62 33780 35940 11 4 2160
63 36060 39360 4 5 3300
64 39480 40140 5 9 660
65 42360 44460 12 11 2100
66 44580 46740 11 4 2160
67 46860 50160 4 5 3300
68 50280 50940 5 9 660
69 53160 55260 12 11 2100
70 55380 57540 11 4 2160
71 57660 60960 4 5 3300
72 61080 61740 5 9 660
73 63960 66060 12 11 2100
74 66180 68340 11 4 2160
75 68460 71760 4 5 3300
76 71880 72540 5 9 660
77 74760 76860 12 11 2100
78 76980 79140 11 4 2160
79 79260 82560 4 5 3300
80 82680 83340 5 9 660
81 25320 28500 4 14 3180
82 30180 33360 14 4 3180
83 33480 35460 4 3 1980
84 35580 36780 3 6 1200
85 37380 40560 14 4 3180
86 40680 42660 4 3 1980
87 42780 43980 3 6 1200
88 44580 47760 14 4 3180
89 47880 49860 4 3 1980
90 49980 51180 3 6 1200
91 51780 54960 14 4 3180
92 55080 57060 4 3 1980
93 57180 58380 3 6 1200
94 58980 62160 14 4 3180
95 62280 64260 4 3 1980
96 64380 65580 3 6 1200
97 66180 69360 14 4 3180
98 69480 71460 4 3 1980
99 71580 72780 3 6 1200
100 73380 76560 14 4 3180
101 76680 78660 4 3 1980
102 78780 79980 3 6 1200
103 25260 27300 4 1 2040
104 27420 29460 1 10 2040
105 29580 30540 10 2 960
106 30660 33960 2 8 3300
107 34080 34740 8 15 660
108 35580 36240 15 8 660
109 36360 39660 8 2 3300
110 39780 40740 2 10 960
111 40860 42900 10 1 2040
112 43020 45060 1 4 2040
113 45180 48360 4 14 3180
114 49980 50640 15 8 660
115 50760 54060 8 2 3300
116 54180 55140 2 10 960
117 55260 57300 10 1 2040
118 57420 59460 1 4 2040
119 59580 62760 4 14 3180
120 64380 65040 15 8 660
121 65160 68460 8 2 3300
122 68580 69540 2 10 960
123 69660 71700 10 1 2040
124 71820 73860 1 4 2040
125 73980 77160 4 14 3180
126 78780 79440 15 8 660
127 79560 82860 8 2 3300
128 82980 83940 2 10 960
129 84060 86100 10 1 2040
130 86220 88260 1 4 2040
131 31200 33000 14 11 1800
132 33120 35220 11 12 2100
133 35340 37560 12 13 2220
134 38400 40200 14 11 1800
135 40320 42420 11 12 2100
136 42540 44760 12 13 2220
137 45600 47400 14 11 1800
138 47520 49620 11 12 2100
139 49740 51960 12 13 2220
140 52800 54600 14 11 1800
141 54720 56820 11 12 2100
142 56940 59160 12 13 2220
143 60000 61800 14 11 1800
144 61920 64020 11 12 2100
145 64140 66360 12 13 2220
146 67200 69000 14 11 1800
147 69120 71220 11 12 2100
148 71340 73560 12 13 2220
149 74400 76200 14 11 1800
150 76320 78420 11 12 2100
151 22080 25380 4 5 3300
152 25500 26160 5 9 660
153 27480 28140 9 5 660
154 28260 31560 5 4 3300
155 34680 35340 9 5 660
156 35460 38760 5 4 3300
157 41880 42540 9 5 660
158 42660 45960 5 4 3300
159 49080 49740 9 5 660
160 49860 53160 5 4 3300
161 56280 56940 9 5 660
162 57060 60360 5 4 3300
163 63480 64140 9 5 660
164 64260 67560 5 4 3300
165 70680 71340 9 5 660
166 71460 74760 5 4 3300
167 77880 78540 9 5 660
168 78660 81960 5 4 3300
169 27960 30000 1 4 2040
170 30120 32280 4 11 2160
171 32400 34500 11 12 2100
172 37140 39240 12 11 2100
173 39360 41520 11 4 2160
174 41640 43680 4 1 2040
175 43800 45840 1 10 2040
176 45960 48780 10 8 2820
177 48900 49560 8 15 660
178 51540 53640 12 11 2100
179 53760 55920 11 4 2160
180 56040 58080 4 1 2040
181 58200 60240 1 10 2040
182 60360 63180 10 8 2820
183 63300 63960 8 15 660
184 65940 68040 12 11 2100
185 68160 70320 11 4 2160
186 70440 72480 4 1 2040
187 72600 74640 1 10 2040
188 74760 77580 10 8 2820
189 26400 28380 4 3 1980
190 28500 29220 3 0 720
191 29340 31080 0 7 1740
192 32340 34080 7 0 1740
193 34200 34920 0 3 720
194 35040 37020 3 4 1980
195 37140 39300 4 11 2160
196 39420 41220 11 14 1800
197 43140 44880 7 0 1740
198 45000 45720 0 3 720
199 45840 47820 3 4 1980
200 47940 50100 4 11 2160
201 50220 52020 11 14 1800
202 53940 55680 7 0 1740
203 55800 56520 0 3 720
204 56640 58620 3 4 1980
205 58740 60900 4 11 2160
206 61020 62820 11 14 1800
207 64740 66480 7 0 1740
208 66600 67320 0 3 720
209 67440 69420 3 4 1980
210 69540 71700 4 11 2160
211 71820 73620 11 14 1800
212 75540 77280 7 0 1740
213 77400 78120 0 3 720
214 78240 80220 3 4 1980
215 80340 82500 4 11 2160
216 82620 84420 11 14 1800
217 29760 30960 3 6 1200
218 32400 33120 0 3 720
219 33360 34560 3 6 1200
220 36000 36720 0 3 720
221 36960 38160 3 6 1200
222 39600 40320 0 3 720
223 40560 41760 3 6 1200
224 43200 43920 0 3 720
225 44160 45360 3 6 1200
226 46800 47520 0 3 720
227 47760 48960 3 6 1200
228 50400 51120 0 3 720
229 51360 52560 3 6 1200
230 54000 54720 0 3 720
231 54960 56160 3 6 1200
232 57600 58320 0 3 720
233 58560 59760 3 6 1200
234 61200 61920 0 3 720
235 62160 63360 3 6 1200
236 64800 65520 0 3 720
237 65760 66960 3 6 1200
238 68400 69120 0 3 720
239 69360 70560 3 6 1200
240 72000 72720 0 3 720
241 72960 74160 3 6 1200
242 75600 76320 0 3 720
243 76560 77760 3 6 1200
244 36300 39060 2 6 2760
245 42900 43560 15 8 660
246 43680 46980 8 2 3300
247 47100 49860 2 6 2760
248 53700 54360 15 8 660
249 54480 57780 8 2 3300
250 57900 60660 2 6 2760
251 64500 65160 15 8 660
252 65280 68580 8 2 3300
253 68700 71460 2 6 2760
254 75300 75960 15 8 660
255 76080 79380 8 2 3300
256 79500 82260 2 6 2760
257 31740 35280 7 2 3540
258 35400 36360 2 10 960
259 36540 39000 10 5 2460
260 42540 46080 7 2 3540
261 46200 47160 2 10 960
262 47340 49800 10 5 2460
263 53340 56880 7 2 3540
264 57000 57960 2 10 960
265 58140 60600 10 5 2460
266 64140 67680 7 2 3540
267 67800 68760 2 10 960
268 68940 71400 10 5 2460
269 74940 78480 7 2 3540
270 78600 79560 2 10 960
271 79740 82200 10 5 2460
272 27240 29280 4 1 2040
273 29400 31440 1 10 2040
274 31560 34380 10 8 2820
275 34500 35160 8 15 660
276 36480 37140 15 8 660
277 37260 40080 8 10 2820
278 40200 42240 10 1 2040
279 42360 44400 1 4 2040
280 44520 46680 4 11 2160
281 46800 48900 11 12 2100
282 50880 51540 15 8 660
283 51660 54480 8 10 2820
284 54600 56640 10 1 2040
285 56760 58800 1 4 2040
286 58920 61080 4 11 2160
287 61200 63300 11 12 2100
288 65280 65940 15 8 660
289 66060 68880 8 10 2820
290 69000 71040 10 1 2040
291 71160 73200 1 4 2040
292 73320 75480 4 11 2160
293 75600 77700 11 12 2100
294 32460 33420 6 0 960
295 35700 36660 10 2 960
296 36780 39540 2 6 2760
297 39660 40620 6 0 960
298 42900 43860 10 2 960
299 43980 46740 2 6 2760
300 46860 47820 6 0 960
301 50100 51060 10 2 960
302 51180 53940 2 6 2760
303 54060 55020 6 0 960
304 57300 58260 10 2 960
305 58380 61140 2 6 2760
306 61260 62220 6 0 960
307 64500 65460 10 2 960
308 65580 68340 2 6 2760
309 68460 69420 6 0 960
310 71700 72660 10 2 960
311 72780 75540 2 6 2760
312 75660 76620 6 0 960
313 78900 79860 10 2 960
314 79980 82740 2 6 2760
315 82860 83820 6 0 960
316 26280 28260 4 3 1980
317 28380 29580 3 6 1200
318 30900 32100 6 3 1200
319 32220 34200 3 4 1980
320 34320 37500 4 14 3180
321 38100 39300 6 3 1200
322 39420 41400 3 4 1980
323 41520 44700 4 14 3180
324 45300 46500 6 3 1200
325 46620 48600 3 4 1980
326 48720 51900 4 14 3180
327 52500 53700 6 3 1200
328 53820 55800 3 4 1980
329 55920 59100 4 14 3180
330 59700 60900 6 3 1200
331 61020 63000 3 4 1980
332 63120 66300 4 14 3180
333 66900 68100 6 3 1200
334 68220 70200 3 4 1980
335 70320 73500 4 14 3180
336 74100 75300 6 3 1200
337 75420 77400 3 4 1980
338 35640 36300 15 8 660
339 36420 39240 8 10 2820
340 39420 41460 10 1 2040
341 41580 42600 1 6 1020
342 42720 43680 6 0 960
343 46440 47100 15 8 660
344 47220 50040 8 10 2820
345 50220 52260 10 1 2040
346 52380 53400 1 6 1020
347 53520 54480 6 0 960
348 57240 57900 15 8 660
349 58020 60840 8 10 2820
350 61020 63060 10 1 2040
351 63180 64200 1 6 1020
352 64320 65280 6 0 960
353 68040 68700 15 8 660
354 68820 71640 8 10 2820
355 71820 73860 10 1 2040
356 73980 75000 1 6 1020
357 75120 76080 6 0 960
358 78840 79500 15 8 660
359 79620 82440 8 10 2820
360 82620 84660 10 1 2040
361 84780 85800 1 6 1020
362 85920 86880 6 0 960
363 28320 28980 5 9 660
364 31020 31680 9 5 660
365 31800 34260 5 10 2460
366 34440 36480 10 1 2040
367 38220 38880 9 5 660
368 39000 41460 5 10 2460
369 41640 43680 10 1 2040
370 45420 46080 9 5 660
371 46200 48660 5 10 2460
372 48840 50880 10 1 2040
373 52620 53280 9 5 660
374 53400 55860 5 10 2460
375 56040 58080 10 1 2040
376 59820 60480 9 5 660
377 60600 63060 5 10 2460
378 63240 65280 10 1 2040
379 67020 67680 9 5 660
380 67800 70260 5 10 2460
381 70440 72480 10 1 2040
382 74220 74880 9 5 660
383 75000 77460 5 10 2460
384 77640 79680 10 1 2040
385 27120 30300 4 14 3180
386 31980 35160 14 4 3180
387 35280 37260 4 3 1980
388 37380 38580 3 6 1200
389 39180 42360 14 4 3180
390 42480 44460 4 3 1980
391 44580 45780 3 6 1200
392 46380 49560 14 4 3180
393 49680 51660 4 3 1980
394 51780 52980 3 6 1200
395 53580 56760 14 4 3180
396 56880 58860 4 3 1980
397 58980 60180 3 6 1200
398 60780 63960 14 4 3180
399 64080 66060 4 3 1980
400 66180 67380 3 6 1200
401 67980 71160 14 4 3180
402 71280 73260 4 3 1980
403 73380 74580 3 6 1200
404 75180 78360 14 4 3180
405 78480 80460 4 3 1980
406 80580 81780 3 6 1200
407 29100 29760 5 9 660
408 31860 32520 9 5 660
409 32640 34800 5 1 2160
410 34920 35940 1 6 1020
411 36060 37020 6 0 960
412 37140 37860 0 3 720
413 39060 39720 9 5 660
414 39840 42000 5 1 2160
415 42120 43140 1 6 1020
416 43260 44220 6 0 960
417 44340 45060 0 3 720
418 46260 46920 9 5 660
419 47040 49200 5 1 2160
420 49320 50340 1 6 1020
421 50460 51420 6 0 960
422 51540 52260 0 3 720
423 53460 54120 9 5 660
424 54240 56400 5 1 2160
425 56520 57540 1 6 1020
426 57660 58620 6 0 960
427 58740 59460 0 3 720
428 60660 61320 9 5 660
429 61440 63600 5 1 2160
430 63720 64740 1 6 1020
431 64860 65820 6 0 960
432 65940 66660 0 3 720
433 67860 68520 9 5 660
434 68640 70800 5 1 2160
435 70920 71940 1 6 1020
436 72060 73020 6 0 960
437 73140 73860 0 3 720
438 75060 75720 9 5 660
439 75840 78000 5 1 2160
440 78120 79140 1 6 1020
441 79260 80220 6 0 960
442 80340 81060 0 3 720
443 30780 32820 1 10 2040
444 32940 35400 10 5 2460
445 35520 36180 5 9 660
446 37980 40020 1 10 2040
447 40140 42600 10 5 2460
448 42720 43380 5 9 660
449 45180 47220 1 10 2040
450 47340 49800 10 5 2460
451 49920 50580 5 9 660
452 52380 54420 1 10 2040
453 54540 57000 10 5 2460
454 57120 57780 5 9 660
455 59580 61620 1 10 2040
456 61740 64200 10 5 2460
457 64320 64980 5 9 660
458 66780 68820 1 10 2040
459 68940 71400 10 5 2460
460 71520 72180 5 9 660
461 73980 76020 1 10 2040
462 76140 78600 10 5 2460
463 78720 79380 5 9 660
464 29280 32580 4 5 3300
465 32700 33360 5 9 660
466 36480 39780 4 5 3300
467 39900 40560 5 9 660
468 43680 46980 4 5 3300
469 47100 47760 5 9 660
470 50880 54180 4 5 3300
471 54300 54960 5 9 660
472 58080 61380 4 5 3300
473 61500 62160 5 9 660
474 65280 68580 4 5 3300
475 68700 69360 5 9 660
476 72480 75780 4 5 3300
477 75900 76560 5 9 660
478 35160 37260 12 11 2100
479 37380 39180 11 14 1800
480 40020 42240 13 12 2220
481 42360 44460 12 11 2100
482 44580 46380 11 14 1800
483 47220 49440 13 12 2220
484 49560 51660 12 11 2100
485 51780 53580 11 14 1800
486 54420 56640 13 12 2220
487 56760 58860 12 11 2100
488 58980 60780 11 14 1800
489 61620 63840 13 12 2220
490 63960 66060 12 11 2100
491 66180 67980 11 14 1800
492 68820 71040 13 12 2220
493 71160 73260 12 11 2100
494 73380 75180 11 14 1800
495 76020 78240 13 12 2220
496 78360 80460 12 11 2100
497 28920 31080 4 11 2160
498 31200 33300 11 12 2100
499 33420 35640 12 13 2220
500 39240 41460 13 12 2220
501 41580 43680 12 11 2100
502 43800 45960 11 4 2160
503 46080 48060 4 3 1980
504 48180 49380 3 6 1200
505 49620 50580 6 0 960
506 53640 55860 13 12 2220
507 55980 58080 12 11 2100
508 58200 60360 11 4 2160
509 60480 62460 4 3 1980
510 62580 63780 3 6 1200
511 64020 64980 6 0 960
512 68040 70260 13 12 2220
513 70380 72480 12 11 2100
514 72600 74760 11 4 2160
515 74880 76860 4 3 1980
516 76980 78180 3 6 1200
517 78420 79380 6 0 960
518 28860 32160 4 5 3300
519 32280 32940 5 9 660
520 36120 36780 9 5 660
521 37020 40320 5 4 3300
522 40440 42600 4 11 2160
523 42720 44820 11 12 2100
524 46920 47580 9 5 660
525 47820 51120 5 4 3300
526 51240 53400 4 11 2160
527 53520 55620 11 12 2100
528 57720 58380 9 5 660
529 58620 61920 5 4 3300
530 62040 64200 4 11 2160
531 64320 66420 11 12 2100
532 68520 69180 9 5 660
533 69420 72720 5 4 3300
534 72840 75000 4 11 2160
535 75120 77220 11 12 2100
536 78360 80460 12 11 2100
537 80580 82740 11 4 2160
538 82860 86160 4 5 3300
539 86280 86940 5 9 660
540 90120 90780 9 5 660
541 91020 94320 5 4 3300
542 32520 34260 7 0 1740
543 34380 35340 0 6 960
544 35460 36480 6 1 1020
545 36600 38760 1 5 2160
546 39720 41460 7 0 1740
547 41580 42540 0 6 960
548 42660 43680 6 1 1020
549 43800 45960 1 5 2160
550 46920 48660 7 0 1740
551 48780 49740 0 6 960
552 49860 50880 6 1 1020
553 51000 53160 1 5 2160
554 54120 55860 7 0 1740
555 55980 56940 0 6 960
556 57060 58080 6 1 1020
557 58200 60360 1 5 2160
558 61320 63060 7 0 1740
559 63180 64140 0 6 960
560 64260 65280 6 1 1020
561 65400 67560 1 5 2160
562 68520 70260 7 0 1740
563 70380 71340 0 6 960
564 71460 72480 6 1 1020
565 72600 74760 1 5 2160
566 75720 77460 7 0 1740
567 77580 78540 0 6 960
568 78660 79680 6 1 1020
569 79800 81960 1 5 2160
570 29340 31800 10 5 2460
571 33420 35880 5 10 2460
572 36000 36960 10 2 960
573 37080 40620 2 7 3540
574 44220 46680 5 10 2460
575 46800 47760 10 2 960
576 47880 51420 2 7 3540
577 55020 57480 5 10 2460
578 57600 58560 10 2 960
579 58680 62220 2 7 3540
580 65820 68280 5 10 2460
581 68400 69360 10 2 960
582 69480 73020 2 7 3540
583 76620 79080 5 10 2460
584 79200 80160 10 2 960
585 80280 83820 2 7 3540
586 29940 30660 0 3 720
587 34560 35280 3 0 720
588 35400 36360 0 6 960
589 36480 37500 6 1 1020
590 37620 39780 1 5 2160
591 39900 40560 5 9 660
592 41760 42480 3 0 720
593 42600 43560 0 6 960
594 43680 44700 6 1 1020
595 44820 46980 1 5 2160
596 47100 47760 5 9 660
597 48960 49680 3 0 720
598 49800 50760 0 6 960
599 50880 51900 6 1 1020
600 52020 54180 1 5 2160
601 54300 54960 5 9 660
602 56160 56880 3 0 720
603 57000 57960 0 6 960
604 58080 59100 6 1 1020
605 59220 61380 1 5 2160
606 61500 62160 5 9 660
607 63360 64080 3 0 720
608 64200 65160 0 6 960
609 65280 66300 6 1 1020
610 66420 68580 1 5 2160
611 68700 69360 5 9 660
612 70560 71280 3 0 720
613 71400 72360 0 6 960
614 72480 73500 6 1 1020
615 73620 75780 1 5 2160
616 75900 76560 5 9 660
617 77760 78480 3 0 720
618 78600 79560 0 6 960
619 79680 80700 6 1 1020
620 80820 82980 1 5 2160
621 83100 83760 5 9 660
622 28080 30060 4 3 1980
623 30180 31380 3 6 1200
624 32700 33900 6 3 1200
625 34020 36000 3 4 1980
626 36120 39300 4 14 3180
627 39900 41100 6 3 1200
628 41220 43200 3 4 1980
629 43320 46500 4 14 3180
630 47100 48300 6 3 1200
631 48420 50400 3 4 1980
632 50520 53700 4 14 3180
633 54300 55500 6 3 1200
634 55620 57600 3 4 1980
635 57720 60900 4 14 3180
636 61500 62700 6 3 1200
637 62820 64800 3 4 1980
638 64920 68100 4 14 3180
639 68700 69900 6 3 1200
640 70020 72000 3 4 1980
641 72120 75300 4 14 3180
642 75900 77100 6 3 1200
643 77220 79200 3 4 1980
644 30060 32100 10 1 2040
645 32220 34260 1 4 2040
646 34380 37560 4 14 3180
647 39960 43140 14 4 3180
648 43260 45300 4 1 2040
649 45420 47460 1 10 2040
650 47580 48540 10 2 960
651 48660 51960 2 8 3300
652 52080 52740 8 15 660
653 54360 57540 14 4 3180
654 57660 59700 4 1 2040
655 59820 61860 1 10 2040
656 61980 62940 10 2 960
657 63060 66360 2 8 3300
658 66480 67140 8 15 660
659 68760 71940 14 4 3180
660 72060 74100 4 1 2040
661 74220 76260 1 10 2040
662 76380 77340 10 2 960
663 29400 31560 11 4 2160
664 31680 33660 4 3 1980
665 33780 34980 3 6 1200
666 35220 36180 6 0 960
667 38700 39660 0 6 960
668 39900 41100 6 3 1200
669 41220 43200 3 4 1980
670 43320 45480 4 11 2160
671 45600 47700 11 12 2100
672 47820 50040 12 13 2220
673 53100 54060 0 6 960
674 54300 55500 6 3 1200
675 55620 57600 3 4 1980
676 57720 59880 4 11 2160
677 60000 62100 11 12 2100
678 62220 64440 12 13 2220
679 67500 68460 0 6 960
680 68700 69900 6 3 1200
681 70020 72000 3 4 1980
682 72120 74280 4 11 2160
683 74400 76500 11 12 2100
684 30780 31800 1 6 1020
685 31920 32880 6 0 960
686 34380 35340 0 6 960
687 35460 36480 6 1 1020
688 36600 38640 1 10 2040
689 38760 41580 10 8 2820
690 41700 42360 8 15 660
691 45180 46140 0 6 960
692 46260 47280 6 1 1020
693 47400 49440 1 10 2040
694 49560 52380 10 8 2820
695 52500 53160 8 15 660
696 55980 56940 0 6 960
697 57060 58080 6 1 1020
698 58200 60240 1 10 2040
699 60360 63180 10 8 2820
700 63300 63960 8 15 660
701 66780 67740 0 6 960
702 67860 68880 6 1 1020
703 69000 71040 1 10 2040
704 71160 73980 10 8 2820
705 74100 74760 8 15 660
706 77580 78540 0 6 960
707 78660 79680 6 1 1020
708 79800 81840 1 10 2040
709 33600 34560 0 6 960
710 34680 37440 6 2 2760
711 37560 38520 2 10 960
712 40800 41760 0 6 960
713 41880 44640 6 2 2760
714 44760 45720 2 10 960
715 48000 48960 0 6 960
716 49080 51840 6 2 2760
717 51960 52920 2 10 960
718 55200 56160 0 6 960
719 56280 59040 6 2 2760
720 59160 60120 2 10 960
721 62400 63360 0 6 960
722 63480 66240 6 2 2760
723 66360 67320 2 10 960
724 69600 70560 0 6 960
725 70680 73440 6 2 2760
726 73560 74520 2 10 960
727 76800 77760 0 6 960
728 77880 80640 6 2 2760
729 80760 81720 2 10 960
730 33300 36060 6 2 2760
731 36180 39480 2 8 3300
732 39600 40260 8 15 660
733 44100 46860 6 2 2760
734 46980 50280 2 8 3300
735 50400 51060 8 15 660
736 54900 57660 6 2 2760
737 57780 61080 2 8 3300
738 61200 61860 8 15 660
739 65700 68460 6 2 2760
740 68580 71880 2 8 3300
741 72000 72660 8 15 660
742 76500 79260 6 2 2760
743 29940 32100 4 11 2160
744 32220 34020 11 14 1800
745 36600 38400 14 11 1800
746 38520 40680 11 4 2160
747 40800 42780 4 3 1980
748 42900 43620 3 0 720
749 43740 45480 0 7 1740
750 47400 49200 14 11 1800
751 49320 51480 11 4 2160
752 51600 53580 4 3 1980
753 53700 54420 3 0 720
754 54540 56280 0 7 1740
755 58200 60000 14 11 1800
756 60120 62280 11 4 2160
757 62400 64380 4 3 1980
758 64500 65220 3 0 720
759 65340 67080 0 7 1740
760 69000 70800 14 11 1800
761 70920 73080 11 4 2160
762 73200 75180 4 3 1980
763 75300 76020 3 0 720
764 76140 77880 0 7 1740
765 79140 80880 7 0 1740
766 81000 81720 0 3 720
767 81840 83820 3 4 1980
768 83940 86100 4 11 2160
769 86220 88020 11 14 1800
770 90600 92400 14 11 1800
771 92520 94680 11 4 2160
772 29400 31560 1 5 2160
773 35280 37440 5 1 2160
774 37560 38580 1 6 1020
775 38700 39660 6 0 960
776 39780 41520 0 7 1740
777 42480 44640 5 1 2160
778 44760 45780 1 6 1020
779 45900 46860 6 0 960
780 46980 48720 0 7 1740
781 49680 51840 5 1 2160
782 51960 52980 1 6 1020
783 53100 54060 6 0 960
784 54180 55920 0 7 1740
785 56880 59040 5 1 2160
786 59160 60180 1 6 1020
787 60300 61260 6 0 960
788 61380 63120 0 7 1740
789 64080 66240 5 1 2160
790 66360 67380 1 6 1020
791 67500 68460 6 0 960
792 68580 70320 0 7 1740
793 71280 73440 5 1 2160
794 73560 74580 1 6 1020
795 74700 75660 6 0 960
796 75780 77520 0 7 1740
797 78480 80640 5 1 2160
798 80760 81780 1 6 1020
799 81900 82860 6 0 960
800 82980 84720 0 7 1740
801 26220 29520 5 4 3300
802 29640 31800 4 11 2160
803 31920 34020 11 12 2100
804 35160 37260 12 11 2100
805 37380 39540 11 4 2160
806 39660 42960 4 5 3300
807 43080 43740 5 9 660
808 45960 48060 12 11 2100
809 48180 50340 11 4 2160
810 50460 53760 4 5 3300
811 53880 54540 5 9 660
812 56760 58860 12 11 2100
813 58980 61140 11 4 2160
814 61260 64560 4 5 3300
815 64680 65340 5 9 660
816 67560 69660 12 11 2100
817 69780 71940 11 4 2160
818 72060 75360 4 5 3300
819 75480 76140 5 9 660
820 28920 32100 4 14 3180
821 33780 36960 14 4 3180
822 37080 39060 4 3 1980
823 39180 40380 3 6 1200
824 40980 44160 14 4 3180
825 44280 46260 4 3 1980
826 46380 47580 3 6 1200
827 48180 51360 14 4 3180
828 51480 53460 4 3 1980
829 53580 54780 3 6 1200
830 55380 58560 14 4 3180
831 58680 60660 4 3 1980
832 60780 61980 3 6 1200
833 62580 65760 14 4 3180
834 65880 67860 4 3 1980
835 67980 69180 3 6 1200
836 69780 72960 14 4 3180
837 73080 75060 4 3 1980
838 75180 76380 3 6 1200
839 76980 80160 14 4 3180
840 80280 82260 4 3 1980
841 82380 83580 3 6 1200
842 28860 30900 4 1 2040
843 31020 33060 1 10 2040
844 33180 34140 10 2 960
845 34260 37560 2 8 3300
846 37680 38340 8 15 660
847 39180 39840 15 8 660
848 39960 43260 8 2 3300
849 43380 44340 2 10 960
850 44460 46500 10 1 2040
851 46620 48660 1 4 2040
852 48780 51960 4 14 3180
853 53580 54240 15 8 660
854 54360 57660 8 2 3300
855 57780 58740 2 10 960
856 58860 60900 10 1 2040
857 61020 63060 1 4 2040
858 63180 66360 4 14 3180
859 67980 68640 15 8 660
860 68760 72060 8 2 3300
861 72180 73140 2 10 960
862 73260 75300 10 1 2040
863 75420 77460 1 4 2040
864 30180 31980 11 14 1800
865 34800 36600 14 11 1800
866 36720 38820 11 12 2100
867 38940 41160 12 13 2220
868 42000 43800 14 11 1800
869 43920 46020 11 12 2100
870 46140 48360 12 13 2220
871 49200 51000 14 11 1800
872 51120 53220 11 12 2100
873 53340 55560 12 13 2220
874 56400 58200 14 11 1800
875 58320 60420 11 12 2100
876 60540 62760 12 13 2220
877 63600 65400 14 11 1800
878 65520 67620 11 12 2100
879 67740 69960 12 13 2220
880 70800 72600 14 11 1800
881 72720 74820 11 12 2100
882 74940 77160 12 13 2220
883 78000 79800 14 11 1800
884 79920 82020 11 12 2100
885 25680 28980 4 5 3300
886 29100 29760 5 9 660
887 31080 31740 9 5 660
888 31860 35160 5 4 3300
889 38280 38940 9 5 660
890 39060 42360 5 4 3300
891 45480 46140 9 5 660
892 46260 49560 5 4 3300
893 52680 53340 9 5 660
894 53460 56760 5 4 3300
895 59880 60540 9 5 660
896 60660 63960 5 4 3300
897 67080 67740 9 5 660
898 67860 71160 5 4 3300
899 74280 74940 9 5 660
900 75060 78360 5 4 3300
901 29400 31440 10 1 2040
902 31560 33600 1 4 2040
903 33720 35880 4 11 2160
904 36000 38100 11 12 2100
905 40740 42840 12 11 2100
906 42960 45120 11 4 2160
907 45240 47280 4 1 2040
908 47400 49440 1 10 2040
909 49560 52380 10 8 2820
910 52500 53160 8 15 660
911 55140 57240 12 11 2100
912 57360 59520 11 4 2160
913 59640 61680 4 1 2040
914 61800 63840 1 10 2040
915 63960 66780 10 8 2820
916 66900 67560 8 15 660
917 69540 71640 12 11 2100
918 71760 73920 11 4 2160
919 74040 76080 4 1 2040
920 76200 78240 1 10 2040
921 30000 31980 4 3 1980
922 32100 32820 3 0 720
923 32940 34680 0 7 1740
924 35940 37680 7 0 1740
925 37800 38520 0 3 720
926 38640 40620 3 4 1980
927 40740 42900 4 11 2160
928 43020 44820 11 14 1800
929 46740 48480 7 0 1740
930 48600 49320 0 3 720
931 49440 51420 3 4 1980
932 51540 53700 4 11 2160
933 53820 55620 11 14 1800
934 57540 59280 7 0 1740
935 59400 60120 0 3 720
936 60240 62220 3 4 1980
937 62340 64500 4 11 2160
938 64620 66420 11 14 1800
939 68340 70080 7 0 1740
940 70200 70920 0 3 720
941 71040 73020 3 4 1980
942 73140 75300 4 11 2160
943 75420 77220 11 14 1800
944 35700 36360 15 8 660
945 36480 39780 8 2 3300
946 39900 42660 2 6 2760
947 46500 47160 15 8 660
948 47280 50580 8 2 3300
949 50700 53460 2 6 2760
950 57300 57960 15 8 660
951 58080 61380 8 2 3300
952 61500 64260 2 6 2760
953 68100 68760 15 8 660
954 68880 72180 8 2 3300
955 72300 75060 2 6 2760
956 78900 79560 15 8 660
957 79680 82980 8 2 3300
958 26220 28680 5 10 2460
959 28800 29760 10 2 960
960 29880 33420 2 7 3540
961 35340 38880 7 2 3540
962 39000 39960 2 10 960
963 40140 42600 10 5 2460
964 46140 49680 7 2 3540
965 49800 50760 2 10 960
966 50940 53400 10 5 2460
967 56940 60480 7 2 3540
968 60600 61560 2 10 960
969 61740 64200 10 5 2460
970 67740 71280 7 2 3540
971 71400 72360 2 10 960
972 72540 75000 10 5 2460
973 78540 82080 7 2 3540
974 82200 83160 2 10 960
975 83340 85800 10 5 2460
976 30840 32880 4 1 2040
977 33000 35040 1 10 2040
978 35160 37980 10 8 2820
979 38100 38760 8 15 660
980 40080 40740 15 8 660
981 40860 43680 8 10 2820
982 43800 45840 10 1 2040
983 45960 48000 1 4 2040
984 48120 50280 4 11 2160
985 50400 52500 11 12 2100
986 54480 55140 15 8 660
987 55260 58080 8 10 2820
988 58200 60240 10 1 2040
989 60360 62400 1 4 2040
990 62520 64680 4 11 2160
991 64800 66900 11 12 2100
992 68880 69540 15 8 660
993 69660 72480 8 10 2820
994 72600 74640 10 1 2040
995 74760 76800 1 4 2040
996 76920 79080 4 11 2160
997 79200 81300 11 12 2100
998 30360 31320 2 10 960
999 32100 33060 10 2 960
1000 33180 35940 2 6 2760
1001 36060 37020 6 0 960
1002 39300 40260 10 2 960
1003 40380 43140 2 6 2760
1004 43260 44220 6 0 960
1005 46500 47460 10 2 960
1006 47580 50340 2 6 2760
1007 50460 51420 6 0 960
1008 53700 54660 10 2 960
1009 54780 57540 2 6 2760
1010 57660 58620 6 0 960
1011 60900 61860 10 2 960
1012 61980 64740 2 6 2760
1013 64860 65820 6 0 960
1014 68100 69060 10 2 960
1015 69180 71940 2 6 2760
1016 72060 73020 6 0 960
1017 75300 76260 10 2 960
1018 76380 79140 2 6 2760
1019 79260 80220 6 0 960
1020 29880 31860 4 3 1980
1021 31980 33180 3 6 1200
1022 34500 35700 6 3 1200
1023 35820 37800 3 4 1980
1024 37920 41100 4 14 3180
1025 41700 42900 6 3 1200
1026 43020 45000 3 4 1980
1027 45120 48300 4 14 3180
1028 48900 50100 6 3 1200
1029 50220 52200 3 4 1980
1030 52320 55500 4 14 3180
1031 56100 57300 6 3 1200
1032 57420 59400 3 4 1980
1033 59520 62700 4 14 3180
1034 63300 64500 6 3 1200
1035 64620 66600 3 4 1980
1036 66720 69900 4 14 3180
1037 70500 71700 6 3 1200
1038 71820 73800 3 4 1980
1039 73920 77100 4 14 3180
1040 77700 78900 6 3 1200
1041 79020 81000 3 4 1980
1042 81120 84300 4 14 3180
1043 29400 31440 1 10 2040
1044 31560 34380 10 8 2820
1045 34500 35160 8 15 660
1046 39240 39900 15 8 660
1047 40020 42840 8 10 2820
1048 43020 45060 10 1 2040
1049 45180 46200 1 6 1020
1050 46320 47280 6 0 960
1051 50040 50700 15 8 660
1052 50820 53640 8 10 2820
1053 53820 55860 10 1 2040
1054 55980 57000 1 6 1020
1055 57120 58080 6 0 960
1056 60840 61500 15 8 660
1057 61620 64440 8 10 2820
1058 64620 66660 10 1 2040
1059 66780 67800 1 6 1020
1060 67920 68880 6 0 960
1061 71640 72300 15 8 660
1062 72420 75240 8 10 2820
1063 75420 77460 10 1 2040
1064 77580 78600 1 6 1020
1065 78720 79680 6 0 960
1066 29340 31800 10 5 2460
1067 31920 32580 5 9 660
1068 34620 35280 9 5 660
1069 35400 37860 5 10 2460
1070 38040 40080 10 1 2040
1071 41820 42480 9 5 660
1072 42600 45060 5 10 2460
1073 45240 47280 10 1 2040
1074 49020 49680 9 5 660
1075 49800 52260 5 10 2460
1076 52440 54480 10 1 2040
1077 56220 56880 9 5 660
1078 57000 59460 5 10 2460
1079 59640 61680 10 1 2040
1080 63420 64080 9 5 660
1081 64200 66660 5 10 2460
1082 66840 68880 10 1 2040
1083 70620 71280 9 5 660
1084 71400 73860 5 10 2460
1085 74040 76080 10 1 2040
1086 77820 78480 9 5 660
1087 78600 81060 5 10 2460
1088 81240 83280 10 1 2040
1089 30720 33900 4 14 3180
1090 35580 38760 14 4 3180
1091 38880 40860 4 3 1980
1092 40980 42180 3 6 1200
1093 42780 45960 14 4 3180
1094 46080 48060 4 3 1980
1095 48180 49380 3 6 1200
1096 49980 53160 14 4 3180
1097 53280 55260 4 3 1980
1098 55380 56580 3 6 1200
1099 57180 60360 14 4 3180
1100 60480 62460 4 3 1980
1101 62580 63780 3 6 1200
1102 64380 67560 14 4 3180
1103 67680 69660 4 3 1980
1104 69780 70980 3 6 1200
1105 71580 74760 14 4 3180
1106 74880 76860 4 3 1980
1107 76980 78180 3 6 1200
1108 78780 81960 14 4 3180
1109 82080 84060 4 3 1980
1110 30420 32580 1 5 2160
1111 32700 33360 5 9 660
1112 35460 36120 9 5 660
1113 36240 38400 5 1 2160
1114 38520 39540 1 6 1020
1115 39660 40620 6 0 960
1116 40740 41460 0 3 720
1117 42660 43320 9 5 660
1118 43440 45600 5 1 2160
1119 45720 46740 1 6 1020
1120 46860 47820 6 0 960
1121 47940 48660 0 3 720
1122 49860 50520 9 5 660
1123 50640 52800 5 1 2160
1124 52920 53940 1 6 1020
1125 54060 55020 6 0 960
1126 55140 55860 0 3 720
1127 57060 57720 9 5 660
1128 57840 60000 5 1 2160
1129 60120 61140 1 6 1020
1130 61260 62220 6 0 960
1131 62340 63060 0 3 720
1132 64260 64920 9 5 660
1133 65040 67200 5 1 2160
1134 67320 68340 1 6 1020
1135 68460 69420 6 0 960
1136 69540 70260 0 3 720
1137 71460 72120 9 5 660
1138 72240 74400 5 1 2160
1139 74520 75540 1 6 1020
1140 75660 76620 6 0 960
1141 76740 77460 0 3 720
1142 78660 79320 9 5 660
1143 79440 81600 5 1 2160
1144 81720 82740 1 6 1020
1145 82860 83820 6 0 960
1146 83940 84660 0 3 720
1147 27420 28080 9 5 660
1148 28200 30660 5 10 2460
1149 30840 32880 10 1 2040
1150 34380 36420 1 10 2040
1151 36540 39000 10 5 2460
1152 39120 39780 5 9 660
1153 41580 43620 1 10 2040
1154 43740 46200 10 5 2460
1155 46320 46980 5 9 660
1156 48780 50820 1 10 2040
1157 50940 53400 10 5 2460
1158 53520 54180 5 9 660
1159 55980 58020 1 10 2040
1160 58140 60600 10 5 2460
1161 60720 61380 5 9 660
1162 63180 65220 1 10 2040
1163 65340 67800 10 5 2460
1164 67920 68580 5 9 660
1165 70380 72420 1 10 2040
1166 72540 75000 10 5 2460
1167 75120 75780 5 9 660
1168 77580 79620 1 10 2040
1169 79740 82200 10 5 2460
1170 82320 82980 5 9 660
1171 29520 31620 11 12 2100
1172 31740 33960 12 13 2220
1173 36420 38640 13 12 2220
1174 38760 40860 12 11 2100
1175 40980 42780 11 14 1800
1176 43620 45840 13 12 2220
1177 45960 48060 12 11 2100
1178 48180 49980 11 14 1800
1179 50820 53040 13 12 2220
1180 53160 55260 12 11 2100
1181 55380 57180 11 14 1800
1182 58020 60240 13 12 2220
1183 60360 62460 12 11 2100
1184 62580 64380 11 14 1800
1185 65220 67440 13 12 2220
1186 67560 69660 12 11 2100
1187 69780 71580 11 14 1800
1188 72420 74640 13 12 2220
1189 74760 76860 12 11 2100
1190 30420 32400 3 4 1980
1191 32520 34680 4 11 2160
1192 34800 36900 11 12 2100
1193 37020 39240 12 13 2220
1194 42840 45060 13 12 2220
1195 45180 47280 12 11 2100
1196 47400 49560 11 4 2160
1197 49680 51660 4 3 1980
1198 51780 52980 3 6 1200
1199 53220 54180 6 0 960
1200 57240 59460 13 12 2220
1201 59580 61680 12 11 2100
1202 61800 63960 11 4 2160
1203 64080 66060 4 3 1980
1204 66180 67380 3 6 1200
1205 67620 68580 6 0 960
1206 71640 73860 13 12 2220
1207 73980 76080 12 11 2100
1208 76200 78360 11 4 2160
1209 78480 80460 4 3 1980
1210 80580 81780 3 6 1200
1211 82020 82980 6 0 960
1212 30180 32340 11 4 2160
1213 32460 35760 4 5 3300
1214 35880 36540 5 9 660
1215 39720 40380 9 5 660
1216 40620 43920 5 4 3300
1217 44040 46200 4 11 2160
1218 46320 48420 11 12 2100
1219 50520 51180 9 5 660
1220 51420 54720 5 4 3300
1221 54840 57000 4 11 2160
1222 57120 59220 11 12 2100
1223 61320 61980 9 5 660
1224 62220 65520 5 4 3300
1225 65640 67800 4 11 2160
1226 67920 70020 11 12 2100
1227 72120 72780 9 5 660
1228 73020 76320 5 4 3300
1229 76440 78600 4 11 2160
1230 78720 80820 11 12 2100
1231 28080 30240 5 1 2160
1232 30360 31380 1 6 1020
1233 31500 32460 6 0 960
1234 32580 34320 0 7 1740
1235 36120 37860 7 0 1740
1236 37980 38940 0 6 960
1237 39060 40080 6 1 1020
1238 40200 42360 1 5 2160
1239 43320 45060 7 0 1740
1240 45180 46140 0 6 960
1241 46260 47280 6 1 1020
1242 47400 49560 1 5 2160
1243 50520 52260 7 0 1740
1244 52380 53340 0 6 960
1245 53460 54480 6 1 1020
1246 54600 56760 1 5 2160
1247 57720 59460 7 0 1740
1248 59580 60540 0 6 960
1249 60660 61680 6 1 1020
1250 61800 63960 1 5 2160
1251 64920 66660 7 0 1740
1252 66780 67740 0 6 960
1253 67860 68880 6 1 1020
1254 69000 71160 1 5 2160
1255 72120 73860 7 0 1740
1256 73980 74940 0 6 960
1257 75060 76080 6 1 1020
1258 76200 78360 1 5 2160
1259 31800 32760 2 10 960
1260 32940 35400 10 5 2460
1261 37020 39480 5 10 2460
1262 39600 40560 10 2 960
1263 40680 44220 2 7 3540
1264 47820 50280 5 10 2460
1265 50400 51360 10 2 960
1266 51480 55020 2 7 3540
1267 58620 61080 5 10 2460
1268 61200 62160 10 2 960
1269 62280 65820 2 7 3540
1270 69420 71880 5 10 2460
1271 72000 72960 10 2 960
1272 73080 76620 2 7 3540
1273 28260 28920 9 5 660
1274 29040 31200 5 1 2160
1275 31320 32340 1 6 1020
1276 32460 33420 6 0 960
1277 33540 34260 0 3 720
1278 38160 38880 3 0 720
1279 39000 39960 0 6 960
1280 40080 41100 6 1 1020
1281 41220 43380 1 5 2160
1282 43500 44160 5 9 660
1283 45360 46080 3 0 720
1284 46200 47160 0 6 960
1285 47280 48300 6 1 1020
1286 48420 50580 1 5 2160
1287 50700 51360 5 9 660
1288 52560 53280 3 0 720
1289 53400 54360 0 6 960
1290 54480 55500 6 1 1020
1291 55620 57780 1 5 2160
1292 57900 58560 5 9 660
1293 59760 60480 3 0 720
1294 60600 61560 0 6 960
1295 61680 62700 6 1 1020
1296 62820 64980 1 5 2160
1297 65100 65760 5 9 660
1298 66960 67680 3 0 720
1299 67800 68760 0 6 960
1300 68880 69900 6 1 1020
1301 70020 72180 1 5 2160
1302 72300 72960 5 9 660
1303 74160 74880 3 0 720
1304 75000 75960 0 6 960
1305 76080 77100 6 1 1020
1306 77220 79380 1 5 2160
1307 79500 80160 5 9 660
1308 31680 33660 4 3 1980
1309 33780 34980 3 6 1200
1310 36300 37500 6 3 1200
1311 37620 39600 3 4 1980
1312 39720 42900 4 14 3180
1313 43500 44700 6 3 1200
1314 44820 46800 3 4 1980
1315 46920 50100 4 14 3180
1316 50700 51900 6 3 1200
1317 52020 54000 3 4 1980
1318 54120 57300 4 14 3180
1319 57900 59100 6 3 1200
1320 59220 61200 3 4 1980
1321 61320 64500 4 14 3180
1322 65100 66300 6 3 1200
1323 66420 68400 3 4 1980
1324 68520 71700 4 14 3180
1325 72300 73500 6 3 1200
1326 73620 75600 3 4 1980
1327 32580 33540 2 10 960
1328 33660 35700 10 1 2040
1329 35820 37860 1 4 2040
1330 37980 41160 4 14 3180
1331 43560 46740 14 4 3180
1332 46860 48900 4 1 2040
1333 49020 51060 1 10 2040
1334 51180 52140 10 2 960
1335 52260 55560 2 8 3300
1336 55680 56340 8 15 660
1337 57960 61140 14 4 3180
1338 61260 63300 4 1 2040
1339 63420 65460 1 10 2040
1340 65580 66540 10 2 960
1341 66660 69960 2 8 3300
1342 70080 70740 8 15 660
1343 72360 75540 14 4 3180
1344 75660 77700 4 1 2040
1345 77820 79860 1 10 2040
1346 79980 80940 10 2 960
1347 33000 35160 11 4 2160
1348 35280 37260 4 3 1980
1349 37380 38580 3 6 1200
1350 38820 39780 6 0 960
1351 42300 43260 0 6 960
1352 43500 44700 6 3 1200
1353 44820 46800 3 4 1980
1354 46920 49080 4 11 2160
1355 49200 51300 11 12 2100
1356 51420 53640 12 13 2220
1357 56700 57660 0 6 960
1358 57900 59100 6 3 1200
1359 59220 61200 3 4 1980
1360 61320 63480 4 11 2160
1361 63600 65700 11 12 2100
1362 65820 68040 12 13 2220
1363 71100 72060 0 6 960
1364 72300 73500 6 3 1200
1365 73620 75600 3 4 1980
1366 75720 77880 4 11 2160
1367 78000 80100 11 12 2100
1368 32220 34260 10 1 2040
1369 34380 35400 1 6 1020
1370 35520 36480 6 0 960
1371 37980 38940 0 6 960
1372 39060 40080 6 1 1020
1373 40200 42240 1 10 2040
1374 42360 45180 10 8 2820
1375 45300 45960 8 15 660
1376 48780 49740 0 6 960
1377 49860 50880 6 1 1020
1378 51000 53040 1 10 2040
1379 53160 55980 10 8 2820
1380 56100 56760 8 15 660
1381 59580 60540 0 6 960
1382 60660 61680 6 1 1020
1383 61800 63840 1 10 2040
1384 63960 66780 10 8 2820
1385 66900 67560 8 15 660
1386 70380 71340 0 6 960
1387 71460 72480 6 1 1020
1388 72600 74640 1 10 2040
1389 74760 77580 10 8 2820
1390 32700 35460 2 6 2760
1391 36900 39660 6 2 2760
1392 39780 43080 2 8 3300
1393 43200 43860 8 15 660
1394 47700 50460 6 2 2760
1395 50580 53880 2 8 3300
1396 54000 54660 8 15 660
1397 58500 61260 6 2 2760
1398 61380 64680 2 8 3300
1399 64800 65460 8 15 660
1400 69300 72060 6 2 2760
1401 72180 75480 2 8 3300
1402 75600 76260 8 15 660
1403 30600 31320 0 3 720
1404 31440 33420 3 4 1980
1405 33540 35700 4 11 2160
1406 35820 37620 11 14 1800
1407 40200 42000 14 11 1800
1408 42120 44280 11 4 2160
1409 44400 46380 4 3 1980
1410 46500 47220 3 0 720
1411 47340 49080 0 7 1740
1412 51000 52800 14 11 1800
1413 52920 55080 11 4 2160
1414 55200 57180 4 3 1980
1415 57300 58020 3 0 720
1416 58140 59880 0 7 1740
1417 61800 63600 14 11 1800
1418 63720 65880 11 4 2160
1419 66000 67980 4 3 1980
1420 68100 68820 3 0 720
1421 68940 70680 0 7 1740
1422 72600 74400 14 11 1800
1423 74520 76680 11 4 2160
1424 76800 78780 4 3 1980
1425 78900 79620 3 0 720
1426 79740 81480 0 7 1740
1427 30780 31740 0 6 960
1428 31860 32880 6 1 1020
1429 33000 35160 1 5 2160
1430 38880 41040 5 1 2160
1431 41160 42180 1 6 1020
1432 42300 43260 6 0 960
1433 43380 45120 0 7 1740
1434 28920 29580 9 5 660
1435 29820 33120 5 4 3300
1436 33240 35400 4 11 2160
1437 35520 37620 11 12 2100
1438 38760 40860 12 11 2100
1439 40980 43140 11 4 2160
1440 43260 46560 4 5 3300
1441 46680 47340 5 9 660
1442 49560 51660 12 11 2100
1443 51780 53940 11 4 2160
1444 54060 57360 4 5 3300
1445 57480 58140 5 9 660
1446 60360 62460 12 11 2100
1447 62580 64740 11 4 2160
1448 64860 68160 4 5 3300
1449 68280 68940 5 9 660
1450 71160 73260 12 11 2100
1451 73380 75540 11 4 2160
1452 75660 78960 4 5 3300
1453 79080 79740 5 9 660
1454 30420 32400 3 4 1980
1455 32520 35700 4 14 3180
1456 37380 40560 14 4 3180
1457 40680 42660 4 3 1980
1458 42780 43980 3 6 1200
1459 29160 32340 14 4 3180
1460 32460 34500 4 1 2040
1461 34620 36660 1 10 2040
1462 36780 37740 10 2 960
1463 37860 41160 2 8 3300
1464 41280 41940 8 15 660
1465 42780 43440 15 8 660
1466 43560 46860 8 2 3300
1467 46980 47940 2 10 960
1468 48060 50100 10 1 2040
1469 50220 52260 1 4 2040
1470 52380 55560 4 14 3180
1471 57180 57840 15 8 660
1472 57960 61260 8 2 3300
1473 61380 62340 2 10 960
1474 62460 64500 10 1 2040
1475 64620 66660 1 4 2040
1476 66780 69960 4 14 3180
1477 71580 72240 15 8 660
1478 72360 75660 8 2 3300
1479 75780 76740 2 10 960
1480 76860 78900 10 1 2040
1481 79020 81060 1 4 2040
1482 81180 84360 4 14 3180
1483 31560 33660 12 11 2100
1484 33780 35580 11 14 1800
1485 38400 40200 14 11 1800
1486 40320 42420 11 12 2100
1487 42540 44760 12 13 2220
1488 33000 35040 10 1 2040
1489 35160 37200 1 4 2040
1490 37320 39480 4 11 2160
1491 39600 41700 11 12 2100
1492 44340 46440 12 11 2100
1493 46560 48720 11 4 2160
1494 48840 50880 4 1 2040
1495 51000 53040 1 10 2040
1496 53160 55980 10 8 2820
1497 56100 56760 8 15 660
1498 58740 60840 12 11 2100
1499 60960 63120 11 4 2160
1500 63240 65280 4 1 2040
1501 65400 67440 1 10 2040
1502 67560 70380 10 8 2820
1503 70500 71160 8 15 660
1504 73140 75240 12 11 2100
1505 75360 77520 11 4 2160
1506 77640 79680 4 1 2040
1507 79800 81840 1 10 2040
1508 29400 31200 14 11 1800
1509 31320 33480 11 4 2160
1510 33600 35580 4 3 1980
1511 35700 36420 3 0 720
1512 36540 38280 0 7 1740
1513 39540 41280 7 0 1740
1514 41400 42120 0 3 720
1515 42240 44220 3 4 1980
1516 44340 46500 4 11 2160
1517 46620 48420 11 14 1800
1518 50340 52080 7 0 1740
1519 52200 52920 0 3 720
1520 53040 55020 3 4 1980
1521 55140 57300 4 11 2160
1522 57420 59220 11 14 1800
1523 61140 62880 7 0 1740
1524 63000 63720 0 3 720
1525 63840 65820 3 4 1980
1526 65940 68100 4 11 2160
1527 68220 70020 11 14 1800
1528 71940 73680 7 0 1740
1529 73800 74520 0 3 720
1530 74640 76620 3 4 1980
1531 76740 78900 4 11 2160
1532 32580 35880 2 8 3300
1533 36000 36660 8 15 660
1534 39300 39960 15 8 660
1535 40080 43380 8 2 3300
1536 43500 46260 2 6 2760
1537 50100 50760 15 8 660
1538 50880 54180 8 2 3300
1539 54300 57060 2 6 2760
1540 60900 61560 15 8 660
1541 61680 64980 8 2 3300
1542 65100 67860 2 6 2760
1543 71700 72360 15 8 660
1544 72480 75780 8 2 3300
1545 75900 78660 2 6 2760
1546 29820 32280 5 10 2460
1547 32400 33360 10 2 960
1548 33480 37020 2 7 3540
1549 38940 42480 7 2 3540
1550 42600 43560 2 10 960
1551 43740 46200 10 5 2460
1552 49740 53280 7 2 3540
1553 53400 54360 2 10 960
1554 54540 57000 10 5 2460
1555 60540 64080 7 2 3540
1556 64200 65160 2 10 960
1557 65340 67800 10 5 2460
1558 71340 74880 7 2 3540
1559 75000 75960 2 10 960
1560 76140 78600 10 5 2460
1561 32160 34320 11 4 2160
1562 34440 36480 4 1 2040
1563 36600 38640 1 10 2040
1564 38760 41580 10 8 2820
1565 41700 42360 8 15 660
1566 43680 44340 15 8 660
1567 44460 47280 8 10 2820
1568 47400 49440 10 1 2040
1569 49560 51600 1 4 2040
1570 51720 53880 4 11 2160
1571 54000 56100 11 12 2100
1572 58080 58740 15 8 660
1573 58860 61680 8 10 2820
1574 61800 63840 10 1 2040
1575 63960 66000 1 4 2040
1576 66120 68280 4 11 2160
1577 68400 70500 11 12 2100
1578 72480 73140 15 8 660
1579 73260 76080 8 10 2820
1580 76200 78240 10 1 2040
1581 78360 80400 1 4 2040
1582 80520 82680 4 11 2160
1583 82800 84900 11 12 2100
1584 30000 30960 0 6 960
1585 31080 33840 6 2 2760
1586 33960 34920 2 10 960
1587 35700 36660 10 2 960
1588 36780 39540 2 6 2760
1589 39660 40620 6 0 960
1590 30780 31740 0 6 960
1591 31860 32880 6 1 1020
1592 33000 35040 1 10 2040
1593 35160 37980 10 8 2820
1594 38100 38760 8 15 660
1595 42840 43500 15 8 660
1596 43620 46440 8 10 2820
1597 46620 48660 10 1 2040
1598 48780 49800 1 6 1020
1599 49920 50880 6 0 960
1600 53640 54300 15 8 660
1601 54420 57240 8 10 2820
1602 57420 59460 10 1 2040
1603 59580 60600 1 6 1020
1604 60720 61680 6 0 960
1605 64440 65100 15 8 660
1606 65220 68040 8 10 2820
1607 68220 70260 10 1 2040
1608 70380 71400 1 6 1020
1609 71520 72480 6 0 960
1610 75240 75900 15 8 660
1611 76020 78840 8 10 2820
1612 79020 81060 10 1 2040
1613 81180 82200 1 6 1020
1614 82320 83280 6 0 960
1615 30960 31680 3 0 720
1616 31800 32760 0 6 960
1617 32880 33900 6 1 1020
1618 34020 36180 1 5 2160
1619 36300 36960 5 9 660
1620 39060 39720 9 5 660
1621 39840 42000 5 1 2160
1622 42120 43140 1 6 1020
1623 43260 44220 6 0 960
1624 44340 45060 0 3 720
1625 31500 32460 0 6 960
1626 32700 33900 6 3 1200
1627 34020 36000 3 4 1980
1628 36120 38280 4 11 2160
1629 38400 40500 11 12 2100
1630 40620 42840 12 13 2220
1631 46440 48660 13 12 2220
1632 48780 50880 12 11 2100
1633 51000 53160 11 4 2160
1634 53280 55260 4 3 1980
1635 55380 56580 3 6 1200
1636 56820 57780 6 0 960
1637 60840 63060 13 12 2220
1638 63180 65280 12 11 2100
1639 65400 67560 11 4 2160
1640 67680 69660 4 3 1980
1641 69780 70980 3 6 1200
1642 71220 72180 6 0 960
1643 75240 77460 13 12 2220
1644 77580 79680 12 11 2100
1645 79800 81960 11 4 2160
1646 82080 84060 4 3 1980
1647 84180 85380 3 6 1200
1648 85620 86580 6 0 960
1649 36180 37140 2 10 960
1650 37260 39300 10 1 2040
1651 39420 41460 1 4 2040
1652 41580 44760 4 14 3180
1653 47160 50340 14 4 3180
1654 50460 52500 4 1 2040
1655 52620 54660 1 10 2040
1656 54780 55740 10 2 960
1657 55860 59160 2 8 3300
1658 59280 59940 8 15 660
1659 61560 64740 14 4 3180
1660 64860 66900 4 1 2040
1661 67020 69060 1 10 2040
1662 69180 70140 10 2 960
1663 70260 73560 2 8 3300
1664 73680 74340 8 15 660
1665 75960 79140 14 4 3180
1666 79260 81300 4 1 2040
1667 81420 83460 1 10 2040
1668 83580 84540 10 2 960
1669 34380 36480 12 11 2100
1670 36600 38760 11 4 2160
1671 38880 40860 4 3 1980
1672 40980 42180 3 6 1200
1673 42420 43380 6 0 960
1674 45900 46860 0 6 960
1675 47100 48300 6 3 1200
1676 48420 50400 3 4 1980
1677 50520 52680 4 11 2160
1678 52800 54900 11 12 2100
1679 55020 57240 12 13 2220
1680 60300 61260 0 6 960
1681 61500 62700 6 3 1200
1682 62820 64800 3 4 1980
1683 64920 67080 4 11 2160
1684 67200 69300 11 12 2100
1685 69420 71640 12 13 2220
1686 74700 75660 0 6 960
1687 75900 77100 6 3 1200
1688 77220 79200 3 4 1980
1689 79320 81480 4 11 2160
1690 81600 83700 11 12 2100
1691 35820 37860 10 1 2040
1692 37980 39000 1 6 1020
1693 39120 40080 6 0 960
1694 41580 42540 0 6 960
1695 42660 43680 6 1 1020
1696 43800 45840 1 10 2040
1697 45960 48780 10 8 2820
1698 48900 49560 8 15 660
1699 52380 53340 0 6 960
1700 53460 54480 6 1 1020
1701 54600 56640 1 10 2040
1702 56760 59580 10 8 2820
1703 59700 60360 8 15 660
1704 63180 64140 0 6 960
1705 64260 65280 6 1 1020
1706 65400 67440 1 10 2040
1707 67560 70380 10 8 2820
1708 70500 71160 8 15 660
1709 73980 74940 0 6 960
1710 75060 76080 6 1 1020
1711 76200 78240 1 10 2040
1712 32520 33180 9 5 660
1713 33420 36720 5 4 3300
1714 36840 39000 4 11 2160
1715 39120 41220 11 12 2100
1716 42360 44460 12 11 2100
1717 44580 46740 11 4 2160
1718 46860 50160 4 5 3300
1719 50280 50940 5 9 660
1720 32760 35940 14 4 3180
1721 36060 38100 4 1 2040
1722 38220 40260 1 10 2040
1723 40380 41340 10 2 960
1724 41460 44760 2 8 3300
1725 44880 45540 8 15 660
1726 46380 47040 15 8 660
1727 47160 50460 8 2 3300
1728 50580 51540 2 10 960
1729 51660 53700 10 1 2040
1730 53820 55860 1 4 2040
1731 55980 59160 4 14 3180
1732 60780 61440 15 8 660
1733 61560 64860 8 2 3300
1734 64980 65940 2 10 960
1735 66060 68100 10 1 2040
1736 68220 70260 1 4 2040
1737 70380 73560 4 14 3180
1738 75180 75840 15 8 660
1739 75960 79260 8 2 3300
1740 79380 80340 2 10 960
1741 80460 82500 10 1 2040
1742 82620 84660 1 4 2040
1743 84780 87960 4 14 3180
1744 32880 36180 4 5 3300
1745 36300 36960 5 9 660
1746 38280 38940 9 5 660
1747 39060 42360 5 4 3300
1748 36600 38640 10 1 2040
1749 38760 40800 1 4 2040
1750 40920 43080 4 11 2160
1751 43200 45300 11 12 2100
1752 47940 50040 12 11 2100
1753 50160 52320 11 4 2160
1754 52440 54480 4 1 2040
1755 54600 56640 1 10 2040
1756 56760 59580 10 8 2820
1757 59700 60360 8 15 660
1758 62340 64440 12 11 2100
1759 64560 66720 11 4 2160
1760 66840 68880 4 1 2040
1761 69000 71040 1 10 2040
1762 71160 73980 10 8 2820
1763 74100 74760 8 15 660
1764 76740 78840 12 11 2100
1765 78960 81120 11 4 2160
1766 81240 83280 4 1 2040
1767 83400 85440 1 10 2040
1768 33000 34800 14 11 1800
1769 34920 37080 11 4 2160
1770 37200 39180 4 3 1980
1771 39300 40020 3 0 720
1772 40140 41880 0 7 1740
1773 43140 44880 7 0 1740
1774 45000 45720 0 3 720
1775 45840 47820 3 4 1980
1776 47940 50100 4 11 2160
1777 50220 52020 11 14 1800
1778 33540 35640 12 11 2100
1779 35760 37920 11 4 2160
1780 38040 40080 4 1 2040
1781 40200 42240 1 10 2040
1782 42360 45180 10 8 2820
1783 45300 45960 8 15 660
1784 47280 47940 15 8 660
1785 48060 50880 8 10 2820
1786 51000 53040 10 1 2040
1787 53160 55200 1 4 2040
1788 55320 57480 4 11 2160
1789 57600 59700 11 12 2100
1790 61680 62340 15 8 660
1791 62460 65280 8 10 2820
1792 65400 67440 10 1 2040
1793 67560 69600 1 4 2040
1794 69720 71880 4 11 2160
1795 72000 74100 11 12 2100
1796 76080 76740 15 8 660
1797 76860 79680 8 10 2820
1798 79800 81840 10 1 2040
1799 81960 84000 1 4 2040
1800 84120 86280 4 11 2160
1801 35100 36060 0 6 960
1802 36300 37500 6 3 1200
1803 37620 39600 3 4 1980
1804 39720 41880 4 11 2160
1805 42000 44100 11 12 2100
1806 44220 46440 12 13 2220
1807 50040 52260 13 12 2220
1808 52380 54480 12 11 2100
1809 54600 56760 11 4 2160
1810 56880 58860 4 3 1980
1811 58980 60180 3 6 1200
1812 60420 61380 6 0 960
1813 64440 66660 13 12 2220
1814 66780 68880 12 11 2100
1815 69000 71160 11 4 2160
1816 71280 73260 4 3 1980
1817 73380 74580 3 6 1200
1818 74820 75780 6 0 960
1819 78840 81060 13 12 2220
1820 81180 83280 12 11 2100
1821 83400 85560 11 4 2160
1822 85680 87660 4 3 1980
1823 35640 37860 13 12 2220
1824 37980 40080 12 11 2100
1825 40200 42360 11 4 2160
1826 42480 44460 4 3 1980
1827 44580 45780 3 6 1200
1828 46020 46980 6 0 960
1829 49500 50460 0 6 960
1830 50700 51900 6 3 1200
1831 52020 54000 3 4 1980
1832 54120 56280 4 11 2160
1833 56400 58500 11 12 2100
1834 58620 60840 12 13 2220
1835 63900 64860 0 6 960
1836 65100 66300 6 3 1200
1837 66420 68400 3 4 1980
1838 68520 70680 4 11 2160
1839 70800 72900 11 12 2100
1840 73020 75240 12 13 2220
1841 78300 79260 0 6 960
1842 79500 80700 6 3 1200
1843 80820 82800 3 4 1980
1844 82920 85080 4 11 2160
1845 36360 39540 14 4 3180
1846 39660 41700 4 1 2040
1847 41820 43860 1 10 2040
1848 43980 44940 10 2 960
1849 45060 48360 2 8 3300
1850 48480 49140 8 15 660
1851 49980 50640 15 8 660
1852 50760 54060 8 2 3300
1853 54180 55140 2 10 960
1854 55260 57300 10 1 2040
1855 57420 59460 1 4 2040
1856 59580 62760 4 14 3180
1857 37200 38160 0 6 960
1858 38280 41040 6 2 2760
1859 41160 42120 2 10 960
1860 42900 43860 10 2 960
1861 43980 46740 2 6 2760
1862 46860 47820 6 0 960
1863 40080 43380 4 5 3300
1864 43500 44160 5 9 660
1865 45480 46140 9 5 660
1866 46260 49560 5 4 3300
1867 40500 43260 6 2 2760
1868 43380 46680 2 8 3300
1869 46800 47460 8 15 660
1870 50100 50760 15 8 660
1871 50880 54180 8 2 3300
1872 54300 57060 2 6 2760
1873 40620 43080 5 10 2460
1874 43200 44160 10 2 960
1875 44280 47820 2 7 3540
1876 49740 53280 7 2 3540
1877 53400 54360 2 10 960
1878 54540 57000 10 5 2460
1879 43320 43980 9 5 660
1880 44220 47520 5 4 3300
1881 47640 49800 4 11 2160
1882 49920 52020 11 12 2100
1883 53160 55260 12 11 2100
1884 55380 57540 11 4 2160
1885 57660 60960 4 5 3300
1886 61080 61740 5 9 660
1887 43800 45600 14 11 1800
1888 45720 47880 11 4 2160
1889 48000 49980 4 3 1980
1890 50100 50820 3 0 720
1891 50940 52680 0 7 1740
1892 53940 55680 7 0 1740
1893 55800 56520 0 3 720
1894 56640 58620 3 4 1980
1895 58740 60900 4 11 2160
1896 61020 62820 11 14 1800
1897 44400 45360 0 6 960
1898 45480 48240 6 2 2760
1899 48360 49320 2 10 960
1900 50100 51060 10 2 960
1901 51180 53940 2 6 2760
1902 54060 55020 6 0 960
1903 47280 50580 4 5 3300
1904 50700 51360 5 9 660
1905 52680 53340 9 5 660
1906 53460 56760 5 4 3300
1907 50760 53940 14 4 3180
1908 54060 56100 4 1 2040
1909 56220 58260 1 10 2040
1910 58380 59340 10 2 960
1911 59460 62760 2 8 3300
1912 62880 63540 8 15 660
1913 64380 65040 15 8 660
1914 65160 68460 8 2 3300
1915 68580 69540 2 10 960
1916 69660 71700 10 1 2040
1917 71820 73860 1 4 2040
1918 73980 77160 4 14 3180
1919 51300 54060 6 2 2760
1920 54180 57480 2 8 3300
1921 57600 58260 8 15 660
1922 60900 61560 15 8 660
1923 61680 64980 8 2 3300
1924 65100 67860 2 6 2760
1925 51420 53880 5 10 2460
1926 54000 54960 10 2 960
1927 55080 58620 2 7 3540
1928 60540 64080 7 2 3540
1929 64200 65160 2 10 960
1930 65340 67800 10 5 2460
1931 51600 52560 0 6 960
1932 52680 55440 6 2 2760
1933 55560 56520 2 10 960
1934 57300 58260 10 2 960
1935 58380 61140 2 6 2760
1936 61260 62220 6 0 960
1937 54120 54780 9 5 660
1938 55020 58320 5 4 3300
1939 58440 60600 4 11 2160
1940 60720 62820 11 12 2100
1941 63960 66060 12 11 2100
1942 66180 68340 11 4 2160
1943 68460 71760 4 5 3300
1944 71880 72540 5 9 660
1945 54480 57780 4 5 3300
1946 57900 58560 5 9 660
1947 59880 60540 9 5 660
1948 60660 63960 5 4 3300
1949 54600 56400 14 11 1800
1950 56520 58680 11 4 2160
1951 58800 60780 4 3 1980
1952 60900 61620 3 0 720
1953 61740 63480 0 7 1740
1954 64740 66480 7 0 1740
1955 66600 67320 0 3 720
1956 67440 69420 3 4 1980
1957 69540 71700 4 11 2160
1958 71820 73620 11 14 1800
1959 58800 59760 0 6 960
1960 59880 62640 6 2 2760
1961 62760 63720 2 10 960
1962 64500 65460 10 2 960
1963 65580 68340 2 6 2760
1964 68460 69420 6 0 960
1965 61680 64980 4 5 3300
1966 65100 65760 5 9 660
1967 67080 67740 9 5 660
1968 67860 71160 5 4 3300
1969 62100 64860 6 2 2760
1970 64980 68280 2 8 3300
1971 68400 69060 8 15 660
1972 71700 72360 15 8 660
1973 72480 75780 8 2 3300
1974 75900 78660 2 6 2760
1975 62220 64680 5 10 2460
1976 64800 65760 10 2 960
1977 65880 69420 2 7 3540
1978 71340 74880 7 2 3540
1979 75000 75960 2 10 960
1980 76140 78600 10 5 2460
1981 64920 65580 9 5 660
1982 65820 69120 5 4 3300
1983 69240 71400 4 11 2160
1984 71520 73620 11 12 2100
1985 74760 76860 12 11 2100
1986 76980 79140 11 4 2160
1987 79260 82560 4 5 3300
1988 82680 83340 5 9 660
1989 65160 68340 14 4 3180
1990 68460 70500 4 1 2040
1991 70620 72660 1 10 2040
1992 72780 73740 10 2 960
1993 73860 77160 2 8 3300
1994 77280 77940 8 15 660
1995 78780 79440 15 8 660
1996 79560 82860 8 2 3300
1997 82980 83940 2 10 960
1998 84060 86100 10 1 2040
1999 86220 88260 1 4 2040
2000 65400 67200 14 11 1800
2001 67320 69480 11 4 2160
2002 69600 71580 4 3 1980
2003 71700 72420 3 0 720
2004 72540 74280 0 7 1740
2005 75540 77280 7 0 1740
2006 77400 78120 0 3 720
2007 78240 80220 3 4 1980
2008 80340 82500 4 11 2160
2009 82620 84420 11 14 1800
2010 66000 66960 0 6 960
2011 67080 69840 6 2 2760
2012 69960 70920 2 10 960
2013 71700 72660 10 2 960
2014 72780 75540 2 6 2760
2015 75660 76620 6 0 960
2016 68880 72180 4 5 3300
2017 72300 72960 5 9 660
2018 74280 74940 9 5 660
2019 75060 78360 5 4 3300
2020 72900 75660 6 2 2760
2021 75780 79080 2 8 3300
2022 73020 75480 5 10 2460
2023 75600 76560 10 2 960
2024 76680 80220 2 7 3540
2025 82140 85680 7 2 3540
2026 85800 86760 2 10 960
2027 86940 89400 10 5 2460
2028 73200 74160 0 6 960
2029 74280 77040 6 2 2760
2030 77160 78120 2 10 960
2031 78900 79860 10 2 960
2032 79980 82740 2 6 2760
2033 82860 83820 6 0 960
2034 75720 76380 9 5 660
2035 76620 79920 5 4 3300
2036 80040 82200 4 11 2160
2037 82320 84420 11 12 2100
2038 85560 87660 12 11 2100
2039 87780 89940 11 4 2160
2040 76080 79380 4 5 3300
2041 79500 80160 5 9 660
2042 81480 82140 9 5 660
2043 82260 85560 5 4 3300
2044 76200 78000 14 11 1800
2045 78120 80280 11 4 2160
2046 80400 82380 4 3 1980
2047 82500 83220 3 0 720
2048 83340 85080 0 7 1740
2049 86340 88080 7 0 1740
2050 88200 88920 0 3 720
2051 89040 91020 3 4 1980
