0 3 12
0 6 16
1 6 17
0 7 29
2 10 16
4 11 36
11 14 30
1 5 36
5 9 11
8 15 11
3 0 12
6 0 16
6 1 17
7 0 29
10 2 16
11 4 36
14 11 30
5 1 36
9 5 11
15 8 11
1 4 34
4 1 34
8 10 47
10 8 47
14 16 8
16 14 8
5 17 8
17 5 8
10 17 31
17 10 31
3 18 5
18 3 5
6 18 13
18 6 13
4 19 25
19 4 25
6 20 11
20 6 11
5 21 7
21 5 7
4 21 46
21 4 46
2 22 13
22 2 13
8 23 9
23 8 9
2 24 7
24 2 7
20 24 24
24 20 24
10 25 11
25 10 11
1 25 21
25 1 21
22 26 10
26 22 10
23 26 17
26 23 17
11 27 10
27 11 10
12 27 23
27 12 23
2 28 11
28 2 11
7 28 46
28 7 46
16 29 6
29 16 6
19 29 8
29 19 8
3 30 11
30 3 11
4 30 20
30 4 20
12 31 12
31 12 12
13 31 23
31 13 23
