1 22800 25680 5 4 2880
2 25800 26640 4 10 840
3 26760 27720 10 8 960
4 29460 30420 8 10 960
5 30540 31380 10 4 840
6 31500 34380 4 5 2880
7 34620 35580 5 0 960
8 36660 37620 8 10 960
9 37740 38580 10 4 840
10 38700 41580 4 5 2880
11 41820 42780 5 0 960
12 43860 44820 8 10 960
13 44940 45780 10 4 840
14 45900 48780 4 5 2880
15 49020 49980 5 0 960
16 51060 52020 8 10 960
17 52140 52980 10 4 840
18 53100 55980 4 5 2880
19 56220 57180 5 0 960
20 58260 59220 8 10 960
21 59340 60180 10 4 840
22 60300 63180 4 5 2880
23 63420 64380 5 0 960
24 65460 66420 8 10 960
25 66540 67380 10 4 840
26 67500 70380 4 5 2880
27 70620 71580 5 0 960
28 72660 73620 8 10 960
29 73740 74580 10 4 840
30 74700 77580 4 5 2880
31 77820 78780 5 0 960
33 22680 23760 5 12 1080
34 23880 25560 12 9 1680
35 26220 27900 9 12 1680
36 28020 29100 12 5 1080
37 29220 30180 5 0 960
38 31620 33300 9 12 1680
39 33420 34500 12 5 1080
40 34620 35580 5 0 960
41 37020 38700 9 12 1680
42 38820 39900 12 5 1080
43 40020 40980 5 0 960
44 42420 44100 9 12 1680
45 44220 45300 12 5 1080
46 45420 46380 5 0 960
47 47820 49500 9 12 1680
48 49620 50700 12 5 1080
49 50820 51780 5 0 960
50 53220 54900 9 12 1680
51 55020 56100 12 5 1080
52 56220 57180 5 0 960
53 58620 60300 9 12 1680
54 60420 61500 12 5 1080
55 61620 62580 5 0 960
56 64020 65700 9 12 1680
57 65820 66900 12 5 1080
58 67020 67980 5 0 960
59 69420 71100 9 12 1680
60 71220 72300 12 5 1080
61 72420 73380 5 0 960
62 74820 76500 9 12 1680
63 76620 77700 12 5 1080
64 77820 78780 5 0 960
67 26160 28020 1 4 1860
68 28140 28980 4 10 840
69 29100 30060 10 8 960
70 30180 33420 8 14 3240
71 35700 38940 14 8 3240
72 39060 40020 8 10 960
73 40140 40980 10 4 840
74 41100 42960 4 1 1860
75 43080 44160 1 2 1080
76 44400 47580 2 9 3180
77 50100 53340 14 8 3240
78 53460 54420 8 10 960
79 54540 55380 10 4 840
80 55500 57360 4 1 1860
81 57480 58560 1 2 1080
82 58800 61980 2 9 3180
83 64500 67740 14 8 3240
84 67860 68820 8 10 960
85 68940 69780 10 4 840
86 69900 71760 4 1 1860
87 71880 72960 1 2 1080
88 73200 76380 2 9 3180
96 23580 26460 5 4 2880
97 26580 27420 4 10 840
98 27540 30360 10 11 2820
99 30480 32100 11 14 1620
100 33840 35460 14 11 1620
101 35580 38400 11 10 2820
102 38520 39360 10 4 840
103 39480 42360 4 5 2880
104 42480 44220 5 15 1740
105 48240 49860 14 11 1620
106 49980 52800 11 10 2820
107 52920 53760 10 4 840
108 53880 56760 4 5 2880
109 56880 58620 5 15 1740
110 62640 64260 14 11 1620
111 64380 67200 11 10 2820
112 67320 68160 10 4 840
113 68280 71160 4 5 2880
114 71280 73020 5 15 1740
115 77040 78660 14 11 1620
116 78780 81600 11 10 2820
117 81720 82560 10 4 840
118 82680 85560 4 5 2880
122 25260 26220 5 0 960
123 27780 28740 0 5 960
124 28860 30360 5 1 1500
125 30480 32160 1 6 1680
126 33180 34140 0 5 960
127 34260 35760 5 1 1500
128 35880 37560 1 6 1680
129 38580 39540 0 5 960
130 39660 41160 5 1 1500
131 41280 42960 1 6 1680
132 43980 44940 0 5 960
133 45060 46560 5 1 1500
134 46680 48360 1 6 1680
135 49380 50340 0 5 960
136 50460 51960 5 1 1500
137 52080 53760 1 6 1680
138 54780 55740 0 5 960
139 55860 57360 5 1 1500
140 57480 59160 1 6 1680
141 60180 61140 0 5 960
142 61260 62760 5 1 1500
143 62880 64560 1 6 1680
144 65580 66540 0 5 960
145 66660 68160 5 1 1500
146 68280 69960 1 6 1680
147 70980 71940 0 5 960
148 72060 73560 5 1 1500
149 73680 75360 1 6 1680
150 76380 77340 0 5 960
151 77460 78960 5 1 1500
154 23040 24540 5 1 1500
155 24660 26520 1 4 1860
156 26640 27480 4 10 840
157 27720 30540 10 11 2820
158 32940 35760 11 10 2820
159 35880 36720 10 4 840
160 36840 38700 4 1 1860
161 38820 40320 1 5 1500
162 40440 41520 5 12 1080
163 43740 46560 11 10 2820
164 46680 47520 10 4 840
165 47640 49500 4 1 1860
166 49620 51120 1 5 1500
167 51240 52320 5 12 1080
168 54540 57360 11 10 2820
169 57480 58320 10 4 840
170 58440 60300 4 1 1860
171 60420 61920 1 5 1500
172 62040 63120 5 12 1080
173 65340 68160 11 10 2820
174 68280 69120 10 4 840
175 69240 71100 4 1 1860
176 71220 72720 1 5 1500
177 72840 73920 5 12 1080
178 76140 78960 11 10 2820
179 79080 79920 10 4 840
180 80040 81900 4 1 1860
181 82020 83520 1 5 1500
186 28560 30420 1 4 1860
187 30540 31920 4 7 1380
188 33060 34440 7 4 1380
189 34560 36420 4 1 1860
190 36540 38220 1 6 1680
191 38460 40380 6 3 1920
192 40500 43200 3 13 2700
193 43860 45240 7 4 1380
194 45360 47220 4 1 1860
195 47340 49020 1 6 1680
196 49260 51180 6 3 1920
197 51300 54000 3 13 2700
198 54660 56040 7 4 1380
199 56160 58020 4 1 1860
200 58140 59820 1 6 1680
201 60060 61980 6 3 1920
202 62100 64800 3 13 2700
203 65460 66840 7 4 1380
204 66960 68820 4 1 1860
205 68940 70620 1 6 1680
206 70860 72780 6 3 1920
207 72900 75600 3 13 2700
208 76260 77640 7 4 1380
209 77760 79620 4 1 1860
216 28020 29520 1 5 1500
217 29640 30720 5 12 1080
218 32640 33720 12 5 1080
219 33840 35340 5 1 1500
220 35460 37320 1 4 1860
221 37440 38280 4 10 840
222 38520 41340 10 11 2820
223 43440 44520 12 5 1080
224 44640 46140 5 1 1500
225 46260 48120 1 4 1860
226 48240 49080 4 10 840
227 49320 52140 10 11 2820
228 54240 55320 12 5 1080
229 55440 56940 5 1 1500
230 57060 58920 1 4 1860
231 59040 59880 4 10 840
232 60120 62940 10 11 2820
233 65040 66120 12 5 1080
234 66240 67740 5 1 1500
235 67860 69720 1 4 1860
236 69840 70680 4 10 840
237 70920 73740 10 11 2820
238 75840 76920 12 5 1080
239 77040 78540 5 1 1500
240 78660 80520 1 4 1860
241 80640 81480 4 10 840
242 81720 84540 10 11 2820
246 27420 28380 5 0 960
247 32400 33360 0 5 960
248 33600 36480 5 4 2880
249 36600 37440 4 10 840
250 37560 38520 10 8 960
251 39600 40560 0 5 960
252 40800 43680 5 4 2880
253 43800 44640 4 10 840
254 44760 45720 10 8 960
255 46800 47760 0 5 960
256 48000 50880 5 4 2880
257 51000 51840 4 10 840
258 51960 52920 10 8 960
259 54000 54960 0 5 960
260 55200 58080 5 4 2880
261 58200 59040 4 10 840
262 59160 60120 10 8 960
263 61200 62160 0 5 960
264 62400 65280 5 4 2880
265 65400 66240 4 10 840
266 66360 67320 10 8 960
267 68400 69360 0 5 960
268 69600 72480 5 4 2880
269 72600 73440 4 10 840
270 73560 74520 10 8 960
271 75600 76560 0 5 960
272 76800 79680 5 4 2880
273 79800 80640 4 10 840
274 80760 81720 10 8 960
277 25740 27420 1 6 1680
278 27660 29580 6 3 1920
279 29700 32400 3 13 2700
280 36300 39000 13 3 2700
281 39120 41040 3 6 1920
282 41160 42840 6 1 1680
283 42960 44820 1 4 1860
284 44940 46320 4 7 1380
285 47100 49800 13 3 2700
286 49920 51840 3 6 1920
287 51960 53640 6 1 1680
288 53760 55620 1 4 1860
289 55740 57120 4 7 1380
290 57900 60600 13 3 2700
291 60720 62640 3 6 1920
292 62760 64440 6 1 1680
293 64560 66420 1 4 1860
294 66540 67920 4 7 1380
295 68700 71400 13 3 2700
296 71520 73440 3 6 1920
297 73560 75240 6 1 1680
298 75360 77220 1 4 1860
299 77340 78720 4 7 1380
302 31500 34800 10 6 3300
303 34920 36600 6 1 1680
304 38700 42000 10 6 3300
305 42120 43800 6 1 1680
306 45900 49200 10 6 3300
307 49320 51000 6 1 1680
308 53100 56400 10 6 3300
309 56520 58200 6 1 1680
310 60300 63600 10 6 3300
311 63720 65400 6 1 1680
312 67500 70800 10 6 3300
313 70920 72600 6 1 1680
314 74700 78000 10 6 3300
315 78120 79800 6 1 1680
317 23460 24960 5 1 1500
318 25080 26760 1 6 1680
319 29040 30720 6 1 1680
320 30840 32340 1 5 1500
321 32460 33420 5 0 960
322 34440 36120 6 1 1680
323 36240 37740 1 5 1500
324 37860 38820 5 0 960
325 39840 41520 6 1 1680
326 41640 43140 1 5 1500
327 43260 44220 5 0 960
328 45240 46920 6 1 1680
329 47040 48540 1 5 1500
330 48660 49620 5 0 960
331 50640 52320 6 1 1680
332 52440 53940 1 5 1500
333 54060 55020 5 0 960
334 56040 57720 6 1 1680
335 57840 59340 1 5 1500
336 59460 60420 5 0 960
337 61440 63120 6 1 1680
338 63240 64740 1 5 1500
339 64860 65820 5 0 960
340 66840 68520 6 1 1680
341 68640 70140 1 5 1500
342 70260 71220 5 0 960
343 72240 73920 6 1 1680
344 74040 75540 1 5 1500
345 75660 76620 5 0 960
346 77640 79320 6 1 1680
347 79440 80940 1 5 1500
350 23460 24900 5 2 1440
351 25020 27840 2 3 2820
352 27960 30660 3 13 2700
353 31680 34380 13 3 2700
354 34500 37320 3 2 2820
355 37440 38880 2 5 1440
356 39000 39960 5 0 960
357 40680 43380 13 3 2700
358 43500 46320 3 2 2820
359 46440 47880 2 5 1440
360 48000 48960 5 0 960
361 49680 52380 13 3 2700
362 52500 55320 3 2 2820
363 55440 56880 2 5 1440
364 57000 57960 5 0 960
365 58680 61380 13 3 2700
366 61500 64320 3 2 2820
367 64440 65880 2 5 1440
368 66000 66960 5 0 960
369 67680 70380 13 3 2700
370 70500 73320 3 2 2820
371 73440 74880 2 5 1440
372 75000 75960 5 0 960
373 76680 79380 13 3 2700
374 79500 82320 3 2 2820
375 82440 83880 2 5 1440
379 25620 28800 2 9 3180
380 30600 33780 9 2 3180
381 33900 34980 2 1 1080
382 35100 36960 1 4 1860
383 37800 40980 9 2 3180
384 41100 42180 2 1 1080
385 42300 44160 1 4 1860
386 45000 48180 9 2 3180
387 48300 49380 2 1 1080
388 49500 51360 1 4 1860
389 52200 55380 9 2 3180
390 55500 56580 2 1 1080
391 56700 58560 1 4 1860
392 59400 62580 9 2 3180
393 62700 63780 2 1 1080
394 63900 65760 1 4 1860
395 66600 69780 9 2 3180
396 69900 70980 2 1 1080
397 71100 72960 1 4 1860
398 73800 76980 9 2 3180
399 77100 78180 2 1 1080
400 78300 80160 1 4 1860
402 24420 25500 12 5 1080
403 25620 26580 5 0 960
404 28800 29760 0 5 960
405 29880 30960 5 12 1080
406 31080 32760 12 9 1680
407 34200 35160 0 5 960
408 35280 36360 5 12 1080
409 36480 38160 12 9 1680
410 39600 40560 0 5 960
411 40680 41760 5 12 1080
412 41880 43560 12 9 1680
413 45000 45960 0 5 960
414 46080 47160 5 12 1080
415 47280 48960 12 9 1680
416 50400 51360 0 5 960
417 51480 52560 5 12 1080
418 52680 54360 12 9 1680
419 55800 56760 0 5 960
420 56880 57960 5 12 1080
421 58080 59760 12 9 1680
422 61200 62160 0 5 960
423 62280 63360 5 12 1080
424 63480 65160 12 9 1680
425 66600 67560 0 5 960
426 67680 68760 5 12 1080
427 68880 70560 12 9 1680
428 72000 72960 0 5 960
429 73080 74160 5 12 1080
430 74280 75960 12 9 1680
431 77400 78360 0 5 960
432 78480 79560 5 12 1080
436 28440 29880 2 5 1440
437 30000 30960 5 0 960
438 33180 34140 0 5 960
439 34260 35700 5 2 1440
440 35820 38640 2 3 2820
441 38760 41460 3 13 2700
442 42180 43140 0 5 960
443 43260 44700 5 2 1440
444 44820 47640 2 3 2820
445 47760 50460 3 13 2700
446 51180 52140 0 5 960
447 52260 53700 5 2 1440
448 53820 56640 2 3 2820
449 56760 59460 3 13 2700
450 60180 61140 0 5 960
451 61260 62700 5 2 1440
452 62820 65640 2 3 2820
453 65760 68460 3 13 2700
454 69180 70140 0 5 960
455 70260 71700 5 2 1440
456 71820 74640 2 3 2820
457 74760 77460 3 13 2700
458 78180 79140 0 5 960
459 79260 80700 5 2 1440
464 26280 27240 5 0 960
465 27480 28560 0 7 1080
466 30300 31380 7 0 1080
467 31500 32460 0 5 960
468 32580 34320 5 15 1740
469 34560 35880 15 12 1320
470 37500 38580 7 0 1080
471 38700 39660 0 5 960
472 39780 41520 5 15 1740
473 41760 43080 15 12 1320
474 44700 45780 7 0 1080
475 45900 46860 0 5 960
476 46980 48720 5 15 1740
477 48960 50280 15 12 1320
478 51900 52980 7 0 1080
479 53100 54060 0 5 960
480 54180 55920 5 15 1740
481 56160 57480 15 12 1320
482 59100 60180 7 0 1080
483 60300 61260 0 5 960
484 61380 63120 5 15 1740
485 63360 64680 15 12 1320
486 66300 67380 7 0 1080
487 67500 68460 0 5 960
488 68580 70320 5 15 1740
489 70560 71880 15 12 1320
490 73500 74580 7 0 1080
491 74700 75660 0 5 960
492 75780 77520 5 15 1740
493 77760 79080 15 12 1320
496 27720 31020 6 10 3300
497 31140 32100 10 8 960
498 32220 35460 8 14 3240
499 39060 42300 14 8 3240
500 42420 43380 8 10 960
501 43500 46800 10 6 3300
502 46920 48840 6 3 1920
503 48960 51660 3 13 2700
504 53460 56700 14 8 3240
505 56820 57780 8 10 960
506 57900 61200 10 6 3300
507 61320 63240 6 3 1920
508 63360 66060 3 13 2700
509 67860 71100 14 8 3240
510 71220 72180 8 10 960
511 72300 75600 10 6 3300
512 75720 77640 6 3 1920
516 27720 28560 10 4 840
517 28680 31560 4 5 2880
518 31680 33420 5 15 1740
519 36120 37860 15 5 1740
520 37980 40860 5 4 2880
521 40980 41820 4 10 840
522 41940 44760 10 11 2820
523 44880 46500 11 14 1620
524 50520 52260 15 5 1740
525 52380 55260 5 4 2880
526 55380 56220 4 10 840
527 56340 59160 10 11 2820
528 59280 60900 11 14 1620
529 64920 66660 15 5 1740
530 66780 69660 5 4 2880
531 69780 70620 4 10 840
532 70740 73560 10 11 2820
533 73680 75300 11 14 1620
536 25380 27120 5 15 1740
537 27360 28680 15 12 1320
538 30060 31380 12 15 1320
539 31620 33360 15 5 1740
540 33480 34440 5 0 960
541 34680 35760 0 7 1080
542 37260 38580 12 15 1320
543 38820 40560 15 5 1740
544 40680 41640 5 0 960
545 41880 42960 0 7 1080
546 44460 45780 12 15 1320
547 46020 47760 15 5 1740
548 47880 48840 5 0 960
549 49080 50160 0 7 1080
550 51660 52980 12 15 1320
551 53220 54960 15 5 1740
552 55080 56040 5 0 960
553 56280 57360 0 7 1080
554 58860 60180 12 15 1320
555 60420 62160 15 5 1740
556 62280 63240 5 0 960
557 63480 64560 0 7 1080
558 66060 67380 12 15 1320
559 67620 69360 15 5 1740
560 69480 70440 5 0 960
561 70680 71760 0 7 1080
562 73260 74580 12 15 1320
563 74820 76560 15 5 1740
564 76680 77640 5 0 960
565 77880 78960 0 7 1080
567 24480 25560 5 12 1080
568 25680 27360 12 9 1680
569 28020 29700 9 12 1680
570 29820 30900 12 5 1080
571 31020 31980 5 0 960
572 33420 35100 9 12 1680
573 35220 36300 12 5 1080
574 36420 37380 5 0 960
575 38820 40500 9 12 1680
576 40620 41700 12 5 1080
577 41820 42780 5 0 960
578 44220 45900 9 12 1680
579 46020 47100 12 5 1080
580 47220 48180 5 0 960
581 49620 51300 9 12 1680
582 51420 52500 12 5 1080
583 52620 53580 5 0 960
584 55020 56700 9 12 1680
585 56820 57900 12 5 1080
586 58020 58980 5 0 960
587 60420 62100 9 12 1680
588 62220 63300 12 5 1080
589 63420 64380 5 0 960
590 65820 67500 9 12 1680
591 67620 68700 12 5 1080
592 68820 69780 5 0 960
593 71220 72900 9 12 1680
594 73020 74100 12 5 1080
595 74220 75180 5 0 960
596 76620 78300 9 12 1680
597 78420 79500 12 5 1080
600 26700 27780 2 1 1080
601 27900 29760 1 4 1860
602 33240 35100 4 1 1860
603 35220 36300 1 2 1080
604 36420 39600 2 9 3180
605 40440 42300 4 1 1860
606 42420 43500 1 2 1080
607 43620 46800 2 9 3180
608 47640 49500 4 1 1860
609 49620 50700 1 2 1080
610 50820 54000 2 9 3180
611 54840 56700 4 1 1860
612 56820 57900 1 2 1080
613 58020 61200 2 9 3180
614 62040 63900 4 1 1860
615 64020 65100 1 2 1080
616 65220 68400 2 9 3180
617 69240 71100 4 1 1860
618 71220 72300 1 2 1080
619 72420 75600 2 9 3180
620 76440 78300 4 1 1860
621 78420 79500 1 2 1080
624 24600 26040 5 2 1440
625 26280 27360 2 1 1080
626 28020 29100 1 2 1080
627 29340 30780 2 5 1440
628 30900 31860 5 0 960
629 35220 36300 1 2 1080
630 36540 37980 2 5 1440
631 38100 39060 5 0 960
632 42420 43500 1 2 1080
633 43740 45180 2 5 1440
634 45300 46260 5 0 960
635 49620 50700 1 2 1080
636 50940 52380 2 5 1440
637 52500 53460 5 0 960
638 56820 57900 1 2 1080
639 58140 59580 2 5 1440
640 59700 60660 5 0 960
641 64020 65100 1 2 1080
642 65340 66780 2 5 1440
643 66900 67860 5 0 960
644 71220 72300 1 2 1080
645 72540 73980 2 5 1440
646 74100 75060 5 0 960
647 78420 79500 1 2 1080
648 79740 81180 2 5 1440
651 25440 26940 1 5 1500
652 27060 28020 5 0 960
653 29580 30540 0 5 960
654 30660 32160 5 1 1500
655 32280 33960 1 6 1680
656 34980 35940 0 5 960
657 36060 37560 5 1 1500
658 37680 39360 1 6 1680
659 40380 41340 0 5 960
660 41460 42960 5 1 1500
661 43080 44760 1 6 1680
662 45780 46740 0 5 960
663 46860 48360 5 1 1500
664 48480 50160 1 6 1680
665 51180 52140 0 5 960
666 52260 53760 5 1 1500
667 53880 55560 1 6 1680
668 56580 57540 0 5 960
669 57660 59160 5 1 1500
670 59280 60960 1 6 1680
671 61980 62940 0 5 960
672 63060 64560 5 1 1500
673 64680 66360 1 6 1680
674 67380 68340 0 5 960
675 68460 69960 5 1 1500
676 70080 71760 1 6 1680
677 72780 73740 0 5 960
678 73860 75360 5 1 1500
679 75480 77160 1 6 1680
680 78180 79140 0 5 960
681 79260 80760 5 1 1500
685 28320 29160 10 4 840
686 29280 30660 4 7 1380
687 30780 31860 7 0 1080
688 35460 36540 0 7 1080
689 36660 38040 7 4 1380
690 38160 39000 4 10 840
691 39120 41940 10 11 2820
692 42060 43680 11 14 1620
693 46260 47340 0 7 1080
694 47460 48840 7 4 1380
695 48960 49800 4 10 840
696 49920 52740 10 11 2820
697 52860 54480 11 14 1620
698 57060 58140 0 7 1080
699 58260 59640 7 4 1380
700 59760 60600 4 10 840
701 60720 63540 10 11 2820
702 63660 65280 11 14 1620
703 67860 68940 0 7 1080
704 69060 70440 7 4 1380
705 70560 71400 4 10 840
706 71520 74340 10 11 2820
707 74460 76080 11 14 1620
708 78660 79740 0 7 1080
709 79860 81240 7 4 1380
710 81360 82200 4 10 840
711 82320 85140 10 11 2820
712 85260 86880 11 14 1620
714 25260 26760 5 1 1500
715 26880 28560 1 6 1680
716 30840 32520 6 1 1680
717 32640 34140 1 5 1500
718 34260 35220 5 0 960
719 36240 37920 6 1 1680
720 38040 39540 1 5 1500
721 39660 40620 5 0 960
722 41640 43320 6 1 1680
723 43440 44940 1 5 1500
724 45060 46020 5 0 960
725 47040 48720 6 1 1680
726 48840 50340 1 5 1500
727 50460 51420 5 0 960
728 52440 54120 6 1 1680
729 54240 55740 1 5 1500
730 55860 56820 5 0 960
731 57840 59520 6 1 1680
732 59640 61140 1 5 1500
733 61260 62220 5 0 960
734 63240 64920 6 1 1680
735 65040 66540 1 5 1500
736 66660 67620 5 0 960
737 68640 70320 6 1 1680
738 70440 71940 1 5 1500
739 72060 73020 5 0 960
740 74040 75720 6 1 1680
741 75840 77340 1 5 1500
742 77460 78420 5 0 960
744 25260 26700 5 2 1440
745 26820 29640 2 3 2820
746 29760 32460 3 13 2700
747 33480 36180 13 3 2700
748 36300 39120 3 2 2820
749 39240 40680 2 5 1440
750 40800 41760 5 0 960
751 42480 45180 13 3 2700
752 45300 48120 3 2 2820
753 48240 49680 2 5 1440
754 49800 50760 5 0 960
755 51480 54180 13 3 2700
756 54300 57120 3 2 2820
757 57240 58680 2 5 1440
758 58800 59760 5 0 960
759 60480 63180 13 3 2700
760 63300 66120 3 2 2820
761 66240 67680 2 5 1440
762 67800 68760 5 0 960
763 69480 72180 13 3 2700
764 72300 75120 3 2 2820
765 75240 76680 2 5 1440
766 76800 77760 5 0 960
767 78480 81180 13 3 2700
768 81300 84120 3 2 2820
769 84240 85680 2 5 1440
772 27660 29580 6 3 1920
773 32100 34020 3 6 1920
774 34140 37440 6 10 3300
775 39300 41220 3 6 1920
776 41340 44640 6 10 3300
777 46500 48420 3 6 1920
778 48540 51840 6 10 3300
779 53700 55620 3 6 1920
780 55740 59040 6 10 3300
781 60900 62820 3 6 1920
782 62940 66240 6 10 3300
783 68100 70020 3 6 1920
784 70140 73440 6 10 3300
785 75300 77220 3 6 1920
786 77340 80640 6 10 3300
788 27720 29400 6 1 1680
789 33120 34800 1 6 1680
790 34920 38220 6 10 3300
791 40320 42000 1 6 1680
792 42120 45420 6 10 3300
793 47520 49200 1 6 1680
794 49320 52620 6 10 3300
795 54720 56400 1 6 1680
796 56520 59820 6 10 3300
797 61920 63600 1 6 1680
798 63720 67020 6 10 3300
799 69120 70800 1 6 1680
800 70920 74220 6 10 3300
801 76320 78000 1 6 1680
802 78120 81420 6 10 3300
804 25740 27180 2 5 1440
805 27300 28260 5 0 960
806 30720 31680 0 5 960
807 31800 33240 5 2 1440
808 33480 34560 2 1 1080
809 37920 38880 0 5 960
810 39000 40440 5 2 1440
811 40680 41760 2 1 1080
812 45120 46080 0 5 960
813 46200 47640 5 2 1440
814 47880 48960 2 1 1080
815 52320 53280 0 5 960
816 53400 54840 5 2 1440
817 55080 56160 2 1 1080
818 59520 60480 0 5 960
819 60600 62040 5 2 1440
820 62280 63360 2 1 1080
821 66720 67680 0 5 960
822 67800 69240 5 2 1440
823 69480 70560 2 1 1080
824 73920 74880 0 5 960
825 75000 76440 5 2 1440
826 76680 77760 2 1 1080
828 26220 27300 12 5 1080
829 27420 28380 5 0 960
830 30600 31560 0 5 960
831 31680 32760 5 12 1080
832 32880 34560 12 9 1680
833 36000 36960 0 5 960
834 37080 38160 5 12 1080
835 38280 39960 12 9 1680
836 41400 42360 0 5 960
837 42480 43560 5 12 1080
838 43680 45360 12 9 1680
839 46800 47760 0 5 960
840 47880 48960 5 12 1080
841 49080 50760 12 9 1680
842 52200 53160 0 5 960
843 53280 54360 5 12 1080
844 54480 56160 12 9 1680
845 57600 58560 0 5 960
846 58680 59760 5 12 1080
847 59880 61560 12 9 1680
848 63000 63960 0 5 960
849 64080 65160 5 12 1080
850 65280 66960 12 9 1680
851 68400 69360 0 5 960
852 69480 70560 5 12 1080
853 70680 72360 12 9 1680
854 73800 74760 0 5 960
855 74880 75960 5 12 1080
856 76080 77760 12 9 1680
857 79200 80160 0 5 960
858 80280 81360 5 12 1080
862 30240 31680 2 5 1440
863 31800 32760 5 0 960
864 34980 35940 0 5 960
865 36060 37500 5 2 1440
866 37620 40440 2 3 2820
867 40560 43260 3 13 2700
868 43980 44940 0 5 960
869 45060 46500 5 2 1440
870 46620 49440 2 3 2820
871 49560 52260 3 13 2700
872 52980 53940 0 5 960
873 54060 55500 5 2 1440
874 55620 58440 2 3 2820
875 58560 61260 3 13 2700
876 61980 62940 0 5 960
877 63060 64500 5 2 1440
878 64620 67440 2 3 2820
879 67560 70260 3 13 2700
880 70980 71940 0 5 960
881 72060 73500 5 2 1440
882 73620 76440 2 3 2820
886 27360 28200 4 10 840
887 28320 31140 10 11 2820
888 31260 32880 11 14 1620
889 34440 36060 14 11 1620
890 36180 39000 11 10 2820
891 39120 39960 10 4 840
892 40080 41460 4 7 1380
893 41580 42660 7 0 1080
894 45240 46860 14 11 1620
895 46980 49800 11 10 2820
896 49920 50760 10 4 840
897 50880 52260 4 7 1380
898 52380 53460 7 0 1080
899 56040 57660 14 11 1620
900 57780 60600 11 10 2820
901 60720 61560 10 4 840
902 61680 63060 4 7 1380
903 63180 64260 7 0 1080
904 66840 68460 14 11 1620
905 68580 71400 11 10 2820
906 71520 72360 10 4 840
907 72480 73860 4 7 1380
908 73980 75060 7 0 1080
909 77640 79260 14 11 1620
914 24660 25980 12 15 1320
915 26220 27960 15 5 1740
916 28080 29040 5 0 960
917 29280 30360 0 7 1080
918 32100 33180 7 0 1080
919 33300 34260 0 5 960
920 34380 36120 5 15 1740
921 36360 37680 15 12 1320
922 39300 40380 7 0 1080
923 40500 41460 0 5 960
924 41580 43320 5 15 1740
925 43560 44880 15 12 1320
926 46500 47580 7 0 1080
927 47700 48660 0 5 960
928 48780 50520 5 15 1740
929 50760 52080 15 12 1320
930 53700 54780 7 0 1080
931 54900 55860 0 5 960
932 55980 57720 5 15 1740
933 57960 59280 15 12 1320
934 60900 61980 7 0 1080
935 62100 63060 0 5 960
936 63180 64920 5 15 1740
937 65160 66480 15 12 1320
938 68100 69180 7 0 1080
939 69300 70260 0 5 960
940 70380 72120 5 15 1740
941 72360 73680 15 12 1320
942 75300 76380 7 0 1080
943 76500 77460 0 5 960
944 77580 79320 5 15 1740
945 79560 80880 15 12 1320
948 29100 32400 10 6 3300
949 32520 34440 6 3 1920
950 34560 37260 3 13 2700
951 40860 43560 13 3 2700
952 43680 45600 3 6 1920
953 45720 49020 6 10 3300
954 49140 50100 10 8 960
955 50220 53460 8 14 3240
956 55260 57960 13 3 2700
957 58080 60000 3 6 1920
958 60120 63420 6 10 3300
959 63540 64500 10 8 960
960 64620 67860 8 14 3240
961 69660 72360 13 3 2700
962 72480 74400 3 6 1920
963 74520 77820 6 10 3300
964 77940 78900 10 8 960
965 79020 82260 8 14 3240
968 27180 28920 5 15 1740
969 29160 30480 15 12 1320
970 31860 33180 12 15 1320
971 33420 35160 15 5 1740
972 35280 36240 5 0 960
973 36480 37560 0 7 1080
974 39060 40380 12 15 1320
975 40620 42360 15 5 1740
976 42480 43440 5 0 960
977 43680 44760 0 7 1080
978 46260 47580 12 15 1320
979 47820 49560 15 5 1740
980 49680 50640 5 0 960
981 50880 51960 0 7 1080
982 53460 54780 12 15 1320
983 55020 56760 15 5 1740
984 56880 57840 5 0 960
985 58080 59160 0 7 1080
986 60660 61980 12 15 1320
987 62220 63960 15 5 1740
988 64080 65040 5 0 960
989 65280 66360 0 7 1080
990 67860 69180 12 15 1320
991 69420 71160 15 5 1740
992 71280 72240 5 0 960
993 72480 73560 0 7 1080
994 75060 76380 12 15 1320
995 76620 78360 15 5 1740
996 78480 79440 5 0 960
1000 31440 34740 10 6 3300
1001 34860 36780 6 3 1920
1002 38640 41940 10 6 3300
1003 42060 43980 6 3 1920
1004 45840 49140 10 6 3300
1005 49260 51180 6 3 1920
1006 53040 56340 10 6 3300
1007 56460 58380 6 3 1920
1008 60240 63540 10 6 3300
1009 63660 65580 6 3 1920
1010 67440 70740 10 6 3300
1011 70860 72780 6 3 1920
1012 74640 77940 10 6 3300
1013 78060 79980 6 3 1920
1016 29340 30180 10 4 840
1017 30300 32160 4 1 1860
1018 32280 33360 1 2 1080
1019 33600 36780 2 9 3180
1020 39660 42840 9 2 3180
1021 42960 44040 2 1 1080
1022 44160 46020 1 4 1860
1023 46140 46980 4 10 840
1024 47100 48060 10 8 960
1025 48180 51420 8 14 3240
1026 54060 57240 9 2 3180
1027 57360 58440 2 1 1080
1028 58560 60420 1 4 1860
1029 60540 61380 4 10 840
1030 61500 62460 10 8 960
1031 62580 65820 8 14 3240
1032 68460 71640 9 2 3180
1033 71760 72840 2 1 1080
1034 72960 74820 1 4 1860
1035 74940 75780 4 10 840
1036 75900 76860 10 8 960
1039 26400 29280 5 4 2880
1040 29400 30240 4 10 840
1041 30360 31320 10 8 960
1042 33060 34020 8 10 960
1043 34140 34980 10 4 840
1044 35100 37980 4 5 2880
1045 38220 39180 5 0 960
1046 40260 41220 8 10 960
1047 41340 42180 10 4 840
1048 42300 45180 4 5 2880
1049 45420 46380 5 0 960
1050 47460 48420 8 10 960
1051 48540 49380 10 4 840
1052 49500 52380 4 5 2880
1053 52620 53580 5 0 960
1054 54660 55620 8 10 960
1055 55740 56580 10 4 840
1056 56700 59580 4 5 2880
1057 59820 60780 5 0 960
1058 61860 62820 8 10 960
1059 62940 63780 10 4 840
1060 63900 66780 4 5 2880
1061 67020 67980 5 0 960
1062 69060 70020 8 10 960
1063 70140 70980 10 4 840
1064 71100 73980 4 5 2880
1065 74220 75180 5 0 960
1066 76260 77220 8 10 960
1067 77340 78180 10 4 840
1068 78300 81180 4 5 2880
1071 26280 27360 5 12 1080
1072 27480 29160 12 9 1680
1073 29820 31500 9 12 1680
1074 31620 32700 12 5 1080
1075 32820 33780 5 0 960
1076 35220 36900 9 12 1680
1077 37020 38100 12 5 1080
1078 38220 39180 5 0 960
1079 40620 42300 9 12 1680
1080 42420 43500 12 5 1080
1081 43620 44580 5 0 960
1082 46020 47700 9 12 1680
1083 47820 48900 12 5 1080
1084 49020 49980 5 0 960
1085 51420 53100 9 12 1680
1086 53220 54300 12 5 1080
1087 54420 55380 5 0 960
1088 56820 58500 9 12 1680
1089 58620 59700 12 5 1080
1090 59820 60780 5 0 960
1091 62220 63900 9 12 1680
1092 64020 65100 12 5 1080
1093 65220 66180 5 0 960
1094 67620 69300 9 12 1680
1095 69420 70500 12 5 1080
1096 70620 71580 5 0 960
1097 73020 74700 9 12 1680
1098 74820 75900 12 5 1080
1099 76020 76980 5 0 960
1100 78420 80100 9 12 1680
1101 80220 81300 12 5 1080
1104 28560 29640 2 1 1080
1105 29760 31620 1 4 1860
1106 31740 32580 4 10 840
1107 32700 33660 10 8 960
1108 33780 37020 8 14 3240
1109 39300 42540 14 8 3240
1110 42660 43620 8 10 960
1111 43740 44580 10 4 840
1112 44700 46560 4 1 1860
1113 46680 47760 1 2 1080
1114 48000 51180 2 9 3180
1115 53700 56940 14 8 3240
1116 57060 58020 8 10 960
1117 58140 58980 10 4 840
1118 59100 60960 4 1 1860
1119 61080 62160 1 2 1080
1120 62400 65580 2 9 3180
1121 68100 71340 14 8 3240
1122 71460 72420 8 10 960
1123 72540 73380 10 4 840
1124 73500 75360 4 1 1860
1125 75480 76560 1 2 1080
1128 27180 30060 5 4 2880
1129 30180 31020 4 10 840
1130 31140 33960 10 11 2820
1131 34080 35700 11 14 1620
1132 37440 39060 14 11 1620
1133 39180 42000 11 10 2820
1134 42120 42960 10 4 840
1135 43080 45960 4 5 2880
1136 46080 47820 5 15 1740
1137 51840 53460 14 11 1620
1138 53580 56400 11 10 2820
1139 56520 57360 10 4 840
1140 57480 60360 4 5 2880
1141 60480 62220 5 15 1740
1142 66240 67860 14 11 1620
1143 67980 70800 11 10 2820
1144 70920 71760 10 4 840
1145 71880 74760 4 5 2880
1146 74880 76620 5 15 1740
1148 27240 28740 1 5 1500
1149 28860 29820 5 0 960
1150 31380 32340 0 5 960
1151 32460 33960 5 1 1500
1152 34080 35760 1 6 1680
1153 36780 37740 0 5 960
1154 37860 39360 5 1 1500
1155 39480 41160 1 6 1680
1156 42180 43140 0 5 960
1157 43260 44760 5 1 1500
1158 44880 46560 1 6 1680
1159 47580 48540 0 5 960
1160 48660 50160 5 1 1500
1161 50280 51960 1 6 1680
1162 52980 53940 0 5 960
1163 54060 55560 5 1 1500
1164 55680 57360 1 6 1680
1165 58380 59340 0 5 960
1166 59460 60960 5 1 1500
1167 61080 62760 1 6 1680
1168 63780 64740 0 5 960
1169 64860 66360 5 1 1500
1170 66480 68160 1 6 1680
1171 69180 70140 0 5 960
1172 70260 71760 5 1 1500
1173 71880 73560 1 6 1680
1174 74580 75540 0 5 960
1175 75660 77160 5 1 1500
1177 25440 26520 12 5 1080
1178 26640 28140 5 1 1500
1179 28260 30120 1 4 1860
1180 30240 31080 4 10 840
1181 31320 34140 10 11 2820
1182 36540 39360 11 10 2820
1183 39480 40320 10 4 840
1184 40440 42300 4 1 1860
1185 42420 43920 1 5 1500
1186 44040 45120 5 12 1080
1187 47340 50160 11 10 2820
1188 50280 51120 10 4 840
1189 51240 53100 4 1 1860
1190 53220 54720 1 5 1500
1191 54840 55920 5 12 1080
1192 58140 60960 11 10 2820
1193 61080 61920 10 4 840
1194 62040 63900 4 1 1860
1195 64020 65520 1 5 1500
1196 65640 66720 5 12 1080
1197 68940 71760 11 10 2820
1198 71880 72720 10 4 840
1199 72840 74700 4 1 1860
1200 74820 76320 1 5 1500
1201 76440 77520 5 12 1080
1204 30360 32040 6 1 1680
1205 32160 34020 1 4 1860
1206 34140 35520 4 7 1380
1207 36660 38040 7 4 1380
1208 38160 40020 4 1 1860
1209 40140 41820 1 6 1680
1210 42060 43980 6 3 1920
1211 44100 46800 3 13 2700
1212 47460 48840 7 4 1380
1213 48960 50820 4 1 1860
1214 50940 52620 1 6 1680
1215 52860 54780 6 3 1920
1216 54900 57600 3 13 2700
1217 58260 59640 7 4 1380
1218 59760 61620 4 1 1860
1219 61740 63420 1 6 1680
1220 63660 65580 6 3 1920
1221 65700 68400 3 13 2700
1222 69060 70440 7 4 1380
1223 70560 72420 4 1 1860
1224 72540 74220 1 6 1680
1225 74460 76380 6 3 1920
1228 28680 29520 10 4 840
1229 29640 31500 4 1 1860
1230 31620 33120 1 5 1500
1231 33240 34320 5 12 1080
1232 36240 37320 12 5 1080
1233 37440 38940 5 1 1500
1234 39060 40920 1 4 1860
1235 41040 41880 4 10 840
1236 42120 44940 10 11 2820
1237 47040 48120 12 5 1080
1238 48240 49740 5 1 1500
1239 49860 51720 1 4 1860
1240 51840 52680 4 10 840
1241 52920 55740 10 11 2820
1242 57840 58920 12 5 1080
1243 59040 60540 5 1 1500
1244 60660 62520 1 4 1860
1245 62640 63480 4 10 840
1246 63720 66540 10 11 2820
1247 68640 69720 12 5 1080
1248 69840 71340 5 1 1500
1249 71460 73320 1 4 1860
1250 73440 74280 4 10 840
1251 74520 77340 10 11 2820
1254 27900 30780 4 5 2880
1255 31020 31980 5 0 960
1256 36000 36960 0 5 960
1257 37200 40080 5 4 2880
1258 40200 41040 4 10 840
1259 41160 42120 10 8 960
1260 43200 44160 0 5 960
1261 44400 47280 5 4 2880
1262 47400 48240 4 10 840
1263 48360 49320 10 8 960
1264 50400 51360 0 5 960
1265 51600 54480 5 4 2880
1266 54600 55440 4 10 840
1267 55560 56520 10 8 960
1268 57600 58560 0 5 960
1269 58800 61680 5 4 2880
1270 61800 62640 4 10 840
1271 62760 63720 10 8 960
1272 64800 65760 0 5 960
1273 66000 68880 5 4 2880
1274 69000 69840 4 10 840
1275 69960 70920 10 8 960
1276 72000 72960 0 5 960
1277 73200 76080 5 4 2880
1278 76200 77040 4 10 840
1279 77160 78120 10 8 960
1280 79200 80160 0 5 960
1285 27360 29220 4 1 1860
1286 29340 31020 1 6 1680
1287 31260 33180 6 3 1920
1288 33300 36000 3 13 2700
1289 39900 42600 13 3 2700
1290 42720 44640 3 6 1920
1291 44760 46440 6 1 1680
1292 46560 48420 1 4 1860
1293 48540 49920 4 7 1380
1294 50700 53400 13 3 2700
1295 53520 55440 3 6 1920
1296 55560 57240 6 1 1680
1297 57360 59220 1 4 1860
1298 59340 60720 4 7 1380
1299 61500 64200 13 3 2700
1300 64320 66240 3 6 1920
1301 66360 68040 6 1 1680
1302 68160 70020 1 4 1860
1303 70140 71520 4 7 1380
1304 72300 75000 13 3 2700
1305 75120 77040 3 6 1920
1306 77160 78840 6 1 1680
1307 78960 80820 1 4 1860
1309 25920 27600 1 6 1680
1310 27720 31020 6 10 3300
1311 35100 38400 10 6 3300
1312 38520 40200 6 1 1680
1313 42300 45600 10 6 3300
1314 45720 47400 6 1 1680
1315 49500 52800 10 6 3300
1316 52920 54600 6 1 1680
1317 56700 60000 10 6 3300
1318 60120 61800 6 1 1680
1319 63900 67200 10 6 3300
1320 67320 69000 6 1 1680
1321 71100 74400 10 6 3300
1322 74520 76200 6 1 1680
1326 27060 28560 5 1 1500
1327 28680 30360 1 6 1680
1328 32640 34320 6 1 1680
1329 34440 35940 1 5 1500
1330 36060 37020 5 0 960
1331 38040 39720 6 1 1680
1332 39840 41340 1 5 1500
1333 41460 42420 5 0 960
1334 43440 45120 6 1 1680
1335 45240 46740 1 5 1500
1336 46860 47820 5 0 960
1337 48840 50520 6 1 1680
1338 50640 52140 1 5 1500
1339 52260 53220 5 0 960
1340 54240 55920 6 1 1680
1341 56040 57540 1 5 1500
1342 57660 58620 5 0 960
1343 59640 61320 6 1 1680
1344 61440 62940 1 5 1500
1345 63060 64020 5 0 960
1346 65040 66720 6 1 1680
1347 66840 68340 1 5 1500
1348 68460 69420 5 0 960
1349 70440 72120 6 1 1680
1350 72240 73740 1 5 1500
1351 73860 74820 5 0 960
1352 75840 77520 6 1 1680
1353 77640 79140 1 5 1500
1356 27060 28500 5 2 1440
1357 28620 31440 2 3 2820
1358 31560 34260 3 13 2700
1359 35280 37980 13 3 2700
1360 38100 40920 3 2 2820
1361 41040 42480 2 5 1440
1362 42600 43560 5 0 960
1363 44280 46980 13 3 2700
1364 47100 49920 3 2 2820
1365 50040 51480 2 5 1440
1366 51600 52560 5 0 960
1367 53280 55980 13 3 2700
1368 56100 58920 3 2 2820
1369 59040 60480 2 5 1440
1370 60600 61560 5 0 960
1371 62280 64980 13 3 2700
1372 65100 67920 3 2 2820
1373 68040 69480 2 5 1440
1374 69600 70560 5 0 960
1375 71280 73980 13 3 2700
1376 74100 76920 3 2 2820
1377 77040 78480 2 5 1440
1380 28020 29100 1 2 1080
1381 29220 32400 2 9 3180
1382 34200 37380 9 2 3180
1383 37500 38580 2 1 1080
1384 38700 40560 1 4 1860
1385 41400 44580 9 2 3180
1386 44700 45780 2 1 1080
1387 45900 47760 1 4 1860
1388 48600 51780 9 2 3180
1389 51900 52980 2 1 1080
1390 53100 54960 1 4 1860
1391 55800 58980 9 2 3180
1392 59100 60180 2 1 1080
1393 60300 62160 1 4 1860
1394 63000 66180 9 2 3180
1395 66300 67380 2 1 1080
1396 67500 69360 1 4 1860
1397 70200 73380 9 2 3180
1398 73500 74580 2 1 1080
1399 74700 76560 1 4 1860
1400 77400 80580 9 2 3180
1404 29100 31920 3 2 2820
1405 32040 33480 2 5 1440
1406 33600 34560 5 0 960
1407 36780 37740 0 5 960
1408 37860 39300 5 2 1440
1409 39420 42240 2 3 2820
1410 42360 45060 3 13 2700
1411 45780 46740 0 5 960
1412 46860 48300 5 2 1440
1413 48420 51240 2 3 2820
1414 51360 54060 3 13 2700
1415 54780 55740 0 5 960
1416 55860 57300 5 2 1440
1417 57420 60240 2 3 2820
1418 60360 63060 3 13 2700
1419 63780 64740 0 5 960
1420 64860 66300 5 2 1440
1421 66420 69240 2 3 2820
1422 69360 72060 3 13 2700
1423 72780 73740 0 5 960
1424 73860 75300 5 2 1440
1425 75420 78240 2 3 2820
1427 26460 27780 12 15 1320
1428 28020 29760 15 5 1740
1429 29880 30840 5 0 960
1430 31080 32160 0 7 1080
1431 33900 34980 7 0 1080
1432 35100 36060 0 5 960
1433 36180 37920 5 15 1740
1434 38160 39480 15 12 1320
1435 41100 42180 7 0 1080
1436 42300 43260 0 5 960
1437 43380 45120 5 15 1740
1438 45360 46680 15 12 1320
1439 48300 49380 7 0 1080
1440 49500 50460 0 5 960
1441 50580 52320 5 15 1740
1442 52560 53880 15 12 1320
1443 55500 56580 7 0 1080
1444 56700 57660 0 5 960
1445 57780 59520 5 15 1740
1446 59760 61080 15 12 1320
1447 62700 63780 7 0 1080
1448 63900 64860 0 5 960
1449 64980 66720 5 15 1740
1450 66960 68280 15 12 1320
1451 69900 70980 7 0 1080
1452 71100 72060 0 5 960
1453 72180 73920 5 15 1740
1454 74160 75480 15 12 1320
1455 77100 78180 7 0 1080
1456 78300 79260 0 5 960
1460 29280 31200 3 6 1920
1461 31320 34620 6 10 3300
1462 34740 35700 10 8 960
1463 35820 39060 8 14 3240
1464 42660 45900 14 8 3240
1465 46020 46980 8 10 960
1466 47100 50400 10 6 3300
1467 50520 52440 6 3 1920
1468 52560 55260 3 13 2700
1469 57060 60300 14 8 3240
1470 60420 61380 8 10 960
1471 61500 64800 10 6 3300
1472 64920 66840 6 3 1920
1473 66960 69660 3 13 2700
1474 71460 74700 14 8 3240
1475 74820 75780 8 10 960
1481 31320 32160 10 4 840
1482 32280 35160 4 5 2880
1483 35280 37020 5 15 1740
1484 39720 41460 15 5 1740
1485 41580 44460 5 4 2880
1486 44580 45420 4 10 840
1487 45540 48360 10 11 2820
1488 48480 50100 11 14 1620
1489 54120 55860 15 5 1740
1490 55980 58860 5 4 2880
1491 58980 59820 4 10 840
1492 59940 62760 10 11 2820
1493 62880 64500 11 14 1620
1494 68520 70260 15 5 1740
1495 70380 73260 5 4 2880
1496 73380 74220 4 10 840
1497 74340 77160 10 11 2820
1500 27900 28860 0 5 960
1501 28980 30720 5 15 1740
1502 30960 32280 15 12 1320
1503 33660 34980 12 15 1320
1504 35220 36960 15 5 1740
1505 37080 38040 5 0 960
1506 38280 39360 0 7 1080
1507 40860 42180 12 15 1320
1508 42420 44160 15 5 1740
1509 44280 45240 5 0 960
1510 45480 46560 0 7 1080
1511 48060 49380 12 15 1320
1512 49620 51360 15 5 1740
1513 51480 52440 5 0 960
1514 52680 53760 0 7 1080
1515 55260 56580 12 15 1320
1516 56820 58560 15 5 1740
1517 58680 59640 5 0 960
1518 59880 60960 0 7 1080
1519 62460 63780 12 15 1320
1520 64020 65760 15 5 1740
1521 65880 66840 5 0 960
1522 67080 68160 0 7 1080
1523 69660 70980 12 15 1320
1524 71220 72960 15 5 1740
1525 73080 74040 5 0 960
1526 74280 75360 0 7 1080
1527 76860 78180 12 15 1320
1528 78420 80160 15 5 1740
1531 27000 27960 0 5 960
1532 28080 29160 5 12 1080
1533 29280 30960 12 9 1680
1534 31620 33300 9 12 1680
1535 33420 34500 12 5 1080
1536 34620 35580 5 0 960
1537 27000 30180 9 2 3180
1538 30300 31380 2 1 1080
1539 31500 33360 1 4 1860
1540 36840 38700 4 1 1860
1541 38820 39900 1 2 1080
1542 40020 43200 2 9 3180
1543 44040 45900 4 1 1860
1544 46020 47100 1 2 1080
1545 47220 50400 2 9 3180
1546 51240 53100 4 1 1860
1547 53220 54300 1 2 1080
1548 54420 57600 2 9 3180
1549 58440 60300 4 1 1860
1550 60420 61500 1 2 1080
1551 61620 64800 2 9 3180
1552 65640 67500 4 1 1860
1553 67620 68700 1 2 1080
1554 68820 72000 2 9 3180
1555 72840 74700 4 1 1860
1556 74820 75900 1 2 1080
1557 76020 79200 2 9 3180
1558 27120 28080 0 5 960
1559 28200 29640 5 2 1440
1560 29880 30960 2 1 1080
1561 31620 32700 1 2 1080
1562 32940 34380 2 5 1440
1563 34500 35460 5 0 960
1564 38820 39900 1 2 1080
1565 40140 41580 2 5 1440
1566 41700 42660 5 0 960
1567 46020 47100 1 2 1080
1568 47340 48780 2 5 1440
1569 48900 49860 5 0 960
1570 53220 54300 1 2 1080
1571 54540 55980 2 5 1440
1572 56100 57060 5 0 960
1573 60420 61500 1 2 1080
1574 61740 63180 2 5 1440
1575 63300 64260 5 0 960
1576 67620 68700 1 2 1080
1577 68940 70380 2 5 1440
1578 70500 71460 5 0 960
1579 74820 75900 1 2 1080
1580 76140 77580 2 5 1440
1581 77700 78660 5 0 960
1583 29040 30540 1 5 1500
1584 30660 31620 5 0 960
1585 33180 34140 0 5 960
1586 34260 35760 5 1 1500
1587 35880 37560 1 6 1680
1590 31920 32760 10 4 840
1591 32880 34260 4 7 1380
1592 34380 35460 7 0 1080
1593 39060 40140 0 7 1080
1594 40260 41640 7 4 1380
1595 41760 42600 4 10 840
1596 42720 45540 10 11 2820
1597 45660 47280 11 14 1620
1598 49860 50940 0 7 1080
1599 51060 52440 7 4 1380
1600 52560 53400 4 10 840
1601 53520 56340 10 11 2820
1602 56460 58080 11 14 1620
1603 60660 61740 0 7 1080
1604 61860 63240 7 4 1380
1605 63360 64200 4 10 840
1606 64320 67140 10 11 2820
1607 67260 68880 11 14 1620
1608 71460 72540 0 7 1080
1609 72660 74040 7 4 1380
1610 74160 75000 4 10 840
1611 75120 77940 10 11 2820
1613 27780 28740 0 5 960
1614 28860 30300 5 2 1440
1615 30420 33240 2 3 2820
1616 33360 36060 3 13 2700
1617 37080 39780 13 3 2700
1618 39900 42720 3 2 2820
1619 42840 44280 2 5 1440
1620 44400 45360 5 0 960
1621 46080 48780 13 3 2700
1622 48900 51720 3 2 2820
1623 51840 53280 2 5 1440
1624 53400 54360 5 0 960
1625 55080 57780 13 3 2700
1626 57900 60720 3 2 2820
1627 60840 62280 2 5 1440
1628 62400 63360 5 0 960
1629 64080 66780 13 3 2700
1630 66900 69720 3 2 2820
1631 69840 71280 2 5 1440
1632 71400 72360 5 0 960
1633 73080 75780 13 3 2700
1634 75900 78720 3 2 2820
1635 78840 80280 2 5 1440
1637 27840 31140 10 6 3300
1638 31260 33180 6 3 1920
1639 35700 37620 3 6 1920
1640 37740 41040 6 10 3300
1641 42900 44820 3 6 1920
1642 44940 48240 6 10 3300
1643 50100 52020 3 6 1920
1644 52140 55440 6 10 3300
1645 57300 59220 3 6 1920
1646 59340 62640 6 10 3300
1647 64500 66420 3 6 1920
1648 66540 69840 6 10 3300
1649 71700 73620 3 6 1920
1650 73740 77040 6 10 3300
1653 27900 31200 10 6 3300
1654 31320 33000 6 1 1680
1655 36720 38400 1 6 1680
1656 38520 41820 6 10 3300
1657 43920 45600 1 6 1680
1658 45720 49020 6 10 3300
1659 51120 52800 1 6 1680
1660 52920 56220 6 10 3300
1661 58320 60000 1 6 1680
1662 60120 63420 6 10 3300
1663 65520 67200 1 6 1680
1664 67320 70620 6 10 3300
1665 72720 74400 1 6 1680
1666 74520 77820 6 10 3300
1668 30900 33720 3 2 2820
1669 33840 35280 2 5 1440
1670 35400 36360 5 0 960
1671 38580 39540 0 5 960
1672 39660 41100 5 2 1440
1673 41220 44040 2 3 2820
1674 44160 46860 3 13 2700
1675 47580 48540 0 5 960
1676 48660 50100 5 2 1440
1677 50220 53040 2 3 2820
1678 53160 55860 3 13 2700
1679 56580 57540 0 5 960
1680 57660 59100 5 2 1440
1681 59220 62040 2 3 2820
1682 62160 64860 3 13 2700
1683 65580 66540 0 5 960
1684 66660 68100 5 2 1440
1685 68220 71040 2 3 2820
1686 71160 73860 3 13 2700
1687 74580 75540 0 5 960
1688 75660 77100 5 2 1440
1689 77220 80040 2 3 2820
1691 28260 29340 0 7 1080
1692 29460 30840 7 4 1380
1693 30960 31800 4 10 840
1694 31920 34740 10 11 2820
1695 34860 36480 11 14 1620
1696 38040 39660 14 11 1620
1697 39780 42600 11 10 2820
1698 42720 43560 10 4 840
1699 43680 45060 4 7 1380
1700 45180 46260 7 0 1080
1701 48840 50460 14 11 1620
1702 50580 53400 11 10 2820
1703 53520 54360 10 4 840
1704 54480 55860 4 7 1380
1705 55980 57060 7 0 1080
1706 59640 61260 14 11 1620
1707 61380 64200 11 10 2820
1708 64320 65160 10 4 840
1709 65280 66660 4 7 1380
1710 66780 67860 7 0 1080
1711 70440 72060 14 11 1620
1712 72180 75000 11 10 2820
1713 75120 75960 10 4 840
1714 76080 77460 4 7 1380
1715 77580 78660 7 0 1080
1716 28260 29580 12 15 1320
1717 29820 31560 15 5 1740
1718 31680 32640 5 0 960
1719 32880 33960 0 7 1080
1720 35700 36780 7 0 1080
1721 36900 37860 0 5 960
1722 37980 39720 5 15 1740
1723 39960 41280 15 12 1320
1724 42900 43980 7 0 1080
1725 44100 45060 0 5 960
1726 45180 46920 5 15 1740
1727 47160 48480 15 12 1320
1728 50100 51180 7 0 1080
1729 51300 52260 0 5 960
1730 52380 54120 5 15 1740
1731 54360 55680 15 12 1320
1732 57300 58380 7 0 1080
1733 58500 59460 0 5 960
1734 59580 61320 5 15 1740
1735 61560 62880 15 12 1320
1736 64500 65580 7 0 1080
1737 65700 66660 0 5 960
1738 66780 68520 5 15 1740
1739 68760 70080 15 12 1320
1740 71700 72780 7 0 1080
1741 72900 73860 0 5 960
1742 73980 75720 5 15 1740
1743 75960 77280 15 12 1320
1744 78900 79980 7 0 1080
1745 80100 81060 0 5 960
1749 31620 32580 8 10 960
1750 32700 36000 10 6 3300
1751 36120 38040 6 3 1920
1752 38160 40860 3 13 2700
1753 44460 47160 13 3 2700
1754 47280 49200 3 6 1920
1755 49320 52620 6 10 3300
1756 52740 53700 10 8 960
1757 53820 57060 8 14 3240
1758 58860 61560 13 3 2700
1759 61680 63600 3 6 1920
1760 63720 67020 6 10 3300
1761 67140 68100 10 8 960
1762 68220 71460 8 14 3240
1763 73260 75960 13 3 2700
1764 76080 78000 3 6 1920
1765 78120 81420 6 10 3300
1766 81540 82500 10 8 960
1767 82620 85860 8 14 3240
1769 29700 30660 0 5 960
1770 30780 32520 5 15 1740
1771 32760 34080 15 12 1320
1772 35460 36780 12 15 1320
1773 37020 38760 15 5 1740
1774 38880 39840 5 0 960
1775 40080 41160 0 7 1080
1776 42660 43980 12 15 1320
1777 44220 45960 15 5 1740
1778 46080 47040 5 0 960
1779 47280 48360 0 7 1080
1780 49860 51180 12 15 1320
1781 51420 53160 15 5 1740
1782 53280 54240 5 0 960
1783 54480 55560 0 7 1080
1784 57060 58380 12 15 1320
1785 58620 60360 15 5 1740
1786 60480 61440 5 0 960
1787 61680 62760 0 7 1080
1788 64260 65580 12 15 1320
1789 65820 67560 15 5 1740
1790 67680 68640 5 0 960
1791 68880 69960 0 7 1080
1792 71460 72780 12 15 1320
1793 73020 74760 15 5 1740
1794 74880 75840 5 0 960
1795 76080 77160 0 7 1080
1796 78660 79980 12 15 1320
1797 80220 81960 15 5 1740
1800 28500 30420 3 6 1920
1801 30540 33840 6 10 3300
1802 35040 38340 10 6 3300
1803 38460 40380 6 3 1920
1804 42240 45540 10 6 3300
1805 45660 47580 6 3 1920
1806 49440 52740 10 6 3300
1807 52860 54780 6 3 1920
1808 56640 59940 10 6 3300
1809 60060 61980 6 3 1920
1810 63840 67140 10 6 3300
1811 67260 69180 6 3 1920
1812 71040 74340 10 6 3300
1813 74460 76380 6 3 1920
1817 31860 32820 8 10 960
1818 32940 33780 10 4 840
1819 33900 35760 4 1 1860
1820 35880 36960 1 2 1080
1821 37200 40380 2 9 3180
1822 43260 46440 9 2 3180
1823 46560 47640 2 1 1080
1824 47760 49620 1 4 1860
1825 49740 50580 4 10 840
1826 50700 51660 10 8 960
1827 51780 55020 8 14 3240
1828 57660 60840 9 2 3180
1829 60960 62040 2 1 1080
1830 62160 64020 1 4 1860
1831 64140 64980 4 10 840
1832 65100 66060 10 8 960
1833 66180 69420 8 14 3240
1834 72060 75240 9 2 3180
1835 75360 76440 2 1 1080
1836 76560 78420 1 4 1860
1837 78540 79380 4 10 840
1838 79500 80460 10 8 960
1839 80580 83820 8 14 3240
1840 28800 29760 0 5 960
1841 30000 32880 5 4 2880
1842 33000 33840 4 10 840
1843 33960 34920 10 8 960
1844 36660 37620 8 10 960
1845 37740 38580 10 4 840
1846 38700 41580 4 5 2880
1847 41820 42780 5 0 960
1848 28860 32040 9 2 3180
1849 32160 33240 2 1 1080
1850 33360 35220 1 4 1860
1851 35340 36180 4 10 840
1852 36300 37260 10 8 960
1853 37380 40620 8 14 3240
1854 42900 46140 14 8 3240
1855 46260 47220 8 10 960
1856 47340 48180 10 4 840
1857 48300 50160 4 1 1860
1858 50280 51360 1 2 1080
1859 51600 54780 2 9 3180
1860 57300 60540 14 8 3240
1861 60660 61620 8 10 960
1862 61740 62580 10 4 840
1863 62700 64560 4 1 1860
1864 64680 65760 1 2 1080
1865 66000 69180 2 9 3180
1866 71700 74940 14 8 3240
1867 75060 76020 8 10 960
1868 76140 76980 10 4 840
1869 77100 78960 4 1 1860
1870 79080 80160 1 2 1080
1872 28920 30660 15 5 1740
1873 30780 33660 5 4 2880
1874 33780 34620 4 10 840
1875 34740 37560 10 11 2820
1876 37680 39300 11 14 1620
1877 41040 42660 14 11 1620
1878 42780 45600 11 10 2820
1879 45720 46560 10 4 840
1880 46680 49560 4 5 2880
1881 49680 51420 5 15 1740
1882 55440 57060 14 11 1620
1883 57180 60000 11 10 2820
1884 60120 60960 10 4 840
1885 61080 63960 4 5 2880
1886 64080 65820 5 15 1740
1887 69840 71460 14 11 1620
1888 71580 74400 11 10 2820
1889 74520 75360 10 4 840
1890 75480 78360 4 5 2880
1892 29040 30120 12 5 1080
1893 30240 31740 5 1 1500
1894 31860 33720 1 4 1860
1895 33840 34680 4 10 840
1896 34920 37740 10 11 2820
1897 40140 42960 11 10 2820
1898 43080 43920 10 4 840
1899 44040 45900 4 1 1860
1900 46020 47520 1 5 1500
1901 47640 48720 5 12 1080
1902 50940 53760 11 10 2820
1903 53880 54720 10 4 840
1904 54840 56700 4 1 1860
1905 56820 58320 1 5 1500
1906 58440 59520 5 12 1080
1907 61740 64560 11 10 2820
1908 64680 65520 10 4 840
1909 65640 67500 4 1 1860
1910 67620 69120 1 5 1500
1911 69240 70320 5 12 1080
1912 72540 75360 11 10 2820
1913 75480 76320 10 4 840
1914 76440 78300 4 1 1860
1915 78420 79920 1 5 1500
1916 80040 81120 5 12 1080
1918 31920 33840 3 6 1920
1919 33960 35640 6 1 1680
1920 35760 37620 1 4 1860
1921 37740 39120 4 7 1380
1922 40260 41640 7 4 1380
1923 41760 43620 4 1 1860
1924 43740 45420 1 6 1680
1925 45660 47580 6 3 1920
1926 47700 50400 3 13 2700
1927 51060 52440 7 4 1380
1928 52560 54420 4 1 1860
1929 54540 56220 1 6 1680
1930 56460 58380 6 3 1920
1931 58500 61200 3 13 2700
1932 61860 63240 7 4 1380
1933 63360 65220 4 1 1860
1934 65340 67020 1 6 1680
1935 67260 69180 6 3 1920
1936 69300 72000 3 13 2700
1937 72660 74040 7 4 1380
1938 74160 76020 4 1 1860
1939 76140 77820 1 6 1680
1940 78060 79980 6 3 1920
1943 32280 33120 10 4 840
1944 33240 35100 4 1 1860
1945 35220 36720 1 5 1500
1946 36840 37920 5 12 1080
1947 39840 40920 12 5 1080
1948 41040 42540 5 1 1500
1949 42660 44520 1 4 1860
1950 44640 45480 4 10 840
1951 45720 48540 10 11 2820
1952 50640 51720 12 5 1080
1953 51840 53340 5 1 1500
1954 53460 55320 1 4 1860
1955 55440 56280 4 10 840
1956 56520 59340 10 11 2820
1957 61440 62520 12 5 1080
1958 62640 64140 5 1 1500
1959 64260 66120 1 4 1860
1960 66240 67080 4 10 840
1961 67320 70140 10 11 2820
1962 72240 73320 12 5 1080
1963 73440 74940 5 1 1500
1964 75060 76920 1 4 1860
1965 77040 77880 4 10 840
1966 78120 80940 10 11 2820
1967 29460 30840 7 4 1380
1968 30960 32820 4 1 1860
1969 32940 34620 1 6 1680
1970 34860 36780 6 3 1920
1971 36900 39600 3 13 2700
1972 43500 46200 13 3 2700
1973 46320 48240 3 6 1920
1974 48360 50040 6 1 1680
1975 50160 52020 1 4 1860
1976 52140 53520 4 7 1380
1977 54300 57000 13 3 2700
1978 57120 59040 3 6 1920
1979 59160 60840 6 1 1680
1980 60960 62820 1 4 1860
1981 62940 64320 4 7 1380
1982 65100 67800 13 3 2700
1983 67920 69840 3 6 1920
1984 69960 71640 6 1 1680
1985 71760 73620 1 4 1860
1986 73740 75120 4 7 1380
1987 75900 78600 13 3 2700
1992 29520 31200 1 6 1680
1993 31320 34620 6 10 3300
1994 38700 42000 10 6 3300
1995 42120 43800 6 1 1680
1996 29580 30540 0 5 960
1997 30660 32100 5 2 1440
1998 32220 35040 2 3 2820
1999 35160 37860 3 13 2700
2000 38880 41580 13 3 2700
2001 41700 44520 3 2 2820
2002 44640 46080 2 5 1440
2003 46200 47160 5 0 960
2004 47880 50580 13 3 2700
2005 50700 53520 3 2 2820
2006 53640 55080 2 5 1440
2007 55200 56160 5 0 960
2008 56880 59580 13 3 2700
2009 59700 62520 3 2 2820
2010 62640 64080 2 5 1440
2011 64200 65160 5 0 960
2012 65880 68580 13 3 2700
2013 68700 71520 3 2 2820
2014 71640 73080 2 5 1440
2015 73200 74160 5 0 960
2016 74880 77580 13 3 2700
2017 77700 80520 3 2 2820
2018 80640 82080 2 5 1440
2020 29640 31500 4 1 1860
2021 31620 32700 1 2 1080
2022 32820 36000 2 9 3180
2023 37800 40980 9 2 3180
2024 41100 42180 2 1 1080
2025 42300 44160 1 4 1860
2027 32700 35520 3 2 2820
2028 35640 37080 2 5 1440
2029 37200 38160 5 0 960
2030 40380 41340 0 5 960
2031 41460 42900 5 2 1440
2032 43020 45840 2 3 2820
2033 45960 48660 3 13 2700
2034 49380 50340 0 5 960
2035 50460 51900 5 2 1440
2036 52020 54840 2 3 2820
2037 54960 57660 3 13 2700
2038 58380 59340 0 5 960
2039 59460 60900 5 2 1440
2040 61020 63840 2 3 2820
2041 63960 66660 3 13 2700
2042 67380 68340 0 5 960
2043 68460 69900 5 2 1440
2044 70020 72840 2 3 2820
2045 72960 75660 3 13 2700
2046 76380 77340 0 5 960
2047 77460 78900 5 2 1440
2051 32880 34800 3 6 1920
2052 34920 38220 6 10 3300
2053 38340 39300 10 8 960
2054 39420 42660 8 14 3240
2055 46260 49500 14 8 3240
2056 49620 50580 8 10 960
2057 50700 54000 10 6 3300
2058 54120 56040 6 3 1920
2059 56160 58860 3 13 2700
2060 60660 63900 14 8 3240
2061 64020 64980 8 10 960
2062 65100 68400 10 6 3300
2063 68520 70440 6 3 1920
2064 70560 73260 3 13 2700
2065 75060 78300 14 8 3240
2066 78420 79380 8 10 960
2071 31980 34800 11 10 2820
2072 34920 35760 10 4 840
2073 35880 38760 4 5 2880
2074 38880 40620 5 15 1740
2075 43320 45060 15 5 1740
2076 45180 48060 5 4 2880
2077 48180 49020 4 10 840
2078 49140 51960 10 11 2820
2079 52080 53700 11 14 1620
2080 57720 59460 15 5 1740
2081 59580 62460 5 4 2880
2082 62580 63420 4 10 840
2083 63540 66360 10 11 2820
2084 66480 68100 11 14 1620
2085 72120 73860 15 5 1740
2086 73980 76860 5 4 2880
2087 76980 77820 4 10 840
2088 77940 80760 10 11 2820
2089 80880 82500 11 14 1620
2091 32580 35400 11 10 2820
2092 35520 36360 10 4 840
2093 36480 37860 4 7 1380
2094 37980 39060 7 0 1080
2095 42660 43740 0 7 1080
2096 43860 45240 7 4 1380
2097 45360 46200 4 10 840
2098 46320 49140 10 11 2820
2099 49260 50880 11 14 1620
2100 53460 54540 0 7 1080
2101 54660 56040 7 4 1380
2102 56160 57000 4 10 840
2103 57120 59940 10 11 2820
2104 60060 61680 11 14 1620
2105 64260 65340 0 7 1080
2106 65460 66840 7 4 1380
2107 66960 67800 4 10 840
2108 67920 70740 10 11 2820
2109 70860 72480 11 14 1620
2110 75060 76140 0 7 1080
2111 76260 77640 7 4 1380
2112 77760 78600 4 10 840
2113 78720 81540 10 11 2820
2114 81660 83280 11 14 1620
2115 31380 32340 0 5 960
2116 32460 33900 5 2 1440
2117 34020 36840 2 3 2820
2118 36960 39660 3 13 2700
2119 40680 43380 13 3 2700
2120 43500 46320 3 2 2820
2121 46440 47880 2 5 1440
2122 48000 48960 5 0 960
2123 31860 32940 0 7 1080
2124 33060 34440 7 4 1380
2125 34560 35400 4 10 840
2126 35520 38340 10 11 2820
2127 38460 40080 11 14 1620
2128 41640 43260 14 11 1620
2129 43380 46200 11 10 2820
2130 46320 47160 10 4 840
2131 47280 48660 4 7 1380
2132 48780 49860 7 0 1080
2133 52440 54060 14 11 1620
2134 54180 57000 11 10 2820
2135 57120 57960 10 4 840
2136 58080 59460 4 7 1380
2137 59580 60660 7 0 1080
2138 63240 64860 14 11 1620
2139 64980 67800 11 10 2820
2140 67920 68760 10 4 840
2141 68880 70260 4 7 1380
2142 70380 71460 7 0 1080
2143 74040 75660 14 11 1620
2144 75780 78600 11 10 2820
2145 78720 79560 10 4 840
2149 35220 36180 8 10 960
2150 36300 39600 10 6 3300
2151 39720 41640 6 3 1920
2152 41760 44460 3 13 2700
2153 48060 50760 13 3 2700
2154 50880 52800 3 6 1920
2155 52920 56220 6 10 3300
2156 56340 57300 10 8 960
2157 57420 60660 8 14 3240
2158 62460 65160 13 3 2700
2159 65280 67200 3 6 1920
2160 67320 70620 6 10 3300
2161 70740 71700 10 8 960
2162 71820 75060 8 14 3240
2163 76860 79560 13 3 2700
2169 35460 36420 8 10 960
2170 36540 37380 10 4 840
2171 37500 39360 4 1 1860
2172 39480 40560 1 2 1080
2173 40800 43980 2 9 3180
2174 46860 50040 9 2 3180
2175 50160 51240 2 1 1080
2176 51360 53220 1 4 1860
2177 53340 54180 4 10 840
2178 54300 55260 10 8 960
2179 55380 58620 8 14 3240
2180 61260 64440 9 2 3180
2181 64560 65640 2 1 1080
2182 65760 67620 1 4 1860
2183 67740 68580 4 10 840
2184 68700 69660 10 8 960
2185 69780 73020 8 14 3240
2186 75660 78840 9 2 3180
2187 78960 80040 2 1 1080
2188 80160 82020 1 4 1860
2192 32400 33360 0 5 960
2193 33480 34560 5 12 1080
2194 34680 36360 12 9 1680
2195 37020 38700 9 12 1680
2196 38820 39900 12 5 1080
2197 40020 40980 5 0 960
2198 32460 35640 9 2 3180
2199 35760 36840 2 1 1080
2200 36960 38820 1 4 1860
2201 38940 39780 4 10 840
2202 39900 40860 10 8 960
2203 40980 44220 8 14 3240
2204 46500 49740 14 8 3240
2205 49860 50820 8 10 960
2206 50940 51780 10 4 840
2207 51900 53760 4 1 1860
2208 53880 54960 1 2 1080
2209 55200 58380 2 9 3180
2210 60900 64140 14 8 3240
2211 64260 65220 8 10 960
2212 65340 66180 10 4 840
2213 66300 68160 4 1 1860
2214 68280 69360 1 2 1080
2215 69600 72780 2 9 3180
2216 75300 78540 14 8 3240
2217 78660 79620 8 10 960
2218 79740 80580 10 4 840
2222 32520 34260 15 5 1740
2223 34380 37260 5 4 2880
2224 37380 38220 4 10 840
2225 38340 41160 10 11 2820
2226 41280 42900 11 14 1620
2227 44640 46260 14 11 1620
2228 46380 49200 11 10 2820
2229 49320 50160 10 4 840
2230 50280 53160 4 5 2880
2231 53280 55020 5 15 1740
2232 59040 60660 14 11 1620
2233 60780 63600 11 10 2820
2234 63720 64560 10 4 840
2235 64680 67560 4 5 2880
2236 67680 69420 5 15 1740
2237 73440 75060 14 11 1620
2238 75180 78000 11 10 2820
2239 78120 78960 10 4 840
2240 79080 81960 4 5 2880
2242 32700 35400 13 3 2700
2243 35520 37440 3 6 1920
2244 37560 39240 6 1 1680
2245 39360 41220 1 4 1860
2246 41340 42720 4 7 1380
2247 43860 45240 7 4 1380
2248 45360 47220 4 1 1860
2249 47340 49020 1 6 1680
2250 49260 51180 6 3 1920
2251 51300 54000 3 13 2700
2252 33660 36360 13 3 2700
2253 36480 38400 3 6 1920
2254 38520 41820 6 10 3300
2255 41940 42900 10 8 960
2256 43020 46260 8 14 3240
2257 49860 53100 14 8 3240
2258 53220 54180 8 10 960
2259 54300 57600 10 6 3300
2260 57720 59640 6 3 1920
2261 59760 62460 3 13 2700
2262 64260 67500 14 8 3240
2263 67620 68580 8 10 960
2264 68700 72000 10 6 3300
2265 72120 74040 6 3 1920
2266 74160 76860 3 13 2700
2267 78660 81900 14 8 3240
2272 34320 35280 0 5 960
2273 35400 36840 5 2 1440
2274 37080 38160 2 1 1080
2275 38820 39900 1 2 1080
2276 40140 41580 2 5 1440
2277 41700 42660 5 0 960
2278 35460 38700 14 8 3240
2279 38820 39780 8 10 960
2280 39900 43200 10 6 3300
2281 43320 45240 6 3 1920
2282 45360 48060 3 13 2700
2283 51660 54360 13 3 2700
2284 54480 56400 3 6 1920
2285 56520 59820 6 10 3300
2286 59940 60900 10 8 960
2287 61020 64260 8 14 3240
2288 66060 68760 13 3 2700
2289 68880 70800 3 6 1920
2290 70920 74220 6 10 3300
2291 74340 75300 10 8 960
2293 36060 39240 9 2 3180
2294 39360 40440 2 1 1080
2295 40560 42420 1 4 1860
2296 42540 43380 4 10 840
2297 43500 44460 10 8 960
2298 44580 47820 8 14 3240
2299 50100 53340 14 8 3240
2300 53460 54420 8 10 960
2301 54540 55380 10 4 840
2302 55500 57360 4 1 1860
2303 57480 58560 1 2 1080
2304 58800 61980 2 9 3180
2305 37260 39960 13 3 2700
2306 40080 42000 3 6 1920
2307 42120 45420 6 10 3300
2308 45540 46500 10 8 960
2309 46620 49860 8 14 3240
2310 53460 56700 14 8 3240
2311 56820 57780 8 10 960
2312 57900 61200 10 6 3300
2313 61320 63240 6 3 1920
2314 63360 66060 3 13 2700
2315 37800 38760 0 5 960
2316 38880 39960 5 12 1080
2317 40080 41760 12 9 1680
2318 42420 44100 9 12 1680
2319 44220 45300 12 5 1080
2320 45420 46380 5 0 960
2321 41520 42480 0 5 960
2322 42600 44040 5 2 1440
2323 44280 45360 2 1 1080
2324 46020 47100 1 2 1080
2325 47340 48780 2 5 1440
2326 48900 49860 5 0 960
2327 43200 44160 0 5 960
2328 44280 45360 5 12 1080
2329 45480 47160 12 9 1680
2330 47820 49500 9 12 1680
2331 49620 50700 12 5 1080
2332 50820 51780 5 0 960
2333 46920 48660 15 5 1740
2334 48780 51660 5 4 2880
2335 51780 52620 4 10 840
2336 52740 55560 10 11 2820
2337 55680 57300 11 14 1620
2338 59040 60660 14 11 1620
2339 60780 63600 11 10 2820
2340 63720 64560 10 4 840
2341 64680 67560 4 5 2880
2342 67680 69420 5 15 1740
2343 48600 49560 0 5 960
2344 49680 50760 5 12 1080
2345 50880 52560 12 9 1680
2346 53220 54900 9 12 1680
2347 55020 56100 12 5 1080
2348 56220 57180 5 0 960
2349 48720 49680 0 5 960
2350 49800 51240 5 2 1440
2351 51480 52560 2 1 1080
2352 53220 54300 1 2 1080
2353 54540 55980 2 5 1440
2354 56100 57060 5 0 960
2355 50460 53640 9 2 3180
2356 53760 54840 2 1 1080
2357 54960 56820 1 4 1860
2358 56940 57780 4 10 840
2359 57900 58860 10 8 960
2360 58980 62220 8 14 3240
2361 64500 67740 14 8 3240
2362 67860 68820 8 10 960
2363 68940 69780 10 4 840
2364 69900 71760 4 1 1860
2365 71880 72960 1 2 1080
2366 73200 76380 2 9 3180
2367 54000 54960 0 5 960
2368 55080 56160 5 12 1080
2369 56280 57960 12 9 1680
2370 58620 60300 9 12 1680
2371 60420 61500 12 5 1080
2372 61620 62580 5 0 960
2373 55920 56880 0 5 960
2374 57000 58440 5 2 1440
2375 58680 59760 2 1 1080
2376 60420 61500 1 2 1080
2377 61740 63180 2 5 1440
2378 63300 64260 5 0 960
2379 59400 60360 0 5 960
2380 60480 61560 5 12 1080
2381 61680 63360 12 9 1680
2382 64020 65700 9 12 1680
2383 65820 66900 12 5 1080
2384 67020 67980 5 0 960
2385 61320 63060 15 5 1740
2386 63180 66060 5 4 2880
2387 66180 67020 4 10 840
2388 67140 69960 10 11 2820
2389 70080 71700 11 14 1620
2390 73440 75060 14 11 1620
2391 75180 78000 11 10 2820
2392 78120 78960 10 4 840
2393 79080 81960 4 5 2880
2395 63120 64080 0 5 960
2396 64200 65640 5 2 1440
2397 65880 66960 2 1 1080
2398 67620 68700 1 2 1080
2399 68940 70380 2 5 1440
2400 70500 71460 5 0 960
2401 64800 65760 0 5 960
2402 65880 66960 5 12 1080
2403 67080 68760 12 9 1680
2404 69420 71100 9 12 1680
2405 71220 72300 12 5 1080
2406 72420 73380 5 0 960
2407 64860 68040 9 2 3180
2408 68160 69240 2 1 1080
2409 69360 71220 1 4 1860
2410 71340 72180 4 10 840
2411 72300 73260 10 8 960
2412 73380 76620 8 14 3240
2419 70200 71160 0 5 960
2420 71280 72360 5 12 1080
2421 72480 74160 12 9 1680
2422 74820 76500 9 12 1680
2423 76620 77700 12 5 1080
2424 77820 78780 5 0 960
2425 70320 71280 0 5 960
2426 71400 72840 5 2 1440
2427 73080 74160 2 1 1080
2428 74820 75900 1 2 1080
2429 76140 77580 2 5 1440
2430 77700 78660 5 0 960
2431 75600 76560 0 5 960
2432 76680 77760 5 12 1080
2433 77880 79560 12 9 1680
2434 80220 81900 9 12 1680
2435 82020 83100 12 5 1080
2437 75720 77460 15 5 1740
2438 77580 80460 5 4 2880
2439 80580 81420 4 10 840
2440 81540 84360 10 11 2820
2441 84480 86100 11 14 1620
2442 87840 89460 14 11 1620
2443 89580 92400 11 10 2820
2444 92520 93360 10 4 840
2445 93480 96360 4 5 2880
2447 77520 78480 0 5 960
2448 78600 80040 5 2 1440
2449 80280 81360 2 1 1080
2450 82020 83100 1 2 1080
2451 83340 84780 2 5 1440
