0 5 16
5 12 18
0 7 18
12 15 22
4 7 23
4 10 14
8 10 16
2 5 24
1 2 18
9 12 28
1 6 28
5 0 16
12 5 18
7 0 18
15 12 22
7 4 23
10 4 14
10 8 16
5 2 24
2 1 18
12 9 28
6 1 28
10 11 47
11 10 47
1 5 25
5 1 25
1 16 12
16 1 12
4 16 17
16 4 17
8 17 8
17 8 8
10 18 9
18 10 9
18 19 9
19 18 9
2 20 10
20 2 10
17 21 11
21 17 11
5 22 13
22 5 13
15 22 14
22 15 14
6 23 21
23 6 21
19 23 10
23 19 10
2 24 44
24 2 44
9 24 7
24 9 7
14 25 20
25 14 20
21 25 9
25 21 9
3 26 33
26 3 33
13 26 10
26 13 10
4 27 25
27 4 25
5 27 21
27 5 21
11 28 6
28 11 6
14 28 19
28 14 19
3 29 15
29 3 15
20 30 9
30 20 9
29 30 7
30 29 7
6 31 5
31 6 5
3 31 25
31 3 25
