0 34260 36000 2 0 1740
1 36120 37620 0 4 1500
2 37740 39060 4 1 1320
3 42240 44940 6 2 2700
4 45060 46800 2 0 1740
5 46920 48420 0 4 1500
6 48540 49860 4 1 1320
7 53040 55740 6 2 2700
8 55860 57600 2 0 1740
9 57720 59220 0 4 1500
10 59340 60660 4 1 1320
11 63840 66540 6 2 2700
12 66660 68400 2 0 1740
13 68520 70020 0 4 1500
14 70140 71460 4 1 1320
15 74640 77340 6 2 2700
16 77460 79200 2 0 1740
17 79320 80820 0 4 1500
18 80940 82260 4 1 1320
19 27060 29040 7 1 1980
20 29160 31080 1 5 1920
21 33180 35100 5 1 1920
22 35220 37200 1 7 1980
23 37320 38400 7 3 1080
24 38520 41400 3 8 2880
25 41520 42360 8 9 840
26 43980 45900 5 1 1920
27 46020 48000 1 7 1980
28 48120 49200 7 3 1080
29 49320 52200 3 8 2880
30 52320 53160 8 9 840
31 54780 56700 5 1 1920
32 56820 58800 1 7 1980
33 58920 60000 7 3 1080
34 60120 63000 3 8 2880
35 63120 63960 8 9 840
36 65580 67500 5 1 1920
37 67620 69600 1 7 1980
38 69720 70800 7 3 1080
39 70920 73800 3 8 2880
40 73920 74760 8 9 840
41 76380 78300 5 1 1920
42 78420 80400 1 7 1980
43 26280 27720 7 4 1440
44 27840 29340 4 0 1500
45 32100 33600 0 4 1500
46 33720 35160 4 7 1440
47 35280 38460 7 8 3180
48 38580 39420 8 9 840
49 42900 44400 0 4 1500
50 44520 45960 4 7 1440
51 46080 49260 7 8 3180
52 49380 50220 8 9 840
53 53700 55200 0 4 1500
54 55320 56760 4 7 1440
55 56880 60060 7 8 3180
56 60180 61020 8 9 840
57 64500 66000 0 4 1500
58 66120 67560 4 7 1440
59 67680 70860 7 8 3180
60 70980 71820 8 9 840
61 75300 76800 0 4 1500
62 76920 78360 4 7 1440
63 23280 24720 7 4 1440
64 24840 26340 4 0 1500
65 26460 28200 0 2 1740
66 28320 31020 2 6 2700
67 32220 34920 6 2 2700
68 35040 36780 2 0 1740
69 36900 38400 0 4 1500
70 38520 39960 4 7 1440
71 40080 41160 7 3 1080
72 43020 45720 6 2 2700
73 45840 47580 2 0 1740
74 47700 49200 0 4 1500
75 49320 50760 4 7 1440
76 50880 51960 7 3 1080
77 53820 56520 6 2 2700
78 56640 58380 2 0 1740
79 58500 60000 0 4 1500
80 60120 61560 4 7 1440
81 61680 62760 7 3 1080
82 64620 67320 6 2 2700
83 67440 69180 2 0 1740
84 69300 70800 0 4 1500
85 70920 72360 4 7 1440
86 72480 73560 7 3 1080
87 75420 78120 6 2 2700
88 78240 79980 2 0 1740
89 80100 81600 0 4 1500
90 81720 83160 4 7 1440
91 26520 27600 7 3 1080
92 27720 30600 3 8 2880
93 30720 31560 8 9 840
94 32700 33540 9 8 840
95 33660 36540 8 3 2880
96 36660 37740 3 7 1080
97 37860 39840 7 1 1980
98 39960 41880 1 5 1920
99 43500 44340 9 8 840
100 44460 47340 8 3 2880
101 47460 48540 3 7 1080
102 48660 50640 7 1 1980
103 50760 52680 1 5 1920
104 54300 55140 9 8 840
105 55260 58140 8 3 2880
106 58260 59340 3 7 1080
107 59460 61440 7 1 1980
108 61560 63480 1 5 1920
109 65100 65940 9 8 840
110 66060 68940 8 3 2880
111 69060 70140 3 7 1080
112 70260 72240 7 1 1980
113 72360 74280 1 5 1920
114 75900 76740 9 8 840
115 76860 79740 8 3 2880
116 79860 80940 3 7 1080
117 31080 32820 0 2 1740
118 33420 36360 5 0 2940
119 36480 38220 0 2 1740
120 38820 41760 5 0 2940
121 41880 43620 0 2 1740
122 44220 47160 5 0 2940
123 47280 49020 0 2 1740
124 49620 52560 5 0 2940
125 52680 54420 0 2 1740
126 55020 57960 5 0 2940
127 58080 59820 0 2 1740
128 60420 63360 5 0 2940
129 63480 65220 0 2 1740
130 65820 68760 5 0 2940
131 68880 70620 0 2 1740
132 71220 74160 5 0 2940
133 74280 76020 0 2 1740
134 76620 79560 5 0 2940
135 79680 81420 0 2 1740
136 29640 31380 2 0 1740
137 31500 34440 0 5 2940
138 35040 36780 2 0 1740
139 36900 39840 0 5 2940
140 40440 42180 2 0 1740
141 42300 45240 0 5 2940
142 45840 47580 2 0 1740
143 47700 50640 0 5 2940
144 51240 52980 2 0 1740
145 53100 56040 0 5 2940
146 56640 58380 2 0 1740
147 58500 61440 0 5 2940
148 62040 63780 2 0 1740
149 63900 66840 0 5 2940
150 67440 69180 2 0 1740
151 69300 72240 0 5 2940
152 72840 74580 2 0 1740
153 74700 77640 0 5 2940
154 78240 79980 2 0 1740
155 27900 29400 0 4 1500
156 29520 30960 4 7 1440
157 31080 32160 7 3 1080
158 32880 33960 3 7 1080
159 34080 35520 7 4 1440
160 35640 37140 4 0 1500
161 37260 39000 0 2 1740
162 39120 41820 2 6 2700
163 43680 44760 3 7 1080
164 44880 46320 7 4 1440
165 46440 47940 4 0 1500
166 48060 49800 0 2 1740
167 49920 52620 2 6 2700
168 54480 55560 3 7 1080
169 55680 57120 7 4 1440
170 57240 58740 4 0 1500
171 58860 60600 0 2 1740
172 60720 63420 2 6 2700
173 65280 66360 3 7 1080
174 66480 67920 7 4 1440
175 68040 69540 4 0 1500
176 69660 71400 0 2 1740
177 71520 74220 2 6 2700
178 76080 77160 3 7 1080
179 77280 78720 7 4 1440
180 78840 80340 4 0 1500
181 80460 82200 0 2 1740
182 27300 30660 7 10 3360
183 34380 37740 10 7 3360
184 37860 39840 7 1 1980
185 39960 41760 1 0 1800
186 45180 48540 10 7 3360
187 48660 50640 7 1 1980
188 50760 52560 1 0 1800
189 55980 59340 10 7 3360
190 59460 61440 7 1 1980
191 61560 63360 1 0 1800
192 66780 70140 10 7 3360
193 70260 72240 7 1 1980
194 72360 74160 1 0 1800
195 77580 80940 10 7 3360
196 81060 83040 7 1 1980
197 83160 84960 1 0 1800
198 27060 29040 7 1 1980
199 29160 30960 1 0 1800
200 34080 35880 0 1 1800
201 36000 37980 1 7 1980
202 38100 41460 7 10 3360
203 44880 46680 0 1 1800
204 46800 48780 1 7 1980
205 48900 52260 7 10 3360
206 55680 57480 0 1 1800
207 57600 59580 1 7 1980
208 59700 63060 7 10 3360
209 66480 68280 0 1 1800
210 68400 70380 1 7 1980
211 70500 73860 7 10 3360
212 77280 79080 0 1 1800
213 79200 81180 1 7 1980
214 28860 30840 7 1 1980
215 30960 32880 1 5 1920
216 34980 36900 5 1 1920
217 37020 39000 1 7 1980
218 39120 40200 7 3 1080
219 40320 43200 3 8 2880
220 43320 44160 8 9 840
221 45780 47700 5 1 1920
222 47820 49800 1 7 1980
223 49920 51000 7 3 1080
224 51120 54000 3 8 2880
225 54120 54960 8 9 840
226 56580 58500 5 1 1920
227 58620 60600 1 7 1980
228 60720 61800 7 3 1080
229 61920 64800 3 8 2880
230 64920 65760 8 9 840
231 67380 69300 5 1 1920
232 69420 71400 1 7 1980
233 71520 72600 7 3 1080
234 72720 75600 3 8 2880
235 75720 76560 8 9 840
236 78180 80100 5 1 1920
237 80220 82200 1 7 1980
238 29880 30960 7 3 1080
239 34860 35940 3 7 1080
240 36060 39420 7 10 3360
241 39540 42060 10 8 2520
242 45660 46740 3 7 1080
243 46860 50220 7 10 3360
244 50340 52860 10 8 2520
245 56460 57540 3 7 1080
246 57660 61020 7 10 3360
247 61140 63660 10 8 2520
248 67260 68340 3 7 1080
249 68460 71820 7 10 3360
250 71940 74460 10 8 2520
251 78060 79140 3 7 1080
252 25080 26520 7 4 1440
253 26640 28140 4 0 1500
254 28260 30000 0 2 1740
255 30120 32820 2 6 2700
256 34020 36720 6 2 2700
257 36840 38580 2 0 1740
258 38700 40200 0 4 1500
259 40320 41760 4 7 1440
260 41880 42960 7 3 1080
261 44820 47520 6 2 2700
262 47640 49380 2 0 1740
263 49500 51000 0 4 1500
264 51120 52560 4 7 1440
265 52680 53760 7 3 1080
266 55620 58320 6 2 2700
267 58440 60180 2 0 1740
268 60300 61800 0 4 1500
269 61920 63360 4 7 1440
270 63480 64560 7 3 1080
271 66420 69120 6 2 2700
272 69240 70980 2 0 1740
273 71100 72600 0 4 1500
274 72720 74160 4 7 1440
275 74280 75360 7 3 1080
276 77220 79920 6 2 2700
277 80040 81780 2 0 1740
278 81900 83400 0 4 1500
279 83520 84960 4 7 1440
280 25260 28620 7 10 3360
281 28740 31260 10 8 2520
282 34560 37080 8 10 2520
283 37200 40560 10 7 3360
284 40680 41760 7 3 1080
285 45360 47880 8 10 2520
286 48000 51360 10 7 3360
287 51480 52560 7 3 1080
288 56160 58680 8 10 2520
289 58800 62160 10 7 3360
290 62280 63360 7 3 1080
291 66960 69480 8 10 2520
292 69600 72960 10 7 3360
293 73080 74160 7 3 1080
294 77760 80280 8 10 2520
295 80400 83760 10 7 3360
296 28320 29400 7 3 1080
297 29520 32400 3 8 2880
298 32520 33360 8 9 840
299 34500 35340 9 8 840
300 35460 38340 8 3 2880
301 38460 39540 3 7 1080
302 39660 41640 7 1 1980
303 41760 43680 1 5 1920
304 45300 46140 9 8 840
305 46260 49140 8 3 2880
306 49260 50340 3 7 1080
307 50460 52440 7 1 1980
308 52560 54480 1 5 1920
309 56100 56940 9 8 840
310 57060 59940 8 3 2880
311 60060 61140 3 7 1080
312 61260 63240 7 1 1980
313 63360 65280 1 5 1920
314 66900 67740 9 8 840
315 67860 70740 8 3 2880
316 70860 71940 3 7 1080
317 72060 74040 7 1 1980
318 74160 76080 1 5 1920
319 77700 78540 9 8 840
320 78660 81540 8 3 2880
321 81660 82740 3 7 1080
322 28920 30420 0 4 1500
323 30540 31860 4 1 1320
324 36000 37320 1 4 1320
325 37440 38940 4 0 1500
326 39060 40800 0 2 1740
327 40920 43620 2 6 2700
328 46800 48120 1 4 1320
329 48240 49740 4 0 1500
330 49860 51600 0 2 1740
331 51720 54420 2 6 2700
332 57600 58920 1 4 1320
333 59040 60540 4 0 1500
334 60660 62400 0 2 1740
335 62520 65220 2 6 2700
336 68400 69720 1 4 1320
337 69840 71340 4 0 1500
338 71460 73200 0 2 1740
339 73320 76020 2 6 2700
340 79200 80520 1 4 1320
341 80640 82140 4 0 1500
342 82260 84000 0 2 1740
343 32880 34620 0 2 1740
344 35220 38160 5 0 2940
345 38280 40020 0 2 1740
346 40620 43560 5 0 2940
347 43680 45420 0 2 1740
348 46020 48960 5 0 2940
349 49080 50820 0 2 1740
350 51420 54360 5 0 2940
351 54480 56220 0 2 1740
352 56820 59760 5 0 2940
353 59880 61620 0 2 1740
354 62220 65160 5 0 2940
355 65280 67020 0 2 1740
356 67620 70560 5 0 2940
357 70680 72420 0 2 1740
358 73020 75960 5 0 2940
359 76080 77820 0 2 1740
360 78420 81360 5 0 2940
361 81480 83220 0 2 1740
362 27480 29220 0 2 1740
363 31440 33180 2 0 1740
364 33300 36240 0 5 2940
365 36840 38580 2 0 1740
366 38700 41640 0 5 2940
367 42240 43980 2 0 1740
368 44100 47040 0 5 2940
369 47640 49380 2 0 1740
370 49500 52440 0 5 2940
371 53040 54780 2 0 1740
372 54900 57840 0 5 2940
373 58440 60180 2 0 1740
374 60300 63240 0 5 2940
375 63840 65580 2 0 1740
376 65700 68640 0 5 2940
377 69240 70980 2 0 1740
378 71100 74040 0 5 2940
379 74640 76380 2 0 1740
380 26520 27960 4 7 1440
381 28080 31260 7 8 3180
382 31380 32220 8 9 840
383 32820 33660 9 8 840
384 33780 36960 8 7 3180
385 37080 38520 7 4 1440
386 38640 40140 4 0 1500
387 43620 44460 9 8 840
388 44580 47760 8 7 3180
389 47880 49320 7 4 1440
390 49440 50940 4 0 1500
391 54420 55260 9 8 840
392 55380 58560 8 7 3180
393 58680 60120 7 4 1440
394 60240 61740 4 0 1500
395 65220 66060 9 8 840
396 66180 69360 8 7 3180
397 69480 70920 7 4 1440
398 71040 72540 4 0 1500
399 76020 76860 9 8 840
400 76980 80160 8 7 3180
401 80280 81720 7 4 1440
402 81840 83340 4 0 1500
403 29700 31200 0 4 1500
404 31320 32760 4 7 1440
405 32880 33960 7 3 1080
406 34680 35760 3 7 1080
407 35880 37320 7 4 1440
408 37440 38940 4 0 1500
409 39060 40800 0 2 1740
410 40920 43620 2 6 2700
411 45480 46560 3 7 1080
412 46680 48120 7 4 1440
413 48240 49740 4 0 1500
414 49860 51600 0 2 1740
415 51720 54420 2 6 2700
416 56280 57360 3 7 1080
417 57480 58920 7 4 1440
418 59040 60540 4 0 1500
419 60660 62400 0 2 1740
420 62520 65220 2 6 2700
421 67080 68160 3 7 1080
422 68280 69720 7 4 1440
423 69840 71340 4 0 1500
424 71460 73200 0 2 1740
425 73320 76020 2 6 2700
426 77880 78960 3 7 1080
427 79080 80520 7 4 1440
428 80640 82140 4 0 1500
429 82260 84000 0 2 1740
430 26640 28140 4 0 1500
431 28260 30000 0 2 1740
432 30120 32820 2 6 2700
433 35040 37740 6 2 2700
434 37860 39600 2 0 1740
435 39720 41220 0 4 1500
436 41340 42660 4 1 1320
437 45840 48540 6 2 2700
438 48660 50400 2 0 1740
439 50520 52020 0 4 1500
440 52140 53460 4 1 1320
441 56640 59340 6 2 2700
442 59460 61200 2 0 1740
443 61320 62820 0 4 1500
444 62940 64260 4 1 1320
445 67440 70140 6 2 2700
446 70260 72000 2 0 1740
447 72120 73620 0 4 1500
448 73740 75060 4 1 1320
449 78240 80940 6 2 2700
450 81060 82800 2 0 1740
451 82920 84420 0 4 1500
452 29460 30540 3 7 1080
453 30660 32640 7 1 1980
454 32760 34680 1 5 1920
455 36780 38700 5 1 1920
456 38820 40800 1 7 1980
457 40920 42000 7 3 1080
458 42120 45000 3 8 2880
459 45120 45960 8 9 840
460 47580 49500 5 1 1920
461 49620 51600 1 7 1980
462 51720 52800 7 3 1080
463 52920 55800 3 8 2880
464 55920 56760 8 9 840
465 58380 60300 5 1 1920
466 60420 62400 1 7 1980
467 62520 63600 7 3 1080
468 63720 66600 3 8 2880
469 66720 67560 8 9 840
470 69180 71100 5 1 1920
471 71220 73200 1 7 1980
472 73320 74400 7 3 1080
473 74520 77400 3 8 2880
474 29880 31320 7 4 1440
475 31440 32940 4 0 1500
476 35700 37200 0 4 1500
477 37320 38760 4 7 1440
478 38880 42060 7 8 3180
479 42180 43020 8 9 840
480 46500 48000 0 4 1500
481 48120 49560 4 7 1440
482 49680 52860 7 8 3180
483 52980 53820 8 9 840
484 57300 58800 0 4 1500
485 58920 60360 4 7 1440
486 60480 63660 7 8 3180
487 63780 64620 8 9 840
488 68100 69600 0 4 1500
489 69720 71160 4 7 1440
490 71280 74460 7 8 3180
491 74580 75420 8 9 840
492 78900 80400 0 4 1500
493 80520 81960 4 7 1440
494 26880 28320 7 4 1440
495 28440 29940 4 0 1500
496 30060 31800 0 2 1740
497 31920 34620 2 6 2700
498 35820 38520 6 2 2700
499 38640 40380 2 0 1740
500 40500 42000 0 4 1500
501 42120 43560 4 7 1440
502 43680 44760 7 3 1080
503 46620 49320 6 2 2700
504 49440 51180 2 0 1740
505 51300 52800 0 4 1500
506 52920 54360 4 7 1440
507 54480 55560 7 3 1080
508 57420 60120 6 2 2700
509 60240 61980 2 0 1740
510 62100 63600 0 4 1500
511 63720 65160 4 7 1440
512 65280 66360 7 3 1080
513 68220 70920 6 2 2700
514 71040 72780 2 0 1740
515 72900 74400 0 4 1500
516 74520 75960 4 7 1440
517 76080 77160 7 3 1080
518 79020 81720 6 2 2700
519 81840 83580 2 0 1740
520 83700 85200 0 4 1500
521 85320 86760 4 7 1440
522 30120 31200 7 3 1080
523 31320 34200 3 8 2880
524 34320 35160 8 9 840
525 36300 37140 9 8 840
526 37260 40140 8 3 2880
527 40260 41340 3 7 1080
528 41460 43440 7 1 1980
529 43560 45480 1 5 1920
530 47100 47940 9 8 840
531 48060 50940 8 3 2880
532 51060 52140 3 7 1080
533 52260 54240 7 1 1980
534 54360 56280 1 5 1920
535 57900 58740 9 8 840
536 58860 61740 8 3 2880
537 61860 62940 3 7 1080
538 63060 65040 7 1 1980
539 65160 67080 1 5 1920
540 68700 69540 9 8 840
541 69660 72540 8 3 2880
542 72660 73740 3 7 1080
543 73860 75840 7 1 1980
544 27900 30840 0 5 2940
545 31620 34560 5 0 2940
546 34680 36420 0 2 1740
547 37020 39960 5 0 2940
548 40080 41820 0 2 1740
549 42420 45360 5 0 2940
550 45480 47220 0 2 1740
551 47820 50760 5 0 2940
552 50880 52620 0 2 1740
553 53220 56160 5 0 2940
554 56280 58020 0 2 1740
555 58620 61560 5 0 2940
556 61680 63420 0 2 1740
557 64020 66960 5 0 2940
558 67080 68820 0 2 1740
559 69420 72360 5 0 2940
560 72480 74220 0 2 1740
561 74820 77760 5 0 2940
562 77880 79620 0 2 1740
563 29280 31020 0 2 1740
564 33240 34980 2 0 1740
565 35100 38040 0 5 2940
566 38640 40380 2 0 1740
567 40500 43440 0 5 2940
568 44040 45780 2 0 1740
569 45900 48840 0 5 2940
570 49440 51180 2 0 1740
571 51300 54240 0 5 2940
572 54840 56580 2 0 1740
573 56700 59640 0 5 2940
574 60240 61980 2 0 1740
575 62100 65040 0 5 2940
576 65640 67380 2 0 1740
577 67500 70440 0 5 2940
578 71040 72780 2 0 1740
579 72900 75840 0 5 2940
580 76440 78180 2 0 1740
581 29640 31380 2 0 1740
582 31500 33000 0 4 1500
583 33120 34560 4 7 1440
584 34680 35760 7 3 1080
585 36480 37560 3 7 1080
586 37680 39120 7 4 1440
587 39240 40740 4 0 1500
588 40860 42600 0 2 1740
589 42720 45420 2 6 2700
590 47280 48360 3 7 1080
591 48480 49920 7 4 1440
592 50040 51540 4 0 1500
593 51660 53400 0 2 1740
594 53520 56220 2 6 2700
595 58080 59160 3 7 1080
596 59280 60720 7 4 1440
597 60840 62340 4 0 1500
598 62460 64200 0 2 1740
599 64320 67020 2 6 2700
600 68880 69960 3 7 1080
601 70080 71520 7 4 1440
602 71640 73140 4 0 1500
603 73260 75000 0 2 1740
604 75120 77820 2 6 2700
605 30900 34260 7 10 3360
606 37980 41340 10 7 3360
607 41460 43440 7 1 1980
608 43560 45360 1 0 1800
609 48780 52140 10 7 3360
610 52260 54240 7 1 1980
611 54360 56160 1 0 1800
612 59580 62940 10 7 3360
613 63060 65040 7 1 1980
614 65160 66960 1 0 1800
615 70380 73740 10 7 3360
616 73860 75840 7 1 1980
617 75960 77760 1 0 1800
618 30660 32640 7 1 1980
619 32760 34560 1 0 1800
620 37680 39480 0 1 1800
621 39600 41580 1 7 1980
622 41700 45060 7 10 3360
623 48480 50280 0 1 1800
624 50400 52380 1 7 1980
625 52500 55860 7 10 3360
626 59280 61080 0 1 1800
627 61200 63180 1 7 1980
628 63300 66660 7 10 3360
629 70080 71880 0 1 1800
630 72000 73980 1 7 1980
631 74100 77460 7 10 3360
632 31260 32340 3 7 1080
633 32460 34440 7 1 1980
634 34560 36480 1 5 1920
635 38580 40500 5 1 1920
636 40620 42600 1 7 1980
637 42720 43800 7 3 1080
638 43920 46800 3 8 2880
639 46920 47760 8 9 840
640 49380 51300 5 1 1920
641 51420 53400 1 7 1980
642 53520 54600 7 3 1080
643 54720 57600 3 8 2880
644 57720 58560 8 9 840
645 60180 62100 5 1 1920
646 62220 64200 1 7 1980
647 64320 65400 7 3 1080
648 65520 68400 3 8 2880
649 68520 69360 8 9 840
650 70980 72900 5 1 1920
651 73020 75000 1 7 1980
652 75120 76200 7 3 1080
653 30000 33360 10 7 3360
654 33480 34560 7 3 1080
655 38460 39540 3 7 1080
656 39660 43020 7 10 3360
657 43140 45660 10 8 2520
658 49260 50340 3 7 1080
659 50460 53820 7 10 3360
660 53940 56460 10 8 2520
661 60060 61140 3 7 1080
662 61260 64620 7 10 3360
663 64740 67260 10 8 2520
664 70860 71940 3 7 1080
665 72060 75420 7 10 3360
666 75540 78060 10 8 2520
667 28680 30120 7 4 1440
668 30240 31740 4 0 1500
669 31860 33600 0 2 1740
670 33720 36420 2 6 2700
671 37620 40320 6 2 2700
672 40440 42180 2 0 1740
673 42300 43800 0 4 1500
674 43920 45360 4 7 1440
675 45480 46560 7 3 1080
676 48420 51120 6 2 2700
677 51240 52980 2 0 1740
678 53100 54600 0 4 1500
679 54720 56160 4 7 1440
680 56280 57360 7 3 1080
681 59220 61920 6 2 2700
682 62040 63780 2 0 1740
683 63900 65400 0 4 1500
684 65520 66960 4 7 1440
685 67080 68160 7 3 1080
686 70020 72720 6 2 2700
687 72840 74580 2 0 1740
688 74700 76200 0 4 1500
689 76320 77760 4 7 1440
690 77880 78960 7 3 1080
691 28860 32220 7 10 3360
692 32340 34860 10 8 2520
693 38160 40680 8 10 2520
694 40800 44160 10 7 3360
695 44280 45360 7 3 1080
696 48960 51480 8 10 2520
697 51600 54960 10 7 3360
698 55080 56160 7 3 1080
699 59760 62280 8 10 2520
700 62400 65760 10 7 3360
701 65880 66960 7 3 1080
702 70560 73080 8 10 2520
703 73200 76560 10 7 3360
704 76680 77760 7 3 1080
705 29820 31800 1 7 1980
706 31920 33000 7 3 1080
707 33120 36000 3 8 2880
708 36120 36960 8 9 840
709 38100 38940 9 8 840
710 39060 41940 8 3 2880
711 42060 43140 3 7 1080
712 43260 45240 7 1 1980
713 45360 47280 1 5 1920
714 48900 49740 9 8 840
715 49860 52740 8 3 2880
716 52860 53940 3 7 1080
717 54060 56040 7 1 1980
718 56160 58080 1 5 1920
719 59700 60540 9 8 840
720 60660 63540 8 3 2880
721 63660 64740 3 7 1080
722 64860 66840 7 1 1980
723 66960 68880 1 5 1920
724 70500 71340 9 8 840
725 71460 74340 8 3 2880
726 74460 75540 3 7 1080
727 75660 77640 7 1 1980
728 30660 32400 2 0 1740
729 32520 34020 0 4 1500
730 34140 35460 4 1 1320
731 39600 40920 1 4 1320
732 41040 42540 4 0 1500
733 42660 44400 0 2 1740
734 44520 47220 2 6 2700
735 50400 51720 1 4 1320
736 51840 53340 4 0 1500
737 53460 55200 0 2 1740
738 55320 58020 2 6 2700
739 61200 62520 1 4 1320
740 62640 64140 4 0 1500
741 64260 66000 0 2 1740
742 66120 68820 2 6 2700
743 72000 73320 1 4 1320
744 73440 74940 4 0 1500
745 75060 76800 0 2 1740
746 76920 79620 2 6 2700
747 29700 32640 0 5 2940
748 33420 36360 5 0 2940
749 36480 38220 0 2 1740
750 28500 30000 0 4 1500
751 30120 31560 4 7 1440
752 31680 34860 7 8 3180
753 34980 35820 8 9 840
754 36420 37260 9 8 840
755 37380 40560 8 7 3180
756 40680 42120 7 4 1440
757 42240 43740 4 0 1500
758 47220 48060 9 8 840
759 48180 51360 8 7 3180
760 51480 52920 7 4 1440
761 53040 54540 4 0 1500
762 58020 58860 9 8 840
763 58980 62160 8 7 3180
764 62280 63720 7 4 1440
765 63840 65340 4 0 1500
766 68820 69660 9 8 840
767 69780 72960 8 7 3180
768 73080 74520 7 4 1440
769 74640 76140 4 0 1500
770 31440 33180 2 0 1740
771 33300 34800 0 4 1500
772 34920 36360 4 7 1440
773 36480 37560 7 3 1080
774 38280 39360 3 7 1080
775 39480 40920 7 4 1440
776 41040 42540 4 0 1500
777 42660 44400 0 2 1740
778 44520 47220 2 6 2700
779 49080 50160 3 7 1080
780 50280 51720 7 4 1440
781 51840 53340 4 0 1500
782 53460 55200 0 2 1740
783 55320 58020 2 6 2700
784 59880 60960 3 7 1080
785 61080 62520 7 4 1440
786 62640 64140 4 0 1500
787 64260 66000 0 2 1740
788 66120 68820 2 6 2700
789 70680 71760 3 7 1080
790 71880 73320 7 4 1440
791 73440 74940 4 0 1500
792 75060 76800 0 2 1740
793 76920 79620 2 6 2700
794 30240 31740 4 0 1500
795 31860 33600 0 2 1740
796 33720 36420 2 6 2700
797 38640 41340 6 2 2700
798 41460 43200 2 0 1740
799 43320 44820 0 4 1500
800 44940 46260 4 1 1320
801 49440 52140 6 2 2700
802 52260 54000 2 0 1740
803 54120 55620 0 4 1500
804 55740 57060 4 1 1320
805 60240 62940 6 2 2700
806 63060 64800 2 0 1740
807 64920 66420 0 4 1500
808 66540 67860 4 1 1320
809 71040 73740 6 2 2700
810 73860 75600 2 0 1740
811 75720 77220 0 4 1500
812 77340 78660 4 1 1320
813 33060 34140 3 7 1080
814 34260 36240 7 1 1980
815 36360 38280 1 5 1920
816 40380 42300 5 1 1920
817 42420 44400 1 7 1980
818 44520 45600 7 3 1080
819 45720 48600 3 8 2880
820 48720 49560 8 9 840
821 51180 53100 5 1 1920
822 53220 55200 1 7 1980
823 55320 56400 7 3 1080
824 56520 59400 3 8 2880
825 59520 60360 8 9 840
826 61980 63900 5 1 1920
827 64020 66000 1 7 1980
828 66120 67200 7 3 1080
829 67320 70200 3 8 2880
830 70320 71160 8 9 840
831 72780 74700 5 1 1920
832 74820 76800 1 7 1980
833 76920 78000 7 3 1080
834 33480 34920 7 4 1440
835 35040 36540 4 0 1500
836 39300 40800 0 4 1500
837 40920 42360 4 7 1440
838 42480 45660 7 8 3180
839 45780 46620 8 9 840
840 50100 51600 0 4 1500
841 51720 53160 4 7 1440
842 53280 56460 7 8 3180
843 56580 57420 8 9 840
844 60900 62400 0 4 1500
845 62520 63960 4 7 1440
846 64080 67260 7 8 3180
847 67380 68220 8 9 840
848 71700 73200 0 4 1500
849 73320 74760 4 7 1440
850 74880 78060 7 8 3180
851 29280 30360 3 7 1080
852 30480 31920 7 4 1440
853 32040 33540 4 0 1500
854 33660 35400 0 2 1740
855 35520 38220 2 6 2700
856 39420 42120 6 2 2700
857 42240 43980 2 0 1740
858 44100 45600 0 4 1500
859 45720 47160 4 7 1440
860 47280 48360 7 3 1080
861 50220 52920 6 2 2700
862 53040 54780 2 0 1740
863 54900 56400 0 4 1500
864 56520 57960 4 7 1440
865 58080 59160 7 3 1080
866 61020 63720 6 2 2700
867 63840 65580 2 0 1740
868 65700 67200 0 4 1500
869 67320 68760 4 7 1440
870 68880 69960 7 3 1080
871 71820 74520 6 2 2700
872 74640 76380 2 0 1740
873 76500 78000 0 4 1500
874 78120 79560 4 7 1440
875 79680 80760 7 3 1080
876 31620 33600 1 7 1980
877 33720 34800 7 3 1080
878 34920 37800 3 8 2880
879 37920 38760 8 9 840
880 39900 40740 9 8 840
881 40860 43740 8 3 2880
882 43860 44940 3 7 1080
883 45060 47040 7 1 1980
884 47160 49080 1 5 1920
885 50700 51540 9 8 840
886 51660 54540 8 3 2880
887 54660 55740 3 7 1080
888 55860 57840 7 1 1980
889 57960 59880 1 5 1920
890 61500 62340 9 8 840
891 62460 65340 8 3 2880
892 65460 66540 3 7 1080
893 66660 68640 7 1 1980
894 68760 70680 1 5 1920
895 72300 73140 9 8 840
896 73260 76140 8 3 2880
897 76260 77340 3 7 1080
898 77460 79440 7 1 1980
899 33240 34980 2 0 1740
900 35100 36600 0 4 1500
901 36720 38160 4 7 1440
902 38280 39360 7 3 1080
903 40080 41160 3 7 1080
904 41280 42720 7 4 1440
905 42840 44340 4 0 1500
906 44460 46200 0 2 1740
907 46320 49020 2 6 2700
908 50880 51960 3 7 1080
909 52080 53520 7 4 1440
910 53640 55140 4 0 1500
911 55260 57000 0 2 1740
912 57120 59820 2 6 2700
913 61680 62760 3 7 1080
914 62880 64320 7 4 1440
915 64440 65940 4 0 1500
916 66060 67800 0 2 1740
917 67920 70620 2 6 2700
918 72480 73560 3 7 1080
919 73680 75120 7 4 1440
920 75240 76740 4 0 1500
921 76860 78600 0 2 1740
922 78720 81420 2 6 2700
923 30480 32280 0 1 1800
924 32400 34380 1 7 1980
925 34500 37860 7 10 3360
926 41580 44940 10 7 3360
927 45060 47040 7 1 1980
928 47160 48960 1 0 1800
929 52380 55740 10 7 3360
930 55860 57840 7 1 1980
931 57960 59760 1 0 1800
932 63180 66540 10 7 3360
933 66660 68640 7 1 1980
934 68760 70560 1 0 1800
935 73980 77340 10 7 3360
936 77460 79440 7 1 1980
937 79560 81360 1 0 1800
938 30780 34140 10 7 3360
939 34260 36240 7 1 1980
940 36360 38160 1 0 1800
941 41280 43080 0 1 1800
942 43200 45180 1 7 1980
943 45300 48660 7 10 3360
944 52080 53880 0 1 1800
945 54000 55980 1 7 1980
946 56100 59460 7 10 3360
947 62880 64680 0 1 1800
948 64800 66780 1 7 1980
949 66900 70260 7 10 3360
950 73680 75480 0 1 1800
951 75600 77580 1 7 1980
952 31860 34740 8 3 2880
953 34860 35940 3 7 1080
954 36060 38040 7 1 1980
955 38160 40080 1 5 1920
956 42180 44100 5 1 1920
957 44220 46200 1 7 1980
958 46320 47400 7 3 1080
959 47520 50400 3 8 2880
960 50520 51360 8 9 840
961 52980 54900 5 1 1920
962 55020 57000 1 7 1980
963 57120 58200 7 3 1080
964 58320 61200 3 8 2880
965 61320 62160 8 9 840
966 63780 65700 5 1 1920
967 65820 67800 1 7 1980
968 67920 69000 7 3 1080
969 69120 72000 3 8 2880
970 72120 72960 8 9 840
971 74580 76500 5 1 1920
972 76620 78600 1 7 1980
973 78720 79800 7 3 1080
974 33600 36960 10 7 3360
975 37080 38160 7 3 1080
976 42060 43140 3 7 1080
977 43260 46620 7 10 3360
978 46740 49260 10 8 2520
979 52860 53940 3 7 1080
980 54060 57420 7 10 3360
981 57540 60060 10 8 2520
982 63660 64740 3 7 1080
983 64860 68220 7 10 3360
984 68340 70860 10 8 2520
985 74460 75540 3 7 1080
986 75660 79020 7 10 3360
987 31080 32160 3 7 1080
988 32280 33720 7 4 1440
989 33840 35340 4 0 1500
990 35460 37200 0 2 1740
991 37320 40020 2 6 2700
992 41220 43920 6 2 2700
993 44040 45780 2 0 1740
994 45900 47400 0 4 1500
995 47520 48960 4 7 1440
996 49080 50160 7 3 1080
997 52020 54720 6 2 2700
998 54840 56580 2 0 1740
999 56700 58200 0 4 1500
1000 58320 59760 4 7 1440
1001 59880 60960 7 3 1080
1002 62820 65520 6 2 2700
1003 65640 67380 2 0 1740
1004 67500 69000 0 4 1500
1005 69120 70560 4 7 1440
1006 70680 71760 7 3 1080
1007 73620 76320 6 2 2700
1008 76440 78180 2 0 1740
1009 78300 79800 0 4 1500
1010 79920 81360 4 7 1440
1011 31260 32340 3 7 1080
1012 32460 35820 7 10 3360
1013 35940 38460 10 8 2520
1014 41760 44280 8 10 2520
1015 44400 47760 10 7 3360
1016 47880 48960 7 3 1080
1017 52560 55080 8 10 2520
1018 55200 58560 10 7 3360
1019 58680 59760 7 3 1080
1020 63360 65880 8 10 2520
1021 66000 69360 10 7 3360
1022 69480 70560 7 3 1080
1023 74160 76680 8 10 2520
1024 76800 80160 10 7 3360
1025 33420 35400 1 7 1980
1026 35520 36600 7 3 1080
1027 36720 39600 3 8 2880
1028 39720 40560 8 9 840
1029 41700 42540 9 8 840
1030 42660 45540 8 3 2880
1031 45660 46740 3 7 1080
1032 46860 48840 7 1 1980
1033 48960 50880 1 5 1920
1034 52500 53340 9 8 840
1035 53460 56340 8 3 2880
1036 56460 57540 3 7 1080
1037 57660 59640 7 1 1980
1038 59760 61680 1 5 1920
1039 63300 64140 9 8 840
1040 64260 67140 8 3 2880
1041 67260 68340 3 7 1080
1042 68460 70440 7 1 1980
1043 70560 72480 1 5 1920
1044 74100 74940 9 8 840
1045 75060 77940 8 3 2880
1046 78060 79140 3 7 1080
1047 79260 81240 7 1 1980
1048 32400 33720 1 4 1320
1049 33840 35340 4 0 1500
1050 35460 37200 0 2 1740
1051 37320 40020 2 6 2700
1052 42240 44940 6 2 2700
1053 45060 46800 2 0 1740
1054 46920 48420 0 4 1500
1055 48540 49860 4 1 1320
1056 40020 40860 9 8 840
1057 40980 44160 8 7 3180
1058 44280 45720 7 4 1440
1059 45840 47340 4 0 1500
1060 50100 51600 0 4 1500
1061 51720 53160 4 7 1440
1062 53280 56460 7 8 3180
1063 56580 57420 8 9 840
1064 41880 42960 3 7 1080
1065 43080 44520 7 4 1440
1066 44640 46140 4 0 1500
1067 46260 48000 0 2 1740
1068 48120 50820 2 6 2700
1069 52020 54720 6 2 2700
1070 54840 56580 2 0 1740
1071 56700 58200 0 4 1500
1072 58320 59760 4 7 1440
1073 59880 60960 7 3 1080
1074 43200 44520 1 4 1320
1075 44640 46140 4 0 1500
1076 46260 48000 0 2 1740
1077 48120 50820 2 6 2700
1078 53040 55740 6 2 2700
1079 55860 57600 2 0 1740
1080 57720 59220 0 4 1500
1081 59340 60660 4 1 1320
1082 50820 51660 9 8 840
1083 51780 54960 8 7 3180
1084 55080 56520 7 4 1440
1085 56640 58140 4 0 1500
1086 60900 62400 0 4 1500
1087 62520 63960 4 7 1440
1088 64080 67260 7 8 3180
1089 67380 68220 8 9 840
1090 52680 53760 3 7 1080
1091 53880 55320 7 4 1440
1092 55440 56940 4 0 1500
1093 57060 58800 0 2 1740
1094 58920 61620 2 6 2700
1095 62820 65520 6 2 2700
1096 65640 67380 2 0 1740
1097 67500 69000 0 4 1500
1098 69120 70560 4 7 1440
1099 70680 71760 7 3 1080
1100 54000 55320 1 4 1320
1101 55440 56940 4 0 1500
1102 57060 58800 0 2 1740
1103 58920 61620 2 6 2700
1104 63840 66540 6 2 2700
1105 66660 68400 2 0 1740
1106 68520 70020 0 4 1500
1107 70140 71460 4 1 1320
1108 61620 62460 9 8 840
1109 62580 65760 8 7 3180
1110 65880 67320 7 4 1440
1111 67440 68940 4 0 1500
1112 71700 73200 0 4 1500
1113 73320 74760 4 7 1440
1114 74880 78060 7 8 3180
1115 63480 64560 3 7 1080
1116 64680 66120 7 4 1440
1117 66240 67740 4 0 1500
1118 67860 69600 0 2 1740
1119 69720 72420 2 6 2700
1120 73620 76320 6 2 2700
1121 76440 78180 2 0 1740
1122 78300 79800 0 4 1500
1123 79920 81360 4 7 1440
1124 64800 66120 1 4 1320
1125 66240 67740 4 0 1500
1126 67860 69600 0 2 1740
1127 69720 72420 2 6 2700
1128 74640 77340 6 2 2700
1129 77460 79200 2 0 1740
1130 79320 80820 0 4 1500
1131 80940 82260 4 1 1320
1132 72420 73260 9 8 840
1133 73380 76560 8 7 3180
1134 76680 78120 7 4 1440
1135 78240 79740 4 0 1500
1136 82500 84000 0 4 1500
1137 84120 85560 4 7 1440
1138 74280 75360 3 7 1080
1139 75480 76920 7 4 1440
1140 77040 78540 4 0 1500
1141 78660 80400 0 2 1740
1142 80520 83220 2 6 2700
1143 84420 87120 6 2 2700
1144 87240 88980 2 0 1740
1145 89100 90600 0 4 1500
1146 90720 92160 4 7 1440
1147 75600 76920 1 4 1320
1148 77040 78540 4 0 1500
1149 78660 80400 0 2 1740
1150 80520 83220 2 6 2700
