0 31740 34380 0 1 2640
1 34500 36300 1 4 1800
2 36540 38220 4 2 1680
3 38940 41580 0 1 2640
4 41700 43500 1 4 1800
5 43740 45420 4 2 1680
6 46140 48780 0 1 2640
7 48900 50700 1 4 1800
8 50940 52620 4 2 1680
9 53340 55980 0 1 2640
10 56100 57900 1 4 1800
11 58140 59820 4 2 1680
12 60540 63180 0 1 2640
13 63300 65100 1 4 1800
14 65340 67020 4 2 1680
15 67740 70380 0 1 2640
16 70500 72300 1 4 1800
17 72540 74220 4 2 1680
18 74940 77580 0 1 2640
19 77700 79500 1 4 1800
20 31200 32640 3 4 1440
21 32760 34440 4 2 1680
22 36600 38040 3 4 1440
23 38160 39840 4 2 1680
24 42000 43440 3 4 1440
25 43560 45240 4 2 1680
26 47400 48840 3 4 1440
27 48960 50640 4 2 1680
28 52800 54240 3 4 1440
29 54360 56040 4 2 1680
30 58200 59640 3 4 1440
31 59760 61440 4 2 1680
32 63600 65040 3 4 1440
33 65160 66840 4 2 1680
34 69000 70440 3 4 1440
35 70560 72240 4 2 1680
36 74400 75840 3 4 1440
37 75960 77640 4 2 1680
38 30420 31800 3 1 1380
39 33540 36300 7 3 2760
40 36420 37800 3 1 1380
41 39540 42300 7 3 2760
42 42420 43800 3 1 1380
43 45540 48300 7 3 2760
44 48420 49800 3 1 1380
45 51540 54300 7 3 2760
46 54420 55800 3 1 1380
47 57540 60300 7 3 2760
48 60420 61800 3 1 1380
49 63540 66300 7 3 2760
50 66420 67800 3 1 1380
51 69540 72300 7 3 2760
52 72420 73800 3 1 1380
53 75540 78300 7 3 2760
54 78420 79800 3 1 1380
55 25260 26580 0 5 1320
56 26700 27420 5 6 720
57 28680 29400 6 5 720
58 29520 30840 5 0 1320
59 30960 33900 0 3 2940
60 35880 36600 6 5 720
61 36720 38040 5 0 1320
62 38160 41100 0 3 2940
63 43080 43800 6 5 720
64 43920 45240 5 0 1320
65 45360 48300 0 3 2940
66 50280 51000 6 5 720
67 51120 52440 5 0 1320
68 52560 55500 0 3 2940
69 57480 58200 6 5 720
70 58320 59640 5 0 1320
71 59760 62700 0 3 2940
72 64680 65400 6 5 720
73 65520 66840 5 0 1320
74 66960 69900 0 3 2940
75 71880 72600 6 5 720
76 72720 74040 5 0 1320
77 74160 77100 0 3 2940
78 79080 79800 6 5 720
79 79920 81240 5 0 1320
80 32460 34140 2 4 1680
81 34260 35700 4 3 1440
82 37860 39540 2 4 1680
83 39660 41100 4 3 1440
84 43260 44940 2 4 1680
85 45060 46500 4 3 1440
86 48660 50340 2 4 1680
87 50460 51900 4 3 1440
88 54060 55740 2 4 1680
89 55860 57300 4 3 1440
90 59460 61140 2 4 1680
91 61260 62700 4 3 1440
92 64860 66540 2 4 1680
93 66660 68100 4 3 1440
94 70260 71940 2 4 1680
95 72060 73500 4 3 1440
96 75660 77340 2 4 1680
97 77460 78900 4 3 1440
98 27900 29280 1 3 1380
99 29400 32160 3 7 2760
100 33900 35280 1 3 1380
101 35400 38160 3 7 2760
102 39900 41280 1 3 1380
103 41400 44160 3 7 2760
104 45900 47280 1 3 1380
105 47400 50160 3 7 2760
106 51900 53280 1 3 1380
107 53400 56160 3 7 2760
108 57900 59280 1 3 1380
109 59400 62160 3 7 2760
110 63900 65280 1 3 1380
111 65400 68160 3 7 2760
112 69900 71280 1 3 1380
113 71400 74160 3 7 2760
114 75900 77280 1 3 1380
115 31620 33000 3 1 1380
116 34740 37500 7 3 2760
117 37620 39000 3 1 1380
118 40740 43500 7 3 2760
119 43620 45000 3 1 1380
120 46740 49500 7 3 2760
121 49620 51000 3 1 1380
122 52740 55500 7 3 2760
123 55620 57000 3 1 1380
124 58740 61500 7 3 2760
125 61620 63000 3 1 1380
126 64740 67500 7 3 2760
127 67620 69000 3 1 1380
128 70740 73500 7 3 2760
129 73620 75000 3 1 1380
130 76740 79500 7 3 2760
131 79620 81000 3 1 1380
132 25560 28500 0 3 2940
133 29400 32340 3 0 2940
134 32460 33780 0 5 1320
135 33900 34620 5 6 720
136 36600 39540 3 0 2940
137 39660 40980 0 5 1320
138 41100 41820 5 6 720
139 43800 46740 3 0 2940
140 46860 48180 0 5 1320
141 48300 49020 5 6 720
142 51000 53940 3 0 2940
143 54060 55380 0 5 1320
144 55500 56220 5 6 720
145 58200 61140 3 0 2940
146 61260 62580 0 5 1320
147 62700 63420 5 6 720
148 65400 68340 3 0 2940
149 68460 69780 0 5 1320
150 69900 70620 5 6 720
151 72600 75540 3 0 2940
152 75660 76980 0 5 1320
153 77100 77820 5 6 720
154 33000 34440 3 4 1440
155 34560 36240 4 2 1680
156 38400 39840 3 4 1440
157 39960 41640 4 2 1680
158 43800 45240 3 4 1440
159 45360 47040 4 2 1680
160 49200 50640 3 4 1440
161 50760 52440 4 2 1680
162 54600 56040 3 4 1440
163 56160 57840 4 2 1680
164 60000 61440 3 4 1440
165 61560 63240 4 2 1680
166 65400 66840 3 4 1440
167 66960 68640 4 2 1680
168 70800 72240 3 4 1440
169 72360 74040 4 2 1680
170 76200 77640 3 4 1440
171 29100 30480 1 3 1380
172 30600 33360 3 7 2760
173 35100 36480 1 3 1380
174 36600 39360 3 7 2760
175 41100 42480 1 3 1380
176 42600 45360 3 7 2760
177 47100 48480 1 3 1380
178 48600 51360 3 7 2760
179 53100 54480 1 3 1380
180 54600 57360 3 7 2760
181 59100 60480 1 3 1380
182 60600 63360 3 7 2760
183 65100 66480 1 3 1380
184 66600 69360 3 7 2760
185 71100 72480 1 3 1380
186 72600 75360 3 7 2760
187 77100 78480 1 3 1380
188 27060 28380 0 5 1320
189 28500 29220 5 6 720
190 30480 31200 6 5 720
191 31320 32640 5 0 1320
192 32760 35700 0 3 2940
193 37680 38400 6 5 720
194 38520 39840 5 0 1320
195 39960 42900 0 3 2940
196 44880 45600 6 5 720
197 45720 47040 5 0 1320
198 47160 50100 0 3 2940
199 52080 52800 6 5 720
200 52920 54240 5 0 1320
201 54360 57300 0 3 2940
202 59280 60000 6 5 720
203 60120 61440 5 0 1320
204 61560 64500 0 3 2940
205 66480 67200 6 5 720
206 67320 68640 5 0 1320
207 68760 71700 0 3 2940
208 73680 74400 6 5 720
209 74520 75840 5 0 1320
210 75960 78900 0 3 2940
211 30660 32100 4 3 1440
212 34260 35940 2 4 1680
213 36060 37500 4 3 1440
214 39660 41340 2 4 1680
215 41460 42900 4 3 1440
216 45060 46740 2 4 1680
217 46860 48300 4 3 1440
218 50460 52140 2 4 1680
219 52260 53700 4 3 1440
220 55860 57540 2 4 1680
221 57660 59100 4 3 1440
222 61260 62940 2 4 1680
223 63060 64500 4 3 1440
224 66660 68340 2 4 1680
225 68460 69900 4 3 1440
226 72060 73740 2 4 1680
227 73860 75300 4 3 1440
228 77460 79140 2 4 1680
229 32820 34200 3 1 1380
230 35940 38700 7 3 2760
231 38820 40200 3 1 1380
232 41940 44700 7 3 2760
233 44820 46200 3 1 1380
234 47940 50700 7 3 2760
235 50820 52200 3 1 1380
236 53940 56700 7 3 2760
237 56820 58200 3 1 1380
238 59940 62700 7 3 2760
239 62820 64200 3 1 1380
240 65940 68700 7 3 2760
241 68820 70200 3 1 1380
242 71940 74700 7 3 2760
243 74820 76200 3 1 1380
244 77940 80700 7 3 2760
245 80820 82200 3 1 1380
246 24540 27180 0 1 2640
247 27300 29100 1 4 1800
248 29340 31020 4 2 1680
249 32400 34080 2 4 1680
250 34200 36000 4 1 1800
251 36120 38760 1 0 2640
252 39600 41280 2 4 1680
253 41400 43200 4 1 1800
254 43320 45960 1 0 2640
255 46800 48480 2 4 1680
256 48600 50400 4 1 1800
257 50520 53160 1 0 2640
258 54000 55680 2 4 1680
259 55800 57600 4 1 1800
260 57720 60360 1 0 2640
261 61200 62880 2 4 1680
262 63000 64800 4 1 1800
263 64920 67560 1 0 2640
264 68400 70080 2 4 1680
265 70200 72000 4 1 1800
266 72120 74760 1 0 2640
267 75600 77280 2 4 1680
268 77400 79200 4 1 1800
269 79320 81960 1 0 2640
270 26340 28980 0 1 2640
271 29100 31560 1 2 2460
272 35340 37800 2 1 2460
273 37920 40560 1 0 2640
274 40680 42360 0 6 1680
275 46140 48600 2 1 2460
276 48720 51360 1 0 2640
277 51480 53160 0 6 1680
278 56940 59400 2 1 2460
279 59520 62160 1 0 2640
280 62280 63960 0 6 1680
281 67740 70200 2 1 2460
282 70320 72960 1 0 2640
283 73080 74760 0 6 1680
284 78540 81000 2 1 2460
285 81120 83760 1 0 2640
286 29880 31560 0 6 1680
287 35340 37020 6 0 1680
288 37140 39780 0 1 2640
289 39900 42360 1 2 2460
290 46140 47820 6 0 1680
291 47940 50580 0 1 2640
292 50700 53160 1 2 2460
293 56940 58620 6 0 1680
294 58740 61380 0 1 2640
295 61500 63960 1 2 2460
296 67740 69420 6 0 1680
297 69540 72180 0 1 2640
298 72300 74760 1 2 2460
299 78540 80220 6 0 1680
300 27360 30300 0 3 2940
301 31200 34140 3 0 2940
302 34260 35580 0 5 1320
303 35700 36420 5 6 720
304 38400 41340 3 0 2940
305 41460 42780 0 5 1320
306 42900 43620 5 6 720
307 45600 48540 3 0 2940
308 48660 49980 0 5 1320
309 50100 50820 5 6 720
310 52800 55740 3 0 2940
311 55860 57180 0 5 1320
312 57300 58020 5 6 720
313 60000 62940 3 0 2940
314 63060 64380 0 5 1320
315 64500 65220 5 6 720
316 67200 70140 3 0 2940
317 70260 71580 0 5 1320
318 71700 72420 5 6 720
319 74400 77340 3 0 2940
320 77460 78780 0 5 1320
321 78900 79620 5 6 720
322 30300 31680 1 3 1380
323 31800 34560 3 7 2760
324 36300 37680 1 3 1380
325 37800 40560 3 7 2760
326 42300 43680 1 3 1380
327 43800 46560 3 7 2760
328 48300 49680 1 3 1380
329 49800 52560 3 7 2760
330 54300 55680 1 3 1380
331 55800 58560 3 7 2760
332 60300 61680 1 3 1380
333 61800 64560 3 7 2760
334 66300 67680 1 3 1380
335 67800 70560 3 7 2760
336 72300 73680 1 3 1380
337 73800 76560 3 7 2760
338 78300 79680 1 3 1380
339 28920 31560 1 0 2640
340 35340 37980 0 1 2640
341 38100 39900 1 4 1800
342 40140 41820 4 2 1680
343 42540 45180 0 1 2640
344 45300 47100 1 4 1800
345 47340 49020 4 2 1680
346 49740 52380 0 1 2640
347 52500 54300 1 4 1800
348 54540 56220 4 2 1680
349 56940 59580 0 1 2640
350 59700 61500 1 4 1800
351 61740 63420 4 2 1680
352 64140 66780 0 1 2640
353 66900 68700 1 4 1800
354 68940 70620 4 2 1680
355 71340 73980 0 1 2640
356 74100 75900 1 4 1800
357 76140 77820 4 2 1680
358 78540 81180 0 1 2640
359 29400 30840 3 4 1440
360 30960 32640 4 2 1680
361 34800 36240 3 4 1440
362 36360 38040 4 2 1680
363 40200 41640 3 4 1440
364 41760 43440 4 2 1680
365 45600 47040 3 4 1440
366 47160 48840 4 2 1680
367 51000 52440 3 4 1440
368 52560 54240 4 2 1680
369 56400 57840 3 4 1440
370 57960 59640 4 2 1680
371 61800 63240 3 4 1440
372 63360 65040 4 2 1680
373 67200 68640 3 4 1440
374 68760 70440 4 2 1680
375 72600 74040 3 4 1440
376 74160 75840 4 2 1680
377 78000 79440 3 4 1440
378 34020 35400 3 1 1380
379 37140 39900 7 3 2760
380 40020 41400 3 1 1380
381 43140 45900 7 3 2760
382 46020 47400 3 1 1380
383 49140 51900 7 3 2760
384 52020 53400 3 1 1380
385 55140 57900 7 3 2760
386 58020 59400 3 1 1380
387 61140 63900 7 3 2760
388 64020 65400 3 1 1380
389 67140 69900 7 3 2760
390 70020 71400 3 1 1380
391 73140 75900 7 3 2760
392 76020 77400 3 1 1380
393 28860 30180 0 5 1320
394 30300 31020 5 6 720
395 32280 33000 6 5 720
396 33120 34440 5 0 1320
397 34560 37500 0 3 2940
398 39480 40200 6 5 720
399 40320 41640 5 0 1320
400 41760 44700 0 3 2940
401 46680 47400 6 5 720
402 47520 48840 5 0 1320
403 48960 51900 0 3 2940
404 53880 54600 6 5 720
405 54720 56040 5 0 1320
406 56160 59100 0 3 2940
407 61080 61800 6 5 720
408 61920 63240 5 0 1320
409 63360 66300 0 3 2940
410 68280 69000 6 5 720
411 69120 70440 5 0 1320
412 70560 73500 0 3 2940
413 75480 76200 6 5 720
414 76320 77640 5 0 1320
415 29220 30600 3 1 1380
416 31500 32880 1 3 1380
417 33000 35760 3 7 2760
418 37500 38880 1 3 1380
419 39000 41760 3 7 2760
420 43500 44880 1 3 1380
421 45000 47760 3 7 2760
422 49500 50880 1 3 1380
423 51000 53760 3 7 2760
424 55500 56880 1 3 1380
425 57000 59760 3 7 2760
426 61500 62880 1 3 1380
427 63000 65760 3 7 2760
428 67500 68880 1 3 1380
429 69000 71760 3 7 2760
430 73500 74880 1 3 1380
431 35220 36600 3 1 1380
432 38340 41100 7 3 2760
433 41220 42600 3 1 1380
434 44340 47100 7 3 2760
435 47220 48600 3 1 1380
436 50340 53100 7 3 2760
437 53220 54600 3 1 1380
438 56340 59100 7 3 2760
439 59220 60600 3 1 1380
440 62340 65100 7 3 2760
441 65220 66600 3 1 1380
442 68340 71100 7 3 2760
443 71220 72600 3 1 1380
444 74340 77100 7 3 2760
445 77220 78600 3 1 1380
446 27720 29040 5 0 1320
447 29160 32100 0 3 2940
448 33000 35940 3 0 2940
449 36060 37380 0 5 1320
450 37500 38220 5 6 720
451 40200 43140 3 0 2940
452 43260 44580 0 5 1320
453 44700 45420 5 6 720
454 47400 50340 3 0 2940
455 50460 51780 0 5 1320
456 51900 52620 5 6 720
457 54600 57540 3 0 2940
458 57660 58980 0 5 1320
459 59100 59820 5 6 720
460 61800 64740 3 0 2940
461 64860 66180 0 5 1320
462 66300 67020 5 6 720
463 69000 71940 3 0 2940
464 72060 73380 0 5 1320
465 73500 74220 5 6 720
466 76200 79140 3 0 2940
467 79260 80580 0 5 1320
468 80700 81420 5 6 720
469 30660 31980 0 5 1320
470 32100 32820 5 6 720
471 34080 34800 6 5 720
472 34920 36240 5 0 1320
473 36360 39300 0 3 2940
474 41280 42000 6 5 720
475 42120 43440 5 0 1320
476 43560 46500 0 3 2940
477 48480 49200 6 5 720
478 49320 50640 5 0 1320
479 50760 53700 0 3 2940
480 55680 56400 6 5 720
481 56520 57840 5 0 1320
482 57960 60900 0 3 2940
483 62880 63600 6 5 720
484 63720 65040 5 0 1320
485 65160 68100 0 3 2940
486 70080 70800 6 5 720
487 70920 72240 5 0 1320
488 72360 75300 0 3 2940
489 77280 78000 6 5 720
490 78120 79440 5 0 1320
491 28140 30780 0 1 2640
492 30900 32700 1 4 1800
493 32940 34620 4 2 1680
494 36000 37680 2 4 1680
495 37800 39600 4 1 1800
496 39720 42360 1 0 2640
497 43200 44880 2 4 1680
498 45000 46800 4 1 1800
499 46920 49560 1 0 2640
500 50400 52080 2 4 1680
501 52200 54000 4 1 1800
502 54120 56760 1 0 2640
503 57600 59280 2 4 1680
504 59400 61200 4 1 1800
505 61320 63960 1 0 2640
506 64800 66480 2 4 1680
507 66600 68400 4 1 1800
508 68520 71160 1 0 2640
509 72000 73680 2 4 1680
510 73800 75600 4 1 1800
511 75720 78360 1 0 2640
512 79200 80880 2 4 1680
513 81000 82800 4 1 1800
514 82920 85560 1 0 2640
515 28140 29820 6 0 1680
516 29940 32580 0 1 2640
517 32700 35160 1 2 2460
518 38940 41400 2 1 2460
519 41520 44160 1 0 2640
520 44280 45960 0 6 1680
521 49740 52200 2 1 2460
522 52320 54960 1 0 2640
523 55080 56760 0 6 1680
524 60540 63000 2 1 2460
525 63120 65760 1 0 2640
526 65880 67560 0 6 1680
527 71340 73800 2 1 2460
528 73920 76560 1 0 2640
529 76680 78360 0 6 1680
530 30720 33360 1 0 2640
531 33480 35160 0 6 1680
532 38940 40620 6 0 1680
533 40740 43380 0 1 2640
534 43500 45960 1 2 2460
535 49740 51420 6 0 1680
536 51540 54180 0 1 2640
537 54300 56760 1 2 2460
538 60540 62220 6 0 1680
539 62340 64980 0 1 2640
540 65100 67560 1 2 2460
541 71340 73020 6 0 1680
542 73140 75780 0 1 2640
543 75900 78360 1 2 2460
544 30600 32400 4 1 1800
545 32520 35160 1 0 2640
546 38940 41580 0 1 2640
547 41700 43500 1 4 1800
548 43740 45420 4 2 1680
549 32460 33900 4 3 1440
550 34800 36240 3 4 1440
551 36360 38040 4 2 1680
552 31740 33420 6 0 1680
553 33540 36180 0 1 2640
554 36300 38760 1 2 2460
555 42540 45000 2 1 2460
556 45120 47760 1 0 2640
557 47880 49560 0 6 1680
558 53340 55800 2 1 2460
559 55920 58560 1 0 2640
560 58680 60360 0 6 1680
561 64140 66600 2 1 2460
562 66720 69360 1 0 2640
563 69480 71160 0 6 1680
564 74940 77400 2 1 2460
565 77520 80160 1 0 2640
566 80280 81960 0 6 1680
567 31740 34200 2 1 2460
568 34320 36960 1 0 2640
569 37080 38760 0 6 1680
570 42540 44220 6 0 1680
571 44340 46980 0 1 2640
572 47100 49560 1 2 2460
573 53340 55020 6 0 1680
574 55140 57780 0 1 2640
575 57900 60360 1 2 2460
576 64140 65820 6 0 1680
577 65940 68580 0 1 2640
578 68700 71160 1 2 2460
579 74940 76620 6 0 1680
580 76740 79380 0 1 2640
581 32700 34080 1 3 1380
582 34200 36960 3 7 2760
583 38340 41100 7 3 2760
584 41220 42600 3 1 1380
585 34800 37740 3 0 2940
586 37860 39180 0 5 1320
587 39300 40020 5 6 720
588 41280 42000 6 5 720
589 42120 43440 5 0 1320
590 43560 46500 0 3 2940
591 36060 37740 2 4 1680
592 37860 39300 4 3 1440
593 40200 41640 3 4 1440
594 41760 43440 4 2 1680
595 38700 40080 1 3 1380
596 40200 42960 3 7 2760
597 44340 47100 7 3 2760
598 47220 48600 3 1 1380
599 41460 43140 2 4 1680
600 43260 44700 4 3 1440
601 45600 47040 3 4 1440
602 47160 48840 4 2 1680
603 42000 44940 3 0 2940
604 45060 46380 0 5 1320
605 46500 47220 5 6 720
606 48480 49200 6 5 720
607 49320 50640 5 0 1320
608 50760 53700 0 3 2940
609 44700 46080 1 3 1380
610 46200 48960 3 7 2760
611 50340 53100 7 3 2760
612 53220 54600 3 1 1380
613 46860 48540 2 4 1680
614 48660 50100 4 3 1440
615 51000 52440 3 4 1440
616 52560 54240 4 2 1680
617 49200 52140 3 0 2940
618 52260 53580 0 5 1320
619 53700 54420 5 6 720
620 55680 56400 6 5 720
621 56520 57840 5 0 1320
622 57960 60900 0 3 2940
623 50700 52080 1 3 1380
624 52200 54960 3 7 2760
625 56340 59100 7 3 2760
626 59220 60600 3 1 1380
627 52260 53940 2 4 1680
628 54060 55500 4 3 1440
629 56400 57840 3 4 1440
630 57960 59640 4 2 1680
631 56400 59340 3 0 2940
632 59460 60780 0 5 1320
633 60900 61620 5 6 720
634 62880 63600 6 5 720
635 63720 65040 5 0 1320
636 65160 68100 0 3 2940
637 56700 58080 1 3 1380
638 58200 60960 3 7 2760
639 62340 65100 7 3 2760
640 65220 66600 3 1 1380
641 57660 59340 2 4 1680
642 59460 60900 4 3 1440
643 61800 63240 3 4 1440
644 63360 65040 4 2 1680
645 62700 64080 1 3 1380
646 64200 66960 3 7 2760
647 68340 71100 7 3 2760
648 71220 72600 3 1 1380
649 63060 64740 2 4 1680
650 64860 66300 4 3 1440
651 67200 68640 3 4 1440
652 68760 70440 4 2 1680
653 63600 66540 3 0 2940
654 66660 67980 0 5 1320
655 68100 68820 5 6 720
656 70080 70800 6 5 720
657 70920 72240 5 0 1320
658 72360 75300 0 3 2940
659 68460 70140 2 4 1680
660 70260 71700 4 3 1440
661 72600 74040 3 4 1440
662 74160 75840 4 2 1680
663 68700 70080 1 3 1380
664 70200 72960 3 7 2760
665 74340 77100 7 3 2760
666 77220 78600 3 1 1380
667 70800 73740 3 0 2940
668 73860 75180 0 5 1320
669 75300 76020 5 6 720
670 77280 78000 6 5 720
671 78120 79440 5 0 1320
672 73860 75540 2 4 1680
673 75660 77100 4 3 1440
674 78000 79440 3 4 1440
675 74700 76080 1 3 1380
676 78000 80940 3 0 2940
677 81060 82380 0 5 1320
678 82500 83220 5 6 720
679 84480 85200 6 5 720
680 85320 86640 5 0 1320
