0 21600 25380 0 6 3780
1 25500 27780 6 7 2280
2 27900 30360 7 8 2460
3 32640 35100 8 7 2460
4 35280 37560 7 6 2280
5 37800 41580 6 0 3780
6 43440 45900 8 7 2460
7 46080 48360 7 6 2280
8 48600 52380 6 0 3780
9 54240 56700 8 7 2460
10 56880 59160 7 6 2280
11 59400 63180 6 0 3780
12 65040 67500 8 7 2460
13 67680 69960 7 6 2280
14 70200 73980 6 0 3780
15 75840 78300 8 7 2460
16 78480 80760 7 6 2280
17 81000 84780 6 0 3780
19 23700 24780 0 2 1080
20 24900 26100 2 1 1200
21 29580 30780 1 2 1200
22 30900 31980 2 0 1080
23 32100 34080 0 7 1980
24 36780 37980 1 2 1200
25 38100 39180 2 0 1080
26 39300 41280 0 7 1980
27 43980 45180 1 2 1200
28 45300 46380 2 0 1080
29 46500 48480 0 7 1980
30 51180 52380 1 2 1200
31 52500 53580 2 0 1080
32 53700 55680 0 7 1980
33 58380 59580 1 2 1200
34 59700 60780 2 0 1080
35 60900 62880 0 7 1980
36 65580 66780 1 2 1200
37 66900 67980 2 0 1080
38 68100 70080 0 7 1980
39 72780 73980 1 2 1200
40 74100 75180 2 0 1080
41 75300 77280 0 7 1980
42 79200 81180 7 0 1980
43 81300 82380 0 2 1080
44 82500 83700 2 1 1200
45 87180 88380 1 2 1200
46 88500 89580 2 0 1080
47 89700 91680 0 7 1980
51 27360 29340 0 7 1980
52 29460 31920 7 8 2460
53 33000 35460 8 7 2460
54 35580 37560 7 0 1980
55 37680 39720 0 1 2040
56 39840 41880 1 3 2040
57 42000 43260 3 5 1260
58 45600 48060 8 7 2460
59 48180 50160 7 0 1980
60 50280 52320 0 1 2040
61 52440 54480 1 3 2040
62 54600 55860 3 5 1260
63 58200 60660 8 7 2460
64 60780 62760 7 0 1980
65 62880 64920 0 1 2040
66 65040 67080 1 3 2040
67 67200 68460 3 5 1260
68 70800 73260 8 7 2460
69 73380 75360 7 0 1980
70 75480 77520 0 1 2040
75 24960 26400 4 0 1440
76 27060 28500 0 4 1440
77 28740 30420 4 2 1680
78 30540 31740 2 1 1200
79 33060 34500 0 4 1440
80 34740 36420 4 2 1680
81 36540 37740 2 1 1200
82 39060 40500 0 4 1440
83 40740 42420 4 2 1680
84 42540 43740 2 1 1200
85 45060 46500 0 4 1440
86 46740 48420 4 2 1680
87 48540 49740 2 1 1200
88 51060 52500 0 4 1440
89 52740 54420 4 2 1680
90 54540 55740 2 1 1200
91 57060 58500 0 4 1440
92 58740 60420 4 2 1680
93 60540 61740 2 1 1200
94 63060 64500 0 4 1440
95 64740 66420 4 2 1680
96 66540 67740 2 1 1200
97 69060 70500 0 4 1440
98 70740 72420 4 2 1680
99 72540 73740 2 1 1200
100 75060 76500 0 4 1440
101 76740 78420 4 2 1680
102 78540 79740 2 1 1200
105 27000 30780 6 0 3780
106 32400 36180 0 6 3780
107 36300 38580 6 7 2280
108 38700 41160 7 8 2460
109 43200 46980 0 6 3780
110 47100 49380 6 7 2280
111 49500 51960 7 8 2460
112 54000 57780 0 6 3780
113 57900 60180 6 7 2280
114 60300 62760 7 8 2460
115 64800 68580 0 6 3780
116 68700 70980 6 7 2280
117 71100 73560 7 8 2460
118 75600 79380 0 6 3780
119 79500 81780 6 7 2280
120 81900 84360 7 8 2460
123 26880 28920 0 1 2040
124 29040 31080 1 3 2040
125 31200 32460 3 5 1260
126 34260 35520 5 3 1260
127 35640 37680 3 1 2040
128 37800 39840 1 0 2040
129 39960 41940 0 7 1980
130 42060 44520 7 8 2460
131 46860 48120 5 3 1260
132 48240 50280 3 1 2040
133 50400 52440 1 0 2040
134 52560 54540 0 7 1980
135 54660 57120 7 8 2460
136 59460 60720 5 3 1260
137 60840 62880 3 1 2040
138 63000 65040 1 0 2040
139 65160 67140 0 7 1980
140 67260 69720 7 8 2460
141 72060 73320 5 3 1260
142 73440 75480 3 1 2040
143 75600 77640 1 0 2040
144 77760 79740 0 7 1980
146 22260 23700 0 4 1440
147 23940 25620 4 2 1680
148 25740 26940 2 1 1200
149 27840 29040 1 2 1200
150 29160 30840 2 4 1680
151 30960 32400 4 0 1440
152 33840 35040 1 2 1200
153 35160 36840 2 4 1680
154 36960 38400 4 0 1440
155 39840 41040 1 2 1200
156 41160 42840 2 4 1680
157 42960 44400 4 0 1440
158 45840 47040 1 2 1200
159 47160 48840 2 4 1680
160 48960 50400 4 0 1440
161 51840 53040 1 2 1200
162 53160 54840 2 4 1680
163 54960 56400 4 0 1440
164 57840 59040 1 2 1200
165 59160 60840 2 4 1680
166 60960 62400 4 0 1440
167 63840 65040 1 2 1200
168 65160 66840 2 4 1680
169 66960 68400 4 0 1440
170 69840 71040 1 2 1200
171 71160 72840 2 4 1680
172 72960 74400 4 0 1440
173 75840 77040 1 2 1200
174 77160 78840 2 4 1680
175 78960 80400 4 0 1440
179 28020 29100 0 2 1080
180 30420 31500 2 0 1080
181 31680 33720 0 1 2040
182 33840 35880 1 3 2040
183 36000 37260 3 5 1260
184 41220 42300 2 0 1080
185 42480 44520 0 1 2040
186 44640 46680 1 3 2040
187 46800 48060 3 5 1260
188 52020 53100 2 0 1080
189 53280 55320 0 1 2040
190 55440 57480 1 3 2040
191 57600 58860 3 5 1260
192 62820 63900 2 0 1080
193 64080 66120 0 1 2040
194 66240 68280 1 3 2040
195 68400 69660 3 5 1260
196 73620 74700 2 0 1080
197 74880 76920 0 1 2040
202 24900 26880 0 7 1980
203 28800 30780 7 0 1980
204 30900 31980 0 2 1080
205 32100 33300 2 1 1200
206 36000 37980 7 0 1980
207 38100 39180 0 2 1080
208 39300 40500 2 1 1200
209 43200 45180 7 0 1980
210 45300 46380 0 2 1080
211 46500 47700 2 1 1200
212 50400 52380 7 0 1980
213 52500 53580 0 2 1080
214 53700 54900 2 1 1200
215 57600 59580 7 0 1980
216 59700 60780 0 2 1080
217 60900 62100 2 1 1200
218 64800 66780 7 0 1980
219 66900 67980 0 2 1080
220 68100 69300 2 1 1200
221 72000 73980 7 0 1980
222 74100 75180 0 2 1080
223 75300 76500 2 1 1200
226 26160 27600 4 0 1440
227 28260 29700 0 4 1440
228 29940 31620 4 2 1680
229 31740 32940 2 1 1200
230 34260 35700 0 4 1440
231 35940 37620 4 2 1680
232 37740 38940 2 1 1200
233 40260 41700 0 4 1440
234 41940 43620 4 2 1680
235 43740 44940 2 1 1200
236 46260 47700 0 4 1440
237 47940 49620 4 2 1680
238 49740 50940 2 1 1200
239 52260 53700 0 4 1440
240 53940 55620 4 2 1680
241 55740 56940 2 1 1200
242 58260 59700 0 4 1440
243 59940 61620 4 2 1680
244 61740 62940 2 1 1200
245 64260 65700 0 4 1440
246 65940 67620 4 2 1680
247 67740 68940 2 1 1200
248 70260 71700 0 4 1440
249 71940 73620 4 2 1680
250 73740 74940 2 1 1200
251 76260 77700 0 4 1440
252 77940 79620 4 2 1680
253 79740 80940 2 1 1200
255 24480 26520 0 1 2040
256 26640 28680 1 3 2040
257 28800 30060 3 5 1260
258 33060 34320 5 3 1260
259 34500 36540 3 1 2040
260 36660 38700 1 0 2040
261 38820 39900 0 2 1080
262 43860 45120 5 3 1260
263 45300 47340 3 1 2040
264 47460 49500 1 0 2040
265 49620 50700 0 2 1080
266 54660 55920 5 3 1260
267 56100 58140 3 1 2040
268 58260 60300 1 0 2040
269 60420 61500 0 2 1080
270 65460 66720 5 3 1260
271 66900 68940 3 1 2040
272 69060 71100 1 0 2040
273 71220 72300 0 2 1080
274 76260 77520 5 3 1260
275 77700 79740 3 1 2040
276 79860 81900 1 0 2040
277 82020 83100 0 2 1080
278 23460 24900 0 4 1440
279 25140 26820 4 2 1680
280 26940 28140 2 1 1200
281 29040 30240 1 2 1200
282 30360 32040 2 4 1680
283 32160 33600 4 0 1440
284 35040 36240 1 2 1200
285 36360 38040 2 4 1680
286 38160 39600 4 0 1440
287 41040 42240 1 2 1200
288 42360 44040 2 4 1680
289 44160 45600 4 0 1440
290 47040 48240 1 2 1200
291 48360 50040 2 4 1680
292 50160 51600 4 0 1440
293 53040 54240 1 2 1200
294 54360 56040 2 4 1680
295 56160 57600 4 0 1440
296 59040 60240 1 2 1200
297 60360 62040 2 4 1680
298 62160 63600 4 0 1440
299 65040 66240 1 2 1200
300 66360 68040 2 4 1680
301 68160 69600 4 0 1440
302 71040 72240 1 2 1200
303 72360 74040 2 4 1680
304 74160 75600 4 0 1440
305 77040 78240 1 2 1200
306 78360 80040 2 4 1680
307 80160 81600 4 0 1440
310 27000 29040 1 0 2040
311 29160 31140 0 7 1980
312 31260 33720 7 8 2460
313 34800 37260 8 7 2460
314 37380 39360 7 0 1980
315 39480 41520 0 1 2040
316 41640 43680 1 3 2040
317 43800 45060 3 5 1260
318 47400 49860 8 7 2460
319 49980 51960 7 0 1980
320 52080 54120 0 1 2040
321 54240 56280 1 3 2040
322 56400 57660 3 5 1260
323 60000 62460 8 7 2460
324 62580 64560 7 0 1980
325 64680 66720 0 1 2040
326 66840 68880 1 3 2040
327 69000 70260 3 5 1260
328 72600 75060 8 7 2460
329 75180 77160 7 0 1980
330 77280 79320 0 1 2040
335 28680 30720 0 1 2040
336 30840 32880 1 3 2040
337 33000 34260 3 5 1260
338 36060 37320 5 3 1260
339 37440 39480 3 1 2040
340 39600 41640 1 0 2040
341 41760 43740 0 7 1980
342 43860 46320 7 8 2460
343 48660 49920 5 3 1260
344 50040 52080 3 1 2040
345 52200 54240 1 0 2040
346 54360 56340 0 7 1980
347 56460 58920 7 8 2460
348 61260 62520 5 3 1260
349 62640 64680 3 1 2040
350 64800 66840 1 0 2040
351 66960 68940 0 7 1980
352 69060 71520 7 8 2460
353 73860 75120 5 3 1260
354 75240 77280 3 1 2040
355 77400 79440 1 0 2040
356 79560 81540 0 7 1980
357 81660 84120 7 8 2460
359 27180 28260 2 0 1080
360 28500 32280 0 6 3780
361 34980 38760 6 0 3780
362 38880 39960 0 2 1080
363 40080 42960 2 5 2880
364 45780 49560 6 0 3780
365 49680 50760 0 2 1080
366 50880 53760 2 5 2880
367 56580 60360 6 0 3780
368 60480 61560 0 2 1080
369 61680 64560 2 5 2880
370 67380 71160 6 0 3780
371 71280 72360 0 2 1080
372 72480 75360 2 5 2880
373 78180 81960 6 0 3780
374 82080 83160 0 2 1080
377 28080 29160 0 2 1080
378 29280 32160 2 5 2880
379 34980 37860 5 2 2880
380 37980 39060 2 0 1080
381 39300 43080 0 6 3780
382 45780 48660 5 2 2880
383 48780 49860 2 0 1080
384 50100 53880 0 6 3780
385 56580 59460 5 2 2880
386 59580 60660 2 0 1080
387 60900 64680 0 6 3780
388 67380 70260 5 2 2880
389 70380 71460 2 0 1080
390 71700 75480 0 6 3780
391 78180 81060 5 2 2880
392 81180 82260 2 0 1080
395 25560 27240 2 4 1680
396 27360 28800 4 0 1440
397 29460 30900 0 4 1440
398 31140 32820 4 2 1680
399 32940 34140 2 1 1200
400 35460 36900 0 4 1440
401 37140 38820 4 2 1680
402 38940 40140 2 1 1200
403 41460 42900 0 4 1440
404 43140 44820 4 2 1680
405 44940 46140 2 1 1200
406 47460 48900 0 4 1440
407 49140 50820 4 2 1680
408 50940 52140 2 1 1200
409 53460 54900 0 4 1440
410 55140 56820 4 2 1680
411 56940 58140 2 1 1200
412 59460 60900 0 4 1440
413 61140 62820 4 2 1680
414 62940 64140 2 1 1200
415 65460 66900 0 4 1440
416 67140 68820 4 2 1680
417 68940 70140 2 1 1200
418 71460 72900 0 4 1440
419 73140 74820 4 2 1680
420 74940 76140 2 1 1200
421 77460 78900 0 4 1440
422 79140 80820 4 2 1680
423 80940 82140 2 1 1200
424 24660 26100 0 4 1440
425 26340 28020 4 2 1680
426 28140 29340 2 1 1200
427 30240 31440 1 2 1200
428 31560 33240 2 4 1680
429 33360 34800 4 0 1440
430 36240 37440 1 2 1200
431 37560 39240 2 4 1680
432 39360 40800 4 0 1440
433 42240 43440 1 2 1200
434 43560 45240 2 4 1680
435 45360 46800 4 0 1440
436 48240 49440 1 2 1200
437 49560 51240 2 4 1680
438 51360 52800 4 0 1440
439 54240 55440 1 2 1200
440 55560 57240 2 4 1680
441 57360 58800 4 0 1440
442 60240 61440 1 2 1200
443 61560 63240 2 4 1680
444 63360 64800 4 0 1440
445 66240 67440 1 2 1200
446 67560 69240 2 4 1680
447 69360 70800 4 0 1440
448 72240 73440 1 2 1200
449 73560 75240 2 4 1680
450 75360 76800 4 0 1440
451 78240 79440 1 2 1200
452 79560 81240 2 4 1680
453 81360 82800 4 0 1440
454 25200 28980 0 6 3780
455 29100 31380 6 7 2280
456 31500 33960 7 8 2460
457 36240 38700 8 7 2460
458 38880 41160 7 6 2280
459 41400 45180 6 0 3780
460 47040 49500 8 7 2460
461 49680 51960 7 6 2280
462 52200 55980 6 0 3780
463 57840 60300 8 7 2460
464 60480 62760 7 6 2280
465 63000 66780 6 0 3780
466 68640 71100 8 7 2460
467 71280 73560 7 6 2280
468 73800 77580 6 0 3780
469 79200 82980 0 6 3780
470 83100 85380 6 7 2280
471 85500 87960 7 8 2460
472 90240 92700 8 7 2460
473 92880 95160 7 6 2280
474 95400 99180 6 0 3780
476 27300 28380 0 2 1080
477 28500 29700 2 1 1200
478 33180 34380 1 2 1200
479 34500 35580 2 0 1080
480 35700 37680 0 7 1980
481 40380 41580 1 2 1200
482 41700 42780 2 0 1080
483 42900 44880 0 7 1980
484 47580 48780 1 2 1200
485 48900 49980 2 0 1080
486 50100 52080 0 7 1980
487 54780 55980 1 2 1200
488 56100 57180 2 0 1080
489 57300 59280 0 7 1980
490 61980 63180 1 2 1200
491 63300 64380 2 0 1080
492 64500 66480 0 7 1980
493 69180 70380 1 2 1200
494 70500 71580 2 0 1080
495 71700 73680 0 7 1980
496 76380 77580 1 2 1200
497 77700 78780 2 0 1080
498 78900 80880 0 7 1980
501 28800 30840 1 0 2040
502 30960 32940 0 7 1980
503 33060 35520 7 8 2460
504 36600 39060 8 7 2460
505 39180 41160 7 0 1980
506 41280 43320 0 1 2040
507 43440 45480 1 3 2040
508 45600 46860 3 5 1260
509 49200 51660 8 7 2460
510 51780 53760 7 0 1980
511 53880 55920 0 1 2040
512 56040 58080 1 3 2040
513 58200 59460 3 5 1260
514 61800 64260 8 7 2460
515 64380 66360 7 0 1980
516 66480 68520 0 1 2040
517 68640 70680 1 3 2040
518 70800 72060 3 5 1260
519 74400 76860 8 7 2460
520 76980 78960 7 0 1980
521 79080 81120 0 1 2040
525 26760 28440 2 4 1680
526 28560 30000 4 0 1440
527 30660 32100 0 4 1440
528 32340 34020 4 2 1680
529 34140 35340 2 1 1200
530 36660 38100 0 4 1440
531 38340 40020 4 2 1680
532 40140 41340 2 1 1200
533 42660 44100 0 4 1440
534 44340 46020 4 2 1680
535 46140 47340 2 1 1200
536 48660 50100 0 4 1440
537 50340 52020 4 2 1680
538 52140 53340 2 1 1200
539 54660 56100 0 4 1440
540 56340 58020 4 2 1680
541 58140 59340 2 1 1200
542 60660 62100 0 4 1440
543 62340 64020 4 2 1680
544 64140 65340 2 1 1200
545 66660 68100 0 4 1440
546 68340 70020 4 2 1680
547 70140 71340 2 1 1200
548 72660 74100 0 4 1440
549 74340 76020 4 2 1680
550 76140 77340 2 1 1200
551 78660 80100 0 4 1440
552 80340 82020 4 2 1680
553 82140 83340 2 1 1200
555 28080 30360 7 6 2280
556 30600 34380 6 0 3780
557 36000 39780 0 6 3780
558 39900 42180 6 7 2280
559 42300 44760 7 8 2460
560 46800 50580 0 6 3780
561 50700 52980 6 7 2280
562 53100 55560 7 8 2460
563 57600 61380 0 6 3780
564 61500 63780 6 7 2280
565 63900 66360 7 8 2460
566 68400 72180 0 6 3780
567 72300 74580 6 7 2280
568 74700 77160 7 8 2460
570 28380 30360 7 0 1980
571 30480 32520 0 1 2040
572 32640 34680 1 3 2040
573 34800 36060 3 5 1260
574 37860 39120 5 3 1260
575 39240 41280 3 1 2040
576 41400 43440 1 0 2040
577 43560 45540 0 7 1980
578 45660 48120 7 8 2460
579 50460 51720 5 3 1260
580 51840 53880 3 1 2040
581 54000 56040 1 0 2040
582 56160 58140 0 7 1980
583 58260 60720 7 8 2460
584 63060 64320 5 3 1260
585 64440 66480 3 1 2040
586 66600 68640 1 0 2040
587 68760 70740 0 7 1980
588 70860 73320 7 8 2460
589 75660 76920 5 3 1260
590 77040 79080 3 1 2040
591 79200 81240 1 0 2040
592 81360 83340 0 7 1980
593 83460 85920 7 8 2460
594 25860 27300 0 4 1440
595 27540 29220 4 2 1680
596 29340 30540 2 1 1200
597 31440 32640 1 2 1200
598 32760 34440 2 4 1680
599 34560 36000 4 0 1440
600 37440 38640 1 2 1200
601 38760 40440 2 4 1680
602 40560 42000 4 0 1440
603 43440 44640 1 2 1200
604 44760 46440 2 4 1680
605 46560 48000 4 0 1440
606 49440 50640 1 2 1200
607 50760 52440 2 4 1680
608 52560 54000 4 0 1440
609 55440 56640 1 2 1200
610 56760 58440 2 4 1680
611 58560 60000 4 0 1440
612 61440 62640 1 2 1200
613 62760 64440 2 4 1680
614 64560 66000 4 0 1440
615 67440 68640 1 2 1200
616 68760 70440 2 4 1680
617 70560 72000 4 0 1440
618 73440 74640 1 2 1200
619 74760 76440 2 4 1680
620 76560 78000 4 0 1440
623 29460 31500 1 0 2040
624 31620 32700 0 2 1080
625 34020 35100 2 0 1080
626 35280 37320 0 1 2040
627 37440 39480 1 3 2040
628 39600 40860 3 5 1260
629 44820 45900 2 0 1080
630 46080 48120 0 1 2040
631 48240 50280 1 3 2040
632 50400 51660 3 5 1260
633 55620 56700 2 0 1080
634 56880 58920 0 1 2040
635 59040 61080 1 3 2040
636 61200 62460 3 5 1260
637 66420 67500 2 0 1080
638 67680 69720 0 1 2040
639 69840 71880 1 3 2040
640 72000 73260 3 5 1260
641 77220 78300 2 0 1080
642 78480 80520 0 1 2040
646 27300 28380 2 0 1080
647 28500 30480 0 7 1980
648 32400 34380 7 0 1980
649 34500 35580 0 2 1080
650 35700 36900 2 1 1200
651 39600 41580 7 0 1980
652 41700 42780 0 2 1080
653 42900 44100 2 1 1200
654 46800 48780 7 0 1980
655 48900 49980 0 2 1080
656 50100 51300 2 1 1200
657 54000 55980 7 0 1980
658 56100 57180 0 2 1080
659 57300 58500 2 1 1200
660 61200 63180 7 0 1980
661 63300 64380 0 2 1080
662 64500 65700 2 1 1200
663 68400 70380 7 0 1980
664 70500 71580 0 2 1080
665 71700 72900 2 1 1200
666 75600 77580 7 0 1980
667 77700 78780 0 2 1080
668 78900 80100 2 1 1200
670 27960 29640 2 4 1680
671 29760 31200 4 0 1440
672 31860 33300 0 4 1440
673 33540 35220 4 2 1680
674 35340 36540 2 1 1200
675 37860 39300 0 4 1440
676 39540 41220 4 2 1680
677 41340 42540 2 1 1200
678 43860 45300 0 4 1440
679 45540 47220 4 2 1680
680 47340 48540 2 1 1200
681 49860 51300 0 4 1440
682 51540 53220 4 2 1680
683 53340 54540 2 1 1200
684 55860 57300 0 4 1440
685 57540 59220 4 2 1680
686 59340 60540 2 1 1200
687 61860 63300 0 4 1440
688 63540 65220 4 2 1680
689 65340 66540 2 1 1200
690 67860 69300 0 4 1440
691 69540 71220 4 2 1680
692 71340 72540 2 1 1200
693 73860 75300 0 4 1440
694 75540 77220 4 2 1680
695 77340 78540 2 1 1200
696 26820 27900 2 0 1080
697 28080 30120 0 1 2040
698 30240 32280 1 3 2040
699 32400 33660 3 5 1260
700 36660 37920 5 3 1260
701 38100 40140 3 1 2040
702 40260 42300 1 0 2040
703 42420 43500 0 2 1080
704 47460 48720 5 3 1260
705 48900 50940 3 1 2040
706 51060 53100 1 0 2040
707 53220 54300 0 2 1080
708 58260 59520 5 3 1260
709 59700 61740 3 1 2040
710 61860 63900 1 0 2040
711 64020 65100 0 2 1080
712 69060 70320 5 3 1260
713 70500 72540 3 1 2040
714 72660 74700 1 0 2040
715 74820 75900 0 2 1080
718 30600 32640 1 0 2040
719 32760 34740 0 7 1980
720 34860 37320 7 8 2460
721 38400 40860 8 7 2460
722 40980 42960 7 0 1980
723 43080 45120 0 1 2040
724 45240 47280 1 3 2040
725 47400 48660 3 5 1260
726 51000 53460 8 7 2460
727 53580 55560 7 0 1980
728 55680 57720 0 1 2040
729 57840 59880 1 3 2040
730 60000 61260 3 5 1260
731 63600 66060 8 7 2460
732 66180 68160 7 0 1980
733 68280 70320 0 1 2040
734 70440 72480 1 3 2040
735 72600 73860 3 5 1260
736 76200 78660 8 7 2460
737 78780 80760 7 0 1980
738 80880 82920 0 1 2040
742 30180 32160 7 0 1980
743 32280 34320 0 1 2040
744 34440 36480 1 3 2040
745 36600 37860 3 5 1260
746 39660 40920 5 3 1260
747 41040 43080 3 1 2040
748 43200 45240 1 0 2040
749 45360 47340 0 7 1980
750 47460 49920 7 8 2460
751 52260 53520 5 3 1260
752 53640 55680 3 1 2040
753 55800 57840 1 0 2040
754 57960 59940 0 7 1980
755 60060 62520 7 8 2460
756 64860 66120 5 3 1260
757 66240 68280 3 1 2040
758 68400 70440 1 0 2040
759 70560 72540 0 7 1980
760 72660 75120 7 8 2460
761 77460 78720 5 3 1260
762 78840 80880 3 1 2040
763 81000 83040 1 0 2040
764 83160 85140 0 7 1980
765 85260 87720 7 8 2460
767 30780 31860 2 0 1080
768 32100 35880 0 6 3780
769 38580 42360 6 0 3780
770 42480 43560 0 2 1080
771 43680 46560 2 5 2880
772 49380 53160 6 0 3780
773 53280 54360 0 2 1080
774 54480 57360 2 5 2880
775 60180 63960 6 0 3780
776 64080 65160 0 2 1080
777 65280 68160 2 5 2880
778 70980 74760 6 0 3780
779 74880 75960 0 2 1080
781 27780 31560 6 0 3780
782 31680 32760 0 2 1080
783 32880 35760 2 5 2880
784 38580 41460 5 2 2880
785 41580 42660 2 0 1080
786 42900 46680 0 6 3780
787 49380 52260 5 2 2880
788 52380 53460 2 0 1080
789 53700 57480 0 6 3780
790 60180 63060 5 2 2880
791 63180 64260 2 0 1080
792 64500 68280 0 6 3780
793 70980 73860 5 2 2880
794 73980 75060 2 0 1080
795 75300 79080 0 6 3780
796 28800 32580 0 6 3780
797 32700 34980 6 7 2280
798 35100 37560 7 8 2460
799 39840 42300 8 7 2460
800 42480 44760 7 6 2280
801 45000 48780 6 0 3780
802 50640 53100 8 7 2460
803 53280 55560 7 6 2280
804 55800 59580 6 0 3780
805 61440 63900 8 7 2460
806 64080 66360 7 6 2280
807 66600 70380 6 0 3780
808 72240 74700 8 7 2460
809 74880 77160 7 6 2280
810 77400 81180 6 0 3780
812 30240 32280 3 1 2040
813 32400 34440 1 0 2040
814 34560 36540 0 7 1980
815 36660 39120 7 8 2460
816 40200 42660 8 7 2460
817 42780 44760 7 0 1980
818 44880 46920 0 1 2040
819 47040 49080 1 3 2040
820 49200 50460 3 5 1260
821 52800 55260 8 7 2460
822 55380 57360 7 0 1980
823 57480 59520 0 1 2040
824 59640 61680 1 3 2040
825 61800 63060 3 5 1260
826 65400 67860 8 7 2460
827 67980 69960 7 0 1980
828 70080 72120 0 1 2040
829 72240 74280 1 3 2040
830 74400 75660 3 5 1260
831 78000 80460 8 7 2460
832 80580 82560 7 0 1980
833 82680 84720 0 1 2040
837 31680 33960 7 6 2280
838 34200 37980 6 0 3780
839 39600 43380 0 6 3780
840 43500 45780 6 7 2280
841 45900 48360 7 8 2460
842 50400 54180 0 6 3780
843 54300 56580 6 7 2280
844 56700 59160 7 8 2460
845 61200 64980 0 6 3780
846 65100 67380 6 7 2280
847 67500 69960 7 8 2460
848 72000 75780 0 6 3780
849 75900 78180 6 7 2280
850 78300 80760 7 8 2460
852 31980 33960 7 0 1980
853 34080 36120 0 1 2040
854 36240 38280 1 3 2040
855 38400 39660 3 5 1260
856 41460 42720 5 3 1260
857 42840 44880 3 1 2040
858 45000 47040 1 0 2040
859 47160 49140 0 7 1980
860 49260 51720 7 8 2460
861 54060 55320 5 3 1260
862 55440 57480 3 1 2040
863 57600 59640 1 0 2040
864 59760 61740 0 7 1980
865 61860 64320 7 8 2460
866 66660 67920 5 3 1260
867 68040 70080 3 1 2040
868 70200 72240 1 0 2040
869 72360 74340 0 7 1980
870 74460 76920 7 8 2460
872 30900 32940 3 1 2040
873 33060 35100 1 0 2040
874 35220 36300 0 2 1080
875 37620 38700 2 0 1080
876 38880 40920 0 1 2040
877 41040 43080 1 3 2040
878 43200 44460 3 5 1260
879 48420 49500 2 0 1080
880 49680 51720 0 1 2040
881 51840 53880 1 3 2040
882 54000 55260 3 5 1260
883 59220 60300 2 0 1080
884 60480 62520 0 1 2040
885 62640 64680 1 3 2040
886 64800 66060 3 5 1260
887 70020 71100 2 0 1080
888 71280 73320 0 1 2040
889 73440 75480 1 3 2040
890 75600 76860 3 5 1260
891 30660 31920 5 3 1260
892 32040 34080 3 1 2040
893 34200 36240 1 0 2040
894 36360 38340 0 7 1980
895 38460 40920 7 8 2460
896 42000 44460 8 7 2460
897 44580 46560 7 0 1980
898 46680 48720 0 1 2040
899 48840 50880 1 3 2040
900 51000 52260 3 5 1260
901 54600 57060 8 7 2460
902 57180 59160 7 0 1980
903 59280 61320 0 1 2040
904 61440 63480 1 3 2040
905 63600 64860 3 5 1260
906 67200 69660 8 7 2460
907 69780 71760 7 0 1980
908 71880 73920 0 1 2040
909 74040 76080 1 3 2040
910 76200 77460 3 5 1260
911 31200 33660 8 7 2460
912 33780 35760 7 0 1980
913 35880 37920 0 1 2040
914 38040 40080 1 3 2040
915 40200 41460 3 5 1260
916 43260 44520 5 3 1260
917 44640 46680 3 1 2040
918 46800 48840 1 0 2040
919 48960 50940 0 7 1980
920 51060 53520 7 8 2460
921 55860 57120 5 3 1260
922 57240 59280 3 1 2040
923 59400 61440 1 0 2040
924 61560 63540 0 7 1980
925 63660 66120 7 8 2460
926 68460 69720 5 3 1260
927 69840 71880 3 1 2040
928 72000 74040 1 0 2040
929 74160 76140 0 7 1980
930 76260 78720 7 8 2460
931 31380 34260 5 2 2880
932 34380 35460 2 0 1080
933 35700 39480 0 6 3780
934 42180 45960 6 0 3780
935 46080 47160 0 2 1080
936 47280 50160 2 5 2880
937 52980 56760 6 0 3780
938 56880 57960 0 2 1080
939 58080 60960 2 5 2880
940 63780 67560 6 0 3780
941 67680 68760 0 2 1080
942 68880 71760 2 5 2880
943 74580 78360 6 0 3780
944 78480 79560 0 2 1080
946 31380 35160 6 0 3780
947 35280 36360 0 2 1080
948 36480 39360 2 5 2880
949 42180 45060 5 2 2880
950 45180 46260 2 0 1080
951 46500 50280 0 6 3780
952 52980 55860 5 2 2880
953 55980 57060 2 0 1080
954 57300 61080 0 6 3780
955 63780 66660 5 2 2880
956 66780 67860 2 0 1080
957 68100 71880 0 6 3780
958 74580 77460 5 2 2880
959 77580 78660 2 0 1080
961 32460 33720 5 3 1260
962 33840 35880 3 1 2040
963 36000 38040 1 0 2040
964 38160 40140 0 7 1980
965 40260 42720 7 8 2460
966 43800 46260 8 7 2460
967 46380 48360 7 0 1980
968 48480 50520 0 1 2040
969 50640 52680 1 3 2040
970 52800 54060 3 5 1260
971 56400 58860 8 7 2460
972 58980 60960 7 0 1980
973 61080 63120 0 1 2040
974 63240 65280 1 3 2040
975 65400 66660 3 5 1260
976 69000 71460 8 7 2460
977 71580 73560 7 0 1980
978 73680 75720 0 1 2040
979 75840 77880 1 3 2040
981 32640 33840 1 2 1200
982 33960 35640 2 4 1680
983 35760 37200 4 0 1440
984 37860 39300 0 4 1440
985 39540 41220 4 2 1680
986 41340 42540 2 1 1200
987 38640 39840 1 2 1200
988 39960 41640 2 4 1680
989 41760 43200 4 0 1440
990 43860 45300 0 4 1440
991 45540 47220 4 2 1680
992 47340 48540 2 1 1200
993 40260 41520 5 3 1260
994 41700 43740 3 1 2040
995 43860 45900 1 0 2040
996 46020 47100 0 2 1080
997 48420 49500 2 0 1080
998 49680 51720 0 1 2040
999 51840 53880 1 3 2040
1000 54000 55260 3 5 1260
1001 44640 45840 1 2 1200
1002 45960 47640 2 4 1680
1003 47760 49200 4 0 1440
1004 49860 51300 0 4 1440
1005 51540 53220 4 2 1680
1006 53340 54540 2 1 1200
1007 45060 46320 5 3 1260
1008 46440 48480 3 1 2040
1009 48600 50640 1 0 2040
1010 50760 52740 0 7 1980
1011 52860 55320 7 8 2460
1012 56400 58860 8 7 2460
1013 58980 60960 7 0 1980
1014 61080 63120 0 1 2040
1015 63240 65280 1 3 2040
1016 65400 66660 3 5 1260
1017 50640 51840 1 2 1200
1018 51960 53640 2 4 1680
1019 53760 55200 4 0 1440
1020 55860 57300 0 4 1440
1021 57540 59220 4 2 1680
1022 59340 60540 2 1 1200
1023 51060 52320 5 3 1260
1024 52500 54540 3 1 2040
1025 54660 56700 1 0 2040
1026 56820 57900 0 2 1080
1027 59220 60300 2 0 1080
1028 60480 62520 0 1 2040
1029 62640 64680 1 3 2040
1030 64800 66060 3 5 1260
1031 56640 57840 1 2 1200
1032 57960 59640 2 4 1680
1033 59760 61200 4 0 1440
1034 61860 63300 0 4 1440
1035 63540 65220 4 2 1680
1036 65340 66540 2 1 1200
1037 57660 58920 5 3 1260
1038 59040 61080 3 1 2040
1039 61200 63240 1 0 2040
1040 63360 65340 0 7 1980
1041 65460 67920 7 8 2460
1042 69000 71460 8 7 2460
1043 71580 73560 7 0 1980
1044 73680 75720 0 1 2040
1045 75840 77880 1 3 2040
1047 61860 63120 5 3 1260
1048 63300 65340 3 1 2040
1049 65460 67500 1 0 2040
1050 67620 68700 0 2 1080
1051 70020 71100 2 0 1080
1052 71280 73320 0 1 2040
1053 73440 75480 1 3 2040
1054 75600 76860 3 5 1260
1055 62640 63840 1 2 1200
1056 63960 65640 2 4 1680
1057 65760 67200 4 0 1440
1058 67860 69300 0 4 1440
1059 69540 71220 4 2 1680
1060 71340 72540 2 1 1200
1061 68640 69840 1 2 1200
1062 69960 71640 2 4 1680
1063 71760 73200 4 0 1440
1064 73860 75300 0 4 1440
1065 75540 77220 4 2 1680
1066 77340 78540 2 1 1200
1067 70260 71520 5 3 1260
1068 71640 73680 3 1 2040
1069 73800 75840 1 0 2040
1070 75960 77940 0 7 1980
1071 78060 80520 7 8 2460
1072 81600 84060 8 7 2460
1073 84180 86160 7 0 1980
1077 72660 73920 5 3 1260
1078 74100 76140 3 1 2040
1079 76260 78300 1 0 2040
1080 78420 79500 0 2 1080
1081 80820 81900 2 0 1080
1082 82080 84120 0 1 2040
1085 74640 75840 1 2 1200
1086 75960 77640 2 4 1680
1087 77760 79200 4 0 1440
1088 79860 81300 0 4 1440
1089 81540 83220 4 2 1680
1090 83340 84540 2 1 1200
