1 24300 25020 2 0 720
2 26400 27120 0 2 720
3 27240 29760 2 1 2520
4 30900 31620 0 2 720
5 31740 34260 2 1 2520
6 35400 36120 0 2 720
7 36240 38760 2 1 2520
8 39900 40620 0 2 720
9 40740 43260 2 1 2520
10 44400 45120 0 2 720
11 45240 47760 2 1 2520
12 48900 49620 0 2 720
13 49740 52260 2 1 2520
14 53400 54120 0 2 720
15 54240 56760 2 1 2520
16 57900 58620 0 2 720
17 58740 61260 2 1 2520
18 62400 63120 0 2 720
19 63240 65760 2 1 2520
20 66900 67620 0 2 720
21 67740 70260 2 1 2520
22 71400 72120 0 2 720
23 72240 74760 2 1 2520
24 75900 76620 0 2 720
27 22740 25260 2 1 2520
28 26160 28680 1 2 2520
29 28800 29520 2 0 720
30 30660 33180 1 2 2520
31 33300 34020 2 0 720
32 35160 37680 1 2 2520
33 37800 38520 2 0 720
34 39660 42180 1 2 2520
35 42300 43020 2 0 720
36 44160 46680 1 2 2520
37 46800 47520 2 0 720
38 48660 51180 1 2 2520
39 51300 52020 2 0 720
40 53160 55680 1 2 2520
41 55800 56520 2 0 720
42 57660 60180 1 2 2520
43 60300 61020 2 0 720
44 62160 64680 1 2 2520
45 64800 65520 2 0 720
46 66660 69180 1 2 2520
47 69300 70020 2 0 720
48 71160 73680 1 2 2520
49 73800 74520 2 0 720
50 75660 78180 1 2 2520
52 21900 23760 2 5 1860
53 23880 27240 5 4 3360
54 30660 34020 4 5 3360
55 34140 36000 5 2 1860
56 37860 41220 4 5 3360
57 41340 43200 5 2 1860
58 45060 48420 4 5 3360
59 48540 50400 5 2 1860
60 52260 55620 4 5 3360
61 55740 57600 5 2 1860
62 59460 62820 4 5 3360
63 62940 64800 5 2 1860
64 66660 70020 4 5 3360
65 70140 72000 5 2 1860
66 73860 77220 4 5 3360
67 77340 79200 5 2 1860
69 24420 26040 2 3 1620
70 26160 28680 3 4 2520
71 31740 34260 4 3 2520
72 34380 36000 3 2 1620
73 36120 37980 2 5 1860
74 38940 41460 4 3 2520
75 41580 43200 3 2 1620
76 43320 45180 2 5 1860
77 46140 48660 4 3 2520
78 48780 50400 3 2 1620
79 50520 52380 2 5 1860
80 53340 55860 4 3 2520
81 55980 57600 3 2 1620
82 57720 59580 2 5 1860
83 60540 63060 4 3 2520
84 63180 64800 3 2 1620
85 64920 66780 2 5 1860
86 67740 70260 4 3 2520
87 70380 72000 3 2 1620
88 72120 73980 2 5 1860
89 74940 77460 4 3 2520
90 77580 79200 3 2 1620
93 25200 25920 2 0 720
94 27300 28020 0 2 720
95 28140 30660 2 1 2520
96 31800 32520 0 2 720
97 32640 35160 2 1 2520
98 36300 37020 0 2 720
99 37140 39660 2 1 2520
100 40800 41520 0 2 720
101 41640 44160 2 1 2520
102 45300 46020 0 2 720
103 46140 48660 2 1 2520
104 49800 50520 0 2 720
105 50640 53160 2 1 2520
106 54300 55020 0 2 720
107 55140 57660 2 1 2520
108 58800 59520 0 2 720
109 59640 62160 2 1 2520
110 63300 64020 0 2 720
111 64140 66660 2 1 2520
112 67800 68520 0 2 720
113 68640 71160 2 1 2520
114 72300 73020 0 2 720
115 73140 75660 2 1 2520
116 76800 77520 0 2 720
119 25080 26160 5 3 1080
120 26280 27900 3 2 1620
121 30480 32100 2 3 1620
122 32220 33300 3 5 1080
123 33420 35820 5 1 2400
124 37680 39300 2 3 1620
125 39420 40500 3 5 1080
126 40620 43020 5 1 2400
127 44880 46500 2 3 1620
128 46620 47700 3 5 1080
129 47820 50220 5 1 2400
130 52080 53700 2 3 1620
131 53820 54900 3 5 1080
132 55020 57420 5 1 2400
133 59280 60900 2 3 1620
134 61020 62100 3 5 1080
135 62220 64620 5 1 2400
136 66480 68100 2 3 1620
137 68220 69300 3 5 1080
138 69420 71820 5 1 2400
139 73680 75300 2 3 1620
140 75420 76500 3 5 1080
143 23640 26160 2 1 2520
144 27060 29580 1 2 2520
145 29700 30420 2 0 720
146 31560 34080 1 2 2520
147 34200 34920 2 0 720
148 36060 38580 1 2 2520
149 38700 39420 2 0 720
150 40560 43080 1 2 2520
151 43200 43920 2 0 720
152 45060 47580 1 2 2520
153 47700 48420 2 0 720
154 49560 52080 1 2 2520
155 52200 52920 2 0 720
156 54060 56580 1 2 2520
157 56700 57420 2 0 720
158 58560 61080 1 2 2520
159 61200 61920 2 0 720
160 63060 65580 1 2 2520
161 65700 66420 2 0 720
162 67560 70080 1 2 2520
163 70200 70920 2 0 720
164 72060 74580 1 2 2520
165 74700 75420 2 0 720
166 76560 79080 1 2 2520
168 23280 24900 2 3 1620
169 25020 26100 3 5 1080
170 26220 28620 5 1 2400
171 29760 32160 1 5 2400
172 32280 33360 5 3 1080
173 33480 35100 3 2 1620
174 36960 39360 1 5 2400
175 39480 40560 5 3 1080
176 40680 42300 3 2 1620
177 44160 46560 1 5 2400
178 46680 47760 5 3 1080
179 47880 49500 3 2 1620
180 51360 53760 1 5 2400
181 53880 54960 5 3 1080
182 55080 56700 3 2 1620
183 58560 60960 1 5 2400
184 61080 62160 5 3 1080
185 62280 63900 3 2 1620
186 65760 68160 1 5 2400
187 68280 69360 5 3 1080
188 69480 71100 3 2 1620
189 72960 75360 1 5 2400
190 75480 76560 5 3 1080
191 76680 78300 3 2 1620
193 26100 26820 2 0 720
194 28200 28920 0 2 720
195 29040 31560 2 1 2520
196 32700 33420 0 2 720
197 33540 36060 2 1 2520
198 37200 37920 0 2 720
199 38040 40560 2 1 2520
200 41700 42420 0 2 720
201 42540 45060 2 1 2520
202 46200 46920 0 2 720
203 47040 49560 2 1 2520
204 50700 51420 0 2 720
205 51540 54060 2 1 2520
206 55200 55920 0 2 720
207 56040 58560 2 1 2520
208 59700 60420 0 2 720
209 60540 63060 2 1 2520
210 64200 64920 0 2 720
211 65040 67560 2 1 2520
212 68700 69420 0 2 720
213 69540 72060 2 1 2520
214 73200 73920 0 2 720
215 74040 76560 2 1 2520
216 77700 78420 0 2 720
219 26940 28800 5 2 1860
220 32700 34560 2 5 1860
221 34680 38040 5 4 3360
222 39900 41760 2 5 1860
223 41880 45240 5 4 3360
224 47100 48960 2 5 1860
225 49080 52440 5 4 3360
226 54300 56160 2 5 1860
227 56280 59640 5 4 3360
228 61500 63360 2 5 1860
229 63480 66840 5 4 3360
230 68700 70560 2 5 1860
231 70680 74040 5 4 3360
232 75900 77760 2 5 1860
235 24540 27060 2 1 2520
236 27960 30480 1 2 2520
237 30600 31320 2 0 720
238 32460 34980 1 2 2520
239 35100 35820 2 0 720
240 36960 39480 1 2 2520
241 39600 40320 2 0 720
242 41460 43980 1 2 2520
243 44100 44820 2 0 720
244 45960 48480 1 2 2520
245 48600 49320 2 0 720
246 50460 52980 1 2 2520
247 53100 53820 2 0 720
248 54960 57480 1 2 2520
249 57600 58320 2 0 720
250 59460 61980 1 2 2520
251 62100 62820 2 0 720
252 63960 66480 1 2 2520
253 66600 67320 2 0 720
254 68460 70980 1 2 2520
255 71100 71820 2 0 720
256 72960 75480 1 2 2520
257 75600 76320 2 0 720
258 77460 79980 1 2 2520
261 27000 27720 2 0 720
262 29100 29820 0 2 720
263 29940 32460 2 1 2520
264 33600 34320 0 2 720
265 34440 36960 2 1 2520
266 38100 38820 0 2 720
267 38940 41460 2 1 2520
268 42600 43320 0 2 720
269 43440 45960 2 1 2520
270 47100 47820 0 2 720
271 47940 50460 2 1 2520
272 51600 52320 0 2 720
273 52440 54960 2 1 2520
274 56100 56820 0 2 720
275 56940 59460 2 1 2520
276 60600 61320 0 2 720
277 61440 63960 2 1 2520
278 65100 65820 0 2 720
279 65940 68460 2 1 2520
280 69600 70320 0 2 720
281 70440 72960 2 1 2520
282 74100 74820 0 2 720
283 74940 77460 2 1 2520
284 78600 79320 0 2 720
287 27180 28800 3 2 1620
288 28920 30780 2 5 1860
289 33240 35100 5 2 1860
290 35220 36840 2 3 1620
291 36960 39480 3 4 2520
292 40440 42300 5 2 1860
293 42420 44040 2 3 1620
294 44160 46680 3 4 2520
295 47640 49500 5 2 1860
296 49620 51240 2 3 1620
297 51360 53880 3 4 2520
298 54840 56700 5 2 1860
299 56820 58440 2 3 1620
300 58560 61080 3 4 2520
301 62040 63900 5 2 1860
302 64020 65640 2 3 1620
303 65760 68280 3 4 2520
304 69240 71100 5 2 1860
305 71220 72840 2 3 1620
306 72960 75480 3 4 2520
307 76440 78300 5 2 1860
308 78420 80040 2 3 1620
311 25440 27960 2 1 2520
312 28860 31380 1 2 2520
313 31500 32220 2 0 720
314 33360 35880 1 2 2520
315 36000 36720 2 0 720
316 37860 40380 1 2 2520
317 40500 41220 2 0 720
318 42360 44880 1 2 2520
319 45000 45720 2 0 720
320 46860 49380 1 2 2520
321 49500 50220 2 0 720
322 51360 53880 1 2 2520
323 54000 54720 2 0 720
324 55860 58380 1 2 2520
325 58500 59220 2 0 720
326 60360 62880 1 2 2520
327 63000 63720 2 0 720
328 64860 67380 1 2 2520
329 67500 68220 2 0 720
330 69360 71880 1 2 2520
331 72000 72720 2 0 720
332 73860 76380 1 2 2520
333 76500 77220 2 0 720
334 78360 80880 1 2 2520
337 27900 28620 2 0 720
338 30000 30720 0 2 720
339 30840 33360 2 1 2520
340 34500 35220 0 2 720
341 35340 37860 2 1 2520
342 39000 39720 0 2 720
343 39840 42360 2 1 2520
344 43500 44220 0 2 720
345 44340 46860 2 1 2520
346 48000 48720 0 2 720
347 48840 51360 2 1 2520
348 52500 53220 0 2 720
349 53340 55860 2 1 2520
350 57000 57720 0 2 720
351 57840 60360 2 1 2520
352 61500 62220 0 2 720
353 62340 64860 2 1 2520
354 66000 66720 0 2 720
355 66840 69360 2 1 2520
356 70500 71220 0 2 720
357 71340 73860 2 1 2520
358 75000 75720 0 2 720
361 26340 28860 2 1 2520
362 29760 32280 1 2 2520
363 32400 33120 2 0 720
364 34260 36780 1 2 2520
365 36900 37620 2 0 720
366 38760 41280 1 2 2520
367 41400 42120 2 0 720
368 43260 45780 1 2 2520
369 45900 46620 2 0 720
370 47760 50280 1 2 2520
371 50400 51120 2 0 720
372 52260 54780 1 2 2520
373 54900 55620 2 0 720
374 56760 59280 1 2 2520
375 59400 60120 2 0 720
376 61260 63780 1 2 2520
377 63900 64620 2 0 720
378 65760 68280 1 2 2520
379 68400 69120 2 0 720
380 70260 72780 1 2 2520
381 72900 73620 2 0 720
382 74760 77280 1 2 2520
384 25500 27360 2 5 1860
385 27480 30840 5 4 3360
386 34260 37620 4 5 3360
387 37740 39600 5 2 1860
388 41460 44820 4 5 3360
389 44940 46800 5 2 1860
390 48660 52020 4 5 3360
391 52140 54000 5 2 1860
392 55860 59220 4 5 3360
393 59340 61200 5 2 1860
394 63060 66420 4 5 3360
395 66540 68400 5 2 1860
396 70260 73620 4 5 3360
397 73740 75600 5 2 1860
398 77460 80820 4 5 3360
399 80940 82800 5 2 1860
400 26040 27900 5 2 1860
401 28020 29640 2 3 1620
402 29760 32280 3 4 2520
403 35340 37860 4 3 2520
404 37980 39600 3 2 1620
405 39720 41580 2 5 1860
406 42540 45060 4 3 2520
407 45180 46800 3 2 1620
408 46920 48780 2 5 1860
409 49740 52260 4 3 2520
410 52380 54000 3 2 1620
411 54120 55980 2 5 1860
412 56940 59460 4 3 2520
413 59580 61200 3 2 1620
414 61320 63180 2 5 1860
415 64140 66660 4 3 2520
416 66780 68400 3 2 1620
417 68520 70380 2 5 1860
418 71340 73860 4 3 2520
419 73980 75600 3 2 1620
420 75720 77580 2 5 1860
421 78540 81060 4 3 2520
422 81180 82800 3 2 1620
424 26160 28560 1 5 2400
425 28680 29760 5 3 1080
426 29880 31500 3 2 1620
427 34080 35700 2 3 1620
428 35820 36900 3 5 1080
429 37020 39420 5 1 2400
430 41280 42900 2 3 1620
431 43020 44100 3 5 1080
432 44220 46620 5 1 2400
433 48480 50100 2 3 1620
434 50220 51300 3 5 1080
435 51420 53820 5 1 2400
436 55680 57300 2 3 1620
437 57420 58500 3 5 1080
438 58620 61020 5 1 2400
439 62880 64500 2 3 1620
440 64620 65700 3 5 1080
441 65820 68220 5 1 2400
442 70080 71700 2 3 1620
443 71820 72900 3 5 1080
444 73020 75420 5 1 2400
445 77280 78900 2 3 1620
446 79020 80100 3 5 1080
448 26880 28500 2 3 1620
449 28620 29700 3 5 1080
450 29820 32220 5 1 2400
451 33360 35760 1 5 2400
452 35880 36960 5 3 1080
453 37080 38700 3 2 1620
454 40560 42960 1 5 2400
455 43080 44160 5 3 1080
456 44280 45900 3 2 1620
457 47760 50160 1 5 2400
458 50280 51360 5 3 1080
459 51480 53100 3 2 1620
460 54960 57360 1 5 2400
461 57480 58560 5 3 1080
462 58680 60300 3 2 1620
463 62160 64560 1 5 2400
464 64680 65760 5 3 1080
465 65880 67500 3 2 1620
466 69360 71760 1 5 2400
467 71880 72960 5 3 1080
468 73080 74700 3 2 1620
469 76560 78960 1 5 2400
470 79080 80160 5 3 1080
471 80280 81900 3 2 1620
473 30540 32400 5 2 1860
474 36300 38160 2 5 1860
475 38280 41640 5 4 3360
476 43500 45360 2 5 1860
477 45480 48840 5 4 3360
478 50700 52560 2 5 1860
479 52680 56040 5 4 3360
480 57900 59760 2 5 1860
481 59880 63240 5 4 3360
482 65100 66960 2 5 1860
483 67080 70440 5 4 3360
484 72300 74160 2 5 1860
485 74280 77640 5 4 3360
486 28140 30660 4 3 2520
487 30780 32400 3 2 1620
488 32520 34380 2 5 1860
489 36840 38700 5 2 1860
490 38820 40440 2 3 1620
491 40560 43080 3 4 2520
492 44040 45900 5 2 1860
493 46020 47640 2 3 1620
494 47760 50280 3 4 2520
495 51240 53100 5 2 1860
496 53220 54840 2 3 1620
497 54960 57480 3 4 2520
498 58440 60300 5 2 1860
499 60420 62040 2 3 1620
500 62160 64680 3 4 2520
501 65640 67500 5 2 1860
502 67620 69240 2 3 1620
503 69360 71880 3 4 2520
504 72840 74700 5 2 1860
505 74820 76440 2 3 1620
507 29100 30960 2 5 1860
508 31080 34440 5 4 3360
509 37860 41220 4 5 3360
510 41340 43200 5 2 1860
511 29640 31500 5 2 1860
512 31620 33240 2 3 1620
513 33360 35880 3 4 2520
514 38940 41460 4 3 2520
515 41580 43200 3 2 1620
516 43320 45180 2 5 1860
