0 22740 25260 13 1 2520
1 27180 29700 1 13 2520
2 29820 30720 13 0 900
3 34380 36900 1 13 2520
4 37020 37920 13 0 900
5 41580 44100 1 13 2520
6 44220 45120 13 0 900
7 48780 51300 1 13 2520
8 51420 52320 13 0 900
9 55980 58500 1 13 2520
10 58620 59520 13 0 900
11 63180 65700 1 13 2520
12 65820 66720 13 0 900
13 70380 72900 1 13 2520
14 73020 73920 13 0 900
15 77580 80100 1 13 2520
16 80220 81120 13 0 900
17 26160 29280 1 5 3120
18 30660 33780 5 1 3120
19 33900 35340 1 7 1440
20 35460 37020 7 12 1560
21 37260 38460 12 11 1200
22 41460 44580 5 1 3120
23 44700 46140 1 7 1440
24 46260 47820 7 12 1560
25 48060 49260 12 11 1200
26 52260 55380 5 1 3120
27 55500 56940 1 7 1440
28 57060 58620 7 12 1560
29 58860 60060 12 11 1200
30 63060 66180 5 1 3120
31 66300 67740 1 7 1440
32 67860 69420 7 12 1560
33 69660 70860 12 11 1200
34 73860 76980 5 1 3120
35 77100 78540 1 7 1440
36 22740 25260 13 1 2520
37 25380 26820 1 7 1440
38 28200 29640 7 1 1440
39 29760 32280 1 13 2520
40 32400 33300 13 0 900
41 35400 36840 7 1 1440
42 36960 39480 1 13 2520
43 39600 40500 13 0 900
44 42600 44040 7 1 1440
45 44160 46680 1 13 2520
46 46800 47700 13 0 900
47 49800 51240 7 1 1440
48 51360 53880 1 13 2520
49 54000 54900 13 0 900
50 57000 58440 7 1 1440
51 58560 61080 1 13 2520
52 61200 62100 13 0 900
53 64200 65640 7 1 1440
54 65760 68280 1 13 2520
55 68400 69300 13 0 900
56 71400 72840 7 1 1440
57 72960 75480 1 13 2520
58 75600 76500 13 0 900
59 78600 80040 7 1 1440
60 80160 82680 1 13 2520
61 82800 83700 13 0 900
62 25140 26040 13 0 900
63 26760 27660 0 13 900
64 27780 28920 13 18 1140
65 29040 30960 18 3 1920
66 33960 34860 0 13 900
67 34980 36120 13 18 1140
68 36240 38160 18 3 1920
69 41160 42060 0 13 900
70 42180 43320 13 18 1140
71 43440 45360 18 3 1920
72 48360 49260 0 13 900
73 49380 50520 13 18 1140
74 50640 52560 18 3 1920
75 55560 56460 0 13 900
76 56580 57720 13 18 1140
77 57840 59760 18 3 1920
78 62760 63660 0 13 900
79 63780 64920 13 18 1140
80 65040 66960 18 3 1920
81 69960 70860 0 13 900
82 70980 72120 13 18 1140
83 72240 74160 18 3 1920
84 77160 78060 0 13 900
85 78180 79320 13 18 1140
86 25200 27240 13 6 2040
87 27420 28560 6 8 1140
88 30360 31500 8 6 1140
89 31620 33660 6 13 2040
90 33780 36960 13 4 3180
91 37560 38700 8 6 1140
92 38820 40860 6 13 2040
93 40980 44160 13 4 3180
94 44760 45900 8 6 1140
95 46020 48060 6 13 2040
96 48180 51360 13 4 3180
97 51960 53100 8 6 1140
98 53220 55260 6 13 2040
99 55380 58560 13 4 3180
100 59160 60300 8 6 1140
101 60420 62460 6 13 2040
102 62580 65760 13 4 3180
103 66360 67500 8 6 1140
104 67620 69660 6 13 2040
105 69780 72960 13 4 3180
106 73560 74700 8 6 1140
107 74820 76860 6 13 2040
108 76980 80160 13 4 3180
109 25200 27900 13 8 2700
110 28020 31320 8 10 3300
111 31440 33900 10 14 2460
112 35700 38160 14 10 2460
113 38280 41580 10 8 3300
114 41700 44400 8 13 2700
115 44520 47580 13 2 3060
116 50100 52560 14 10 2460
117 52680 55980 10 8 3300
118 56100 58800 8 13 2700
119 58920 61980 13 2 3060
120 64500 66960 14 10 2460
121 67080 70380 10 8 3300
122 70500 73200 8 13 2700
123 73320 76380 13 2 3060
124 78900 81360 14 10 2460
125 81480 84780 10 8 3300
126 84900 87600 8 13 2700
127 23460 25500 13 6 2040
128 25620 26760 6 8 1140
129 26880 30180 8 10 3300
130 30420 32880 10 14 2460
131 34560 37020 14 10 2460
132 37140 40440 10 8 3300
133 40560 41700 8 6 1140
134 41820 43860 6 13 2040
135 43980 45120 13 18 1140
136 48960 51420 14 10 2460
137 51540 54840 10 8 3300
138 54960 56100 8 6 1140
139 56220 58260 6 13 2040
140 58380 59520 13 18 1140
141 63360 65820 14 10 2460
142 65940 69240 10 8 3300
143 69360 70500 8 6 1140
144 70620 72660 6 13 2040
145 72780 73920 13 18 1140
146 77760 80220 14 10 2460
147 80340 83640 10 8 3300
148 83760 84900 8 6 1140
149 85020 87060 6 13 2040
150 28020 28920 13 0 900
151 32160 33060 0 13 900
152 33180 35700 13 1 2520
153 35820 38820 1 11 3000
154 42960 43860 0 13 900
155 43980 46500 13 1 2520
156 46620 49620 1 11 3000
157 53760 54660 0 13 900
158 54780 57300 13 1 2520
159 57420 60420 1 11 3000
160 64560 65460 0 13 900
161 65580 68100 13 1 2520
162 68220 71220 1 11 3000
163 75360 76260 0 13 900
164 76380 78900 13 1 2520
165 26940 28200 1 18 1260
166 28320 30240 18 3 1920
167 33540 35460 3 18 1920
168 35580 36840 18 1 1260
169 36960 39960 1 11 3000
170 40080 41280 11 12 1200
171 44340 46260 3 18 1920
172 46380 47640 18 1 1260
173 47760 50760 1 11 3000
174 50880 52080 11 12 1200
175 55140 57060 3 18 1920
176 57180 58440 18 1 1260
177 58560 61560 1 11 3000
178 61680 62880 11 12 1200
179 65940 67860 3 18 1920
180 67980 69240 18 1 1260
181 69360 72360 1 11 3000
182 72480 73680 11 12 1200
183 76740 78660 3 18 1920
184 78780 80040 18 1 1260
185 30720 31800 9 12 1080
186 31920 33120 12 11 1200
187 34320 35400 9 12 1080
188 35520 36720 12 11 1200
189 37920 39000 9 12 1080
190 39120 40320 12 11 1200
191 41520 42600 9 12 1080
192 42720 43920 12 11 1200
193 45120 46200 9 12 1080
194 46320 47520 12 11 1200
195 48720 49800 9 12 1080
196 49920 51120 12 11 1200
197 52320 53400 9 12 1080
198 53520 54720 12 11 1200
199 55920 57000 9 12 1080
200 57120 58320 12 11 1200
201 59520 60600 9 12 1080
202 60720 61920 12 11 1200
203 63120 64200 9 12 1080
204 64320 65520 12 11 1200
205 66720 67800 9 12 1080
206 67920 69120 12 11 1200
207 70320 71400 9 12 1080
208 71520 72720 12 11 1200
209 73920 75000 9 12 1080
210 75120 76320 12 11 1200
211 77520 78600 9 12 1080
212 23400 24540 13 18 1140
213 24660 25920 18 1 1260
214 26040 27480 1 7 1440
215 27600 29160 7 12 1560
216 30120 31680 12 7 1560
217 31800 33240 7 1 1440
218 33360 34620 1 18 1260
219 34740 35880 18 13 1140
220 36000 36900 13 0 900
221 40920 42480 12 7 1560
222 42600 44040 7 1 1440
223 44160 45420 1 18 1260
224 45540 46680 18 13 1140
225 46800 47700 13 0 900
226 51720 53280 12 7 1560
227 53400 54840 7 1 1440
228 54960 56220 1 18 1260
229 56340 57480 18 13 1140
230 57600 58500 13 0 900
231 62520 64080 12 7 1560
232 64200 65640 7 1 1440
233 65760 67020 1 18 1260
234 67140 68280 18 13 1140
235 68400 69300 13 0 900
236 73320 74880 12 7 1560
237 75000 76440 7 1 1440
238 76560 77820 1 18 1260
239 77940 79080 18 13 1140
240 79200 80100 13 0 900
241 23400 26100 13 8 2700
242 26220 29520 8 10 3300
243 33360 36660 10 8 3300
244 36780 39480 8 13 2700
245 39600 40500 13 0 900
246 44160 47460 10 8 3300
247 47580 50280 8 13 2700
248 50400 51300 13 0 900
249 54960 58260 10 8 3300
250 58380 61080 8 13 2700
251 61200 62100 13 0 900
252 65760 69060 10 8 3300
253 69180 71880 8 13 2700
254 72000 72900 13 0 900
255 76560 79860 10 8 3300
256 79980 82680 8 13 2700
257 82800 83700 13 0 900
258 22380 25440 13 2 3060
259 25560 26460 2 4 900
260 28140 29040 4 2 900
261 29220 32280 2 13 3060
262 35340 36240 4 2 900
263 36420 39480 2 13 3060
264 42540 43440 4 2 900
265 43620 46680 2 13 3060
266 49740 50640 4 2 900
267 50820 53880 2 13 3060
268 56940 57840 4 2 900
269 58020 61080 2 13 3060
270 64140 65040 4 2 900
271 65220 68280 2 13 3060
272 71340 72240 4 2 900
273 72420 75480 2 13 3060
274 78540 79440 4 2 900
275 79620 82680 2 13 3060
276 22440 25620 13 4 3180
277 25740 28740 4 15 3000
278 28860 31260 15 17 2400
279 35280 37680 17 15 2400
280 37800 40800 15 4 3000
281 40920 44100 4 13 3180
282 46080 48480 17 15 2400
283 48600 51600 15 4 3000
284 51720 54900 4 13 3180
285 56880 59280 17 15 2400
286 59400 62400 15 4 3000
287 62520 65700 4 13 3180
288 67680 70080 17 15 2400
289 70200 73200 15 4 3000
290 73320 76500 4 13 3180
291 78480 80880 17 15 2400
292 81000 84000 15 4 3000
293 84120 87300 4 13 3180
294 23520 24660 13 18 1140
295 24780 26040 18 1 1260
296 26160 27600 1 7 1440
297 27720 29580 7 9 1860
298 33420 35280 9 7 1860
299 35400 36840 7 1 1440
300 36960 38220 1 18 1260
301 38340 39480 18 13 1140
302 39600 40500 13 0 900
303 44220 46080 9 7 1860
304 46200 47640 7 1 1440
305 47760 49020 1 18 1260
306 49140 50280 18 13 1140
307 50400 51300 13 0 900
308 55020 56880 9 7 1860
309 57000 58440 7 1 1440
310 58560 59820 1 18 1260
311 59940 61080 18 13 1140
312 61200 62100 13 0 900
313 65820 67680 9 7 1860
314 67800 69240 7 1 1440
315 69360 70620 1 18 1260
316 70740 71880 18 13 1140
317 72000 72900 13 0 900
318 76620 78480 9 7 1860
319 78600 80040 7 1 1440
320 80160 81420 1 18 1260
321 81540 82680 18 13 1140
322 82800 83700 13 0 900
323 26520 29700 4 13 3180
324 29820 30720 13 0 900
325 32160 33060 0 13 900
326 33180 36360 13 4 3180
327 36480 39480 4 15 3000
328 39600 40320 15 16 720
329 42960 43860 0 13 900
330 43980 47160 13 4 3180
331 47280 50280 4 15 3000
332 50400 51120 15 16 720
333 53760 54660 0 13 900
334 54780 57960 13 4 3180
335 58080 61080 4 15 3000
336 61200 61920 15 16 720
337 64560 65460 0 13 900
338 65580 68760 13 4 3180
339 68880 71880 4 15 3000
340 72000 72720 15 16 720
341 75360 76260 0 13 900
342 76380 79560 13 4 3180
343 79680 82680 4 15 3000
344 28800 29700 13 0 900
345 33180 34080 0 13 900
346 34200 36900 13 8 2700
347 37020 40320 8 10 3300
348 43980 44880 0 13 900
349 45000 47700 13 8 2700
350 47820 51120 8 10 3300
351 54780 55680 0 13 900
352 55800 58500 13 8 2700
353 58620 61920 8 10 3300
354 65580 66480 0 13 900
355 66600 69300 13 8 2700
356 69420 72720 8 10 3300
357 76380 77280 0 13 900
358 77400 80100 13 8 2700
359 80220 83520 8 10 3300
360 26160 27420 1 18 1260
361 27540 28680 18 13 1140
362 28800 29700 13 0 900
363 33300 34200 0 13 900
364 34320 35460 13 18 1140
365 35580 36840 18 1 1260
366 36960 38400 1 7 1440
367 38520 40380 7 9 1860
368 44100 45000 0 13 900
369 45120 46260 13 18 1140
370 46380 47640 18 1 1260
371 47760 49200 1 7 1440
372 49320 51180 7 9 1860
373 54900 55800 0 13 900
374 55920 57060 13 18 1140
375 57180 58440 18 1 1260
376 58560 60000 1 7 1440
377 60120 61980 7 9 1860
378 65700 66600 0 13 900
379 66720 67860 13 18 1140
380 67980 69240 18 1 1260
381 69360 70800 1 7 1440
382 70920 72780 7 9 1860
383 76500 77400 0 13 900
384 77520 78660 13 18 1140
385 78780 80040 18 1 1260
386 80160 81600 1 7 1440
387 27000 27900 13 0 900
388 28560 29460 0 13 900
389 29580 31620 13 6 2040
390 31800 33840 6 3 2040
391 35760 36660 0 13 900
392 36780 38820 13 6 2040
393 39000 41040 6 3 2040
394 42960 43860 0 13 900
395 43980 46020 13 6 2040
396 46200 48240 6 3 2040
397 50160 51060 0 13 900
398 51180 53220 13 6 2040
399 53400 55440 6 3 2040
400 57360 58260 0 13 900
401 58380 60420 13 6 2040
402 60600 62640 6 3 2040
403 64560 65460 0 13 900
404 65580 67620 13 6 2040
405 67800 69840 6 3 2040
406 71760 72660 0 13 900
407 72780 74820 13 6 2040
408 75000 77040 6 3 2040
409 78960 79860 0 13 900
410 79980 82020 13 6 2040
411 25860 26760 13 0 900
412 27000 28860 0 5 1860
413 31200 33060 5 0 1860
414 33180 34080 0 13 900
415 34200 37260 13 2 3060
416 38400 40260 5 0 1860
417 40380 41280 0 13 900
418 41400 44460 13 2 3060
419 45600 47460 5 0 1860
420 47580 48480 0 13 900
421 48600 51660 13 2 3060
422 52800 54660 5 0 1860
423 54780 55680 0 13 900
424 55800 58860 13 2 3060
425 60000 61860 5 0 1860
426 61980 62880 0 13 900
427 63000 66060 13 2 3060
428 67200 69060 5 0 1860
429 69180 70080 0 13 900
430 70200 73260 13 2 3060
431 74400 76260 5 0 1860
432 76380 77280 0 13 900
433 77400 80460 13 2 3060
434 26160 29160 1 11 3000
435 29280 30480 11 12 1200
436 33060 34380 12 11 1320
437 34620 37620 11 1 3000
438 37740 39000 1 18 1260
439 39120 41040 18 3 1920
440 43860 45180 12 11 1320
441 45420 48420 11 1 3000
442 48540 49800 1 18 1260
443 49920 51840 18 3 1920
444 54660 55980 12 11 1320
445 56220 59220 11 1 3000
446 59340 60600 1 18 1260
447 60720 62640 18 3 1920
448 65460 66780 12 11 1320
449 67020 70020 11 1 3000
450 70140 71400 1 18 1260
451 71520 73440 18 3 1920
452 76260 77580 12 11 1320
453 77820 80820 11 1 3000
454 80940 82200 1 18 1260
455 26160 27420 1 18 1260
456 27540 28680 18 13 1140
457 28800 29700 13 0 900
458 33180 34080 0 13 900
459 34200 35340 13 18 1140
460 35460 36720 18 1 1260
461 36840 38280 1 7 1440
462 38400 39960 7 12 1560
463 43980 44880 0 13 900
464 45000 46140 13 18 1140
465 46260 47520 18 1 1260
466 47640 49080 1 7 1440
467 49200 50760 7 12 1560
468 54780 55680 0 13 900
469 55800 56940 13 18 1140
470 57060 58320 18 1 1260
471 58440 59880 1 7 1440
472 60000 61560 7 12 1560
473 65580 66480 0 13 900
474 66600 67740 13 18 1140
475 67860 69120 18 1 1260
476 69240 70680 1 7 1440
477 70800 72360 7 12 1560
478 76380 77280 0 13 900
479 77400 78540 13 18 1140
480 78660 79920 18 1 1260
481 80040 81480 1 7 1440
482 24180 25320 13 18 1140
483 25440 27360 18 3 1920
484 29040 30960 3 18 1920
485 31080 32220 18 13 1140
486 32340 33240 13 0 900
487 36240 38160 3 18 1920
488 38280 39420 18 13 1140
489 39540 40440 13 0 900
490 43440 45360 3 18 1920
491 45480 46620 18 13 1140
492 46740 47640 13 0 900
493 50640 52560 3 18 1920
494 52680 53820 18 13 1140
495 53940 54840 13 0 900
496 57840 59760 3 18 1920
497 59880 61020 18 13 1140
498 61140 62040 13 0 900
499 65040 66960 3 18 1920
500 67080 68220 18 13 1140
501 68340 69240 13 0 900
502 72240 74160 3 18 1920
503 74280 75420 18 13 1140
504 75540 76440 13 0 900
505 24180 26220 13 6 2040
506 26400 28440 6 3 2040
507 29880 31920 3 6 2040
508 32040 34080 6 13 2040
509 34200 35100 13 0 900
510 37080 39120 3 6 2040
511 39240 41280 6 13 2040
512 41400 42300 13 0 900
513 44280 46320 3 6 2040
514 46440 48480 6 13 2040
515 48600 49500 13 0 900
516 51480 53520 3 6 2040
517 53640 55680 6 13 2040
518 55800 56700 13 0 900
519 58680 60720 3 6 2040
520 60840 62880 6 13 2040
521 63000 63900 13 0 900
522 65880 67920 3 6 2040
523 68040 70080 6 13 2040
524 70200 71100 13 0 900
525 73080 75120 3 6 2040
526 75240 77280 6 13 2040
527 77400 78300 13 0 900
528 26580 29760 13 4 3180
529 32700 35880 4 13 3180
530 36000 38040 13 6 2040
531 38220 39360 6 8 1140
532 43500 46680 4 13 3180
533 46800 48840 13 6 2040
534 49020 50160 6 8 1140
535 54300 57480 4 13 3180
536 57600 59640 13 6 2040
537 59820 60960 6 8 1140
538 65100 68280 4 13 3180
539 68400 70440 13 6 2040
540 70620 71760 6 8 1140
541 75900 79080 4 13 3180
542 79200 81240 13 6 2040
543 81420 82560 6 8 1140
544 30960 32820 4 5 1860
545 32940 36060 5 1 3120
546 38160 40020 4 5 1860
547 40140 43260 5 1 3120
548 45360 47220 4 5 1860
549 47340 50460 5 1 3120
550 52560 54420 4 5 1860
551 54540 57660 5 1 3120
552 59760 61620 4 5 1860
553 61740 64860 5 1 3120
554 66960 68820 4 5 1860
555 68940 72060 5 1 3120
556 74160 76020 4 5 1860
557 76140 79260 5 1 3120
558 27360 30360 4 15 3000
559 30480 31200 15 16 720
560 34200 34920 16 15 720
561 35040 38040 15 4 3000
562 38160 40020 4 5 1860
563 40200 42060 5 0 1860
564 45000 45720 16 15 720
565 45840 48840 15 4 3000
566 48960 50820 4 5 1860
567 51000 52860 5 0 1860
568 55800 56520 16 15 720
569 56640 59640 15 4 3000
570 59760 61620 4 5 1860
571 61800 63660 5 0 1860
572 66600 67320 16 15 720
573 67440 70440 15 4 3000
574 70560 72420 4 5 1860
575 72600 74460 5 0 1860
576 77400 78120 16 15 720
577 78240 81240 15 4 3000
578 81360 83220 4 5 1860
579 83400 85260 5 0 1860
580 27360 29220 4 5 1860
581 29400 31260 5 0 1860
582 34200 36060 0 5 1860
583 36180 38040 5 4 1860
584 38160 41160 4 15 3000
585 41280 42000 15 16 720
586 45000 46860 0 5 1860
587 46980 48840 5 4 1860
588 48960 51960 4 15 3000
589 52080 52800 15 16 720
590 55800 57660 0 5 1860
591 57780 59640 5 4 1860
592 59760 62760 4 15 3000
593 62880 63600 15 16 720
594 66600 68460 0 5 1860
595 68580 70440 5 4 1860
596 70560 73560 4 15 3000
597 73680 74400 15 16 720
598 77400 79260 0 5 1860
599 79380 81240 5 4 1860
600 81360 84360 4 15 3000
601 84480 85200 15 16 720
602 26700 28140 1 7 1440
603 28260 29820 7 12 1560
604 30060 31260 12 11 1200
605 32400 33600 11 12 1200
606 33720 35280 12 7 1560
607 35400 36840 7 1 1440
608 36960 40080 1 5 3120
609 43200 44400 11 12 1200
610 44520 46080 12 7 1560
611 46200 47640 7 1 1440
612 47760 50880 1 5 3120
613 54000 55200 11 12 1200
614 55320 56880 12 7 1560
615 57000 58440 7 1 1440
616 58560 61680 1 5 3120
617 64800 66000 11 12 1200
618 66120 67680 12 7 1560
619 67800 69240 7 1 1440
620 69360 72480 1 5 3120
621 75600 76800 11 12 1200
622 76920 78480 12 7 1560
623 78600 80040 7 1 1440
624 30900 31980 12 9 1080
625 33060 34260 11 12 1200
626 34500 35580 12 9 1080
627 36660 37860 11 12 1200
628 38100 39180 12 9 1080
629 40260 41460 11 12 1200
630 41700 42780 12 9 1080
631 43860 45060 11 12 1200
632 45300 46380 12 9 1080
633 47460 48660 11 12 1200
634 48900 49980 12 9 1080
635 51060 52260 11 12 1200
636 52500 53580 12 9 1080
637 54660 55860 11 12 1200
638 56100 57180 12 9 1080
639 58260 59460 11 12 1200
640 59700 60780 12 9 1080
641 61860 63060 11 12 1200
642 63300 64380 12 9 1080
643 65460 66660 11 12 1200
644 66900 67980 12 9 1080
645 69060 70260 11 12 1200
646 70500 71580 12 9 1080
647 72660 73860 11 12 1200
648 74100 75180 12 9 1080
649 76260 77460 11 12 1200
650 26220 27120 13 0 900
651 28800 29700 0 13 900
652 29940 32460 13 1 2520
653 36000 36900 0 13 900
654 37140 39660 13 1 2520
655 43200 44100 0 13 900
656 44340 46860 13 1 2520
657 50400 51300 0 13 900
658 51540 54060 13 1 2520
659 57600 58500 0 13 900
660 58740 61260 13 1 2520
661 64800 65700 0 13 900
662 65940 68460 13 1 2520
663 72000 72900 0 13 900
664 73140 75660 13 1 2520
665 79200 80100 0 13 900
666 80340 82860 13 1 2520
667 28440 31620 13 4 3180
668 31740 32640 4 2 900
669 35640 38820 13 4 3180
670 38940 39840 4 2 900
671 42840 46020 13 4 3180
672 46140 47040 4 2 900
673 50040 53220 13 4 3180
674 53340 54240 4 2 900
675 57240 60420 13 4 3180
676 60540 61440 4 2 900
677 64440 67620 13 4 3180
678 67740 68640 4 2 900
679 71640 74820 13 4 3180
680 74940 75840 4 2 900
681 78840 82020 13 4 3180
682 29760 30900 8 6 1140
683 31020 33060 6 13 2040
684 33180 34320 13 18 1140
685 36600 37740 18 13 1140
686 37860 39900 13 6 2040
687 40020 41160 6 8 1140
688 41280 44580 8 10 3300
689 44820 47280 10 14 2460
690 51000 52140 18 13 1140
691 52260 54300 13 6 2040
692 54420 55560 6 8 1140
693 55680 58980 8 10 3300
694 59220 61680 10 14 2460
695 65400 66540 18 13 1140
696 66660 68700 13 6 2040
697 68820 69960 6 8 1140
698 70080 73380 8 10 3300
699 73620 76080 10 14 2460
700 30540 33660 1 5 3120
701 33780 35640 5 4 1860
702 37740 40860 1 5 3120
703 40980 42840 5 4 1860
704 44940 48060 1 5 3120
705 48180 50040 5 4 1860
706 52140 55260 1 5 3120
707 55380 57240 5 4 1860
708 59340 62460 1 5 3120
709 62580 64440 5 4 1860
710 66540 69660 1 5 3120
711 69780 71640 5 4 1860
712 73740 76860 1 5 3120
713 76980 78840 5 4 1860
714 27000 30060 13 2 3060
715 33480 36540 2 13 3060
716 36660 37560 13 0 900
717 37800 39660 0 5 1860
718 40680 43740 2 13 3060
719 43860 44760 13 0 900
720 45000 46860 0 5 1860
721 47880 50940 2 13 3060
722 51060 51960 13 0 900
723 52200 54060 0 5 1860
724 55080 58140 2 13 3060
725 58260 59160 13 0 900
726 59400 61260 0 5 1860
727 62280 65340 2 13 3060
728 65460 66360 13 0 900
729 66600 68460 0 5 1860
730 69480 72540 2 13 3060
731 72660 73560 13 0 900
732 73800 75660 0 5 1860
733 76680 79740 2 13 3060
734 79860 80760 13 0 900
735 26400 27540 18 13 1140
736 27660 30840 13 4 3180
737 30960 33960 4 15 3000
738 34080 34800 15 16 720
739 35040 37440 16 17 2400
740 38880 41280 17 16 2400
741 41400 42120 16 15 720
742 42240 45240 15 4 3000
743 45360 48540 4 13 3180
744 48660 49800 13 18 1140
745 49920 51840 18 3 1920
746 53280 55680 17 16 2400
747 55800 56520 16 15 720
748 56640 59640 15 4 3000
749 59760 62940 4 13 3180
750 63060 64200 13 18 1140
751 64320 66240 18 3 1920
752 67680 70080 17 16 2400
753 70200 70920 16 15 720
754 71040 74040 15 4 3000
755 74160 77340 4 13 3180
756 77460 78600 13 18 1140
757 27960 29220 1 18 1260
758 29340 30480 18 13 1140
759 30600 33300 13 8 2700
760 33420 36720 8 10 3300
761 38880 42180 10 8 3300
762 42300 45000 8 13 2700
763 45120 46260 13 18 1140
764 46380 47640 18 1 1260
765 47760 49200 1 7 1440
766 49320 51180 7 9 1860
767 53280 56580 10 8 3300
768 56700 59400 8 13 2700
769 59520 60660 13 18 1140
770 60780 62040 18 1 1260
771 62160 63600 1 7 1440
772 63720 65580 7 9 1860
773 67680 70980 10 8 3300
774 71100 73800 8 13 2700
775 73920 75060 13 18 1140
776 75180 76440 18 1 1260
777 76560 78000 1 7 1440
778 26640 28680 6 13 2040
779 28800 29700 13 0 900
780 30360 31260 0 13 900
781 31380 33420 13 6 2040
782 33600 35640 6 3 2040
783 37560 38460 0 13 900
784 38580 40620 13 6 2040
785 40800 42840 6 3 2040
786 44760 45660 0 13 900
787 45780 47820 13 6 2040
788 48000 50040 6 3 2040
789 51960 52860 0 13 900
790 52980 55020 13 6 2040
791 55200 57240 6 3 2040
792 59160 60060 0 13 900
793 60180 62220 13 6 2040
794 62400 64440 6 3 2040
795 66360 67260 0 13 900
796 67380 69420 13 6 2040
797 69600 71640 6 3 2040
798 73560 74460 0 13 900
799 74580 76620 13 6 2040
800 30120 33300 4 13 3180
801 36840 40020 13 4 3180
802 40140 43140 4 15 3000
803 43260 45660 15 17 2400
804 47640 50820 13 4 3180
805 50940 53940 4 15 3000
806 54060 56460 15 17 2400
807 58440 61620 13 4 3180
808 61740 64740 4 15 3000
809 64860 67260 15 17 2400
810 69240 72420 13 4 3180
811 72540 75540 4 15 3000
812 27900 30600 8 13 2700
813 30720 31860 13 18 1140
814 31980 33240 18 1 1260
815 33360 34800 1 7 1440
816 34920 36780 7 9 1860
817 38820 40680 9 7 1860
818 40800 42240 7 1 1440
819 42360 43620 1 18 1260
820 43740 44880 18 13 1140
821 45000 47700 13 8 2700
822 47820 51120 8 10 3300
823 53220 55080 9 7 1860
824 55200 56640 7 1 1440
825 56760 58020 1 18 1260
826 58140 59280 18 13 1140
827 59400 62100 13 8 2700
828 62220 65520 8 10 3300
829 67620 69480 9 7 1860
830 69600 71040 7 1 1440
831 71160 72420 1 18 1260
832 72540 73680 18 13 1140
833 73800 76500 13 8 2700
834 76620 79920 8 10 3300
835 30960 34140 4 13 3180
836 34260 35400 13 18 1140
837 35520 37440 18 3 1920
838 38760 40680 3 18 1920
839 40800 41940 18 13 1140
840 42060 45240 13 4 3180
841 45360 48360 4 15 3000
842 48480 49200 15 16 720
843 49440 51840 16 17 2400
844 53160 55080 3 18 1920
845 55200 56340 18 13 1140
846 56460 59640 13 4 3180
847 59760 62760 4 15 3000
848 62880 63600 15 16 720
849 63840 66240 16 17 2400
850 67560 69480 3 18 1920
851 69600 70740 18 13 1140
852 70860 74040 13 4 3180
853 74160 77160 4 15 3000
854 77280 78000 15 16 720
855 29580 32640 13 2 3060
856 32760 33660 2 4 900
857 36780 39840 13 2 3060
858 39960 40860 2 4 900
859 43980 47040 13 2 3060
860 47160 48060 2 4 900
861 51180 54240 13 2 3060
862 54360 55260 2 4 900
863 58380 61440 13 2 3060
864 61560 62460 2 4 900
865 65580 68640 13 2 3060
866 68760 69660 2 4 900
867 72780 75840 13 2 3060
868 75960 76860 2 4 900
869 26160 28680 1 13 2520
870 28800 29700 13 0 900
871 32460 33360 0 13 900
872 33540 36060 13 1 2520
873 36180 37620 1 7 1440
874 39660 40560 0 13 900
875 40740 43260 13 1 2520
876 43380 44820 1 7 1440
877 46860 47760 0 13 900
878 47940 50460 13 1 2520
879 50580 52020 1 7 1440
880 54060 54960 0 13 900
881 55140 57660 13 1 2520
882 57780 59220 1 7 1440
883 61260 62160 0 13 900
884 62340 64860 13 1 2520
885 64980 66420 1 7 1440
886 68460 69360 0 13 900
887 69540 72060 13 1 2520
888 72180 73620 1 7 1440
889 75660 76560 0 13 900
890 76740 79260 13 1 2520
891 79380 80820 1 7 1440
892 24840 28020 13 4 3180
893 28140 29040 4 2 900
894 30840 31740 2 4 900
895 31860 35040 4 13 3180
896 38040 38940 2 4 900
897 39060 42240 4 13 3180
898 45240 46140 2 4 900
899 46260 49440 4 13 3180
900 52440 53340 2 4 900
901 53460 56640 4 13 3180
902 59640 60540 2 4 900
903 60660 63840 4 13 3180
904 66840 67740 2 4 900
905 67860 71040 4 13 3180
906 74040 74940 2 4 900
907 75060 78240 4 13 3180
908 30900 33600 8 13 2700
909 33720 36780 13 2 3060
910 40020 43080 2 13 3060
911 43200 45900 13 8 2700
912 46020 49320 8 10 3300
913 49440 51900 10 14 2460
914 54420 57480 2 13 3060
915 57600 60300 13 8 2700
916 60420 63720 8 10 3300
917 63840 66300 10 14 2460
918 68820 71880 2 13 3060
919 72000 74700 13 8 2700
920 74820 78120 8 10 3300
921 25980 28500 13 1 2520
922 28620 31620 1 11 3000
923 33060 36060 11 1 3000
924 36180 38700 1 13 2520
925 38820 39720 13 0 900
926 43860 46860 11 1 3000
927 46980 49500 1 13 2520
928 49620 50520 13 0 900
929 54660 57660 11 1 3000
930 57780 60300 1 13 2520
931 60420 61320 13 0 900
932 65460 68460 11 1 3000
933 68580 71100 1 13 2520
934 71220 72120 13 0 900
935 76260 79260 11 1 3000
936 79380 81900 1 13 2520
937 82020 82920 13 0 900
938 25980 28020 13 6 2040
939 28200 30240 6 3 2040
940 31680 33720 3 6 2040
941 33840 35880 6 13 2040
942 36000 36900 13 0 900
943 38880 40920 3 6 2040
944 41040 43080 6 13 2040
945 43200 44100 13 0 900
946 46080 48120 3 6 2040
947 48240 50280 6 13 2040
948 50400 51300 13 0 900
949 53280 55320 3 6 2040
950 55440 57480 6 13 2040
951 57600 58500 13 0 900
952 60480 62520 3 6 2040
953 62640 64680 6 13 2040
954 64800 65700 13 0 900
955 67680 69720 3 6 2040
956 69840 71880 6 13 2040
957 72000 72900 13 0 900
958 74880 76920 3 6 2040
959 77040 79080 6 13 2040
960 79200 80100 13 0 900
961 25980 29160 13 4 3180
962 29280 32280 4 15 3000
963 32400 33120 15 16 720
964 36960 37680 16 15 720
965 37800 40800 15 4 3000
966 40920 44100 4 13 3180
967 44220 45120 13 0 900
968 47760 48480 16 15 720
969 48600 51600 15 4 3000
970 51720 54900 4 13 3180
971 55020 55920 13 0 900
972 58560 59280 16 15 720
973 59400 62400 15 4 3000
974 62520 65700 4 13 3180
975 65820 66720 13 0 900
976 69360 70080 16 15 720
977 70200 73200 15 4 3000
978 73320 76500 4 13 3180
979 76620 77520 13 0 900
980 78960 79860 0 13 900
981 79980 83160 13 4 3180
982 83280 86280 4 15 3000
983 86400 87120 15 16 720
984 90960 91680 16 15 720
985 91800 94800 15 4 3000
986 94920 98100 4 13 3180
987 26340 28860 13 1 2520
988 30780 33300 1 13 2520
989 33420 34320 13 0 900
990 37980 40500 1 13 2520
991 40620 41520 13 0 900
992 45180 47700 1 13 2520
993 47820 48720 13 0 900
994 52380 54900 1 13 2520
995 55020 55920 13 0 900
996 59580 62100 1 13 2520
997 62220 63120 13 0 900
998 66780 69300 1 13 2520
999 69420 70320 13 0 900
1000 73980 76500 1 13 2520
1001 76620 77520 13 0 900
1002 28200 29640 7 1 1440
1003 29760 32880 1 5 3120
1004 34260 37380 5 1 3120
1005 37500 38940 1 7 1440
1006 39060 40620 7 12 1560
1007 40860 42060 12 11 1200
1008 45060 48180 5 1 3120
1009 48300 49740 1 7 1440
1010 49860 51420 7 12 1560
1011 51660 52860 12 11 1200
1012 55860 58980 5 1 3120
1013 59100 60540 1 7 1440
1014 60660 62220 7 12 1560
1015 62460 63660 12 11 1200
1016 66660 69780 5 1 3120
1017 69900 71340 1 7 1440
1018 71460 73020 7 12 1560
1019 73260 74460 12 11 1200
1020 77460 80580 5 1 3120
1021 26340 28860 13 1 2520
1022 28980 30420 1 7 1440
1023 31800 33240 7 1 1440
1024 33360 35880 1 13 2520
1025 36000 36900 13 0 900
1026 39000 40440 7 1 1440
1027 40560 43080 1 13 2520
1028 43200 44100 13 0 900
1029 46200 47640 7 1 1440
1030 47760 50280 1 13 2520
1031 50400 51300 13 0 900
1032 53400 54840 7 1 1440
1033 54960 57480 1 13 2520
1034 57600 58500 13 0 900
1035 60600 62040 7 1 1440
1036 62160 64680 1 13 2520
1037 64800 65700 13 0 900
1038 67800 69240 7 1 1440
1039 69360 71880 1 13 2520
1040 72000 72900 13 0 900
1041 75000 76440 7 1 1440
1042 76560 79080 1 13 2520
1043 79200 80100 13 0 900
1044 27480 28620 18 13 1140
1045 28740 29640 13 0 900
1046 30360 31260 0 13 900
1047 31380 32520 13 18 1140
1048 32640 34560 18 3 1920
1049 37560 38460 0 13 900
1050 38580 39720 13 18 1140
1051 39840 41760 18 3 1920
1052 44760 45660 0 13 900
1053 45780 46920 13 18 1140
1054 47040 48960 18 3 1920
1055 51960 52860 0 13 900
1056 52980 54120 13 18 1140
1057 54240 56160 18 3 1920
1058 59160 60060 0 13 900
1059 60180 61320 13 18 1140
1060 61440 63360 18 3 1920
1061 66360 67260 0 13 900
1062 67380 68520 13 18 1140
1063 68640 70560 18 3 1920
1064 73560 74460 0 13 900
1065 74580 75720 13 18 1140
1066 75840 77760 18 3 1920
1067 28800 30840 13 6 2040
1068 31020 32160 6 8 1140
1069 33960 35100 8 6 1140
1070 35220 37260 6 13 2040
1071 37380 40560 13 4 3180
1072 41160 42300 8 6 1140
1073 42420 44460 6 13 2040
1074 44580 47760 13 4 3180
1075 48360 49500 8 6 1140
1076 49620 51660 6 13 2040
1077 51780 54960 13 4 3180
1078 55560 56700 8 6 1140
1079 56820 58860 6 13 2040
1080 58980 62160 13 4 3180
1081 62760 63900 8 6 1140
1082 64020 66060 6 13 2040
1083 66180 69360 13 4 3180
1084 69960 71100 8 6 1140
1085 71220 73260 6 13 2040
1086 73380 76560 13 4 3180
1087 77160 78300 8 6 1140
1088 78420 80460 6 13 2040
1089 80580 83760 13 4 3180
1090 28800 31500 13 8 2700
1091 31620 34920 8 10 3300
1092 35040 37500 10 14 2460
1093 39300 41760 14 10 2460
1094 41880 45180 10 8 3300
1095 45300 48000 8 13 2700
1096 48120 51180 13 2 3060
1097 53700 56160 14 10 2460
1098 56280 59580 10 8 3300
1099 59700 62400 8 13 2700
1100 62520 65580 13 2 3060
1101 68100 70560 14 10 2460
1102 70680 73980 10 8 3300
1103 74100 76800 8 13 2700
1104 76920 79980 13 2 3060
1105 25800 26940 18 13 1140
1106 27060 29100 13 6 2040
1107 29220 30360 6 8 1140
1108 30480 33780 8 10 3300
1109 34020 36480 10 14 2460
1110 38160 40620 14 10 2460
1111 40740 44040 10 8 3300
1112 44160 45300 8 6 1140
1113 45420 47460 6 13 2040
1114 47580 48720 13 18 1140
1115 52560 55020 14 10 2460
1116 55140 58440 10 8 3300
1117 58560 59700 8 6 1140
1118 59820 61860 6 13 2040
1119 61980 63120 13 18 1140
1120 66960 69420 14 10 2460
1121 69540 72840 10 8 3300
1122 72960 74100 8 6 1140
1123 74220 76260 6 13 2040
1124 76380 77520 13 18 1140
1125 28980 31500 1 13 2520
1126 31620 32520 13 0 900
1127 35760 36660 0 13 900
1128 36780 39300 13 1 2520
1129 39420 42420 1 11 3000
1130 46560 47460 0 13 900
1131 47580 50100 13 1 2520
1132 50220 53220 1 11 3000
1133 57360 58260 0 13 900
1134 58380 60900 13 1 2520
1135 61020 64020 1 11 3000
1136 68160 69060 0 13 900
1137 69180 71700 13 1 2520
1138 71820 74820 1 11 3000
1139 78960 79860 0 13 900
1140 79980 82500 13 1 2520
1141 30540 31800 1 18 1260
1142 31920 33840 18 3 1920
1143 37140 39060 3 18 1920
1144 39180 40440 18 1 1260
1145 40560 43560 1 11 3000
1146 43680 44880 11 12 1200
1147 47940 49860 3 18 1920
1148 49980 51240 18 1 1260
1149 51360 54360 1 11 3000
1150 54480 55680 11 12 1200
1151 58740 60660 3 18 1920
1152 60780 62040 18 1 1260
1153 62160 65160 1 11 3000
1154 65280 66480 11 12 1200
1155 69540 71460 3 18 1920
1156 71580 72840 18 1 1260
1157 72960 75960 1 11 3000
1158 76080 77280 11 12 1200
1159 30720 31800 9 12 1080
1160 31920 33120 12 11 1200
1161 27000 28140 13 18 1140
1162 28260 29520 18 1 1260
1163 29640 31080 1 7 1440
1164 31200 32760 7 12 1560
1165 33720 35280 12 7 1560
1166 35400 36840 7 1 1440
1167 36960 38220 1 18 1260
1168 38340 39480 18 13 1140
1169 39600 40500 13 0 900
1170 44520 46080 12 7 1560
1171 46200 47640 7 1 1440
1172 47760 49020 1 18 1260
1173 49140 50280 18 13 1140
1174 50400 51300 13 0 900
1175 55320 56880 12 7 1560
1176 57000 58440 7 1 1440
1177 58560 59820 1 18 1260
1178 59940 61080 18 13 1140
1179 61200 62100 13 0 900
1180 66120 67680 12 7 1560
1181 67800 69240 7 1 1440
1182 69360 70620 1 18 1260
1183 70740 71880 18 13 1140
1184 72000 72900 13 0 900
1185 76920 78480 12 7 1560
1186 78600 80040 7 1 1440
1187 80160 81420 1 18 1260
1188 81540 82680 18 13 1140
1189 82800 83700 13 0 900
1190 27000 29700 13 8 2700
1191 29820 33120 8 10 3300
1192 36960 40260 10 8 3300
1193 40380 43080 8 13 2700
1194 43200 44100 13 0 900
1195 47760 51060 10 8 3300
1196 51180 53880 8 13 2700
1197 54000 54900 13 0 900
1198 58560 61860 10 8 3300
1199 61980 64680 8 13 2700
1200 64800 65700 13 0 900
1201 69360 72660 10 8 3300
1202 72780 75480 8 13 2700
1203 75600 76500 13 0 900
1204 25980 29040 13 2 3060
1205 29160 30060 2 4 900
1206 31740 32640 4 2 900
1207 32820 35880 2 13 3060
1208 38940 39840 4 2 900
1209 40020 43080 2 13 3060
1210 46140 47040 4 2 900
1211 47220 50280 2 13 3060
1212 53340 54240 4 2 900
1213 54420 57480 2 13 3060
1214 60540 61440 4 2 900
1215 61620 64680 2 13 3060
1216 67740 68640 4 2 900
1217 68820 71880 2 13 3060
1218 74940 75840 4 2 900
1219 76020 79080 2 13 3060
1220 26040 29220 13 4 3180
1221 29340 32340 4 15 3000
1222 32460 34860 15 17 2400
1223 38880 41280 17 15 2400
1224 41400 44400 15 4 3000
1225 44520 47700 4 13 3180
1226 49680 52080 17 15 2400
1227 52200 55200 15 4 3000
1228 55320 58500 4 13 3180
1229 60480 62880 17 15 2400
1230 63000 66000 15 4 3000
1231 66120 69300 4 13 3180
1232 71280 73680 17 15 2400
1233 73800 76800 15 4 3000
1234 76920 80100 4 13 3180
1235 27120 28260 13 18 1140
1236 28380 29640 18 1 1260
1237 29760 31200 1 7 1440
1238 31320 33180 7 9 1860
1239 37020 38880 9 7 1860
1240 39000 40440 7 1 1440
1241 40560 41820 1 18 1260
1242 41940 43080 18 13 1140
1243 43200 44100 13 0 900
1244 47820 49680 9 7 1860
1245 49800 51240 7 1 1440
1246 51360 52620 1 18 1260
1247 52740 53880 18 13 1140
1248 54000 54900 13 0 900
1249 58620 60480 9 7 1860
1250 60600 62040 7 1 1440
1251 62160 63420 1 18 1260
1252 63540 64680 18 13 1140
1253 64800 65700 13 0 900
1254 69420 71280 9 7 1860
1255 71400 72840 7 1 1440
1256 72960 74220 1 18 1260
1257 74340 75480 18 13 1140
1258 75600 76500 13 0 900
1259 30120 33300 4 13 3180
1260 33420 34320 13 0 900
1261 35760 36660 0 13 900
1262 36780 39960 13 4 3180
1263 40080 43080 4 15 3000
1264 43200 43920 15 16 720
1265 46560 47460 0 13 900
1266 47580 50760 13 4 3180
1267 50880 53880 4 15 3000
1268 54000 54720 15 16 720
1269 57360 58260 0 13 900
1270 58380 61560 13 4 3180
1271 61680 64680 4 15 3000
1272 64800 65520 15 16 720
1273 68160 69060 0 13 900
1274 69180 72360 13 4 3180
1275 72480 75480 4 15 3000
1276 75600 76320 15 16 720
1277 29580 32280 8 13 2700
1278 32400 33300 13 0 900
1279 36780 37680 0 13 900
1280 37800 40500 13 8 2700
1281 40620 43920 8 10 3300
1282 47580 48480 0 13 900
1283 48600 51300 13 8 2700
1284 51420 54720 8 10 3300
1285 58380 59280 0 13 900
1286 59400 62100 13 8 2700
1287 62220 65520 8 10 3300
1288 69180 70080 0 13 900
1289 70200 72900 13 8 2700
1290 73020 76320 8 10 3300
1291 28200 29640 7 1 1440
1292 29760 31020 1 18 1260
1293 31140 32280 18 13 1140
1294 32400 33300 13 0 900
1295 36900 37800 0 13 900
1296 37920 39060 13 18 1140
1297 39180 40440 18 1 1260
1298 40560 42000 1 7 1440
1299 42120 43980 7 9 1860
1300 47700 48600 0 13 900
1301 48720 49860 13 18 1140
1302 49980 51240 18 1 1260
1303 51360 52800 1 7 1440
1304 52920 54780 7 9 1860
1305 58500 59400 0 13 900
1306 59520 60660 13 18 1140
1307 60780 62040 18 1 1260
1308 62160 63600 1 7 1440
1309 63720 65580 7 9 1860
1310 69300 70200 0 13 900
1311 70320 71460 13 18 1140
1312 71580 72840 18 1 1260
1313 72960 74400 1 7 1440
1314 74520 76380 7 9 1860
1315 28440 30480 6 13 2040
1316 30600 31500 13 0 900
1317 32160 33060 0 13 900
1318 33180 35220 13 6 2040
1319 35400 37440 6 3 2040
1320 39360 40260 0 13 900
1321 40380 42420 13 6 2040
1322 42600 44640 6 3 2040
1323 46560 47460 0 13 900
1324 47580 49620 13 6 2040
1325 49800 51840 6 3 2040
1326 53760 54660 0 13 900
1327 54780 56820 13 6 2040
1328 57000 59040 6 3 2040
1329 60960 61860 0 13 900
1330 61980 64020 13 6 2040
1331 64200 66240 6 3 2040
1332 68160 69060 0 13 900
1333 69180 71220 13 6 2040
1334 71400 73440 6 3 2040
1335 75360 76260 0 13 900
1336 76380 78420 13 6 2040
1337 26280 29340 2 13 3060
1338 29460 30360 13 0 900
1339 30600 32460 0 5 1860
1340 34800 36660 5 0 1860
1341 36780 37680 0 13 900
1342 37800 40860 13 2 3060
1343 42000 43860 5 0 1860
1344 43980 44880 0 13 900
1345 45000 48060 13 2 3060
1346 49200 51060 5 0 1860
1347 51180 52080 0 13 900
1348 52200 55260 13 2 3060
1349 56400 58260 5 0 1860
1350 58380 59280 0 13 900
1351 59400 62460 13 2 3060
1352 63600 65460 5 0 1860
1353 65580 66480 0 13 900
1354 66600 69660 13 2 3060
1355 70800 72660 5 0 1860
1356 72780 73680 0 13 900
1357 73800 76860 13 2 3060
1358 78000 79860 5 0 1860
1359 79980 80880 0 13 900
1360 28380 29640 18 1 1260
1361 29760 32760 1 11 3000
1362 32880 34080 11 12 1200
1363 36660 37980 12 11 1320
1364 38220 41220 11 1 3000
1365 41340 42600 1 18 1260
1366 42720 44640 18 3 1920
1367 47460 48780 12 11 1320
1368 49020 52020 11 1 3000
1369 52140 53400 1 18 1260
1370 53520 55440 18 3 1920
1371 58260 59580 12 11 1320
1372 59820 62820 11 1 3000
1373 62940 64200 1 18 1260
1374 64320 66240 18 3 1920
1375 69060 70380 12 11 1320
1376 70620 73620 11 1 3000
1377 73740 75000 1 18 1260
1378 75120 77040 18 3 1920
1379 28200 29640 7 1 1440
1380 29760 31020 1 18 1260
1381 31140 32280 18 13 1140
1382 32400 33300 13 0 900
1383 36780 37680 0 13 900
1384 37800 38940 13 18 1140
1385 39060 40320 18 1 1260
1386 40440 41880 1 7 1440
1387 42000 43560 7 12 1560
1388 47580 48480 0 13 900
1389 48600 49740 13 18 1140
1390 49860 51120 18 1 1260
1391 51240 52680 1 7 1440
1392 52800 54360 7 12 1560
1393 58380 59280 0 13 900
1394 59400 60540 13 18 1140
1395 60660 61920 18 1 1260
1396 62040 63480 1 7 1440
1397 63600 65160 7 12 1560
1398 69180 70080 0 13 900
1399 70200 71340 13 18 1140
1400 71460 72720 18 1 1260
1401 72840 74280 1 7 1440
1402 74400 75960 7 12 1560
1403 26760 27660 0 13 900
1404 27780 29820 13 6 2040
1405 30000 32040 6 3 2040
1406 33480 35520 3 6 2040
1407 35640 37680 6 13 2040
1408 37800 38700 13 0 900
1409 40680 42720 3 6 2040
1410 42840 44880 6 13 2040
1411 45000 45900 13 0 900
1412 47880 49920 3 6 2040
1413 50040 52080 6 13 2040
1414 52200 53100 13 0 900
1415 55080 57120 3 6 2040
1416 57240 59280 6 13 2040
1417 59400 60300 13 0 900
1418 62280 64320 3 6 2040
1419 64440 66480 6 13 2040
1420 66600 67500 13 0 900
1421 69480 71520 3 6 2040
1422 71640 73680 6 13 2040
1423 73800 74700 13 0 900
1424 76680 78720 3 6 2040
1425 78840 80880 6 13 2040
1426 81000 81900 13 0 900
1427 26760 27900 8 6 1140
1428 28020 30060 6 13 2040
1429 30180 33360 13 4 3180
1430 36300 39480 4 13 3180
1431 39600 41640 13 6 2040
1432 41820 42960 6 8 1140
1433 47100 50280 4 13 3180
1434 50400 52440 13 6 2040
1435 52620 53760 6 8 1140
1436 57900 61080 4 13 3180
1437 61200 63240 13 6 2040
1438 63420 64560 6 8 1140
1439 68700 71880 4 13 3180
1440 72000 74040 13 6 2040
1441 74220 75360 6 8 1140
1442 26940 30060 1 5 3120
1443 30180 32040 5 4 1860
1444 34560 36420 4 5 1860
1445 36540 39660 5 1 3120
1446 41760 43620 4 5 1860
1447 43740 46860 5 1 3120
1448 48960 50820 4 5 1860
1449 50940 54060 5 1 3120
1450 56160 58020 4 5 1860
1451 58140 61260 5 1 3120
1452 63360 65220 4 5 1860
1453 65340 68460 5 1 3120
1454 70560 72420 4 5 1860
1455 72540 75660 5 1 3120
1456 77760 79620 4 5 1860
1457 79740 82860 5 1 3120
1458 27000 28860 0 5 1860
1459 28980 30840 5 4 1860
1460 30960 33960 4 15 3000
1461 34080 34800 15 16 720
1462 37800 38520 16 15 720
1463 38640 41640 15 4 3000
1464 41760 43620 4 5 1860
1465 43800 45660 5 0 1860
1466 48600 49320 16 15 720
1467 49440 52440 15 4 3000
1468 52560 54420 4 5 1860
1469 54600 56460 5 0 1860
1470 59400 60120 16 15 720
1471 60240 63240 15 4 3000
1472 63360 65220 4 5 1860
1473 65400 67260 5 0 1860
1474 70200 70920 16 15 720
1475 71040 74040 15 4 3000
1476 74160 76020 4 5 1860
1477 76200 78060 5 0 1860
1478 30960 32820 4 5 1860
1479 33000 34860 5 0 1860
1480 37800 39660 0 5 1860
1481 39780 41640 5 4 1860
1482 41760 44760 4 15 3000
1483 44880 45600 15 16 720
1484 48600 50460 0 5 1860
1485 50580 52440 5 4 1860
1486 52560 55560 4 15 3000
1487 55680 56400 15 16 720
1488 59400 61260 0 5 1860
1489 61380 63240 5 4 1860
1490 63360 66360 4 15 3000
1491 66480 67200 15 16 720
1492 70200 72060 0 5 1860
1493 72180 74040 5 4 1860
1494 74160 77160 4 15 3000
1495 77280 78000 15 16 720
1496 30300 31740 1 7 1440
1497 31860 33420 7 12 1560
1498 33660 34860 12 11 1200
1499 36000 37200 11 12 1200
1500 37320 38880 12 7 1560
1501 39000 40440 7 1 1440
1502 40560 43680 1 5 3120
1503 46800 48000 11 12 1200
1504 48120 49680 12 7 1560
1505 49800 51240 7 1 1440
1506 51360 54480 1 5 3120
1507 57600 58800 11 12 1200
1508 58920 60480 12 7 1560
1509 60600 62040 7 1 1440
1510 62160 65280 1 5 3120
1511 68400 69600 11 12 1200
1512 69720 71280 12 7 1560
1513 71400 72840 7 1 1440
1514 72960 76080 1 5 3120
1515 27240 28140 2 4 900
1516 28260 31440 4 13 3180
1517 32040 35220 13 4 3180
1518 35340 36240 4 2 900
1519 39240 42420 13 4 3180
1520 42540 43440 4 2 900
1521 46440 49620 13 4 3180
1522 49740 50640 4 2 900
1523 53640 56820 13 4 3180
1524 56940 57840 4 2 900
1525 60840 64020 13 4 3180
1526 64140 65040 4 2 900
1527 68040 71220 13 4 3180
1528 71340 72240 4 2 900
1529 75240 78420 13 4 3180
1530 78540 79440 4 2 900
1531 33360 34500 8 6 1140
1532 34620 36660 6 13 2040
1533 36780 37920 13 18 1140
1534 40200 41340 18 13 1140
1535 41460 43500 13 6 2040
1536 43620 44760 6 8 1140
1537 44880 48180 8 10 3300
1538 48420 50880 10 14 2460
1539 54600 55740 18 13 1140
1540 55860 57900 13 6 2040
1541 58020 59160 6 8 1140
1542 59280 62580 8 10 3300
1543 62820 65280 10 14 2460
1544 69000 70140 18 13 1140
1545 70260 72300 13 6 2040
1546 72420 73560 6 8 1140
1547 73680 76980 8 10 3300
1548 27360 29220 4 5 1860
1549 29340 32460 5 1 3120
1550 34140 37260 1 5 3120
1551 37380 39240 5 4 1860
1552 41340 44460 1 5 3120
1553 44580 46440 5 4 1860
1554 48540 51660 1 5 3120
1555 51780 53640 5 4 1860
1556 55740 58860 1 5 3120
1557 58980 60840 5 4 1860
1558 62940 66060 1 5 3120
1559 66180 68040 5 4 1860
1560 70140 73260 1 5 3120
1561 73380 75240 5 4 1860
1562 77340 80460 1 5 3120
1563 80580 82440 5 4 1860
1564 29580 30480 0 13 900
1565 30600 33660 13 2 3060
1566 37080 40140 2 13 3060
1567 40260 41160 13 0 900
1568 41400 43260 0 5 1860
1569 44280 47340 2 13 3060
1570 47460 48360 13 0 900
1571 48600 50460 0 5 1860
1572 51480 54540 2 13 3060
1573 54660 55560 13 0 900
1574 55800 57660 0 5 1860
1575 58680 61740 2 13 3060
1576 61860 62760 13 0 900
1577 63000 64860 0 5 1860
1578 65880 68940 2 13 3060
1579 69060 69960 13 0 900
1580 70200 72060 0 5 1860
1581 73080 76140 2 13 3060
1582 76260 77160 13 0 900
1583 77400 79260 0 5 1860
1584 27960 29880 3 18 1920
1585 30000 31140 18 13 1140
1586 31260 34440 13 4 3180
1587 34560 37560 4 15 3000
1588 37680 38400 15 16 720
1589 38640 41040 16 17 2400
1590 42480 44880 17 16 2400
1591 45000 45720 16 15 720
1592 45840 48840 15 4 3000
1593 48960 52140 4 13 3180
1594 52260 53400 13 18 1140
1595 53520 55440 18 3 1920
1596 56880 59280 17 16 2400
1597 59400 60120 16 15 720
1598 60240 63240 15 4 3000
1599 63360 66540 4 13 3180
1600 66660 67800 13 18 1140
1601 67920 69840 18 3 1920
1602 71280 73680 17 16 2400
1603 73800 74520 16 15 720
1604 74640 77640 15 4 3000
1605 77760 80940 4 13 3180
1606 81060 82200 13 18 1140
1607 30000 31440 7 1 1440
1608 31560 32820 1 18 1260
1609 32940 34080 18 13 1140
1610 34200 36900 13 8 2700
1611 37020 40320 8 10 3300
1612 42480 45780 10 8 3300
1613 45900 48600 8 13 2700
1614 48720 49860 13 18 1140
1615 49980 51240 18 1 1260
1616 51360 52800 1 7 1440
1617 52920 54780 7 9 1860
1618 56880 60180 10 8 3300
1619 60300 63000 8 13 2700
1620 63120 64260 13 18 1140
1621 64380 65640 18 1 1260
1622 65760 67200 1 7 1440
1623 67320 69180 7 9 1860
1624 71280 74580 10 8 3300
1625 74700 77400 8 13 2700
1626 77520 78660 13 18 1140
1627 78780 80040 18 1 1260
1628 80160 81600 1 7 1440
1629 28080 30120 3 6 2040
1630 30240 32280 6 13 2040
1631 32400 33300 13 0 900
1632 33960 34860 0 13 900
1633 34980 37020 13 6 2040
1634 37200 39240 6 3 2040
1635 41160 42060 0 13 900
1636 42180 44220 13 6 2040
1637 44400 46440 6 3 2040
1638 48360 49260 0 13 900
1639 49380 51420 13 6 2040
1640 51600 53640 6 3 2040
1641 55560 56460 0 13 900
1642 56580 58620 13 6 2040
1643 58800 60840 6 3 2040
1644 62760 63660 0 13 900
1645 63780 65820 13 6 2040
1646 66000 68040 6 3 2040
1647 69960 70860 0 13 900
1648 70980 73020 13 6 2040
1649 73200 75240 6 3 2040
1650 77160 78060 0 13 900
1651 78180 80220 13 6 2040
1652 30600 33600 15 4 3000
1653 33720 36900 4 13 3180
1654 40440 43620 13 4 3180
1655 43740 46740 4 15 3000
1656 46860 49260 15 17 2400
1657 51240 54420 13 4 3180
1658 54540 57540 4 15 3000
1659 57660 60060 15 17 2400
1660 62040 65220 13 4 3180
1661 65340 68340 4 15 3000
1662 68460 70860 15 17 2400
1663 72840 76020 13 4 3180
1664 76140 79140 4 15 3000
1665 31500 34200 8 13 2700
1666 34320 35460 13 18 1140
1667 35580 36840 18 1 1260
1668 36960 38400 1 7 1440
1669 38520 40380 7 9 1860
1670 42420 44280 9 7 1860
1671 44400 45840 7 1 1440
1672 45960 47220 1 18 1260
1673 47340 48480 18 13 1140
1674 48600 51300 13 8 2700
1675 51420 54720 8 10 3300
1676 56820 58680 9 7 1860
1677 58800 60240 7 1 1440
1678 60360 61620 1 18 1260
1679 61740 62880 18 13 1140
1680 63000 65700 13 8 2700
1681 65820 69120 8 10 3300
1682 71220 73080 9 7 1860
1683 73200 74640 7 1 1440
1684 74760 76020 1 18 1260
1685 76140 77280 18 13 1140
1686 77400 80100 13 8 2700
1687 80220 83520 8 10 3300
1688 31440 34440 15 4 3000
1689 34560 37740 4 13 3180
1690 37860 39000 13 18 1140
1691 39120 41040 18 3 1920
1692 42360 44280 3 18 1920
1693 44400 45540 18 13 1140
1694 45660 48840 13 4 3180
1695 48960 51960 4 15 3000
1696 52080 52800 15 16 720
1697 53040 55440 16 17 2400
1698 56760 58680 3 18 1920
1699 58800 59940 18 13 1140
1700 60060 63240 13 4 3180
1701 63360 66360 4 15 3000
1702 66480 67200 15 16 720
1703 67440 69840 16 17 2400
1704 71160 73080 3 18 1920
1705 73200 74340 18 13 1140
1706 74460 77640 13 4 3180
1707 77760 80760 4 15 3000
1708 31080 34380 10 8 3300
1709 34500 37200 8 13 2700
1710 37320 40380 13 2 3060
1711 43620 46680 2 13 3060
1712 46800 49500 13 8 2700
1713 49620 52920 8 10 3300
1714 53040 55500 10 14 2460
1715 58020 61080 2 13 3060
1716 61200 63900 13 8 2700
1717 64020 67320 8 10 3300
1718 67440 69900 10 14 2460
1719 72420 75480 2 13 3060
1720 75600 78300 13 8 2700
1721 78420 81720 8 10 3300
1722 81840 84300 10 14 2460
1723 28560 29460 0 13 900
1724 29580 32100 13 1 2520
1725 32220 35220 1 11 3000
1726 36660 39660 11 1 3000
1727 39780 42300 1 13 2520
1728 42420 43320 13 0 900
1729 47460 50460 11 1 3000
1730 50580 53100 1 13 2520
1731 53220 54120 13 0 900
1732 58260 61260 11 1 3000
1733 61380 63900 1 13 2520
1734 64020 64920 13 0 900
1735 69060 72060 11 1 3000
1736 72180 74700 1 13 2520
1737 74820 75720 13 0 900
1738 28560 29460 0 13 900
1739 29580 32760 13 4 3180
1740 32880 35880 4 15 3000
1741 36000 36720 15 16 720
1742 40560 41280 16 15 720
1743 41400 44400 15 4 3000
1744 44520 47700 4 13 3180
1745 47820 48720 13 0 900
1746 51360 52080 16 15 720
1747 52200 55200 15 4 3000
1748 55320 58500 4 13 3180
1749 58620 59520 13 0 900
1750 62160 62880 16 15 720
1751 63000 66000 15 4 3000
1752 66120 69300 4 13 3180
1753 69420 70320 13 0 900
1754 72960 73680 16 15 720
1755 73800 76800 15 4 3000
1756 76920 80100 4 13 3180
1757 80220 81120 13 0 900
1758 30120 31680 12 7 1560
1759 31800 33240 7 1 1440
1760 33360 36480 1 5 3120
1761 37860 40980 5 1 3120
1762 41100 42540 1 7 1440
1763 42660 44220 7 12 1560
1764 44460 45660 12 11 1200
1765 48660 51780 5 1 3120
1766 51900 53340 1 7 1440
1767 53460 55020 7 12 1560
1768 55260 56460 12 11 1200
1769 59460 62580 5 1 3120
1770 62700 64140 1 7 1440
1771 64260 65820 7 12 1560
1772 66060 67260 12 11 1200
1773 70260 73380 5 1 3120
1774 73500 74940 1 7 1440
1775 75060 76620 7 12 1560
1776 28860 29760 0 13 900
1777 29940 32460 13 1 2520
1778 32580 34020 1 7 1440
1779 35400 36840 7 1 1440
1780 36960 39480 1 13 2520
1781 39600 40500 13 0 900
1782 29100 32280 4 13 3180
1783 32400 34440 13 6 2040
1784 34620 35760 6 8 1140
1785 37560 38700 8 6 1140
1786 38820 40860 6 13 2040
1787 40980 44160 13 4 3180
1788 29220 32280 2 13 3060
1789 32400 35100 13 8 2700
1790 35220 38520 8 10 3300
1791 38640 41100 10 14 2460
1792 42900 45360 14 10 2460
1793 45480 48780 10 8 3300
1794 48900 51600 8 13 2700
1795 51720 54780 13 2 3060
1796 57300 59760 14 10 2460
1797 59880 63180 10 8 3300
1798 63300 66000 8 13 2700
1799 66120 69180 13 2 3060
1800 71700 74160 14 10 2460
1801 74280 77580 10 8 3300
1802 77700 80400 8 13 2700
1803 29400 30540 18 13 1140
1804 30660 32700 13 6 2040
1805 32820 33960 6 8 1140
1806 34080 37380 8 10 3300
1807 37620 40080 10 14 2460
1808 41760 44220 14 10 2460
1809 44340 47640 10 8 3300
1810 47760 48900 8 6 1140
1811 49020 51060 6 13 2040
1812 51180 52320 13 18 1140
1813 56160 58620 14 10 2460
1814 58740 62040 10 8 3300
1815 62160 63300 8 6 1140
1816 63420 65460 6 13 2040
1817 65580 66720 13 18 1140
1818 70560 73020 14 10 2460
1819 73140 76440 10 8 3300
1820 76560 77700 8 6 1140
1821 77820 79860 6 13 2040
1822 79980 81120 13 18 1140
1823 32580 35100 1 13 2520
1824 35220 36120 13 0 900
1825 39360 40260 0 13 900
1826 40380 42900 13 1 2520
1827 43020 46020 1 11 3000
1828 50160 51060 0 13 900
1829 51180 53700 13 1 2520
1830 53820 56820 1 11 3000
1831 60960 61860 0 13 900
1832 61980 64500 13 1 2520
1833 64620 67620 1 11 3000
1834 71760 72660 0 13 900
1835 72780 75300 13 1 2520
1836 31020 34020 11 1 3000
1837 34140 35400 1 18 1260
1838 35520 37440 18 3 1920
1839 40740 42660 3 18 1920
1840 42780 44040 18 1 1260
1841 44160 47160 1 11 3000
1842 47280 48480 11 12 1200
1843 51540 53460 3 18 1920
1844 53580 54840 18 1 1260
1845 54960 57960 1 11 3000
1846 58080 59280 11 12 1200
1847 62340 64260 3 18 1920
1848 64380 65640 18 1 1260
1849 65760 68760 1 11 3000
1850 68880 70080 11 12 1200
1851 73140 75060 3 18 1920
1852 75180 76440 18 1 1260
1853 29580 30480 0 13 900
1854 30600 31740 13 18 1140
1855 31860 33120 18 1 1260
1856 33240 34680 1 7 1440
1857 34800 36360 7 12 1560
1858 37320 38880 12 7 1560
1859 39000 40440 7 1 1440
1860 40560 41820 1 18 1260
1861 41940 43080 18 13 1140
1862 43200 44100 13 0 900
1863 48120 49680 12 7 1560
1864 49800 51240 7 1 1440
1865 51360 52620 1 18 1260
1866 52740 53880 18 13 1140
1867 54000 54900 13 0 900
1868 58920 60480 12 7 1560
1869 60600 62040 7 1 1440
1870 62160 63420 1 18 1260
1871 63540 64680 18 13 1140
1872 64800 65700 13 0 900
1873 69720 71280 12 7 1560
1874 71400 72840 7 1 1440
1875 72960 74220 1 18 1260
1876 74340 75480 18 13 1140
1877 75600 76500 13 0 900
1878 29580 30480 0 13 900
1879 30600 33300 13 8 2700
1880 33420 36720 8 10 3300
1881 40560 43860 10 8 3300
1882 43980 46680 8 13 2700
1883 46800 47700 13 0 900
1884 51360 54660 10 8 3300
1885 54780 57480 8 13 2700
1886 57600 58500 13 0 900
1887 62160 65460 10 8 3300
1888 65580 68280 8 13 2700
1889 68400 69300 13 0 900
1890 72960 76260 10 8 3300
1891 76380 79080 8 13 2700
1892 79200 80100 13 0 900
1893 29640 32820 13 4 3180
1894 32940 35940 4 15 3000
1895 36060 38460 15 17 2400
1896 42480 44880 17 15 2400
1897 45000 48000 15 4 3000
1898 48120 51300 4 13 3180
1899 53280 55680 17 15 2400
1900 55800 58800 15 4 3000
1901 58920 62100 4 13 3180
1902 64080 66480 17 15 2400
1903 66600 69600 15 4 3000
1904 69720 72900 4 13 3180
1905 74880 77280 17 15 2400
1906 77400 80400 15 4 3000
1907 80520 83700 4 13 3180
1908 29700 30600 0 13 900
1909 30720 31860 13 18 1140
1910 31980 33240 18 1 1260
1911 33360 34800 1 7 1440
1912 34920 36780 7 9 1860
1913 40620 42480 9 7 1860
1914 42600 44040 7 1 1440
1915 44160 45420 1 18 1260
1916 45540 46680 18 13 1140
1917 46800 47700 13 0 900
1918 51420 53280 9 7 1860
1919 53400 54840 7 1 1440
1920 54960 56220 1 18 1260
1921 56340 57480 18 13 1140
1922 57600 58500 13 0 900
1923 62220 64080 9 7 1860
1924 64200 65640 7 1 1440
1925 65760 67020 1 18 1260
1926 67140 68280 18 13 1140
1927 68400 69300 13 0 900
1928 73020 74880 9 7 1860
1929 75000 76440 7 1 1440
1930 76560 77820 1 18 1260
1931 77940 79080 18 13 1140
1932 79200 80100 13 0 900
1933 30600 33600 15 4 3000
1934 33720 36900 4 13 3180
1935 37020 37920 13 0 900
1936 39360 40260 0 13 900
1937 40380 43560 13 4 3180
1938 43680 46680 4 15 3000
1939 46800 47520 15 16 720
1940 50160 51060 0 13 900
1941 51180 54360 13 4 3180
1942 54480 57480 4 15 3000
1943 57600 58320 15 16 720
1944 60960 61860 0 13 900
1945 61980 65160 13 4 3180
1946 65280 68280 4 15 3000
1947 68400 69120 15 16 720
1948 71760 72660 0 13 900
1949 72780 75960 13 4 3180
1950 76080 79080 4 15 3000
1951 79200 79920 15 16 720
1952 33180 35880 8 13 2700
1953 36000 36900 13 0 900
1954 40380 41280 0 13 900
1955 41400 44100 13 8 2700
1956 44220 47520 8 10 3300
1957 51180 52080 0 13 900
1958 52200 54900 13 8 2700
1959 55020 58320 8 10 3300
1960 61980 62880 0 13 900
1961 63000 65700 13 8 2700
1962 65820 69120 8 10 3300
1963 72780 73680 0 13 900
1964 73800 76500 13 8 2700
1965 76620 79920 8 10 3300
1966 31800 33240 7 1 1440
1967 33360 34620 1 18 1260
1968 34740 35880 18 13 1140
1969 36000 36900 13 0 900
1970 40500 41400 0 13 900
1971 41520 42660 13 18 1140
1972 42780 44040 18 1 1260
1973 44160 45600 1 7 1440
1974 45720 47580 7 9 1860
1975 51300 52200 0 13 900
1976 52320 53460 13 18 1140
1977 53580 54840 18 1 1260
1978 54960 56400 1 7 1440
1979 56520 58380 7 9 1860
1980 62100 63000 0 13 900
1981 63120 64260 13 18 1140
1982 64380 65640 18 1 1260
1983 65760 67200 1 7 1440
1984 67320 69180 7 9 1860
1985 72900 73800 0 13 900
1986 73920 75060 13 18 1140
1987 75180 76440 18 1 1260
1988 76560 78000 1 7 1440
1989 29880 32940 2 13 3060
1990 33060 33960 13 0 900
1991 34200 36060 0 5 1860
1992 38400 40260 5 0 1860
1993 40380 41280 0 13 900
1994 41400 44460 13 2 3060
1995 29940 31860 3 18 1920
1996 31980 33240 18 1 1260
1997 33360 36360 1 11 3000
1998 36480 37680 11 12 1200
1999 40260 41580 12 11 1320
2000 41820 44820 11 1 3000
2001 44940 46200 1 18 1260
2002 46320 48240 18 3 1920
2003 51060 52380 12 11 1320
2004 52620 55620 11 1 3000
2005 55740 57000 1 18 1260
2006 57120 59040 18 3 1920
2007 61860 63180 12 11 1320
2008 63420 66420 11 1 3000
2009 66540 67800 1 18 1260
2010 67920 69840 18 3 1920
2011 72660 73980 12 11 1320
2012 74220 77220 11 1 3000
2013 77340 78600 1 18 1260
2014 30600 32460 0 5 1860
2015 32580 34440 5 4 1860
2016 34560 37560 4 15 3000
2017 37680 38400 15 16 720
2018 41400 42120 16 15 720
2019 42240 45240 15 4 3000
2020 45360 47220 4 5 1860
2021 47400 49260 5 0 1860
2022 52200 52920 16 15 720
2023 53040 56040 15 4 3000
2024 56160 58020 4 5 1860
2025 58200 60060 5 0 1860
2026 63000 63720 16 15 720
2027 63840 66840 15 4 3000
2028 66960 68820 4 5 1860
2029 69000 70860 5 0 1860
2030 73800 74520 16 15 720
2031 74640 77640 15 4 3000
2032 77760 79620 4 5 1860
2033 79800 81660 5 0 1860
2034 31440 34440 15 4 3000
2035 34560 36420 4 5 1860
2036 36600 38460 5 0 1860
2037 41400 43260 0 5 1860
2038 43380 45240 5 4 1860
2039 45360 48360 4 15 3000
2040 48480 49200 15 16 720
2041 52200 54060 0 5 1860
2042 54180 56040 5 4 1860
2043 56160 59160 4 15 3000
2044 59280 60000 15 16 720
2045 63000 64860 0 5 1860
2046 64980 66840 5 4 1860
2047 66960 69960 4 15 3000
2048 70080 70800 15 16 720
2049 73800 75660 0 5 1860
2050 75780 77640 5 4 1860
2051 77760 80760 4 15 3000
2052 33540 36840 10 8 3300
2053 36960 38100 8 6 1140
2054 38220 40260 6 13 2040
2055 40380 41520 13 18 1140
2056 43800 44940 18 13 1140
2057 45060 47100 13 6 2040
2058 47220 48360 6 8 1140
2059 48480 51780 8 10 3300
2060 52020 54480 10 14 2460
2061 58200 59340 18 13 1140
2062 59460 61500 13 6 2040
2063 61620 62760 6 8 1140
2064 62880 66180 8 10 3300
2065 66420 68880 10 14 2460
2066 72600 73740 18 13 1140
2067 73860 75900 13 6 2040
2068 76020 77160 6 8 1140
2069 77280 80580 8 10 3300
2070 80820 83280 10 14 2460
2071 31560 33480 3 18 1920
2072 33600 34740 18 13 1140
2073 34860 38040 13 4 3180
2074 38160 41160 4 15 3000
2075 41280 42000 15 16 720
2076 42240 44640 16 17 2400
2077 46080 48480 17 16 2400
2078 48600 49320 16 15 720
2079 49440 52440 15 4 3000
2080 52560 55740 4 13 3180
2081 55860 57000 13 18 1140
2082 57120 59040 18 3 1920
2083 60480 62880 17 16 2400
2084 63000 63720 16 15 720
2085 63840 66840 15 4 3000
2086 66960 70140 4 13 3180
2087 70260 71400 13 18 1140
2088 71520 73440 18 3 1920
2089 74880 77280 17 16 2400
2090 77400 78120 16 15 720
2091 78240 81240 15 4 3000
2092 81360 84540 4 13 3180
2093 31620 33480 9 7 1860
2094 33600 35040 7 1 1440
2095 35160 36420 1 18 1260
2096 36540 37680 18 13 1140
2097 37800 40500 13 8 2700
2098 40620 43920 8 10 3300
2099 46080 49380 10 8 3300
2100 49500 52200 8 13 2700
2101 52320 53460 13 18 1140
2102 53580 54840 18 1 1260
2103 54960 56400 1 7 1440
2104 56520 58380 7 9 1860
2105 60480 63780 10 8 3300
2106 63900 66600 8 13 2700
2107 66720 67860 13 18 1140
2108 67980 69240 18 1 1260
2109 69360 70800 1 7 1440
2110 70920 72780 7 9 1860
2111 74880 78180 10 8 3300
2112 78300 81000 8 13 2700
2113 81120 82260 13 18 1140
2114 34200 37200 15 4 3000
2115 37320 40500 4 13 3180
2116 44040 47220 13 4 3180
2117 47340 50340 4 15 3000
2118 50460 52860 15 17 2400
2119 54840 58020 13 4 3180
2120 58140 61140 4 15 3000
2121 61260 63660 15 17 2400
2122 65640 68820 13 4 3180
2123 68940 71940 4 15 3000
2124 72060 74460 15 17 2400
2125 76440 79620 13 4 3180
2126 79740 82740 4 15 3000
2127 31680 34980 10 8 3300
2128 35100 37800 8 13 2700
2129 37920 39060 13 18 1140
2130 39180 40440 18 1 1260
2131 40560 42000 1 7 1440
2132 42120 43980 7 9 1860
2133 46020 47880 9 7 1860
2134 48000 49440 7 1 1440
2135 49560 50820 1 18 1260
2136 50940 52080 18 13 1140
2137 52200 54900 13 8 2700
2138 55020 58320 8 10 3300
2139 60420 62280 9 7 1860
2140 62400 63840 7 1 1440
2141 63960 65220 1 18 1260
2142 65340 66480 18 13 1140
2143 66600 69300 13 8 2700
2144 69420 72720 8 10 3300
2145 74820 76680 9 7 1860
2146 76800 78240 7 1 1440
2147 78360 79620 1 18 1260
2148 79740 80880 18 13 1140
2149 81000 83700 13 8 2700
2150 83820 87120 8 10 3300
2151 34200 34920 16 15 720
2152 35040 38040 15 4 3000
2153 38160 41340 4 13 3180
2154 41460 42600 13 18 1140
2155 42720 44640 18 3 1920
2156 45960 47880 3 18 1920
2157 48000 49140 18 13 1140
2158 49260 52440 13 4 3180
2159 52560 55560 4 15 3000
2160 55680 56400 15 16 720
2161 56640 59040 16 17 2400
2162 60360 62280 3 18 1920
2163 62400 63540 18 13 1140
2164 63660 66840 13 4 3180
2165 66960 69960 4 15 3000
2166 70080 70800 15 16 720
2167 71040 73440 16 17 2400
2168 74760 76680 3 18 1920
2169 76800 77940 18 13 1140
2170 78060 81240 13 4 3180
2171 81360 84360 4 15 3000
2172 84480 85200 15 16 720
2173 34680 37980 10 8 3300
2174 38100 40800 8 13 2700
2175 40920 43980 13 2 3060
2176 47220 50280 2 13 3060
2177 50400 53100 13 8 2700
2178 53220 56520 8 10 3300
2179 56640 59100 10 14 2460
2180 61620 64680 2 13 3060
2181 64800 67500 13 8 2700
2182 67620 70920 8 10 3300
2183 71040 73500 10 14 2460
2184 76020 79080 2 13 3060
2185 79200 81900 13 8 2700
2186 82020 85320 8 10 3300
2187 85440 87900 10 14 2460
2188 32400 33300 0 13 900
2189 33540 36060 13 1 2520
2190 37980 40500 1 13 2520
2191 40620 41520 13 0 900
2192 32640 34560 3 18 1920
2193 34680 35820 18 13 1140
2194 35940 36840 13 0 900
2195 37560 38460 0 13 900
2196 38580 39720 13 18 1140
2197 39840 41760 18 3 1920
2198 32820 35880 2 13 3060
2199 36000 38700 13 8 2700
2200 38820 42120 8 10 3300
2201 42240 44700 10 14 2460
2202 46500 48960 14 10 2460
2203 49080 52380 10 8 3300
2204 52500 55200 8 13 2700
2205 55320 58380 13 2 3060
2206 60900 63360 14 10 2460
2207 63480 66780 10 8 3300
2208 66900 69600 8 13 2700
2209 69720 72780 13 2 3060
2210 75300 77760 14 10 2460
2211 77880 81180 10 8 3300
2212 81300 84000 8 13 2700
2213 33000 34140 18 13 1140
2214 34260 36300 13 6 2040
2215 36420 37560 6 8 1140
2216 37680 40980 8 10 3300
2217 41220 43680 10 14 2460
2218 45360 47820 14 10 2460
2219 47940 51240 10 8 3300
2220 51360 52500 8 6 1140
2221 52620 54660 6 13 2040
2222 54780 55920 13 18 1140
2223 59760 62220 14 10 2460
2224 62340 65640 10 8 3300
2225 65760 66900 8 6 1140
2226 67020 69060 6 13 2040
2227 69180 70320 13 18 1140
2228 74160 76620 14 10 2460
2229 76740 80040 10 8 3300
2230 80160 81300 8 6 1140
2231 81420 83460 6 13 2040
2232 33180 36240 13 2 3060
2233 36360 37260 2 4 900
2234 38940 39840 4 2 900
2235 40020 43080 2 13 3060
2236 33240 36420 13 4 3180
2237 36540 39540 4 15 3000
2238 39660 42060 15 17 2400
2239 46080 48480 17 15 2400
2240 48600 51600 15 4 3000
2241 51720 54900 4 13 3180
2242 33360 34080 16 15 720
2243 34200 37200 15 4 3000
2244 37320 40500 4 13 3180
2245 40620 41520 13 0 900
2246 42960 43860 0 13 900
2247 43980 47160 13 4 3180
2248 47280 50280 4 15 3000
2249 50400 51120 15 16 720
2250 34440 35340 2 4 900
2251 35460 38640 4 13 3180
2252 39240 42420 13 4 3180
2253 42540 43440 4 2 900
2254 35160 37080 3 18 1920
2255 37200 38340 18 13 1140
2256 38460 41640 13 4 3180
2257 41760 44760 4 15 3000
2258 44880 45600 15 16 720
2259 45840 48240 16 17 2400
2260 49680 52080 17 16 2400
2261 52200 52920 16 15 720
2262 53040 56040 15 4 3000
2263 56160 59340 4 13 3180
2264 59460 60600 13 18 1140
2265 60720 62640 18 3 1920
2266 64080 66480 17 16 2400
2267 66600 67320 16 15 720
2268 67440 70440 15 4 3000
2269 70560 73740 4 13 3180
2270 73860 75000 13 18 1140
2271 75120 77040 18 3 1920
2272 78480 80880 17 16 2400
2273 81000 81720 16 15 720
2274 81840 84840 15 4 3000
2275 84960 88140 4 13 3180
2276 35220 37080 9 7 1860
2277 37200 38640 7 1 1440
2278 38760 40020 1 18 1260
2279 40140 41280 18 13 1140
2280 41400 44100 13 8 2700
2281 44220 47520 8 10 3300
2282 49680 52980 10 8 3300
2283 53100 55800 8 13 2700
2284 55920 57060 13 18 1140
2285 57180 58440 18 1 1260
2286 58560 60000 1 7 1440
2287 60120 61980 7 9 1860
2288 64080 67380 10 8 3300
2289 67500 70200 8 13 2700
2290 70320 71460 13 18 1140
2291 71580 72840 18 1 1260
2292 72960 74400 1 7 1440
2293 74520 76380 7 9 1860
2294 78480 81780 10 8 3300
2295 81900 84600 8 13 2700
2296 35280 37320 3 6 2040
2297 37440 39480 6 13 2040
2298 39600 40500 13 0 900
2299 41160 42060 0 13 900
2300 42180 44220 13 6 2040
2301 44400 46440 6 3 2040
2302 35280 38580 10 8 3300
2303 38700 41400 8 13 2700
2304 41520 42660 13 18 1140
2305 42780 44040 18 1 1260
2306 44160 45600 1 7 1440
2307 45720 47580 7 9 1860
2308 49620 51480 9 7 1860
2309 51600 53040 7 1 1440
2310 53160 54420 1 18 1260
2311 54540 55680 18 13 1140
2312 55800 58500 13 8 2700
2313 58620 61920 8 10 3300
2314 64020 65880 9 7 1860
2315 66000 67440 7 1 1440
2316 67560 68820 1 18 1260
2317 68940 70080 18 13 1140
2318 70200 72900 13 8 2700
2319 73020 76320 8 10 3300
2320 78420 80280 9 7 1860
2321 80400 81840 7 1 1440
2322 81960 83220 1 18 1260
2323 83340 84480 18 13 1140
2324 35280 37680 17 16 2400
2325 37800 38520 16 15 720
2326 38640 41640 15 4 3000
2327 41760 44940 4 13 3180
2328 45060 46200 13 18 1140
2329 46320 48240 18 3 1920
2330 49560 51480 3 18 1920
2331 51600 52740 18 13 1140
2332 52860 56040 13 4 3180
2333 56160 59160 4 15 3000
2334 59280 60000 15 16 720
2335 60240 62640 16 17 2400
2336 63960 65880 3 18 1920
2337 66000 67140 18 13 1140
2338 67260 70440 13 4 3180
2339 70560 73560 4 15 3000
2340 73680 74400 15 16 720
2341 74640 77040 16 17 2400
2342 78360 80280 3 18 1920
2343 80400 81540 18 13 1140
2344 81660 84840 13 4 3180
2345 84960 87960 4 15 3000
2346 88080 88800 15 16 720
2347 36060 36960 0 13 900
2348 37140 39660 13 1 2520
2349 39780 41220 1 7 1440
2350 42600 44040 7 1 1440
2351 44160 46680 1 13 2520
2352 46800 47700 13 0 900
2353 36420 39480 2 13 3060
2354 39600 42300 13 8 2700
2355 42420 45720 8 10 3300
2356 45840 48300 10 14 2460
2357 50100 52560 14 10 2460
2358 52680 55980 10 8 3300
2359 56100 58800 8 13 2700
2360 58920 61980 13 2 3060
2361 39600 40500 0 13 900
2362 40740 43260 13 1 2520
2363 45180 47700 1 13 2520
2364 47820 48720 13 0 900
2365 39600 40800 11 12 1200
2366 40920 42480 12 7 1560
2367 42600 44040 7 1 1440
2368 44160 47280 1 5 3120
2369 48660 51780 5 1 3120
2370 51900 53340 1 7 1440
2371 53460 55020 7 12 1560
2372 55260 56460 12 11 1200
2373 39840 41760 3 18 1920
2374 41880 43020 18 13 1140
2375 43140 44040 13 0 900
2376 44760 45660 0 13 900
2377 45780 46920 13 18 1140
2378 47040 48960 18 3 1920
2379 39900 43080 4 13 3180
2380 43200 45240 13 6 2040
2381 45420 46560 6 8 1140
2382 48360 49500 8 6 1140
2383 49620 51660 6 13 2040
2384 51780 54960 13 4 3180
2385 40260 43260 11 1 3000
2386 43380 45900 1 13 2520
2387 46020 46920 13 0 900
2388 50160 51060 0 13 900
2389 51180 53700 13 1 2520
2390 53820 56820 1 11 3000
2391 40380 41280 0 13 900
2392 41400 42540 13 18 1140
2393 42660 43920 18 1 1260
2394 44040 45480 1 7 1440
2395 45600 47160 7 12 1560
2396 48120 49680 12 7 1560
2397 49800 51240 7 1 1440
2398 51360 52620 1 18 1260
2399 52740 53880 18 13 1140
2400 54000 54900 13 0 900
2401 40380 43440 13 2 3060
2402 43560 44460 2 4 900
2403 46140 47040 4 2 900
2404 47220 50280 2 13 3060
2405 41640 42540 2 4 900
2406 42660 45840 4 13 3180
2407 46440 49620 13 4 3180
2408 49740 50640 4 2 900
2409 42480 44520 3 6 2040
2410 44640 46680 6 13 2040
2411 46800 47700 13 0 900
2412 48360 49260 0 13 900
2413 49380 51420 13 6 2040
2414 51600 53640 6 3 2040
2415 43260 44160 0 13 900
2416 44340 46860 13 1 2520
2417 46980 48420 1 7 1440
2418 49800 51240 7 1 1440
2419 51360 53880 1 13 2520
2420 54000 54900 13 0 900
2421 44160 44880 16 15 720
2422 45000 48000 15 4 3000
2423 48120 51300 4 13 3180
2424 51420 52320 13 0 900
2425 53760 54660 0 13 900
2426 54780 57960 13 4 3180
2427 58080 61080 4 15 3000
2428 61200 61920 15 16 720
2429 46800 47700 0 13 900
2430 47940 50460 13 1 2520
2431 52380 54900 1 13 2520
2432 55020 55920 13 0 900
2433 47040 48960 3 18 1920
2434 49080 50220 18 13 1140
2435 50340 51240 13 0 900
2436 51960 52860 0 13 900
2437 52980 54120 13 18 1140
2438 54240 56160 18 3 1920
2439 47400 48540 18 13 1140
2440 48660 50700 13 6 2040
2441 50820 51960 6 8 1140
2442 52080 55380 8 10 3300
2443 55620 58080 10 14 2460
2444 59760 62220 14 10 2460
2445 62340 65640 10 8 3300
2446 65760 66900 8 6 1140
2447 67020 69060 6 13 2040
2448 69180 70320 13 18 1140
2449 47580 50640 13 2 3060
2450 50760 51660 2 4 900
2451 53340 54240 4 2 900
2452 54420 57480 2 13 3060
2453 48840 49740 2 4 900
2454 49860 53040 4 13 3180
2455 53640 56820 13 4 3180
2456 56940 57840 4 2 900
2457 49680 51720 3 6 2040
2458 51840 53880 6 13 2040
2459 54000 54900 13 0 900
2460 55560 56460 0 13 900
2461 56580 58620 13 6 2040
2462 58800 60840 6 3 2040
2463 50400 51600 11 12 1200
2464 51720 53280 12 7 1560
2465 53400 54840 7 1 1440
2466 54960 58080 1 5 3120
2467 59460 62580 5 1 3120
2468 62700 64140 1 7 1440
2469 64260 65820 7 12 1560
2470 66060 67260 12 11 1200
2471 50460 51360 0 13 900
2472 51540 54060 13 1 2520
2473 54180 55620 1 7 1440
2474 57000 58440 7 1 1440
2475 58560 61080 1 13 2520
2476 61200 62100 13 0 900
2477 50700 53880 4 13 3180
2478 54000 56040 13 6 2040
2479 56220 57360 6 8 1140
2480 59160 60300 8 6 1140
2481 60420 62460 6 13 2040
2482 62580 65760 13 4 3180
2483 50820 53880 2 13 3060
2484 54000 56700 13 8 2700
2485 56820 60120 8 10 3300
2486 60240 62700 10 14 2460
2487 64500 66960 14 10 2460
2488 67080 70380 10 8 3300
2489 70500 73200 8 13 2700
2490 73320 76380 13 2 3060
2491 51060 54060 11 1 3000
2492 54180 56700 1 13 2520
2493 56820 57720 13 0 900
2494 60960 61860 0 13 900
2495 61980 64500 13 1 2520
2496 64620 67620 1 11 3000
2497 51180 52080 0 13 900
2498 52200 53340 13 18 1140
2499 53460 54720 18 1 1260
2500 54840 56280 1 7 1440
2501 56400 57960 7 12 1560
2502 58920 60480 12 7 1560
2503 60600 62040 7 1 1440
2504 62160 63420 1 18 1260
2505 63540 64680 18 13 1140
2506 64800 65700 13 0 900
2507 54000 54900 0 13 900
2508 55140 57660 13 1 2520
2509 59580 62100 1 13 2520
2510 62220 63120 13 0 900
2511 54240 56160 3 18 1920
2512 56280 57420 18 13 1140
2513 57540 58440 13 0 900
2514 59160 60060 0 13 900
2515 60180 61320 13 18 1140
2516 61440 63360 18 3 1920
2517 54780 57840 13 2 3060
2518 57960 58860 2 4 900
2519 60540 61440 4 2 900
2520 61620 64680 2 13 3060
2521 54960 55680 16 15 720
2522 55800 58800 15 4 3000
2523 58920 62100 4 13 3180
2524 62220 63120 13 0 900
2525 64560 65460 0 13 900
2526 65580 68760 13 4 3180
2527 68880 71880 4 15 3000
2528 72000 72720 15 16 720
2529 56040 56940 2 4 900
2530 57060 60240 4 13 3180
2531 60840 64020 13 4 3180
2532 64140 65040 4 2 900
2533 56880 58920 3 6 2040
2534 59040 61080 6 13 2040
2535 61200 62100 13 0 900
2536 62760 63660 0 13 900
2537 63780 65820 13 6 2040
2538 66000 68040 6 3 2040
2539 57660 58560 0 13 900
2540 58740 61260 13 1 2520
2541 61380 62820 1 7 1440
2542 64200 65640 7 1 1440
2543 65760 68280 1 13 2520
2544 68400 69300 13 0 900
2545 61200 62100 0 13 900
2546 62340 64860 13 1 2520
2547 66780 69300 1 13 2520
2548 69420 70320 13 0 900
2549 61200 62400 11 12 1200
2550 62520 64080 12 7 1560
2551 64200 65640 7 1 1440
2552 65760 68880 1 5 3120
2553 70260 73380 5 1 3120
2554 73500 74940 1 7 1440
2555 75060 76620 7 12 1560
2556 61440 63360 3 18 1920
2557 63480 64620 18 13 1140
2558 64740 65640 13 0 900
2559 66360 67260 0 13 900
2560 67380 68520 13 18 1140
2561 68640 70560 18 3 1920
2562 61500 64680 4 13 3180
2563 64800 66840 13 6 2040
2564 67020 68160 6 8 1140
2565 69960 71100 8 6 1140
2566 71220 73260 6 13 2040
2567 73380 76560 13 4 3180
2568 61800 62940 18 13 1140
2569 63060 65100 13 6 2040
2570 65220 66360 6 8 1140
2571 66480 69780 8 10 3300
2572 70020 72480 10 14 2460
2573 74160 76620 14 10 2460
2574 76740 80040 10 8 3300
2575 80160 81300 8 6 1140
2576 81420 83460 6 13 2040
2577 61860 64860 11 1 3000
2578 64980 67500 1 13 2520
2579 67620 68520 13 0 900
2580 71760 72660 0 13 900
2581 72780 75300 13 1 2520
2582 61980 62880 0 13 900
2583 63000 64140 13 18 1140
2584 64260 65520 18 1 1260
2585 65640 67080 1 7 1440
2586 67200 68760 7 12 1560
2587 69720 71280 12 7 1560
2588 71400 72840 7 1 1440
2589 72960 74220 1 18 1260
2590 74340 75480 18 13 1140
2591 75600 76500 13 0 900
2592 61980 65040 13 2 3060
2593 65160 66060 2 4 900
2594 67740 68640 4 2 900
2595 68820 71880 2 13 3060
2596 63240 64140 2 4 900
2597 64260 67440 4 13 3180
2598 68040 71220 13 4 3180
2599 71340 72240 4 2 900
2600 64080 66120 3 6 2040
2601 66240 68280 6 13 2040
2602 68400 69300 13 0 900
2603 69960 70860 0 13 900
2604 70980 73020 13 6 2040
2605 73200 75240 6 3 2040
2606 64860 65760 0 13 900
2607 65940 68460 13 1 2520
2608 68580 70020 1 7 1440
2609 71400 72840 7 1 1440
2610 72960 75480 1 13 2520
2611 75600 76500 13 0 900
2612 65220 68280 2 13 3060
2613 68400 71100 13 8 2700
2614 71220 74520 8 10 3300
2615 74640 77100 10 14 2460
2616 78900 81360 14 10 2460
2617 81480 84780 10 8 3300
2618 84900 87600 8 13 2700
2619 65760 66480 16 15 720
2620 66600 69600 15 4 3000
2621 69720 72900 4 13 3180
2622 73020 73920 13 0 900
2623 75360 76260 0 13 900
2624 76380 79560 13 4 3180
2625 79680 82680 4 15 3000
2626 68400 69300 0 13 900
2627 69540 72060 13 1 2520
2628 73980 76500 1 13 2520
2629 76620 77520 13 0 900
2630 68640 70560 3 18 1920
2631 70680 71820 18 13 1140
2632 71940 72840 13 0 900
2633 73560 74460 0 13 900
2634 74580 75720 13 18 1140
2635 75840 77760 18 3 1920
2636 69180 72240 13 2 3060
2637 72360 73260 2 4 900
2638 74940 75840 4 2 900
2639 76020 79080 2 13 3060
2640 70440 71340 2 4 900
2641 71460 74640 4 13 3180
2642 75240 78420 13 4 3180
2643 78540 79440 4 2 900
2644 71280 73320 3 6 2040
2645 73440 75480 6 13 2040
2646 75600 76500 13 0 900
2647 77160 78060 0 13 900
2648 78180 80220 13 6 2040
2649 72000 73200 11 12 1200
2650 73320 74880 12 7 1560
2651 75000 76440 7 1 1440
2652 76560 79680 1 5 3120
2653 72060 72960 0 13 900
2654 73140 75660 13 1 2520
2655 75780 77220 1 7 1440
2656 78600 80040 7 1 1440
2657 80160 82680 1 13 2520
2658 82800 83700 13 0 900
2659 72300 75480 4 13 3180
2660 75600 77640 13 6 2040
2661 77820 78960 6 8 1140
2662 80760 81900 8 6 1140
2663 82020 84060 6 13 2040
2664 72660 75660 11 1 3000
2665 75780 78300 1 13 2520
2666 78420 79320 13 0 900
2667 82560 83460 0 13 900
2668 72780 73680 0 13 900
2669 73800 74940 13 18 1140
2670 75060 76320 18 1 1260
2671 76440 77880 1 7 1440
2672 78000 79560 7 12 1560
2673 80520 82080 12 7 1560
2674 82200 83640 7 1 1440
2675 83760 85020 1 18 1260
2676 85140 86280 18 13 1140
2677 75600 76500 0 13 900
2678 76740 79260 13 1 2520
2679 81180 83700 1 13 2520
2680 83820 84720 13 0 900
2681 75840 77760 3 18 1920
2682 77880 79020 18 13 1140
2683 79140 80040 13 0 900
2684 80760 81660 0 13 900
2685 81780 82920 13 18 1140
2686 76200 77340 18 13 1140
2687 77460 79500 13 6 2040
2688 79620 80760 6 8 1140
2689 80880 84180 8 10 3300
2690 84420 86880 10 14 2460
2691 88560 91020 14 10 2460
2692 91140 94440 10 8 3300
2693 94560 95700 8 6 1140
2694 95820 97860 6 13 2040
2695 76380 79440 13 2 3060
2696 79560 80460 2 4 900
2697 82140 83040 4 2 900
2698 83220 86280 2 13 3060
2699 76560 77280 16 15 720
2700 77400 80400 15 4 3000
2701 80520 83700 4 13 3180
2702 83820 84720 13 0 900
2703 86160 87060 0 13 900
2704 87180 90360 13 4 3180
2705 77640 78540 2 4 900
2706 78660 81840 4 13 3180
2707 78480 80520 3 6 2040
2708 80640 82680 6 13 2040
2709 82800 83700 13 0 900
2710 84360 85260 0 13 900
