0 13 15
13 18 19
1 18 21
7 12 26
9 12 18
4 5 31
2 4 15
6 8 19
15 16 12
13 0 15
18 13 19
18 1 21
12 7 26
12 9 18
5 4 31
4 2 15
8 6 19
16 15 12
8 13 45
13 8 45
6 13 34
13 6 34
7 9 31
9 7 31
15 17 40
17 15 40
1 19 8
19 1 8
0 20 10
20 0 10
5 20 19
20 5 19
1 21 7
21 1 7
11 22 12
22 11 12
12 22 6
22 12 6
2 23 13
23 2 13
13 24 11
24 13 11
23 24 23
24 23 23
6 25 19
25 6 19
3 25 13
25 3 13
8 26 9
26 8 9
10 26 44
26 10 44
18 27 8
27 18 8
3 27 22
27 3 22
14 28 21
28 14 21
15 29 11
29 15 11
13 30 21
30 13 21
19 30 9
30 19 9
4 31 7
31 4 7
13 31 44
31 13 44
10 32 8
32 10 8
28 32 8
32 28 8
4 33 24
33 4 24
29 33 11
33 29 11
1 34 7
34 1 7
7 34 15
34 7 15
11 35 25
35 11 25
21 35 14
35 21 14
1 36 16
36 1 16
5 36 34
36 5 34
16 37 25
37 16 25
17 37 13
37 17 13
