0 SOURCE 1 18 -1 -1 2940 31740
1 SOURCE 1 0 -1 -1 1680 30480
2 SOURCE 1 54 -1 -1 2940 31740
3 SOURCE 1 36 -1 -1 1680 30480
4 SOURCE 1 90 -1 -1 2940 31740
5 SOURCE 1 72 -1 -1 1680 30480
6 SOURCE 1 124 -1 -1 2940 31740
7 SOURCE 1 108 -1 -1 1680 30480
8 SOURCE 1 156 -1 -1 2940 31740
9 SOURCE 1 140 -1 -1 1680 30480
10 SOURCE 1 2 -1 -1 2940 31740
11 SOURCE 1 20 -1 -1 1680 30480
12 SOURCE 1 38 -1 -1 2940 31740
13 SOURCE 1 56 -1 -1 1680 30480
14 SOURCE 1 74 -1 -1 2940 31740
15 SOURCE 1 92 -1 -1 1680 30480
16 SOURCE 1 110 -1 -1 2940 31740
17 SOURCE 1 126 -1 -1 1680 30480
18 SOURCE 1 142 -1 -1 2940 31740
19 SOURCE 1 158 -1 -1 1680 30480
20 SOURCE 1 4 -1 -1 2940 31740
21 SOURCE 1 22 -1 -1 1680 30480
22 SOURCE 1 40 -1 -1 2940 31740
23 SOURCE 1 58 -1 -1 1680 30480
24 SOURCE 1 76 -1 -1 2940 31740
25 SOURCE 1 94 -1 -1 1680 30480
26 SOURCE 1 112 -1 -1 2940 31740
27 SOURCE 1 128 -1 -1 1680 30480
28 SOURCE 1 144 -1 -1 2940 31740
29 SOURCE 1 160 -1 -1 1680 30480
30 SOURCE 1 6 -1 -1 2940 31740
31 SOURCE 1 24 -1 -1 1680 30480
32 SOURCE 1 42 -1 -1 2940 31740
33 SOURCE 1 60 -1 -1 1680 30480
34 SOURCE 1 78 -1 -1 2940 31740
35 SOURCE 1 96 -1 -1 1680 30480
36 SOURCE 1 114 -1 -1 2940 31740
37 SOURCE 1 130 -1 -1 1680 30480
38 SOURCE 1 146 -1 -1 2940 31740
39 SOURCE 1 162 -1 -1 1680 30480
40 SOURCE 1 8 -1 -1 2940 31740
41 SOURCE 1 26 -1 -1 1680 30480
42 SOURCE 1 44 -1 -1 2940 31740
43 SOURCE 1 62 -1 -1 1680 30480
44 SOURCE 1 80 -1 -1 2940 31740
45 SOURCE 1 98 -1 -1 1680 30480
46 SOURCE 1 116 -1 -1 2940 31740
47 SOURCE 1 132 -1 -1 1680 30480
48 SOURCE 1 148 -1 -1 2940 31740
49 SOURCE 1 164 -1 -1 1680 30480
50 SOURCE 1 10 -1 -1 2940 31740
51 SOURCE 1 28 -1 -1 1680 30480
52 SOURCE 1 46 -1 -1 2940 31740
53 SOURCE 1 64 -1 -1 1680 30480
54 SOURCE 1 82 -1 -1 2940 31740
55 SOURCE 1 100 -1 -1 1680 30480
56 SOURCE 1 118 -1 -1 2940 31740
57 SOURCE 1 134 -1 -1 1680 30480
58 SOURCE 1 150 -1 -1 2940 31740
59 SOURCE 1 166 -1 -1 1680 30480
60 SOURCE 1 12 -1 -1 2940 31740
61 SOURCE 1 30 -1 -1 1680 30480
62 SOURCE 1 48 -1 -1 2940 31740
63 SOURCE 1 66 -1 -1 1680 30480
64 SOURCE 1 84 -1 -1 2940 31740
65 SOURCE 1 102 -1 -1 1680 30480
66 SOURCE 1 120 -1 -1 2940 31740
67 SOURCE 1 136 -1 -1 1680 30480
68 SOURCE 1 152 -1 -1 2940 31740
69 SOURCE 1 168 -1 -1 1680 30480
70 SOURCE 1 14 -1 -1 2940 31740
71 SOURCE 1 32 -1 -1 1680 30480
72 SOURCE 1 50 -1 -1 2940 31740
73 SOURCE 1 68 -1 -1 1680 30480
74 SOURCE 1 86 -1 -1 2940 31740
75 SOURCE 1 104 -1 -1 1680 30480
76 SOURCE 1 122 -1 -1 2940 31740
77 SOURCE 1 138 -1 -1 1680 30480
78 SOURCE 1 154 -1 -1 2940 31740
79 SOURCE 1 170 -1 -1 1680 30480
80 SOURCE 1 16 -1 -1 2940 31740
81 SOURCE 1 34 -1 -1 1680 30480
82 SOURCE 1 52 -1 -1 2940 31740
83 SOURCE 1 70 -1 -1 1680 30480
84 SOURCE 1 88 -1 -1 2940 31740
85 SOURCE 1 106 -1 -1 1680 30480
86 CONNECTION 18 19 -1 -1 4080 4080
87 CONNECTION 18 55 -1 -1 5280 5280
88 CONNECTION 18 91 300 4380 6480 6480
89 CONNECTION 18 125 300 5580 7680 7680
90 CONNECTION 18 157 300 6780 8880 8880
91 CONNECTION 18 21 300 7980 10080 10080
92 CONNECTION 0 1 -1 -1 3060 3060
93 CONNECTION 0 37 -1 -1 4260 4260
94 CONNECTION 0 73 300 3360 5460 5460
95 CONNECTION 0 109 300 4560 6660 6660
96 CONNECTION 0 141 300 5760 7860 7860
97 CONNECTION 54 55 -1 -1 4080 4080
98 CONNECTION 54 91 -1 -1 5280 5280
99 CONNECTION 54 125 300 4380 6480 6480
100 CONNECTION 54 157 300 5580 7680 7680
101 CONNECTION 54 21 300 6780 8880 8880
102 CONNECTION 54 57 300 7980 10080 10080
103 CONNECTION 36 37 -1 -1 3060 3060
104 CONNECTION 36 73 -1 -1 4260 4260
105 CONNECTION 36 109 300 3360 5460 5460
106 CONNECTION 36 141 300 4560 6660 6660
107 CONNECTION 36 3 300 5760 7860 7860
108 CONNECTION 90 91 -1 -1 4080 4080
109 CONNECTION 90 125 -1 -1 5280 5280
110 CONNECTION 90 157 300 4380 6480 6480
111 CONNECTION 90 21 300 5580 7680 7680
112 CONNECTION 90 57 300 6780 8880 8880
113 CONNECTION 90 93 300 7980 10080 10080
114 CONNECTION 72 73 -1 -1 3060 3060
115 CONNECTION 72 109 -1 -1 4260 4260
116 CONNECTION 72 141 300 3360 5460 5460
117 CONNECTION 72 3 300 4560 6660 6660
118 CONNECTION 72 39 300 5760 7860 7860
119 CONNECTION 124 125 -1 -1 4080 4080
120 CONNECTION 124 157 -1 -1 5280 5280
121 CONNECTION 124 21 300 4380 6480 6480
122 CONNECTION 124 57 300 5580 7680 7680
123 CONNECTION 124 93 300 6780 8880 8880
124 CONNECTION 124 127 300 7980 10080 10080
125 CONNECTION 19 20 -1 -1 1800 1800
126 CONNECTION 19 56 -1 -1 3000 3000
127 CONNECTION 19 74 -1 -1 4320 4320
128 CONNECTION 19 92 -1 -1 4200 4200
129 CONNECTION 19 110 -1 -1 5520 5520
130 CONNECTION 19 126 300 3300 5400 5400
131 CONNECTION 19 142 300 4620 6720 6720
132 CONNECTION 19 158 300 4500 6600 6600
133 CONNECTION 19 4 300 5820 7920 7920
134 CONNECTION 19 22 300 5700 7800 7800
135 CONNECTION 19 40 300 7020 9120 9120
136 SINK 19 1 -1 -1 0 0
137 CONNECTION 1 2 -1 -1 3060 3060
138 CONNECTION 1 20 -1 -1 2940 2940
139 CONNECTION 1 38 -1 -1 4260 4260
140 CONNECTION 1 56 -1 -1 4140 4140
141 CONNECTION 1 74 -1 -1 5460 5460
142 CONNECTION 1 92 300 3240 5340 5340
143 CONNECTION 1 110 300 4560 6660 6660
144 CONNECTION 1 126 300 4440 6540 6540
145 CONNECTION 1 142 300 5760 7860 7860
146 CONNECTION 1 158 300 5640 7740 7740
147 CONNECTION 1 4 300 6960 9060 9060
148 SINK 1 1 -1 -1 0 0
149 CONNECTION 108 109 -1 -1 3060 3060
150 CONNECTION 108 141 -1 -1 4260 4260
151 CONNECTION 108 3 300 3360 5460 5460
152 CONNECTION 108 39 300 4560 6660 6660
153 CONNECTION 108 75 300 5760 7860 7860
154 CONNECTION 156 157 -1 -1 4080 4080
155 CONNECTION 156 21 -1 -1 5280 5280
156 CONNECTION 156 57 300 4380 6480 6480
157 CONNECTION 156 93 300 5580 7680 7680
158 CONNECTION 156 127 300 6780 8880 8880
159 CONNECTION 156 159 300 7980 10080 10080
160 CONNECTION 55 56 -1 -1 1800 1800
161 CONNECTION 55 92 -1 -1 3000 3000
162 CONNECTION 55 110 -1 -1 4320 4320
163 CONNECTION 55 126 -1 -1 4200 4200
164 CONNECTION 55 142 -1 -1 5520 5520
165 CONNECTION 55 158 300 3300 5400 5400
166 CONNECTION 55 4 300 4620 6720 6720
167 CONNECTION 55 22 300 4500 6600 6600
168 CONNECTION 55 40 300 5820 7920 7920
169 CONNECTION 55 58 300 5700 7800 7800
170 CONNECTION 55 76 300 7020 9120 9120
171 SINK 55 1 -1 -1 0 0
172 CONNECTION 37 38 -1 -1 3060 3060
173 CONNECTION 37 56 -1 -1 2940 2940
174 CONNECTION 37 74 -1 -1 4260 4260
175 CONNECTION 37 92 -1 -1 4140 4140
176 CONNECTION 37 110 -1 -1 5460 5460
177 CONNECTION 37 126 300 3240 5340 5340
178 CONNECTION 37 142 300 4560 6660 6660
179 CONNECTION 37 158 300 4440 6540 6540
180 CONNECTION 37 4 300 5760 7860 7860
181 CONNECTION 37 22 300 5640 7740 7740
182 CONNECTION 37 40 300 6960 9060 9060
183 SINK 37 1 -1 -1 0 0
184 CONNECTION 140 141 -1 -1 3060 3060
185 CONNECTION 140 3 -1 -1 4260 4260
186 CONNECTION 140 39 300 3360 5460 5460
187 CONNECTION 140 75 300 4560 6660 6660
188 CONNECTION 140 111 300 5760 7860 7860
189 CONNECTION 2 21 -1 -1 4080 4080
190 CONNECTION 2 57 -1 -1 5280 5280
191 CONNECTION 2 93 300 4380 6480 6480
192 CONNECTION 2 127 300 5580 7680 7680
193 CONNECTION 2 159 300 6780 8880 8880
194 CONNECTION 2 23 300 7980 10080 10080
195 CONNECTION 91 92 -1 -1 1800 1800
196 CONNECTION 91 126 -1 -1 3000 3000
197 CONNECTION 91 142 -1 -1 4320 4320
198 CONNECTION 91 158 -1 -1 4200 4200
199 CONNECTION 91 4 -1 -1 5520 5520
200 CONNECTION 91 22 300 3300 5400 5400
201 CONNECTION 91 40 300 4620 6720 6720
202 CONNECTION 91 58 300 4500 6600 6600
203 CONNECTION 91 76 300 5820 7920 7920
204 CONNECTION 91 94 300 5700 7800 7800
205 CONNECTION 91 112 300 7020 9120 9120
206 SINK 91 1 -1 -1 0 0
207 CONNECTION 73 74 -1 -1 3060 3060
208 CONNECTION 73 92 -1 -1 2940 2940
209 CONNECTION 73 110 -1 -1 4260 4260
210 CONNECTION 73 126 -1 -1 4140 4140
211 CONNECTION 73 142 -1 -1 5460 5460
212 CONNECTION 73 158 300 3240 5340 5340
213 CONNECTION 73 4 300 4560 6660 6660
214 CONNECTION 73 22 300 4440 6540 6540
215 CONNECTION 73 40 300 5760 7860 7860
216 CONNECTION 73 58 300 5640 7740 7740
217 CONNECTION 73 76 300 6960 9060 9060
218 SINK 73 1 -1 -1 0 0
219 CONNECTION 20 3 -1 -1 3060 3060
220 CONNECTION 20 39 -1 -1 4260 4260
221 CONNECTION 20 75 300 3360 5460 5460
222 CONNECTION 20 111 300 4560 6660 6660
223 CONNECTION 20 143 300 5760 7860 7860
224 CONNECTION 38 57 -1 -1 4080 4080
225 CONNECTION 38 93 -1 -1 5280 5280
226 CONNECTION 38 127 300 4380 6480 6480
227 CONNECTION 38 159 300 5580 7680 7680
228 CONNECTION 38 23 300 6780 8880 8880
229 CONNECTION 38 59 300 7980 10080 10080
230 CONNECTION 125 126 -1 -1 1800 1800
231 CONNECTION 125 158 -1 -1 3000 3000
232 CONNECTION 125 4 -1 -1 4320 4320
233 CONNECTION 125 22 -1 -1 4200 4200
234 CONNECTION 125 40 -1 -1 5520 5520
235 CONNECTION 125 58 300 3300 5400 5400
236 CONNECTION 125 76 300 4620 6720 6720
237 CONNECTION 125 94 300 4500 6600 6600
238 CONNECTION 125 112 300 5820 7920 7920
239 CONNECTION 125 128 300 5700 7800 7800
240 CONNECTION 125 144 300 7020 9120 9120
241 SINK 125 1 -1 -1 0 0
242 CONNECTION 109 110 -1 -1 3060 3060
243 CONNECTION 109 126 -1 -1 2940 2940
244 CONNECTION 109 142 -1 -1 4260 4260
245 CONNECTION 109 158 -1 -1 4140 4140
246 CONNECTION 109 4 -1 -1 5460 5460
247 CONNECTION 109 22 300 3240 5340 5340
248 CONNECTION 109 40 300 4560 6660 6660
249 CONNECTION 109 58 300 4440 6540 6540
250 CONNECTION 109 76 300 5760 7860 7860
251 CONNECTION 109 94 300 5640 7740 7740
252 CONNECTION 109 112 300 6960 9060 9060
253 SINK 109 1 -1 -1 0 0
254 CONNECTION 56 39 -1 -1 3060 3060
255 CONNECTION 56 75 -1 -1 4260 4260
256 CONNECTION 56 111 300 3360 5460 5460
257 CONNECTION 56 143 300 4560 6660 6660
258 CONNECTION 56 5 300 5760 7860 7860
259 CONNECTION 74 93 -1 -1 4080 4080
260 CONNECTION 74 127 -1 -1 5280 5280
261 CONNECTION 74 159 300 4380 6480 6480
262 CONNECTION 74 23 300 5580 7680 7680
263 CONNECTION 74 59 300 6780 8880 8880
264 CONNECTION 74 95 300 7980 10080 10080
265 CONNECTION 157 158 -1 -1 1800 1800
266 CONNECTION 157 22 -1 -1 3000 3000
267 CONNECTION 157 40 -1 -1 4320 4320
268 CONNECTION 157 58 -1 -1 4200 4200
269 CONNECTION 157 76 -1 -1 5520 5520
270 CONNECTION 157 94 300 3300 5400 5400
271 CONNECTION 157 112 300 4620 6720 6720
272 CONNECTION 157 128 300 4500 6600 6600
273 CONNECTION 157 144 300 5820 7920 7920
274 CONNECTION 157 160 300 5700 7800 7800
275 CONNECTION 157 6 300 7020 9120 9120
276 SINK 157 1 -1 -1 0 0
277 CONNECTION 141 142 -1 -1 3060 3060
278 CONNECTION 141 158 -1 -1 2940 2940
279 CONNECTION 141 4 -1 -1 4260 4260
280 CONNECTION 141 22 -1 -1 4140 4140
281 CONNECTION 141 40 -1 -1 5460 5460
282 CONNECTION 141 58 300 3240 5340 5340
283 CONNECTION 141 76 300 4560 6660 6660
284 CONNECTION 141 94 300 4440 6540 6540
285 CONNECTION 141 112 300 5760 7860 7860
286 CONNECTION 141 128 300 5640 7740 7740
287 CONNECTION 141 144 300 6960 9060 9060
288 SINK 141 1 -1 -1 0 0
289 CONNECTION 92 75 -1 -1 3060 3060
290 CONNECTION 92 111 -1 -1 4260 4260
291 CONNECTION 92 143 300 3360 5460 5460
292 CONNECTION 92 5 300 4560 6660 6660
293 CONNECTION 92 41 300 5760 7860 7860
294 CONNECTION 110 127 -1 -1 4080 4080
295 CONNECTION 110 159 -1 -1 5280 5280
296 CONNECTION 110 23 300 4380 6480 6480
297 CONNECTION 110 59 300 5580 7680 7680
298 CONNECTION 110 95 300 6780 8880 8880
299 CONNECTION 110 129 300 7980 10080 10080
300 CONNECTION 21 22 -1 -1 1800 1800
301 CONNECTION 21 58 -1 -1 3000 3000
302 CONNECTION 21 76 -1 -1 4320 4320
303 CONNECTION 21 94 -1 -1 4200 4200
304 CONNECTION 21 112 -1 -1 5520 5520
305 CONNECTION 21 128 300 3300 5400 5400
306 CONNECTION 21 144 300 4620 6720 6720
307 CONNECTION 21 160 300 4500 6600 6600
308 CONNECTION 21 6 300 5820 7920 7920
309 CONNECTION 21 24 300 5700 7800 7800
310 CONNECTION 21 42 300 7020 9120 9120
311 SINK 21 1 -1 -1 0 0
312 CONNECTION 3 4 -1 -1 3060 3060
313 CONNECTION 3 22 -1 -1 2940 2940
314 CONNECTION 3 40 -1 -1 4260 4260
315 CONNECTION 3 58 -1 -1 4140 4140
316 CONNECTION 3 76 -1 -1 5460 5460
317 CONNECTION 3 94 300 3240 5340 5340
318 CONNECTION 3 112 300 4560 6660 6660
319 CONNECTION 3 128 300 4440 6540 6540
320 CONNECTION 3 144 300 5760 7860 7860
321 CONNECTION 3 160 300 5640 7740 7740
322 CONNECTION 3 6 300 6960 9060 9060
323 SINK 3 1 -1 -1 0 0
324 CONNECTION 126 111 -1 -1 3060 3060
325 CONNECTION 126 143 -1 -1 4260 4260
326 CONNECTION 126 5 300 3360 5460 5460
327 CONNECTION 126 41 300 4560 6660 6660
328 CONNECTION 126 77 300 5760 7860 7860
329 CONNECTION 142 159 -1 -1 4080 4080
330 CONNECTION 142 23 -1 -1 5280 5280
331 CONNECTION 142 59 300 4380 6480 6480
332 CONNECTION 142 95 300 5580 7680 7680
333 CONNECTION 142 129 300 6780 8880 8880
334 CONNECTION 142 161 300 7980 10080 10080
335 CONNECTION 57 58 -1 -1 1800 1800
336 CONNECTION 57 94 -1 -1 3000 3000
337 CONNECTION 57 112 -1 -1 4320 4320
338 CONNECTION 57 128 -1 -1 4200 4200
339 CONNECTION 57 144 -1 -1 5520 5520
340 CONNECTION 57 160 300 3300 5400 5400
341 CONNECTION 57 6 300 4620 6720 6720
342 CONNECTION 57 24 300 4500 6600 6600
343 CONNECTION 57 42 300 5820 7920 7920
344 CONNECTION 57 60 300 5700 7800 7800
345 CONNECTION 57 78 300 7020 9120 9120
346 SINK 57 1 -1 -1 0 0
347 CONNECTION 39 40 -1 -1 3060 3060
348 CONNECTION 39 58 -1 -1 2940 2940
349 CONNECTION 39 76 -1 -1 4260 4260
350 CONNECTION 39 94 -1 -1 4140 4140
351 CONNECTION 39 112 -1 -1 5460 5460
352 CONNECTION 39 128 300 3240 5340 5340
353 CONNECTION 39 144 300 4560 6660 6660
354 CONNECTION 39 160 300 4440 6540 6540
355 CONNECTION 39 6 300 5760 7860 7860
356 CONNECTION 39 24 300 5640 7740 7740
357 CONNECTION 39 42 300 6960 9060 9060
358 SINK 39 1 -1 -1 0 0
359 CONNECTION 158 143 -1 -1 3060 3060
360 CONNECTION 158 5 -1 -1 4260 4260
361 CONNECTION 158 41 300 3360 5460 5460
362 CONNECTION 158 77 300 4560 6660 6660
363 CONNECTION 158 113 300 5760 7860 7860
364 CONNECTION 4 23 -1 -1 4080 4080
365 CONNECTION 4 59 -1 -1 5280 5280
366 CONNECTION 4 95 300 4380 6480 6480
367 CONNECTION 4 129 300 5580 7680 7680
368 CONNECTION 4 161 300 6780 8880 8880
369 CONNECTION 4 25 300 7980 10080 10080
370 CONNECTION 93 94 -1 -1 1800 1800
371 CONNECTION 93 128 -1 -1 3000 3000
372 CONNECTION 93 144 -1 -1 4320 4320
373 CONNECTION 93 160 -1 -1 4200 4200
374 CONNECTION 93 6 -1 -1 5520 5520
375 CONNECTION 93 24 300 3300 5400 5400
376 CONNECTION 93 42 300 4620 6720 6720
377 CONNECTION 93 60 300 4500 6600 6600
378 CONNECTION 93 78 300 5820 7920 7920
379 CONNECTION 93 96 300 5700 7800 7800
380 CONNECTION 93 114 300 7020 9120 9120
381 SINK 93 1 -1 -1 0 0
382 CONNECTION 75 76 -1 -1 3060 3060
383 CONNECTION 75 94 -1 -1 2940 2940
384 CONNECTION 75 112 -1 -1 4260 4260
385 CONNECTION 75 128 -1 -1 4140 4140
386 CONNECTION 75 144 -1 -1 5460 5460
387 CONNECTION 75 160 300 3240 5340 5340
388 CONNECTION 75 6 300 4560 6660 6660
389 CONNECTION 75 24 300 4440 6540 6540
390 CONNECTION 75 42 300 5760 7860 7860
391 CONNECTION 75 60 300 5640 7740 7740
392 CONNECTION 75 78 300 6960 9060 9060
393 SINK 75 1 -1 -1 0 0
394 CONNECTION 22 5 -1 -1 3060 3060
395 CONNECTION 22 41 -1 -1 4260 4260
396 CONNECTION 22 77 300 3360 5460 5460
397 CONNECTION 22 113 300 4560 6660 6660
398 CONNECTION 22 145 300 5760 7860 7860
399 CONNECTION 40 59 -1 -1 4080 4080
400 CONNECTION 40 95 -1 -1 5280 5280
401 CONNECTION 40 129 300 4380 6480 6480
402 CONNECTION 40 161 300 5580 7680 7680
403 CONNECTION 40 25 300 6780 8880 8880
404 CONNECTION 40 61 300 7980 10080 10080
405 CONNECTION 127 128 -1 -1 1800 1800
406 CONNECTION 127 160 -1 -1 3000 3000
407 CONNECTION 127 6 -1 -1 4320 4320
408 CONNECTION 127 24 -1 -1 4200 4200
409 CONNECTION 127 42 -1 -1 5520 5520
410 CONNECTION 127 60 300 3300 5400 5400
411 CONNECTION 127 78 300 4620 6720 6720
412 CONNECTION 127 96 300 4500 6600 6600
413 CONNECTION 127 114 300 5820 7920 7920
414 CONNECTION 127 130 300 5700 7800 7800
415 CONNECTION 127 146 300 7020 9120 9120
416 SINK 127 1 -1 -1 0 0
417 CONNECTION 111 112 -1 -1 3060 3060
418 CONNECTION 111 128 -1 -1 2940 2940
419 CONNECTION 111 144 -1 -1 4260 4260
420 CONNECTION 111 160 -1 -1 4140 4140
421 CONNECTION 111 6 -1 -1 5460 5460
422 CONNECTION 111 24 300 3240 5340 5340
423 CONNECTION 111 42 300 4560 6660 6660
424 CONNECTION 111 60 300 4440 6540 6540
425 CONNECTION 111 78 300 5760 7860 7860
426 CONNECTION 111 96 300 5640 7740 7740
427 CONNECTION 111 114 300 6960 9060 9060
428 SINK 111 1 -1 -1 0 0
429 CONNECTION 58 41 -1 -1 3060 3060
430 CONNECTION 58 77 -1 -1 4260 4260
431 CONNECTION 58 113 300 3360 5460 5460
432 CONNECTION 58 145 300 4560 6660 6660
433 CONNECTION 58 7 300 5760 7860 7860
434 CONNECTION 76 95 -1 -1 4080 4080
435 CONNECTION 76 129 -1 -1 5280 5280
436 CONNECTION 76 161 300 4380 6480 6480
437 CONNECTION 76 25 300 5580 7680 7680
438 CONNECTION 76 61 300 6780 8880 8880
439 CONNECTION 76 97 300 7980 10080 10080
440 CONNECTION 159 160 -1 -1 1800 1800
441 CONNECTION 159 24 -1 -1 3000 3000
442 CONNECTION 159 42 -1 -1 4320 4320
443 CONNECTION 159 60 -1 -1 4200 4200
444 CONNECTION 159 78 -1 -1 5520 5520
445 CONNECTION 159 96 300 3300 5400 5400
446 CONNECTION 159 114 300 4620 6720 6720
447 CONNECTION 159 130 300 4500 6600 6600
448 CONNECTION 159 146 300 5820 7920 7920
449 CONNECTION 159 162 300 5700 7800 7800
450 CONNECTION 159 8 300 7020 9120 9120
451 SINK 159 1 -1 -1 0 0
452 CONNECTION 143 144 -1 -1 3060 3060
453 CONNECTION 143 160 -1 -1 2940 2940
454 CONNECTION 143 6 -1 -1 4260 4260
455 CONNECTION 143 24 -1 -1 4140 4140
456 CONNECTION 143 42 -1 -1 5460 5460
457 CONNECTION 143 60 300 3240 5340 5340
458 CONNECTION 143 78 300 4560 6660 6660
459 CONNECTION 143 96 300 4440 6540 6540
460 CONNECTION 143 114 300 5760 7860 7860
461 CONNECTION 143 130 300 5640 7740 7740
462 CONNECTION 143 146 300 6960 9060 9060
463 SINK 143 1 -1 -1 0 0
464 CONNECTION 94 77 -1 -1 3060 3060
465 CONNECTION 94 113 -1 -1 4260 4260
466 CONNECTION 94 145 300 3360 5460 5460
467 CONNECTION 94 7 300 4560 6660 6660
468 CONNECTION 94 43 300 5760 7860 7860
469 CONNECTION 112 129 -1 -1 4080 4080
470 CONNECTION 112 161 -1 -1 5280 5280
471 CONNECTION 112 25 300 4380 6480 6480
472 CONNECTION 112 61 300 5580 7680 7680
473 CONNECTION 112 97 300 6780 8880 8880
474 CONNECTION 112 131 300 7980 10080 10080
475 CONNECTION 23 24 -1 -1 1800 1800
476 CONNECTION 23 60 -1 -1 3000 3000
477 CONNECTION 23 78 -1 -1 4320 4320
478 CONNECTION 23 96 -1 -1 4200 4200
479 CONNECTION 23 114 -1 -1 5520 5520
480 CONNECTION 23 130 300 3300 5400 5400
481 CONNECTION 23 146 300 4620 6720 6720
482 CONNECTION 23 162 300 4500 6600 6600
483 CONNECTION 23 8 300 5820 7920 7920
484 CONNECTION 23 26 300 5700 7800 7800
485 CONNECTION 23 44 300 7020 9120 9120
486 SINK 23 1 -1 -1 0 0
487 CONNECTION 5 6 -1 -1 3060 3060
488 CONNECTION 5 24 -1 -1 2940 2940
489 CONNECTION 5 42 -1 -1 4260 4260
490 CONNECTION 5 60 -1 -1 4140 4140
491 CONNECTION 5 78 -1 -1 5460 5460
492 CONNECTION 5 96 300 3240 5340 5340
493 CONNECTION 5 114 300 4560 6660 6660
494 CONNECTION 5 130 300 4440 6540 6540
495 CONNECTION 5 146 300 5760 7860 7860
496 CONNECTION 5 162 300 5640 7740 7740
497 CONNECTION 5 8 300 6960 9060 9060
498 SINK 5 1 -1 -1 0 0
499 CONNECTION 128 113 -1 -1 3060 3060
500 CONNECTION 128 145 -1 -1 4260 4260
501 CONNECTION 128 7 300 3360 5460 5460
502 CONNECTION 128 43 300 4560 6660 6660
503 CONNECTION 128 79 300 5760 7860 7860
504 CONNECTION 144 161 -1 -1 4080 4080
505 CONNECTION 144 25 -1 -1 5280 5280
506 CONNECTION 144 61 300 4380 6480 6480
507 CONNECTION 144 97 300 5580 7680 7680
508 CONNECTION 144 131 300 6780 8880 8880
509 CONNECTION 144 163 300 7980 10080 10080
510 CONNECTION 59 60 -1 -1 1800 1800
511 CONNECTION 59 96 -1 -1 3000 3000
512 CONNECTION 59 114 -1 -1 4320 4320
513 CONNECTION 59 130 -1 -1 4200 4200
514 CONNECTION 59 146 -1 -1 5520 5520
515 CONNECTION 59 162 300 3300 5400 5400
516 CONNECTION 59 8 300 4620 6720 6720
517 CONNECTION 59 26 300 4500 6600 6600
518 CONNECTION 59 44 300 5820 7920 7920
519 CONNECTION 59 62 300 5700 7800 7800
520 CONNECTION 59 80 300 7020 9120 9120
521 SINK 59 1 -1 -1 0 0
522 CONNECTION 41 42 -1 -1 3060 3060
523 CONNECTION 41 60 -1 -1 2940 2940
524 CONNECTION 41 78 -1 -1 4260 4260
525 CONNECTION 41 96 -1 -1 4140 4140
526 CONNECTION 41 114 -1 -1 5460 5460
527 CONNECTION 41 130 300 3240 5340 5340
528 CONNECTION 41 146 300 4560 6660 6660
529 CONNECTION 41 162 300 4440 6540 6540
530 CONNECTION 41 8 300 5760 7860 7860
531 CONNECTION 41 26 300 5640 7740 7740
532 CONNECTION 41 44 300 6960 9060 9060
533 SINK 41 1 -1 -1 0 0
534 CONNECTION 160 145 -1 -1 3060 3060
535 CONNECTION 160 7 -1 -1 4260 4260
536 CONNECTION 160 43 300 3360 5460 5460
537 CONNECTION 160 79 300 4560 6660 6660
538 CONNECTION 160 115 300 5760 7860 7860
539 CONNECTION 6 25 -1 -1 4080 4080
540 CONNECTION 6 61 -1 -1 5280 5280
541 CONNECTION 6 97 300 4380 6480 6480
542 CONNECTION 6 131 300 5580 7680 7680
543 CONNECTION 6 163 300 6780 8880 8880
544 CONNECTION 6 27 300 7980 10080 10080
545 CONNECTION 95 96 -1 -1 1800 1800
546 CONNECTION 95 130 -1 -1 3000 3000
547 CONNECTION 95 146 -1 -1 4320 4320
548 CONNECTION 95 162 -1 -1 4200 4200
549 CONNECTION 95 8 -1 -1 5520 5520
550 CONNECTION 95 26 300 3300 5400 5400
551 CONNECTION 95 44 300 4620 6720 6720
552 CONNECTION 95 62 300 4500 6600 6600
553 CONNECTION 95 80 300 5820 7920 7920
554 CONNECTION 95 98 300 5700 7800 7800
555 CONNECTION 95 116 300 7020 9120 9120
556 SINK 95 1 -1 -1 0 0
557 CONNECTION 77 78 -1 -1 3060 3060
558 CONNECTION 77 96 -1 -1 2940 2940
559 CONNECTION 77 114 -1 -1 4260 4260
560 CONNECTION 77 130 -1 -1 4140 4140
561 CONNECTION 77 146 -1 -1 5460 5460
562 CONNECTION 77 162 300 3240 5340 5340
563 CONNECTION 77 8 300 4560 6660 6660
564 CONNECTION 77 26 300 4440 6540 6540
565 CONNECTION 77 44 300 5760 7860 7860
566 CONNECTION 77 62 300 5640 7740 7740
567 CONNECTION 77 80 300 6960 9060 9060
568 SINK 77 1 -1 -1 0 0
569 CONNECTION 24 7 -1 -1 3060 3060
570 CONNECTION 24 43 -1 -1 4260 4260
571 CONNECTION 24 79 300 3360 5460 5460
572 CONNECTION 24 115 300 4560 6660 6660
573 CONNECTION 24 147 300 5760 7860 7860
574 CONNECTION 42 61 -1 -1 4080 4080
575 CONNECTION 42 97 -1 -1 5280 5280
576 CONNECTION 42 131 300 4380 6480 6480
577 CONNECTION 42 163 300 5580 7680 7680
578 CONNECTION 42 27 300 6780 8880 8880
579 CONNECTION 42 63 300 7980 10080 10080
580 CONNECTION 129 130 -1 -1 1800 1800
581 CONNECTION 129 162 -1 -1 3000 3000
582 CONNECTION 129 8 -1 -1 4320 4320
583 CONNECTION 129 26 -1 -1 4200 4200
584 CONNECTION 129 44 -1 -1 5520 5520
585 CONNECTION 129 62 300 3300 5400 5400
586 CONNECTION 129 80 300 4620 6720 6720
587 CONNECTION 129 98 300 4500 6600 6600
588 CONNECTION 129 116 300 5820 7920 7920
589 CONNECTION 129 132 300 5700 7800 7800
590 CONNECTION 129 148 300 7020 9120 9120
591 SINK 129 1 -1 -1 0 0
592 CONNECTION 113 114 -1 -1 3060 3060
593 CONNECTION 113 130 -1 -1 2940 2940
594 CONNECTION 113 146 -1 -1 4260 4260
595 CONNECTION 113 162 -1 -1 4140 4140
596 CONNECTION 113 8 -1 -1 5460 5460
597 CONNECTION 113 26 300 3240 5340 5340
598 CONNECTION 113 44 300 4560 6660 6660
599 CONNECTION 113 62 300 4440 6540 6540
600 CONNECTION 113 80 300 5760 7860 7860
601 CONNECTION 113 98 300 5640 7740 7740
602 CONNECTION 113 116 300 6960 9060 9060
603 SINK 113 1 -1 -1 0 0
604 CONNECTION 60 43 -1 -1 3060 3060
605 CONNECTION 60 79 -1 -1 4260 4260
606 CONNECTION 60 115 300 3360 5460 5460
607 CONNECTION 60 147 300 4560 6660 6660
608 CONNECTION 60 9 300 5760 7860 7860
609 CONNECTION 78 97 -1 -1 4080 4080
610 CONNECTION 78 131 -1 -1 5280 5280
611 CONNECTION 78 163 300 4380 6480 6480
612 CONNECTION 78 27 300 5580 7680 7680
613 CONNECTION 78 63 300 6780 8880 8880
614 CONNECTION 78 99 300 7980 10080 10080
615 CONNECTION 161 162 -1 -1 1800 1800
616 CONNECTION 161 26 -1 -1 3000 3000
617 CONNECTION 161 44 -1 -1 4320 4320
618 CONNECTION 161 62 -1 -1 4200 4200
619 CONNECTION 161 80 -1 -1 5520 5520
620 CONNECTION 161 98 300 3300 5400 5400
621 CONNECTION 161 116 300 4620 6720 6720
622 CONNECTION 161 132 300 4500 6600 6600
623 CONNECTION 161 148 300 5820 7920 7920
624 CONNECTION 161 164 300 5700 7800 7800
625 CONNECTION 161 10 300 7020 9120 9120
626 SINK 161 1 -1 -1 0 0
627 CONNECTION 145 146 -1 -1 3060 3060
628 CONNECTION 145 162 -1 -1 2940 2940
629 CONNECTION 145 8 -1 -1 4260 4260
630 CONNECTION 145 26 -1 -1 4140 4140
631 CONNECTION 145 44 -1 -1 5460 5460
632 CONNECTION 145 62 300 3240 5340 5340
633 CONNECTION 145 80 300 4560 6660 6660
634 CONNECTION 145 98 300 4440 6540 6540
635 CONNECTION 145 116 300 5760 7860 7860
636 CONNECTION 145 132 300 5640 7740 7740
637 CONNECTION 145 148 300 6960 9060 9060
638 SINK 145 1 -1 -1 0 0
639 CONNECTION 96 79 -1 -1 3060 3060
640 CONNECTION 96 115 -1 -1 4260 4260
641 CONNECTION 96 147 300 3360 5460 5460
642 CONNECTION 96 9 300 4560 6660 6660
643 CONNECTION 96 45 300 5760 7860 7860
644 CONNECTION 114 131 -1 -1 4080 4080
645 CONNECTION 114 163 -1 -1 5280 5280
646 CONNECTION 114 27 300 4380 6480 6480
647 CONNECTION 114 63 300 5580 7680 7680
648 CONNECTION 114 99 300 6780 8880 8880
649 CONNECTION 114 133 300 7980 10080 10080
650 CONNECTION 25 26 -1 -1 1800 1800
651 CONNECTION 25 62 -1 -1 3000 3000
652 CONNECTION 25 80 -1 -1 4320 4320
653 CONNECTION 25 98 -1 -1 4200 4200
654 CONNECTION 25 116 -1 -1 5520 5520
655 CONNECTION 25 132 300 3300 5400 5400
656 CONNECTION 25 148 300 4620 6720 6720
657 CONNECTION 25 164 300 4500 6600 6600
658 CONNECTION 25 10 300 5820 7920 7920
659 CONNECTION 25 28 300 5700 7800 7800
660 CONNECTION 25 46 300 7020 9120 9120
661 SINK 25 1 -1 -1 0 0
662 CONNECTION 7 8 -1 -1 3060 3060
663 CONNECTION 7 26 -1 -1 2940 2940
664 CONNECTION 7 44 -1 -1 4260 4260
665 CONNECTION 7 62 -1 -1 4140 4140
666 CONNECTION 7 80 -1 -1 5460 5460
667 CONNECTION 7 98 300 3240 5340 5340
668 CONNECTION 7 116 300 4560 6660 6660
669 CONNECTION 7 132 300 4440 6540 6540
670 CONNECTION 7 148 300 5760 7860 7860
671 CONNECTION 7 164 300 5640 7740 7740
672 CONNECTION 7 10 300 6960 9060 9060
673 SINK 7 1 -1 -1 0 0
674 CONNECTION 130 115 -1 -1 3060 3060
675 CONNECTION 130 147 -1 -1 4260 4260
676 CONNECTION 130 9 300 3360 5460 5460
677 CONNECTION 130 45 300 4560 6660 6660
678 CONNECTION 130 81 300 5760 7860 7860
679 CONNECTION 146 163 -1 -1 4080 4080
680 CONNECTION 146 27 -1 -1 5280 5280
681 CONNECTION 146 63 300 4380 6480 6480
682 CONNECTION 146 99 300 5580 7680 7680
683 CONNECTION 146 133 300 6780 8880 8880
684 CONNECTION 146 165 300 7980 10080 10080
685 CONNECTION 61 62 -1 -1 1800 1800
686 CONNECTION 61 98 -1 -1 3000 3000
687 CONNECTION 61 116 -1 -1 4320 4320
688 CONNECTION 61 132 -1 -1 4200 4200
689 CONNECTION 61 148 -1 -1 5520 5520
690 CONNECTION 61 164 300 3300 5400 5400
691 CONNECTION 61 10 300 4620 6720 6720
692 CONNECTION 61 28 300 4500 6600 6600
693 CONNECTION 61 46 300 5820 7920 7920
694 CONNECTION 61 64 300 5700 7800 7800
695 CONNECTION 61 82 300 7020 9120 9120
696 SINK 61 1 -1 -1 0 0
697 CONNECTION 43 44 -1 -1 3060 3060
698 CONNECTION 43 62 -1 -1 2940 2940
699 CONNECTION 43 80 -1 -1 4260 4260
700 CONNECTION 43 98 -1 -1 4140 4140
701 CONNECTION 43 116 -1 -1 5460 5460
702 CONNECTION 43 132 300 3240 5340 5340
703 CONNECTION 43 148 300 4560 6660 6660
704 CONNECTION 43 164 300 4440 6540 6540
705 CONNECTION 43 10 300 5760 7860 7860
706 CONNECTION 43 28 300 5640 7740 7740
707 CONNECTION 43 46 300 6960 9060 9060
708 SINK 43 1 -1 -1 0 0
709 CONNECTION 162 147 -1 -1 3060 3060
710 CONNECTION 162 9 -1 -1 4260 4260
711 CONNECTION 162 45 300 3360 5460 5460
712 CONNECTION 162 81 300 4560 6660 6660
713 CONNECTION 162 117 300 5760 7860 7860
714 CONNECTION 8 27 -1 -1 4080 4080
715 CONNECTION 8 63 -1 -1 5280 5280
716 CONNECTION 8 99 300 4380 6480 6480
717 CONNECTION 8 133 300 5580 7680 7680
718 CONNECTION 8 165 300 6780 8880 8880
719 CONNECTION 8 29 300 7980 10080 10080
720 CONNECTION 97 98 -1 -1 1800 1800
721 CONNECTION 97 132 -1 -1 3000 3000
722 CONNECTION 97 148 -1 -1 4320 4320
723 CONNECTION 97 164 -1 -1 4200 4200
724 CONNECTION 97 10 -1 -1 5520 5520
725 CONNECTION 97 28 300 3300 5400 5400
726 CONNECTION 97 46 300 4620 6720 6720
727 CONNECTION 97 64 300 4500 6600 6600
728 CONNECTION 97 82 300 5820 7920 7920
729 CONNECTION 97 100 300 5700 7800 7800
730 CONNECTION 97 118 300 7020 9120 9120
731 SINK 97 1 -1 -1 0 0
732 CONNECTION 79 80 -1 -1 3060 3060
733 CONNECTION 79 98 -1 -1 2940 2940
734 CONNECTION 79 116 -1 -1 4260 4260
735 CONNECTION 79 132 -1 -1 4140 4140
736 CONNECTION 79 148 -1 -1 5460 5460
737 CONNECTION 79 164 300 3240 5340 5340
738 CONNECTION 79 10 300 4560 6660 6660
739 CONNECTION 79 28 300 4440 6540 6540
740 CONNECTION 79 46 300 5760 7860 7860
741 CONNECTION 79 64 300 5640 7740 7740
742 CONNECTION 79 82 300 6960 9060 9060
743 SINK 79 1 -1 -1 0 0
744 CONNECTION 26 9 -1 -1 3060 3060
745 CONNECTION 26 45 -1 -1 4260 4260
746 CONNECTION 26 81 300 3360 5460 5460
747 CONNECTION 26 117 300 4560 6660 6660
748 CONNECTION 26 149 300 5760 7860 7860
749 CONNECTION 44 63 -1 -1 4080 4080
750 CONNECTION 44 99 -1 -1 5280 5280
751 CONNECTION 44 133 300 4380 6480 6480
752 CONNECTION 44 165 300 5580 7680 7680
753 CONNECTION 44 29 300 6780 8880 8880
754 CONNECTION 44 65 300 7980 10080 10080
755 CONNECTION 131 132 -1 -1 1800 1800
756 CONNECTION 131 164 -1 -1 3000 3000
757 CONNECTION 131 10 -1 -1 4320 4320
758 CONNECTION 131 28 -1 -1 4200 4200
759 CONNECTION 131 46 -1 -1 5520 5520
760 CONNECTION 131 64 300 3300 5400 5400
761 CONNECTION 131 82 300 4620 6720 6720
762 CONNECTION 131 100 300 4500 6600 6600
763 CONNECTION 131 118 300 5820 7920 7920
764 CONNECTION 131 134 300 5700 7800 7800
765 CONNECTION 131 150 300 7020 9120 9120
766 SINK 131 1 -1 -1 0 0
767 CONNECTION 115 116 -1 -1 3060 3060
768 CONNECTION 115 132 -1 -1 2940 2940
769 CONNECTION 115 148 -1 -1 4260 4260
770 CONNECTION 115 164 -1 -1 4140 4140
771 CONNECTION 115 10 -1 -1 5460 5460
772 CONNECTION 115 28 300 3240 5340 5340
773 CONNECTION 115 46 300 4560 6660 6660
774 CONNECTION 115 64 300 4440 6540 6540
775 CONNECTION 115 82 300 5760 7860 7860
776 CONNECTION 115 100 300 5640 7740 7740
777 CONNECTION 115 118 300 6960 9060 9060
778 SINK 115 1 -1 -1 0 0
779 CONNECTION 62 45 -1 -1 3060 3060
780 CONNECTION 62 81 -1 -1 4260 4260
781 CONNECTION 62 117 300 3360 5460 5460
782 CONNECTION 62 149 300 4560 6660 6660
783 CONNECTION 62 11 300 5760 7860 7860
784 CONNECTION 80 99 -1 -1 4080 4080
785 CONNECTION 80 133 -1 -1 5280 5280
786 CONNECTION 80 165 300 4380 6480 6480
787 CONNECTION 80 29 300 5580 7680 7680
788 CONNECTION 80 65 300 6780 8880 8880
789 CONNECTION 80 101 300 7980 10080 10080
790 CONNECTION 163 164 -1 -1 1800 1800
791 CONNECTION 163 28 -1 -1 3000 3000
792 CONNECTION 163 46 -1 -1 4320 4320
793 CONNECTION 163 64 -1 -1 4200 4200
794 CONNECTION 163 82 -1 -1 5520 5520
795 CONNECTION 163 100 300 3300 5400 5400
796 CONNECTION 163 118 300 4620 6720 6720
797 CONNECTION 163 134 300 4500 6600 6600
798 CONNECTION 163 150 300 5820 7920 7920
799 CONNECTION 163 166 300 5700 7800 7800
800 CONNECTION 163 12 300 7020 9120 9120
801 SINK 163 1 -1 -1 0 0
802 CONNECTION 147 148 -1 -1 3060 3060
803 CONNECTION 147 164 -1 -1 2940 2940
804 CONNECTION 147 10 -1 -1 4260 4260
805 CONNECTION 147 28 -1 -1 4140 4140
806 CONNECTION 147 46 -1 -1 5460 5460
807 CONNECTION 147 64 300 3240 5340 5340
808 CONNECTION 147 82 300 4560 6660 6660
809 CONNECTION 147 100 300 4440 6540 6540
810 CONNECTION 147 118 300 5760 7860 7860
811 CONNECTION 147 134 300 5640 7740 7740
812 CONNECTION 147 150 300 6960 9060 9060
813 SINK 147 1 -1 -1 0 0
814 CONNECTION 98 81 -1 -1 3060 3060
815 CONNECTION 98 117 -1 -1 4260 4260
816 CONNECTION 98 149 300 3360 5460 5460
817 CONNECTION 98 11 300 4560 6660 6660
818 CONNECTION 98 47 300 5760 7860 7860
819 CONNECTION 116 133 -1 -1 4080 4080
820 CONNECTION 116 165 -1 -1 5280 5280
821 CONNECTION 116 29 300 4380 6480 6480
822 CONNECTION 116 65 300 5580 7680 7680
823 CONNECTION 116 101 300 6780 8880 8880
824 CONNECTION 116 135 300 7980 10080 10080
825 CONNECTION 27 28 -1 -1 1800 1800
826 CONNECTION 27 64 -1 -1 3000 3000
827 CONNECTION 27 82 -1 -1 4320 4320
828 CONNECTION 27 100 -1 -1 4200 4200
829 CONNECTION 27 118 -1 -1 5520 5520
830 CONNECTION 27 134 300 3300 5400 5400
831 CONNECTION 27 150 300 4620 6720 6720
832 CONNECTION 27 166 300 4500 6600 6600
833 CONNECTION 27 12 300 5820 7920 7920
834 CONNECTION 27 30 300 5700 7800 7800
835 CONNECTION 27 48 300 7020 9120 9120
836 SINK 27 1 -1 -1 0 0
837 CONNECTION 9 10 -1 -1 3060 3060
838 CONNECTION 9 28 -1 -1 2940 2940
839 CONNECTION 9 46 -1 -1 4260 4260
840 CONNECTION 9 64 -1 -1 4140 4140
841 CONNECTION 9 82 -1 -1 5460 5460
842 CONNECTION 9 100 300 3240 5340 5340
843 CONNECTION 9 118 300 4560 6660 6660
844 CONNECTION 9 134 300 4440 6540 6540
845 CONNECTION 9 150 300 5760 7860 7860
846 CONNECTION 9 166 300 5640 7740 7740
847 CONNECTION 9 12 300 6960 9060 9060
848 SINK 9 1 -1 -1 0 0
849 CONNECTION 132 117 -1 -1 3060 3060
850 CONNECTION 132 149 -1 -1 4260 4260
851 CONNECTION 132 11 300 3360 5460 5460
852 CONNECTION 132 47 300 4560 6660 6660
853 CONNECTION 132 83 300 5760 7860 7860
854 CONNECTION 148 165 -1 -1 4080 4080
855 CONNECTION 148 29 -1 -1 5280 5280
856 CONNECTION 148 65 300 4380 6480 6480
857 CONNECTION 148 101 300 5580 7680 7680
858 CONNECTION 148 135 300 6780 8880 8880
859 CONNECTION 148 167 300 7980 10080 10080
860 CONNECTION 63 64 -1 -1 1800 1800
861 CONNECTION 63 100 -1 -1 3000 3000
862 CONNECTION 63 118 -1 -1 4320 4320
863 CONNECTION 63 134 -1 -1 4200 4200
864 CONNECTION 63 150 -1 -1 5520 5520
865 CONNECTION 63 166 300 3300 5400 5400
866 CONNECTION 63 12 300 4620 6720 6720
867 CONNECTION 63 30 300 4500 6600 6600
868 CONNECTION 63 48 300 5820 7920 7920
869 CONNECTION 63 66 300 5700 7800 7800
870 CONNECTION 63 84 300 7020 9120 9120
871 SINK 63 1 -1 -1 0 0
872 CONNECTION 45 46 -1 -1 3060 3060
873 CONNECTION 45 64 -1 -1 2940 2940
874 CONNECTION 45 82 -1 -1 4260 4260
875 CONNECTION 45 100 -1 -1 4140 4140
876 CONNECTION 45 118 -1 -1 5460 5460
877 CONNECTION 45 134 300 3240 5340 5340
878 CONNECTION 45 150 300 4560 6660 6660
879 CONNECTION 45 166 300 4440 6540 6540
880 CONNECTION 45 12 300 5760 7860 7860
881 CONNECTION 45 30 300 5640 7740 7740
882 CONNECTION 45 48 300 6960 9060 9060
883 SINK 45 1 -1 -1 0 0
884 CONNECTION 164 149 -1 -1 3060 3060
885 CONNECTION 164 11 -1 -1 4260 4260
886 CONNECTION 164 47 300 3360 5460 5460
887 CONNECTION 164 83 300 4560 6660 6660
888 CONNECTION 164 119 300 5760 7860 7860
889 CONNECTION 10 29 -1 -1 4080 4080
890 CONNECTION 10 65 -1 -1 5280 5280
891 CONNECTION 10 101 300 4380 6480 6480
892 CONNECTION 10 135 300 5580 7680 7680
893 CONNECTION 10 167 300 6780 8880 8880
894 CONNECTION 10 31 300 7980 10080 10080
895 CONNECTION 99 100 -1 -1 1800 1800
896 CONNECTION 99 134 -1 -1 3000 3000
897 CONNECTION 99 150 -1 -1 4320 4320
898 CONNECTION 99 166 -1 -1 4200 4200
899 CONNECTION 99 12 -1 -1 5520 5520
900 CONNECTION 99 30 300 3300 5400 5400
901 CONNECTION 99 48 300 4620 6720 6720
902 CONNECTION 99 66 300 4500 6600 6600
903 CONNECTION 99 84 300 5820 7920 7920
904 CONNECTION 99 102 300 5700 7800 7800
905 CONNECTION 99 120 300 7020 9120 9120
906 SINK 99 1 -1 -1 0 0
907 CONNECTION 81 82 -1 -1 3060 3060
908 CONNECTION 81 100 -1 -1 2940 2940
909 CONNECTION 81 118 -1 -1 4260 4260
910 CONNECTION 81 134 -1 -1 4140 4140
911 CONNECTION 81 150 -1 -1 5460 5460
912 CONNECTION 81 166 300 3240 5340 5340
913 CONNECTION 81 12 300 4560 6660 6660
914 CONNECTION 81 30 300 4440 6540 6540
915 CONNECTION 81 48 300 5760 7860 7860
916 CONNECTION 81 66 300 5640 7740 7740
917 CONNECTION 81 84 300 6960 9060 9060
918 SINK 81 1 -1 -1 0 0
919 CONNECTION 28 11 -1 -1 3060 3060
920 CONNECTION 28 47 -1 -1 4260 4260
921 CONNECTION 28 83 300 3360 5460 5460
922 CONNECTION 28 119 300 4560 6660 6660
923 CONNECTION 28 151 300 5760 7860 7860
924 CONNECTION 46 65 -1 -1 4080 4080
925 CONNECTION 46 101 -1 -1 5280 5280
926 CONNECTION 46 135 300 4380 6480 6480
927 CONNECTION 46 167 300 5580 7680 7680
928 CONNECTION 46 31 300 6780 8880 8880
929 CONNECTION 46 67 300 7980 10080 10080
930 CONNECTION 133 134 -1 -1 1800 1800
931 CONNECTION 133 166 -1 -1 3000 3000
932 CONNECTION 133 12 -1 -1 4320 4320
933 CONNECTION 133 30 -1 -1 4200 4200
934 CONNECTION 133 48 -1 -1 5520 5520
935 CONNECTION 133 66 300 3300 5400 5400
936 CONNECTION 133 84 300 4620 6720 6720
937 CONNECTION 133 102 300 4500 6600 6600
938 CONNECTION 133 120 300 5820 7920 7920
939 CONNECTION 133 136 300 5700 7800 7800
940 CONNECTION 133 152 300 7020 9120 9120
941 SINK 133 1 -1 -1 0 0
942 CONNECTION 117 118 -1 -1 3060 3060
943 CONNECTION 117 134 -1 -1 2940 2940
944 CONNECTION 117 150 -1 -1 4260 4260
945 CONNECTION 117 166 -1 -1 4140 4140
946 CONNECTION 117 12 -1 -1 5460 5460
947 CONNECTION 117 30 300 3240 5340 5340
948 CONNECTION 117 48 300 4560 6660 6660
949 CONNECTION 117 66 300 4440 6540 6540
950 CONNECTION 117 84 300 5760 7860 7860
951 CONNECTION 117 102 300 5640 7740 7740
952 CONNECTION 117 120 300 6960 9060 9060
953 SINK 117 1 -1 -1 0 0
954 CONNECTION 64 47 -1 -1 3060 3060
955 CONNECTION 64 83 -1 -1 4260 4260
956 CONNECTION 64 119 300 3360 5460 5460
957 CONNECTION 64 151 300 4560 6660 6660
958 CONNECTION 64 13 300 5760 7860 7860
959 CONNECTION 82 101 -1 -1 4080 4080
960 CONNECTION 82 135 -1 -1 5280 5280
961 CONNECTION 82 167 300 4380 6480 6480
962 CONNECTION 82 31 300 5580 7680 7680
963 CONNECTION 82 67 300 6780 8880 8880
964 CONNECTION 82 103 300 7980 10080 10080
965 CONNECTION 165 166 -1 -1 1800 1800
966 CONNECTION 165 30 -1 -1 3000 3000
967 CONNECTION 165 48 -1 -1 4320 4320
968 CONNECTION 165 66 -1 -1 4200 4200
969 CONNECTION 165 84 -1 -1 5520 5520
970 CONNECTION 165 102 300 3300 5400 5400
971 CONNECTION 165 120 300 4620 6720 6720
972 CONNECTION 165 136 300 4500 6600 6600
973 CONNECTION 165 152 300 5820 7920 7920
974 CONNECTION 165 168 300 5700 7800 7800
975 CONNECTION 165 14 300 7020 9120 9120
976 SINK 165 1 -1 -1 0 0
977 CONNECTION 149 150 -1 -1 3060 3060
978 CONNECTION 149 166 -1 -1 2940 2940
979 CONNECTION 149 12 -1 -1 4260 4260
980 CONNECTION 149 30 -1 -1 4140 4140
981 CONNECTION 149 48 -1 -1 5460 5460
982 CONNECTION 149 66 300 3240 5340 5340
983 CONNECTION 149 84 300 4560 6660 6660
984 CONNECTION 149 102 300 4440 6540 6540
985 CONNECTION 149 120 300 5760 7860 7860
986 CONNECTION 149 136 300 5640 7740 7740
987 CONNECTION 149 152 300 6960 9060 9060
988 SINK 149 1 -1 -1 0 0
989 CONNECTION 100 83 -1 -1 3060 3060
990 CONNECTION 100 119 -1 -1 4260 4260
991 CONNECTION 100 151 300 3360 5460 5460
992 CONNECTION 100 13 300 4560 6660 6660
993 CONNECTION 100 49 300 5760 7860 7860
994 CONNECTION 118 135 -1 -1 4080 4080
995 CONNECTION 118 167 -1 -1 5280 5280
996 CONNECTION 118 31 300 4380 6480 6480
997 CONNECTION 118 67 300 5580 7680 7680
998 CONNECTION 118 103 300 6780 8880 8880
999 CONNECTION 118 137 300 7980 10080 10080
1000 CONNECTION 29 30 -1 -1 1800 1800
1001 CONNECTION 29 66 -1 -1 3000 3000
1002 CONNECTION 29 84 -1 -1 4320 4320
1003 CONNECTION 29 102 -1 -1 4200 4200
1004 CONNECTION 29 120 -1 -1 5520 5520
1005 CONNECTION 29 136 300 3300 5400 5400
1006 CONNECTION 29 152 300 4620 6720 6720
1007 CONNECTION 29 168 300 4500 6600 6600
1008 CONNECTION 29 14 300 5820 7920 7920
1009 CONNECTION 29 32 300 5700 7800 7800
1010 CONNECTION 29 50 300 7020 9120 9120
1011 SINK 29 1 -1 -1 0 0
1012 CONNECTION 11 12 -1 -1 3060 3060
1013 CONNECTION 11 30 -1 -1 2940 2940
1014 CONNECTION 11 48 -1 -1 4260 4260
1015 CONNECTION 11 66 -1 -1 4140 4140
1016 CONNECTION 11 84 -1 -1 5460 5460
1017 CONNECTION 11 102 300 3240 5340 5340
1018 CONNECTION 11 120 300 4560 6660 6660
1019 CONNECTION 11 136 300 4440 6540 6540
1020 CONNECTION 11 152 300 5760 7860 7860
1021 CONNECTION 11 168 300 5640 7740 7740
1022 CONNECTION 11 14 300 6960 9060 9060
1023 SINK 11 1 -1 -1 0 0
1024 CONNECTION 134 119 -1 -1 3060 3060
1025 CONNECTION 134 151 -1 -1 4260 4260
1026 CONNECTION 134 13 300 3360 5460 5460
1027 CONNECTION 134 49 300 4560 6660 6660
1028 CONNECTION 134 85 300 5760 7860 7860
1029 CONNECTION 150 167 -1 -1 4080 4080
1030 CONNECTION 150 31 -1 -1 5280 5280
1031 CONNECTION 150 67 300 4380 6480 6480
1032 CONNECTION 150 103 300 5580 7680 7680
1033 CONNECTION 150 137 300 6780 8880 8880
1034 CONNECTION 150 169 300 7980 10080 10080
1035 CONNECTION 65 66 -1 -1 1800 1800
1036 CONNECTION 65 102 -1 -1 3000 3000
1037 CONNECTION 65 120 -1 -1 4320 4320
1038 CONNECTION 65 136 -1 -1 4200 4200
1039 CONNECTION 65 152 -1 -1 5520 5520
1040 CONNECTION 65 168 300 3300 5400 5400
1041 CONNECTION 65 14 300 4620 6720 6720
1042 CONNECTION 65 32 300 4500 6600 6600
1043 CONNECTION 65 50 300 5820 7920 7920
1044 CONNECTION 65 68 300 5700 7800 7800
1045 CONNECTION 65 86 300 7020 9120 9120
1046 SINK 65 1 -1 -1 0 0
1047 CONNECTION 47 48 -1 -1 3060 3060
1048 CONNECTION 47 66 -1 -1 2940 2940
1049 CONNECTION 47 84 -1 -1 4260 4260
1050 CONNECTION 47 102 -1 -1 4140 4140
1051 CONNECTION 47 120 -1 -1 5460 5460
1052 CONNECTION 47 136 300 3240 5340 5340
1053 CONNECTION 47 152 300 4560 6660 6660
1054 CONNECTION 47 168 300 4440 6540 6540
1055 CONNECTION 47 14 300 5760 7860 7860
1056 CONNECTION 47 32 300 5640 7740 7740
1057 CONNECTION 47 50 300 6960 9060 9060
1058 SINK 47 1 -1 -1 0 0
1059 CONNECTION 166 151 -1 -1 3060 3060
1060 CONNECTION 166 13 -1 -1 4260 4260
1061 CONNECTION 166 49 300 3360 5460 5460
1062 CONNECTION 166 85 300 4560 6660 6660
1063 CONNECTION 166 121 300 5760 7860 7860
1064 CONNECTION 12 31 -1 -1 4080 4080
1065 CONNECTION 12 67 -1 -1 5280 5280
1066 CONNECTION 12 103 300 4380 6480 6480
1067 CONNECTION 12 137 300 5580 7680 7680
1068 CONNECTION 12 169 300 6780 8880 8880
1069 CONNECTION 12 33 300 7980 10080 10080
1070 CONNECTION 101 102 -1 -1 1800 1800
1071 CONNECTION 101 136 -1 -1 3000 3000
1072 CONNECTION 101 152 -1 -1 4320 4320
1073 CONNECTION 101 168 -1 -1 4200 4200
1074 CONNECTION 101 14 -1 -1 5520 5520
1075 CONNECTION 101 32 300 3300 5400 5400
1076 CONNECTION 101 50 300 4620 6720 6720
1077 CONNECTION 101 68 300 4500 6600 6600
1078 CONNECTION 101 86 300 5820 7920 7920
1079 CONNECTION 101 104 300 5700 7800 7800
1080 CONNECTION 101 122 300 7020 9120 9120
1081 SINK 101 1 -1 -1 0 0
1082 CONNECTION 83 84 -1 -1 3060 3060
1083 CONNECTION 83 102 -1 -1 2940 2940
1084 CONNECTION 83 120 -1 -1 4260 4260
1085 CONNECTION 83 136 -1 -1 4140 4140
1086 CONNECTION 83 152 -1 -1 5460 5460
1087 CONNECTION 83 168 300 3240 5340 5340
1088 CONNECTION 83 14 300 4560 6660 6660
1089 CONNECTION 83 32 300 4440 6540 6540
1090 CONNECTION 83 50 300 5760 7860 7860
1091 CONNECTION 83 68 300 5640 7740 7740
1092 CONNECTION 83 86 300 6960 9060 9060
1093 SINK 83 1 -1 -1 0 0
1094 CONNECTION 30 13 -1 -1 3060 3060
1095 CONNECTION 30 49 -1 -1 4260 4260
1096 CONNECTION 30 85 300 3360 5460 5460
1097 CONNECTION 30 121 300 4560 6660 6660
1098 CONNECTION 30 153 300 5760 7860 7860
1099 CONNECTION 48 67 -1 -1 4080 4080
1100 CONNECTION 48 103 -1 -1 5280 5280
1101 CONNECTION 48 137 300 4380 6480 6480
1102 CONNECTION 48 169 300 5580 7680 7680
1103 CONNECTION 48 33 300 6780 8880 8880
1104 CONNECTION 48 69 300 7980 10080 10080
1105 CONNECTION 135 136 -1 -1 1800 1800
1106 CONNECTION 135 168 -1 -1 3000 3000
1107 CONNECTION 135 14 -1 -1 4320 4320
1108 CONNECTION 135 32 -1 -1 4200 4200
1109 CONNECTION 135 50 -1 -1 5520 5520
1110 CONNECTION 135 68 300 3300 5400 5400
1111 CONNECTION 135 86 300 4620 6720 6720
1112 CONNECTION 135 104 300 4500 6600 6600
1113 CONNECTION 135 122 300 5820 7920 7920
1114 CONNECTION 135 138 300 5700 7800 7800
1115 CONNECTION 135 154 300 7020 9120 9120
1116 SINK 135 1 -1 -1 0 0
1117 CONNECTION 119 120 -1 -1 3060 3060
1118 CONNECTION 119 136 -1 -1 2940 2940
1119 CONNECTION 119 152 -1 -1 4260 4260
1120 CONNECTION 119 168 -1 -1 4140 4140
1121 CONNECTION 119 14 -1 -1 5460 5460
1122 CONNECTION 119 32 300 3240 5340 5340
1123 CONNECTION 119 50 300 4560 6660 6660
1124 CONNECTION 119 68 300 4440 6540 6540
1125 CONNECTION 119 86 300 5760 7860 7860
1126 CONNECTION 119 104 300 5640 7740 7740
1127 CONNECTION 119 122 300 6960 9060 9060
1128 SINK 119 1 -1 -1 0 0
1129 CONNECTION 66 49 -1 -1 3060 3060
1130 CONNECTION 66 85 -1 -1 4260 4260
1131 CONNECTION 66 121 300 3360 5460 5460
1132 CONNECTION 66 153 300 4560 6660 6660
1133 CONNECTION 66 15 300 5760 7860 7860
1134 CONNECTION 84 103 -1 -1 4080 4080
1135 CONNECTION 84 137 -1 -1 5280 5280
1136 CONNECTION 84 169 300 4380 6480 6480
1137 CONNECTION 84 33 300 5580 7680 7680
1138 CONNECTION 84 69 300 6780 8880 8880
1139 CONNECTION 84 105 300 7980 10080 10080
1140 CONNECTION 167 168 -1 -1 1800 1800
1141 CONNECTION 167 32 -1 -1 3000 3000
1142 CONNECTION 167 50 -1 -1 4320 4320
1143 CONNECTION 167 68 -1 -1 4200 4200
1144 CONNECTION 167 86 -1 -1 5520 5520
1145 CONNECTION 167 104 300 3300 5400 5400
1146 CONNECTION 167 122 300 4620 6720 6720
1147 CONNECTION 167 138 300 4500 6600 6600
1148 CONNECTION 167 154 300 5820 7920 7920
1149 CONNECTION 167 170 300 5700 7800 7800
1150 CONNECTION 167 16 300 7020 9120 9120
1151 SINK 167 1 -1 -1 0 0
1152 CONNECTION 151 152 -1 -1 3060 3060
1153 CONNECTION 151 168 -1 -1 2940 2940
1154 CONNECTION 151 14 -1 -1 4260 4260
1155 CONNECTION 151 32 -1 -1 4140 4140
1156 CONNECTION 151 50 -1 -1 5460 5460
1157 CONNECTION 151 68 300 3240 5340 5340
1158 CONNECTION 151 86 300 4560 6660 6660
1159 CONNECTION 151 104 300 4440 6540 6540
1160 CONNECTION 151 122 300 5760 7860 7860
1161 CONNECTION 151 138 300 5640 7740 7740
1162 CONNECTION 151 154 300 6960 9060 9060
1163 SINK 151 1 -1 -1 0 0
1164 CONNECTION 102 85 -1 -1 3060 3060
1165 CONNECTION 102 121 -1 -1 4260 4260
1166 CONNECTION 102 153 300 3360 5460 5460
1167 CONNECTION 102 15 300 4560 6660 6660
1168 CONNECTION 102 51 300 5760 7860 7860
1169 CONNECTION 120 137 -1 -1 4080 4080
1170 CONNECTION 120 169 -1 -1 5280 5280
1171 CONNECTION 120 33 300 4380 6480 6480
1172 CONNECTION 120 69 300 5580 7680 7680
1173 CONNECTION 120 105 300 6780 8880 8880
1174 CONNECTION 120 139 300 7980 10080 10080
1175 CONNECTION 31 32 -1 -1 1800 1800
1176 CONNECTION 31 68 -1 -1 3000 3000
1177 CONNECTION 31 86 -1 -1 4320 4320
1178 CONNECTION 31 104 -1 -1 4200 4200
1179 CONNECTION 31 122 -1 -1 5520 5520
1180 CONNECTION 31 138 300 3300 5400 5400
1181 CONNECTION 31 154 300 4620 6720 6720
1182 CONNECTION 31 170 300 4500 6600 6600
1183 CONNECTION 31 16 300 5820 7920 7920
1184 CONNECTION 31 34 300 5700 7800 7800
1185 CONNECTION 31 52 300 7020 9120 9120
1186 SINK 31 1 -1 -1 0 0
1187 CONNECTION 13 14 -1 -1 3060 3060
1188 CONNECTION 13 32 -1 -1 2940 2940
1189 CONNECTION 13 50 -1 -1 4260 4260
1190 CONNECTION 13 68 -1 -1 4140 4140
1191 CONNECTION 13 86 -1 -1 5460 5460
1192 CONNECTION 13 104 300 3240 5340 5340
1193 CONNECTION 13 122 300 4560 6660 6660
1194 CONNECTION 13 138 300 4440 6540 6540
1195 CONNECTION 13 154 300 5760 7860 7860
1196 CONNECTION 13 170 300 5640 7740 7740
1197 CONNECTION 13 16 300 6960 9060 9060
1198 SINK 13 1 -1 -1 0 0
1199 CONNECTION 136 121 -1 -1 3060 3060
1200 CONNECTION 136 153 -1 -1 4260 4260
1201 CONNECTION 136 15 300 3360 5460 5460
1202 CONNECTION 136 51 300 4560 6660 6660
1203 CONNECTION 136 87 300 5760 7860 7860
1204 CONNECTION 152 169 -1 -1 4080 4080
1205 CONNECTION 152 33 -1 -1 5280 5280
1206 CONNECTION 152 69 300 4380 6480 6480
1207 CONNECTION 152 105 300 5580 7680 7680
1208 CONNECTION 152 139 300 6780 8880 8880
1209 CONNECTION 152 171 300 7980 10080 10080
1210 CONNECTION 67 68 -1 -1 1800 1800
1211 CONNECTION 67 104 -1 -1 3000 3000
1212 CONNECTION 67 122 -1 -1 4320 4320
1213 CONNECTION 67 138 -1 -1 4200 4200
1214 CONNECTION 67 154 -1 -1 5520 5520
1215 CONNECTION 67 170 300 3300 5400 5400
1216 CONNECTION 67 16 300 4620 6720 6720
1217 CONNECTION 67 34 300 4500 6600 6600
1218 CONNECTION 67 52 300 5820 7920 7920
1219 CONNECTION 67 70 300 5700 7800 7800
1220 CONNECTION 67 88 300 7020 9120 9120
1221 SINK 67 1 -1 -1 0 0
1222 CONNECTION 49 50 -1 -1 3060 3060
1223 CONNECTION 49 68 -1 -1 2940 2940
1224 CONNECTION 49 86 -1 -1 4260 4260
1225 CONNECTION 49 104 -1 -1 4140 4140
1226 CONNECTION 49 122 -1 -1 5460 5460
1227 CONNECTION 49 138 300 3240 5340 5340
1228 CONNECTION 49 154 300 4560 6660 6660
1229 CONNECTION 49 170 300 4440 6540 6540
1230 CONNECTION 49 16 300 5760 7860 7860
1231 CONNECTION 49 34 300 5640 7740 7740
1232 CONNECTION 49 52 300 6960 9060 9060
1233 SINK 49 1 -1 -1 0 0
1234 CONNECTION 168 153 -1 -1 3060 3060
1235 CONNECTION 168 15 -1 -1 4260 4260
1236 CONNECTION 168 51 300 3360 5460 5460
1237 CONNECTION 168 87 300 4560 6660 6660
1238 CONNECTION 168 123 300 5760 7860 7860
1239 CONNECTION 14 33 -1 -1 4080 4080
1240 CONNECTION 14 69 -1 -1 5280 5280
1241 CONNECTION 14 105 300 4380 6480 6480
1242 CONNECTION 14 139 300 5580 7680 7680
1243 CONNECTION 14 171 300 6780 8880 8880
1244 CONNECTION 14 35 300 7980 10080 10080
1245 CONNECTION 103 104 -1 -1 1800 1800
1246 CONNECTION 103 138 -1 -1 3000 3000
1247 CONNECTION 103 154 -1 -1 4320 4320
1248 CONNECTION 103 170 -1 -1 4200 4200
1249 CONNECTION 103 16 -1 -1 5520 5520
1250 CONNECTION 103 34 300 3300 5400 5400
1251 CONNECTION 103 52 300 4620 6720 6720
1252 CONNECTION 103 70 300 4500 6600 6600
1253 CONNECTION 103 88 300 5820 7920 7920
1254 CONNECTION 103 106 300 5700 7800 7800
1255 SINK 103 1 -1 -1 0 0
1256 CONNECTION 85 86 -1 -1 3060 3060
1257 CONNECTION 85 104 -1 -1 2940 2940
1258 CONNECTION 85 122 -1 -1 4260 4260
1259 CONNECTION 85 138 -1 -1 4140 4140
1260 CONNECTION 85 154 -1 -1 5460 5460
1261 CONNECTION 85 170 300 3240 5340 5340
1262 CONNECTION 85 16 300 4560 6660 6660
1263 CONNECTION 85 34 300 4440 6540 6540
1264 CONNECTION 85 52 300 5760 7860 7860
1265 CONNECTION 85 70 300 5640 7740 7740
1266 CONNECTION 85 88 300 6960 9060 9060
1267 SINK 85 1 -1 -1 0 0
1268 CONNECTION 32 15 -1 -1 3060 3060
1269 CONNECTION 32 51 -1 -1 4260 4260
1270 CONNECTION 32 87 300 3360 5460 5460
1271 CONNECTION 32 123 300 4560 6660 6660
1272 CONNECTION 32 155 300 5760 7860 7860
1273 CONNECTION 50 69 -1 -1 4080 4080
1274 CONNECTION 50 105 -1 -1 5280 5280
1275 CONNECTION 50 139 300 4380 6480 6480
1276 CONNECTION 50 171 300 5580 7680 7680
1277 CONNECTION 50 35 300 6780 8880 8880
1278 CONNECTION 50 71 300 7980 10080 10080
1279 CONNECTION 137 138 -1 -1 1800 1800
1280 CONNECTION 137 170 -1 -1 3000 3000
1281 CONNECTION 137 16 -1 -1 4320 4320
1282 CONNECTION 137 34 -1 -1 4200 4200
1283 CONNECTION 137 52 -1 -1 5520 5520
1284 CONNECTION 137 70 300 3300 5400 5400
1285 CONNECTION 137 88 300 4620 6720 6720
1286 CONNECTION 137 106 300 4500 6600 6600
1287 SINK 137 1 -1 -1 0 0
1288 CONNECTION 121 122 -1 -1 3060 3060
1289 CONNECTION 121 138 -1 -1 2940 2940
1290 CONNECTION 121 154 -1 -1 4260 4260
1291 CONNECTION 121 170 -1 -1 4140 4140
1292 CONNECTION 121 16 -1 -1 5460 5460
1293 CONNECTION 121 34 300 3240 5340 5340
1294 CONNECTION 121 52 300 4560 6660 6660
1295 CONNECTION 121 70 300 4440 6540 6540
1296 CONNECTION 121 88 300 5760 7860 7860
1297 CONNECTION 121 106 300 5640 7740 7740
1298 SINK 121 1 -1 -1 0 0
1299 CONNECTION 68 51 -1 -1 3060 3060
1300 CONNECTION 68 87 -1 -1 4260 4260
1301 CONNECTION 68 123 300 3360 5460 5460
1302 CONNECTION 68 155 300 4560 6660 6660
1303 CONNECTION 68 17 300 5760 7860 7860
1304 CONNECTION 86 105 -1 -1 4080 4080
1305 CONNECTION 86 139 -1 -1 5280 5280
1306 CONNECTION 86 171 300 4380 6480 6480
1307 CONNECTION 86 35 300 5580 7680 7680
1308 CONNECTION 86 71 300 6780 8880 8880
1309 CONNECTION 86 107 300 7980 10080 10080
1310 CONNECTION 169 170 -1 -1 1800 1800
1311 CONNECTION 169 34 -1 -1 3000 3000
1312 CONNECTION 169 52 -1 -1 4320 4320
1313 CONNECTION 169 70 -1 -1 4200 4200
1314 CONNECTION 169 88 -1 -1 5520 5520
1315 CONNECTION 169 106 300 3300 5400 5400
1316 SINK 169 1 -1 -1 0 0
1317 CONNECTION 153 154 -1 -1 3060 3060
1318 CONNECTION 153 170 -1 -1 2940 2940
1319 CONNECTION 153 16 -1 -1 4260 4260
1320 CONNECTION 153 34 -1 -1 4140 4140
1321 CONNECTION 153 52 -1 -1 5460 5460
1322 CONNECTION 153 70 300 3240 5340 5340
1323 CONNECTION 153 88 300 4560 6660 6660
1324 CONNECTION 153 106 300 4440 6540 6540
1325 SINK 153 1 -1 -1 0 0
1326 CONNECTION 104 87 -1 -1 3060 3060
1327 CONNECTION 104 123 -1 -1 4260 4260
1328 CONNECTION 104 155 300 3360 5460 5460
1329 CONNECTION 104 17 300 4560 6660 6660
1330 CONNECTION 104 53 300 5760 7860 7860
1331 CONNECTION 122 139 -1 -1 4080 4080
1332 CONNECTION 122 171 -1 -1 5280 5280
1333 CONNECTION 122 35 300 4380 6480 6480
1334 CONNECTION 122 71 300 5580 7680 7680
1335 CONNECTION 122 107 300 6780 8880 8880
1336 CONNECTION 33 34 -1 -1 1800 1800
1337 CONNECTION 33 70 -1 -1 3000 3000
1338 CONNECTION 33 88 -1 -1 4320 4320
1339 CONNECTION 33 106 -1 -1 4200 4200
1340 SINK 33 1 -1 -1 0 0
1341 CONNECTION 15 16 -1 -1 3060 3060
1342 CONNECTION 15 34 -1 -1 2940 2940
1343 CONNECTION 15 52 -1 -1 4260 4260
1344 CONNECTION 15 70 -1 -1 4140 4140
1345 CONNECTION 15 88 -1 -1 5460 5460
1346 CONNECTION 15 106 300 3240 5340 5340
1347 SINK 15 1 -1 -1 0 0
1348 CONNECTION 138 123 -1 -1 3060 3060
1349 CONNECTION 138 155 -1 -1 4260 4260
1350 CONNECTION 138 17 300 3360 5460 5460
1351 CONNECTION 138 53 300 4560 6660 6660
1352 CONNECTION 138 89 300 5760 7860 7860
1353 CONNECTION 154 171 -1 -1 4080 4080
1354 CONNECTION 154 35 -1 -1 5280 5280
1355 CONNECTION 154 71 300 4380 6480 6480
1356 CONNECTION 154 107 300 5580 7680 7680
1357 CONNECTION 69 70 -1 -1 1800 1800
1358 CONNECTION 69 106 -1 -1 3000 3000
1359 SINK 69 1 -1 -1 0 0
1360 CONNECTION 51 52 -1 -1 3060 3060
1361 CONNECTION 51 70 -1 -1 2940 2940
1362 CONNECTION 51 88 -1 -1 4260 4260
1363 CONNECTION 51 106 -1 -1 4140 4140
1364 SINK 51 1 -1 -1 0 0
1365 CONNECTION 170 155 -1 -1 3060 3060
1366 CONNECTION 170 17 -1 -1 4260 4260
1367 CONNECTION 170 53 300 3360 5460 5460
1368 CONNECTION 170 89 300 4560 6660 6660
1369 CONNECTION 16 35 -1 -1 4080 4080
1370 CONNECTION 16 71 -1 -1 5280 5280
1371 CONNECTION 16 107 300 4380 6480 6480
1372 CONNECTION 105 106 -1 -1 1800 1800
1373 SINK 105 1 -1 -1 0 0
1374 CONNECTION 87 88 -1 -1 3060 3060
1375 CONNECTION 87 106 -1 -1 2940 2940
1376 SINK 87 1 -1 -1 0 0
1377 CONNECTION 34 17 -1 -1 3060 3060
1378 CONNECTION 34 53 -1 -1 4260 4260
1379 CONNECTION 34 89 300 3360 5460 5460
1380 CONNECTION 52 71 -1 -1 4080 4080
1381 CONNECTION 52 107 -1 -1 5280 5280
1382 SINK 139 1 -1 -1 0 0
1383 SINK 123 1 -1 -1 0 0
1384 CONNECTION 70 53 -1 -1 3060 3060
1385 CONNECTION 70 89 -1 -1 4260 4260
1386 CONNECTION 88 107 -1 -1 4080 4080
1387 SINK 171 1 -1 -1 0 0
1388 SINK 155 1 -1 -1 0 0
1389 CONNECTION 106 89 -1 -1 3060 3060
1390 SINK 35 1 -1 -1 0 0
1391 SINK 17 1 -1 -1 0 0
1392 SINK 71 1 -1 -1 0 0
1393 SINK 53 1 -1 -1 0 0
1394 SINK 107 1 -1 -1 0 0
1395 SINK 89 1 -1 -1 0 0
