0 25260 26940 1 2 1680
1 28320 30000 2 1 1680
2 30120 33060 1 0 2940
3 34320 36000 2 1 1680
4 36120 39060 1 0 2940
5 40320 42000 2 1 1680
6 42120 45060 1 0 2940
7 46320 48000 2 1 1680
8 48120 51060 1 0 2940
9 52320 54000 2 1 1680
10 54120 57060 1 0 2940
11 58320 60000 2 1 1680
12 60120 63060 1 0 2940
13 64320 66000 2 1 1680
14 66120 69060 1 0 2940
15 70320 72000 2 1 1680
16 72120 75060 1 0 2940
17 76320 78000 2 1 1680
18 24120 27060 1 0 2940
19 28200 31140 0 1 2940
20 31260 32940 1 2 1680
21 34200 37140 0 1 2940
22 37260 38940 1 2 1680
23 40200 43140 0 1 2940
24 43260 44940 1 2 1680
25 46200 49140 0 1 2940
26 49260 50940 1 2 1680
27 52200 55140 0 1 2940
28 55260 56940 1 2 1680
29 58200 61140 0 1 2940
30 61260 62940 1 2 1680
31 64200 67140 0 1 2940
32 67260 68940 1 2 1680
33 70200 73140 0 1 2940
34 73260 74940 1 2 1680
35 76200 79140 0 1 2940
36 26460 28140 1 2 1680
37 29520 31200 2 1 1680
38 31320 34260 1 0 2940
39 35520 37200 2 1 1680
40 37320 40260 1 0 2940
41 41520 43200 2 1 1680
42 43320 46260 1 0 2940
43 47520 49200 2 1 1680
44 49320 52260 1 0 2940
45 53520 55200 2 1 1680
46 55320 58260 1 0 2940
47 59520 61200 2 1 1680
48 61320 64260 1 0 2940
49 65520 67200 2 1 1680
50 67320 70260 1 0 2940
51 71520 73200 2 1 1680
52 73320 76260 1 0 2940
53 77520 79200 2 1 1680
54 25320 28260 1 0 2940
55 29400 32340 0 1 2940
56 32460 34140 1 2 1680
57 35400 38340 0 1 2940
58 38460 40140 1 2 1680
59 41400 44340 0 1 2940
60 44460 46140 1 2 1680
61 47400 50340 0 1 2940
62 50460 52140 1 2 1680
63 53400 56340 0 1 2940
64 56460 58140 1 2 1680
65 59400 62340 0 1 2940
66 62460 64140 1 2 1680
67 65400 68340 0 1 2940
68 68460 70140 1 2 1680
69 71400 74340 0 1 2940
70 74460 76140 1 2 1680
71 77400 80340 0 1 2940
72 27660 29340 1 2 1680
73 30720 32400 2 1 1680
74 32520 35460 1 0 2940
75 36720 38400 2 1 1680
76 38520 41460 1 0 2940
77 42720 44400 2 1 1680
78 44520 47460 1 0 2940
79 48720 50400 2 1 1680
80 50520 53460 1 0 2940
81 54720 56400 2 1 1680
82 56520 59460 1 0 2940
83 60720 62400 2 1 1680
84 62520 65460 1 0 2940
85 66720 68400 2 1 1680
86 68520 71460 1 0 2940
87 72720 74400 2 1 1680
88 74520 77460 1 0 2940
89 78720 80400 2 1 1680
90 26520 29460 1 0 2940
91 30600 33540 0 1 2940
92 33660 35340 1 2 1680
93 36600 39540 0 1 2940
94 39660 41340 1 2 1680
95 42600 45540 0 1 2940
96 45660 47340 1 2 1680
97 48600 51540 0 1 2940
98 51660 53340 1 2 1680
99 54600 57540 0 1 2940
100 57660 59340 1 2 1680
101 60600 63540 0 1 2940
102 63660 65340 1 2 1680
103 66600 69540 0 1 2940
104 69660 71340 1 2 1680
105 72600 75540 0 1 2940
106 75660 77340 1 2 1680
107 78600 81540 0 1 2940
108 28860 30540 1 2 1680
109 31920 33600 2 1 1680
110 33720 36660 1 0 2940
111 37920 39600 2 1 1680
112 39720 42660 1 0 2940
113 43920 45600 2 1 1680
114 45720 48660 1 0 2940
115 49920 51600 2 1 1680
116 51720 54660 1 0 2940
117 55920 57600 2 1 1680
118 57720 60660 1 0 2940
119 61920 63600 2 1 1680
120 63720 66660 1 0 2940
121 67920 69600 2 1 1680
122 69720 72660 1 0 2940
123 73920 75600 2 1 1680
124 27720 30660 1 0 2940
125 31800 34740 0 1 2940
126 34860 36540 1 2 1680
127 37800 40740 0 1 2940
128 40860 42540 1 2 1680
129 43800 46740 0 1 2940
130 46860 48540 1 2 1680
131 49800 52740 0 1 2940
132 52860 54540 1 2 1680
133 55800 58740 0 1 2940
134 58860 60540 1 2 1680
135 61800 64740 0 1 2940
136 64860 66540 1 2 1680
137 67800 70740 0 1 2940
138 70860 72540 1 2 1680
139 73800 76740 0 1 2940
140 30060 31740 1 2 1680
141 33120 34800 2 1 1680
142 34920 37860 1 0 2940
143 39120 40800 2 1 1680
144 40920 43860 1 0 2940
145 45120 46800 2 1 1680
146 46920 49860 1 0 2940
147 51120 52800 2 1 1680
148 52920 55860 1 0 2940
149 57120 58800 2 1 1680
150 58920 61860 1 0 2940
151 63120 64800 2 1 1680
152 64920 67860 1 0 2940
153 69120 70800 2 1 1680
154 70920 73860 1 0 2940
155 75120 76800 2 1 1680
156 28920 31860 1 0 2940
157 33000 35940 0 1 2940
158 36060 37740 1 2 1680
159 39000 41940 0 1 2940
160 42060 43740 1 2 1680
161 45000 47940 0 1 2940
162 48060 49740 1 2 1680
163 51000 53940 0 1 2940
164 54060 55740 1 2 1680
165 57000 59940 0 1 2940
166 60060 61740 1 2 1680
167 63000 65940 0 1 2940
168 66060 67740 1 2 1680
169 69000 71940 0 1 2940
170 72060 73740 1 2 1680
171 75000 77940 0 1 2940
