0 SOURCE 1 17 -1 -1 3300 32100
1 SOURCE 1 0 -1 -1 2280 31080
2 SOURCE 1 49 -1 -1 3300 32100
3 SOURCE 1 33 -1 -1 2280 31080
4 SOURCE 1 81 -1 -1 3300 32100
5 SOURCE 1 65 -1 -1 2280 31080
6 SOURCE 1 113 -1 -1 3300 32100
7 SOURCE 1 97 -1 -1 2280 31080
8 SOURCE 1 145 -1 -1 3300 32100
9 SOURCE 1 129 -1 -1 2280 31080
10 SOURCE 1 177 -1 -1 3300 32100
11 SOURCE 1 161 -1 -1 2280 31080
12 SOURCE 1 209 -1 -1 3300 32100
13 SOURCE 1 193 -1 -1 2280 31080
14 SOURCE 1 2 -1 -1 3300 32100
15 SOURCE 1 225 -1 -1 2280 31080
16 SOURCE 1 35 -1 -1 3300 32100
17 SOURCE 1 19 -1 -1 2280 31080
18 SOURCE 1 67 -1 -1 3300 32100
19 SOURCE 1 51 -1 -1 2280 31080
20 SOURCE 1 99 -1 -1 3300 32100
21 SOURCE 1 83 -1 -1 2280 31080
22 SOURCE 1 131 -1 -1 3300 32100
23 SOURCE 1 115 -1 -1 2280 31080
24 SOURCE 1 163 -1 -1 3300 32100
25 SOURCE 1 147 -1 -1 2280 31080
26 SOURCE 1 195 -1 -1 3300 32100
27 SOURCE 1 179 -1 -1 2280 31080
28 SOURCE 1 4 -1 -1 3300 32100
29 SOURCE 1 227 -1 -1 3300 32100
30 SOURCE 1 211 -1 -1 2280 31080
31 SOURCE 1 37 -1 -1 3300 32100
32 SOURCE 1 21 -1 -1 2280 31080
33 SOURCE 1 69 -1 -1 3300 32100
34 SOURCE 1 53 -1 -1 2280 31080
35 SOURCE 1 101 -1 -1 3300 32100
36 SOURCE 1 85 -1 -1 2280 31080
37 SOURCE 1 133 -1 -1 3300 32100
38 SOURCE 1 117 -1 -1 2280 31080
39 SOURCE 1 165 -1 -1 3300 32100
40 SOURCE 1 149 -1 -1 2280 31080
41 SOURCE 1 197 -1 -1 3300 32100
42 SOURCE 1 181 -1 -1 2280 31080
43 SOURCE 1 6 -1 -1 3300 32100
44 SOURCE 1 213 -1 -1 2280 31080
45 SOURCE 1 39 -1 -1 3300 32100
46 SOURCE 1 23 -1 -1 2280 31080
47 SOURCE 1 71 -1 -1 3300 32100
48 SOURCE 1 55 -1 -1 2280 31080
49 SOURCE 1 103 -1 -1 3300 32100
50 SOURCE 1 87 -1 -1 2280 31080
51 SOURCE 1 135 -1 -1 3300 32100
52 SOURCE 1 119 -1 -1 2280 31080
53 SOURCE 1 167 -1 -1 3300 32100
54 SOURCE 1 151 -1 -1 2280 31080
55 SOURCE 1 199 -1 -1 3300 32100
56 SOURCE 1 183 -1 -1 2280 31080
57 SOURCE 1 8 -1 -1 3300 32100
58 SOURCE 1 215 -1 -1 2280 31080
59 SOURCE 1 41 -1 -1 3300 32100
60 SOURCE 1 25 -1 -1 2280 31080
61 SOURCE 1 73 -1 -1 3300 32100
62 SOURCE 1 57 -1 -1 2280 31080
63 SOURCE 1 105 -1 -1 3300 32100
64 SOURCE 1 89 -1 -1 2280 31080
65 SOURCE 1 137 -1 -1 3300 32100
66 SOURCE 1 121 -1 -1 2280 31080
67 SOURCE 1 169 -1 -1 3300 32100
68 SOURCE 1 153 -1 -1 2280 31080
69 SOURCE 1 201 -1 -1 3300 32100
70 SOURCE 1 185 -1 -1 2280 31080
71 SOURCE 1 10 -1 -1 3300 32100
72 SOURCE 1 217 -1 -1 2280 31080
73 SOURCE 1 43 -1 -1 3300 32100
74 SOURCE 1 27 -1 -1 2280 31080
75 SOURCE 1 75 -1 -1 3300 32100
76 SOURCE 1 59 -1 -1 2280 31080
77 SOURCE 1 107 -1 -1 3300 32100
78 SOURCE 1 91 -1 -1 2280 31080
79 SOURCE 1 139 -1 -1 3300 32100
80 SOURCE 1 123 -1 -1 2280 31080
81 SOURCE 1 171 -1 -1 3300 32100
82 SOURCE 1 155 -1 -1 2280 31080
83 SOURCE 1 203 -1 -1 3300 32100
84 SOURCE 1 187 -1 -1 2280 31080
85 SOURCE 1 12 -1 -1 3300 32100
86 SOURCE 1 219 -1 -1 2280 31080
87 SOURCE 1 45 -1 -1 3300 32100
88 SOURCE 1 29 -1 -1 2280 31080
89 SOURCE 1 77 -1 -1 3300 32100
90 SOURCE 1 61 -1 -1 2280 31080
91 SOURCE 1 109 -1 -1 3300 32100
92 SOURCE 1 93 -1 -1 2280 31080
93 SOURCE 1 141 -1 -1 3300 32100
94 SOURCE 1 125 -1 -1 2280 31080
95 SOURCE 1 173 -1 -1 3300 32100
96 SOURCE 1 157 -1 -1 2280 31080
97 SOURCE 1 205 -1 -1 3300 32100
98 SOURCE 1 189 -1 -1 2280 31080
99 SOURCE 1 14 -1 -1 3300 32100
100 SOURCE 1 221 -1 -1 2280 31080
101 SOURCE 1 47 -1 -1 3300 32100
102 SOURCE 1 31 -1 -1 2280 31080
103 SOURCE 1 79 -1 -1 3300 32100
104 SOURCE 1 63 -1 -1 2280 31080
105 SOURCE 1 111 -1 -1 3300 32100
106 SOURCE 1 95 -1 -1 2280 31080
107 SOURCE 1 143 -1 -1 3300 32100
108 SOURCE 1 127 -1 -1 2280 31080
109 SOURCE 1 175 -1 -1 3300 32100
110 SOURCE 1 159 -1 -1 2280 31080
111 SOURCE 1 207 -1 -1 3300 32100
112 SOURCE 1 191 -1 -1 2280 31080
113 SOURCE 1 223 -1 -1 2280 31080
114 CONNECTION 17 18 -1 -1 4500 4500
115 CONNECTION 17 50 -1 -1 5400 5400
116 CONNECTION 17 82 -1 -1 6300 6300
117 CONNECTION 17 114 300 5100 7200 7200
118 CONNECTION 17 146 300 6000 8100 8100
119 CONNECTION 17 178 300 6900 9000 9000
120 CONNECTION 17 210 300 7800 9900 9900
121 CONNECTION 0 1 -1 -1 3180 3180
122 CONNECTION 0 34 -1 -1 4080 4080
123 CONNECTION 0 66 -1 -1 4980 4980
124 CONNECTION 0 98 300 3780 5880 5880
125 CONNECTION 0 130 300 4680 6780 6780
126 CONNECTION 0 162 300 5580 7680 7680
127 CONNECTION 0 194 300 6480 8580 8580
128 CONNECTION 0 3 300 7380 9480 9480
129 CONNECTION 0 226 300 7380 9480 9480
130 CONNECTION 49 50 -1 -1 4500 4500
131 CONNECTION 49 82 -1 -1 5400 5400
132 CONNECTION 49 114 -1 -1 6300 6300
133 CONNECTION 49 146 300 5100 7200 7200
134 CONNECTION 49 178 300 6000 8100 8100
135 CONNECTION 49 210 300 6900 9000 9000
136 CONNECTION 49 20 300 7800 9900 9900
137 CONNECTION 33 34 -1 -1 3180 3180
138 CONNECTION 33 66 -1 -1 4080 4080
139 CONNECTION 33 98 -1 -1 4980 4980
140 CONNECTION 33 130 300 3780 5880 5880
141 CONNECTION 33 162 300 4680 6780 6780
142 CONNECTION 33 194 300 5580 7680 7680
143 CONNECTION 33 3 300 6480 8580 8580
144 CONNECTION 33 226 300 6480 8580 8580
145 CONNECTION 33 36 300 7380 9480 9480
146 CONNECTION 81 82 -1 -1 4500 4500
147 CONNECTION 81 114 -1 -1 5400 5400
148 CONNECTION 81 146 -1 -1 6300 6300
149 CONNECTION 81 178 300 5100 7200 7200
150 CONNECTION 81 210 300 6000 8100 8100
151 CONNECTION 81 20 300 6900 9000 9000
152 CONNECTION 81 52 300 7800 9900 9900
153 CONNECTION 65 66 -1 -1 3180 3180
154 CONNECTION 65 98 -1 -1 4080 4080
155 CONNECTION 65 130 -1 -1 4980 4980
156 CONNECTION 65 162 300 3780 5880 5880
157 CONNECTION 65 194 300 4680 6780 6780
158 CONNECTION 65 3 300 5580 7680 7680
159 CONNECTION 65 226 300 5580 7680 7680
160 CONNECTION 65 36 300 6480 8580 8580
161 CONNECTION 65 68 300 7380 9480 9480
162 CONNECTION 113 114 -1 -1 4500 4500
163 CONNECTION 113 146 -1 -1 5400 5400
164 CONNECTION 113 178 -1 -1 6300 6300
165 CONNECTION 113 210 300 5100 7200 7200
166 CONNECTION 113 20 300 6000 8100 8100
167 CONNECTION 113 52 300 6900 9000 9000
168 CONNECTION 113 84 300 7800 9900 9900
169 CONNECTION 97 98 -1 -1 3180 3180
170 CONNECTION 97 130 -1 -1 4080 4080
171 CONNECTION 97 162 -1 -1 4980 4980
172 CONNECTION 97 194 300 3780 5880 5880
173 CONNECTION 97 3 300 4680 6780 6780
174 CONNECTION 97 226 300 4680 6780 6780
175 CONNECTION 97 36 300 5580 7680 7680
176 CONNECTION 97 68 300 6480 8580 8580
177 CONNECTION 97 100 300 7380 9480 9480
178 CONNECTION 145 146 -1 -1 4500 4500
179 CONNECTION 145 178 -1 -1 5400 5400
180 CONNECTION 145 210 -1 -1 6300 6300
181 CONNECTION 145 20 300 5100 7200 7200
182 CONNECTION 145 52 300 6000 8100 8100
183 CONNECTION 145 84 300 6900 9000 9000
184 CONNECTION 145 116 300 7800 9900 9900
185 CONNECTION 1 2 -1 -1 3420 3420
186 CONNECTION 1 225 -1 -1 3120 3120
187 CONNECTION 1 35 -1 -1 4320 4320
188 CONNECTION 1 19 -1 -1 4020 4020
189 CONNECTION 1 67 -1 -1 5220 5220
190 CONNECTION 1 51 -1 -1 4920 4920
191 CONNECTION 1 99 -1 -1 6120 6120
192 CONNECTION 1 83 300 3720 5820 5820
193 CONNECTION 1 131 300 4920 7020 7020
194 CONNECTION 1 115 300 4620 6720 6720
195 CONNECTION 1 163 300 5820 7920 7920
196 CONNECTION 1 147 300 5520 7620 7620
197 CONNECTION 1 195 300 6720 8820 8820
198 CONNECTION 1 179 300 6420 8520 8520
199 CONNECTION 1 4 300 7620 9720 9720
200 CONNECTION 1 227 300 7620 9720 9720
201 CONNECTION 1 211 300 7320 9420 9420
202 SINK 1 1 -1 -1 0 0
203 CONNECTION 129 130 -1 -1 3180 3180
204 CONNECTION 129 162 -1 -1 4080 4080
205 CONNECTION 129 194 -1 -1 4980 4980
206 CONNECTION 129 3 300 3780 5880 5880
207 CONNECTION 129 226 300 3780 5880 5880
208 CONNECTION 129 36 300 4680 6780 6780
209 CONNECTION 129 68 300 5580 7680 7680
210 CONNECTION 129 100 300 6480 8580 8580
211 CONNECTION 129 132 300 7380 9480 9480
212 CONNECTION 18 19 -1 -1 2400 2400
213 CONNECTION 18 51 -1 -1 3300 3300
214 CONNECTION 18 99 -1 -1 4500 4500
215 CONNECTION 18 83 -1 -1 4200 4200
216 CONNECTION 18 131 -1 -1 5400 5400
217 CONNECTION 18 115 -1 -1 5100 5100
218 CONNECTION 18 163 -1 -1 6300 6300
219 CONNECTION 18 147 300 3900 6000 6000
220 CONNECTION 18 195 300 5100 7200 7200
221 CONNECTION 18 179 300 4800 6900 6900
222 CONNECTION 18 4 300 6000 8100 8100
223 CONNECTION 18 227 300 6000 8100 8100
224 CONNECTION 18 211 300 5700 7800 7800
225 CONNECTION 18 37 300 6900 9000 9000
226 CONNECTION 18 21 300 6600 8700 8700
227 CONNECTION 18 69 300 7800 9900 9900
228 SINK 18 1 -1 -1 0 0
229 CONNECTION 177 178 -1 -1 4500 4500
230 CONNECTION 177 210 -1 -1 5400 5400
231 CONNECTION 177 20 -1 -1 6300 6300
232 CONNECTION 177 52 300 5100 7200 7200
233 CONNECTION 177 84 300 6000 8100 8100
234 CONNECTION 177 116 300 6900 9000 9000
235 CONNECTION 177 148 300 7800 9900 9900
236 CONNECTION 34 35 -1 -1 3420 3420
237 CONNECTION 34 19 -1 -1 3120 3120
238 CONNECTION 34 67 -1 -1 4320 4320
239 CONNECTION 34 51 -1 -1 4020 4020
240 CONNECTION 34 99 -1 -1 5220 5220
241 CONNECTION 34 83 -1 -1 4920 4920
242 CONNECTION 34 131 -1 -1 6120 6120
243 CONNECTION 34 115 300 3720 5820 5820
244 CONNECTION 34 163 300 4920 7020 7020
245 CONNECTION 34 147 300 4620 6720 6720
246 CONNECTION 34 195 300 5820 7920 7920
247 CONNECTION 34 179 300 5520 7620 7620
248 CONNECTION 34 4 300 6720 8820 8820
249 CONNECTION 34 227 300 6720 8820 8820
250 CONNECTION 34 211 300 6420 8520 8520
251 CONNECTION 34 37 300 7620 9720 9720
252 CONNECTION 34 21 300 7320 9420 9420
253 SINK 34 1 -1 -1 0 0
254 CONNECTION 161 162 -1 -1 3180 3180
255 CONNECTION 161 194 -1 -1 4080 4080
256 CONNECTION 161 3 -1 -1 4980 4980
257 CONNECTION 161 226 -1 -1 4980 4980
258 CONNECTION 161 36 300 3780 5880 5880
259 CONNECTION 161 68 300 4680 6780 6780
260 CONNECTION 161 100 300 5580 7680 7680
261 CONNECTION 161 132 300 6480 8580 8580
262 CONNECTION 161 164 300 7380 9480 9480
263 CONNECTION 50 51 -1 -1 2400 2400
264 CONNECTION 50 83 -1 -1 3300 3300
265 CONNECTION 50 131 -1 -1 4500 4500
266 CONNECTION 50 115 -1 -1 4200 4200
267 CONNECTION 50 163 -1 -1 5400 5400
268 CONNECTION 50 147 -1 -1 5100 5100
269 CONNECTION 50 195 -1 -1 6300 6300
270 CONNECTION 50 179 300 3900 6000 6000
271 CONNECTION 50 4 300 5100 7200 7200
272 CONNECTION 50 227 300 5100 7200 7200
273 CONNECTION 50 211 300 4800 6900 6900
274 CONNECTION 50 37 300 6000 8100 8100
275 CONNECTION 50 21 300 5700 7800 7800
276 CONNECTION 50 69 300 6900 9000 9000
277 CONNECTION 50 53 300 6600 8700 8700
278 CONNECTION 50 101 300 7800 9900 9900
279 SINK 50 1 -1 -1 0 0
280 CONNECTION 209 210 -1 -1 4500 4500
281 CONNECTION 209 20 -1 -1 5400 5400
282 CONNECTION 209 52 -1 -1 6300 6300
283 CONNECTION 209 84 300 5100 7200 7200
284 CONNECTION 209 116 300 6000 8100 8100
285 CONNECTION 209 148 300 6900 9000 9000
286 CONNECTION 209 180 300 7800 9900 9900
287 CONNECTION 66 67 -1 -1 3420 3420
288 CONNECTION 66 51 -1 -1 3120 3120
289 CONNECTION 66 99 -1 -1 4320 4320
290 CONNECTION 66 83 -1 -1 4020 4020
291 CONNECTION 66 131 -1 -1 5220 5220
292 CONNECTION 66 115 -1 -1 4920 4920
293 CONNECTION 66 163 -1 -1 6120 6120
294 CONNECTION 66 147 300 3720 5820 5820
295 CONNECTION 66 195 300 4920 7020 7020
296 CONNECTION 66 179 300 4620 6720 6720
297 CONNECTION 66 4 300 5820 7920 7920
298 CONNECTION 66 227 300 5820 7920 7920
299 CONNECTION 66 211 300 5520 7620 7620
300 CONNECTION 66 37 300 6720 8820 8820
301 CONNECTION 66 21 300 6420 8520 8520
302 CONNECTION 66 69 300 7620 9720 9720
303 CONNECTION 66 53 300 7320 9420 9420
304 SINK 66 1 -1 -1 0 0
305 CONNECTION 193 194 -1 -1 3180 3180
306 CONNECTION 193 3 -1 -1 4080 4080
307 CONNECTION 193 226 -1 -1 4080 4080
308 CONNECTION 193 36 -1 -1 4980 4980
309 CONNECTION 193 68 300 3780 5880 5880
310 CONNECTION 193 100 300 4680 6780 6780
311 CONNECTION 193 132 300 5580 7680 7680
312 CONNECTION 193 164 300 6480 8580 8580
313 CONNECTION 193 196 300 7380 9480 9480
314 CONNECTION 2 20 -1 -1 4500 4500
315 CONNECTION 2 52 -1 -1 5400 5400
316 CONNECTION 2 84 -1 -1 6300 6300
317 CONNECTION 2 116 300 5100 7200 7200
318 CONNECTION 2 148 300 6000 8100 8100
319 CONNECTION 2 180 300 6900 9000 9000
320 CONNECTION 2 212 300 7800 9900 9900
321 CONNECTION 82 83 -1 -1 2400 2400
322 CONNECTION 82 115 -1 -1 3300 3300
323 CONNECTION 82 163 -1 -1 4500 4500
324 CONNECTION 82 147 -1 -1 4200 4200
325 CONNECTION 82 195 -1 -1 5400 5400
326 CONNECTION 82 179 -1 -1 5100 5100
327 CONNECTION 82 4 -1 -1 6300 6300
328 CONNECTION 82 227 -1 -1 6300 6300
329 CONNECTION 82 211 300 3900 6000 6000
330 CONNECTION 82 37 300 5100 7200 7200
331 CONNECTION 82 21 300 4800 6900 6900
332 CONNECTION 82 69 300 6000 8100 8100
333 CONNECTION 82 53 300 5700 7800 7800
334 CONNECTION 82 101 300 6900 9000 9000
335 CONNECTION 82 85 300 6600 8700 8700
336 CONNECTION 82 133 300 7800 9900 9900
337 SINK 82 1 -1 -1 0 0
338 CONNECTION 98 99 -1 -1 3420 3420
339 CONNECTION 98 83 -1 -1 3120 3120
340 CONNECTION 98 131 -1 -1 4320 4320
341 CONNECTION 98 115 -1 -1 4020 4020
342 CONNECTION 98 163 -1 -1 5220 5220
343 CONNECTION 98 147 -1 -1 4920 4920
344 CONNECTION 98 195 -1 -1 6120 6120
345 CONNECTION 98 179 300 3720 5820 5820
346 CONNECTION 98 4 300 4920 7020 7020
347 CONNECTION 98 227 300 4920 7020 7020
348 CONNECTION 98 211 300 4620 6720 6720
349 CONNECTION 98 37 300 5820 7920 7920
350 CONNECTION 98 21 300 5520 7620 7620
351 CONNECTION 98 69 300 6720 8820 8820
352 CONNECTION 98 53 300 6420 8520 8520
353 CONNECTION 98 101 300 7620 9720 9720
354 CONNECTION 98 85 300 7320 9420 9420
355 SINK 98 1 -1 -1 0 0
356 CONNECTION 225 3 -1 -1 3180 3180
357 CONNECTION 225 226 -1 -1 3180 3180
358 CONNECTION 225 36 -1 -1 4080 4080
359 CONNECTION 225 68 -1 -1 4980 4980
360 CONNECTION 225 100 300 3780 5880 5880
361 CONNECTION 225 132 300 4680 6780 6780
362 CONNECTION 225 164 300 5580 7680 7680
363 CONNECTION 225 196 300 6480 8580 8580
364 CONNECTION 225 5 300 7380 9480 9480
365 CONNECTION 35 52 -1 -1 4500 4500
366 CONNECTION 35 84 -1 -1 5400 5400
367 CONNECTION 35 116 -1 -1 6300 6300
368 CONNECTION 35 148 300 5100 7200 7200
369 CONNECTION 35 180 300 6000 8100 8100
370 CONNECTION 35 212 300 6900 9000 9000
371 CONNECTION 35 22 300 7800 9900 9900
372 CONNECTION 114 115 -1 -1 2400 2400
373 CONNECTION 114 147 -1 -1 3300 3300
374 CONNECTION 114 195 -1 -1 4500 4500
375 CONNECTION 114 179 -1 -1 4200 4200
376 CONNECTION 114 4 -1 -1 5400 5400
377 CONNECTION 114 227 -1 -1 5400 5400
378 CONNECTION 114 211 -1 -1 5100 5100
379 CONNECTION 114 37 -1 -1 6300 6300
380 CONNECTION 114 21 300 3900 6000 6000
381 CONNECTION 114 69 300 5100 7200 7200
382 CONNECTION 114 53 300 4800 6900 6900
383 CONNECTION 114 101 300 6000 8100 8100
384 CONNECTION 114 85 300 5700 7800 7800
385 CONNECTION 114 133 300 6900 9000 9000
386 CONNECTION 114 117 300 6600 8700 8700
387 CONNECTION 114 165 300 7800 9900 9900
388 SINK 114 1 -1 -1 0 0
389 CONNECTION 130 131 -1 -1 3420 3420
390 CONNECTION 130 115 -1 -1 3120 3120
391 CONNECTION 130 163 -1 -1 4320 4320
392 CONNECTION 130 147 -1 -1 4020 4020
393 CONNECTION 130 195 -1 -1 5220 5220
394 CONNECTION 130 179 -1 -1 4920 4920
395 CONNECTION 130 4 -1 -1 6120 6120
396 CONNECTION 130 227 -1 -1 6120 6120
397 CONNECTION 130 211 300 3720 5820 5820
398 CONNECTION 130 37 300 4920 7020 7020
399 CONNECTION 130 21 300 4620 6720 6720
400 CONNECTION 130 69 300 5820 7920 7920
401 CONNECTION 130 53 300 5520 7620 7620
402 CONNECTION 130 101 300 6720 8820 8820
403 CONNECTION 130 85 300 6420 8520 8520
404 CONNECTION 130 133 300 7620 9720 9720
405 CONNECTION 130 117 300 7320 9420 9420
406 SINK 130 1 -1 -1 0 0
407 CONNECTION 19 36 -1 -1 3180 3180
408 CONNECTION 19 68 -1 -1 4080 4080
409 CONNECTION 19 100 -1 -1 4980 4980
410 CONNECTION 19 132 300 3780 5880 5880
411 CONNECTION 19 164 300 4680 6780 6780
412 CONNECTION 19 196 300 5580 7680 7680
413 CONNECTION 19 5 300 6480 8580 8580
414 CONNECTION 19 38 300 7380 9480 9480
415 CONNECTION 67 84 -1 -1 4500 4500
416 CONNECTION 67 116 -1 -1 5400 5400
417 CONNECTION 67 148 -1 -1 6300 6300
418 CONNECTION 67 180 300 5100 7200 7200
419 CONNECTION 67 212 300 6000 8100 8100
420 CONNECTION 67 22 300 6900 9000 9000
421 CONNECTION 67 54 300 7800 9900 9900
422 CONNECTION 146 147 -1 -1 2400 2400
423 CONNECTION 146 179 -1 -1 3300 3300
424 CONNECTION 146 4 -1 -1 4500 4500
425 CONNECTION 146 227 -1 -1 4500 4500
426 CONNECTION 146 211 -1 -1 4200 4200
427 CONNECTION 146 37 -1 -1 5400 5400
428 CONNECTION 146 21 -1 -1 5100 5100
429 CONNECTION 146 69 -1 -1 6300 6300
430 CONNECTION 146 53 300 3900 6000 6000
431 CONNECTION 146 101 300 5100 7200 7200
432 CONNECTION 146 85 300 4800 6900 6900
433 CONNECTION 146 133 300 6000 8100 8100
434 CONNECTION 146 117 300 5700 7800 7800
435 CONNECTION 146 165 300 6900 9000 9000
436 CONNECTION 146 149 300 6600 8700 8700
437 CONNECTION 146 197 300 7800 9900 9900
438 SINK 146 1 -1 -1 0 0
439 CONNECTION 162 163 -1 -1 3420 3420
440 CONNECTION 162 147 -1 -1 3120 3120
441 CONNECTION 162 195 -1 -1 4320 4320
442 CONNECTION 162 179 -1 -1 4020 4020
443 CONNECTION 162 4 -1 -1 5220 5220
444 CONNECTION 162 227 -1 -1 5220 5220
445 CONNECTION 162 211 -1 -1 4920 4920
446 CONNECTION 162 37 -1 -1 6120 6120
447 CONNECTION 162 21 300 3720 5820 5820
448 CONNECTION 162 69 300 4920 7020 7020
449 CONNECTION 162 53 300 4620 6720 6720
450 CONNECTION 162 101 300 5820 7920 7920
451 CONNECTION 162 85 300 5520 7620 7620
452 CONNECTION 162 133 300 6720 8820 8820
453 CONNECTION 162 117 300 6420 8520 8520
454 CONNECTION 162 165 300 7620 9720 9720
455 CONNECTION 162 149 300 7320 9420 9420
456 SINK 162 1 -1 -1 0 0
457 CONNECTION 51 68 -1 -1 3180 3180
458 CONNECTION 51 100 -1 -1 4080 4080
459 CONNECTION 51 132 -1 -1 4980 4980
460 CONNECTION 51 164 300 3780 5880 5880
461 CONNECTION 51 196 300 4680 6780 6780
462 CONNECTION 51 5 300 5580 7680 7680
463 CONNECTION 51 38 300 6480 8580 8580
464 CONNECTION 51 70 300 7380 9480 9480
465 CONNECTION 99 116 -1 -1 4500 4500
466 CONNECTION 99 148 -1 -1 5400 5400
467 CONNECTION 99 180 -1 -1 6300 6300
468 CONNECTION 99 212 300 5100 7200 7200
469 CONNECTION 99 22 300 6000 8100 8100
470 CONNECTION 99 54 300 6900 9000 9000
471 CONNECTION 99 86 300 7800 9900 9900
472 CONNECTION 178 179 -1 -1 2400 2400
473 CONNECTION 178 211 -1 -1 3300 3300
474 CONNECTION 178 37 -1 -1 4500 4500
475 CONNECTION 178 21 -1 -1 4200 4200
476 CONNECTION 178 69 -1 -1 5400 5400
477 CONNECTION 178 53 -1 -1 5100 5100
478 CONNECTION 178 101 -1 -1 6300 6300
479 CONNECTION 178 85 300 3900 6000 6000
480 CONNECTION 178 133 300 5100 7200 7200
481 CONNECTION 178 117 300 4800 6900 6900
482 CONNECTION 178 165 300 6000 8100 8100
483 CONNECTION 178 149 300 5700 7800 7800
484 CONNECTION 178 197 300 6900 9000 9000
485 CONNECTION 178 181 300 6600 8700 8700
486 CONNECTION 178 6 300 7800 9900 9900
487 SINK 178 1 -1 -1 0 0
488 CONNECTION 194 195 -1 -1 3420 3420
489 CONNECTION 194 179 -1 -1 3120 3120
490 CONNECTION 194 4 -1 -1 4320 4320
491 CONNECTION 194 227 -1 -1 4320 4320
492 CONNECTION 194 211 -1 -1 4020 4020
493 CONNECTION 194 37 -1 -1 5220 5220
494 CONNECTION 194 21 -1 -1 4920 4920
495 CONNECTION 194 69 -1 -1 6120 6120
496 CONNECTION 194 53 300 3720 5820 5820
497 CONNECTION 194 101 300 4920 7020 7020
498 CONNECTION 194 85 300 4620 6720 6720
499 CONNECTION 194 133 300 5820 7920 7920
500 CONNECTION 194 117 300 5520 7620 7620
501 CONNECTION 194 165 300 6720 8820 8820
502 CONNECTION 194 149 300 6420 8520 8520
503 CONNECTION 194 197 300 7620 9720 9720
504 CONNECTION 194 181 300 7320 9420 9420
505 SINK 194 1 -1 -1 0 0
506 CONNECTION 83 100 -1 -1 3180 3180
507 CONNECTION 83 132 -1 -1 4080 4080
508 CONNECTION 83 164 -1 -1 4980 4980
509 CONNECTION 83 196 300 3780 5880 5880
510 CONNECTION 83 5 300 4680 6780 6780
511 CONNECTION 83 38 300 5580 7680 7680
512 CONNECTION 83 70 300 6480 8580 8580
513 CONNECTION 83 102 300 7380 9480 9480
514 CONNECTION 131 148 -1 -1 4500 4500
515 CONNECTION 131 180 -1 -1 5400 5400
516 CONNECTION 131 212 -1 -1 6300 6300
517 CONNECTION 131 22 300 5100 7200 7200
518 CONNECTION 131 54 300 6000 8100 8100
519 CONNECTION 131 86 300 6900 9000 9000
520 CONNECTION 131 118 300 7800 9900 9900
521 CONNECTION 210 211 -1 -1 2400 2400
522 CONNECTION 210 21 -1 -1 3300 3300
523 CONNECTION 210 69 -1 -1 4500 4500
524 CONNECTION 210 53 -1 -1 4200 4200
525 CONNECTION 210 101 -1 -1 5400 5400
526 CONNECTION 210 85 -1 -1 5100 5100
527 CONNECTION 210 133 -1 -1 6300 6300
528 CONNECTION 210 117 300 3900 6000 6000
529 CONNECTION 210 165 300 5100 7200 7200
530 CONNECTION 210 149 300 4800 6900 6900
531 CONNECTION 210 197 300 6000 8100 8100
532 CONNECTION 210 181 300 5700 7800 7800
533 CONNECTION 210 6 300 6900 9000 9000
534 CONNECTION 210 213 300 6600 8700 8700
535 CONNECTION 210 39 300 7800 9900 9900
536 SINK 210 1 -1 -1 0 0
537 CONNECTION 3 4 -1 -1 3420 3420
538 CONNECTION 3 211 -1 -1 3120 3120
539 CONNECTION 3 37 -1 -1 4320 4320
540 CONNECTION 3 21 -1 -1 4020 4020
541 CONNECTION 3 69 -1 -1 5220 5220
542 CONNECTION 3 53 -1 -1 4920 4920
543 CONNECTION 3 101 -1 -1 6120 6120
544 CONNECTION 3 85 300 3720 5820 5820
545 CONNECTION 3 133 300 4920 7020 7020
546 CONNECTION 3 117 300 4620 6720 6720
547 CONNECTION 3 165 300 5820 7920 7920
548 CONNECTION 3 149 300 5520 7620 7620
549 CONNECTION 3 197 300 6720 8820 8820
550 CONNECTION 3 181 300 6420 8520 8520
551 CONNECTION 3 6 300 7620 9720 9720
552 CONNECTION 3 213 300 7320 9420 9420
553 SINK 3 1 -1 -1 0 0
554 CONNECTION 226 227 -1 -1 3420 3420
555 CONNECTION 226 211 -1 -1 3120 3120
556 CONNECTION 226 37 -1 -1 4320 4320
557 CONNECTION 226 21 -1 -1 4020 4020
558 CONNECTION 226 69 -1 -1 5220 5220
559 CONNECTION 226 53 -1 -1 4920 4920
560 CONNECTION 226 101 -1 -1 6120 6120
561 CONNECTION 226 85 300 3720 5820 5820
562 CONNECTION 226 133 300 4920 7020 7020
563 CONNECTION 226 117 300 4620 6720 6720
564 CONNECTION 226 165 300 5820 7920 7920
565 CONNECTION 226 149 300 5520 7620 7620
566 CONNECTION 226 197 300 6720 8820 8820
567 CONNECTION 226 181 300 6420 8520 8520
568 CONNECTION 226 6 300 7620 9720 9720
569 CONNECTION 226 213 300 7320 9420 9420
570 SINK 226 1 -1 -1 0 0
571 CONNECTION 115 132 -1 -1 3180 3180
572 CONNECTION 115 164 -1 -1 4080 4080
573 CONNECTION 115 196 -1 -1 4980 4980
574 CONNECTION 115 5 300 3780 5880 5880
575 CONNECTION 115 38 300 4680 6780 6780
576 CONNECTION 115 70 300 5580 7680 7680
577 CONNECTION 115 102 300 6480 8580 8580
578 CONNECTION 115 134 300 7380 9480 9480
579 CONNECTION 20 21 -1 -1 2400 2400
580 CONNECTION 20 53 -1 -1 3300 3300
581 CONNECTION 20 101 -1 -1 4500 4500
582 CONNECTION 20 85 -1 -1 4200 4200
583 CONNECTION 20 133 -1 -1 5400 5400
584 CONNECTION 20 117 -1 -1 5100 5100
585 CONNECTION 20 165 -1 -1 6300 6300
586 CONNECTION 20 149 300 3900 6000 6000
587 CONNECTION 20 197 300 5100 7200 7200
588 CONNECTION 20 181 300 4800 6900 6900
589 CONNECTION 20 6 300 6000 8100 8100
590 CONNECTION 20 213 300 5700 7800 7800
591 CONNECTION 20 39 300 6900 9000 9000
592 CONNECTION 20 23 300 6600 8700 8700
593 CONNECTION 20 71 300 7800 9900 9900
594 SINK 20 1 -1 -1 0 0
595 CONNECTION 163 180 -1 -1 4500 4500
596 CONNECTION 163 212 -1 -1 5400 5400
597 CONNECTION 163 22 -1 -1 6300 6300
598 CONNECTION 163 54 300 5100 7200 7200
599 CONNECTION 163 86 300 6000 8100 8100
600 CONNECTION 163 118 300 6900 9000 9000
601 CONNECTION 163 150 300 7800 9900 9900
602 CONNECTION 36 37 -1 -1 3420 3420
603 CONNECTION 36 21 -1 -1 3120 3120
604 CONNECTION 36 69 -1 -1 4320 4320
605 CONNECTION 36 53 -1 -1 4020 4020
606 CONNECTION 36 101 -1 -1 5220 5220
607 CONNECTION 36 85 -1 -1 4920 4920
608 CONNECTION 36 133 -1 -1 6120 6120
609 CONNECTION 36 117 300 3720 5820 5820
610 CONNECTION 36 165 300 4920 7020 7020
611 CONNECTION 36 149 300 4620 6720 6720
612 CONNECTION 36 197 300 5820 7920 7920
613 CONNECTION 36 181 300 5520 7620 7620
614 CONNECTION 36 6 300 6720 8820 8820
615 CONNECTION 36 213 300 6420 8520 8520
616 CONNECTION 36 39 300 7620 9720 9720
617 CONNECTION 36 23 300 7320 9420 9420
618 SINK 36 1 -1 -1 0 0
619 CONNECTION 147 164 -1 -1 3180 3180
620 CONNECTION 147 196 -1 -1 4080 4080
621 CONNECTION 147 5 -1 -1 4980 4980
622 CONNECTION 147 38 300 3780 5880 5880
623 CONNECTION 147 70 300 4680 6780 6780
624 CONNECTION 147 102 300 5580 7680 7680
625 CONNECTION 147 134 300 6480 8580 8580
626 CONNECTION 147 166 300 7380 9480 9480
627 CONNECTION 52 53 -1 -1 2400 2400
628 CONNECTION 52 85 -1 -1 3300 3300
629 CONNECTION 52 133 -1 -1 4500 4500
630 CONNECTION 52 117 -1 -1 4200 4200
631 CONNECTION 52 165 -1 -1 5400 5400
632 CONNECTION 52 149 -1 -1 5100 5100
633 CONNECTION 52 197 -1 -1 6300 6300
634 CONNECTION 52 181 300 3900 6000 6000
635 CONNECTION 52 6 300 5100 7200 7200
636 CONNECTION 52 213 300 4800 6900 6900
637 CONNECTION 52 39 300 6000 8100 8100
638 CONNECTION 52 23 300 5700 7800 7800
639 CONNECTION 52 71 300 6900 9000 9000
640 CONNECTION 52 55 300 6600 8700 8700
641 CONNECTION 52 103 300 7800 9900 9900
642 SINK 52 1 -1 -1 0 0
643 CONNECTION 195 212 -1 -1 4500 4500
644 CONNECTION 195 22 -1 -1 5400 5400
645 CONNECTION 195 54 -1 -1 6300 6300
646 CONNECTION 195 86 300 5100 7200 7200
647 CONNECTION 195 118 300 6000 8100 8100
648 CONNECTION 195 150 300 6900 9000 9000
649 CONNECTION 195 182 300 7800 9900 9900
650 CONNECTION 68 69 -1 -1 3420 3420
651 CONNECTION 68 53 -1 -1 3120 3120
652 CONNECTION 68 101 -1 -1 4320 4320
653 CONNECTION 68 85 -1 -1 4020 4020
654 CONNECTION 68 133 -1 -1 5220 5220
655 CONNECTION 68 117 -1 -1 4920 4920
656 CONNECTION 68 165 -1 -1 6120 6120
657 CONNECTION 68 149 300 3720 5820 5820
658 CONNECTION 68 197 300 4920 7020 7020
659 CONNECTION 68 181 300 4620 6720 6720
660 CONNECTION 68 6 300 5820 7920 7920
661 CONNECTION 68 213 300 5520 7620 7620
662 CONNECTION 68 39 300 6720 8820 8820
663 CONNECTION 68 23 300 6420 8520 8520
664 CONNECTION 68 71 300 7620 9720 9720
665 CONNECTION 68 55 300 7320 9420 9420
666 SINK 68 1 -1 -1 0 0
667 CONNECTION 179 196 -1 -1 3180 3180
668 CONNECTION 179 5 -1 -1 4080 4080
669 CONNECTION 179 38 -1 -1 4980 4980
670 CONNECTION 179 70 300 3780 5880 5880
671 CONNECTION 179 102 300 4680 6780 6780
672 CONNECTION 179 134 300 5580 7680 7680
673 CONNECTION 179 166 300 6480 8580 8580
674 CONNECTION 179 198 300 7380 9480 9480
675 CONNECTION 4 22 -1 -1 4500 4500
676 CONNECTION 4 54 -1 -1 5400 5400
677 CONNECTION 4 86 -1 -1 6300 6300
678 CONNECTION 4 118 300 5100 7200 7200
679 CONNECTION 4 150 300 6000 8100 8100
680 CONNECTION 4 182 300 6900 9000 9000
681 CONNECTION 4 214 300 7800 9900 9900
682 CONNECTION 84 85 -1 -1 2400 2400
683 CONNECTION 84 117 -1 -1 3300 3300
684 CONNECTION 84 165 -1 -1 4500 4500
685 CONNECTION 84 149 -1 -1 4200 4200
686 CONNECTION 84 197 -1 -1 5400 5400
687 CONNECTION 84 181 -1 -1 5100 5100
688 CONNECTION 84 6 -1 -1 6300 6300
689 CONNECTION 84 213 300 3900 6000 6000
690 CONNECTION 84 39 300 5100 7200 7200
691 CONNECTION 84 23 300 4800 6900 6900
692 CONNECTION 84 71 300 6000 8100 8100
693 CONNECTION 84 55 300 5700 7800 7800
694 CONNECTION 84 103 300 6900 9000 9000
695 CONNECTION 84 87 300 6600 8700 8700
696 CONNECTION 84 135 300 7800 9900 9900
697 SINK 84 1 -1 -1 0 0
698 CONNECTION 227 22 -1 -1 4500 4500
699 CONNECTION 227 54 -1 -1 5400 5400
700 CONNECTION 227 86 -1 -1 6300 6300
701 CONNECTION 227 118 300 5100 7200 7200
702 CONNECTION 227 150 300 6000 8100 8100
703 CONNECTION 227 182 300 6900 9000 9000
704 CONNECTION 227 214 300 7800 9900 9900
705 CONNECTION 100 101 -1 -1 3420 3420
706 CONNECTION 100 85 -1 -1 3120 3120
707 CONNECTION 100 133 -1 -1 4320 4320
708 CONNECTION 100 117 -1 -1 4020 4020
709 CONNECTION 100 165 -1 -1 5220 5220
710 CONNECTION 100 149 -1 -1 4920 4920
711 CONNECTION 100 197 -1 -1 6120 6120
712 CONNECTION 100 181 300 3720 5820 5820
713 CONNECTION 100 6 300 4920 7020 7020
714 CONNECTION 100 213 300 4620 6720 6720
715 CONNECTION 100 39 300 5820 7920 7920
716 CONNECTION 100 23 300 5520 7620 7620
717 CONNECTION 100 71 300 6720 8820 8820
718 CONNECTION 100 55 300 6420 8520 8520
719 CONNECTION 100 103 300 7620 9720 9720
720 CONNECTION 100 87 300 7320 9420 9420
721 SINK 100 1 -1 -1 0 0
722 CONNECTION 211 5 -1 -1 3180 3180
723 CONNECTION 211 38 -1 -1 4080 4080
724 CONNECTION 211 70 -1 -1 4980 4980
725 CONNECTION 211 102 300 3780 5880 5880
726 CONNECTION 211 134 300 4680 6780 6780
727 CONNECTION 211 166 300 5580 7680 7680
728 CONNECTION 211 198 300 6480 8580 8580
729 CONNECTION 211 7 300 7380 9480 9480
730 CONNECTION 37 54 -1 -1 4500 4500
731 CONNECTION 37 86 -1 -1 5400 5400
732 CONNECTION 37 118 -1 -1 6300 6300
733 CONNECTION 37 150 300 5100 7200 7200
734 CONNECTION 37 182 300 6000 8100 8100
735 CONNECTION 37 214 300 6900 9000 9000
736 CONNECTION 37 24 300 7800 9900 9900
737 CONNECTION 116 117 -1 -1 2400 2400
738 CONNECTION 116 149 -1 -1 3300 3300
739 CONNECTION 116 197 -1 -1 4500 4500
740 CONNECTION 116 181 -1 -1 4200 4200
741 CONNECTION 116 6 -1 -1 5400 5400
742 CONNECTION 116 213 -1 -1 5100 5100
743 CONNECTION 116 39 -1 -1 6300 6300
744 CONNECTION 116 23 300 3900 6000 6000
745 CONNECTION 116 71 300 5100 7200 7200
746 CONNECTION 116 55 300 4800 6900 6900
747 CONNECTION 116 103 300 6000 8100 8100
748 CONNECTION 116 87 300 5700 7800 7800
749 CONNECTION 116 135 300 6900 9000 9000
750 CONNECTION 116 119 300 6600 8700 8700
751 CONNECTION 116 167 300 7800 9900 9900
752 SINK 116 1 -1 -1 0 0
753 CONNECTION 132 133 -1 -1 3420 3420
754 CONNECTION 132 117 -1 -1 3120 3120
755 CONNECTION 132 165 -1 -1 4320 4320
756 CONNECTION 132 149 -1 -1 4020 4020
757 CONNECTION 132 197 -1 -1 5220 5220
758 CONNECTION 132 181 -1 -1 4920 4920
759 CONNECTION 132 6 -1 -1 6120 6120
760 CONNECTION 132 213 300 3720 5820 5820
761 CONNECTION 132 39 300 4920 7020 7020
762 CONNECTION 132 23 300 4620 6720 6720
763 CONNECTION 132 71 300 5820 7920 7920
764 CONNECTION 132 55 300 5520 7620 7620
765 CONNECTION 132 103 300 6720 8820 8820
766 CONNECTION 132 87 300 6420 8520 8520
767 CONNECTION 132 135 300 7620 9720 9720
768 CONNECTION 132 119 300 7320 9420 9420
769 SINK 132 1 -1 -1 0 0
770 CONNECTION 21 38 -1 -1 3180 3180
771 CONNECTION 21 70 -1 -1 4080 4080
772 CONNECTION 21 102 -1 -1 4980 4980
773 CONNECTION 21 134 300 3780 5880 5880
774 CONNECTION 21 166 300 4680 6780 6780
775 CONNECTION 21 198 300 5580 7680 7680
776 CONNECTION 21 7 300 6480 8580 8580
777 CONNECTION 21 40 300 7380 9480 9480
778 CONNECTION 69 86 -1 -1 4500 4500
779 CONNECTION 69 118 -1 -1 5400 5400
780 CONNECTION 69 150 -1 -1 6300 6300
781 CONNECTION 69 182 300 5100 7200 7200
782 CONNECTION 69 214 300 6000 8100 8100
783 CONNECTION 69 24 300 6900 9000 9000
784 CONNECTION 69 56 300 7800 9900 9900
785 CONNECTION 148 149 -1 -1 2400 2400
786 CONNECTION 148 181 -1 -1 3300 3300
787 CONNECTION 148 6 -1 -1 4500 4500
788 CONNECTION 148 213 -1 -1 4200 4200
789 CONNECTION 148 39 -1 -1 5400 5400
790 CONNECTION 148 23 -1 -1 5100 5100
791 CONNECTION 148 71 -1 -1 6300 6300
792 CONNECTION 148 55 300 3900 6000 6000
793 CONNECTION 148 103 300 5100 7200 7200
794 CONNECTION 148 87 300 4800 6900 6900
795 CONNECTION 148 135 300 6000 8100 8100
796 CONNECTION 148 119 300 5700 7800 7800
797 CONNECTION 148 167 300 6900 9000 9000
798 CONNECTION 148 151 300 6600 8700 8700
799 CONNECTION 148 199 300 7800 9900 9900
800 SINK 148 1 -1 -1 0 0
801 CONNECTION 164 165 -1 -1 3420 3420
802 CONNECTION 164 149 -1 -1 3120 3120
803 CONNECTION 164 197 -1 -1 4320 4320
804 CONNECTION 164 181 -1 -1 4020 4020
805 CONNECTION 164 6 -1 -1 5220 5220
806 CONNECTION 164 213 -1 -1 4920 4920
807 CONNECTION 164 39 -1 -1 6120 6120
808 CONNECTION 164 23 300 3720 5820 5820
809 CONNECTION 164 71 300 4920 7020 7020
810 CONNECTION 164 55 300 4620 6720 6720
811 CONNECTION 164 103 300 5820 7920 7920
812 CONNECTION 164 87 300 5520 7620 7620
813 CONNECTION 164 135 300 6720 8820 8820
814 CONNECTION 164 119 300 6420 8520 8520
815 CONNECTION 164 167 300 7620 9720 9720
816 CONNECTION 164 151 300 7320 9420 9420
817 SINK 164 1 -1 -1 0 0
818 CONNECTION 53 70 -1 -1 3180 3180
819 CONNECTION 53 102 -1 -1 4080 4080
820 CONNECTION 53 134 -1 -1 4980 4980
821 CONNECTION 53 166 300 3780 5880 5880
822 CONNECTION 53 198 300 4680 6780 6780
823 CONNECTION 53 7 300 5580 7680 7680
824 CONNECTION 53 40 300 6480 8580 8580
825 CONNECTION 53 72 300 7380 9480 9480
826 CONNECTION 101 118 -1 -1 4500 4500
827 CONNECTION 101 150 -1 -1 5400 5400
828 CONNECTION 101 182 -1 -1 6300 6300
829 CONNECTION 101 214 300 5100 7200 7200
830 CONNECTION 101 24 300 6000 8100 8100
831 CONNECTION 101 56 300 6900 9000 9000
832 CONNECTION 101 88 300 7800 9900 9900
833 CONNECTION 180 181 -1 -1 2400 2400
834 CONNECTION 180 213 -1 -1 3300 3300
835 CONNECTION 180 39 -1 -1 4500 4500
836 CONNECTION 180 23 -1 -1 4200 4200
837 CONNECTION 180 71 -1 -1 5400 5400
838 CONNECTION 180 55 -1 -1 5100 5100
839 CONNECTION 180 103 -1 -1 6300 6300
840 CONNECTION 180 87 300 3900 6000 6000
841 CONNECTION 180 135 300 5100 7200 7200
842 CONNECTION 180 119 300 4800 6900 6900
843 CONNECTION 180 167 300 6000 8100 8100
844 CONNECTION 180 151 300 5700 7800 7800
845 CONNECTION 180 199 300 6900 9000 9000
846 CONNECTION 180 183 300 6600 8700 8700
847 CONNECTION 180 8 300 7800 9900 9900
848 SINK 180 1 -1 -1 0 0
849 CONNECTION 196 197 -1 -1 3420 3420
850 CONNECTION 196 181 -1 -1 3120 3120
851 CONNECTION 196 6 -1 -1 4320 4320
852 CONNECTION 196 213 -1 -1 4020 4020
853 CONNECTION 196 39 -1 -1 5220 5220
854 CONNECTION 196 23 -1 -1 4920 4920
855 CONNECTION 196 71 -1 -1 6120 6120
856 CONNECTION 196 55 300 3720 5820 5820
857 CONNECTION 196 103 300 4920 7020 7020
858 CONNECTION 196 87 300 4620 6720 6720
859 CONNECTION 196 135 300 5820 7920 7920
860 CONNECTION 196 119 300 5520 7620 7620
861 CONNECTION 196 167 300 6720 8820 8820
862 CONNECTION 196 151 300 6420 8520 8520
863 CONNECTION 196 199 300 7620 9720 9720
864 CONNECTION 196 183 300 7320 9420 9420
865 SINK 196 1 -1 -1 0 0
866 CONNECTION 85 102 -1 -1 3180 3180
867 CONNECTION 85 134 -1 -1 4080 4080
868 CONNECTION 85 166 -1 -1 4980 4980
869 CONNECTION 85 198 300 3780 5880 5880
870 CONNECTION 85 7 300 4680 6780 6780
871 CONNECTION 85 40 300 5580 7680 7680
872 CONNECTION 85 72 300 6480 8580 8580
873 CONNECTION 85 104 300 7380 9480 9480
874 CONNECTION 133 150 -1 -1 4500 4500
875 CONNECTION 133 182 -1 -1 5400 5400
876 CONNECTION 133 214 -1 -1 6300 6300
877 CONNECTION 133 24 300 5100 7200 7200
878 CONNECTION 133 56 300 6000 8100 8100
879 CONNECTION 133 88 300 6900 9000 9000
880 CONNECTION 133 120 300 7800 9900 9900
881 CONNECTION 212 213 -1 -1 2400 2400
882 CONNECTION 212 23 -1 -1 3300 3300
883 CONNECTION 212 71 -1 -1 4500 4500
884 CONNECTION 212 55 -1 -1 4200 4200
885 CONNECTION 212 103 -1 -1 5400 5400
886 CONNECTION 212 87 -1 -1 5100 5100
887 CONNECTION 212 135 -1 -1 6300 6300
888 CONNECTION 212 119 300 3900 6000 6000
889 CONNECTION 212 167 300 5100 7200 7200
890 CONNECTION 212 151 300 4800 6900 6900
891 CONNECTION 212 199 300 6000 8100 8100
892 CONNECTION 212 183 300 5700 7800 7800
893 CONNECTION 212 8 300 6900 9000 9000
894 CONNECTION 212 215 300 6600 8700 8700
895 CONNECTION 212 41 300 7800 9900 9900
896 SINK 212 1 -1 -1 0 0
897 CONNECTION 5 6 -1 -1 3420 3420
898 CONNECTION 5 213 -1 -1 3120 3120
899 CONNECTION 5 39 -1 -1 4320 4320
900 CONNECTION 5 23 -1 -1 4020 4020
901 CONNECTION 5 71 -1 -1 5220 5220
902 CONNECTION 5 55 -1 -1 4920 4920
903 CONNECTION 5 103 -1 -1 6120 6120
904 CONNECTION 5 87 300 3720 5820 5820
905 CONNECTION 5 135 300 4920 7020 7020
906 CONNECTION 5 119 300 4620 6720 6720
907 CONNECTION 5 167 300 5820 7920 7920
908 CONNECTION 5 151 300 5520 7620 7620
909 CONNECTION 5 199 300 6720 8820 8820
910 CONNECTION 5 183 300 6420 8520 8520
911 CONNECTION 5 8 300 7620 9720 9720
912 CONNECTION 5 215 300 7320 9420 9420
913 SINK 5 1 -1 -1 0 0
914 CONNECTION 117 134 -1 -1 3180 3180
915 CONNECTION 117 166 -1 -1 4080 4080
916 CONNECTION 117 198 -1 -1 4980 4980
917 CONNECTION 117 7 300 3780 5880 5880
918 CONNECTION 117 40 300 4680 6780 6780
919 CONNECTION 117 72 300 5580 7680 7680
920 CONNECTION 117 104 300 6480 8580 8580
921 CONNECTION 117 136 300 7380 9480 9480
922 CONNECTION 22 23 -1 -1 2400 2400
923 CONNECTION 22 55 -1 -1 3300 3300
924 CONNECTION 22 103 -1 -1 4500 4500
925 CONNECTION 22 87 -1 -1 4200 4200
926 CONNECTION 22 135 -1 -1 5400 5400
927 CONNECTION 22 119 -1 -1 5100 5100
928 CONNECTION 22 167 -1 -1 6300 6300
929 CONNECTION 22 151 300 3900 6000 6000
930 CONNECTION 22 199 300 5100 7200 7200
931 CONNECTION 22 183 300 4800 6900 6900
932 CONNECTION 22 8 300 6000 8100 8100
933 CONNECTION 22 215 300 5700 7800 7800
934 CONNECTION 22 41 300 6900 9000 9000
935 CONNECTION 22 25 300 6600 8700 8700
936 CONNECTION 22 73 300 7800 9900 9900
937 SINK 22 1 -1 -1 0 0
938 CONNECTION 165 182 -1 -1 4500 4500
939 CONNECTION 165 214 -1 -1 5400 5400
940 CONNECTION 165 24 -1 -1 6300 6300
941 CONNECTION 165 56 300 5100 7200 7200
942 CONNECTION 165 88 300 6000 8100 8100
943 CONNECTION 165 120 300 6900 9000 9000
944 CONNECTION 165 152 300 7800 9900 9900
945 CONNECTION 38 39 -1 -1 3420 3420
946 CONNECTION 38 23 -1 -1 3120 3120
947 CONNECTION 38 71 -1 -1 4320 4320
948 CONNECTION 38 55 -1 -1 4020 4020
949 CONNECTION 38 103 -1 -1 5220 5220
950 CONNECTION 38 87 -1 -1 4920 4920
951 CONNECTION 38 135 -1 -1 6120 6120
952 CONNECTION 38 119 300 3720 5820 5820
953 CONNECTION 38 167 300 4920 7020 7020
954 CONNECTION 38 151 300 4620 6720 6720
955 CONNECTION 38 199 300 5820 7920 7920
956 CONNECTION 38 183 300 5520 7620 7620
957 CONNECTION 38 8 300 6720 8820 8820
958 CONNECTION 38 215 300 6420 8520 8520
959 CONNECTION 38 41 300 7620 9720 9720
960 CONNECTION 38 25 300 7320 9420 9420
961 SINK 38 1 -1 -1 0 0
962 CONNECTION 149 166 -1 -1 3180 3180
963 CONNECTION 149 198 -1 -1 4080 4080
964 CONNECTION 149 7 -1 -1 4980 4980
965 CONNECTION 149 40 300 3780 5880 5880
966 CONNECTION 149 72 300 4680 6780 6780
967 CONNECTION 149 104 300 5580 7680 7680
968 CONNECTION 149 136 300 6480 8580 8580
969 CONNECTION 149 168 300 7380 9480 9480
970 CONNECTION 54 55 -1 -1 2400 2400
971 CONNECTION 54 87 -1 -1 3300 3300
972 CONNECTION 54 135 -1 -1 4500 4500
973 CONNECTION 54 119 -1 -1 4200 4200
974 CONNECTION 54 167 -1 -1 5400 5400
975 CONNECTION 54 151 -1 -1 5100 5100
976 CONNECTION 54 199 -1 -1 6300 6300
977 CONNECTION 54 183 300 3900 6000 6000
978 CONNECTION 54 8 300 5100 7200 7200
979 CONNECTION 54 215 300 4800 6900 6900
980 CONNECTION 54 41 300 6000 8100 8100
981 CONNECTION 54 25 300 5700 7800 7800
982 CONNECTION 54 73 300 6900 9000 9000
983 CONNECTION 54 57 300 6600 8700 8700
984 CONNECTION 54 105 300 7800 9900 9900
985 SINK 54 1 -1 -1 0 0
986 CONNECTION 197 214 -1 -1 4500 4500
987 CONNECTION 197 24 -1 -1 5400 5400
988 CONNECTION 197 56 -1 -1 6300 6300
989 CONNECTION 197 88 300 5100 7200 7200
990 CONNECTION 197 120 300 6000 8100 8100
991 CONNECTION 197 152 300 6900 9000 9000
992 CONNECTION 197 184 300 7800 9900 9900
993 CONNECTION 70 71 -1 -1 3420 3420
994 CONNECTION 70 55 -1 -1 3120 3120
995 CONNECTION 70 103 -1 -1 4320 4320
996 CONNECTION 70 87 -1 -1 4020 4020
997 CONNECTION 70 135 -1 -1 5220 5220
998 CONNECTION 70 119 -1 -1 4920 4920
999 CONNECTION 70 167 -1 -1 6120 6120
1000 CONNECTION 70 151 300 3720 5820 5820
1001 CONNECTION 70 199 300 4920 7020 7020
1002 CONNECTION 70 183 300 4620 6720 6720
1003 CONNECTION 70 8 300 5820 7920 7920
1004 CONNECTION 70 215 300 5520 7620 7620
1005 CONNECTION 70 41 300 6720 8820 8820
1006 CONNECTION 70 25 300 6420 8520 8520
1007 CONNECTION 70 73 300 7620 9720 9720
1008 CONNECTION 70 57 300 7320 9420 9420
1009 SINK 70 1 -1 -1 0 0
1010 CONNECTION 181 198 -1 -1 3180 3180
1011 CONNECTION 181 7 -1 -1 4080 4080
1012 CONNECTION 181 40 -1 -1 4980 4980
1013 CONNECTION 181 72 300 3780 5880 5880
1014 CONNECTION 181 104 300 4680 6780 6780
1015 CONNECTION 181 136 300 5580 7680 7680
1016 CONNECTION 181 168 300 6480 8580 8580
1017 CONNECTION 181 200 300 7380 9480 9480
1018 CONNECTION 6 24 -1 -1 4500 4500
1019 CONNECTION 6 56 -1 -1 5400 5400
1020 CONNECTION 6 88 -1 -1 6300 6300
1021 CONNECTION 6 120 300 5100 7200 7200
1022 CONNECTION 6 152 300 6000 8100 8100
1023 CONNECTION 6 184 300 6900 9000 9000
1024 CONNECTION 6 216 300 7800 9900 9900
1025 CONNECTION 86 87 -1 -1 2400 2400
1026 CONNECTION 86 119 -1 -1 3300 3300
1027 CONNECTION 86 167 -1 -1 4500 4500
1028 CONNECTION 86 151 -1 -1 4200 4200
1029 CONNECTION 86 199 -1 -1 5400 5400
1030 CONNECTION 86 183 -1 -1 5100 5100
1031 CONNECTION 86 8 -1 -1 6300 6300
1032 CONNECTION 86 215 300 3900 6000 6000
1033 CONNECTION 86 41 300 5100 7200 7200
1034 CONNECTION 86 25 300 4800 6900 6900
1035 CONNECTION 86 73 300 6000 8100 8100
1036 CONNECTION 86 57 300 5700 7800 7800
1037 CONNECTION 86 105 300 6900 9000 9000
1038 CONNECTION 86 89 300 6600 8700 8700
1039 CONNECTION 86 137 300 7800 9900 9900
1040 SINK 86 1 -1 -1 0 0
1041 CONNECTION 102 103 -1 -1 3420 3420
1042 CONNECTION 102 87 -1 -1 3120 3120
1043 CONNECTION 102 135 -1 -1 4320 4320
1044 CONNECTION 102 119 -1 -1 4020 4020
1045 CONNECTION 102 167 -1 -1 5220 5220
1046 CONNECTION 102 151 -1 -1 4920 4920
1047 CONNECTION 102 199 -1 -1 6120 6120
1048 CONNECTION 102 183 300 3720 5820 5820
1049 CONNECTION 102 8 300 4920 7020 7020
1050 CONNECTION 102 215 300 4620 6720 6720
1051 CONNECTION 102 41 300 5820 7920 7920
1052 CONNECTION 102 25 300 5520 7620 7620
1053 CONNECTION 102 73 300 6720 8820 8820
1054 CONNECTION 102 57 300 6420 8520 8520
1055 CONNECTION 102 105 300 7620 9720 9720
1056 CONNECTION 102 89 300 7320 9420 9420
1057 SINK 102 1 -1 -1 0 0
1058 CONNECTION 213 7 -1 -1 3180 3180
1059 CONNECTION 213 40 -1 -1 4080 4080
1060 CONNECTION 213 72 -1 -1 4980 4980
1061 CONNECTION 213 104 300 3780 5880 5880
1062 CONNECTION 213 136 300 4680 6780 6780
1063 CONNECTION 213 168 300 5580 7680 7680
1064 CONNECTION 213 200 300 6480 8580 8580
1065 CONNECTION 213 9 300 7380 9480 9480
1066 CONNECTION 39 56 -1 -1 4500 4500
1067 CONNECTION 39 88 -1 -1 5400 5400
1068 CONNECTION 39 120 -1 -1 6300 6300
1069 CONNECTION 39 152 300 5100 7200 7200
1070 CONNECTION 39 184 300 6000 8100 8100
1071 CONNECTION 39 216 300 6900 9000 9000
1072 CONNECTION 39 26 300 7800 9900 9900
1073 CONNECTION 118 119 -1 -1 2400 2400
1074 CONNECTION 118 151 -1 -1 3300 3300
1075 CONNECTION 118 199 -1 -1 4500 4500
1076 CONNECTION 118 183 -1 -1 4200 4200
1077 CONNECTION 118 8 -1 -1 5400 5400
1078 CONNECTION 118 215 -1 -1 5100 5100
1079 CONNECTION 118 41 -1 -1 6300 6300
1080 CONNECTION 118 25 300 3900 6000 6000
1081 CONNECTION 118 73 300 5100 7200 7200
1082 CONNECTION 118 57 300 4800 6900 6900
1083 CONNECTION 118 105 300 6000 8100 8100
1084 CONNECTION 118 89 300 5700 7800 7800
1085 CONNECTION 118 137 300 6900 9000 9000
1086 CONNECTION 118 121 300 6600 8700 8700
1087 CONNECTION 118 169 300 7800 9900 9900
1088 SINK 118 1 -1 -1 0 0
1089 CONNECTION 134 135 -1 -1 3420 3420
1090 CONNECTION 134 119 -1 -1 3120 3120
1091 CONNECTION 134 167 -1 -1 4320 4320
1092 CONNECTION 134 151 -1 -1 4020 4020
1093 CONNECTION 134 199 -1 -1 5220 5220
1094 CONNECTION 134 183 -1 -1 4920 4920
1095 CONNECTION 134 8 -1 -1 6120 6120
1096 CONNECTION 134 215 300 3720 5820 5820
1097 CONNECTION 134 41 300 4920 7020 7020
1098 CONNECTION 134 25 300 4620 6720 6720
1099 CONNECTION 134 73 300 5820 7920 7920
1100 CONNECTION 134 57 300 5520 7620 7620
1101 CONNECTION 134 105 300 6720 8820 8820
1102 CONNECTION 134 89 300 6420 8520 8520
1103 CONNECTION 134 137 300 7620 9720 9720
1104 CONNECTION 134 121 300 7320 9420 9420
1105 SINK 134 1 -1 -1 0 0
1106 CONNECTION 23 40 -1 -1 3180 3180
1107 CONNECTION 23 72 -1 -1 4080 4080
1108 CONNECTION 23 104 -1 -1 4980 4980
1109 CONNECTION 23 136 300 3780 5880 5880
1110 CONNECTION 23 168 300 4680 6780 6780
1111 CONNECTION 23 200 300 5580 7680 7680
1112 CONNECTION 23 9 300 6480 8580 8580
1113 CONNECTION 23 42 300 7380 9480 9480
1114 CONNECTION 71 88 -1 -1 4500 4500
1115 CONNECTION 71 120 -1 -1 5400 5400
1116 CONNECTION 71 152 -1 -1 6300 6300
1117 CONNECTION 71 184 300 5100 7200 7200
1118 CONNECTION 71 216 300 6000 8100 8100
1119 CONNECTION 71 26 300 6900 9000 9000
1120 CONNECTION 71 58 300 7800 9900 9900
1121 CONNECTION 150 151 -1 -1 2400 2400
1122 CONNECTION 150 183 -1 -1 3300 3300
1123 CONNECTION 150 8 -1 -1 4500 4500
1124 CONNECTION 150 215 -1 -1 4200 4200
1125 CONNECTION 150 41 -1 -1 5400 5400
1126 CONNECTION 150 25 -1 -1 5100 5100
1127 CONNECTION 150 73 -1 -1 6300 6300
1128 CONNECTION 150 57 300 3900 6000 6000
1129 CONNECTION 150 105 300 5100 7200 7200
1130 CONNECTION 150 89 300 4800 6900 6900
1131 CONNECTION 150 137 300 6000 8100 8100
1132 CONNECTION 150 121 300 5700 7800 7800
1133 CONNECTION 150 169 300 6900 9000 9000
1134 CONNECTION 150 153 300 6600 8700 8700
1135 CONNECTION 150 201 300 7800 9900 9900
1136 SINK 150 1 -1 -1 0 0
1137 CONNECTION 166 167 -1 -1 3420 3420
1138 CONNECTION 166 151 -1 -1 3120 3120
1139 CONNECTION 166 199 -1 -1 4320 4320
1140 CONNECTION 166 183 -1 -1 4020 4020
1141 CONNECTION 166 8 -1 -1 5220 5220
1142 CONNECTION 166 215 -1 -1 4920 4920
1143 CONNECTION 166 41 -1 -1 6120 6120
1144 CONNECTION 166 25 300 3720 5820 5820
1145 CONNECTION 166 73 300 4920 7020 7020
1146 CONNECTION 166 57 300 4620 6720 6720
1147 CONNECTION 166 105 300 5820 7920 7920
1148 CONNECTION 166 89 300 5520 7620 7620
1149 CONNECTION 166 137 300 6720 8820 8820
1150 CONNECTION 166 121 300 6420 8520 8520
1151 CONNECTION 166 169 300 7620 9720 9720
1152 CONNECTION 166 153 300 7320 9420 9420
1153 SINK 166 1 -1 -1 0 0
1154 CONNECTION 55 72 -1 -1 3180 3180
1155 CONNECTION 55 104 -1 -1 4080 4080
1156 CONNECTION 55 136 -1 -1 4980 4980
1157 CONNECTION 55 168 300 3780 5880 5880
1158 CONNECTION 55 200 300 4680 6780 6780
1159 CONNECTION 55 9 300 5580 7680 7680
1160 CONNECTION 55 42 300 6480 8580 8580
1161 CONNECTION 55 74 300 7380 9480 9480
1162 CONNECTION 103 120 -1 -1 4500 4500
1163 CONNECTION 103 152 -1 -1 5400 5400
1164 CONNECTION 103 184 -1 -1 6300 6300
1165 CONNECTION 103 216 300 5100 7200 7200
1166 CONNECTION 103 26 300 6000 8100 8100
1167 CONNECTION 103 58 300 6900 9000 9000
1168 CONNECTION 103 90 300 7800 9900 9900
1169 CONNECTION 182 183 -1 -1 2400 2400
1170 CONNECTION 182 215 -1 -1 3300 3300
1171 CONNECTION 182 41 -1 -1 4500 4500
1172 CONNECTION 182 25 -1 -1 4200 4200
1173 CONNECTION 182 73 -1 -1 5400 5400
1174 CONNECTION 182 57 -1 -1 5100 5100
1175 CONNECTION 182 105 -1 -1 6300 6300
1176 CONNECTION 182 89 300 3900 6000 6000
1177 CONNECTION 182 137 300 5100 7200 7200
1178 CONNECTION 182 121 300 4800 6900 6900
1179 CONNECTION 182 169 300 6000 8100 8100
1180 CONNECTION 182 153 300 5700 7800 7800
1181 CONNECTION 182 201 300 6900 9000 9000
1182 CONNECTION 182 185 300 6600 8700 8700
1183 CONNECTION 182 10 300 7800 9900 9900
1184 SINK 182 1 -1 -1 0 0
1185 CONNECTION 198 199 -1 -1 3420 3420
1186 CONNECTION 198 183 -1 -1 3120 3120
1187 CONNECTION 198 8 -1 -1 4320 4320
1188 CONNECTION 198 215 -1 -1 4020 4020
1189 CONNECTION 198 41 -1 -1 5220 5220
1190 CONNECTION 198 25 -1 -1 4920 4920
1191 CONNECTION 198 73 -1 -1 6120 6120
1192 CONNECTION 198 57 300 3720 5820 5820
1193 CONNECTION 198 105 300 4920 7020 7020
1194 CONNECTION 198 89 300 4620 6720 6720
1195 CONNECTION 198 137 300 5820 7920 7920
1196 CONNECTION 198 121 300 5520 7620 7620
1197 CONNECTION 198 169 300 6720 8820 8820
1198 CONNECTION 198 153 300 6420 8520 8520
1199 CONNECTION 198 201 300 7620 9720 9720
1200 CONNECTION 198 185 300 7320 9420 9420
1201 SINK 198 1 -1 -1 0 0
1202 CONNECTION 87 104 -1 -1 3180 3180
1203 CONNECTION 87 136 -1 -1 4080 4080
1204 CONNECTION 87 168 -1 -1 4980 4980
1205 CONNECTION 87 200 300 3780 5880 5880
1206 CONNECTION 87 9 300 4680 6780 6780
1207 CONNECTION 87 42 300 5580 7680 7680
1208 CONNECTION 87 74 300 6480 8580 8580
1209 CONNECTION 87 106 300 7380 9480 9480
1210 CONNECTION 135 152 -1 -1 4500 4500
1211 CONNECTION 135 184 -1 -1 5400 5400
1212 CONNECTION 135 216 -1 -1 6300 6300
1213 CONNECTION 135 26 300 5100 7200 7200
1214 CONNECTION 135 58 300 6000 8100 8100
1215 CONNECTION 135 90 300 6900 9000 9000
1216 CONNECTION 135 122 300 7800 9900 9900
1217 CONNECTION 214 215 -1 -1 2400 2400
1218 CONNECTION 214 25 -1 -1 3300 3300
1219 CONNECTION 214 73 -1 -1 4500 4500
1220 CONNECTION 214 57 -1 -1 4200 4200
1221 CONNECTION 214 105 -1 -1 5400 5400
1222 CONNECTION 214 89 -1 -1 5100 5100
1223 CONNECTION 214 137 -1 -1 6300 6300
1224 CONNECTION 214 121 300 3900 6000 6000
1225 CONNECTION 214 169 300 5100 7200 7200
1226 CONNECTION 214 153 300 4800 6900 6900
1227 CONNECTION 214 201 300 6000 8100 8100
1228 CONNECTION 214 185 300 5700 7800 7800
1229 CONNECTION 214 10 300 6900 9000 9000
1230 CONNECTION 214 217 300 6600 8700 8700
1231 CONNECTION 214 43 300 7800 9900 9900
1232 SINK 214 1 -1 -1 0 0
1233 CONNECTION 7 8 -1 -1 3420 3420
1234 CONNECTION 7 215 -1 -1 3120 3120
1235 CONNECTION 7 41 -1 -1 4320 4320
1236 CONNECTION 7 25 -1 -1 4020 4020
1237 CONNECTION 7 73 -1 -1 5220 5220
1238 CONNECTION 7 57 -1 -1 4920 4920
1239 CONNECTION 7 105 -1 -1 6120 6120
1240 CONNECTION 7 89 300 3720 5820 5820
1241 CONNECTION 7 137 300 4920 7020 7020
1242 CONNECTION 7 121 300 4620 6720 6720
1243 CONNECTION 7 169 300 5820 7920 7920
1244 CONNECTION 7 153 300 5520 7620 7620
1245 CONNECTION 7 201 300 6720 8820 8820
1246 CONNECTION 7 185 300 6420 8520 8520
1247 CONNECTION 7 10 300 7620 9720 9720
1248 CONNECTION 7 217 300 7320 9420 9420
1249 SINK 7 1 -1 -1 0 0
1250 CONNECTION 119 136 -1 -1 3180 3180
1251 CONNECTION 119 168 -1 -1 4080 4080
1252 CONNECTION 119 200 -1 -1 4980 4980
1253 CONNECTION 119 9 300 3780 5880 5880
1254 CONNECTION 119 42 300 4680 6780 6780
1255 CONNECTION 119 74 300 5580 7680 7680
1256 CONNECTION 119 106 300 6480 8580 8580
1257 CONNECTION 119 138 300 7380 9480 9480
1258 CONNECTION 24 25 -1 -1 2400 2400
1259 CONNECTION 24 57 -1 -1 3300 3300
1260 CONNECTION 24 105 -1 -1 4500 4500
1261 CONNECTION 24 89 -1 -1 4200 4200
1262 CONNECTION 24 137 -1 -1 5400 5400
1263 CONNECTION 24 121 -1 -1 5100 5100
1264 CONNECTION 24 169 -1 -1 6300 6300
1265 CONNECTION 24 153 300 3900 6000 6000
1266 CONNECTION 24 201 300 5100 7200 7200
1267 CONNECTION 24 185 300 4800 6900 6900
1268 CONNECTION 24 10 300 6000 8100 8100
1269 CONNECTION 24 217 300 5700 7800 7800
1270 CONNECTION 24 43 300 6900 9000 9000
1271 CONNECTION 24 27 300 6600 8700 8700
1272 CONNECTION 24 75 300 7800 9900 9900
1273 SINK 24 1 -1 -1 0 0
1274 CONNECTION 167 184 -1 -1 4500 4500
1275 CONNECTION 167 216 -1 -1 5400 5400
1276 CONNECTION 167 26 -1 -1 6300 6300
1277 CONNECTION 167 58 300 5100 7200 7200
1278 CONNECTION 167 90 300 6000 8100 8100
1279 CONNECTION 167 122 300 6900 9000 9000
1280 CONNECTION 167 154 300 7800 9900 9900
1281 CONNECTION 40 41 -1 -1 3420 3420
1282 CONNECTION 40 25 -1 -1 3120 3120
1283 CONNECTION 40 73 -1 -1 4320 4320
1284 CONNECTION 40 57 -1 -1 4020 4020
1285 CONNECTION 40 105 -1 -1 5220 5220
1286 CONNECTION 40 89 -1 -1 4920 4920
1287 CONNECTION 40 137 -1 -1 6120 6120
1288 CONNECTION 40 121 300 3720 5820 5820
1289 CONNECTION 40 169 300 4920 7020 7020
1290 CONNECTION 40 153 300 4620 6720 6720
1291 CONNECTION 40 201 300 5820 7920 7920
1292 CONNECTION 40 185 300 5520 7620 7620
1293 CONNECTION 40 10 300 6720 8820 8820
1294 CONNECTION 40 217 300 6420 8520 8520
1295 CONNECTION 40 43 300 7620 9720 9720
1296 CONNECTION 40 27 300 7320 9420 9420
1297 SINK 40 1 -1 -1 0 0
1298 CONNECTION 151 168 -1 -1 3180 3180
1299 CONNECTION 151 200 -1 -1 4080 4080
1300 CONNECTION 151 9 -1 -1 4980 4980
1301 CONNECTION 151 42 300 3780 5880 5880
1302 CONNECTION 151 74 300 4680 6780 6780
1303 CONNECTION 151 106 300 5580 7680 7680
1304 CONNECTION 151 138 300 6480 8580 8580
1305 CONNECTION 151 170 300 7380 9480 9480
1306 CONNECTION 56 57 -1 -1 2400 2400
1307 CONNECTION 56 89 -1 -1 3300 3300
1308 CONNECTION 56 137 -1 -1 4500 4500
1309 CONNECTION 56 121 -1 -1 4200 4200
1310 CONNECTION 56 169 -1 -1 5400 5400
1311 CONNECTION 56 153 -1 -1 5100 5100
1312 CONNECTION 56 201 -1 -1 6300 6300
1313 CONNECTION 56 185 300 3900 6000 6000
1314 CONNECTION 56 10 300 5100 7200 7200
1315 CONNECTION 56 217 300 4800 6900 6900
1316 CONNECTION 56 43 300 6000 8100 8100
1317 CONNECTION 56 27 300 5700 7800 7800
1318 CONNECTION 56 75 300 6900 9000 9000
1319 CONNECTION 56 59 300 6600 8700 8700
1320 CONNECTION 56 107 300 7800 9900 9900
1321 SINK 56 1 -1 -1 0 0
1322 CONNECTION 199 216 -1 -1 4500 4500
1323 CONNECTION 199 26 -1 -1 5400 5400
1324 CONNECTION 199 58 -1 -1 6300 6300
1325 CONNECTION 199 90 300 5100 7200 7200
1326 CONNECTION 199 122 300 6000 8100 8100
1327 CONNECTION 199 154 300 6900 9000 9000
1328 CONNECTION 199 186 300 7800 9900 9900
1329 CONNECTION 72 73 -1 -1 3420 3420
1330 CONNECTION 72 57 -1 -1 3120 3120
1331 CONNECTION 72 105 -1 -1 4320 4320
1332 CONNECTION 72 89 -1 -1 4020 4020
1333 CONNECTION 72 137 -1 -1 5220 5220
1334 CONNECTION 72 121 -1 -1 4920 4920
1335 CONNECTION 72 169 -1 -1 6120 6120
1336 CONNECTION 72 153 300 3720 5820 5820
1337 CONNECTION 72 201 300 4920 7020 7020
1338 CONNECTION 72 185 300 4620 6720 6720
1339 CONNECTION 72 10 300 5820 7920 7920
1340 CONNECTION 72 217 300 5520 7620 7620
1341 CONNECTION 72 43 300 6720 8820 8820
1342 CONNECTION 72 27 300 6420 8520 8520
1343 CONNECTION 72 75 300 7620 9720 9720
1344 CONNECTION 72 59 300 7320 9420 9420
1345 SINK 72 1 -1 -1 0 0
1346 CONNECTION 183 200 -1 -1 3180 3180
1347 CONNECTION 183 9 -1 -1 4080 4080
1348 CONNECTION 183 42 -1 -1 4980 4980
1349 CONNECTION 183 74 300 3780 5880 5880
1350 CONNECTION 183 106 300 4680 6780 6780
1351 CONNECTION 183 138 300 5580 7680 7680
1352 CONNECTION 183 170 300 6480 8580 8580
1353 CONNECTION 183 202 300 7380 9480 9480
1354 CONNECTION 8 26 -1 -1 4500 4500
1355 CONNECTION 8 58 -1 -1 5400 5400
1356 CONNECTION 8 90 -1 -1 6300 6300
1357 CONNECTION 8 122 300 5100 7200 7200
1358 CONNECTION 8 154 300 6000 8100 8100
1359 CONNECTION 8 186 300 6900 9000 9000
1360 CONNECTION 8 218 300 7800 9900 9900
1361 CONNECTION 88 89 -1 -1 2400 2400
1362 CONNECTION 88 121 -1 -1 3300 3300
1363 CONNECTION 88 169 -1 -1 4500 4500
1364 CONNECTION 88 153 -1 -1 4200 4200
1365 CONNECTION 88 201 -1 -1 5400 5400
1366 CONNECTION 88 185 -1 -1 5100 5100
1367 CONNECTION 88 10 -1 -1 6300 6300
1368 CONNECTION 88 217 300 3900 6000 6000
1369 CONNECTION 88 43 300 5100 7200 7200
1370 CONNECTION 88 27 300 4800 6900 6900
1371 CONNECTION 88 75 300 6000 8100 8100
1372 CONNECTION 88 59 300 5700 7800 7800
1373 CONNECTION 88 107 300 6900 9000 9000
1374 CONNECTION 88 91 300 6600 8700 8700
1375 CONNECTION 88 139 300 7800 9900 9900
1376 SINK 88 1 -1 -1 0 0
1377 CONNECTION 104 105 -1 -1 3420 3420
1378 CONNECTION 104 89 -1 -1 3120 3120
1379 CONNECTION 104 137 -1 -1 4320 4320
1380 CONNECTION 104 121 -1 -1 4020 4020
1381 CONNECTION 104 169 -1 -1 5220 5220
1382 CONNECTION 104 153 -1 -1 4920 4920
1383 CONNECTION 104 201 -1 -1 6120 6120
1384 CONNECTION 104 185 300 3720 5820 5820
1385 CONNECTION 104 10 300 4920 7020 7020
1386 CONNECTION 104 217 300 4620 6720 6720
1387 CONNECTION 104 43 300 5820 7920 7920
1388 CONNECTION 104 27 300 5520 7620 7620
1389 CONNECTION 104 75 300 6720 8820 8820
1390 CONNECTION 104 59 300 6420 8520 8520
1391 CONNECTION 104 107 300 7620 9720 9720
1392 CONNECTION 104 91 300 7320 9420 9420
1393 SINK 104 1 -1 -1 0 0
1394 CONNECTION 215 9 -1 -1 3180 3180
1395 CONNECTION 215 42 -1 -1 4080 4080
1396 CONNECTION 215 74 -1 -1 4980 4980
1397 CONNECTION 215 106 300 3780 5880 5880
1398 CONNECTION 215 138 300 4680 6780 6780
1399 CONNECTION 215 170 300 5580 7680 7680
1400 CONNECTION 215 202 300 6480 8580 8580
1401 CONNECTION 215 11 300 7380 9480 9480
1402 CONNECTION 41 58 -1 -1 4500 4500
1403 CONNECTION 41 90 -1 -1 5400 5400
1404 CONNECTION 41 122 -1 -1 6300 6300
1405 CONNECTION 41 154 300 5100 7200 7200
1406 CONNECTION 41 186 300 6000 8100 8100
1407 CONNECTION 41 218 300 6900 9000 9000
1408 CONNECTION 41 28 300 7800 9900 9900
1409 CONNECTION 120 121 -1 -1 2400 2400
1410 CONNECTION 120 153 -1 -1 3300 3300
1411 CONNECTION 120 201 -1 -1 4500 4500
1412 CONNECTION 120 185 -1 -1 4200 4200
1413 CONNECTION 120 10 -1 -1 5400 5400
1414 CONNECTION 120 217 -1 -1 5100 5100
1415 CONNECTION 120 43 -1 -1 6300 6300
1416 CONNECTION 120 27 300 3900 6000 6000
1417 CONNECTION 120 75 300 5100 7200 7200
1418 CONNECTION 120 59 300 4800 6900 6900
1419 CONNECTION 120 107 300 6000 8100 8100
1420 CONNECTION 120 91 300 5700 7800 7800
1421 CONNECTION 120 139 300 6900 9000 9000
1422 CONNECTION 120 123 300 6600 8700 8700
1423 CONNECTION 120 171 300 7800 9900 9900
1424 SINK 120 1 -1 -1 0 0
1425 CONNECTION 136 137 -1 -1 3420 3420
1426 CONNECTION 136 121 -1 -1 3120 3120
1427 CONNECTION 136 169 -1 -1 4320 4320
1428 CONNECTION 136 153 -1 -1 4020 4020
1429 CONNECTION 136 201 -1 -1 5220 5220
1430 CONNECTION 136 185 -1 -1 4920 4920
1431 CONNECTION 136 10 -1 -1 6120 6120
1432 CONNECTION 136 217 300 3720 5820 5820
1433 CONNECTION 136 43 300 4920 7020 7020
1434 CONNECTION 136 27 300 4620 6720 6720
1435 CONNECTION 136 75 300 5820 7920 7920
1436 CONNECTION 136 59 300 5520 7620 7620
1437 CONNECTION 136 107 300 6720 8820 8820
1438 CONNECTION 136 91 300 6420 8520 8520
1439 CONNECTION 136 139 300 7620 9720 9720
1440 CONNECTION 136 123 300 7320 9420 9420
1441 SINK 136 1 -1 -1 0 0
1442 CONNECTION 25 42 -1 -1 3180 3180
1443 CONNECTION 25 74 -1 -1 4080 4080
1444 CONNECTION 25 106 -1 -1 4980 4980
1445 CONNECTION 25 138 300 3780 5880 5880
1446 CONNECTION 25 170 300 4680 6780 6780
1447 CONNECTION 25 202 300 5580 7680 7680
1448 CONNECTION 25 11 300 6480 8580 8580
1449 CONNECTION 25 44 300 7380 9480 9480
1450 CONNECTION 73 90 -1 -1 4500 4500
1451 CONNECTION 73 122 -1 -1 5400 5400
1452 CONNECTION 73 154 -1 -1 6300 6300
1453 CONNECTION 73 186 300 5100 7200 7200
1454 CONNECTION 73 218 300 6000 8100 8100
1455 CONNECTION 73 28 300 6900 9000 9000
1456 CONNECTION 73 60 300 7800 9900 9900
1457 CONNECTION 152 153 -1 -1 2400 2400
1458 CONNECTION 152 185 -1 -1 3300 3300
1459 CONNECTION 152 10 -1 -1 4500 4500
1460 CONNECTION 152 217 -1 -1 4200 4200
1461 CONNECTION 152 43 -1 -1 5400 5400
1462 CONNECTION 152 27 -1 -1 5100 5100
1463 CONNECTION 152 75 -1 -1 6300 6300
1464 CONNECTION 152 59 300 3900 6000 6000
1465 CONNECTION 152 107 300 5100 7200 7200
1466 CONNECTION 152 91 300 4800 6900 6900
1467 CONNECTION 152 139 300 6000 8100 8100
1468 CONNECTION 152 123 300 5700 7800 7800
1469 CONNECTION 152 171 300 6900 9000 9000
1470 CONNECTION 152 155 300 6600 8700 8700
1471 CONNECTION 152 203 300 7800 9900 9900
1472 SINK 152 1 -1 -1 0 0
1473 CONNECTION 168 169 -1 -1 3420 3420
1474 CONNECTION 168 153 -1 -1 3120 3120
1475 CONNECTION 168 201 -1 -1 4320 4320
1476 CONNECTION 168 185 -1 -1 4020 4020
1477 CONNECTION 168 10 -1 -1 5220 5220
1478 CONNECTION 168 217 -1 -1 4920 4920
1479 CONNECTION 168 43 -1 -1 6120 6120
1480 CONNECTION 168 27 300 3720 5820 5820
1481 CONNECTION 168 75 300 4920 7020 7020
1482 CONNECTION 168 59 300 4620 6720 6720
1483 CONNECTION 168 107 300 5820 7920 7920
1484 CONNECTION 168 91 300 5520 7620 7620
1485 CONNECTION 168 139 300 6720 8820 8820
1486 CONNECTION 168 123 300 6420 8520 8520
1487 CONNECTION 168 171 300 7620 9720 9720
1488 CONNECTION 168 155 300 7320 9420 9420
1489 SINK 168 1 -1 -1 0 0
1490 CONNECTION 57 74 -1 -1 3180 3180
1491 CONNECTION 57 106 -1 -1 4080 4080
1492 CONNECTION 57 138 -1 -1 4980 4980
1493 CONNECTION 57 170 300 3780 5880 5880
1494 CONNECTION 57 202 300 4680 6780 6780
1495 CONNECTION 57 11 300 5580 7680 7680
1496 CONNECTION 57 44 300 6480 8580 8580
1497 CONNECTION 57 76 300 7380 9480 9480
1498 CONNECTION 105 122 -1 -1 4500 4500
1499 CONNECTION 105 154 -1 -1 5400 5400
1500 CONNECTION 105 186 -1 -1 6300 6300
1501 CONNECTION 105 218 300 5100 7200 7200
1502 CONNECTION 105 28 300 6000 8100 8100
1503 CONNECTION 105 60 300 6900 9000 9000
1504 CONNECTION 105 92 300 7800 9900 9900
1505 CONNECTION 184 185 -1 -1 2400 2400
1506 CONNECTION 184 217 -1 -1 3300 3300
1507 CONNECTION 184 43 -1 -1 4500 4500
1508 CONNECTION 184 27 -1 -1 4200 4200
1509 CONNECTION 184 75 -1 -1 5400 5400
1510 CONNECTION 184 59 -1 -1 5100 5100
1511 CONNECTION 184 107 -1 -1 6300 6300
1512 CONNECTION 184 91 300 3900 6000 6000
1513 CONNECTION 184 139 300 5100 7200 7200
1514 CONNECTION 184 123 300 4800 6900 6900
1515 CONNECTION 184 171 300 6000 8100 8100
1516 CONNECTION 184 155 300 5700 7800 7800
1517 CONNECTION 184 203 300 6900 9000 9000
1518 CONNECTION 184 187 300 6600 8700 8700
1519 CONNECTION 184 12 300 7800 9900 9900
1520 SINK 184 1 -1 -1 0 0
1521 CONNECTION 200 201 -1 -1 3420 3420
1522 CONNECTION 200 185 -1 -1 3120 3120
1523 CONNECTION 200 10 -1 -1 4320 4320
1524 CONNECTION 200 217 -1 -1 4020 4020
1525 CONNECTION 200 43 -1 -1 5220 5220
1526 CONNECTION 200 27 -1 -1 4920 4920
1527 CONNECTION 200 75 -1 -1 6120 6120
1528 CONNECTION 200 59 300 3720 5820 5820
1529 CONNECTION 200 107 300 4920 7020 7020
1530 CONNECTION 200 91 300 4620 6720 6720
1531 CONNECTION 200 139 300 5820 7920 7920
1532 CONNECTION 200 123 300 5520 7620 7620
1533 CONNECTION 200 171 300 6720 8820 8820
1534 CONNECTION 200 155 300 6420 8520 8520
1535 CONNECTION 200 203 300 7620 9720 9720
1536 CONNECTION 200 187 300 7320 9420 9420
1537 SINK 200 1 -1 -1 0 0
1538 CONNECTION 89 106 -1 -1 3180 3180
1539 CONNECTION 89 138 -1 -1 4080 4080
1540 CONNECTION 89 170 -1 -1 4980 4980
1541 CONNECTION 89 202 300 3780 5880 5880
1542 CONNECTION 89 11 300 4680 6780 6780
1543 CONNECTION 89 44 300 5580 7680 7680
1544 CONNECTION 89 76 300 6480 8580 8580
1545 CONNECTION 89 108 300 7380 9480 9480
1546 CONNECTION 137 154 -1 -1 4500 4500
1547 CONNECTION 137 186 -1 -1 5400 5400
1548 CONNECTION 137 218 -1 -1 6300 6300
1549 CONNECTION 137 28 300 5100 7200 7200
1550 CONNECTION 137 60 300 6000 8100 8100
1551 CONNECTION 137 92 300 6900 9000 9000
1552 CONNECTION 137 124 300 7800 9900 9900
1553 CONNECTION 216 217 -1 -1 2400 2400
1554 CONNECTION 216 27 -1 -1 3300 3300
1555 CONNECTION 216 75 -1 -1 4500 4500
1556 CONNECTION 216 59 -1 -1 4200 4200
1557 CONNECTION 216 107 -1 -1 5400 5400
1558 CONNECTION 216 91 -1 -1 5100 5100
1559 CONNECTION 216 139 -1 -1 6300 6300
1560 CONNECTION 216 123 300 3900 6000 6000
1561 CONNECTION 216 171 300 5100 7200 7200
1562 CONNECTION 216 155 300 4800 6900 6900
1563 CONNECTION 216 203 300 6000 8100 8100
1564 CONNECTION 216 187 300 5700 7800 7800
1565 CONNECTION 216 12 300 6900 9000 9000
1566 CONNECTION 216 219 300 6600 8700 8700
1567 CONNECTION 216 45 300 7800 9900 9900
1568 SINK 216 1 -1 -1 0 0
1569 CONNECTION 9 10 -1 -1 3420 3420
1570 CONNECTION 9 217 -1 -1 3120 3120
1571 CONNECTION 9 43 -1 -1 4320 4320
1572 CONNECTION 9 27 -1 -1 4020 4020
1573 CONNECTION 9 75 -1 -1 5220 5220
1574 CONNECTION 9 59 -1 -1 4920 4920
1575 CONNECTION 9 107 -1 -1 6120 6120
1576 CONNECTION 9 91 300 3720 5820 5820
1577 CONNECTION 9 139 300 4920 7020 7020
1578 CONNECTION 9 123 300 4620 6720 6720
1579 CONNECTION 9 171 300 5820 7920 7920
1580 CONNECTION 9 155 300 5520 7620 7620
1581 CONNECTION 9 203 300 6720 8820 8820
1582 CONNECTION 9 187 300 6420 8520 8520
1583 CONNECTION 9 12 300 7620 9720 9720
1584 CONNECTION 9 219 300 7320 9420 9420
1585 SINK 9 1 -1 -1 0 0
1586 CONNECTION 121 138 -1 -1 3180 3180
1587 CONNECTION 121 170 -1 -1 4080 4080
1588 CONNECTION 121 202 -1 -1 4980 4980
1589 CONNECTION 121 11 300 3780 5880 5880
1590 CONNECTION 121 44 300 4680 6780 6780
1591 CONNECTION 121 76 300 5580 7680 7680
1592 CONNECTION 121 108 300 6480 8580 8580
1593 CONNECTION 121 140 300 7380 9480 9480
1594 CONNECTION 26 27 -1 -1 2400 2400
1595 CONNECTION 26 59 -1 -1 3300 3300
1596 CONNECTION 26 107 -1 -1 4500 4500
1597 CONNECTION 26 91 -1 -1 4200 4200
1598 CONNECTION 26 139 -1 -1 5400 5400
1599 CONNECTION 26 123 -1 -1 5100 5100
1600 CONNECTION 26 171 -1 -1 6300 6300
1601 CONNECTION 26 155 300 3900 6000 6000
1602 CONNECTION 26 203 300 5100 7200 7200
1603 CONNECTION 26 187 300 4800 6900 6900
1604 CONNECTION 26 12 300 6000 8100 8100
1605 CONNECTION 26 219 300 5700 7800 7800
1606 CONNECTION 26 45 300 6900 9000 9000
1607 CONNECTION 26 29 300 6600 8700 8700
1608 CONNECTION 26 77 300 7800 9900 9900
1609 SINK 26 1 -1 -1 0 0
1610 CONNECTION 169 186 -1 -1 4500 4500
1611 CONNECTION 169 218 -1 -1 5400 5400
1612 CONNECTION 169 28 -1 -1 6300 6300
1613 CONNECTION 169 60 300 5100 7200 7200
1614 CONNECTION 169 92 300 6000 8100 8100
1615 CONNECTION 169 124 300 6900 9000 9000
1616 CONNECTION 169 156 300 7800 9900 9900
1617 CONNECTION 42 43 -1 -1 3420 3420
1618 CONNECTION 42 27 -1 -1 3120 3120
1619 CONNECTION 42 75 -1 -1 4320 4320
1620 CONNECTION 42 59 -1 -1 4020 4020
1621 CONNECTION 42 107 -1 -1 5220 5220
1622 CONNECTION 42 91 -1 -1 4920 4920
1623 CONNECTION 42 139 -1 -1 6120 6120
1624 CONNECTION 42 123 300 3720 5820 5820
1625 CONNECTION 42 171 300 4920 7020 7020
1626 CONNECTION 42 155 300 4620 6720 6720
1627 CONNECTION 42 203 300 5820 7920 7920
1628 CONNECTION 42 187 300 5520 7620 7620
1629 CONNECTION 42 12 300 6720 8820 8820
1630 CONNECTION 42 219 300 6420 8520 8520
1631 CONNECTION 42 45 300 7620 9720 9720
1632 CONNECTION 42 29 300 7320 9420 9420
1633 SINK 42 1 -1 -1 0 0
1634 CONNECTION 153 170 -1 -1 3180 3180
1635 CONNECTION 153 202 -1 -1 4080 4080
1636 CONNECTION 153 11 -1 -1 4980 4980
1637 CONNECTION 153 44 300 3780 5880 5880
1638 CONNECTION 153 76 300 4680 6780 6780
1639 CONNECTION 153 108 300 5580 7680 7680
1640 CONNECTION 153 140 300 6480 8580 8580
1641 CONNECTION 153 172 300 7380 9480 9480
1642 CONNECTION 58 59 -1 -1 2400 2400
1643 CONNECTION 58 91 -1 -1 3300 3300
1644 CONNECTION 58 139 -1 -1 4500 4500
1645 CONNECTION 58 123 -1 -1 4200 4200
1646 CONNECTION 58 171 -1 -1 5400 5400
1647 CONNECTION 58 155 -1 -1 5100 5100
1648 CONNECTION 58 203 -1 -1 6300 6300
1649 CONNECTION 58 187 300 3900 6000 6000
1650 CONNECTION 58 12 300 5100 7200 7200
1651 CONNECTION 58 219 300 4800 6900 6900
1652 CONNECTION 58 45 300 6000 8100 8100
1653 CONNECTION 58 29 300 5700 7800 7800
1654 CONNECTION 58 77 300 6900 9000 9000
1655 CONNECTION 58 61 300 6600 8700 8700
1656 CONNECTION 58 109 300 7800 9900 9900
1657 SINK 58 1 -1 -1 0 0
1658 CONNECTION 201 218 -1 -1 4500 4500
1659 CONNECTION 201 28 -1 -1 5400 5400
1660 CONNECTION 201 60 -1 -1 6300 6300
1661 CONNECTION 201 92 300 5100 7200 7200
1662 CONNECTION 201 124 300 6000 8100 8100
1663 CONNECTION 201 156 300 6900 9000 9000
1664 CONNECTION 201 188 300 7800 9900 9900
1665 CONNECTION 74 75 -1 -1 3420 3420
1666 CONNECTION 74 59 -1 -1 3120 3120
1667 CONNECTION 74 107 -1 -1 4320 4320
1668 CONNECTION 74 91 -1 -1 4020 4020
1669 CONNECTION 74 139 -1 -1 5220 5220
1670 CONNECTION 74 123 -1 -1 4920 4920
1671 CONNECTION 74 171 -1 -1 6120 6120
1672 CONNECTION 74 155 300 3720 5820 5820
1673 CONNECTION 74 203 300 4920 7020 7020
1674 CONNECTION 74 187 300 4620 6720 6720
1675 CONNECTION 74 12 300 5820 7920 7920
1676 CONNECTION 74 219 300 5520 7620 7620
1677 CONNECTION 74 45 300 6720 8820 8820
1678 CONNECTION 74 29 300 6420 8520 8520
1679 CONNECTION 74 77 300 7620 9720 9720
1680 CONNECTION 74 61 300 7320 9420 9420
1681 SINK 74 1 -1 -1 0 0
1682 CONNECTION 185 202 -1 -1 3180 3180
1683 CONNECTION 185 11 -1 -1 4080 4080
1684 CONNECTION 185 44 -1 -1 4980 4980
1685 CONNECTION 185 76 300 3780 5880 5880
1686 CONNECTION 185 108 300 4680 6780 6780
1687 CONNECTION 185 140 300 5580 7680 7680
1688 CONNECTION 185 172 300 6480 8580 8580
1689 CONNECTION 185 204 300 7380 9480 9480
1690 CONNECTION 10 28 -1 -1 4500 4500
1691 CONNECTION 10 60 -1 -1 5400 5400
1692 CONNECTION 10 92 -1 -1 6300 6300
1693 CONNECTION 10 124 300 5100 7200 7200
1694 CONNECTION 10 156 300 6000 8100 8100
1695 CONNECTION 10 188 300 6900 9000 9000
1696 CONNECTION 10 220 300 7800 9900 9900
1697 CONNECTION 90 91 -1 -1 2400 2400
1698 CONNECTION 90 123 -1 -1 3300 3300
1699 CONNECTION 90 171 -1 -1 4500 4500
1700 CONNECTION 90 155 -1 -1 4200 4200
1701 CONNECTION 90 203 -1 -1 5400 5400
1702 CONNECTION 90 187 -1 -1 5100 5100
1703 CONNECTION 90 12 -1 -1 6300 6300
1704 CONNECTION 90 219 300 3900 6000 6000
1705 CONNECTION 90 45 300 5100 7200 7200
1706 CONNECTION 90 29 300 4800 6900 6900
1707 CONNECTION 90 77 300 6000 8100 8100
1708 CONNECTION 90 61 300 5700 7800 7800
1709 CONNECTION 90 109 300 6900 9000 9000
1710 CONNECTION 90 93 300 6600 8700 8700
1711 CONNECTION 90 141 300 7800 9900 9900
1712 SINK 90 1 -1 -1 0 0
1713 CONNECTION 106 107 -1 -1 3420 3420
1714 CONNECTION 106 91 -1 -1 3120 3120
1715 CONNECTION 106 139 -1 -1 4320 4320
1716 CONNECTION 106 123 -1 -1 4020 4020
1717 CONNECTION 106 171 -1 -1 5220 5220
1718 CONNECTION 106 155 -1 -1 4920 4920
1719 CONNECTION 106 203 -1 -1 6120 6120
1720 CONNECTION 106 187 300 3720 5820 5820
1721 CONNECTION 106 12 300 4920 7020 7020
1722 CONNECTION 106 219 300 4620 6720 6720
1723 CONNECTION 106 45 300 5820 7920 7920
1724 CONNECTION 106 29 300 5520 7620 7620
1725 CONNECTION 106 77 300 6720 8820 8820
1726 CONNECTION 106 61 300 6420 8520 8520
1727 CONNECTION 106 109 300 7620 9720 9720
1728 CONNECTION 106 93 300 7320 9420 9420
1729 SINK 106 1 -1 -1 0 0
1730 CONNECTION 217 11 -1 -1 3180 3180
1731 CONNECTION 217 44 -1 -1 4080 4080
1732 CONNECTION 217 76 -1 -1 4980 4980
1733 CONNECTION 217 108 300 3780 5880 5880
1734 CONNECTION 217 140 300 4680 6780 6780
1735 CONNECTION 217 172 300 5580 7680 7680
1736 CONNECTION 217 204 300 6480 8580 8580
1737 CONNECTION 217 13 300 7380 9480 9480
1738 CONNECTION 43 60 -1 -1 4500 4500
1739 CONNECTION 43 92 -1 -1 5400 5400
1740 CONNECTION 43 124 -1 -1 6300 6300
1741 CONNECTION 43 156 300 5100 7200 7200
1742 CONNECTION 43 188 300 6000 8100 8100
1743 CONNECTION 43 220 300 6900 9000 9000
1744 CONNECTION 43 30 300 7800 9900 9900
1745 CONNECTION 122 123 -1 -1 2400 2400
1746 CONNECTION 122 155 -1 -1 3300 3300
1747 CONNECTION 122 203 -1 -1 4500 4500
1748 CONNECTION 122 187 -1 -1 4200 4200
1749 CONNECTION 122 12 -1 -1 5400 5400
1750 CONNECTION 122 219 -1 -1 5100 5100
1751 CONNECTION 122 45 -1 -1 6300 6300
1752 CONNECTION 122 29 300 3900 6000 6000
1753 CONNECTION 122 77 300 5100 7200 7200
1754 CONNECTION 122 61 300 4800 6900 6900
1755 CONNECTION 122 109 300 6000 8100 8100
1756 CONNECTION 122 93 300 5700 7800 7800
1757 CONNECTION 122 141 300 6900 9000 9000
1758 CONNECTION 122 125 300 6600 8700 8700
1759 CONNECTION 122 173 300 7800 9900 9900
1760 SINK 122 1 -1 -1 0 0
1761 CONNECTION 138 139 -1 -1 3420 3420
1762 CONNECTION 138 123 -1 -1 3120 3120
1763 CONNECTION 138 171 -1 -1 4320 4320
1764 CONNECTION 138 155 -1 -1 4020 4020
1765 CONNECTION 138 203 -1 -1 5220 5220
1766 CONNECTION 138 187 -1 -1 4920 4920
1767 CONNECTION 138 12 -1 -1 6120 6120
1768 CONNECTION 138 219 300 3720 5820 5820
1769 CONNECTION 138 45 300 4920 7020 7020
1770 CONNECTION 138 29 300 4620 6720 6720
1771 CONNECTION 138 77 300 5820 7920 7920
1772 CONNECTION 138 61 300 5520 7620 7620
1773 CONNECTION 138 109 300 6720 8820 8820
1774 CONNECTION 138 93 300 6420 8520 8520
1775 CONNECTION 138 141 300 7620 9720 9720
1776 CONNECTION 138 125 300 7320 9420 9420
1777 SINK 138 1 -1 -1 0 0
1778 CONNECTION 27 44 -1 -1 3180 3180
1779 CONNECTION 27 76 -1 -1 4080 4080
1780 CONNECTION 27 108 -1 -1 4980 4980
1781 CONNECTION 27 140 300 3780 5880 5880
1782 CONNECTION 27 172 300 4680 6780 6780
1783 CONNECTION 27 204 300 5580 7680 7680
1784 CONNECTION 27 13 300 6480 8580 8580
1785 CONNECTION 27 46 300 7380 9480 9480
1786 CONNECTION 75 92 -1 -1 4500 4500
1787 CONNECTION 75 124 -1 -1 5400 5400
1788 CONNECTION 75 156 -1 -1 6300 6300
1789 CONNECTION 75 188 300 5100 7200 7200
1790 CONNECTION 75 220 300 6000 8100 8100
1791 CONNECTION 75 30 300 6900 9000 9000
1792 CONNECTION 75 62 300 7800 9900 9900
1793 CONNECTION 154 155 -1 -1 2400 2400
1794 CONNECTION 154 187 -1 -1 3300 3300
1795 CONNECTION 154 12 -1 -1 4500 4500
1796 CONNECTION 154 219 -1 -1 4200 4200
1797 CONNECTION 154 45 -1 -1 5400 5400
1798 CONNECTION 154 29 -1 -1 5100 5100
1799 CONNECTION 154 77 -1 -1 6300 6300
1800 CONNECTION 154 61 300 3900 6000 6000
1801 CONNECTION 154 109 300 5100 7200 7200
1802 CONNECTION 154 93 300 4800 6900 6900
1803 CONNECTION 154 141 300 6000 8100 8100
1804 CONNECTION 154 125 300 5700 7800 7800
1805 CONNECTION 154 173 300 6900 9000 9000
1806 CONNECTION 154 157 300 6600 8700 8700
1807 CONNECTION 154 205 300 7800 9900 9900
1808 SINK 154 1 -1 -1 0 0
1809 CONNECTION 170 171 -1 -1 3420 3420
1810 CONNECTION 170 155 -1 -1 3120 3120
1811 CONNECTION 170 203 -1 -1 4320 4320
1812 CONNECTION 170 187 -1 -1 4020 4020
1813 CONNECTION 170 12 -1 -1 5220 5220
1814 CONNECTION 170 219 -1 -1 4920 4920
1815 CONNECTION 170 45 -1 -1 6120 6120
1816 CONNECTION 170 29 300 3720 5820 5820
1817 CONNECTION 170 77 300 4920 7020 7020
1818 CONNECTION 170 61 300 4620 6720 6720
1819 CONNECTION 170 109 300 5820 7920 7920
1820 CONNECTION 170 93 300 5520 7620 7620
1821 CONNECTION 170 141 300 6720 8820 8820
1822 CONNECTION 170 125 300 6420 8520 8520
1823 CONNECTION 170 173 300 7620 9720 9720
1824 CONNECTION 170 157 300 7320 9420 9420
1825 SINK 170 1 -1 -1 0 0
1826 CONNECTION 59 76 -1 -1 3180 3180
1827 CONNECTION 59 108 -1 -1 4080 4080
1828 CONNECTION 59 140 -1 -1 4980 4980
1829 CONNECTION 59 172 300 3780 5880 5880
1830 CONNECTION 59 204 300 4680 6780 6780
1831 CONNECTION 59 13 300 5580 7680 7680
1832 CONNECTION 59 46 300 6480 8580 8580
1833 CONNECTION 59 78 300 7380 9480 9480
1834 CONNECTION 107 124 -1 -1 4500 4500
1835 CONNECTION 107 156 -1 -1 5400 5400
1836 CONNECTION 107 188 -1 -1 6300 6300
1837 CONNECTION 107 220 300 5100 7200 7200
1838 CONNECTION 107 30 300 6000 8100 8100
1839 CONNECTION 107 62 300 6900 9000 9000
1840 CONNECTION 107 94 300 7800 9900 9900
1841 CONNECTION 186 187 -1 -1 2400 2400
1842 CONNECTION 186 219 -1 -1 3300 3300
1843 CONNECTION 186 45 -1 -1 4500 4500
1844 CONNECTION 186 29 -1 -1 4200 4200
1845 CONNECTION 186 77 -1 -1 5400 5400
1846 CONNECTION 186 61 -1 -1 5100 5100
1847 CONNECTION 186 109 -1 -1 6300 6300
1848 CONNECTION 186 93 300 3900 6000 6000
1849 CONNECTION 186 141 300 5100 7200 7200
1850 CONNECTION 186 125 300 4800 6900 6900
1851 CONNECTION 186 173 300 6000 8100 8100
1852 CONNECTION 186 157 300 5700 7800 7800
1853 CONNECTION 186 205 300 6900 9000 9000
1854 CONNECTION 186 189 300 6600 8700 8700
1855 CONNECTION 186 14 300 7800 9900 9900
1856 SINK 186 1 -1 -1 0 0
1857 CONNECTION 202 203 -1 -1 3420 3420
1858 CONNECTION 202 187 -1 -1 3120 3120
1859 CONNECTION 202 12 -1 -1 4320 4320
1860 CONNECTION 202 219 -1 -1 4020 4020
1861 CONNECTION 202 45 -1 -1 5220 5220
1862 CONNECTION 202 29 -1 -1 4920 4920
1863 CONNECTION 202 77 -1 -1 6120 6120
1864 CONNECTION 202 61 300 3720 5820 5820
1865 CONNECTION 202 109 300 4920 7020 7020
1866 CONNECTION 202 93 300 4620 6720 6720
1867 CONNECTION 202 141 300 5820 7920 7920
1868 CONNECTION 202 125 300 5520 7620 7620
1869 CONNECTION 202 173 300 6720 8820 8820
1870 CONNECTION 202 157 300 6420 8520 8520
1871 CONNECTION 202 205 300 7620 9720 9720
1872 CONNECTION 202 189 300 7320 9420 9420
1873 SINK 202 1 -1 -1 0 0
1874 CONNECTION 91 108 -1 -1 3180 3180
1875 CONNECTION 91 140 -1 -1 4080 4080
1876 CONNECTION 91 172 -1 -1 4980 4980
1877 CONNECTION 91 204 300 3780 5880 5880
1878 CONNECTION 91 13 300 4680 6780 6780
1879 CONNECTION 91 46 300 5580 7680 7680
1880 CONNECTION 91 78 300 6480 8580 8580
1881 CONNECTION 91 110 300 7380 9480 9480
1882 CONNECTION 139 156 -1 -1 4500 4500
1883 CONNECTION 139 188 -1 -1 5400 5400
1884 CONNECTION 139 220 -1 -1 6300 6300
1885 CONNECTION 139 30 300 5100 7200 7200
1886 CONNECTION 139 62 300 6000 8100 8100
1887 CONNECTION 139 94 300 6900 9000 9000
1888 CONNECTION 139 126 300 7800 9900 9900
1889 CONNECTION 218 219 -1 -1 2400 2400
1890 CONNECTION 218 29 -1 -1 3300 3300
1891 CONNECTION 218 77 -1 -1 4500 4500
1892 CONNECTION 218 61 -1 -1 4200 4200
1893 CONNECTION 218 109 -1 -1 5400 5400
1894 CONNECTION 218 93 -1 -1 5100 5100
1895 CONNECTION 218 141 -1 -1 6300 6300
1896 CONNECTION 218 125 300 3900 6000 6000
1897 CONNECTION 218 173 300 5100 7200 7200
1898 CONNECTION 218 157 300 4800 6900 6900
1899 CONNECTION 218 205 300 6000 8100 8100
1900 CONNECTION 218 189 300 5700 7800 7800
1901 CONNECTION 218 14 300 6900 9000 9000
1902 CONNECTION 218 221 300 6600 8700 8700
1903 CONNECTION 218 47 300 7800 9900 9900
1904 SINK 218 1 -1 -1 0 0
1905 CONNECTION 11 12 -1 -1 3420 3420
1906 CONNECTION 11 219 -1 -1 3120 3120
1907 CONNECTION 11 45 -1 -1 4320 4320
1908 CONNECTION 11 29 -1 -1 4020 4020
1909 CONNECTION 11 77 -1 -1 5220 5220
1910 CONNECTION 11 61 -1 -1 4920 4920
1911 CONNECTION 11 109 -1 -1 6120 6120
1912 CONNECTION 11 93 300 3720 5820 5820
1913 CONNECTION 11 141 300 4920 7020 7020
1914 CONNECTION 11 125 300 4620 6720 6720
1915 CONNECTION 11 173 300 5820 7920 7920
1916 CONNECTION 11 157 300 5520 7620 7620
1917 CONNECTION 11 205 300 6720 8820 8820
1918 CONNECTION 11 189 300 6420 8520 8520
1919 CONNECTION 11 14 300 7620 9720 9720
1920 CONNECTION 11 221 300 7320 9420 9420
1921 SINK 11 1 -1 -1 0 0
1922 CONNECTION 123 140 -1 -1 3180 3180
1923 CONNECTION 123 172 -1 -1 4080 4080
1924 CONNECTION 123 204 -1 -1 4980 4980
1925 CONNECTION 123 13 300 3780 5880 5880
1926 CONNECTION 123 46 300 4680 6780 6780
1927 CONNECTION 123 78 300 5580 7680 7680
1928 CONNECTION 123 110 300 6480 8580 8580
1929 CONNECTION 123 142 300 7380 9480 9480
1930 CONNECTION 28 29 -1 -1 2400 2400
1931 CONNECTION 28 61 -1 -1 3300 3300
1932 CONNECTION 28 109 -1 -1 4500 4500
1933 CONNECTION 28 93 -1 -1 4200 4200
1934 CONNECTION 28 141 -1 -1 5400 5400
1935 CONNECTION 28 125 -1 -1 5100 5100
1936 CONNECTION 28 173 -1 -1 6300 6300
1937 CONNECTION 28 157 300 3900 6000 6000
1938 CONNECTION 28 205 300 5100 7200 7200
1939 CONNECTION 28 189 300 4800 6900 6900
1940 CONNECTION 28 14 300 6000 8100 8100
1941 CONNECTION 28 221 300 5700 7800 7800
1942 CONNECTION 28 47 300 6900 9000 9000
1943 CONNECTION 28 31 300 6600 8700 8700
1944 CONNECTION 28 79 300 7800 9900 9900
1945 SINK 28 1 -1 -1 0 0
1946 CONNECTION 171 188 -1 -1 4500 4500
1947 CONNECTION 171 220 -1 -1 5400 5400
1948 CONNECTION 171 30 -1 -1 6300 6300
1949 CONNECTION 171 62 300 5100 7200 7200
1950 CONNECTION 171 94 300 6000 8100 8100
1951 CONNECTION 171 126 300 6900 9000 9000
1952 CONNECTION 171 158 300 7800 9900 9900
1953 CONNECTION 44 45 -1 -1 3420 3420
1954 CONNECTION 44 29 -1 -1 3120 3120
1955 CONNECTION 44 77 -1 -1 4320 4320
1956 CONNECTION 44 61 -1 -1 4020 4020
1957 CONNECTION 44 109 -1 -1 5220 5220
1958 CONNECTION 44 93 -1 -1 4920 4920
1959 CONNECTION 44 141 -1 -1 6120 6120
1960 CONNECTION 44 125 300 3720 5820 5820
1961 CONNECTION 44 173 300 4920 7020 7020
1962 CONNECTION 44 157 300 4620 6720 6720
1963 CONNECTION 44 205 300 5820 7920 7920
1964 CONNECTION 44 189 300 5520 7620 7620
1965 CONNECTION 44 14 300 6720 8820 8820
1966 CONNECTION 44 221 300 6420 8520 8520
1967 CONNECTION 44 47 300 7620 9720 9720
1968 CONNECTION 44 31 300 7320 9420 9420
1969 SINK 44 1 -1 -1 0 0
1970 CONNECTION 155 172 -1 -1 3180 3180
1971 CONNECTION 155 204 -1 -1 4080 4080
1972 CONNECTION 155 13 -1 -1 4980 4980
1973 CONNECTION 155 46 300 3780 5880 5880
1974 CONNECTION 155 78 300 4680 6780 6780
1975 CONNECTION 155 110 300 5580 7680 7680
1976 CONNECTION 155 142 300 6480 8580 8580
1977 CONNECTION 155 174 300 7380 9480 9480
1978 CONNECTION 60 61 -1 -1 2400 2400
1979 CONNECTION 60 93 -1 -1 3300 3300
1980 CONNECTION 60 141 -1 -1 4500 4500
1981 CONNECTION 60 125 -1 -1 4200 4200
1982 CONNECTION 60 173 -1 -1 5400 5400
1983 CONNECTION 60 157 -1 -1 5100 5100
1984 CONNECTION 60 205 -1 -1 6300 6300
1985 CONNECTION 60 189 300 3900 6000 6000
1986 CONNECTION 60 14 300 5100 7200 7200
1987 CONNECTION 60 221 300 4800 6900 6900
1988 CONNECTION 60 47 300 6000 8100 8100
1989 CONNECTION 60 31 300 5700 7800 7800
1990 CONNECTION 60 79 300 6900 9000 9000
1991 CONNECTION 60 63 300 6600 8700 8700
1992 CONNECTION 60 111 300 7800 9900 9900
1993 SINK 60 1 -1 -1 0 0
1994 CONNECTION 203 220 -1 -1 4500 4500
1995 CONNECTION 203 30 -1 -1 5400 5400
1996 CONNECTION 203 62 -1 -1 6300 6300
1997 CONNECTION 203 94 300 5100 7200 7200
1998 CONNECTION 203 126 300 6000 8100 8100
1999 CONNECTION 203 158 300 6900 9000 9000
2000 CONNECTION 203 190 300 7800 9900 9900
2001 CONNECTION 76 77 -1 -1 3420 3420
2002 CONNECTION 76 61 -1 -1 3120 3120
2003 CONNECTION 76 109 -1 -1 4320 4320
2004 CONNECTION 76 93 -1 -1 4020 4020
2005 CONNECTION 76 141 -1 -1 5220 5220
2006 CONNECTION 76 125 -1 -1 4920 4920
2007 CONNECTION 76 173 -1 -1 6120 6120
2008 CONNECTION 76 157 300 3720 5820 5820
2009 CONNECTION 76 205 300 4920 7020 7020
2010 CONNECTION 76 189 300 4620 6720 6720
2011 CONNECTION 76 14 300 5820 7920 7920
2012 CONNECTION 76 221 300 5520 7620 7620
2013 CONNECTION 76 47 300 6720 8820 8820
2014 CONNECTION 76 31 300 6420 8520 8520
2015 CONNECTION 76 79 300 7620 9720 9720
2016 CONNECTION 76 63 300 7320 9420 9420
2017 SINK 76 1 -1 -1 0 0
2018 CONNECTION 187 204 -1 -1 3180 3180
2019 CONNECTION 187 13 -1 -1 4080 4080
2020 CONNECTION 187 46 -1 -1 4980 4980
2021 CONNECTION 187 78 300 3780 5880 5880
2022 CONNECTION 187 110 300 4680 6780 6780
2023 CONNECTION 187 142 300 5580 7680 7680
2024 CONNECTION 187 174 300 6480 8580 8580
2025 CONNECTION 187 206 300 7380 9480 9480
2026 CONNECTION 12 30 -1 -1 4500 4500
2027 CONNECTION 12 62 -1 -1 5400 5400
2028 CONNECTION 12 94 -1 -1 6300 6300
2029 CONNECTION 12 126 300 5100 7200 7200
2030 CONNECTION 12 158 300 6000 8100 8100
2031 CONNECTION 12 190 300 6900 9000 9000
2032 CONNECTION 12 222 300 7800 9900 9900
2033 CONNECTION 92 93 -1 -1 2400 2400
2034 CONNECTION 92 125 -1 -1 3300 3300
2035 CONNECTION 92 173 -1 -1 4500 4500
2036 CONNECTION 92 157 -1 -1 4200 4200
2037 CONNECTION 92 205 -1 -1 5400 5400
2038 CONNECTION 92 189 -1 -1 5100 5100
2039 CONNECTION 92 14 -1 -1 6300 6300
2040 CONNECTION 92 221 300 3900 6000 6000
2041 CONNECTION 92 47 300 5100 7200 7200
2042 CONNECTION 92 31 300 4800 6900 6900
2043 CONNECTION 92 79 300 6000 8100 8100
2044 CONNECTION 92 63 300 5700 7800 7800
2045 CONNECTION 92 111 300 6900 9000 9000
2046 CONNECTION 92 95 300 6600 8700 8700
2047 CONNECTION 92 143 300 7800 9900 9900
2048 SINK 92 1 -1 -1 0 0
2049 CONNECTION 108 109 -1 -1 3420 3420
2050 CONNECTION 108 93 -1 -1 3120 3120
2051 CONNECTION 108 141 -1 -1 4320 4320
2052 CONNECTION 108 125 -1 -1 4020 4020
2053 CONNECTION 108 173 -1 -1 5220 5220
2054 CONNECTION 108 157 -1 -1 4920 4920
2055 CONNECTION 108 205 -1 -1 6120 6120
2056 CONNECTION 108 189 300 3720 5820 5820
2057 CONNECTION 108 14 300 4920 7020 7020
2058 CONNECTION 108 221 300 4620 6720 6720
2059 CONNECTION 108 47 300 5820 7920 7920
2060 CONNECTION 108 31 300 5520 7620 7620
2061 CONNECTION 108 79 300 6720 8820 8820
2062 CONNECTION 108 63 300 6420 8520 8520
2063 CONNECTION 108 111 300 7620 9720 9720
2064 CONNECTION 108 95 300 7320 9420 9420
2065 SINK 108 1 -1 -1 0 0
2066 CONNECTION 219 13 -1 -1 3180 3180
2067 CONNECTION 219 46 -1 -1 4080 4080
2068 CONNECTION 219 78 -1 -1 4980 4980
2069 CONNECTION 219 110 300 3780 5880 5880
2070 CONNECTION 219 142 300 4680 6780 6780
2071 CONNECTION 219 174 300 5580 7680 7680
2072 CONNECTION 219 206 300 6480 8580 8580
2073 CONNECTION 219 15 300 7380 9480 9480
2074 CONNECTION 45 62 -1 -1 4500 4500
2075 CONNECTION 45 94 -1 -1 5400 5400
2076 CONNECTION 45 126 -1 -1 6300 6300
2077 CONNECTION 45 158 300 5100 7200 7200
2078 CONNECTION 45 190 300 6000 8100 8100
2079 CONNECTION 45 222 300 6900 9000 9000
2080 CONNECTION 45 32 300 7800 9900 9900
2081 CONNECTION 124 125 -1 -1 2400 2400
2082 CONNECTION 124 157 -1 -1 3300 3300
2083 CONNECTION 124 205 -1 -1 4500 4500
2084 CONNECTION 124 189 -1 -1 4200 4200
2085 CONNECTION 124 14 -1 -1 5400 5400
2086 CONNECTION 124 221 -1 -1 5100 5100
2087 CONNECTION 124 47 -1 -1 6300 6300
2088 CONNECTION 124 31 300 3900 6000 6000
2089 CONNECTION 124 79 300 5100 7200 7200
2090 CONNECTION 124 63 300 4800 6900 6900
2091 CONNECTION 124 111 300 6000 8100 8100
2092 CONNECTION 124 95 300 5700 7800 7800
2093 CONNECTION 124 143 300 6900 9000 9000
2094 CONNECTION 124 127 300 6600 8700 8700
2095 CONNECTION 124 175 300 7800 9900 9900
2096 SINK 124 1 -1 -1 0 0
2097 CONNECTION 140 141 -1 -1 3420 3420
2098 CONNECTION 140 125 -1 -1 3120 3120
2099 CONNECTION 140 173 -1 -1 4320 4320
2100 CONNECTION 140 157 -1 -1 4020 4020
2101 CONNECTION 140 205 -1 -1 5220 5220
2102 CONNECTION 140 189 -1 -1 4920 4920
2103 CONNECTION 140 14 -1 -1 6120 6120
2104 CONNECTION 140 221 300 3720 5820 5820
2105 CONNECTION 140 47 300 4920 7020 7020
2106 CONNECTION 140 31 300 4620 6720 6720
2107 CONNECTION 140 79 300 5820 7920 7920
2108 CONNECTION 140 63 300 5520 7620 7620
2109 CONNECTION 140 111 300 6720 8820 8820
2110 CONNECTION 140 95 300 6420 8520 8520
2111 CONNECTION 140 143 300 7620 9720 9720
2112 CONNECTION 140 127 300 7320 9420 9420
2113 SINK 140 1 -1 -1 0 0
2114 CONNECTION 29 46 -1 -1 3180 3180
2115 CONNECTION 29 78 -1 -1 4080 4080
2116 CONNECTION 29 110 -1 -1 4980 4980
2117 CONNECTION 29 142 300 3780 5880 5880
2118 CONNECTION 29 174 300 4680 6780 6780
2119 CONNECTION 29 206 300 5580 7680 7680
2120 CONNECTION 29 15 300 6480 8580 8580
2121 CONNECTION 29 48 300 7380 9480 9480
2122 CONNECTION 77 94 -1 -1 4500 4500
2123 CONNECTION 77 126 -1 -1 5400 5400
2124 CONNECTION 77 158 -1 -1 6300 6300
2125 CONNECTION 77 190 300 5100 7200 7200
2126 CONNECTION 77 222 300 6000 8100 8100
2127 CONNECTION 77 32 300 6900 9000 9000
2128 CONNECTION 77 64 300 7800 9900 9900
2129 CONNECTION 156 157 -1 -1 2400 2400
2130 CONNECTION 156 189 -1 -1 3300 3300
2131 CONNECTION 156 14 -1 -1 4500 4500
2132 CONNECTION 156 221 -1 -1 4200 4200
2133 CONNECTION 156 47 -1 -1 5400 5400
2134 CONNECTION 156 31 -1 -1 5100 5100
2135 CONNECTION 156 79 -1 -1 6300 6300
2136 CONNECTION 156 63 300 3900 6000 6000
2137 CONNECTION 156 111 300 5100 7200 7200
2138 CONNECTION 156 95 300 4800 6900 6900
2139 CONNECTION 156 143 300 6000 8100 8100
2140 CONNECTION 156 127 300 5700 7800 7800
2141 CONNECTION 156 175 300 6900 9000 9000
2142 CONNECTION 156 159 300 6600 8700 8700
2143 CONNECTION 156 207 300 7800 9900 9900
2144 SINK 156 1 -1 -1 0 0
2145 CONNECTION 172 173 -1 -1 3420 3420
2146 CONNECTION 172 157 -1 -1 3120 3120
2147 CONNECTION 172 205 -1 -1 4320 4320
2148 CONNECTION 172 189 -1 -1 4020 4020
2149 CONNECTION 172 14 -1 -1 5220 5220
2150 CONNECTION 172 221 -1 -1 4920 4920
2151 CONNECTION 172 47 -1 -1 6120 6120
2152 CONNECTION 172 31 300 3720 5820 5820
2153 CONNECTION 172 79 300 4920 7020 7020
2154 CONNECTION 172 63 300 4620 6720 6720
2155 CONNECTION 172 111 300 5820 7920 7920
2156 CONNECTION 172 95 300 5520 7620 7620
2157 CONNECTION 172 143 300 6720 8820 8820
2158 CONNECTION 172 127 300 6420 8520 8520
2159 CONNECTION 172 175 300 7620 9720 9720
2160 CONNECTION 172 159 300 7320 9420 9420
2161 SINK 172 1 -1 -1 0 0
2162 CONNECTION 61 78 -1 -1 3180 3180
2163 CONNECTION 61 110 -1 -1 4080 4080
2164 CONNECTION 61 142 -1 -1 4980 4980
2165 CONNECTION 61 174 300 3780 5880 5880
2166 CONNECTION 61 206 300 4680 6780 6780
2167 CONNECTION 61 15 300 5580 7680 7680
2168 CONNECTION 61 48 300 6480 8580 8580
2169 CONNECTION 61 80 300 7380 9480 9480
2170 CONNECTION 109 126 -1 -1 4500 4500
2171 CONNECTION 109 158 -1 -1 5400 5400
2172 CONNECTION 109 190 -1 -1 6300 6300
2173 CONNECTION 109 222 300 5100 7200 7200
2174 CONNECTION 109 32 300 6000 8100 8100
2175 CONNECTION 109 64 300 6900 9000 9000
2176 CONNECTION 109 96 300 7800 9900 9900
2177 CONNECTION 188 189 -1 -1 2400 2400
2178 CONNECTION 188 221 -1 -1 3300 3300
2179 CONNECTION 188 47 -1 -1 4500 4500
2180 CONNECTION 188 31 -1 -1 4200 4200
2181 CONNECTION 188 79 -1 -1 5400 5400
2182 CONNECTION 188 63 -1 -1 5100 5100
2183 CONNECTION 188 111 -1 -1 6300 6300
2184 CONNECTION 188 95 300 3900 6000 6000
2185 CONNECTION 188 143 300 5100 7200 7200
2186 CONNECTION 188 127 300 4800 6900 6900
2187 CONNECTION 188 175 300 6000 8100 8100
2188 CONNECTION 188 159 300 5700 7800 7800
2189 CONNECTION 188 207 300 6900 9000 9000
2190 CONNECTION 188 191 300 6600 8700 8700
2191 SINK 188 1 -1 -1 0 0
2192 CONNECTION 204 205 -1 -1 3420 3420
2193 CONNECTION 204 189 -1 -1 3120 3120
2194 CONNECTION 204 14 -1 -1 4320 4320
2195 CONNECTION 204 221 -1 -1 4020 4020
2196 CONNECTION 204 47 -1 -1 5220 5220
2197 CONNECTION 204 31 -1 -1 4920 4920
2198 CONNECTION 204 79 -1 -1 6120 6120
2199 CONNECTION 204 63 300 3720 5820 5820
2200 CONNECTION 204 111 300 4920 7020 7020
2201 CONNECTION 204 95 300 4620 6720 6720
2202 CONNECTION 204 143 300 5820 7920 7920
2203 CONNECTION 204 127 300 5520 7620 7620
2204 CONNECTION 204 175 300 6720 8820 8820
2205 CONNECTION 204 159 300 6420 8520 8520
2206 CONNECTION 204 207 300 7620 9720 9720
2207 CONNECTION 204 191 300 7320 9420 9420
2208 SINK 204 1 -1 -1 0 0
2209 CONNECTION 93 110 -1 -1 3180 3180
2210 CONNECTION 93 142 -1 -1 4080 4080
2211 CONNECTION 93 174 -1 -1 4980 4980
2212 CONNECTION 93 206 300 3780 5880 5880
2213 CONNECTION 93 15 300 4680 6780 6780
2214 CONNECTION 93 48 300 5580 7680 7680
2215 CONNECTION 93 80 300 6480 8580 8580
2216 CONNECTION 93 112 300 7380 9480 9480
2217 CONNECTION 141 158 -1 -1 4500 4500
2218 CONNECTION 141 190 -1 -1 5400 5400
2219 CONNECTION 141 222 -1 -1 6300 6300
2220 CONNECTION 141 32 300 5100 7200 7200
2221 CONNECTION 141 64 300 6000 8100 8100
2222 CONNECTION 141 96 300 6900 9000 9000
2223 CONNECTION 141 128 300 7800 9900 9900
2224 CONNECTION 220 221 -1 -1 2400 2400
2225 CONNECTION 220 31 -1 -1 3300 3300
2226 CONNECTION 220 79 -1 -1 4500 4500
2227 CONNECTION 220 63 -1 -1 4200 4200
2228 CONNECTION 220 111 -1 -1 5400 5400
2229 CONNECTION 220 95 -1 -1 5100 5100
2230 CONNECTION 220 143 -1 -1 6300 6300
2231 CONNECTION 220 127 300 3900 6000 6000
2232 CONNECTION 220 175 300 5100 7200 7200
2233 CONNECTION 220 159 300 4800 6900 6900
2234 CONNECTION 220 207 300 6000 8100 8100
2235 CONNECTION 220 191 300 5700 7800 7800
2236 CONNECTION 220 223 300 6600 8700 8700
2237 SINK 220 1 -1 -1 0 0
2238 CONNECTION 13 14 -1 -1 3420 3420
2239 CONNECTION 13 221 -1 -1 3120 3120
2240 CONNECTION 13 47 -1 -1 4320 4320
2241 CONNECTION 13 31 -1 -1 4020 4020
2242 CONNECTION 13 79 -1 -1 5220 5220
2243 CONNECTION 13 63 -1 -1 4920 4920
2244 CONNECTION 13 111 -1 -1 6120 6120
2245 CONNECTION 13 95 300 3720 5820 5820
2246 CONNECTION 13 143 300 4920 7020 7020
2247 CONNECTION 13 127 300 4620 6720 6720
2248 CONNECTION 13 175 300 5820 7920 7920
2249 CONNECTION 13 159 300 5520 7620 7620
2250 CONNECTION 13 207 300 6720 8820 8820
2251 CONNECTION 13 191 300 6420 8520 8520
2252 CONNECTION 13 223 300 7320 9420 9420
2253 SINK 13 1 -1 -1 0 0
2254 CONNECTION 125 142 -1 -1 3180 3180
2255 CONNECTION 125 174 -1 -1 4080 4080
2256 CONNECTION 125 206 -1 -1 4980 4980
2257 CONNECTION 125 15 300 3780 5880 5880
2258 CONNECTION 125 48 300 4680 6780 6780
2259 CONNECTION 125 80 300 5580 7680 7680
2260 CONNECTION 125 112 300 6480 8580 8580
2261 CONNECTION 125 144 300 7380 9480 9480
2262 CONNECTION 30 31 -1 -1 2400 2400
2263 CONNECTION 30 63 -1 -1 3300 3300
2264 CONNECTION 30 111 -1 -1 4500 4500
2265 CONNECTION 30 95 -1 -1 4200 4200
2266 CONNECTION 30 143 -1 -1 5400 5400
2267 CONNECTION 30 127 -1 -1 5100 5100
2268 CONNECTION 30 175 -1 -1 6300 6300
2269 CONNECTION 30 159 300 3900 6000 6000
2270 CONNECTION 30 207 300 5100 7200 7200
2271 CONNECTION 30 191 300 4800 6900 6900
2272 CONNECTION 30 223 300 5700 7800 7800
2273 SINK 30 1 -1 -1 0 0
2274 CONNECTION 173 190 -1 -1 4500 4500
2275 CONNECTION 173 222 -1 -1 5400 5400
2276 CONNECTION 173 32 -1 -1 6300 6300
2277 CONNECTION 173 64 300 5100 7200 7200
2278 CONNECTION 173 96 300 6000 8100 8100
2279 CONNECTION 173 128 300 6900 9000 9000
2280 CONNECTION 173 160 300 7800 9900 9900
2281 CONNECTION 46 47 -1 -1 3420 3420
2282 CONNECTION 46 31 -1 -1 3120 3120
2283 CONNECTION 46 79 -1 -1 4320 4320
2284 CONNECTION 46 63 -1 -1 4020 4020
2285 CONNECTION 46 111 -1 -1 5220 5220
2286 CONNECTION 46 95 -1 -1 4920 4920
2287 CONNECTION 46 143 -1 -1 6120 6120
2288 CONNECTION 46 127 300 3720 5820 5820
2289 CONNECTION 46 175 300 4920 7020 7020
2290 CONNECTION 46 159 300 4620 6720 6720
2291 CONNECTION 46 207 300 5820 7920 7920
2292 CONNECTION 46 191 300 5520 7620 7620
2293 CONNECTION 46 223 300 6420 8520 8520
2294 SINK 46 1 -1 -1 0 0
2295 CONNECTION 157 174 -1 -1 3180 3180
2296 CONNECTION 157 206 -1 -1 4080 4080
2297 CONNECTION 157 15 -1 -1 4980 4980
2298 CONNECTION 157 48 300 3780 5880 5880
2299 CONNECTION 157 80 300 4680 6780 6780
2300 CONNECTION 157 112 300 5580 7680 7680
2301 CONNECTION 157 144 300 6480 8580 8580
2302 CONNECTION 157 176 300 7380 9480 9480
2303 CONNECTION 62 63 -1 -1 2400 2400
2304 CONNECTION 62 95 -1 -1 3300 3300
2305 CONNECTION 62 143 -1 -1 4500 4500
2306 CONNECTION 62 127 -1 -1 4200 4200
2307 CONNECTION 62 175 -1 -1 5400 5400
2308 CONNECTION 62 159 -1 -1 5100 5100
2309 CONNECTION 62 207 -1 -1 6300 6300
2310 CONNECTION 62 191 300 3900 6000 6000
2311 CONNECTION 62 223 300 4800 6900 6900
2312 SINK 62 1 -1 -1 0 0
2313 CONNECTION 205 222 -1 -1 4500 4500
2314 CONNECTION 205 32 -1 -1 5400 5400
2315 CONNECTION 205 64 -1 -1 6300 6300
2316 CONNECTION 205 96 300 5100 7200 7200
2317 CONNECTION 205 128 300 6000 8100 8100
2318 CONNECTION 205 160 300 6900 9000 9000
2319 CONNECTION 205 192 300 7800 9900 9900
2320 CONNECTION 78 79 -1 -1 3420 3420
2321 CONNECTION 78 63 -1 -1 3120 3120
2322 CONNECTION 78 111 -1 -1 4320 4320
2323 CONNECTION 78 95 -1 -1 4020 4020
2324 CONNECTION 78 143 -1 -1 5220 5220
2325 CONNECTION 78 127 -1 -1 4920 4920
2326 CONNECTION 78 175 -1 -1 6120 6120
2327 CONNECTION 78 159 300 3720 5820 5820
2328 CONNECTION 78 207 300 4920 7020 7020
2329 CONNECTION 78 191 300 4620 6720 6720
2330 CONNECTION 78 223 300 5520 7620 7620
2331 SINK 78 1 -1 -1 0 0
2332 CONNECTION 189 206 -1 -1 3180 3180
2333 CONNECTION 189 15 -1 -1 4080 4080
2334 CONNECTION 189 48 -1 -1 4980 4980
2335 CONNECTION 189 80 300 3780 5880 5880
2336 CONNECTION 189 112 300 4680 6780 6780
2337 CONNECTION 189 144 300 5580 7680 7680
2338 CONNECTION 189 176 300 6480 8580 8580
2339 CONNECTION 189 208 300 7380 9480 9480
2340 CONNECTION 14 32 -1 -1 4500 4500
2341 CONNECTION 14 64 -1 -1 5400 5400
2342 CONNECTION 14 96 -1 -1 6300 6300
2343 CONNECTION 14 128 300 5100 7200 7200
2344 CONNECTION 14 160 300 6000 8100 8100
2345 CONNECTION 14 192 300 6900 9000 9000
2346 CONNECTION 14 224 300 7800 9900 9900
2347 CONNECTION 94 95 -1 -1 2400 2400
2348 CONNECTION 94 127 -1 -1 3300 3300
2349 CONNECTION 94 175 -1 -1 4500 4500
2350 CONNECTION 94 159 -1 -1 4200 4200
2351 CONNECTION 94 207 -1 -1 5400 5400
2352 CONNECTION 94 191 -1 -1 5100 5100
2353 CONNECTION 94 223 300 3900 6000 6000
2354 SINK 94 1 -1 -1 0 0
2355 CONNECTION 110 111 -1 -1 3420 3420
2356 CONNECTION 110 95 -1 -1 3120 3120
2357 CONNECTION 110 143 -1 -1 4320 4320
2358 CONNECTION 110 127 -1 -1 4020 4020
2359 CONNECTION 110 175 -1 -1 5220 5220
2360 CONNECTION 110 159 -1 -1 4920 4920
2361 CONNECTION 110 207 -1 -1 6120 6120
2362 CONNECTION 110 191 300 3720 5820 5820
2363 CONNECTION 110 223 300 4620 6720 6720
2364 SINK 110 1 -1 -1 0 0
2365 CONNECTION 221 15 -1 -1 3180 3180
2366 CONNECTION 221 48 -1 -1 4080 4080
2367 CONNECTION 221 80 -1 -1 4980 4980
2368 CONNECTION 221 112 300 3780 5880 5880
2369 CONNECTION 221 144 300 4680 6780 6780
2370 CONNECTION 221 176 300 5580 7680 7680
2371 CONNECTION 221 208 300 6480 8580 8580
2372 CONNECTION 221 16 300 7380 9480 9480
2373 CONNECTION 47 64 -1 -1 4500 4500
2374 CONNECTION 47 96 -1 -1 5400 5400
2375 CONNECTION 47 128 -1 -1 6300 6300
2376 CONNECTION 47 160 300 5100 7200 7200
2377 CONNECTION 47 192 300 6000 8100 8100
2378 CONNECTION 47 224 300 6900 9000 9000
2379 CONNECTION 126 127 -1 -1 2400 2400
2380 CONNECTION 126 159 -1 -1 3300 3300
2381 CONNECTION 126 207 -1 -1 4500 4500
2382 CONNECTION 126 191 -1 -1 4200 4200
2383 CONNECTION 126 223 -1 -1 5100 5100
2384 SINK 126 1 -1 -1 0 0
2385 CONNECTION 142 143 -1 -1 3420 3420
2386 CONNECTION 142 127 -1 -1 3120 3120
2387 CONNECTION 142 175 -1 -1 4320 4320
2388 CONNECTION 142 159 -1 -1 4020 4020
2389 CONNECTION 142 207 -1 -1 5220 5220
2390 CONNECTION 142 191 -1 -1 4920 4920
2391 CONNECTION 142 223 300 3720 5820 5820
2392 SINK 142 1 -1 -1 0 0
2393 CONNECTION 31 48 -1 -1 3180 3180
2394 CONNECTION 31 80 -1 -1 4080 4080
2395 CONNECTION 31 112 -1 -1 4980 4980
2396 CONNECTION 31 144 300 3780 5880 5880
2397 CONNECTION 31 176 300 4680 6780 6780
2398 CONNECTION 31 208 300 5580 7680 7680
2399 CONNECTION 31 16 300 6480 8580 8580
2400 CONNECTION 79 96 -1 -1 4500 4500
2401 CONNECTION 79 128 -1 -1 5400 5400
2402 CONNECTION 79 160 -1 -1 6300 6300
2403 CONNECTION 79 192 300 5100 7200 7200
2404 CONNECTION 79 224 300 6000 8100 8100
2405 CONNECTION 158 159 -1 -1 2400 2400
2406 CONNECTION 158 191 -1 -1 3300 3300
2407 CONNECTION 158 223 -1 -1 4200 4200
2408 SINK 158 1 -1 -1 0 0
2409 CONNECTION 174 175 -1 -1 3420 3420
2410 CONNECTION 174 159 -1 -1 3120 3120
2411 CONNECTION 174 207 -1 -1 4320 4320
2412 CONNECTION 174 191 -1 -1 4020 4020
2413 CONNECTION 174 223 -1 -1 4920 4920
2414 SINK 174 1 -1 -1 0 0
2415 CONNECTION 63 80 -1 -1 3180 3180
2416 CONNECTION 63 112 -1 -1 4080 4080
2417 CONNECTION 63 144 -1 -1 4980 4980
2418 CONNECTION 63 176 300 3780 5880 5880
2419 CONNECTION 63 208 300 4680 6780 6780
2420 CONNECTION 63 16 300 5580 7680 7680
2421 CONNECTION 111 128 -1 -1 4500 4500
2422 CONNECTION 111 160 -1 -1 5400 5400
2423 CONNECTION 111 192 -1 -1 6300 6300
2424 CONNECTION 111 224 300 5100 7200 7200
2425 CONNECTION 190 191 -1 -1 2400 2400
2426 CONNECTION 190 223 -1 -1 3300 3300
2427 SINK 190 1 -1 -1 0 0
2428 CONNECTION 206 207 -1 -1 3420 3420
2429 CONNECTION 206 191 -1 -1 3120 3120
2430 CONNECTION 206 223 -1 -1 4020 4020
2431 SINK 206 1 -1 -1 0 0
2432 CONNECTION 95 112 -1 -1 3180 3180
2433 CONNECTION 95 144 -1 -1 4080 4080
2434 CONNECTION 95 176 -1 -1 4980 4980
2435 CONNECTION 95 208 300 3780 5880 5880
2436 CONNECTION 95 16 300 4680 6780 6780
2437 CONNECTION 143 160 -1 -1 4500 4500
2438 CONNECTION 143 192 -1 -1 5400 5400
2439 CONNECTION 143 224 -1 -1 6300 6300
2440 CONNECTION 222 223 -1 -1 2400 2400
2441 SINK 222 1 -1 -1 0 0
2442 CONNECTION 15 223 -1 -1 3120 3120
2443 SINK 15 1 -1 -1 0 0
2444 CONNECTION 127 144 -1 -1 3180 3180
2445 CONNECTION 127 176 -1 -1 4080 4080
2446 CONNECTION 127 208 -1 -1 4980 4980
2447 CONNECTION 127 16 300 3780 5880 5880
2448 SINK 32 1 -1 -1 0 0
2449 CONNECTION 175 192 -1 -1 4500 4500
2450 CONNECTION 175 224 -1 -1 5400 5400
2451 SINK 48 1 -1 -1 0 0
2452 CONNECTION 159 176 -1 -1 3180 3180
2453 CONNECTION 159 208 -1 -1 4080 4080
2454 CONNECTION 159 16 -1 -1 4980 4980
2455 SINK 64 1 -1 -1 0 0
2456 CONNECTION 207 224 -1 -1 4500 4500
2457 SINK 80 1 -1 -1 0 0
2458 CONNECTION 191 208 -1 -1 3180 3180
2459 CONNECTION 191 16 -1 -1 4080 4080
2460 SINK 96 1 -1 -1 0 0
2461 SINK 112 1 -1 -1 0 0
2462 CONNECTION 223 16 -1 -1 3180 3180
2463 SINK 128 1 -1 -1 0 0
2464 SINK 144 1 -1 -1 0 0
2465 SINK 160 1 -1 -1 0 0
2466 SINK 176 1 -1 -1 0 0
2467 SINK 192 1 -1 -1 0 0
2468 SINK 208 1 -1 -1 0 0
2469 SINK 224 1 -1 -1 0 0
2470 SINK 16 1 -1 -1 0 0
