0 25200 27480 1 0 2280
1 28380 30660 0 1 2280
2 30780 34080 1 2 3300
3 34680 36960 0 1 2280
4 37080 40380 1 2 3300
5 40980 43260 0 1 2280
6 43380 46680 1 2 3300
7 47280 49560 0 1 2280
8 49680 52980 1 2 3300
9 53580 55860 0 1 2280
10 55980 59280 1 2 3300
11 59880 62160 0 1 2280
12 62280 65580 1 2 3300
13 66180 68460 0 1 2280
14 68580 71880 1 2 3300
15 72480 74760 0 1 2280
16 78780 81060 0 1 2280
17 24480 27780 1 2 3300
18 28980 32280 2 1 3300
19 32400 34680 1 0 2280
20 35280 38580 2 1 3300
21 38700 40980 1 0 2280
22 41580 44880 2 1 3300
23 45000 47280 1 0 2280
24 47880 51180 2 1 3300
25 51300 53580 1 0 2280
26 54180 57480 2 1 3300
27 57600 59880 1 0 2280
28 60480 63780 2 1 3300
29 63900 66180 1 0 2280
30 66780 70080 2 1 3300
31 70200 72480 1 0 2280
32 73080 76380 2 1 3300
33 26100 28380 1 0 2280
34 29280 31560 0 1 2280
35 31680 34980 1 2 3300
36 35580 37860 0 1 2280
37 37980 41280 1 2 3300
38 41880 44160 0 1 2280
39 44280 47580 1 2 3300
40 48180 50460 0 1 2280
41 50580 53880 1 2 3300
42 54480 56760 0 1 2280
43 56880 60180 1 2 3300
44 60780 63060 0 1 2280
45 63180 66480 1 2 3300
46 67080 69360 0 1 2280
47 69480 72780 1 2 3300
48 73380 75660 0 1 2280
49 25380 28680 1 2 3300
50 29880 33180 2 1 3300
51 33300 35580 1 0 2280
52 36180 39480 2 1 3300
53 39600 41880 1 0 2280
54 42480 45780 2 1 3300
55 45900 48180 1 0 2280
56 48780 52080 2 1 3300
57 52200 54480 1 0 2280
58 55080 58380 2 1 3300
59 58500 60780 1 0 2280
60 61380 64680 2 1 3300
61 64800 67080 1 0 2280
62 67680 70980 2 1 3300
63 71100 73380 1 0 2280
64 73980 77280 2 1 3300
65 27000 29280 1 0 2280
66 30180 32460 0 1 2280
67 32580 35880 1 2 3300
68 36480 38760 0 1 2280
69 38880 42180 1 2 3300
70 42780 45060 0 1 2280
71 45180 48480 1 2 3300
72 49080 51360 0 1 2280
73 51480 54780 1 2 3300
74 55380 57660 0 1 2280
75 57780 61080 1 2 3300
76 61680 63960 0 1 2280
77 64080 67380 1 2 3300
78 67980 70260 0 1 2280
79 70380 73680 1 2 3300
80 74280 76560 0 1 2280
81 26280 29580 1 2 3300
82 30780 34080 2 1 3300
83 34200 36480 1 0 2280
84 37080 40380 2 1 3300
85 40500 42780 1 0 2280
86 43380 46680 2 1 3300
87 46800 49080 1 0 2280
88 49680 52980 2 1 3300
89 53100 55380 1 0 2280
90 55980 59280 2 1 3300
91 59400 61680 1 0 2280
92 62280 65580 2 1 3300
93 65700 67980 1 0 2280
94 68580 71880 2 1 3300
95 72000 74280 1 0 2280
96 74880 78180 2 1 3300
97 27900 30180 1 0 2280
98 31080 33360 0 1 2280
99 33480 36780 1 2 3300
100 37380 39660 0 1 2280
101 39780 43080 1 2 3300
102 43680 45960 0 1 2280
103 46080 49380 1 2 3300
104 49980 52260 0 1 2280
105 52380 55680 1 2 3300
106 56280 58560 0 1 2280
107 58680 61980 1 2 3300
108 62580 64860 0 1 2280
109 64980 68280 1 2 3300
110 68880 71160 0 1 2280
111 71280 74580 1 2 3300
112 75180 77460 0 1 2280
113 27180 30480 1 2 3300
114 31680 34980 2 1 3300
115 35100 37380 1 0 2280
116 37980 41280 2 1 3300
117 41400 43680 1 0 2280
118 44280 47580 2 1 3300
119 47700 49980 1 0 2280
120 50580 53880 2 1 3300
121 54000 56280 1 0 2280
122 56880 60180 2 1 3300
123 60300 62580 1 0 2280
124 63180 66480 2 1 3300
125 66600 68880 1 0 2280
126 69480 72780 2 1 3300
127 72900 75180 1 0 2280
128 75780 79080 2 1 3300
129 28800 31080 1 0 2280
130 31980 34260 0 1 2280
131 34380 37680 1 2 3300
132 38280 40560 0 1 2280
133 40680 43980 1 2 3300
134 44580 46860 0 1 2280
135 46980 50280 1 2 3300
136 50880 53160 0 1 2280
137 53280 56580 1 2 3300
138 57180 59460 0 1 2280
139 59580 62880 1 2 3300
140 63480 65760 0 1 2280
141 65880 69180 1 2 3300
142 69780 72060 0 1 2280
143 72180 75480 1 2 3300
144 76080 78360 0 1 2280
145 28080 31380 1 2 3300
146 32580 35880 2 1 3300
147 36000 38280 1 0 2280
148 38880 42180 2 1 3300
149 42300 44580 1 0 2280
150 45180 48480 2 1 3300
151 48600 50880 1 0 2280
152 51480 54780 2 1 3300
153 54900 57180 1 0 2280
154 57780 61080 2 1 3300
155 61200 63480 1 0 2280
156 64080 67380 2 1 3300
157 67500 69780 1 0 2280
158 70380 73680 2 1 3300
159 73800 76080 1 0 2280
160 76680 79980 2 1 3300
161 29700 31980 1 0 2280
162 32880 35160 0 1 2280
163 35280 38580 1 2 3300
164 39180 41460 0 1 2280
165 41580 44880 1 2 3300
166 45480 47760 0 1 2280
167 47880 51180 1 2 3300
168 51780 54060 0 1 2280
169 54180 57480 1 2 3300
170 58080 60360 0 1 2280
171 60480 63780 1 2 3300
172 64380 66660 0 1 2280
173 66780 70080 1 2 3300
174 70680 72960 0 1 2280
175 73080 76380 1 2 3300
176 76980 79260 0 1 2280
177 28980 32280 1 2 3300
178 33480 36780 2 1 3300
179 36900 39180 1 0 2280
180 39780 43080 2 1 3300
181 43200 45480 1 0 2280
182 46080 49380 2 1 3300
183 49500 51780 1 0 2280
184 52380 55680 2 1 3300
185 55800 58080 1 0 2280
186 58680 61980 2 1 3300
187 62100 64380 1 0 2280
188 64980 68280 2 1 3300
189 68400 70680 1 0 2280
190 71280 74580 2 1 3300
191 74700 76980 1 0 2280
192 77580 80880 2 1 3300
193 30600 32880 1 0 2280
194 33780 36060 0 1 2280
195 36180 39480 1 2 3300
196 40080 42360 0 1 2280
197 42480 45780 1 2 3300
198 46380 48660 0 1 2280
199 48780 52080 1 2 3300
200 52680 54960 0 1 2280
201 55080 58380 1 2 3300
202 58980 61260 0 1 2280
203 61380 64680 1 2 3300
204 65280 67560 0 1 2280
205 67680 70980 1 2 3300
206 71580 73860 0 1 2280
207 73980 77280 1 2 3300
208 77880 80160 0 1 2280
209 29880 33180 1 2 3300
210 34380 37680 2 1 3300
211 37800 40080 1 0 2280
212 40680 43980 2 1 3300
213 44100 46380 1 0 2280
214 46980 50280 2 1 3300
215 50400 52680 1 0 2280
216 53280 56580 2 1 3300
217 56700 58980 1 0 2280
218 59580 62880 2 1 3300
219 63000 65280 1 0 2280
220 65880 69180 2 1 3300
221 69300 71580 1 0 2280
222 72180 75480 2 1 3300
223 75600 77880 1 0 2280
224 78480 81780 2 1 3300
225 31500 33780 1 0 2280
226 34680 36960 0 1 2280
227 37080 40380 1 2 3300
