4 30840 33120 3 7 2280
5 33240 33960 7 0 720
6 35940 37920 2 3 1980
7 38040 40320 3 7 2280
8 40440 41160 7 0 720
9 43140 45120 2 3 1980
10 45240 47520 3 7 2280
11 47640 48360 7 0 720
12 50340 52320 2 3 1980
13 52440 54720 3 7 2280
14 54840 55560 7 0 720
15 57540 59520 2 3 1980
16 59640 61920 3 7 2280
17 62040 62760 7 0 720
18 64740 66720 2 3 1980
19 66840 69120 3 7 2280
20 69240 69960 7 0 720
21 71940 73920 2 3 1980
22 74040 76320 3 7 2280
23 76440 77160 7 0 720
24 79140 81120 2 3 1980
29 25200 27600 6 1 2400
30 31200 33600 1 6 2400
31 33840 36060 6 16 2220
32 36180 37200 16 14 1020
33 38400 40800 1 6 2400
34 41040 43260 6 16 2220
35 43380 44400 16 14 1020
36 45600 48000 1 6 2400
37 48240 50460 6 16 2220
38 50580 51600 16 14 1020
39 52800 55200 1 6 2400
40 55440 57660 6 16 2220
41 57780 58800 16 14 1020
42 60000 62400 1 6 2400
43 62640 64860 6 16 2220
44 64980 66000 16 14 1020
45 67200 69600 1 6 2400
46 69840 72060 6 16 2220
47 72180 73200 16 14 1020
48 74400 76800 1 6 2400
49 77040 79260 6 16 2220
56 34740 35460 7 0 720
57 36180 38160 13 5 1980
58 38280 41820 5 7 3540
59 41940 42660 7 0 720
60 43380 45360 13 5 1980
61 45480 49020 5 7 3540
62 49140 49860 7 0 720
63 50580 52560 13 5 1980
64 52680 56220 5 7 3540
65 56340 57060 7 0 720
66 57780 59760 13 5 1980
67 59880 63420 5 7 3540
68 63540 64260 7 0 720
69 64980 66960 13 5 1980
70 67080 70620 5 7 3540
71 70740 71460 7 0 720
72 72180 74160 13 5 1980
73 74280 77820 5 7 3540
74 77940 78660 7 0 720
80 33480 35460 5 13 1980
81 36180 36900 0 7 720
82 37020 40560 7 5 3540
83 40680 42660 5 13 1980
84 43380 44100 0 7 720
85 44220 47760 7 5 3540
86 47880 49860 5 13 1980
87 50580 51300 0 7 720
88 51420 54960 7 5 3540
89 55080 57060 5 13 1980
90 57780 58500 0 7 720
91 58620 62160 7 5 3540
92 62280 64260 5 13 1980
93 64980 65700 0 7 720
94 65820 69360 7 5 3540
95 69480 71460 5 13 1980
96 72180 72900 0 7 720
97 73020 76560 7 5 3540
101 25860 28260 6 1 2400
102 30720 33120 1 6 2400
103 33240 35580 6 8 2340
104 35820 36720 8 10 900
105 37920 40320 1 6 2400
106 40440 42780 6 8 2340
107 43020 43920 8 10 900
108 45120 47520 1 6 2400
109 47640 49980 6 8 2340
110 50220 51120 8 10 900
111 52320 54720 1 6 2400
112 54840 57180 6 8 2340
113 57420 58320 8 10 900
114 59520 61920 1 6 2400
115 62040 64380 6 8 2340
116 64620 65520 8 10 900
117 66720 69120 1 6 2400
118 69240 71580 6 8 2340
119 71820 72720 8 10 900
120 73920 76320 1 6 2400
121 76440 78780 6 8 2340
122 79020 79920 8 10 900
126 30180 33000 8 3 2820
127 33120 35400 3 7 2280
128 35520 36240 7 0 720
129 38580 39300 0 7 720
130 39420 41700 7 3 2280
131 41820 44640 3 8 2820
132 44760 45660 8 10 900
133 45780 48660 10 12 2880
134 48900 52440 12 15 3540
135 56580 57300 0 7 720
136 57420 59700 7 3 2280
137 59820 62640 3 8 2820
138 62760 63660 8 10 900
139 63780 66660 10 12 2880
140 66900 70440 12 15 3540
141 74580 75300 0 7 720
142 75420 77700 7 3 2280
143 77820 80640 3 8 2820
144 80760 81660 8 10 900
145 81780 84660 10 12 2880
150 29460 31680 6 9 2220
151 34320 36540 9 6 2220
152 36660 40200 6 3 3540
153 40320 42600 3 7 2280
154 42720 43440 7 0 720
155 45120 47340 9 6 2220
156 47460 51000 6 3 3540
157 51120 53400 3 7 2280
158 53520 54240 7 0 720
159 55920 58140 9 6 2220
160 58260 61800 6 3 3540
161 61920 64200 3 7 2280
162 64320 65040 7 0 720
163 66720 68940 9 6 2220
164 69060 72600 6 3 3540
165 72720 75000 3 7 2280
166 75120 75840 7 0 720
167 77520 79740 9 6 2220
175 33420 35220 9 10 1800
176 35340 36240 10 8 900
177 36360 39180 8 3 2820
178 39300 42180 3 4 2880
179 44220 46020 9 10 1800
180 46140 47040 10 8 900
181 47160 49980 8 3 2820
182 50100 52980 3 4 2880
183 55020 56820 9 10 1800
184 56940 57840 10 8 900
185 57960 60780 8 3 2820
186 60900 63780 3 4 2880
187 65820 67620 9 10 1800
188 67740 68640 10 8 900
189 68760 71580 8 3 2820
190 71700 74580 3 4 2880
191 76620 78420 9 10 1800
192 78540 79440 10 8 900
200 36420 39240 3 8 2820
201 39360 40260 8 10 900
202 40380 42180 10 9 1800
203 44220 47100 4 3 2880
204 47220 50040 3 8 2820
205 50160 51060 8 10 900
206 51180 52980 10 9 1800
207 55020 57900 4 3 2880
208 58020 60840 3 8 2820
209 60960 61860 8 10 900
210 61980 63780 10 9 1800
211 65820 68700 4 3 2880
212 68820 71640 3 8 2820
213 71760 72660 8 10 900
214 72780 74580 10 9 1800
215 76620 79500 4 3 2880
216 79620 82440 3 8 2820
217 82560 83460 8 10 900
226 35040 35760 7 0 720
227 37080 37920 11 4 840
228 38040 39480 4 2 1440
229 39600 42120 2 7 2520
230 42240 42960 7 0 720
231 44280 45120 11 4 840
232 45240 46680 4 2 1440
233 46800 49320 2 7 2520
234 49440 50160 7 0 720
235 51480 52320 11 4 840
236 52440 53880 4 2 1440
237 54000 56520 2 7 2520
238 56640 57360 7 0 720
239 58680 59520 11 4 840
240 59640 61080 4 2 1440
241 61200 63720 2 7 2520
242 63840 64560 7 0 720
243 65880 66720 11 4 840
244 66840 68280 4 2 1440
245 68400 70920 2 7 2520
246 71040 71760 7 0 720
247 73080 73920 11 4 840
248 74040 75480 4 2 1440
249 75600 78120 2 7 2520
250 78240 78960 7 0 720
256 30720 33240 7 2 2520
257 33360 34800 2 4 1440
258 34920 35760 4 11 840
259 37080 37800 0 7 720
260 37920 40440 7 2 2520
261 40560 42000 2 4 1440
262 42120 42960 4 11 840
263 44280 45000 0 7 720
264 45120 47640 7 2 2520
265 47760 49200 2 4 1440
266 49320 50160 4 11 840
267 51480 52200 0 7 720
268 52320 54840 7 2 2520
269 54960 56400 2 4 1440
270 56520 57360 4 11 840
271 58680 59400 0 7 720
272 59520 62040 7 2 2520
273 62160 63600 2 4 1440
274 63720 64560 4 11 840
275 65880 66600 0 7 720
276 66720 69240 7 2 2520
277 69360 70800 2 4 1440
278 70920 71760 4 11 840
279 73080 73800 0 7 720
280 73920 76440 7 2 2520
281 76560 78000 2 4 1440
284 25200 27600 6 1 2400
285 27840 29820 1 7 1980
286 29940 30660 7 0 720
287 31980 32700 0 7 720
288 32820 34800 7 1 1980
289 34920 37320 1 6 2400
290 37440 39660 6 16 2220
291 42780 43500 0 7 720
292 43620 45600 7 1 1980
293 45720 48120 1 6 2400
294 48240 50460 6 16 2220
295 53580 54300 0 7 720
296 54420 56400 7 1 1980
297 56520 58920 1 6 2400
298 59040 61260 6 16 2220
299 64380 65100 0 7 720
300 65220 67200 7 1 1980
301 67320 69720 1 6 2400
302 69840 72060 6 16 2220
303 75180 75900 0 7 720
304 76020 78000 7 1 1980
305 78120 80520 1 6 2400
310 28200 30600 6 10 2400
311 30720 33600 10 12 2880
312 34200 37080 12 10 2880
313 37200 39600 10 6 2400
314 39720 42120 6 1 2400
315 42240 44220 1 7 1980
316 44340 45060 7 0 720
317 48600 51480 12 10 2880
318 51600 54000 10 6 2400
319 54120 56520 6 1 2400
320 56640 58620 1 7 1980
321 58740 59460 7 0 720
322 63000 65880 12 10 2880
323 66000 68400 10 6 2400
324 68520 70920 6 1 2400
325 71040 73020 1 7 1980
326 73140 73860 7 0 720
327 77400 80280 12 10 2880
328 80400 82800 10 6 2400
336 32280 35820 5 7 3540
337 35940 36660 7 0 720
338 37380 39360 13 5 1980
339 39480 43020 5 7 3540
340 43140 43860 7 0 720
341 44580 46560 13 5 1980
342 46680 50220 5 7 3540
343 50340 51060 7 0 720
344 51780 53760 13 5 1980
345 53880 57420 5 7 3540
346 57540 58260 7 0 720
347 58980 60960 13 5 1980
348 61080 64620 5 7 3540
349 64740 65460 7 0 720
350 66180 68160 13 5 1980
351 68280 71820 5 7 3540
352 71940 72660 7 0 720
353 73380 75360 13 5 1980
354 75480 79020 5 7 3540
355 79140 79860 7 0 720
360 31020 34560 7 5 3540
361 34680 36660 5 13 1980
362 37380 38100 0 7 720
363 38220 41760 7 5 3540
364 41880 43860 5 13 1980
365 44580 45300 0 7 720
366 45420 48960 7 5 3540
367 49080 51060 5 13 1980
368 51780 52500 0 7 720
369 52620 56160 7 5 3540
370 56280 58260 5 13 1980
371 58980 59700 0 7 720
372 59820 63360 7 5 3540
373 63480 65460 5 13 1980
374 66180 66900 0 7 720
375 67020 70560 7 5 3540
376 70680 72660 5 13 1980
377 73380 74100 0 7 720
378 74220 77760 7 5 3540
384 31440 33720 7 3 2280
385 33900 35880 3 2 1980
386 37800 38520 0 7 720
387 38640 40920 7 3 2280
388 41100 43080 3 2 1980
389 45000 45720 0 7 720
390 45840 48120 7 3 2280
391 48300 50280 3 2 1980
392 52200 52920 0 7 720
393 53040 55320 7 3 2280
394 55500 57480 3 2 1980
395 59400 60120 0 7 720
396 60240 62520 7 3 2280
397 62700 64680 3 2 1980
398 66600 67320 0 7 720
399 67440 69720 7 3 2280
400 69900 71880 3 2 1980
401 73800 74520 0 7 720
402 74640 76920 7 3 2280
408 32640 34920 3 7 2280
409 35040 35760 7 0 720
410 37740 39720 2 3 1980
411 39840 42120 3 7 2280
412 42240 42960 7 0 720
413 44940 46920 2 3 1980
414 47040 49320 3 7 2280
415 49440 50160 7 0 720
416 52140 54120 2 3 1980
417 54240 56520 3 7 2280
418 56640 57360 7 0 720
419 59340 61320 2 3 1980
420 61440 63720 3 7 2280
421 63840 64560 7 0 720
422 66540 68520 2 3 1980
423 68640 70920 3 7 2280
424 71040 71760 7 0 720
425 73740 75720 2 3 1980
426 75840 78120 3 7 2280
427 78240 78960 7 0 720
430 28920 31320 6 1 2400
431 31440 33420 1 7 1980
432 33540 34260 7 0 720
433 37140 37860 0 7 720
434 37980 39960 7 1 1980
435 40080 42480 1 6 2400
436 42600 45000 6 10 2400
437 45120 48000 10 12 2880
438 51540 52260 0 7 720
439 52380 54360 7 1 1980
440 54480 56880 1 6 2400
441 57000 59400 6 10 2400
442 59520 62400 10 12 2880
443 65940 66660 0 7 720
444 66780 68760 7 1 1980
445 68880 71280 1 6 2400
446 71400 73800 6 10 2400
447 73920 76800 10 12 2880
449 25860 29400 6 3 3540
450 29520 31800 3 7 2280
451 31920 32640 7 0 720
452 33360 34080 0 7 720
453 34200 36480 7 3 2280
454 36600 40140 3 6 3540
455 40260 42480 6 9 2220
456 44160 44880 0 7 720
457 45000 47280 7 3 2280
458 47400 50940 3 6 3540
459 51060 53280 6 9 2220
460 54960 55680 0 7 720
461 55800 58080 7 3 2280
462 58200 61740 3 6 3540
463 61860 64080 6 9 2220
464 65760 66480 0 7 720
465 66600 68880 7 3 2280
466 69000 72540 3 6 3540
467 72660 74880 6 9 2220
468 76560 77280 0 7 720
469 77400 79680 7 3 2280
470 79800 83340 3 6 3540
473 26040 28380 6 8 2340
474 28620 29520 8 10 900
475 33060 33960 10 8 900
476 34200 36540 8 6 2340
477 36660 39060 6 1 2400
478 40260 41160 10 8 900
479 41400 43740 8 6 2340
480 43860 46260 6 1 2400
481 47460 48360 10 8 900
482 48600 50940 8 6 2340
483 51060 53460 6 1 2400
484 54660 55560 10 8 900
485 55800 58140 8 6 2340
486 58260 60660 6 1 2400
487 61860 62760 10 8 900
488 63000 65340 8 6 2340
489 65460 67860 6 1 2400
490 69060 69960 10 8 900
491 70200 72540 8 6 2340
492 72660 75060 6 1 2400
493 76260 77160 10 8 900
494 77400 79740 8 6 2340
495 79860 82260 6 1 2400
500 34260 36840 5 1 2580
501 36960 39180 1 16 2220
502 42960 44940 13 5 1980
503 45060 47640 5 1 2580
504 47760 49980 1 16 2220
505 53760 55740 13 5 1980
506 55860 58440 5 1 2580
507 58560 60780 1 16 2220
508 64560 66540 13 5 1980
509 66660 69240 5 1 2580
510 69360 71580 1 16 2220
511 75360 77340 13 5 1980
512 77460 80040 5 1 2580
517 34560 37080 2 7 2520
518 37200 39180 7 1 1980
519 39420 42000 1 5 2580
520 45360 47880 2 7 2520
521 48000 49980 7 1 1980
522 50220 52800 1 5 2580
523 56160 58680 2 7 2520
524 58800 60780 7 1 1980
525 61020 63600 1 5 2580
526 66960 69480 2 7 2520
527 69600 71580 7 1 1980
528 71820 74400 1 5 2580
529 77760 80280 2 7 2520
530 80400 82380 7 1 1980
534 28620 31200 1 5 2580
535 34440 37020 5 1 2580
536 37140 39120 1 7 1980
537 39240 41760 7 2 2520
538 45240 47820 5 1 2580
539 47940 49920 1 7 1980
540 50040 52560 7 2 2520
541 56040 58620 5 1 2580
542 58740 60720 1 7 1980
543 60840 63360 7 2 2520
544 66840 69420 5 1 2580
545 69540 71520 1 7 1980
546 71640 74160 7 2 2520
547 77640 80220 5 1 2580
548 80340 82320 1 7 1980
556 33600 36120 2 7 2520
557 36240 36960 7 0 720
558 38280 39120 11 4 840
559 39240 40680 4 2 1440
560 40800 43320 2 7 2520
561 43440 44160 7 0 720
562 45480 46320 11 4 840
563 46440 47880 4 2 1440
564 48000 50520 2 7 2520
565 50640 51360 7 0 720
566 52680 53520 11 4 840
567 53640 55080 4 2 1440
568 55200 57720 2 7 2520
569 57840 58560 7 0 720
570 59880 60720 11 4 840
571 60840 62280 4 2 1440
572 62400 64920 2 7 2520
573 65040 65760 7 0 720
574 67080 67920 11 4 840
575 68040 69480 4 2 1440
576 69600 72120 2 7 2520
577 72240 72960 7 0 720
578 74280 75120 11 4 840
579 75240 76680 4 2 1440
580 76800 79320 2 7 2520
581 79440 80160 7 0 720
587 31920 34440 7 2 2520
588 34560 36000 2 4 1440
589 36120 36960 4 11 840
590 38280 39000 0 7 720
591 39120 41640 7 2 2520
592 41760 43200 2 4 1440
593 43320 44160 4 11 840
594 45480 46200 0 7 720
595 46320 48840 7 2 2520
596 48960 50400 2 4 1440
597 50520 51360 4 11 840
598 52680 53400 0 7 720
599 53520 56040 7 2 2520
600 56160 57600 2 4 1440
601 57720 58560 4 11 840
602 59880 60600 0 7 720
603 60720 63240 7 2 2520
604 63360 64800 2 4 1440
605 64920 65760 4 11 840
606 67080 67800 0 7 720
607 67920 70440 7 2 2520
608 70560 72000 2 4 1440
609 72120 72960 4 11 840
610 74280 75000 0 7 720
611 75120 77640 7 2 2520
615 26640 28860 6 16 2220
616 28980 30000 16 14 1020
617 32400 33420 14 16 1020
618 33540 35760 16 6 2220
619 36000 38400 6 1 2400
620 39600 40620 14 16 1020
621 40740 42960 16 6 2220
622 43200 45600 6 1 2400
623 46800 47820 14 16 1020
624 47940 50160 16 6 2220
625 50400 52800 6 1 2400
626 54000 55020 14 16 1020
627 55140 57360 16 6 2220
628 57600 60000 6 1 2400
629 61200 62220 14 16 1020
630 62340 64560 16 6 2220
631 64800 67200 6 1 2400
632 68400 69420 14 16 1020
633 69540 71760 16 6 2220
634 72000 74400 6 1 2400
635 75600 76620 14 16 1020
636 76740 78960 16 6 2220
637 79200 81600 6 1 2400
641 31680 33900 6 9 2220
642 35100 37320 9 6 2220
643 37440 40980 6 3 3540
644 41100 43980 3 4 2880
645 44100 44940 4 11 840
646 45900 48120 9 6 2220
647 48240 51780 6 3 3540
648 51900 54780 3 4 2880
649 54900 55740 4 11 840
650 56700 58920 9 6 2220
651 59040 62580 6 3 3540
652 62700 65580 3 4 2880
653 65700 66540 4 11 840
654 67500 69720 9 6 2220
655 69840 73380 6 3 3540
656 73500 76380 3 4 2880
657 76500 77340 4 11 840
658 78300 80520 9 6 2220
664 27600 30000 6 10 2400
665 30120 33000 10 12 2880
666 35520 38400 12 10 2880
667 38520 40920 10 6 2400
668 41040 43260 6 16 2220
669 43380 44400 16 14 1020
670 46320 49200 12 10 2880
671 49320 51720 10 6 2400
672 51840 54060 6 16 2220
673 54180 55200 16 14 1020
674 57120 60000 12 10 2880
675 60120 62520 10 6 2400
676 62640 64860 6 16 2220
677 64980 66000 16 14 1020
678 67920 70800 12 10 2880
679 70920 73320 10 6 2400
680 73440 75660 6 16 2220
681 75780 76800 16 14 1020
682 78720 81600 12 10 2880
683 81720 84120 10 6 2400
689 30360 31260 8 10 900
690 31380 34260 10 12 2880
691 34500 38040 12 15 3540
692 40500 44040 15 12 3540
693 44160 47040 12 10 2880
694 47160 48060 10 8 900
695 48180 51000 8 3 2820
696 51120 53400 3 7 2280
697 53520 54240 7 0 720
698 54900 58440 15 12 3540
699 58560 61440 12 10 2880
700 61560 62460 10 8 900
701 62580 65400 8 3 2820
702 65520 67800 3 7 2280
703 67920 68640 7 0 720
704 69300 72840 15 12 3540
705 72960 75840 12 10 2880
706 75960 76860 10 8 900
707 76980 79800 8 3 2820
708 79920 82200 3 7 2280
714 33480 37020 5 7 3540
715 37140 37860 7 0 720
716 38580 40560 13 5 1980
717 40680 44220 5 7 3540
718 44340 45060 7 0 720
719 45780 47760 13 5 1980
720 47880 51420 5 7 3540
721 51540 52260 7 0 720
722 52980 54960 13 5 1980
723 55080 58620 5 7 3540
724 58740 59460 7 0 720
725 60180 62160 13 5 1980
726 62280 65820 5 7 3540
727 65940 66660 7 0 720
728 67380 69360 13 5 1980
729 69480 73020 5 7 3540
730 73140 73860 7 0 720
731 74580 76560 13 5 1980
732 76680 80220 5 7 3540
733 80340 81060 7 0 720
737 31380 32100 0 7 720
738 32220 35760 7 5 3540
739 35880 37860 5 13 1980
740 38580 39300 0 7 720
741 39420 42960 7 5 3540
742 43080 45060 5 13 1980
743 45780 46500 0 7 720
744 46620 50160 7 5 3540
745 50280 52260 5 13 1980
746 52980 53700 0 7 720
747 53820 57360 7 5 3540
748 57480 59460 5 13 1980
749 60180 60900 0 7 720
750 61020 64560 7 5 3540
751 64680 66660 5 13 1980
752 67380 68100 0 7 720
753 68220 71760 7 5 3540
754 71880 73860 5 13 1980
755 74580 75300 0 7 720
756 75420 78960 7 5 3540
759 26640 30180 6 3 3540
760 30300 33180 3 4 2880
761 33300 34140 4 11 840
762 34860 35700 11 4 840
763 35820 38700 4 3 2880
764 38820 42360 3 6 3540
765 42480 44700 6 9 2220
766 45660 46500 11 4 840
767 46620 49500 4 3 2880
768 49620 53160 3 6 3540
769 53280 55500 6 9 2220
770 56460 57300 11 4 840
771 57420 60300 4 3 2880
772 60420 63960 3 6 3540
773 64080 66300 6 9 2220
774 67260 68100 11 4 840
775 68220 71100 4 3 2880
776 71220 74760 3 6 3540
777 74880 77100 6 9 2220
778 78060 78900 11 4 840
779 79020 81900 4 3 2880
780 82020 85560 3 6 3540
783 26640 29040 6 1 2400
784 29160 31740 1 5 2580
785 35460 38040 5 1 2580
786 38160 40560 1 6 2400
787 40680 42900 6 9 2220
788 46260 48840 5 1 2580
789 48960 51360 1 6 2400
790 51480 53700 6 9 2220
791 57060 59640 5 1 2580
792 59760 62160 1 6 2400
793 62280 64500 6 9 2220
794 67860 70440 5 1 2580
795 70560 72960 1 6 2400
796 73080 75300 6 9 2220
797 78660 81240 5 1 2580
798 81360 83760 1 6 2400
803 32220 34200 7 1 1980
804 34320 36540 1 16 2220
805 36660 37680 16 14 1020
806 39420 41400 7 1 1980
807 41520 43740 1 16 2220
808 43860 44880 16 14 1020
809 46620 48600 7 1 1980
810 48720 50940 1 16 2220
811 51060 52080 16 14 1020
812 53820 55800 7 1 1980
813 55920 58140 1 16 2220
814 58260 59280 16 14 1020
815 61020 63000 7 1 1980
816 63120 65340 1 16 2220
817 65460 66480 16 14 1020
818 68220 70200 7 1 1980
819 70320 72540 1 16 2220
820 72660 73680 16 14 1020
821 75420 77400 7 1 1980
822 77520 79740 1 16 2220
826 30360 31260 8 10 900
827 31380 33180 10 9 1800
828 35220 37020 9 10 1800
829 37140 38040 10 8 900
830 38160 40980 8 3 2820
831 41100 43980 3 4 2880
832 46020 47820 9 10 1800
833 47940 48840 10 8 900
834 48960 51780 8 3 2820
835 51900 54780 3 4 2880
836 56820 58620 9 10 1800
837 58740 59640 10 8 900
838 59760 62580 8 3 2820
839 62700 65580 3 4 2880
840 67620 69420 9 10 1800
841 69540 70440 10 8 900
842 70560 73380 8 3 2820
843 73500 76380 3 4 2880
844 78420 80220 9 10 1800
845 80340 81240 10 8 900
851 30300 33180 3 4 2880
852 35220 38100 4 3 2880
853 38220 41040 3 8 2820
854 41160 42060 8 10 900
855 42180 43980 10 9 1800
856 46020 48900 4 3 2880
857 49020 51840 3 8 2820
858 51960 52860 8 10 900
859 52980 54780 10 9 1800
860 56820 59700 4 3 2880
861 59820 62640 3 8 2820
862 62760 63660 8 10 900
863 63780 65580 10 9 1800
864 67620 70500 4 3 2880
865 70620 73440 3 8 2820
866 73560 74460 8 10 900
867 74580 76380 10 9 1800
868 78420 81300 4 3 2880
869 81420 84240 3 8 2820
870 84360 85260 8 10 900
874 29880 32100 6 9 2220
875 35100 37320 9 6 2220
876 37440 39840 6 1 2400
877 39960 42540 1 5 2580
878 45900 48120 9 6 2220
879 48240 50640 6 1 2400
880 50760 53340 1 5 2580
881 56700 58920 9 6 2220
882 59040 61440 6 1 2400
883 61560 64140 1 5 2580
884 67500 69720 9 6 2220
885 69840 72240 6 1 2400
886 72360 74940 1 5 2580
887 78300 80520 9 6 2220
888 80640 83040 6 1 2400
892 30240 32460 6 16 2220
893 32580 33600 16 14 1020
894 34920 35940 14 16 1020
895 36060 38280 16 6 2220
896 38400 40800 6 10 2400
897 40920 43800 10 12 2880
898 45720 46740 14 16 1020
899 46860 49080 16 6 2220
900 49200 51600 6 10 2400
901 51720 54600 10 12 2880
902 56520 57540 14 16 1020
903 57660 59880 16 6 2220
904 60000 62400 6 10 2400
905 62520 65400 10 12 2880
906 67320 68340 14 16 1020
907 68460 70680 16 6 2220
908 70800 73200 6 10 2400
909 73320 76200 10 12 2880
910 78120 79140 14 16 1020
911 79260 81480 16 6 2220
912 81600 84000 6 10 2400
913 84120 87000 10 12 2880
917 30240 32460 6 16 2220
918 33540 35760 16 6 2220
919 36000 38400 6 1 2400
920 38640 40620 1 7 1980
921 40740 41460 7 0 720
922 44340 46560 16 6 2220
923 46800 49200 6 1 2400
924 49440 51420 1 7 1980
925 51540 52260 7 0 720
926 55140 57360 16 6 2220
927 57600 60000 6 1 2400
928 60240 62220 1 7 1980
929 62340 63060 7 0 720
930 65940 68160 16 6 2220
931 68400 70800 6 1 2400
932 71040 73020 1 7 1980
933 73140 73860 7 0 720
934 76740 78960 16 6 2220
935 79200 81600 6 1 2400
940 29760 31980 1 16 2220
941 34320 36540 16 1 2220
942 36660 39240 1 5 2580
943 39360 41340 5 13 1980
944 45120 47340 16 1 2220
945 47460 50040 1 5 2580
946 50160 52140 5 13 1980
947 55920 58140 16 1 2220
948 58260 60840 1 5 2580
949 60960 62940 5 13 1980
950 66720 68940 16 1 2220
951 69060 71640 1 5 2580
952 71760 73740 5 13 1980
953 77520 79740 16 1 2220
958 29460 30480 16 14 1020
959 31560 32580 14 16 1020
960 32700 34920 16 1 2220
961 35040 37020 1 7 1980
962 38760 39780 14 16 1020
963 39900 42120 16 1 2220
964 42240 44220 1 7 1980
965 45960 46980 14 16 1020
966 47100 49320 16 1 2220
967 49440 51420 1 7 1980
968 53160 54180 14 16 1020
969 54300 56520 16 1 2220
970 56640 58620 1 7 1980
971 60360 61380 14 16 1020
972 61500 63720 16 1 2220
973 63840 65820 1 7 1980
974 67560 68580 14 16 1020
975 68700 70920 16 1 2220
976 71040 73020 1 7 1980
977 74760 75780 14 16 1020
978 75900 78120 16 1 2220
979 78240 80220 1 7 1980
986 34800 37320 2 7 2520
987 37440 38160 7 0 720
988 39480 40320 11 4 840
989 40440 41880 4 2 1440
990 42000 44520 2 7 2520
991 44640 45360 7 0 720
992 46680 47520 11 4 840
993 47640 49080 4 2 1440
994 49200 51720 2 7 2520
995 51840 52560 7 0 720
996 53880 54720 11 4 840
997 54840 56280 4 2 1440
998 56400 58920 2 7 2520
999 59040 59760 7 0 720
1000 61080 61920 11 4 840
1001 62040 63480 4 2 1440
1002 63600 66120 2 7 2520
1003 66240 66960 7 0 720
1004 68280 69120 11 4 840
1005 69240 70680 4 2 1440
1006 70800 73320 2 7 2520
1007 73440 74160 7 0 720
1008 75480 76320 11 4 840
1009 76440 77880 4 2 1440
1010 78000 80520 2 7 2520
1011 80640 81360 7 0 720
1016 32280 33000 0 7 720
1017 33120 35640 7 2 2520
1018 35760 37200 2 4 1440
1019 37320 38160 4 11 840
1020 39480 40200 0 7 720
1021 40320 42840 7 2 2520
1022 42960 44400 2 4 1440
1023 44520 45360 4 11 840
1024 46680 47400 0 7 720
1025 47520 50040 7 2 2520
1026 50160 51600 2 4 1440
1027 51720 52560 4 11 840
1028 53880 54600 0 7 720
1029 54720 57240 7 2 2520
1030 57360 58800 2 4 1440
1031 58920 59760 4 11 840
1032 61080 61800 0 7 720
1033 61920 64440 7 2 2520
1034 64560 66000 2 4 1440
1035 66120 66960 4 11 840
1036 68280 69000 0 7 720
1037 69120 71640 7 2 2520
1038 71760 73200 2 4 1440
1039 73320 74160 4 11 840
1040 75480 76200 0 7 720
1047 32400 33120 0 7 720
1048 33240 35520 7 3 2280
1049 35700 37680 3 2 1980
1050 39600 40320 0 7 720
1051 40440 42720 7 3 2280
1052 42900 44880 3 2 1980
1053 46800 47520 0 7 720
1054 47640 49920 7 3 2280
1055 50100 52080 3 2 1980
1056 54000 54720 0 7 720
1057 54840 57120 7 3 2280
1058 57300 59280 3 2 1980
1059 61200 61920 0 7 720
1060 62040 64320 7 3 2280
1061 64500 66480 3 2 1980
1062 68400 69120 0 7 720
1063 69240 71520 7 3 2280
1064 71700 73680 3 2 1980
1065 75600 76320 0 7 720
1066 76440 78720 7 3 2280
1072 34440 36720 3 7 2280
1073 36840 37560 7 0 720
1074 39540 41520 2 3 1980
1075 41640 43920 3 7 2280
1076 44040 44760 7 0 720
1077 46740 48720 2 3 1980
1078 48840 51120 3 7 2280
1079 51240 51960 7 0 720
1080 53940 55920 2 3 1980
1081 56040 58320 3 7 2280
1082 58440 59160 7 0 720
1083 61140 63120 2 3 1980
1084 63240 65520 3 7 2280
1085 65640 66360 7 0 720
1086 68340 70320 2 3 1980
1087 70440 72720 3 7 2280
1088 72840 73560 7 0 720
1089 75540 77520 2 3 1980
1090 77640 79920 3 7 2280
1091 80040 80760 7 0 720
1094 28800 31200 6 1 2400
1095 34800 37200 1 6 2400
1096 37440 39660 6 16 2220
1097 39780 40800 16 14 1020
1098 42000 44400 1 6 2400
1099 44640 46860 6 16 2220
1100 46980 48000 16 14 1020
1101 49200 51600 1 6 2400
1102 51840 54060 6 16 2220
1103 54180 55200 16 14 1020
1104 56400 58800 1 6 2400
1105 59040 61260 6 16 2220
1106 61380 62400 16 14 1020
1107 63600 66000 1 6 2400
1108 66240 68460 6 16 2220
1109 68580 69600 16 14 1020
1110 70800 73200 1 6 2400
1111 73440 75660 6 16 2220
1112 75780 76800 16 14 1020
1113 78000 80400 1 6 2400
1120 34680 38220 5 7 3540
1121 38340 39060 7 0 720
1122 39780 41760 13 5 1980
1123 41880 45420 5 7 3540
1124 45540 46260 7 0 720
1125 46980 48960 13 5 1980
1126 49080 52620 5 7 3540
1127 52740 53460 7 0 720
1128 54180 56160 13 5 1980
1129 56280 59820 5 7 3540
1130 59940 60660 7 0 720
1131 61380 63360 13 5 1980
1132 63480 67020 5 7 3540
1133 67140 67860 7 0 720
1134 68580 70560 13 5 1980
1135 70680 74220 5 7 3540
1136 74340 75060 7 0 720
1137 75780 77760 13 5 1980
1138 77880 81420 5 7 3540
1142 31140 31860 7 0 720
1143 32580 33300 0 7 720
1144 33420 36960 7 5 3540
1145 37080 39060 5 13 1980
1146 39780 40500 0 7 720
1147 40620 44160 7 5 3540
1148 44280 46260 5 13 1980
1149 46980 47700 0 7 720
1150 47820 51360 7 5 3540
1151 51480 53460 5 13 1980
1152 54180 54900 0 7 720
1153 55020 58560 7 5 3540
1154 58680 60660 5 13 1980
1155 61380 62100 0 7 720
1156 62220 65760 7 5 3540
1157 65880 67860 5 13 1980
1158 68580 69300 0 7 720
1159 69420 72960 7 5 3540
1160 73080 75060 5 13 1980
1161 75780 76500 0 7 720
1162 76620 80160 7 5 3540
1166 29460 31860 6 1 2400
1167 34320 36720 1 6 2400
1168 36840 39180 6 8 2340
1169 39420 40320 8 10 900
1170 41520 43920 1 6 2400
1171 44040 46380 6 8 2340
1172 46620 47520 8 10 900
1173 48720 51120 1 6 2400
1174 51240 53580 6 8 2340
1175 53820 54720 8 10 900
1176 55920 58320 1 6 2400
1177 58440 60780 6 8 2340
1178 61020 61920 8 10 900
1179 63120 65520 1 6 2400
1180 65640 67980 6 8 2340
1181 68220 69120 8 10 900
1182 70320 72720 1 6 2400
1183 72840 75180 6 8 2340
1184 75420 76320 8 10 900
1185 77520 79920 1 6 2400
1186 80040 82380 6 8 2340
1187 82620 83520 8 10 900
1190 32760 33660 10 8 900
1191 33780 36600 8 3 2820
1192 36720 39000 3 7 2280
1193 39120 39840 7 0 720
1194 42180 42900 0 7 720
1195 43020 45300 7 3 2280
1196 45420 48240 3 8 2820
1197 48360 49260 8 10 900
1198 49380 52260 10 12 2880
1199 52500 56040 12 15 3540
1200 60180 60900 0 7 720
1201 61020 63300 7 3 2280
1202 63420 66240 3 8 2820
1203 66360 67260 8 10 900
1204 67380 70260 10 12 2880
1206 78180 78900 0 7 720
1207 79020 81300 7 3 2280
1208 81420 84240 3 8 2820
1209 84360 85260 8 10 900
1215 33060 35280 6 9 2220
1216 37920 40140 9 6 2220
1217 40260 43800 6 3 3540
1218 43920 46200 3 7 2280
1219 46320 47040 7 0 720
1220 48720 50940 9 6 2220
1221 51060 54600 6 3 3540
1222 54720 57000 3 7 2280
1223 57120 57840 7 0 720
1224 59520 61740 9 6 2220
1225 61860 65400 6 3 3540
1226 65520 67800 3 7 2280
1227 67920 68640 7 0 720
1228 70320 72540 9 6 2220
1229 72660 76200 6 3 3540
1230 76320 78600 3 7 2280
1231 78720 79440 7 0 720
1234 32160 33060 8 10 900
1235 33180 34980 10 9 1800
1236 37020 38820 9 10 1800
1237 38940 39840 10 8 900
1238 39960 42780 8 3 2820
1239 42900 45780 3 4 2880
1240 47820 49620 9 10 1800
1241 49740 50640 10 8 900
1242 50760 53580 8 3 2820
1243 53700 56580 3 4 2880
1244 58620 60420 9 10 1800
1245 60540 61440 10 8 900
1246 61560 64380 8 3 2820
1247 64500 67380 3 4 2880
1248 69420 71220 9 10 1800
1249 71340 72240 10 8 900
1250 72360 75180 8 3 2820
1251 75300 78180 3 4 2880
1254 29160 31980 8 3 2820
1255 32100 34980 3 4 2880
1256 37020 39900 4 3 2880
1257 40020 42840 3 8 2820
1258 42960 43860 8 10 900
1259 43980 45780 10 9 1800
1260 47820 50700 4 3 2880
1261 50820 53640 3 8 2820
1262 53760 54660 8 10 900
1263 54780 56580 10 9 1800
1264 58620 61500 4 3 2880
1265 61620 64440 3 8 2820
1266 64560 65460 8 10 900
1267 65580 67380 10 9 1800
1268 69420 72300 4 3 2880
1269 72420 75240 3 8 2820
1270 75360 76260 8 10 900
1277 34440 35880 4 2 1440
1278 36000 38520 2 7 2520
1279 38640 39360 7 0 720
1280 40680 41520 11 4 840
1281 41640 43080 4 2 1440
1282 43200 45720 2 7 2520
1283 45840 46560 7 0 720
1284 47880 48720 11 4 840
1285 48840 50280 4 2 1440
1286 50400 52920 2 7 2520
1287 53040 53760 7 0 720
1288 55080 55920 11 4 840
1289 56040 57480 4 2 1440
1290 57600 60120 2 7 2520
1291 60240 60960 7 0 720
1292 62280 63120 11 4 840
1293 63240 64680 4 2 1440
1294 64800 67320 2 7 2520
1295 67440 68160 7 0 720
1296 69480 70320 11 4 840
1297 70440 71880 4 2 1440
1298 72000 74520 2 7 2520
1299 74640 75360 7 0 720
1300 76680 77520 11 4 840
1301 77640 79080 4 2 1440
1302 79200 81720 2 7 2520
1307 31440 32160 7 0 720
1308 33480 34200 0 7 720
1309 34320 36840 7 2 2520
1310 36960 38400 2 4 1440
1311 38520 39360 4 11 840
1312 40680 41400 0 7 720
1313 41520 44040 7 2 2520
1314 44160 45600 2 4 1440
1315 45720 46560 4 11 840
1316 47880 48600 0 7 720
1317 48720 51240 7 2 2520
1318 51360 52800 2 4 1440
1319 52920 53760 4 11 840
1320 55080 55800 0 7 720
1321 55920 58440 7 2 2520
1322 58560 60000 2 4 1440
1323 60120 60960 4 11 840
1324 62280 63000 0 7 720
1325 63120 65640 7 2 2520
1326 65760 67200 2 4 1440
1327 67320 68160 4 11 840
1328 69480 70200 0 7 720
1329 70320 72840 7 2 2520
1330 72960 74400 2 4 1440
1331 74520 75360 4 11 840
1332 76680 77400 0 7 720
1337 28800 31200 6 1 2400
1338 31440 33420 1 7 1980
1339 33540 34260 7 0 720
1340 35580 36300 0 7 720
1341 36420 38400 7 1 1980
1342 38520 40920 1 6 2400
1343 41040 43260 6 16 2220
1344 46380 47100 0 7 720
1345 47220 49200 7 1 1980
1346 49320 51720 1 6 2400
1347 51840 54060 6 16 2220
1348 57180 57900 0 7 720
1349 58020 60000 7 1 1980
1350 60120 62520 1 6 2400
1351 62640 64860 6 16 2220
1352 67980 68700 0 7 720
1353 68820 70800 7 1 1980
1354 70920 73320 1 6 2400
1355 73440 75660 6 16 2220
1356 78780 79500 0 7 720
1357 79620 81600 7 1 1980
1358 81720 84120 1 6 2400
1362 29280 31680 1 6 2400
1363 31800 34200 6 10 2400
1364 34320 37200 10 12 2880
1365 37800 40680 12 10 2880
1366 40800 43200 10 6 2400
1367 43320 45720 6 1 2400
1368 45840 47820 1 7 1980
1369 47940 48660 7 0 720
1370 52200 55080 12 10 2880
1371 55200 57600 10 6 2400
1372 57720 60120 6 1 2400
1373 60240 62220 1 7 1980
1374 62340 63060 7 0 720
1375 66600 69480 12 10 2880
1376 69600 72000 10 6 2400
1377 72120 74520 6 1 2400
1378 74640 76620 1 7 1980
1379 76740 77460 7 0 720
1384 35880 39420 5 7 3540
1385 39540 40260 7 0 720
1386 40980 42960 13 5 1980
1387 43080 46620 5 7 3540
1388 46740 47460 7 0 720
1389 48180 50160 13 5 1980
1390 50280 53820 5 7 3540
1391 53940 54660 7 0 720
1392 55380 57360 13 5 1980
1393 57480 61020 5 7 3540
1394 61140 61860 7 0 720
1395 62580 64560 13 5 1980
1396 64680 68220 5 7 3540
1397 68340 69060 7 0 720
1398 69780 71760 13 5 1980
1399 71880 75420 5 7 3540
1400 75540 76260 7 0 720
1401 76980 78960 13 5 1980
1402 79080 82620 5 7 3540
1406 32340 33060 7 0 720
1407 33780 34500 0 7 720
1408 34620 38160 7 5 3540
1409 38280 40260 5 13 1980
1410 40980 41700 0 7 720
1411 41820 45360 7 5 3540
1412 45480 47460 5 13 1980
1413 48180 48900 0 7 720
1414 49020 52560 7 5 3540
1415 52680 54660 5 13 1980
1416 55380 56100 0 7 720
1417 56220 59760 7 5 3540
1418 59880 61860 5 13 1980
1419 62580 63300 0 7 720
1420 63420 66960 7 5 3540
1421 67080 69060 5 13 1980
1422 69780 70500 0 7 720
1423 70620 74160 7 5 3540
1424 74280 76260 5 13 1980
1425 76980 77700 0 7 720
1430 31440 32160 7 0 720
1431 34200 34920 0 7 720
1432 35040 37320 7 3 2280
1433 37500 39480 3 2 1980
1434 41400 42120 0 7 720
1435 42240 44520 7 3 2280
1436 44700 46680 3 2 1980
1437 48600 49320 0 7 720
1438 49440 51720 7 3 2280
1439 51900 53880 3 2 1980
1440 55800 56520 0 7 720
1441 56640 58920 7 3 2280
1442 59100 61080 3 2 1980
1443 63000 63720 0 7 720
1444 63840 66120 7 3 2280
1445 66300 68280 3 2 1980
1446 70200 70920 0 7 720
1447 71040 73320 7 3 2280
1448 73500 75480 3 2 1980
1449 77400 78120 0 7 720
1450 78240 80520 7 3 2280
1454 30300 32280 3 2 1980
1455 34140 36120 2 3 1980
1456 36240 38520 3 7 2280
1457 38640 39360 7 0 720
1458 41340 43320 2 3 1980
1459 43440 45720 3 7 2280
1460 45840 46560 7 0 720
1461 48540 50520 2 3 1980
1462 50640 52920 3 7 2280
1463 53040 53760 7 0 720
1464 55740 57720 2 3 1980
1465 57840 60120 3 7 2280
1466 60240 60960 7 0 720
1467 62940 64920 2 3 1980
1468 65040 67320 3 7 2280
1469 67440 68160 7 0 720
1470 70140 72120 2 3 1980
1471 72240 74520 3 7 2280
1472 74640 75360 7 0 720
1473 77340 79320 2 3 1980
1474 79440 81720 3 7 2280
1478 32520 34920 6 1 2400
1479 35040 37020 1 7 1980
1480 37140 37860 7 0 720
1481 40740 41460 0 7 720
1482 41580 43560 7 1 1980
1483 43680 46080 1 6 2400
1484 46200 48600 6 10 2400
1485 48720 51600 10 12 2880
1486 55140 55860 0 7 720
1487 55980 57960 7 1 1980
1488 58080 60480 1 6 2400
1489 60600 63000 6 10 2400
1490 63120 66000 10 12 2880
1491 69540 70260 0 7 720
1492 70380 72360 7 1 1980
1493 72480 74880 1 6 2400
1494 75000 77400 6 10 2400
1497 29460 33000 6 3 3540
1498 33120 35400 3 7 2280
1499 35520 36240 7 0 720
1500 36960 37680 0 7 720
1501 37800 40080 7 3 2280
1502 40200 43740 3 6 3540
1503 43860 46080 6 9 2220
1504 47760 48480 0 7 720
1505 48600 50880 7 3 2280
1506 51000 54540 3 6 3540
1507 54660 56880 6 9 2220
1508 58560 59280 0 7 720
1509 59400 61680 7 3 2280
1510 61800 65340 3 6 3540
1511 65460 67680 6 9 2220
1512 69360 70080 0 7 720
1513 70200 72480 7 3 2280
1514 72600 76140 3 6 3540
1517 29640 31980 6 8 2340
1518 32220 33120 8 10 900
1519 36660 37560 10 8 900
1520 37800 40140 8 6 2340
1521 40260 42660 6 1 2400
1522 43860 44760 10 8 900
1523 45000 47340 8 6 2340
1524 47460 49860 6 1 2400
1525 51060 51960 10 8 900
1526 52200 54540 8 6 2340
1527 54660 57060 6 1 2400
1528 58260 59160 10 8 900
1529 59400 61740 8 6 2340
1530 61860 64260 6 1 2400
1531 65460 66360 10 8 900
1532 66600 68940 8 6 2340
1533 69060 71460 6 1 2400
1534 72660 73560 10 8 900
1535 73800 76140 8 6 2340
1536 76260 78660 6 1 2400
1538 29460 32040 1 5 2580
1539 32160 34140 5 13 1980
1540 35760 37740 13 5 1980
1541 37860 40440 5 1 2580
1542 40560 42780 1 16 2220
1543 46560 48540 13 5 1980
1544 48660 51240 5 1 2580
1545 51360 53580 1 16 2220
1546 57360 59340 13 5 1980
1547 59460 62040 5 1 2580
1548 62160 64380 1 16 2220
1549 68160 70140 13 5 1980
1550 70260 72840 5 1 2580
1551 72960 75180 1 16 2220
1552 78960 80940 13 5 1980
1553 81060 83640 5 1 2580
1556 29940 31920 1 7 1980
1557 32040 34560 7 2 2520
1558 38160 40680 2 7 2520
1559 40800 42780 7 1 1980
1560 43020 45600 1 5 2580
1561 48960 51480 2 7 2520
1562 51600 53580 7 1 1980
1563 53820 56400 1 5 2580
1564 59760 62280 2 7 2520
1565 62400 64380 7 1 1980
1566 64620 67200 1 5 2580
1567 70560 73080 2 7 2520
1568 73200 75180 7 1 1980
1569 75420 78000 1 5 2580
1572 32220 34800 1 5 2580
1573 38040 40620 5 1 2580
1574 40740 42720 1 7 1980
1575 42840 45360 7 2 2520
1576 48840 51420 5 1 2580
1577 51540 53520 1 7 1980
1578 53640 56160 7 2 2520
1579 59640 62220 5 1 2580
1580 62340 64320 1 7 1980
1581 64440 66960 7 2 2520
1582 70440 73020 5 1 2580
1583 73140 75120 1 7 1980
1584 75240 77760 7 2 2520
1590 35640 37080 4 2 1440
1591 37200 39720 2 7 2520
1592 39840 40560 7 0 720
1593 41880 42720 11 4 840
1594 42840 44280 4 2 1440
1595 44400 46920 2 7 2520
1596 47040 47760 7 0 720
1597 49080 49920 11 4 840
1598 50040 51480 4 2 1440
1599 51600 54120 2 7 2520
1600 54240 54960 7 0 720
1601 56280 57120 11 4 840
1602 57240 58680 4 2 1440
1603 58800 61320 2 7 2520
1604 61440 62160 7 0 720
1605 63480 64320 11 4 840
1606 64440 65880 4 2 1440
1607 66000 68520 2 7 2520
1608 68640 69360 7 0 720
1609 70680 71520 11 4 840
1610 71640 73080 4 2 1440
1611 73200 75720 2 7 2520
1612 75840 76560 7 0 720
1620 32640 33360 7 0 720
1621 34680 35400 0 7 720
1622 35520 38040 7 2 2520
1623 38160 39600 2 4 1440
1624 39720 40560 4 11 840
1625 41880 42600 0 7 720
1626 42720 45240 7 2 2520
1627 45360 46800 2 4 1440
1628 46920 47760 4 11 840
1629 49080 49800 0 7 720
1630 49920 52440 7 2 2520
1631 52560 54000 2 4 1440
1632 54120 54960 4 11 840
1633 56280 57000 0 7 720
1634 57120 59640 7 2 2520
1635 59760 61200 2 4 1440
1636 61320 62160 4 11 840
1637 63480 64200 0 7 720
1638 64320 66840 7 2 2520
1639 66960 68400 2 4 1440
1640 68520 69360 4 11 840
1641 70680 71400 0 7 720
1642 71520 74040 7 2 2520
1643 74160 75600 2 4 1440
1644 75720 76560 4 11 840
1645 77880 78600 0 7 720
1650 30240 32460 6 16 2220
1651 32580 33600 16 14 1020
1652 36000 37020 14 16 1020
1653 37140 39360 16 6 2220
1654 39600 42000 6 1 2400
1655 43200 44220 14 16 1020
1656 44340 46560 16 6 2220
1657 46800 49200 6 1 2400
1658 50400 51420 14 16 1020
1659 51540 53760 16 6 2220
1660 54000 56400 6 1 2400
1661 57600 58620 14 16 1020
1662 58740 60960 16 6 2220
1663 61200 63600 6 1 2400
1664 64800 65820 14 16 1020
1665 65940 68160 16 6 2220
1666 68400 70800 6 1 2400
1667 72000 73020 14 16 1020
1668 73140 75360 16 6 2220
1669 75600 78000 6 1 2400
1670 79200 80220 14 16 1020
1671 80340 82560 16 6 2220
1675 31620 35160 3 6 3540
1676 35280 37500 6 9 2220
1677 38700 40920 9 6 2220
1678 41040 44580 6 3 3540
1679 44700 47580 3 4 2880
1680 47700 48540 4 11 840
1681 49500 51720 9 6 2220
1682 51840 55380 6 3 3540
1683 55500 58380 3 4 2880
1684 58500 59340 4 11 840
1685 60300 62520 9 6 2220
1686 62640 66180 6 3 3540
1687 66300 69180 3 4 2880
1688 69300 70140 4 11 840
1689 71100 73320 9 6 2220
1690 73440 76980 6 3 3540
1695 31200 33600 6 10 2400
1696 33720 36600 10 12 2880
1697 39120 42000 12 10 2880
1698 42120 44520 10 6 2400
1699 44640 46860 6 16 2220
1700 46980 48000 16 14 1020
1701 49920 52800 12 10 2880
1702 52920 55320 10 6 2400
1703 55440 57660 6 16 2220
1704 57780 58800 16 14 1020
1705 60720 63600 12 10 2880
1706 63720 66120 10 6 2400
1707 66240 68460 6 16 2220
1708 68580 69600 16 14 1020
1709 71520 74400 12 10 2880
1710 74520 76920 10 6 2400
1711 77040 79260 6 16 2220
1715 31020 33840 3 8 2820
1716 33960 34860 8 10 900
1717 34980 37860 10 12 2880
1718 38100 41640 12 15 3540
1719 44100 47640 15 12 3540
1720 47760 50640 12 10 2880
1721 50760 51660 10 8 900
1722 51780 54600 8 3 2820
1723 54720 57000 3 7 2280
1724 57120 57840 7 0 720
1725 58500 62040 15 12 3540
1726 62160 65040 12 10 2880
1727 65160 66060 10 8 900
1728 66180 69000 8 3 2820
1729 69120 71400 3 7 2280
1730 71520 72240 7 0 720
1731 72900 76440 15 12 3540
1732 76560 79440 12 10 2880
1733 79560 80460 10 8 900
1739 32280 34260 5 13 1980
1740 34980 36960 13 5 1980
1741 37080 40620 5 7 3540
1742 40740 41460 7 0 720
1743 42180 44160 13 5 1980
1744 44280 47820 5 7 3540
1745 47940 48660 7 0 720
1746 49380 51360 13 5 1980
1747 51480 55020 5 7 3540
1748 55140 55860 7 0 720
1749 56580 58560 13 5 1980
1750 58680 62220 5 7 3540
1751 62340 63060 7 0 720
1752 63780 65760 13 5 1980
1753 65880 69420 5 7 3540
1754 69540 70260 7 0 720
1755 70980 72960 13 5 1980
1756 73080 76620 5 7 3540
1757 76740 77460 7 0 720
1758 78180 80160 13 5 1980
1763 33540 34260 7 0 720
1764 34980 35700 0 7 720
1765 35820 39360 7 5 3540
1766 39480 41460 5 13 1980
1767 42180 42900 0 7 720
1768 43020 46560 7 5 3540
1769 46680 48660 5 13 1980
1770 49380 50100 0 7 720
1771 50220 53760 7 5 3540
1772 53880 55860 5 13 1980
1773 56580 57300 0 7 720
1774 57420 60960 7 5 3540
1775 61080 63060 5 13 1980
1776 63780 64500 0 7 720
1777 64620 68160 7 5 3540
1778 68280 70260 5 13 1980
1779 70980 71700 0 7 720
1780 71820 75360 7 5 3540
1781 75480 77460 5 13 1980
1782 78180 78900 0 7 720
1786 30240 33780 6 3 3540
1787 33900 36780 3 4 2880
1788 36900 37740 4 11 840
1789 38460 39300 11 4 840
1790 39420 42300 4 3 2880
1791 42420 45960 3 6 3540
1792 46080 48300 6 9 2220
1793 49260 50100 11 4 840
1794 50220 53100 4 3 2880
1795 53220 56760 3 6 3540
1796 56880 59100 6 9 2220
1797 60060 60900 11 4 840
1798 61020 63900 4 3 2880
1799 64020 67560 3 6 3540
1800 67680 69900 6 9 2220
1801 70860 71700 11 4 840
1802 71820 74700 4 3 2880
1803 74820 78360 3 6 3540
1806 30240 32640 6 1 2400
1807 32760 35340 1 5 2580
1808 39060 41640 5 1 2580
1809 41760 44160 1 6 2400
1810 44280 46500 6 9 2220
1811 49860 52440 5 1 2580
1812 52560 54960 1 6 2400
1813 55080 57300 6 9 2220
1814 60660 63240 5 1 2580
1815 63360 65760 1 6 2400
1816 65880 68100 6 9 2220
1817 71460 74040 5 1 2580
1818 74160 76560 1 6 2400
1822 31440 33420 1 7 1980
1823 35820 37800 7 1 1980
1824 37920 40140 1 16 2220
1825 40260 41280 16 14 1020
1826 43020 45000 7 1 1980
1827 45120 47340 1 16 2220
1828 47460 48480 16 14 1020
1829 50220 52200 7 1 1980
1830 52320 54540 1 16 2220
1831 54660 55680 16 14 1020
1832 57420 59400 7 1 1980
1833 59520 61740 1 16 2220
1834 61860 62880 16 14 1020
1835 64620 66600 7 1 1980
1836 66720 68940 1 16 2220
1837 69060 70080 16 14 1020
1838 71820 73800 7 1 1980
1839 73920 76140 1 16 2220
1840 76260 77280 16 14 1020
1841 79020 81000 7 1 1980
1845 31020 33840 3 8 2820
1846 33960 34860 8 10 900
1847 34980 36780 10 9 1800
1848 38820 40620 9 10 1800
1849 40740 41640 10 8 900
1850 41760 44580 8 3 2820
1851 44700 47580 3 4 2880
1852 49620 51420 9 10 1800
1853 51540 52440 10 8 900
1854 52560 55380 8 3 2820
1855 55500 58380 3 4 2880
1856 60420 62220 9 10 1800
1857 62340 63240 10 8 900
1858 63360 66180 8 3 2820
1859 66300 69180 3 4 2880
1860 71220 73020 9 10 1800
1861 73140 74040 10 8 900
1862 74160 76980 8 3 2820
1866 30960 33780 8 3 2820
1867 33900 36780 3 4 2880
1868 38820 41700 4 3 2880
1869 41820 44640 3 8 2820
1870 44760 45660 8 10 900
1871 45780 47580 10 9 1800
1872 49620 52500 4 3 2880
1873 52620 55440 3 8 2820
1874 55560 56460 8 10 900
1875 56580 58380 10 9 1800
1876 60420 63300 4 3 2880
1877 63420 66240 3 8 2820
1878 66360 67260 8 10 900
1879 67380 69180 10 9 1800
1880 71220 74100 4 3 2880
1881 74220 77040 3 8 2820
1882 77160 78060 8 10 900
1885 30960 33360 1 6 2400
1886 33480 35700 6 9 2220
1887 38700 40920 9 6 2220
1888 41040 43440 6 1 2400
1889 43560 46140 1 5 2580
1890 49500 51720 9 6 2220
1891 51840 54240 6 1 2400
1892 54360 56940 1 5 2580
1893 60300 62520 9 6 2220
1894 62640 65040 6 1 2400
1895 65160 67740 1 5 2580
1896 71100 73320 9 6 2220
1897 73440 75840 6 1 2400
1898 75960 78540 1 5 2580
1900 31320 33720 10 6 2400
1901 33840 36060 6 16 2220
1902 36180 37200 16 14 1020
1903 38520 39540 14 16 1020
1904 39660 41880 16 6 2220
1905 42000 44400 6 10 2400
1906 44520 47400 10 12 2880
1907 49320 50340 14 16 1020
1908 50460 52680 16 6 2220
1909 52800 55200 6 10 2400
1910 55320 58200 10 12 2880
1911 60120 61140 14 16 1020
1912 61260 63480 16 6 2220
1913 63600 66000 6 10 2400
1914 66120 69000 10 12 2880
1915 70920 71940 14 16 1020
1916 72060 74280 16 6 2220
1917 74400 76800 6 10 2400
1921 31320 33720 1 6 2400
1922 33840 36060 6 16 2220
1923 37140 39360 16 6 2220
1924 39600 42000 6 1 2400
1925 42240 44220 1 7 1980
1926 44340 45060 7 0 720
1927 47940 50160 16 6 2220
1928 50400 52800 6 1 2400
1929 53040 55020 1 7 1980
1930 55140 55860 7 0 720
1931 58740 60960 16 6 2220
1932 61200 63600 6 1 2400
1933 63840 65820 1 7 1980
1934 65940 66660 7 0 720
1935 69540 71760 16 6 2220
1936 72000 74400 6 1 2400
1937 74640 76620 1 7 1980
1938 76740 77460 7 0 720
1941 33360 35580 1 16 2220
1942 37920 40140 16 1 2220
1943 40260 42840 1 5 2580
1944 42960 44940 5 13 1980
1945 48720 50940 16 1 2220
1946 51060 53640 1 5 2580
1947 53760 55740 5 13 1980
1948 59520 61740 16 1 2220
1949 61860 64440 1 5 2580
1950 64560 66540 5 13 1980
1951 70320 72540 16 1 2220
1952 72660 75240 1 5 2580
1953 75360 77340 5 13 1980
1955 30720 32940 1 16 2220
1956 33060 34080 16 14 1020
1957 35160 36180 14 16 1020
1958 36300 38520 16 1 2220
1959 38640 40620 1 7 1980
1960 42360 43380 14 16 1020
1961 43500 45720 16 1 2220
1962 45840 47820 1 7 1980
1963 49560 50580 14 16 1020
1964 50700 52920 16 1 2220
1965 53040 55020 1 7 1980
1966 56760 57780 14 16 1020
1967 57900 60120 16 1 2220
1968 60240 62220 1 7 1980
1969 63960 64980 14 16 1020
1970 65100 67320 16 1 2220
1971 67440 69420 1 7 1980
1972 71160 72180 14 16 1020
1973 72300 74520 16 1 2220
1974 74640 76620 1 7 1980
1975 78360 79380 14 16 1020
1976 79500 81720 16 1 2220
1982 35880 36720 11 4 840
1983 36840 38280 4 2 1440
1984 38400 40920 2 7 2520
1985 41040 41760 7 0 720
1986 43080 43920 11 4 840
1987 44040 45480 4 2 1440
1988 45600 48120 2 7 2520
1989 48240 48960 7 0 720
1990 50280 51120 11 4 840
1991 51240 52680 4 2 1440
1992 52800 55320 2 7 2520
1993 55440 56160 7 0 720
1994 57480 58320 11 4 840
1995 58440 59880 4 2 1440
1996 60000 62520 2 7 2520
1997 62640 63360 7 0 720
1998 64680 65520 11 4 840
1999 65640 67080 4 2 1440
2000 67200 69720 2 7 2520
2001 69840 70560 7 0 720
2002 71880 72720 11 4 840
2003 72840 74280 4 2 1440
2004 74400 76920 2 7 2520
2005 77040 77760 7 0 720
2013 33840 34560 7 0 720
2014 35880 36600 0 7 720
2015 36720 39240 7 2 2520
2016 39360 40800 2 4 1440
2017 40920 41760 4 11 840
2018 43080 43800 0 7 720
2019 43920 46440 7 2 2520
2020 46560 48000 2 4 1440
2021 48120 48960 4 11 840
2022 50280 51000 0 7 720
2023 51120 53640 7 2 2520
2024 53760 55200 2 4 1440
2025 55320 56160 4 11 840
2026 57480 58200 0 7 720
2027 58320 60840 7 2 2520
2028 60960 62400 2 4 1440
2029 62520 63360 4 11 840
2030 64680 65400 0 7 720
2031 65520 68040 7 2 2520
2032 68160 69600 2 4 1440
2033 69720 70560 4 11 840
2034 71880 72600 0 7 720
2035 72720 75240 7 2 2520
2036 75360 76800 2 4 1440
2038 79080 79800 0 7 720
2044 32100 34080 3 2 1980
2045 35940 37920 2 3 1980
2046 38040 40320 3 7 2280
2047 40440 41160 7 0 720
2049 29940 32160 16 6 2220
2050 32400 34800 6 1 2400
2051 38400 40800 1 6 2400
2052 41040 43260 6 16 2220
2053 43380 44400 16 14 1020
2055 30600 32940 8 6 2340
2056 33060 35460 6 1 2400
2057 37920 40320 1 6 2400
2058 40440 42780 6 8 2340
2059 43020 43920 8 10 900
2062 36360 37260 10 8 900
2063 37380 40200 8 3 2820
2064 40320 42600 3 7 2280
2065 42720 43440 7 0 720
2066 45780 46500 0 7 720
2067 46620 48900 7 3 2280
2068 49020 51840 3 8 2820
2069 51960 52860 8 10 900
2070 52980 55860 10 12 2880
2071 56100 59640 12 15 3540
2072 63780 64500 0 7 720
2073 64620 66900 7 3 2280
2074 67020 69840 3 8 2820
2075 69960 70860 8 10 900
2076 70980 73860 10 12 2880
2079 30600 32880 7 3 2280
2080 33000 36540 3 6 3540
2081 36660 38880 6 9 2220
2082 41520 43740 9 6 2220
2083 43860 47400 6 3 3540
2084 47520 49800 3 7 2280
2085 49920 50640 7 0 720
2086 52320 54540 9 6 2220
2087 54660 58200 6 3 3540
2088 58320 60600 3 7 2280
2089 60720 61440 7 0 720
2090 63120 65340 9 6 2220
2091 65460 69000 6 3 3540
2092 69120 71400 3 7 2280
2093 71520 72240 7 0 720
2094 73920 76140 9 6 2220
2095 76260 79800 6 3 3540
2096 79920 82200 3 7 2280
2099 32820 35640 3 8 2820
2100 35760 36660 8 10 900
2101 36780 38580 10 9 1800
2102 40620 42420 9 10 1800
2103 42540 43440 10 8 900
2104 43560 46380 8 3 2820
2105 46500 49380 3 4 2880
2106 51420 53220 9 10 1800
2107 53340 54240 10 8 900
2108 54360 57180 8 3 2820
2109 57300 60180 3 4 2880
2110 62220 64020 9 10 1800
2111 64140 65040 10 8 900
2112 65160 67980 8 3 2820
2113 68100 70980 3 4 2880
2114 73020 74820 9 10 1800
2115 74940 75840 10 8 900
2116 75960 78780 8 3 2820
2119 31740 32640 10 8 900
2120 32760 35580 8 3 2820
2121 35700 38580 3 4 2880
2122 40620 43500 4 3 2880
2123 43620 46440 3 8 2820
2124 46560 47460 8 10 900
2125 47580 49380 10 9 1800
2126 51420 54300 4 3 2880
2127 54420 57240 3 8 2820
2128 57360 58260 8 10 900
2129 58380 60180 10 9 1800
2130 62220 65100 4 3 2880
2131 65220 68040 3 8 2820
2132 68160 69060 8 10 900
2133 69180 70980 10 9 1800
2134 73020 75900 4 3 2880
2135 76020 78840 3 8 2820
2136 78960 79860 8 10 900
2138 29940 32160 16 6 2220
2139 32400 34800 6 1 2400
2140 35040 37020 1 7 1980
2141 37140 37860 7 0 720
2142 39180 39900 0 7 720
2143 40020 42000 7 1 1980
2144 42120 44520 1 6 2400
2145 44640 46860 6 16 2220
2146 49980 50700 0 7 720
2147 50820 52800 7 1 1980
2148 52920 55320 1 6 2400
2149 55440 57660 6 16 2220
2150 60780 61500 0 7 720
2151 61620 63600 7 1 1980
2152 63720 66120 1 6 2400
2153 66240 68460 6 16 2220
2154 71580 72300 0 7 720
2155 72420 74400 7 1 1980
2156 74520 76920 1 6 2400
2157 77040 79260 6 16 2220
2159 30780 32760 7 1 1980
2160 32880 35280 1 6 2400
2161 35400 37800 6 10 2400
2162 37920 40800 10 12 2880
2163 41400 44280 12 10 2880
2164 44400 46800 10 6 2400
2165 46920 49320 6 1 2400
2166 49440 51420 1 7 1980
2167 51540 52260 7 0 720
2168 55800 58680 12 10 2880
2169 58800 61200 10 6 2400
2170 61320 63720 6 1 2400
2171 63840 65820 1 7 1980
2172 65940 66660 7 0 720
2173 70200 73080 12 10 2880
2174 73200 75600 10 6 2400
2175 75720 78120 6 1 2400
2176 78240 80220 1 7 1980
2177 80340 81060 7 0 720
2179 33600 36000 10 6 2400
2180 36120 38520 6 1 2400
2181 38640 40620 1 7 1980
2182 40740 41460 7 0 720
2183 44340 45060 0 7 720
2184 45180 47160 7 1 1980
2185 47280 49680 1 6 2400
2186 49800 52200 6 10 2400
2187 52320 55200 10 12 2880
2188 58740 59460 0 7 720
2189 59580 61560 7 1 1980
2190 61680 64080 1 6 2400
2191 64200 66600 6 10 2400
2192 66720 69600 10 12 2880
2193 73140 73860 0 7 720
2194 73980 75960 7 1 1980
2195 76080 78480 1 6 2400
2196 78600 81000 6 10 2400
2197 81120 84000 10 12 2880
2199 33060 36600 6 3 3540
2200 36720 39000 3 7 2280
2201 39120 39840 7 0 720
2202 40560 41280 0 7 720
2203 41400 43680 7 3 2280
2204 43800 47340 3 6 3540
2205 47460 49680 6 9 2220
2206 51360 52080 0 7 720
2207 52200 54480 7 3 2280
2208 54600 58140 3 6 3540
2209 58260 60480 6 9 2220
2210 62160 62880 0 7 720
2211 63000 65280 7 3 2280
2212 65400 68940 3 6 3540
2213 69060 71280 6 9 2220
2214 72960 73680 0 7 720
2215 73800 76080 7 3 2280
2216 76200 79740 3 6 3540
2218 30720 32940 16 1 2220
2219 33060 35640 1 5 2580
2220 35760 37740 5 13 1980
2221 39360 41340 13 5 1980
2222 41460 44040 5 1 2580
2223 44160 46380 1 16 2220
2224 50160 52140 13 5 1980
2225 52260 54840 5 1 2580
2226 54960 57180 1 16 2220
2227 60960 62940 13 5 1980
2228 63060 65640 5 1 2580
2229 65760 67980 1 16 2220
2230 71760 73740 13 5 1980
2231 73860 76440 5 1 2580
2232 76560 78780 1 16 2220
2234 33540 35520 1 7 1980
2235 35640 38160 7 2 2520
2236 41760 44280 2 7 2520
2237 44400 46380 7 1 1980
2238 46620 49200 1 5 2580
2239 52560 55080 2 7 2520
2240 55200 57180 7 1 1980
2241 57420 60000 1 5 2580
2242 63360 65880 2 7 2520
2243 66000 67980 7 1 1980
2244 68220 70800 1 5 2580
2245 74160 76680 2 7 2520
2246 76800 78780 7 1 1980
2249 33600 35580 7 1 1980
2250 35820 38400 1 5 2580
2251 41640 44220 5 1 2580
2252 44340 46320 1 7 1980
2253 46440 48960 7 2 2520
2254 52440 55020 5 1 2580
2255 55140 57120 1 7 1980
2256 57240 59760 7 2 2520
2257 63240 65820 5 1 2580
2258 65940 67920 1 7 1980
2259 68040 70560 7 2 2520
2260 74040 76620 5 1 2580
2261 76740 78720 1 7 1980
2265 35220 38760 3 6 3540
2266 38880 41100 6 9 2220
2267 42300 44520 9 6 2220
2268 44640 48180 6 3 3540
2269 48300 51180 3 4 2880
2270 51300 52140 4 11 840
2271 53100 55320 9 6 2220
2272 55440 58980 6 3 3540
2273 59100 61980 3 4 2880
2274 62100 62940 4 11 840
2275 63900 66120 9 6 2220
2276 66240 69780 6 3 3540
2277 69900 72780 3 4 2880
2278 72900 73740 4 11 840
2279 74700 76920 9 6 2220
2280 77040 80580 6 3 3540
2283 31320 32340 14 16 1020
2284 32460 34680 16 6 2220
2285 34800 37200 6 10 2400
2286 37320 40200 10 12 2880
2287 42720 45600 12 10 2880
2288 45720 48120 10 6 2400
2289 48240 50460 6 16 2220
2290 50580 51600 16 14 1020
2291 53520 56400 12 10 2880
2292 56520 58920 10 6 2400
2293 59040 61260 6 16 2220
2294 61380 62400 16 14 1020
2295 64320 67200 12 10 2880
2296 67320 69720 10 6 2400
2297 69840 72060 6 16 2220
2298 72180 73200 16 14 1020
2299 75120 78000 12 10 2880
2300 78120 80520 10 6 2400
2303 31380 32100 0 7 720
2304 32220 34500 7 3 2280
2305 34620 37440 3 8 2820
2306 37560 38460 8 10 900
2307 38580 41460 10 12 2880
2308 41700 45240 12 15 3540
2309 47700 51240 15 12 3540
2310 51360 54240 12 10 2880
2311 54360 55260 10 8 900
2312 55380 58200 8 3 2820
2313 58320 60600 3 7 2280
2314 60720 61440 7 0 720
2315 62100 65640 15 12 3540
2316 65760 68640 12 10 2880
2317 68760 69660 10 8 900
2318 69780 72600 8 3 2820
2319 72720 75000 3 7 2280
2320 75120 75840 7 0 720
2321 76500 80040 15 12 3540
2322 80160 83040 12 10 2880
2328 33840 37380 6 3 3540
2329 37500 40380 3 4 2880
2330 40500 41340 4 11 840
2331 42060 42900 11 4 840
2332 43020 45900 4 3 2880
2333 46020 49560 3 6 3540
2334 49680 51900 6 9 2220
2335 52860 53700 11 4 840
2336 53820 56700 4 3 2880
2337 56820 60360 3 6 3540
2338 60480 62700 6 9 2220
2339 63660 64500 11 4 840
2340 64620 67500 4 3 2880
2341 67620 71160 3 6 3540
2342 71280 73500 6 9 2220
2343 74460 75300 11 4 840
2344 75420 78300 4 3 2880
2345 78420 81960 3 6 3540
2348 33840 36240 6 1 2400
2349 36360 38940 1 5 2580
2350 42660 45240 5 1 2580
2351 45360 47760 1 6 2400
2352 47880 50100 6 9 2220
2353 53460 56040 5 1 2580
2354 56160 58560 1 6 2400
2355 58680 60900 6 9 2220
2356 64260 66840 5 1 2580
2357 66960 69360 1 6 2400
2358 69480 71700 6 9 2220
2359 75060 77640 5 1 2580
2360 77760 80160 1 6 2400
2363 34620 37440 3 8 2820
2364 37560 38460 8 10 900
2365 38580 40380 10 9 1800
2366 42420 44220 9 10 1800
2367 44340 45240 10 8 900
2368 45360 48180 8 3 2820
2369 48300 51180 3 4 2880
2370 53220 55020 9 10 1800
2371 55140 56040 10 8 900
2372 56160 58980 8 3 2820
2373 59100 61980 3 4 2880
2374 64020 65820 9 10 1800
2375 65940 66840 10 8 900
2376 66960 69780 8 3 2820
2377 69900 72780 3 4 2880
2378 74820 76620 9 10 1800
2379 76740 77640 10 8 900
2380 77760 80580 8 3 2820
2383 33540 34440 10 8 900
2384 34560 37380 8 3 2820
2385 37500 40380 3 4 2880
2386 42420 45300 4 3 2880
2387 45420 48240 3 8 2820
2388 48360 49260 8 10 900
2389 49380 51180 10 9 1800
2390 53220 56100 4 3 2880
2391 56220 59040 3 8 2820
2392 59160 60060 8 10 900
2393 60180 61980 10 9 1800
2394 64020 66900 4 3 2880
2395 67020 69840 3 8 2820
2396 69960 70860 8 10 900
2397 70980 72780 10 9 1800
2398 74820 77700 4 3 2880
2399 77820 80640 3 8 2820
2400 80760 81660 8 10 900
2402 31860 34440 5 1 2580
2403 34560 36960 1 6 2400
2404 37080 39300 6 9 2220
2405 42300 44520 9 6 2220
2406 44640 47040 6 1 2400
2407 47160 49740 1 5 2580
2408 53100 55320 9 6 2220
2409 55440 57840 6 1 2400
2410 57960 60540 1 5 2580
2411 63900 66120 9 6 2220
2412 66240 68640 6 1 2400
2413 68760 71340 1 5 2580
2414 74700 76920 9 6 2220
2415 77040 79440 6 1 2400
2418 34920 37320 10 6 2400
2419 37440 39660 6 16 2220
2420 39780 40800 16 14 1020
2421 42120 43140 14 16 1020
2422 43260 45480 16 6 2220
2423 45600 48000 6 10 2400
2424 48120 51000 10 12 2880
2425 52920 53940 14 16 1020
2426 54060 56280 16 6 2220
2427 56400 58800 6 10 2400
2428 58920 61800 10 12 2880
2429 63720 64740 14 16 1020
2430 64860 67080 16 6 2220
2431 67200 69600 6 10 2400
2432 69720 72600 10 12 2880
2433 74520 75540 14 16 1020
2434 75660 77880 16 6 2220
2435 78000 80400 6 10 2400
2436 80520 83400 10 12 2880
2438 36960 39840 12 10 2880
2439 39960 40860 10 8 900
2440 40980 43800 8 3 2820
2441 43920 46200 3 7 2280
2442 46320 47040 7 0 720
2443 49380 50100 0 7 720
2444 50220 52500 7 3 2280
2445 52620 55440 3 8 2820
2446 55560 56460 8 10 900
2447 56580 59460 10 12 2880
2448 59700 63240 12 15 3540
2449 67380 68100 0 7 720
2450 68220 70500 7 3 2280
2451 70620 73440 3 8 2820
2452 73560 74460 8 10 900
2453 74580 77460 10 12 2880
2455 33540 34260 0 7 720
2456 34380 36360 7 1 1980
2457 36480 38880 1 6 2400
2458 39000 41400 6 10 2400
2459 41520 44400 10 12 2880
2460 45000 47880 12 10 2880
2461 48000 50400 10 6 2400
2462 50520 52920 6 1 2400
2463 53040 55020 1 7 1980
2464 55140 55860 7 0 720
2465 59400 62280 12 10 2880
2466 62400 64800 10 6 2400
2467 64920 67320 6 1 2400
2468 67440 69420 1 7 1980
2469 69540 70260 7 0 720
2470 73800 76680 12 10 2880
2471 76800 79200 10 6 2400
2472 79320 81720 6 1 2400
2475 34980 35700 0 7 720
2476 35820 38100 7 3 2280
2477 38220 41040 3 8 2820
2478 41160 42060 8 10 900
2479 42180 45060 10 12 2880
2480 45300 48840 12 15 3540
2481 51300 54840 15 12 3540
2482 54960 57840 12 10 2880
2483 57960 58860 10 8 900
2484 58980 61800 8 3 2820
2485 61920 64200 3 7 2280
2486 64320 65040 7 0 720
2487 65700 69240 15 12 3540
2488 69360 72240 12 10 2880
2489 72360 73260 10 8 900
2490 73380 76200 8 3 2820
2491 76320 78600 3 7 2280
2492 78720 79440 7 0 720
2493 36000 36720 0 7 720
2494 36840 39120 7 3 2280
2495 39300 41280 3 2 1980
2496 43140 45120 2 3 1980
2497 45240 47520 3 7 2280
2498 47640 48360 7 0 720
2500 40560 43440 12 10 2880
2501 43560 44460 10 8 900
2502 44580 47400 8 3 2820
2503 47520 49800 3 7 2280
2504 49920 50640 7 0 720
2505 52980 53700 0 7 720
2506 53820 56100 7 3 2280
2507 56220 59040 3 8 2820
2508 59160 60060 8 10 900
2509 60180 63060 10 12 2880
2510 63300 66840 12 15 3540
2511 70980 71700 0 7 720
2512 71820 74100 7 3 2280
2513 74220 77040 3 8 2820
2514 77160 78060 8 10 900
2515 78180 81060 10 12 2880
2517 40740 42960 16 6 2220
2518 43200 45600 6 1 2400
2519 45840 47820 1 7 1980
2520 47940 48660 7 0 720
2521 49980 50700 0 7 720
2522 50820 52800 7 1 1980
2523 52920 55320 1 6 2400
2524 55440 57660 6 16 2220
2525 41520 43740 16 1 2220
2526 43860 46440 1 5 2580
2527 46560 48540 5 13 1980
2528 50160 52140 13 5 1980
2529 52260 54840 5 1 2580
2530 54960 57180 1 16 2220
2531 43200 43920 0 7 720
2532 44040 46320 7 3 2280
2533 46500 48480 3 2 1980
2534 50340 52320 2 3 1980
2535 52440 54720 3 7 2280
2536 54840 55560 7 0 720
2537 47940 48660 0 7 720
2538 48780 50760 7 1 1980
2539 50880 53280 1 6 2400
2540 53400 55800 6 10 2400
2541 55920 58800 10 12 2880
2542 59400 62280 12 10 2880
2543 62400 64800 10 6 2400
2544 64920 67320 6 1 2400
2545 67440 69420 1 7 1980
2546 69540 70260 7 0 720
2547 50400 51120 0 7 720
2548 51240 53520 7 3 2280
2549 53700 55680 3 2 1980
2550 57540 59520 2 3 1980
2551 59640 61920 3 7 2280
2552 62040 62760 7 0 720
2553 51540 53760 16 6 2220
2554 54000 56400 6 1 2400
2555 56640 58620 1 7 1980
2556 58740 59460 7 0 720
2557 60780 61500 0 7 720
2558 61620 63600 7 1 1980
2559 63720 66120 1 6 2400
2560 66240 68460 6 16 2220
2561 52320 54540 16 1 2220
2562 54660 57240 1 5 2580
2563 57360 59340 5 13 1980
2564 60960 62940 13 5 1980
2565 63060 65640 5 1 2580
2566 65760 67980 1 16 2220
2567 57600 58320 0 7 720
2568 58440 60720 7 3 2280
2569 60900 62880 3 2 1980
2570 64740 66720 2 3 1980
2571 66840 69120 3 7 2280
2572 69240 69960 7 0 720
2573 62340 64560 16 6 2220
2574 64800 67200 6 1 2400
2575 67440 69420 1 7 1980
2576 69540 70260 7 0 720
2577 71580 72300 0 7 720
2578 72420 74400 7 1 1980
2579 74520 76920 1 6 2400
2580 77040 79260 6 16 2220
2581 62340 63060 0 7 720
2582 63180 65160 7 1 1980
2583 65280 67680 1 6 2400
2584 67800 70200 6 10 2400
2585 70320 73200 10 12 2880
2586 73800 76680 12 10 2880
2587 76800 79200 10 6 2400
2588 79320 81720 6 1 2400
2591 63120 65340 16 1 2220
2592 65460 68040 1 5 2580
2593 68160 70140 5 13 1980
2594 71760 73740 13 5 1980
2595 73860 76440 5 1 2580
2596 76560 78780 1 16 2220
2597 64800 65520 0 7 720
2598 65640 67920 7 3 2280
2599 68100 70080 3 2 1980
2600 71940 73920 2 3 1980
2601 74040 76320 3 7 2280
2602 76440 77160 7 0 720
2603 72000 72720 0 7 720
2604 72840 75120 7 3 2280
2605 75300 77280 3 2 1980
2606 79140 81120 2 3 1980
2609 73140 75360 16 6 2220
2610 75600 78000 6 1 2400
2611 78240 80220 1 7 1980
2612 80340 81060 7 0 720
2613 82380 83100 0 7 720
2614 83220 85200 7 1 1980
2615 85320 87720 1 6 2400
2617 73920 76140 16 1 2220
2618 76260 78840 1 5 2580
2623 76740 77460 0 7 720
2624 77580 79560 7 1 1980
2625 79680 82080 1 6 2400
2626 82200 84600 6 10 2400
2627 84720 87600 10 12 2880
2628 88200 91080 12 10 2880
2629 91200 93600 10 6 2400
2633 79200 79920 0 7 720
