3 28380 30540 5 7 2160
4 30660 32460 7 11 1800
5 33780 35580 11 7 1800
6 35700 37860 7 5 2160
7 37980 38820 5 3 840
8 38940 41700 3 6 2760
9 41940 44760 6 12 2820
10 48180 49980 11 7 1800
11 50100 52260 7 5 2160
12 52380 53220 5 3 840
13 53340 56100 3 6 2760
14 56340 59160 6 12 2820
15 62580 64380 11 7 1800
16 64500 66660 7 5 2160
17 66780 67620 5 3 840
18 67740 70500 3 6 2760
19 70740 73560 6 12 2820
20 76980 78780 11 7 1800
21 78900 81060 7 5 2160
27 25860 28260 0 11 2400
28 30720 33120 11 0 2400
29 33240 35220 0 1 1980
30 35340 37200 1 4 1860
31 37920 40320 11 0 2400
32 40440 42420 0 1 1980
33 42540 44400 1 4 1860
34 45120 47520 11 0 2400
35 47640 49620 0 1 1980
36 49740 51600 1 4 1860
37 52320 54720 11 0 2400
38 54840 56820 0 1 1980
39 56940 58800 1 4 1860
40 59520 61920 11 0 2400
41 62040 64020 0 1 1980
42 64140 66000 1 4 1860
43 66720 69120 11 0 2400
44 69240 71220 0 1 1980
45 71340 73200 1 4 1860
46 73920 76320 11 0 2400
47 76440 78420 0 1 1980
48 78540 80400 1 4 1860
51 26040 28680 0 5 2640
52 28800 29640 5 3 840
53 31440 32280 3 5 840
54 32400 35040 5 0 2640
55 35280 37680 0 7 2400
56 37800 39180 7 8 1380
57 42240 43080 3 5 840
58 43200 45840 5 0 2640
59 46080 48480 0 7 2400
60 48600 49980 7 8 1380
61 53040 53880 3 5 840
62 54000 56640 5 0 2640
63 56880 59280 0 7 2400
64 59400 60780 7 8 1380
65 63840 64680 3 5 840
66 64800 67440 5 0 2640
67 67680 70080 0 7 2400
68 70200 71580 7 8 1380
69 74640 75480 3 5 840
70 75600 78240 5 0 2640
76 27360 30540 1 10 3180
77 32040 35220 10 1 3180
78 35340 37320 1 3 1980
79 37440 38280 3 5 840
80 38400 40560 5 7 2160
81 42840 46020 10 1 3180
82 46140 48120 1 3 1980
83 48240 49080 3 5 840
84 49200 51360 5 7 2160
85 53640 56820 10 1 3180
86 56940 58920 1 3 1980
87 59040 59880 3 5 840
88 60000 62160 5 7 2160
89 64440 67620 10 1 3180
90 67740 69720 1 3 1980
91 69840 70680 3 5 840
92 70800 72960 5 7 2160
93 75240 78420 10 1 3180
94 78540 80520 1 3 1980
95 80640 81480 3 5 840
98 23700 25680 0 1 1980
99 25920 29100 1 10 3180
100 31980 35160 10 1 3180
101 35400 37380 1 0 1980
102 37620 39000 0 2 1380
103 42780 45960 10 1 3180
104 46200 48180 1 0 1980
105 48420 49800 0 2 1380
106 53580 56760 10 1 3180
107 57000 58980 1 0 1980
108 59220 60600 0 2 1380
109 64380 67560 10 1 3180
110 67800 69780 1 0 1980
111 70020 71400 0 2 1380
112 75180 78360 10 1 3180
113 78600 80580 1 0 1980
114 80820 82200 0 2 1380
120 33840 35280 9 4 1440
121 35400 37260 4 1 1860
122 37380 39300 1 2 1920
123 42480 44520 6 9 2040
124 44640 46080 9 4 1440
125 46200 48060 4 1 1860
126 48180 50100 1 2 1920
127 53280 55320 6 9 2040
128 55440 56880 9 4 1440
129 57000 58860 4 1 1860
130 58980 60900 1 2 1920
131 64080 66120 6 9 2040
132 66240 67680 9 4 1440
133 67800 69660 4 1 1860
134 69780 71700 1 2 1920
135 74880 76920 6 9 2040
136 77040 78480 9 4 1440
137 78600 80460 4 1 1860
138 80580 82500 1 2 1920
144 36000 38820 12 6 2820
145 38940 41700 6 3 2760
146 41820 42660 3 5 840
147 42780 44940 5 7 2160
148 45060 46860 7 11 1800
149 50400 53220 12 6 2820
150 53340 56100 6 3 2760
151 56220 57060 3 5 840
152 57180 59340 5 7 2160
153 59460 61260 7 11 1800
154 64800 67620 12 6 2820
155 67740 70500 6 3 2760
156 70620 71460 3 5 840
157 71580 73740 5 7 2160
158 73860 75660 7 11 1800
168 31680 34320 0 5 2640
169 34440 35280 5 3 840
170 35400 36540 3 4 1140
171 36660 38100 4 9 1440
172 38880 41520 0 5 2640
173 41640 42480 5 3 840
174 42600 43740 3 4 1140
175 43860 45300 4 9 1440
176 46080 48720 0 5 2640
177 48840 49680 5 3 840
178 49800 50940 3 4 1140
179 51060 52500 4 9 1440
180 53280 55920 0 5 2640
181 56040 56880 5 3 840
182 57000 58140 3 4 1140
183 58260 59700 4 9 1440
184 60480 63120 0 5 2640
185 63240 64080 5 3 840
186 64200 65340 3 4 1140
187 65460 66900 4 9 1440
188 67680 70320 0 5 2640
189 70440 71280 5 3 840
190 71400 72540 3 4 1140
191 72660 74100 4 9 1440
192 74880 77520 0 5 2640
193 77640 78480 5 3 840
194 78600 79740 3 4 1140
198 27000 29520 11 0 2520
199 31080 33480 0 11 2400
200 33720 35520 11 7 1800
201 35640 37020 7 8 1380
202 38280 40680 0 11 2400
203 40920 42720 11 7 1800
204 42840 44220 7 8 1380
205 45480 47880 0 11 2400
206 48120 49920 11 7 1800
207 50040 51420 7 8 1380
208 52680 55080 0 11 2400
209 55320 57120 11 7 1800
210 57240 58620 7 8 1380
211 59880 62280 0 11 2400
212 62520 64320 11 7 1800
213 64440 65820 7 8 1380
214 67080 69480 0 11 2400
215 69720 71520 11 7 1800
216 71640 73020 7 8 1380
217 74280 76680 0 11 2400
218 76920 78720 11 7 1800
221 26040 28020 0 1 1980
222 28140 30000 1 4 1860
223 32580 34440 4 1 1860
224 34560 36540 1 0 1980
225 36660 39060 0 11 2400
226 39780 41640 4 1 1860
227 41760 43740 1 0 1980
228 43860 46260 0 11 2400
229 46980 48840 4 1 1860
230 48960 50940 1 0 1980
231 51060 53460 0 11 2400
232 54180 56040 4 1 1860
233 56160 58140 1 0 1980
234 58260 60660 0 11 2400
235 61380 63240 4 1 1860
236 63360 65340 1 0 1980
237 65460 67860 0 11 2400
238 68580 70440 4 1 1860
239 70560 72540 1 0 1980
240 72660 75060 0 11 2400
241 75780 77640 4 1 1860
242 77760 79740 1 0 1980
244 23700 25080 0 2 1380
245 25320 27240 2 1 1920
246 27360 30540 1 10 3180
247 31260 34440 10 1 3180
248 34560 36480 1 2 1920
249 36600 37980 2 0 1380
250 42060 45240 10 1 3180
251 45360 47280 1 2 1920
252 47400 48780 2 0 1380
253 52860 56040 10 1 3180
254 56160 58080 1 2 1920
255 58200 59580 2 0 1380
256 63660 66840 10 1 3180
257 66960 68880 1 2 1920
258 69000 70380 2 0 1380
259 74460 77640 10 1 3180
260 77760 79680 1 2 1920
261 79800 81180 2 0 1380
262 23880 26280 0 11 2400
263 26520 28320 11 7 1800
264 28440 29820 7 8 1380
265 30540 31920 8 7 1380
266 32160 33960 7 11 1800
267 34200 36720 11 0 2520
268 37740 39120 8 7 1380
269 39360 41160 7 11 1800
270 41400 43920 11 0 2520
271 44940 46320 8 7 1380
272 46560 48360 7 11 1800
273 48600 51120 11 0 2520
274 52140 53520 8 7 1380
275 53760 55560 7 11 1800
276 55800 58320 11 0 2520
277 59340 60720 8 7 1380
278 60960 62760 7 11 1800
279 63000 65520 11 0 2520
280 66540 67920 8 7 1380
281 68160 69960 7 11 1800
282 70200 72720 11 0 2520
283 73740 75120 8 7 1380
284 75360 77160 7 11 1800
285 77400 79920 11 0 2520
287 27360 29280 1 2 1920
288 29400 30780 2 0 1380
289 34500 35880 0 2 1380
290 36120 38040 2 1 1920
291 38160 41340 1 10 3180
292 45300 46680 0 2 1380
293 46920 48840 2 1 1920
294 48960 52140 1 10 3180
295 56100 57480 0 2 1380
296 57720 59640 2 1 1920
297 59760 62940 1 10 3180
298 66900 68280 0 2 1380
299 68520 70440 2 1 1920
300 70560 73740 1 10 3180
301 77700 79080 0 2 1380
302 79320 81240 2 1 1920
306 27900 28740 5 3 840
307 28860 30000 3 4 1140
308 30120 31560 4 9 1440
309 35400 36840 9 4 1440
310 36960 38100 4 3 1140
311 38220 39060 3 5 840
312 39180 41340 5 7 2160
313 41460 42840 7 8 1380
314 46200 47640 9 4 1440
315 47760 48900 4 3 1140
316 49020 49860 3 5 840
317 49980 52140 5 7 2160
318 52260 53640 7 8 1380
319 57000 58440 9 4 1440
320 58560 59700 4 3 1140
321 59820 60660 3 5 840
322 60780 62940 5 7 2160
323 63060 64440 7 8 1380
324 67800 69240 9 4 1440
325 69360 70500 4 3 1140
326 70620 71460 3 5 840
327 71580 73740 5 7 2160
328 73860 75240 7 8 1380
329 78600 80040 9 4 1440
336 28080 30480 0 7 2400
337 30600 31980 7 8 1380
338 32820 34200 8 7 1380
339 34320 36720 7 0 2400
340 36840 39480 0 5 2640
341 39600 40440 5 3 840
342 43620 45000 8 7 1380
343 45120 47520 7 0 2400
344 47640 50280 0 5 2640
345 50400 51240 5 3 840
346 54420 55800 8 7 1380
347 55920 58320 7 0 2400
348 58440 61080 0 5 2640
349 61200 62040 5 3 840
350 65220 66600 8 7 1380
351 66720 69120 7 0 2400
352 69240 71880 0 5 2640
353 72000 72840 5 3 840
354 76020 77400 8 7 1380
355 77520 79920 7 0 2400
360 30240 32220 3 1 1980
361 32460 34380 1 2 1920
362 35640 37560 2 1 1920
363 37680 39660 1 3 1980
364 39780 42540 3 6 2760
365 42660 45480 6 12 2820
366 46440 48360 2 1 1920
367 48480 50460 1 3 1980
368 50580 53340 3 6 2760
369 53460 56280 6 12 2820
370 57240 59160 2 1 1920
371 59280 61260 1 3 1980
372 61380 64140 3 6 2760
373 64260 67080 6 12 2820
374 68040 69960 2 1 1920
375 70080 72060 1 3 1980
376 72180 74940 3 6 2760
378 78840 80760 2 1 1920
382 24480 27120 0 5 2640
383 27240 28080 5 3 840
384 28200 29340 3 4 1140
385 29460 30900 4 9 1440
386 33840 35280 9 4 1440
387 35400 36540 4 3 1140
388 36660 37500 3 5 840
389 37680 40320 5 0 2640
390 41040 42480 9 4 1440
391 42600 43740 4 3 1140
392 43860 44700 3 5 840
393 44880 47520 5 0 2640
394 48240 49680 9 4 1440
395 49800 50940 4 3 1140
396 51060 51900 3 5 840
397 52080 54720 5 0 2640
398 55440 56880 9 4 1440
399 57000 58140 4 3 1140
400 58260 59100 3 5 840
401 59280 61920 5 0 2640
402 62640 64080 9 4 1440
403 64200 65340 4 3 1140
404 65460 66300 3 5 840
405 66480 69120 5 0 2640
406 69840 71280 9 4 1440
407 71400 72540 4 3 1140
408 72660 73500 3 5 840
409 73680 76320 5 0 2640
410 77040 78480 9 4 1440
411 78600 79740 4 3 1140
412 79860 80700 3 5 840
413 80880 83520 5 0 2640
417 30180 32100 1 2 1920
418 33180 35100 2 1 1920
419 35340 37200 1 4 1860
420 37320 38760 4 9 1440
421 39000 41040 9 6 2040
422 43980 45900 2 1 1920
423 46140 48000 1 4 1860
424 48120 49560 4 9 1440
425 49800 51840 9 6 2040
426 54780 56700 2 1 1920
427 56940 58800 1 4 1860
428 58920 60360 4 9 1440
429 60600 62640 9 6 2040
430 65580 67500 2 1 1920
431 67740 69600 1 4 1860
432 69720 71160 4 9 1440
433 71400 73440 9 6 2040
434 76380 78300 2 1 1920
435 78540 80400 1 4 1860
441 28380 30540 5 7 2160
442 30660 32040 7 8 1380
443 34920 36300 8 7 1380
444 36420 38580 7 5 2160
445 38700 39540 5 3 840
446 39660 40800 3 4 1140
447 40920 42360 4 9 1440
448 45720 47100 8 7 1380
449 47220 49380 7 5 2160
450 49500 50340 5 3 840
451 50460 51600 3 4 1140
452 51720 53160 4 9 1440
453 56520 57900 8 7 1380
454 58020 60180 7 5 2160
455 60300 61140 5 3 840
456 61260 62400 3 4 1140
457 62520 63960 4 9 1440
458 67320 68700 8 7 1380
459 68820 70980 7 5 2160
460 71100 71940 5 3 840
461 72060 73200 3 4 1140
462 73320 74760 4 9 1440
463 78120 79500 8 7 1380
464 79620 81780 7 5 2160
469 28200 30180 1 0 1980
470 30420 31800 0 2 1380
471 33000 34380 2 0 1380
472 34500 36480 0 1 1980
473 36720 39900 1 10 3180
474 43800 45180 2 0 1380
475 45300 47280 0 1 1980
476 47520 50700 1 10 3180
477 54600 55980 2 0 1380
478 56100 58080 0 1 1980
479 58320 61500 1 10 3180
480 65400 66780 2 0 1380
481 66900 68880 0 1 1980
482 69120 72300 1 10 3180
483 76200 77580 2 0 1380
484 77700 79680 0 1 1980
487 26880 28860 1 3 1980
488 28980 31740 3 6 2760
489 31860 34680 6 12 2820
490 38760 41580 12 6 2820
491 41760 44520 6 3 2760
492 44640 46620 3 1 1980
493 46860 48780 1 2 1920
494 49560 52380 12 6 2820
495 52560 55320 6 3 2760
496 55440 57420 3 1 1980
497 57660 59580 1 2 1920
498 60360 63180 12 6 2820
499 63360 66120 6 3 2760
500 66240 68220 3 1 1980
501 68460 70380 1 2 1920
502 71160 73980 12 6 2820
503 74160 76920 6 3 2760
504 77040 79020 3 1 1980
505 79260 81180 1 2 1920
507 28140 30120 1 3 1980
508 30240 31080 3 5 840
509 31200 33360 5 7 2160
510 36420 38580 7 5 2160
511 38700 39540 5 3 840
512 39660 41640 3 1 1980
513 41760 44940 1 10 3180
514 47220 49380 7 5 2160
515 49500 50340 5 3 840
516 50460 52440 3 1 1980
517 52560 55740 1 10 3180
518 58020 60180 7 5 2160
519 60300 61140 5 3 840
520 61260 63240 3 1 1980
521 63360 66540 1 10 3180
522 68820 70980 7 5 2160
523 71100 71940 5 3 840
524 72060 74040 3 1 1980
525 74160 77340 1 10 3180
526 78840 82020 10 1 3180
536 31020 31860 3 5 840
537 31980 34140 5 7 2160
538 34260 36060 7 11 1800
539 37380 39180 11 7 1800
540 39300 41460 7 5 2160
541 41580 42420 5 3 840
542 42540 45300 3 6 2760
543 45540 48360 6 12 2820
544 51780 53580 11 7 1800
545 53700 55860 7 5 2160
546 55980 56820 5 3 840
547 56940 59700 3 6 2760
548 59940 62760 6 12 2820
549 66180 67980 11 7 1800
550 68100 70260 7 5 2160
551 70380 71220 5 3 840
552 71340 74100 3 6 2760
555 27360 29340 1 0 1980
556 29460 31860 0 11 2400
557 34320 36720 11 0 2400
558 36840 38820 0 1 1980
559 38940 40800 1 4 1860
560 41520 43920 11 0 2400
561 44040 46020 0 1 1980
562 46140 48000 1 4 1860
563 48720 51120 11 0 2400
564 51240 53220 0 1 1980
565 53340 55200 1 4 1860
566 55920 58320 11 0 2400
567 58440 60420 0 1 1980
568 60540 62400 1 4 1860
569 63120 65520 11 0 2400
570 65640 67620 0 1 1980
571 67740 69600 1 4 1860
572 70320 72720 11 0 2400
573 72840 74820 0 1 1980
574 74940 76800 1 4 1860
575 77520 79920 11 0 2400
576 80040 82020 0 1 1980
580 29640 32280 0 5 2640
581 32400 33240 5 3 840
582 35040 35880 3 5 840
583 36000 38640 5 0 2640
584 38880 41280 0 7 2400
585 41400 42780 7 8 1380
586 45840 46680 3 5 840
587 46800 49440 5 0 2640
588 49680 52080 0 7 2400
589 52200 53580 7 8 1380
590 56640 57480 3 5 840
591 57600 60240 5 0 2640
592 60480 62880 0 7 2400
593 63000 64380 7 8 1380
594 67440 68280 3 5 840
595 68400 71040 5 0 2640
596 71280 73680 0 7 2400
597 73800 75180 7 8 1380
598 78240 79080 3 5 840
599 79200 81840 5 0 2640
603 27900 28740 5 3 840
604 28860 30840 3 1 1980
605 30960 34140 1 10 3180
606 35640 38820 10 1 3180
607 38940 40920 1 3 1980
608 41040 41880 3 5 840
609 42000 44160 5 7 2160
610 46440 49620 10 1 3180
611 49740 51720 1 3 1980
612 51840 52680 3 5 840
613 52800 54960 5 7 2160
614 57240 60420 10 1 3180
615 60540 62520 1 3 1980
616 62640 63480 3 5 840
617 63600 65760 5 7 2160
618 68040 71220 10 1 3180
619 71340 73320 1 3 1980
620 73440 74280 3 5 840
621 74400 76560 5 7 2160
622 25800 27180 2 0 1380
623 27300 29280 0 1 1980
624 29520 32700 1 10 3180
625 35580 38760 10 1 3180
626 39000 40980 1 0 1980
627 41220 42600 0 2 1380
628 46380 49560 10 1 3180
629 49800 51780 1 0 1980
630 52020 53400 0 2 1380
631 57180 60360 10 1 3180
632 60600 62580 1 0 1980
633 62820 64200 0 2 1380
634 67980 71160 10 1 3180
635 71400 73380 1 0 1980
636 73620 75000 0 2 1380
637 78780 81960 10 1 3180
638 82200 84180 1 0 1980
639 84420 85800 0 2 1380
640 25980 27900 2 1 1920
641 28140 30000 1 4 1860
642 30120 31560 4 9 1440
643 31800 33840 9 6 2040
644 35280 37320 6 9 2040
645 37440 38880 9 4 1440
646 39000 40860 4 1 1860
647 40980 42900 1 2 1920
648 46080 48120 6 9 2040
649 48240 49680 9 4 1440
650 49800 51660 4 1 1860
651 51780 53700 1 2 1920
652 56880 58920 6 9 2040
653 59040 60480 9 4 1440
654 60600 62460 4 1 1860
655 62580 64500 1 2 1920
656 67680 69720 6 9 2040
657 69840 71280 9 4 1440
658 71400 73260 4 1 1860
659 73380 75300 1 2 1920
660 78480 80520 6 9 2040
661 80640 82080 9 4 1440
662 82200 84060 4 1 1860
663 84180 86100 1 2 1920
666 30780 31620 5 3 840
667 31740 34500 3 6 2760
668 34740 37560 6 12 2820
669 39600 42420 12 6 2820
670 42540 45300 6 3 2760
671 45420 46260 3 5 840
672 46380 48540 5 7 2160
673 48660 50460 7 11 1800
674 54000 56820 12 6 2820
675 56940 59700 6 3 2760
676 59820 60660 3 5 840
677 60780 62940 5 7 2160
678 63060 64860 7 11 1800
679 68400 71220 12 6 2820
680 71340 74100 6 3 2760
681 74220 75060 3 5 840
682 75180 77340 5 7 2160
683 77460 79260 7 11 1800
686 29460 30300 3 5 840
687 30480 33120 5 0 2640
688 35280 37920 0 5 2640
689 38040 38880 5 3 840
690 39000 40140 3 4 1140
691 40260 41700 4 9 1440
692 42480 45120 0 5 2640
693 45240 46080 5 3 840
694 46200 47340 3 4 1140
695 47460 48900 4 9 1440
696 49680 52320 0 5 2640
697 52440 53280 5 3 840
698 53400 54540 3 4 1140
699 54660 56100 4 9 1440
700 56880 59520 0 5 2640
701 59640 60480 5 3 840
702 60600 61740 3 4 1140
703 61860 63300 4 9 1440
704 64080 66720 0 5 2640
705 66840 67680 5 3 840
706 67800 68940 3 4 1140
707 69060 70500 4 9 1440
708 71280 73920 0 5 2640
709 74040 74880 5 3 840
710 75000 76140 3 4 1140
711 76260 77700 4 9 1440
712 78480 81120 0 5 2640
718 30600 33120 11 0 2520
719 34680 37080 0 11 2400
720 37320 39120 11 7 1800
721 39240 40620 7 8 1380
722 41880 44280 0 11 2400
723 44520 46320 11 7 1800
724 46440 47820 7 8 1380
725 49080 51480 0 11 2400
726 51720 53520 11 7 1800
727 53640 55020 7 8 1380
728 56280 58680 0 11 2400
729 58920 60720 11 7 1800
730 60840 62220 7 8 1380
731 63480 65880 0 11 2400
732 66120 67920 11 7 1800
733 68040 69420 7 8 1380
734 70680 73080 0 11 2400
735 73320 75120 11 7 1800
736 75240 76620 7 8 1380
737 77880 80280 0 11 2400
740 27120 29520 11 0 2400
741 29640 31620 0 1 1980
742 31740 33600 1 4 1860
743 36180 38040 4 1 1860
744 38160 40140 1 0 1980
745 40260 42660 0 11 2400
746 43380 45240 4 1 1860
747 45360 47340 1 0 1980
748 47460 49860 0 11 2400
749 50580 52440 4 1 1860
750 52560 54540 1 0 1980
751 54660 57060 0 11 2400
752 57780 59640 4 1 1860
753 59760 61740 1 0 1980
754 61860 64260 0 11 2400
755 64980 66840 4 1 1860
756 66960 68940 1 0 1980
757 69060 71460 0 11 2400
758 72180 74040 4 1 1860
759 74160 76140 1 0 1980
760 76260 78660 0 11 2400
761 27300 28680 0 2 1380
762 28920 30840 2 1 1920
763 30960 34140 1 10 3180
764 34860 38040 10 1 3180
765 38160 40080 1 2 1920
766 40200 41580 2 0 1380
767 45660 48840 10 1 3180
768 48960 50880 1 2 1920
769 51000 52380 2 0 1380
770 56460 59640 10 1 3180
771 59760 61680 1 2 1920
772 61800 63180 2 0 1380
773 67260 70440 10 1 3180
774 70560 72480 1 2 1920
775 72600 73980 2 0 1380
776 78060 81240 10 1 3180
777 81360 83280 1 2 1920
778 83400 84780 2 0 1380
779 27480 29880 0 11 2400
780 30120 31920 11 7 1800
781 32040 33420 7 8 1380
782 34140 35520 8 7 1380
783 35760 37560 7 11 1800
784 37800 40320 11 0 2520
785 41340 42720 8 7 1380
786 42960 44760 7 11 1800
787 45000 47520 11 0 2520
788 48540 49920 8 7 1380
789 50160 51960 7 11 1800
790 52200 54720 11 0 2520
791 55740 57120 8 7 1380
792 57360 59160 7 11 1800
793 59400 61920 11 0 2520
794 62940 64320 8 7 1380
795 64560 66360 7 11 1800
796 66600 69120 11 0 2520
797 70140 71520 8 7 1380
798 71760 73560 7 11 1800
799 73800 76320 11 0 2520
800 77340 78720 8 7 1380
801 78960 80760 7 11 1800
802 81000 83520 11 0 2520
804 30960 32880 1 2 1920
805 33000 34380 2 0 1380
806 38100 39480 0 2 1380
807 39720 41640 2 1 1920
808 41760 44940 1 10 3180
809 48900 50280 0 2 1380
810 50520 52440 2 1 1920
811 52560 55740 1 10 3180
812 59700 61080 0 2 1380
813 61320 63240 2 1 1920
814 63360 66540 1 10 3180
815 70500 71880 0 2 1380
816 72120 74040 2 1 1920
817 74160 77340 1 10 3180
819 29220 31380 7 5 2160
820 31500 32340 5 3 840
821 32460 33600 3 4 1140
822 33720 35160 4 9 1440
823 39000 40440 9 4 1440
824 40560 41700 4 3 1140
825 41820 42660 3 5 840
826 42780 44940 5 7 2160
827 45060 46440 7 8 1380
828 49800 51240 9 4 1440
829 51360 52500 4 3 1140
830 52620 53460 3 5 840
831 53580 55740 5 7 2160
832 55860 57240 7 8 1380
833 60600 62040 9 4 1440
834 62160 63300 4 3 1140
835 63420 64260 3 5 840
836 64380 66540 5 7 2160
837 66660 68040 7 8 1380
838 71400 72840 9 4 1440
839 72960 74100 4 3 1140
840 74220 75060 3 5 840
841 75180 77340 5 7 2160
844 28800 31440 5 0 2640
845 31680 34080 0 7 2400
846 34200 35580 7 8 1380
847 36420 37800 8 7 1380
848 37920 40320 7 0 2400
849 40440 43080 0 5 2640
850 43200 44040 5 3 840
851 47220 48600 8 7 1380
852 48720 51120 7 0 2400
853 51240 53880 0 5 2640
854 54000 54840 5 3 840
855 58020 59400 8 7 1380
856 59520 61920 7 0 2400
857 62040 64680 0 5 2640
858 64800 65640 5 3 840
859 68820 70200 8 7 1380
860 70320 72720 7 0 2400
861 72840 75480 0 5 2640
862 75600 76440 5 3 840
865 33840 35820 3 1 1980
866 36060 37980 1 2 1920
867 39240 41160 2 1 1920
868 41280 43260 1 3 1980
869 43380 46140 3 6 2760
870 46260 49080 6 12 2820
871 50040 51960 2 1 1920
872 52080 54060 1 3 1980
873 54180 56940 3 6 2760
874 57060 59880 6 12 2820
875 60840 62760 2 1 1920
876 62880 64860 1 3 1980
877 64980 67740 3 6 2760
878 67860 70680 6 12 2820
879 71640 73560 2 1 1920
880 73680 75660 1 3 1980
883 28080 30720 0 5 2640
884 30840 31680 5 3 840
885 31800 32940 3 4 1140
886 33060 34500 4 9 1440
887 37440 38880 9 4 1440
888 39000 40140 4 3 1140
889 40260 41100 3 5 840
890 41280 43920 5 0 2640
891 44640 46080 9 4 1440
892 46200 47340 4 3 1140
893 47460 48300 3 5 840
894 48480 51120 5 0 2640
895 51840 53280 9 4 1440
896 53400 54540 4 3 1140
897 54660 55500 3 5 840
898 55680 58320 5 0 2640
899 59040 60480 9 4 1440
900 60600 61740 4 3 1140
901 61860 62700 3 5 840
902 62880 65520 5 0 2640
903 66240 67680 9 4 1440
904 67800 68940 4 3 1140
905 69060 69900 3 5 840
906 70080 72720 5 0 2640
907 73440 74880 9 4 1440
908 75000 76140 4 3 1140
909 76260 77100 3 5 840
910 77280 79920 5 0 2640
913 31800 33660 4 1 1860
914 33780 35700 1 2 1920
915 36780 38700 2 1 1920
916 38940 40800 1 4 1860
917 40920 42360 4 9 1440
918 42600 44640 9 6 2040
919 47580 49500 2 1 1920
920 49740 51600 1 4 1860
921 51720 53160 4 9 1440
922 53400 55440 9 6 2040
923 58380 60300 2 1 1920
924 60540 62400 1 4 1860
925 62520 63960 4 9 1440
926 64200 66240 9 6 2040
927 69180 71100 2 1 1920
928 71340 73200 1 4 1860
929 73320 74760 4 9 1440
930 75000 77040 9 6 2040
933 31020 31860 3 5 840
934 31980 34140 5 7 2160
935 34260 35640 7 8 1380
936 38520 39900 8 7 1380
937 40020 42180 7 5 2160
938 42300 43140 5 3 840
939 43260 44400 3 4 1140
940 44520 45960 4 9 1440
941 49320 50700 8 7 1380
942 50820 52980 7 5 2160
943 53100 53940 5 3 840
944 54060 55200 3 4 1140
945 55320 56760 4 9 1440
946 60120 61500 8 7 1380
947 61620 63780 7 5 2160
948 63900 64740 5 3 840
949 64860 66000 3 4 1140
950 66120 67560 4 9 1440
951 70920 72300 8 7 1380
952 72420 74580 7 5 2160
953 74700 75540 5 3 840
954 75660 76800 3 4 1140
955 76920 78360 4 9 1440
957 31800 33780 1 0 1980
958 34020 35400 0 2 1380
959 36600 37980 2 0 1380
960 38100 40080 0 1 1980
961 40320 43500 1 10 3180
962 47400 48780 2 0 1380
963 48900 50880 0 1 1980
964 51120 54300 1 10 3180
965 58200 59580 2 0 1380
966 59700 61680 0 1 1980
967 61920 65100 1 10 3180
968 69000 70380 2 0 1380
969 70500 72480 0 1 1980
970 72720 75900 1 10 3180
971 28440 30360 2 1 1920
972 30480 32460 1 3 1980
973 32580 35340 3 6 2760
974 35460 38280 6 12 2820
975 42360 45180 12 6 2820
976 45360 48120 6 3 2760
977 48240 50220 3 1 1980
978 50460 52380 1 2 1920
979 53160 55980 12 6 2820
980 56160 58920 6 3 2760
981 59040 61020 3 1 1980
982 61260 63180 1 2 1920
983 63960 66780 12 6 2820
984 66960 69720 6 3 2760
985 69840 71820 3 1 1980
986 72060 73980 1 2 1920
987 74760 77580 12 6 2820
988 77760 80520 6 3 2760
989 80640 82620 3 1 1980
990 82860 84780 1 2 1920
992 31740 33720 1 3 1980
993 33840 34680 3 5 840
994 34800 36960 5 7 2160
995 40020 42180 7 5 2160
996 42300 43140 5 3 840
997 43260 45240 3 1 1980
998 45360 48540 1 10 3180
999 50820 52980 7 5 2160
1000 53100 53940 5 3 840
1001 54060 56040 3 1 1980
1002 56160 59340 1 10 3180
1003 61620 63780 7 5 2160
1004 63900 64740 5 3 840
1005 64860 66840 3 1 1980
1006 66960 70140 1 10 3180
1007 72420 74580 7 5 2160
1008 74700 75540 5 3 840
1009 75660 77640 3 1 1980
1010 77760 80940 1 10 3180
1013 34620 35460 3 5 840
1014 35580 37740 5 7 2160
1015 37860 39660 7 11 1800
1016 40980 42780 11 7 1800
1017 42900 45060 7 5 2160
1018 45180 46020 5 3 840
1019 46140 48900 3 6 2760
1020 49140 51960 6 12 2820
1021 55380 57180 11 7 1800
1022 57300 59460 7 5 2160
1023 59580 60420 5 3 840
1024 60540 63300 3 6 2760
1025 63540 66360 6 12 2820
1026 69780 71580 11 7 1800
1027 71700 73860 7 5 2160
1028 73980 74820 5 3 840
1029 74940 77700 3 6 2760
1032 30960 32940 1 0 1980
1033 33060 35460 0 11 2400
1034 37920 40320 11 0 2400
1035 40440 42420 0 1 1980
1036 42540 44400 1 4 1860
1038 30720 33120 7 0 2400
1039 33240 35880 0 5 2640
1040 36000 36840 5 3 840
1041 38640 39480 3 5 840
1042 39600 42240 5 0 2640
1043 42480 44880 0 7 2400
1044 45000 46380 7 8 1380
1045 49440 50280 3 5 840
1046 50400 53040 5 0 2640
1047 53280 55680 0 7 2400
1048 55800 57180 7 8 1380
1049 60240 61080 3 5 840
1050 61200 63840 5 0 2640
1051 64080 66480 0 7 2400
1052 66600 67980 7 8 1380
1053 71040 71880 3 5 840
1054 72000 74640 5 0 2640
1055 74880 77280 0 7 2400
1057 29220 31380 7 5 2160
1058 31500 32340 5 3 840
1059 32460 34440 3 1 1980
1060 34560 37740 1 10 3180
1061 39240 42420 10 1 3180
1062 42540 44520 1 3 1980
1063 44640 45480 3 5 840
1064 45600 47760 5 7 2160
1065 50040 53220 10 1 3180
1066 53340 55320 1 3 1980
1067 55440 56280 3 5 840
1068 56400 58560 5 7 2160
1069 60840 64020 10 1 3180
1070 64140 66120 1 3 1980
1071 66240 67080 3 5 840
1072 67200 69360 5 7 2160
1073 71640 74820 10 1 3180
1074 74940 76920 1 3 1980
1075 77040 77880 3 5 840
1077 29400 30780 2 0 1380
1078 30900 32880 0 1 1980
1079 33120 36300 1 10 3180
1080 39180 42360 10 1 3180
1081 42600 44580 1 0 1980
1082 44820 46200 0 2 1380
1083 49980 53160 10 1 3180
1084 53400 55380 1 0 1980
1085 55620 57000 0 2 1380
1086 60780 63960 10 1 3180
1087 64200 66180 1 0 1980
1088 66420 67800 0 2 1380
1089 71580 74760 10 1 3180
1090 75000 76980 1 0 1980
1091 77220 78600 0 2 1380
1092 29580 31500 2 1 1920
1093 31740 33600 1 4 1860
1094 33720 35160 4 9 1440
1095 35400 37440 9 6 2040
1096 38880 40920 6 9 2040
1097 41040 42480 9 4 1440
1098 42600 44460 4 1 1860
1099 44580 46500 1 2 1920
1100 49680 51720 6 9 2040
1101 51840 53280 9 4 1440
1102 53400 55260 4 1 1860
1103 55380 57300 1 2 1920
1104 60480 62520 6 9 2040
1105 62640 64080 9 4 1440
1106 64200 66060 4 1 1860
1107 66180 68100 1 2 1920
1108 71280 73320 6 9 2040
1109 73440 74880 9 4 1440
1110 75000 76860 4 1 1860
1111 76980 78900 1 2 1920
1112 30180 31980 11 7 1800
1113 32100 34260 7 5 2160
1114 34380 35220 5 3 840
1115 35340 38100 3 6 2760
1116 38340 41160 6 12 2820
1117 43200 46020 12 6 2820
1118 46140 48900 6 3 2760
1119 49020 49860 3 5 840
1120 49980 52140 5 7 2160
1121 52260 54060 7 11 1800
1122 57600 60420 12 6 2820
1123 60540 63300 6 3 2760
1124 63420 64260 3 5 840
1125 64380 66540 5 7 2160
1126 66660 68460 7 11 1800
1127 72000 74820 12 6 2820
1128 74940 77700 6 3 2760
1129 77820 78660 3 5 840
1133 31800 32940 4 3 1140
1134 33060 33900 3 5 840
1135 34080 36720 5 0 2640
1136 38880 41520 0 5 2640
1137 41640 42480 5 3 840
1138 42600 43740 3 4 1140
1139 43860 45300 4 9 1440
1140 30900 32280 0 2 1380
1141 32520 34440 2 1 1920
1142 34560 37740 1 10 3180
1143 38460 41640 10 1 3180
1144 41760 43680 1 2 1920
1145 43800 45180 2 0 1380
1146 49260 52440 10 1 3180
1147 52560 54480 1 2 1920
1148 54600 55980 2 0 1380
1149 60060 63240 10 1 3180
1150 63360 65280 1 2 1920
1151 65400 66780 2 0 1380
1152 70860 74040 10 1 3180
1153 74160 76080 1 2 1920
1154 76200 77580 2 0 1380
1155 31320 32700 8 7 1380
1156 32820 34980 7 5 2160
1157 35100 35940 5 3 840
1158 36060 37200 3 4 1140
1159 37320 38760 4 9 1440
1160 42600 44040 9 4 1440
1161 44160 45300 4 3 1140
1162 45420 46260 3 5 840
1163 46380 48540 5 7 2160
1164 48660 50040 7 8 1380
1165 53400 54840 9 4 1440
1166 54960 56100 4 3 1140
1167 56220 57060 3 5 840
1168 57180 59340 5 7 2160
1169 59460 60840 7 8 1380
1170 64200 65640 9 4 1440
1171 65760 66900 4 3 1140
1172 67020 67860 3 5 840
1173 67980 70140 5 7 2160
1174 70260 71640 7 8 1380
1175 75000 76440 9 4 1440
1176 76560 77700 4 3 1140
1177 77820 78660 3 5 840
1181 34560 37320 6 3 2760
1182 37440 39420 3 1 1980
1183 39660 41580 1 2 1920
1184 42840 44760 2 1 1920
1185 44880 46860 1 3 1980
1186 46980 49740 3 6 2760
1187 49860 52680 6 12 2820
1188 53640 55560 2 1 1920
1189 55680 57660 1 3 1980
1190 57780 60540 3 6 2760
1191 60660 63480 6 12 2820
1192 64440 66360 2 1 1920
1193 66480 68460 1 3 1980
1194 68580 71340 3 6 2760
1196 75240 77160 2 1 1920
1197 77280 79260 1 3 1980
1200 31800 33240 9 4 1440
1201 33360 34500 4 3 1140
1202 34620 35460 3 5 840
1203 35580 37740 5 7 2160
1204 37860 39240 7 8 1380
1205 42120 43500 8 7 1380
1206 43620 45780 7 5 2160
1207 45900 46740 5 3 840
1208 46860 48000 3 4 1140
1209 48120 49560 4 9 1440
1210 52920 54300 8 7 1380
1211 54420 56580 7 5 2160
1212 56700 57540 5 3 840
1213 57660 58800 3 4 1140
1214 58920 60360 4 9 1440
1215 63720 65100 8 7 1380
1216 65220 67380 7 5 2160
1217 67500 68340 5 3 840
1218 68460 69600 3 4 1140
1219 69720 71160 4 9 1440
1220 74520 75900 8 7 1380
1221 76020 78180 7 5 2160
1222 78300 79140 5 3 840
1223 79260 80400 3 4 1140
1225 32040 33960 2 1 1920
1226 34080 36060 1 3 1980
1227 36180 38940 3 6 2760
1228 39060 41880 6 12 2820
1229 45960 48780 12 6 2820
1230 48960 51720 6 3 2760
1231 51840 53820 3 1 1980
1232 54060 55980 1 2 1920
1233 56760 59580 12 6 2820
1234 59760 62520 6 3 2760
1235 62640 64620 3 1 1980
1236 64860 66780 1 2 1920
1237 67560 70380 12 6 2820
1238 70560 73320 6 3 2760
1239 73440 75420 3 1 1980
1240 75660 77580 1 2 1920
1246 35340 38100 6 3 2760
1247 38220 39060 3 5 840
1248 39180 41340 5 7 2160
1249 41460 43260 7 11 1800
1250 44580 46380 11 7 1800
1251 46500 48660 7 5 2160
1252 48780 49620 5 3 840
1253 49740 52500 3 6 2760
1254 52740 55560 6 12 2820
1255 58980 60780 11 7 1800
1256 60900 63060 7 5 2160
1257 63180 64020 5 3 840
1258 64140 66900 3 6 2760
1259 67140 69960 6 12 2820
1260 73380 75180 11 7 1800
1261 75300 77460 7 5 2160
1262 77580 78420 5 3 840
1265 32820 34980 7 5 2160
1266 35100 35940 5 3 840
1267 36060 38040 3 1 1980
1268 38160 41340 1 10 3180
1269 42840 46020 10 1 3180
1270 46140 48120 1 3 1980
1271 48240 49080 3 5 840
1272 49200 51360 5 7 2160
1274 38160 40920 6 3 2760
1275 41040 43020 3 1 1980
1276 43260 45180 1 2 1920
1277 46440 48360 2 1 1920
1278 48480 50460 1 3 1980
1279 50580 53340 3 6 2760
1280 53460 56280 6 12 2820
1281 40020 41400 8 7 1380
1282 41520 43920 7 0 2400
1283 44040 46680 0 5 2640
1284 46800 47640 5 3 840
1285 49440 50280 3 5 840
1286 50400 53040 5 0 2640
1287 53280 55680 0 7 2400
1288 55800 57180 7 8 1380
1289 40200 41580 2 0 1380
1290 41700 43680 0 1 1980
1291 43920 47100 1 10 3180
1292 49980 53160 10 1 3180
1293 53400 55380 1 0 1980
1294 55620 57000 0 2 1380
1295 40380 42300 2 1 1920
1296 42540 44400 1 4 1860
1297 44520 45960 4 9 1440
1298 46200 48240 9 6 2040
1299 49680 51720 6 9 2040
1300 51840 53280 9 4 1440
1301 53400 55260 4 1 1860
1302 55380 57300 1 2 1920
1303 41700 43080 0 2 1380
1304 43320 45240 2 1 1920
1305 45360 48540 1 10 3180
1306 49260 52440 10 1 3180
1307 52560 54480 1 2 1920
1308 54600 55980 2 0 1380
1309 43620 45780 7 5 2160
1310 45900 46740 5 3 840
1311 46860 48840 3 1 1980
1312 48960 52140 1 10 3180
1313 53640 56820 10 1 3180
1314 56940 58920 1 3 1980
1315 59040 59880 3 5 840
1316 60000 62160 5 7 2160
1317 46800 49620 12 6 2820
1318 49740 52500 6 3 2760
1319 52620 53460 3 5 840
1320 53580 55740 5 7 2160
1321 55860 57660 7 11 1800
1322 58980 60780 11 7 1800
1323 60900 63060 7 5 2160
1324 63180 64020 5 3 840
1325 64140 66900 3 6 2760
1326 67140 69960 6 12 2820
1327 50820 52200 8 7 1380
1328 52320 54720 7 0 2400
1329 54840 57480 0 5 2640
1330 57600 58440 5 3 840
1331 60240 61080 3 5 840
1332 61200 63840 5 0 2640
1333 64080 66480 0 7 2400
1334 66600 67980 7 8 1380
1335 51000 52380 2 0 1380
1336 52500 54480 0 1 1980
1337 54720 57900 1 10 3180
1338 60780 63960 10 1 3180
1339 64200 66180 1 0 1980
1340 66420 67800 0 2 1380
1341 51180 53100 2 1 1920
1342 53340 55200 1 4 1860
1343 55320 56760 4 9 1440
1344 57000 59040 9 6 2040
1345 60480 62520 6 9 2040
1346 62640 64080 9 4 1440
1347 64200 66060 4 1 1860
1348 66180 68100 1 2 1920
1349 52500 53880 0 2 1380
1350 54120 56040 2 1 1920
1351 56160 59340 1 10 3180
1352 60060 63240 10 1 3180
1353 63360 65280 1 2 1920
1354 65400 66780 2 0 1380
1355 54420 56580 7 5 2160
1356 56700 57540 5 3 840
1357 57660 59640 3 1 1980
1358 59760 62940 1 10 3180
1359 64440 67620 10 1 3180
1360 67740 69720 1 3 1980
1361 69840 70680 3 5 840
1362 70800 72960 5 7 2160
1363 61200 64020 12 6 2820
1364 64140 66900 6 3 2760
1365 67020 67860 3 5 840
1366 67980 70140 5 7 2160
1367 70260 72060 7 11 1800
1368 73380 75180 11 7 1800
1369 75300 77460 7 5 2160
1370 77580 78420 5 3 840
1373 61620 63000 8 7 1380
1374 63120 65520 7 0 2400
1375 65640 68280 0 5 2640
1376 68400 69240 5 3 840
1377 71040 71880 3 5 840
1378 72000 74640 5 0 2640
1379 74880 77280 0 7 2400
1381 61800 63180 2 0 1380
1382 63300 65280 0 1 1980
1383 65520 68700 1 10 3180
1384 71580 74760 10 1 3180
1385 75000 76980 1 0 1980
1386 77220 78600 0 2 1380
1387 61980 63900 2 1 1920
1388 64140 66000 1 4 1860
1389 66120 67560 4 9 1440
1390 67800 69840 9 6 2040
1391 71280 73320 6 9 2040
1392 73440 74880 9 4 1440
1393 75000 76860 4 1 1860
1394 76980 78900 1 2 1920
1395 63300 64680 0 2 1380
1396 64920 66840 2 1 1920
1397 66960 70140 1 10 3180
1398 70860 74040 10 1 3180
1399 74160 76080 1 2 1920
1400 76200 77580 2 0 1380
1401 65220 67380 7 5 2160
1402 67500 68340 5 3 840
1403 68460 70440 3 1 1980
1404 70560 73740 1 10 3180
1405 75240 78420 10 1 3180
1406 78540 80520 1 3 1980
1407 80640 81480 3 5 840
1409 72420 73800 8 7 1380
1410 73920 76320 7 0 2400
1411 76440 79080 0 5 2640
1412 79200 80040 5 3 840
1413 81840 82680 3 5 840
1414 82800 85440 5 0 2640
1417 72600 73980 2 0 1380
1418 74100 76080 0 1 1980
1419 76320 79500 1 10 3180
1420 82380 85560 10 1 3180
1421 85800 87780 1 0 1980
1423 72780 74700 2 1 1920
1424 74940 76800 1 4 1860
1425 76920 78360 4 9 1440
1431 74100 75480 0 2 1380
1432 75720 77640 2 1 1920
1433 77760 80940 1 10 3180
1434 81660 84840 10 1 3180
1435 84960 86880 1 2 1920
1436 87000 88380 2 0 1380
1447 76020 78180 7 5 2160
1448 78300 79140 5 3 840
1449 79260 81240 3 1 1980
