0 2 12
2 16 14
3 16 13
4 5 20
5 10 16
6 8 11
8 12 11
6 9 14
12 14 22
14 17 17
14 15 26
9 13 35
2 0 12
16 2 14
16 3 13
5 4 20
10 5 16
8 6 11
12 8 11
9 6 14
14 12 22
17 14 17
15 14 26
13 9 35
10 13 45
13 10 45
0 16 20
16 0 20
6 18 7
18 6 7
14 18 31
18 14 31
15 19 14
19 15 14
10 20 14
20 10 14
1 21 11
21 1 11
15 21 34
21 15 34
11 22 13
22 11 13
12 22 29
22 12 29
7 23 8
23 7 8
19 23 5
23 19 5
3 25 14
25 3 14
24 25 10
25 24 10
6 26 6
26 6 6
24 26 10
26 24 10
17 27 11
27 17 11
10 28 12
28 10 12
6 29 16
29 6 16
28 29 16
29 28 16
2 30 24
30 2 24
4 30 13
30 4 13
3 31 20
31 3 20
4 31 11
31 4 11
12 32 9
32 12 9
27 32 13
32 27 13
15 33 12
33 15 12
0 33 40
33 0 40
0 34 14
34 0 14
1 34 13
34 1 13
3 35 7
35 3 7
20 35 15
35 20 15
