0 21600 22980 0 5 1380
1 23100 26160 5 3 3060
2 26280 27900 3 2 1620
3 31680 33300 2 3 1620
4 33540 36600 3 5 3060
5 36840 38220 5 0 1380
6 38880 40500 2 3 1620
7 40740 43800 3 5 3060
8 44040 45420 5 0 1380
9 46080 47700 2 3 1620
10 47940 51000 3 5 3060
11 51240 52620 5 0 1380
12 53280 54900 2 3 1620
13 55140 58200 3 5 3060
14 58440 59820 5 0 1380
15 60480 62100 2 3 1620
16 62340 65400 3 5 3060
17 65640 67020 5 0 1380
18 67680 69300 2 3 1620
19 69540 72600 3 5 3060
20 72840 74220 5 0 1380
21 74880 76500 2 3 1620
22 76740 79800 3 5 3060
23 80040 81420 5 0 1380
24 21600 24180 0 2 2580
25 24300 25920 2 3 1620
26 26700 28320 3 2 1620
27 28440 31020 2 0 2580
28 33900 35520 3 2 1620
29 35640 38220 2 0 2580
30 41100 42720 3 2 1620
31 42840 45420 2 0 2580
32 48300 49920 3 2 1620
33 50040 52620 2 0 2580
34 55500 57120 3 2 1620
35 57240 59820 2 0 2580
36 62700 64320 3 2 1620
37 64440 67020 2 0 2580
38 69900 71520 3 2 1620
39 71640 74220 2 0 2580
40 77100 78720 3 2 1620
41 78840 81420 2 0 2580
44 24900 27780 0 1 2880
45 28620 31500 1 0 2880
46 31620 33000 0 5 1380
47 33120 34380 5 2 1260
48 35820 38700 1 0 2880
49 38820 40200 0 5 1380
50 40320 41580 5 2 1260
51 43020 45900 1 0 2880
52 46020 47400 0 5 1380
53 47520 48780 5 2 1260
54 50220 53100 1 0 2880
55 53220 54600 0 5 1380
56 54720 55980 5 2 1260
57 57420 60300 1 0 2880
58 60420 61800 0 5 1380
59 61920 63180 5 2 1260
60 64620 67500 1 0 2880
61 67620 69000 0 5 1380
62 69120 70380 5 2 1260
63 71820 74700 1 0 2880
64 74820 76200 0 5 1380
65 76320 77580 5 2 1260
66 79020 81900 1 0 2880
69 22920 25680 0 4 2760
70 25800 27900 4 1 2100
71 30120 32220 1 4 2100
72 32340 35100 4 0 2760
73 37320 39420 1 4 2100
74 39540 42300 4 0 2760
75 44520 46620 1 4 2100
76 46740 49500 4 0 2760
77 51720 53820 1 4 2100
78 53940 56700 4 0 2760
79 58920 61020 1 4 2100
80 61140 63900 4 0 2760
81 66120 68220 1 4 2100
82 68340 71100 4 0 2760
83 73320 75420 1 4 2100
84 75540 78300 4 0 2760
87 30120 32880 0 4 2760
88 33000 35100 4 1 2100
89 37320 40080 0 4 2760
90 40200 42300 4 1 2100
91 44520 47280 0 4 2760
92 47400 49500 4 1 2100
93 51720 54480 0 4 2760
94 54600 56700 4 1 2100
95 58920 61680 0 4 2760
96 61800 63900 4 1 2100
97 66120 68880 0 4 2760
98 69000 71100 4 1 2100
99 73320 76080 0 4 2760
100 76200 78300 4 1 2100
102 24840 27420 2 0 2580
103 28800 31380 0 2 2580
104 31500 33120 2 3 1620
105 36000 38580 0 2 2580
106 38700 40320 2 3 1620
107 43200 45780 0 2 2580
108 45900 47520 2 3 1620
109 50400 52980 0 2 2580
110 53100 54720 2 3 1620
111 57600 60180 0 2 2580
112 60300 61920 2 3 1620
113 64800 67380 0 2 2580
114 67500 69120 2 3 1620
115 72000 74580 0 2 2580
116 74700 76320 2 3 1620
117 79200 81780 0 2 2580
120 26220 27600 0 5 1380
121 27720 28980 5 2 1260
122 31020 32280 2 5 1260
123 32400 33780 5 0 1380
124 33900 36780 0 1 2880
125 38220 39480 2 5 1260
126 39600 40980 5 0 1380
127 41100 43980 0 1 2880
128 45420 46680 2 5 1260
129 46800 48180 5 0 1380
130 48300 51180 0 1 2880
131 52620 53880 2 5 1260
132 54000 55380 5 0 1380
133 55500 58380 0 1 2880
134 59820 61080 2 5 1260
135 61200 62580 5 0 1380
136 62700 65580 0 1 2880
137 67020 68280 2 5 1260
138 68400 69780 5 0 1380
139 69900 72780 0 1 2880
140 74220 75480 2 5 1260
141 75600 76980 5 0 1380
144 25200 26580 5 0 1380
145 26700 29580 0 1 2880
146 30420 33300 1 0 2880
147 33420 34800 0 5 1380
148 34920 36180 5 2 1260
149 37620 40500 1 0 2880
150 40620 42000 0 5 1380
151 42120 43380 5 2 1260
152 44820 47700 1 0 2880
153 47820 49200 0 5 1380
154 49320 50580 5 2 1260
155 52020 54900 1 0 2880
156 55020 56400 0 5 1380
157 56520 57780 5 2 1260
158 59220 62100 1 0 2880
159 62220 63600 0 5 1380
160 63720 64980 5 2 1260
161 66420 69300 1 0 2880
162 69420 70800 0 5 1380
163 70920 72180 5 2 1260
164 73620 76500 1 0 2880
165 76620 78000 0 5 1380
166 78120 79380 5 2 1260
169 29640 31020 5 0 1380
170 32400 33780 0 5 1380
171 33900 36960 5 3 3060
172 37080 38700 3 2 1620
173 39600 40980 0 5 1380
174 41100 44160 5 3 3060
175 44280 45900 3 2 1620
176 46800 48180 0 5 1380
177 48300 51360 5 3 3060
178 51480 53100 3 2 1620
179 54000 55380 0 5 1380
180 55500 58560 5 3 3060
181 58680 60300 3 2 1620
182 61200 62580 0 5 1380
183 62700 65760 5 3 3060
184 65880 67500 3 2 1620
185 68400 69780 0 5 1380
186 69900 72960 5 3 3060
187 73080 74700 3 2 1620
188 75600 76980 0 5 1380
191 24720 27480 0 4 2760
192 27600 29700 4 1 2100
193 31920 34020 1 4 2100
194 34140 36900 4 0 2760
195 39120 41220 1 4 2100
196 41340 44100 4 0 2760
197 46320 48420 1 4 2100
198 48540 51300 4 0 2760
199 53520 55620 1 4 2100
200 55740 58500 4 0 2760
201 60720 62820 1 4 2100
202 62940 65700 4 0 2760
203 67920 70020 1 4 2100
204 70140 72900 4 0 2760
205 75120 77220 1 4 2100
206 77340 80100 4 0 2760
208 26940 29700 4 0 2760
209 31920 34680 0 4 2760
210 34800 36900 4 1 2100
211 39120 41880 0 4 2760
212 42000 44100 4 1 2100
213 46320 49080 0 4 2760
214 49200 51300 4 1 2100
215 53520 56280 0 4 2760
216 56400 58500 4 1 2100
217 60720 63480 0 4 2760
218 63600 65700 4 1 2100
219 67920 70680 0 4 2760
220 70800 72900 4 1 2100
221 75120 77880 0 4 2760
224 28020 29400 0 5 1380
225 29520 30780 5 2 1260
226 32820 34080 2 5 1260
227 34200 35580 5 0 1380
228 35700 38580 0 1 2880
229 40020 41280 2 5 1260
230 41400 42780 5 0 1380
231 42900 45780 0 1 2880
232 47220 48480 2 5 1260
233 48600 49980 5 0 1380
234 50100 52980 0 1 2880
235 54420 55680 2 5 1260
236 55800 57180 5 0 1380
237 57300 60180 0 1 2880
238 61620 62880 2 5 1260
239 63000 64380 5 0 1380
240 64500 67380 0 1 2880
241 68820 70080 2 5 1260
242 70200 71580 5 0 1380
243 71700 74580 0 1 2880
244 76020 77280 2 5 1260
245 77400 78780 5 0 1380
247 25200 26580 0 5 1380
248 26700 29760 5 3 3060
249 29880 31500 3 2 1620
250 35280 36900 2 3 1620
251 37140 40200 3 5 3060
252 40440 41820 5 0 1380
253 42480 44100 2 3 1620
254 44340 47400 3 5 3060
255 47640 49020 5 0 1380
256 49680 51300 2 3 1620
257 51540 54600 3 5 3060
258 54840 56220 5 0 1380
259 56880 58500 2 3 1620
260 58740 61800 3 5 3060
261 62040 63420 5 0 1380
262 64080 65700 2 3 1620
263 65940 69000 3 5 3060
264 69240 70620 5 0 1380
265 71280 72900 2 3 1620
266 73140 76200 3 5 3060
267 76440 77820 5 0 1380
268 78480 80100 2 3 1620
269 80340 83400 3 5 3060
270 83640 85020 5 0 1380
271 25200 27780 0 2 2580
272 27900 29520 2 3 1620
273 30300 31920 3 2 1620
274 32040 34620 2 0 2580
275 37500 39120 3 2 1620
276 39240 41820 2 0 2580
277 44700 46320 3 2 1620
278 46440 49020 2 0 2580
279 51900 53520 3 2 1620
280 53640 56220 2 0 2580
281 59100 60720 3 2 1620
282 60840 63420 2 0 2580
283 66300 67920 3 2 1620
284 68040 70620 2 0 2580
285 73500 75120 3 2 1620
286 75240 77820 2 0 2580
287 25620 26880 2 5 1260
288 27000 28380 5 0 1380
289 28500 31380 0 1 2880
290 32220 35100 1 0 2880
291 35220 36600 0 5 1380
292 36720 37980 5 2 1260
293 39420 42300 1 0 2880
294 42420 43800 0 5 1380
295 43920 45180 5 2 1260
296 46620 49500 1 0 2880
297 49620 51000 0 5 1380
298 51120 52380 5 2 1260
299 53820 56700 1 0 2880
300 56820 58200 0 5 1380
301 58320 59580 5 2 1260
302 61020 63900 1 0 2880
303 64020 65400 0 5 1380
304 65520 66780 5 2 1260
305 68220 71100 1 0 2880
306 71220 72600 0 5 1380
307 72720 73980 5 2 1260
308 75420 78300 1 0 2880
309 78420 79800 0 5 1380
310 79920 81180 5 2 1260
311 26520 29280 0 4 2760
312 29400 31500 4 1 2100
313 33720 35820 1 4 2100
314 35940 38700 4 0 2760
315 40920 43020 1 4 2100
316 43140 45900 4 0 2760
317 48120 50220 1 4 2100
318 50340 53100 4 0 2760
319 55320 57420 1 4 2100
320 57540 60300 4 0 2760
321 62520 64620 1 4 2100
322 64740 67500 4 0 2760
323 69720 71820 1 4 2100
324 71940 74700 4 0 2760
325 76920 79020 1 4 2100
326 79140 81900 4 0 2760
328 28740 31500 4 0 2760
329 33720 36480 0 4 2760
330 36600 38700 4 1 2100
331 40920 43680 0 4 2760
332 43800 45900 4 1 2100
333 48120 50880 0 4 2760
334 51000 53100 4 1 2100
335 55320 58080 0 4 2760
336 58200 60300 4 1 2100
337 62520 65280 0 4 2760
338 65400 67500 4 1 2100
339 69720 72480 0 4 2760
340 72600 74700 4 1 2100
341 76920 79680 0 4 2760
344 29820 31200 0 5 1380
345 31320 32580 5 2 1260
346 34620 35880 2 5 1260
347 36000 37380 5 0 1380
348 37500 40380 0 1 2880
349 41820 43080 2 5 1260
350 43200 44580 5 0 1380
351 44700 47580 0 1 2880
352 49020 50280 2 5 1260
353 50400 51780 5 0 1380
354 51900 54780 0 1 2880
355 56220 57480 2 5 1260
356 57600 58980 5 0 1380
357 59100 61980 0 1 2880
358 63420 64680 2 5 1260
359 64800 66180 5 0 1380
360 66300 69180 0 1 2880
361 70620 71880 2 5 1260
362 72000 73380 5 0 1380
363 73500 76380 0 1 2880
364 77820 79080 2 5 1260
365 79200 80580 5 0 1380
367 27420 28680 2 5 1260
368 28800 30180 5 0 1380
369 30300 33180 0 1 2880
370 34020 36900 1 0 2880
371 37020 38400 0 5 1380
372 38520 39780 5 2 1260
373 41220 44100 1 0 2880
374 44220 45600 0 5 1380
375 45720 46980 5 2 1260
376 48420 51300 1 0 2880
377 51420 52800 0 5 1380
378 52920 54180 5 2 1260
379 55620 58500 1 0 2880
380 58620 60000 0 5 1380
381 60120 61380 5 2 1260
382 62820 65700 1 0 2880
383 65820 67200 0 5 1380
384 67320 68580 5 2 1260
385 70020 72900 1 0 2880
386 73020 74400 0 5 1380
387 74520 75780 5 2 1260
388 77220 80100 1 0 2880
389 80220 81600 0 5 1380
391 28080 29700 2 3 1620
392 29940 33000 3 5 3060
393 33240 34620 5 0 1380
394 36000 37380 0 5 1380
395 37500 40560 5 3 3060
396 40680 42300 3 2 1620
397 43200 44580 0 5 1380
398 44700 47760 5 3 3060
399 47880 49500 3 2 1620
400 50400 51780 0 5 1380
401 51900 54960 5 3 3060
402 55080 56700 3 2 1620
403 57600 58980 0 5 1380
404 59100 62160 5 3 3060
405 62280 63900 3 2 1620
406 64800 66180 0 5 1380
407 66300 69360 5 3 3060
408 69480 71100 3 2 1620
409 72000 73380 0 5 1380
410 73500 76560 5 3 3060
411 76680 78300 3 2 1620
412 79200 80580 0 5 1380
415 28320 31080 0 4 2760
416 31200 33300 4 1 2100
417 35520 37620 1 4 2100
418 37740 40500 4 0 2760
419 42720 44820 1 4 2100
420 44940 47700 4 0 2760
421 49920 52020 1 4 2100
422 52140 54900 4 0 2760
423 57120 59220 1 4 2100
424 59340 62100 4 0 2760
425 64320 66420 1 4 2100
426 66540 69300 4 0 2760
427 71520 73620 1 4 2100
428 73740 76500 4 0 2760
429 78720 80820 1 4 2100
430 80940 83700 4 0 2760
432 30540 33300 4 0 2760
433 35520 38280 0 4 2760
434 38400 40500 4 1 2100
435 42720 45480 0 4 2760
436 45600 47700 4 1 2100
437 49920 52680 0 4 2760
438 52800 54900 4 1 2100
439 57120 59880 0 4 2760
440 60000 62100 4 1 2100
441 64320 67080 0 4 2760
442 67200 69300 4 1 2100
443 71520 74280 0 4 2760
444 74400 76500 4 1 2100
447 28800 30180 0 5 1380
448 30300 33360 5 3 3060
449 33480 35100 3 2 1620
450 38880 40500 2 3 1620
451 40740 43800 3 5 3060
452 44040 45420 5 0 1380
453 29220 30480 2 5 1260
454 30600 31980 5 0 1380
455 32100 34980 0 1 2880
456 35820 38700 1 0 2880
457 38820 40200 0 5 1380
458 40320 41580 5 2 1260
459 32400 34980 0 2 2580
460 35100 36720 2 3 1620
461 37500 39120 3 2 1620
462 39240 41820 2 0 2580
463 36420 37680 2 5 1260
464 37800 39180 5 0 1380
465 39300 42180 0 1 2880
466 43020 45900 1 0 2880
467 46020 47400 0 5 1380
468 47520 48780 5 2 1260
469 39600 42180 0 2 2580
470 42300 43920 2 3 1620
471 44700 46320 3 2 1620
472 46440 49020 2 0 2580
473 43620 44880 2 5 1260
474 45000 46380 5 0 1380
475 46500 49380 0 1 2880
476 50220 53100 1 0 2880
477 53220 54600 0 5 1380
478 54720 55980 5 2 1260
479 46800 49380 0 2 2580
480 49500 51120 2 3 1620
481 51900 53520 3 2 1620
482 53640 56220 2 0 2580
483 50820 52080 2 5 1260
484 52200 53580 5 0 1380
485 53700 56580 0 1 2880
486 57420 60300 1 0 2880
487 60420 61800 0 5 1380
488 61920 63180 5 2 1260
489 54000 56580 0 2 2580
490 56700 58320 2 3 1620
491 59100 60720 3 2 1620
492 60840 63420 2 0 2580
493 58020 59280 2 5 1260
494 59400 60780 5 0 1380
495 60900 63780 0 1 2880
496 64620 67500 1 0 2880
497 67620 69000 0 5 1380
498 69120 70380 5 2 1260
499 61200 63780 0 2 2580
500 63900 65520 2 3 1620
501 66300 67920 3 2 1620
502 68040 70620 2 0 2580
503 65220 66480 2 5 1260
504 66600 67980 5 0 1380
505 68100 70980 0 1 2880
506 71820 74700 1 0 2880
507 74820 76200 0 5 1380
508 76320 77580 5 2 1260
509 68400 70980 0 2 2580
510 71100 72720 2 3 1620
511 73500 75120 3 2 1620
512 75240 77820 2 0 2580
513 72420 73680 2 5 1260
514 73800 75180 5 0 1380
515 75300 78180 0 1 2880
516 79020 81900 1 0 2880
519 75600 78180 0 2 2580
520 78300 79920 2 3 1620
521 80700 82320 3 2 1620
522 82440 85020 2 0 2580
