0 21600 24120 0 1 2520
1 24240 27180 1 2 2940
2 28440 31380 2 1 2940
3 31620 34140 1 0 2520
4 35640 38580 2 1 2940
5 38820 41340 1 0 2520
6 42840 45780 2 1 2940
7 46020 48540 1 0 2520
8 50040 52980 2 1 2940
9 53220 55740 1 0 2520
10 57240 60180 2 1 2940
11 60420 62940 1 0 2520
12 64440 67380 2 1 2940
13 67620 70140 1 0 2520
14 71640 74580 2 1 2940
15 74820 77340 1 0 2520
16 78840 81780 2 1 2940
17 82020 84540 1 0 2520
18 24540 27060 0 1 2520
19 28200 30780 1 0 2580
20 30900 33240 0 2 2340
21 35400 37980 1 0 2580
22 38100 40440 0 2 2340
23 42600 45180 1 0 2580
24 45300 47640 0 2 2340
25 49800 52380 1 0 2580
26 52500 54840 0 2 2340
27 57000 59580 1 0 2580
28 59700 62040 0 2 2340
29 64200 66780 1 0 2580
30 66900 69240 0 2 2340
31 71400 73980 1 0 2580
32 74100 76440 0 2 2340
33 78600 81180 1 0 2580
34 81300 83640 0 2 2340
35 25620 28140 1 0 2520
36 28800 31320 0 1 2520
37 31440 34380 1 2 2940
38 36000 38520 0 1 2520
39 38640 41580 1 2 2940
40 43200 45720 0 1 2520
41 45840 48780 1 2 2940
42 50400 52920 0 1 2520
43 53040 55980 1 2 2940
44 57600 60120 0 1 2520
45 60240 63180 1 2 2940
46 64800 67320 0 1 2520
47 67440 70380 1 2 2940
48 72000 74520 0 1 2520
49 74640 77580 1 2 2940
50 79200 81720 0 1 2520
51 22800 25320 0 1 2520
52 25440 28380 1 2 2940
53 29640 32580 2 1 2940
54 32820 35340 1 0 2520
55 36840 39780 2 1 2940
56 40020 42540 1 0 2520
57 44040 46980 2 1 2940
58 47220 49740 1 0 2520
59 51240 54180 2 1 2940
60 54420 56940 1 0 2520
61 58440 61380 2 1 2940
62 61620 64140 1 0 2520
63 65640 68580 2 1 2940
64 68820 71340 1 0 2520
65 72840 75780 2 1 2940
66 76020 78540 1 0 2520
67 25500 27840 0 2 2340
68 29280 31620 2 0 2340
69 31740 34260 0 1 2520
70 36480 38820 2 0 2340
71 38940 41460 0 1 2520
72 43680 46020 2 0 2340
73 46140 48660 0 1 2520
74 50880 53220 2 0 2340
75 53340 55860 0 1 2520
76 58080 60420 2 0 2340
77 60540 63060 0 1 2520
78 65280 67620 2 0 2340
79 67740 70260 0 1 2520
80 72480 74820 2 0 2340
81 74940 77460 0 1 2520
82 26820 29340 1 0 2520
83 30000 32520 0 1 2520
84 32640 35580 1 2 2940
85 37200 39720 0 1 2520
86 39840 42780 1 2 2940
87 44400 46920 0 1 2520
88 47040 49980 1 2 2940
89 51600 54120 0 1 2520
90 54240 57180 1 2 2940
91 58800 61320 0 1 2520
92 61440 64380 1 2 2940
93 66000 68520 0 1 2520
94 68640 71580 1 2 2940
95 73200 75720 0 1 2520
96 75840 78780 1 2 2940
97 26340 28860 0 1 2520
98 30000 32580 1 0 2580
99 32700 35040 0 2 2340
100 37200 39780 1 0 2580
101 39900 42240 0 2 2340
102 44400 46980 1 0 2580
103 47100 49440 0 2 2340
104 51600 54180 1 0 2580
105 54300 56640 0 2 2340
106 58800 61380 1 0 2580
107 61500 63840 0 2 2340
108 66000 68580 1 0 2580
109 68700 71040 0 2 2340
110 73200 75780 1 0 2580
111 75900 78240 0 2 2340
112 24000 26520 0 1 2520
113 26640 29580 1 2 2940
114 30840 33780 2 1 2940
115 34020 36540 1 0 2520
116 38040 40980 2 1 2940
117 41220 43740 1 0 2520
118 45240 48180 2 1 2940
119 48420 50940 1 0 2520
120 52440 55380 2 1 2940
121 55620 58140 1 0 2520
122 59640 62580 2 1 2940
123 62820 65340 1 0 2520
124 66840 69780 2 1 2940
125 70020 72540 1 0 2520
126 74040 76980 2 1 2940
127 77220 79740 1 0 2520
128 27300 29640 0 2 2340
129 31080 33420 2 0 2340
130 33540 36060 0 1 2520
131 38280 40620 2 0 2340
132 40740 43260 0 1 2520
133 45480 47820 2 0 2340
134 47940 50460 0 1 2520
135 52680 55020 2 0 2340
136 55140 57660 0 1 2520
137 59880 62220 2 0 2340
138 62340 64860 0 1 2520
139 67080 69420 2 0 2340
140 69540 72060 0 1 2520
141 74280 76620 2 0 2340
142 76740 79260 0 1 2520
143 28020 30540 1 0 2520
144 31200 33720 0 1 2520
145 33840 36780 1 2 2940
146 38400 40920 0 1 2520
147 41040 43980 1 2 2940
148 45600 48120 0 1 2520
149 48240 51180 1 2 2940
150 52800 55320 0 1 2520
151 55440 58380 1 2 2940
152 60000 62520 0 1 2520
153 62640 65580 1 2 2940
154 67200 69720 0 1 2520
155 69840 72780 1 2 2940
156 74400 76920 0 1 2520
157 77040 79980 1 2 2940
158 25200 27720 0 1 2520
159 27840 30780 1 2 2940
160 32040 34980 2 1 2940
161 35220 37740 1 0 2520
162 39240 42180 2 1 2940
163 42420 44940 1 0 2520
164 46440 49380 2 1 2940
165 49620 52140 1 0 2520
166 53640 56580 2 1 2940
167 56820 59340 1 0 2520
168 60840 63780 2 1 2940
169 64020 66540 1 0 2520
170 68040 70980 2 1 2940
171 71220 73740 1 0 2520
172 75240 78180 2 1 2940
173 78420 80940 1 0 2520
174 28140 30660 0 1 2520
175 31800 34380 1 0 2580
176 34500 36840 0 2 2340
177 39000 41580 1 0 2580
178 41700 44040 0 2 2340
179 46200 48780 1 0 2580
180 48900 51240 0 2 2340
181 53400 55980 1 0 2580
182 56100 58440 0 2 2340
183 60600 63180 1 0 2580
184 63300 65640 0 2 2340
185 67800 70380 1 0 2580
186 70500 72840 0 2 2340
187 75000 77580 1 0 2580
188 77700 80040 0 2 2340
189 29220 31740 1 0 2520
190 32400 34920 0 1 2520
191 35040 37980 1 2 2940
192 39600 42120 0 1 2520
193 42240 45180 1 2 2940
194 46800 49320 0 1 2520
195 49440 52380 1 2 2940
196 54000 56520 0 1 2520
197 56640 59580 1 2 2940
198 61200 63720 0 1 2520
199 63840 66780 1 2 2940
200 68400 70920 0 1 2520
201 71040 73980 1 2 2940
202 75600 78120 0 1 2520
203 78240 81180 1 2 2940
204 26400 28920 0 1 2520
205 29040 31980 1 2 2940
206 33240 36180 2 1 2940
207 36420 38940 1 0 2520
208 40440 43380 2 1 2940
209 43620 46140 1 0 2520
210 47640 50580 2 1 2940
211 50820 53340 1 0 2520
212 54840 57780 2 1 2940
213 58020 60540 1 0 2520
214 62040 64980 2 1 2940
215 65220 67740 1 0 2520
216 69240 72180 2 1 2940
217 72420 74940 1 0 2520
218 76440 79380 2 1 2940
219 79620 82140 1 0 2520
220 26400 28980 1 0 2580
221 29100 31440 0 2 2340
222 32880 35220 2 0 2340
223 35340 37860 0 1 2520
224 40080 42420 2 0 2340
225 42540 45060 0 1 2520
226 47280 49620 2 0 2340
227 49740 52260 0 1 2520
228 54480 56820 2 0 2340
229 56940 59460 0 1 2520
230 61680 64020 2 0 2340
231 64140 66660 0 1 2520
232 68880 71220 2 0 2340
233 71340 73860 0 1 2520
234 76080 78420 2 0 2340
235 78540 81060 0 1 2520
236 30420 32940 1 0 2520
237 33600 36120 0 1 2520
238 36240 39180 1 2 2940
239 40800 43320 0 1 2520
240 43440 46380 1 2 2940
241 48000 50520 0 1 2520
242 50640 53580 1 2 2940
243 55200 57720 0 1 2520
244 57840 60780 1 2 2940
245 62400 64920 0 1 2520
246 65040 67980 1 2 2940
247 69600 72120 0 1 2520
248 72240 75180 1 2 2940
249 76800 79320 0 1 2520
250 79440 82380 1 2 2940
251 29940 32460 0 1 2520
252 33600 36180 1 0 2580
253 36300 38640 0 2 2340
254 40800 43380 1 0 2580
255 43500 45840 0 2 2340
256 48000 50580 1 0 2580
257 50700 53040 0 2 2340
258 55200 57780 1 0 2580
259 57900 60240 0 2 2340
260 62400 64980 1 0 2580
261 65100 67440 0 2 2340
262 69600 72180 1 0 2580
263 72300 74640 0 2 2340
264 76800 79380 1 0 2580
265 79500 81840 0 2 2340
266 27600 30120 0 1 2520
267 30240 33180 1 2 2940
268 34440 37380 2 1 2940
269 37620 40140 1 0 2520
270 41640 44580 2 1 2940
271 44820 47340 1 0 2520
272 48840 51780 2 1 2940
273 52020 54540 1 0 2520
274 56040 58980 2 1 2940
275 59220 61740 1 0 2520
276 63240 66180 2 1 2940
277 66420 68940 1 0 2520
278 70440 73380 2 1 2940
279 73620 76140 1 0 2520
280 77640 80580 2 1 2940
281 80820 83340 1 0 2520
282 34680 37020 2 0 2340
283 37140 39660 0 1 2520
284 40800 43380 1 0 2580
285 43500 45840 0 2 2340
286 34800 37320 0 1 2520
287 37440 40380 1 2 2940
288 41640 44580 2 1 2940
289 44820 47340 1 0 2520
290 41880 44220 2 0 2340
291 44340 46860 0 1 2520
292 48000 50580 1 0 2580
293 50700 53040 0 2 2340
294 42000 44520 0 1 2520
295 44640 47580 1 2 2940
296 48840 51780 2 1 2940
297 52020 54540 1 0 2520
298 49080 51420 2 0 2340
299 51540 54060 0 1 2520
300 55200 57780 1 0 2580
301 57900 60240 0 2 2340
302 49200 51720 0 1 2520
303 51840 54780 1 2 2940
304 56040 58980 2 1 2940
305 59220 61740 1 0 2520
306 56280 58620 2 0 2340
307 58740 61260 0 1 2520
308 62400 64980 1 0 2580
309 65100 67440 0 2 2340
310 56400 58920 0 1 2520
311 59040 61980 1 2 2940
312 63240 66180 2 1 2940
313 66420 68940 1 0 2520
314 63480 65820 2 0 2340
315 65940 68460 0 1 2520
316 69600 72180 1 0 2580
317 72300 74640 0 2 2340
318 63600 66120 0 1 2520
319 66240 69180 1 2 2940
320 70440 73380 2 1 2940
321 73620 76140 1 0 2520
322 70680 73020 2 0 2340
323 73140 75660 0 1 2520
324 76800 79380 1 0 2580
325 79500 81840 0 2 2340
326 70800 73320 0 1 2520
327 73440 76380 1 2 2940
328 77640 80580 2 1 2940
329 80820 83340 1 0 2520
330 77880 80220 2 0 2340
331 80340 82860 0 1 2520
332 84000 86580 1 0 2580
333 78000 80520 0 1 2520
334 80640 83580 1 2 2940
335 84840 87780 2 1 2940
336 88020 90540 1 0 2520
