2 26880 29100 2 0 2220
3 32220 34440 0 2 2220
4 34560 38220 2 9 3660
5 38340 39600 9 4 1260
6 43020 45240 0 2 2220
7 45360 49020 2 9 3660
8 49140 50400 9 4 1260
9 53820 56040 0 2 2220
10 56160 59820 2 9 3660
11 59940 61200 9 4 1260
12 64620 66840 0 2 2220
13 66960 70620 2 9 3660
14 70740 72000 9 4 1260
15 75420 77640 0 2 2220
19 23940 26460 2 12 2520
20 26640 28140 12 3 1500
21 29400 30900 3 12 1500
22 31140 33660 12 2 2520
23 33780 36000 2 0 2220
24 36600 38100 3 12 1500
25 38340 40860 12 2 2520
26 40980 43200 2 0 2220
27 43800 45300 3 12 1500
28 45540 48060 12 2 2520
29 48180 50400 2 0 2220
30 51000 52500 3 12 1500
31 52740 55260 12 2 2520
32 55380 57600 2 0 2220
33 58200 59700 3 12 1500
34 59940 62460 12 2 2520
35 62580 64800 2 0 2220
36 65400 66900 3 12 1500
37 67140 69660 12 2 2520
38 69780 72000 2 0 2220
39 72600 74100 3 12 1500
40 74340 76860 12 2 2520
41 76980 79200 2 0 2220
46 31620 32940 11 5 1320
47 33060 35040 5 0 1980
48 36180 38700 8 11 2520
49 38820 40140 11 5 1320
50 40260 42240 5 0 1980
51 43380 45900 8 11 2520
52 46020 47340 11 5 1320
53 47460 49440 5 0 1980
54 50580 53100 8 11 2520
55 53220 54540 11 5 1320
56 54660 56640 5 0 1980
57 57780 60300 8 11 2520
58 60420 61740 11 5 1320
59 61860 63840 5 0 1980
60 64980 67500 8 11 2520
61 67620 68940 11 5 1320
62 69060 71040 5 0 1980
63 72180 74700 8 11 2520
64 74820 76140 11 5 1320
65 76260 78240 5 0 1980
66 79200 81180 0 5 1980
73 23940 26580 2 5 2640
74 26700 28020 5 11 1320
75 31980 33300 11 5 1320
76 33420 36060 5 2 2640
77 36180 38280 2 6 2100
78 39180 40500 11 5 1320
79 40620 43260 5 2 2640
80 43380 45480 2 6 2100
81 46380 47700 11 5 1320
82 47820 50460 5 2 2640
83 50580 52680 2 6 2100
84 53580 54900 11 5 1320
85 55020 57660 5 2 2640
86 57780 59880 2 6 2100
87 60780 62100 11 5 1320
88 62220 64860 5 2 2640
89 64980 67080 2 6 2100
90 67980 69300 11 5 1320
91 69420 72060 5 2 2640
92 72180 74280 2 6 2100
93 75180 76500 11 5 1320
94 76620 79260 5 2 2640
100 30900 32220 5 11 1320
101 32340 34860 11 8 2520
102 36000 37980 0 5 1980
103 38100 39420 5 11 1320
104 39540 42060 11 8 2520
105 43200 45180 0 5 1980
106 45300 46620 5 11 1320
107 46740 49260 11 8 2520
108 50400 52380 0 5 1980
109 52500 53820 5 11 1320
110 53940 56460 11 8 2520
111 57600 59580 0 5 1980
112 59700 61020 5 11 1320
113 61140 63660 11 8 2520
114 64800 66780 0 5 1980
115 66900 68220 5 11 1320
116 68340 70860 11 8 2520
117 72000 73980 0 5 1980
118 74100 75420 5 11 1320
119 75540 78060 11 8 2520
122 26760 29400 2 5 2640
123 31800 34440 5 2 2640
124 34560 38220 2 9 3660
125 38340 39240 9 10 900
126 42600 45240 5 2 2640
127 45360 49020 2 9 3660
128 49140 50040 9 10 900
129 53400 56040 5 2 2640
130 56160 59820 2 9 3660
131 59940 60840 9 10 900
132 64200 66840 5 2 2640
133 66960 70620 2 9 3660
134 70740 71640 9 10 900
135 75000 77640 5 2 2640
140 26580 28800 2 0 2220
141 30600 32820 0 2 2220
142 32940 35460 2 12 2520
143 35640 37140 12 3 1500
144 37800 40020 0 2 2220
145 40140 42660 2 12 2520
146 42840 44340 12 3 1500
147 45000 47220 0 2 2220
148 47340 49860 2 12 2520
149 50040 51540 12 3 1500
150 52200 54420 0 2 2220
151 54540 57060 2 12 2520
152 57240 58740 12 3 1500
153 59400 61620 0 2 2220
154 61740 64260 2 12 2520
155 64440 65940 12 3 1500
156 66600 68820 0 2 2220
157 68940 71460 2 12 2520
158 71640 73140 12 3 1500
159 73800 76020 0 2 2220
160 76140 78660 2 12 2520
161 78840 80340 12 3 1500
166 30240 32100 0 7 1860
167 32220 33480 7 4 1260
168 33600 34860 4 9 1260
169 34980 35880 9 10 900
170 37440 39300 0 7 1860
171 39420 40680 7 4 1260
172 40800 42060 4 9 1260
173 42180 43080 9 10 900
174 44640 46500 0 7 1860
175 46620 47880 7 4 1260
176 48000 49260 4 9 1260
177 49380 50280 9 10 900
178 51840 53700 0 7 1860
179 53820 55080 7 4 1260
180 55200 56460 4 9 1260
181 56580 57480 9 10 900
182 59040 60900 0 7 1860
183 61020 62280 7 4 1260
184 62400 63660 4 9 1260
185 63780 64680 9 10 900
186 66240 68100 0 7 1860
187 68220 69480 7 4 1260
188 69600 70860 4 9 1260
189 70980 71880 9 10 900
190 73440 75300 0 7 1860
191 75420 76680 7 4 1260
192 76800 78060 4 9 1260
197 30960 33600 2 5 2640
198 33840 35520 5 1 1680
199 35640 36540 1 0 900
200 38160 40800 2 5 2640
201 41040 42720 5 1 1680
202 42840 43740 1 0 900
203 45360 48000 2 5 2640
204 48240 49920 5 1 1680
205 50040 50940 1 0 900
206 52560 55200 2 5 2640
207 55440 57120 5 1 1680
208 57240 58140 1 0 900
209 59760 62400 2 5 2640
210 62640 64320 5 1 1680
211 64440 65340 1 0 900
212 66960 69600 2 5 2640
213 69840 71520 5 1 1680
214 71640 72540 1 0 900
215 74160 76800 2 5 2640
216 77040 78720 5 1 1680
217 78840 79740 1 0 900
225 33240 35100 7 0 1860
226 36660 37560 10 9 900
227 37680 38940 9 4 1260
228 39060 40320 4 7 1260
229 40440 42300 7 0 1860
230 43860 44760 10 9 900
231 44880 46140 9 4 1260
232 46260 47520 4 7 1260
233 47640 49500 7 0 1860
234 51060 51960 10 9 900
235 52080 53340 9 4 1260
236 53460 54720 4 7 1260
237 54840 56700 7 0 1860
238 58260 59160 10 9 900
239 59280 60540 9 4 1260
240 60660 61920 4 7 1260
241 62040 63900 7 0 1860
242 65460 66360 10 9 900
243 66480 67740 9 4 1260
244 67860 69120 4 7 1260
245 69240 71100 7 0 1860
246 72660 73560 10 9 900
247 73680 74940 9 4 1260
248 75060 76320 4 7 1260
249 76440 78300 7 0 1860
252 27420 29100 5 1 1680
253 29220 30120 1 0 900
254 30240 32100 0 7 1860
255 35820 37680 7 0 1860
256 37800 38700 0 1 900
257 38820 40500 1 5 1680
258 40620 41940 5 11 1320
259 42060 44820 11 13 2760
260 46620 48480 7 0 1860
261 48600 49500 0 1 900
262 49620 51300 1 5 1680
263 51420 52740 5 11 1320
264 52860 55620 11 13 2760
265 57420 59280 7 0 1860
266 59400 60300 0 1 900
267 60420 62100 1 5 1680
268 62220 63540 5 11 1320
269 63660 66420 11 13 2760
270 68220 70080 7 0 1860
271 70200 71100 0 1 900
272 71220 72900 1 5 1680
273 73020 74340 5 11 1320
274 74460 77220 11 13 2760
275 79020 80880 7 0 1860
276 81000 81900 0 1 900
283 28980 31560 2 3 2580
284 34680 37260 3 2 2580
285 37380 39600 2 0 2220
286 39720 41580 0 7 1860
287 41700 42960 7 4 1260
288 45480 48060 3 2 2580
289 48180 50400 2 0 2220
290 50520 52380 0 7 1860
291 52500 53760 7 4 1260
292 56280 58860 3 2 2580
293 58980 61200 2 0 2220
294 61320 63180 0 7 1860
295 63300 64560 7 4 1260
296 67080 69660 3 2 2580
297 69780 72000 2 0 2220
298 72120 73980 0 7 1860
299 74100 75360 7 4 1260
300 77880 80460 3 2 2580
301 80580 82800 2 0 2220
305 25740 28260 2 12 2520
306 28440 29940 12 3 1500
307 31200 32700 3 12 1500
308 32940 35460 12 2 2520
309 35580 37800 2 0 2220
310 38400 39900 3 12 1500
311 40140 42660 12 2 2520
312 42780 45000 2 0 2220
313 45600 47100 3 12 1500
314 47340 49860 12 2 2520
315 49980 52200 2 0 2220
316 52800 54300 3 12 1500
317 54540 57060 12 2 2520
318 57180 59400 2 0 2220
319 60000 61500 3 12 1500
320 61740 64260 12 2 2520
321 64380 66600 2 0 2220
322 67200 68700 3 12 1500
323 68940 71460 12 2 2520
324 71580 73800 2 0 2220
325 74400 75900 3 12 1500
326 76140 78660 12 2 2520
327 78780 81000 2 0 2220
332 33420 34740 11 5 1320
333 34860 36840 5 0 1980
334 37980 40500 8 11 2520
335 40620 41940 11 5 1320
336 42060 44040 5 0 1980
337 45180 47700 8 11 2520
338 47820 49140 11 5 1320
339 49260 51240 5 0 1980
340 52380 54900 8 11 2520
341 55020 56340 11 5 1320
342 56460 58440 5 0 1980
343 59580 62100 8 11 2520
344 62220 63540 11 5 1320
345 63660 65640 5 0 1980
346 66780 69300 8 11 2520
347 69420 70740 11 5 1320
348 70860 72840 5 0 1980
349 73980 76500 8 11 2520
350 76620 77940 11 5 1320
351 78060 80040 5 0 1980
354 27660 29640 5 0 1980
355 30600 32580 0 5 1980
356 32700 34020 5 11 1320
357 34140 36660 11 8 2520
358 37800 39780 0 5 1980
359 39900 41220 5 11 1320
360 41340 43860 11 8 2520
361 45000 46980 0 5 1980
362 47100 48420 5 11 1320
363 48540 51060 11 8 2520
364 52200 54180 0 5 1980
365 54300 55620 5 11 1320
366 55740 58260 11 8 2520
367 59400 61380 0 5 1980
368 61500 62820 5 11 1320
369 62940 65460 11 8 2520
370 66600 68580 0 5 1980
371 68700 70020 5 11 1320
372 70140 72660 11 8 2520
373 73800 75780 0 5 1980
374 75900 77220 5 11 1320
376 23760 26400 2 5 2640
377 26640 28320 5 1 1680
378 28440 29340 1 0 900
379 33300 34200 0 1 900
380 34440 36120 1 5 1680
381 36240 38880 5 2 2640
382 40500 41400 0 1 900
383 41640 43320 1 5 1680
384 43440 46080 5 2 2640
385 47700 48600 0 1 900
386 48840 50520 1 5 1680
387 50640 53280 5 2 2640
388 54900 55800 0 1 900
389 56040 57720 1 5 1680
390 57840 60480 5 2 2640
391 62100 63000 0 1 900
392 63240 64920 1 5 1680
393 65040 67680 5 2 2640
394 69300 70200 0 1 900
395 70440 72120 1 5 1680
396 72240 74880 5 2 2640
397 76500 77400 0 1 900
398 77640 79320 1 5 1680
399 79440 82080 5 2 2640
401 26580 28800 2 0 2220
402 28920 30780 0 7 1860
403 30900 32160 7 4 1260
404 34080 35340 4 7 1260
405 35460 37320 7 0 1860
406 37440 39660 0 2 2220
407 39780 42360 2 3 2580
408 44880 46140 4 7 1260
409 46260 48120 7 0 1860
410 48240 50460 0 2 2220
411 50580 53160 2 3 2580
412 55680 56940 4 7 1260
413 57060 58920 7 0 1860
414 59040 61260 0 2 2220
415 61380 63960 2 3 2580
416 66480 67740 4 7 1260
417 67860 69720 7 0 1860
418 69840 72060 0 2 2220
419 72180 74760 2 3 2580
420 77280 78540 4 7 1260
421 78660 80520 7 0 1860
422 80640 82860 0 2 2220
426 28380 30600 2 0 2220
427 32400 34620 0 2 2220
428 34740 37260 2 12 2520
429 37440 38940 12 3 1500
430 39600 41820 0 2 2220
431 41940 44460 2 12 2520
432 44640 46140 12 3 1500
433 46800 49020 0 2 2220
434 49140 51660 2 12 2520
435 51840 53340 12 3 1500
436 54000 56220 0 2 2220
437 56340 58860 2 12 2520
438 59040 60540 12 3 1500
439 61200 63420 0 2 2220
440 63540 66060 2 12 2520
441 66240 67740 12 3 1500
442 68400 70620 0 2 2220
443 70740 73260 2 12 2520
444 73440 74940 12 3 1500
445 75600 77820 0 2 2220
452 32040 33900 0 7 1860
453 34020 35280 7 4 1260
454 35400 36660 4 9 1260
455 36780 37680 9 10 900
456 39240 41100 0 7 1860
457 41220 42480 7 4 1260
458 42600 43860 4 9 1260
459 43980 44880 9 10 900
460 46440 48300 0 7 1860
461 48420 49680 7 4 1260
462 49800 51060 4 9 1260
463 51180 52080 9 10 900
464 53640 55500 0 7 1860
465 55620 56880 7 4 1260
466 57000 58260 4 9 1260
467 58380 59280 9 10 900
468 60840 62700 0 7 1860
469 62820 64080 7 4 1260
470 64200 65460 4 9 1260
471 65580 66480 9 10 900
472 68040 69900 0 7 1860
473 70020 71280 7 4 1260
474 71400 72660 4 9 1260
475 72780 73680 9 10 900
476 75240 77100 0 7 1860
477 77220 78480 7 4 1260
478 78600 79860 4 9 1260
483 30960 34620 2 9 3660
484 34740 35640 9 10 900
485 39540 40440 10 9 900
486 40560 44220 9 2 3660
487 44340 46920 2 3 2580
488 47040 49500 3 8 2460
489 49620 51060 8 13 1440
490 53940 54840 10 9 900
491 54960 58620 9 2 3660
492 58740 61320 2 3 2580
493 61440 63900 3 8 2460
494 64020 65460 8 13 1440
495 68340 69240 10 9 900
496 69360 73020 9 2 3660
497 73140 75720 2 3 2580
498 75840 78300 3 8 2460
502 27540 29640 2 6 2100
503 31560 33660 6 2 2100
504 33780 36000 2 0 2220
505 36120 37020 0 1 900
506 38760 40860 6 2 2100
507 40980 43200 2 0 2220
508 43320 44220 0 1 900
509 45960 48060 6 2 2100
510 48180 50400 2 0 2220
511 50520 51420 0 1 900
512 53160 55260 6 2 2100
513 55380 57600 2 0 2220
514 57720 58620 0 1 900
515 60360 62460 6 2 2100
516 62580 64800 2 0 2220
517 64920 65820 0 1 900
518 67560 69660 6 2 2100
519 69780 72000 2 0 2220
520 72120 73020 0 1 900
521 74760 76860 6 2 2100
522 76980 79200 2 0 2220
523 79320 80220 0 1 900
525 26580 28800 2 0 2220
526 28920 29820 0 1 900
527 31380 32280 1 0 900
528 32400 34620 0 2 2220
529 34740 36840 2 6 2100
530 38580 39480 1 0 900
531 39600 41820 0 2 2220
532 41940 44040 2 6 2100
533 45780 46680 1 0 900
534 46800 49020 0 2 2220
535 49140 51240 2 6 2100
536 52980 53880 1 0 900
537 54000 56220 0 2 2220
538 56340 58440 2 6 2100
539 60180 61080 1 0 900
540 61200 63420 0 2 2220
541 63540 65640 2 6 2100
542 67380 68280 1 0 900
543 68400 70620 0 2 2220
544 70740 72840 2 6 2100
545 74580 75480 1 0 900
546 75600 77820 0 2 2220
549 27360 31020 2 9 3660
550 31140 32040 9 10 900
551 32760 33660 10 9 900
552 33780 37440 9 2 3660
553 37560 40200 2 5 2640
554 43560 44460 10 9 900
555 44580 48240 9 2 3660
556 48360 51000 2 5 2640
557 54360 55260 10 9 900
558 55380 59040 9 2 3660
559 59160 61800 2 5 2640
560 65160 66060 10 9 900
561 66180 69840 9 2 3660
562 69960 72600 2 5 2640
563 75960 76860 10 9 900
564 76980 80640 9 2 3660
568 28980 31080 2 6 2100
569 32520 34620 6 2 2100
570 34740 37380 2 5 2640
571 37500 38820 5 11 1320
572 39720 41820 6 2 2100
573 41940 44580 2 5 2640
574 44700 46020 5 11 1320
575 46920 49020 6 2 2100
576 49140 51780 2 5 2640
577 51900 53220 5 11 1320
578 54120 56220 6 2 2100
579 56340 58980 2 5 2640
580 59100 60420 5 11 1320
581 61320 63420 6 2 2100
582 63540 66180 2 5 2640
583 66300 67620 5 11 1320
584 68520 70620 6 2 2100
585 70740 73380 2 5 2640
586 73500 74820 5 11 1320
587 75720 77820 6 2 2100
588 77940 80580 2 5 2640
595 32280 33540 9 4 1260
596 33660 34920 4 7 1260
597 35040 36900 7 0 1860
598 38460 39360 10 9 900
599 39480 40740 9 4 1260
600 40860 42120 4 7 1260
601 42240 44100 7 0 1860
602 45660 46560 10 9 900
603 46680 47940 9 4 1260
604 48060 49320 4 7 1260
605 49440 51300 7 0 1860
606 52860 53760 10 9 900
607 53880 55140 9 4 1260
608 55260 56520 4 7 1260
609 56640 58500 7 0 1860
610 60060 60960 10 9 900
611 61080 62340 9 4 1260
612 62460 63720 4 7 1260
613 63840 65700 7 0 1860
614 67260 68160 10 9 900
615 68280 69540 9 4 1260
616 69660 70920 4 7 1260
617 71040 72900 7 0 1860
618 74460 75360 10 9 900
619 75480 76740 9 4 1260
620 76860 78120 4 7 1260
621 78240 80100 7 0 1860
625 32160 34620 8 3 2460
626 34740 36240 3 12 1500
627 36360 37980 12 6 1620
628 39360 41820 8 3 2460
629 41940 43440 3 12 1500
630 43560 45180 12 6 1620
631 46560 49020 8 3 2460
632 49140 50640 3 12 1500
633 50760 52380 12 6 1620
634 53760 56220 8 3 2460
635 56340 57840 3 12 1500
636 57960 59580 12 6 1620
637 60960 63420 8 3 2460
638 63540 65040 3 12 1500
639 65160 66780 12 6 1620
640 68160 70620 8 3 2460
641 70740 72240 3 12 1500
642 72360 73980 12 6 1620
643 75360 77820 8 3 2460
648 29160 30780 12 6 1620
649 32100 33720 6 12 1620
650 33840 35340 12 3 1500
651 35460 37920 3 8 2460
652 39300 40920 6 12 1620
653 41040 42540 12 3 1500
654 42660 45120 3 8 2460
655 46500 48120 6 12 1620
656 48240 49740 12 3 1500
657 49860 52320 3 8 2460
658 53700 55320 6 12 1620
659 55440 56940 12 3 1500
660 57060 59520 3 8 2460
661 60900 62520 6 12 1620
662 62640 64140 12 3 1500
663 64260 66720 3 8 2460
664 68100 69720 6 12 1620
665 69840 71340 12 3 1500
666 71460 73920 3 8 2460
667 75300 76920 6 12 1620
668 77040 78540 12 3 1500
671 27360 31020 2 9 3660
672 31140 32400 9 4 1260
673 36000 37260 4 9 1260
674 37380 41040 9 2 3660
675 41280 43500 2 0 2220
676 46800 48060 4 9 1260
677 48180 51840 9 2 3660
678 52080 54300 2 0 2220
679 57600 58860 4 9 1260
680 58980 62640 9 2 3660
681 62880 65100 2 0 2220
682 68400 69660 4 9 1260
683 69780 73440 9 2 3660
684 73680 75900 2 0 2220
685 79200 80460 4 9 1260
686 80580 84240 9 2 3660
691 29820 31140 5 11 1320
692 31260 34020 11 13 2760
693 37500 40260 13 11 2760
694 40380 41700 11 5 1320
695 41820 43500 5 1 1680
696 43620 44520 1 0 900
697 44640 46500 0 7 1860
698 48300 51060 13 11 2760
699 51180 52500 11 5 1320
700 52620 54300 5 1 1680
701 54420 55320 1 0 900
702 55440 57300 0 7 1860
703 59100 61860 13 11 2760
704 61980 63300 11 5 1320
705 63420 65100 5 1 1680
706 65220 66120 1 0 900
707 66240 68100 0 7 1860
708 69900 72660 13 11 2760
709 72780 74100 11 5 1320
710 74220 75900 5 1 1680
711 76020 76920 1 0 900
712 77040 78900 0 7 1860
715 29940 32520 2 3 2580
716 32640 35100 3 8 2460
717 35220 36660 8 13 1440
718 38520 39960 13 8 1440
719 40080 42540 8 3 2460
720 42660 45240 3 2 2580
721 45360 49020 2 9 3660
722 49140 50040 9 10 900
723 52920 54360 13 8 1440
724 54480 56940 8 3 2460
725 57060 59640 3 2 2580
726 59760 63420 2 9 3660
727 63540 64440 9 10 900
728 67320 68760 13 8 1440
729 68880 71340 8 3 2460
730 71460 74040 3 2 2580
731 74160 77820 2 9 3660
735 30480 32700 2 0 2220
736 35820 38040 0 2 2220
737 38160 41820 2 9 3660
738 41940 43200 9 4 1260
739 46620 48840 0 2 2220
740 48960 52620 2 9 3660
741 52740 54000 9 4 1260
742 57420 59640 0 2 2220
743 59760 63420 2 9 3660
744 63540 64800 9 4 1260
745 68220 70440 0 2 2220
746 70560 74220 2 9 3660
747 74340 75600 9 4 1260
748 79020 81240 0 2 2220
752 27540 30060 2 12 2520
753 30240 31740 12 3 1500
754 33000 34500 3 12 1500
755 34740 37260 12 2 2520
756 37380 39600 2 0 2220
757 40200 41700 3 12 1500
758 41940 44460 12 2 2520
759 44580 46800 2 0 2220
760 47400 48900 3 12 1500
761 49140 51660 12 2 2520
762 51780 54000 2 0 2220
763 54600 56100 3 12 1500
764 56340 58860 12 2 2520
765 58980 61200 2 0 2220
766 61800 63300 3 12 1500
767 63540 66060 12 2 2520
768 66180 68400 2 0 2220
769 69000 70500 3 12 1500
770 70740 73260 12 2 2520
771 73380 75600 2 0 2220
772 76200 77700 3 12 1500
773 77940 80460 12 2 2520
774 80580 82800 2 0 2220
776 27300 28620 5 11 1320
777 28740 31260 11 8 2520
778 32580 35100 8 11 2520
779 35220 36540 11 5 1320
780 36660 38640 5 0 1980
781 39780 42300 8 11 2520
782 42420 43740 11 5 1320
783 43860 45840 5 0 1980
784 46980 49500 8 11 2520
785 49620 50940 11 5 1320
786 51060 53040 5 0 1980
787 54180 56700 8 11 2520
788 56820 58140 11 5 1320
789 58260 60240 5 0 1980
790 61380 63900 8 11 2520
791 64020 65340 11 5 1320
792 65460 67440 5 0 1980
793 68580 71100 8 11 2520
794 71220 72540 11 5 1320
795 72660 74640 5 0 1980
796 75780 78300 8 11 2520
797 78420 79740 11 5 1320
798 79860 81840 5 0 1980
800 27540 30180 2 5 2640
801 30300 31620 5 11 1320
802 35580 36900 11 5 1320
803 37020 39660 5 2 2640
804 39780 41880 2 6 2100
805 42780 44100 11 5 1320
806 44220 46860 5 2 2640
807 46980 49080 2 6 2100
808 49980 51300 11 5 1320
809 51420 54060 5 2 2640
810 54180 56280 2 6 2100
811 57180 58500 11 5 1320
812 58620 61260 5 2 2640
813 61380 63480 2 6 2100
814 64380 65700 11 5 1320
815 65820 68460 5 2 2640
816 68580 70680 2 6 2100
817 71580 72900 11 5 1320
818 73020 75660 5 2 2640
820 78780 80100 11 5 1320
821 80220 82860 5 2 2640
825 29460 31440 5 0 1980
826 32400 34380 0 5 1980
827 34500 35820 5 11 1320
828 35940 38460 11 8 2520
829 39600 41580 0 5 1980
830 41700 43020 5 11 1320
831 43140 45660 11 8 2520
832 46800 48780 0 5 1980
833 48900 50220 5 11 1320
834 50340 52860 11 8 2520
835 54000 55980 0 5 1980
836 56100 57420 5 11 1320
837 57540 60060 11 8 2520
838 61200 63180 0 5 1980
839 63300 64620 5 11 1320
840 64740 67260 11 8 2520
841 68400 70380 0 5 1980
842 70500 71820 5 11 1320
843 71940 74460 11 8 2520
844 75600 77580 0 5 1980
845 77700 79020 5 11 1320
849 30360 33000 2 5 2640
850 35400 38040 5 2 2640
851 38160 41820 2 9 3660
852 41940 42840 9 10 900
853 46200 48840 5 2 2640
854 48960 52620 2 9 3660
855 52740 53640 9 10 900
856 57000 59640 5 2 2640
857 59760 63420 2 9 3660
858 63540 64440 9 10 900
859 67800 70440 5 2 2640
860 70560 74220 2 9 3660
861 74340 75240 9 10 900
862 78600 81240 5 2 2640
866 27540 30060 12 2 2520
867 30180 32400 2 0 2220
868 34200 36420 0 2 2220
869 36540 39060 2 12 2520
870 39240 40740 12 3 1500
871 41400 43620 0 2 2220
872 43740 46260 2 12 2520
873 46440 47940 12 3 1500
874 48600 50820 0 2 2220
875 50940 53460 2 12 2520
876 53640 55140 12 3 1500
877 55800 58020 0 2 2220
878 58140 60660 2 12 2520
879 60840 62340 12 3 1500
880 63000 65220 0 2 2220
881 65340 67860 2 12 2520
882 68040 69540 12 3 1500
883 70200 72420 0 2 2220
884 72540 75060 2 12 2520
885 75240 76740 12 3 1500
886 77400 79620 0 2 2220
893 33840 35700 0 7 1860
894 35820 37080 7 4 1260
895 37200 38460 4 9 1260
896 38580 39480 9 10 900
897 41040 42900 0 7 1860
898 43020 44280 7 4 1260
899 44400 45660 4 9 1260
900 45780 46680 9 10 900
901 48240 50100 0 7 1860
902 50220 51480 7 4 1260
903 51600 52860 4 9 1260
904 52980 53880 9 10 900
905 55440 57300 0 7 1860
906 57420 58680 7 4 1260
907 58800 60060 4 9 1260
908 60180 61080 9 10 900
909 62640 64500 0 7 1860
910 64620 65880 7 4 1260
911 66000 67260 4 9 1260
912 67380 68280 9 10 900
913 69840 71700 0 7 1860
914 71820 73080 7 4 1260
915 73200 74460 4 9 1260
916 74580 75480 9 10 900
917 77040 78900 0 7 1860
923 29040 31680 5 2 2640
924 34560 37200 2 5 2640
925 37440 39120 5 1 1680
926 39240 40140 1 0 900
927 41760 44400 2 5 2640
928 44640 46320 5 1 1680
929 46440 47340 1 0 900
930 48960 51600 2 5 2640
931 51840 53520 5 1 1680
932 53640 54540 1 0 900
933 56160 58800 2 5 2640
934 59040 60720 5 1 1680
935 60840 61740 1 0 900
936 63360 66000 2 5 2640
937 66240 67920 5 1 1680
938 68040 68940 1 0 900
939 70560 73200 2 5 2640
940 73440 75120 5 1 1680
941 75240 76140 1 0 900
942 77760 80400 2 5 2640
943 80640 82320 5 1 1680
944 82440 83340 1 0 900
949 33060 33960 10 9 900
950 34080 35340 9 4 1260
951 35460 36720 4 7 1260
952 36840 38700 7 0 1860
953 40260 41160 10 9 900
954 41280 42540 9 4 1260
955 42660 43920 4 7 1260
956 44040 45900 7 0 1860
957 47460 48360 10 9 900
958 48480 49740 9 4 1260
959 49860 51120 4 7 1260
960 51240 53100 7 0 1860
961 54660 55560 10 9 900
962 55680 56940 9 4 1260
963 57060 58320 4 7 1260
964 58440 60300 7 0 1860
965 61860 62760 10 9 900
966 62880 64140 9 4 1260
967 64260 65520 4 7 1260
968 65640 67500 7 0 1860
969 69060 69960 10 9 900
970 70080 71340 9 4 1260
971 71460 72720 4 7 1260
972 72840 74700 7 0 1860
973 76260 77160 10 9 900
974 77280 78540 9 4 1260
975 78660 79920 4 7 1260
976 80040 81900 7 0 1860
978 29580 30900 11 5 1320
979 31020 32700 5 1 1680
980 32820 33720 1 0 900
981 33840 35700 0 7 1860
982 39420 41280 7 0 1860
983 41400 42300 0 1 900
984 42420 44100 1 5 1680
985 44220 45540 5 11 1320
986 45660 48420 11 13 2760
987 50220 52080 7 0 1860
988 52200 53100 0 1 900
989 53220 54900 1 5 1680
990 55020 56340 5 11 1320
991 56460 59220 11 13 2760
992 61020 62880 7 0 1860
993 63000 63900 0 1 900
994 64020 65700 1 5 1680
995 65820 67140 5 11 1320
996 67260 70020 11 13 2760
997 71820 73680 7 0 1860
998 73800 74700 0 1 900
999 74820 76500 1 5 1680
1000 76620 77940 5 11 1320
1004 30240 32460 0 2 2220
1005 32580 35160 2 3 2580
1006 38280 40860 3 2 2580
1007 40980 43200 2 0 2220
1008 43320 45180 0 7 1860
1009 45300 46560 7 4 1260
1010 49080 51660 3 2 2580
1011 51780 54000 2 0 2220
1012 54120 55980 0 7 1860
1013 56100 57360 7 4 1260
1014 59880 62460 3 2 2580
1015 62580 64800 2 0 2220
1016 64920 66780 0 7 1860
1017 66900 68160 7 4 1260
1018 70680 73260 3 2 2580
1019 73380 75600 2 0 2220
1020 75720 77580 0 7 1860
1021 77700 78960 7 4 1260
1023 29340 31860 2 12 2520
1024 32040 33540 12 3 1500
1025 34800 36300 3 12 1500
1026 36540 39060 12 2 2520
1027 39180 41400 2 0 2220
1028 42000 43500 3 12 1500
1029 43740 46260 12 2 2520
1030 46380 48600 2 0 2220
1031 49200 50700 3 12 1500
1032 50940 53460 12 2 2520
1033 53580 55800 2 0 2220
1034 56400 57900 3 12 1500
1035 58140 60660 12 2 2520
1036 60780 63000 2 0 2220
1037 63600 65100 3 12 1500
1038 65340 67860 12 2 2520
1039 67980 70200 2 0 2220
1040 70800 72300 3 12 1500
1041 72540 75060 12 2 2520
1042 75180 77400 2 0 2220
1043 78000 79500 3 12 1500
1044 79740 82260 12 2 2520
1045 82380 84600 2 0 2220
1047 29100 30420 5 11 1320
1048 30540 33060 11 8 2520
1049 34380 36900 8 11 2520
1050 37020 38340 11 5 1320
1051 38460 40440 5 0 1980
1052 41580 44100 8 11 2520
1053 44220 45540 11 5 1320
1054 45660 47640 5 0 1980
1055 48780 51300 8 11 2520
1056 51420 52740 11 5 1320
1057 52860 54840 5 0 1980
1058 55980 58500 8 11 2520
1059 58620 59940 11 5 1320
1060 60060 62040 5 0 1980
1061 63180 65700 8 11 2520
1062 65820 67140 11 5 1320
1063 67260 69240 5 0 1980
1064 70380 72900 8 11 2520
1065 73020 74340 11 5 1320
1066 74460 76440 5 0 1980
1067 77580 80100 8 11 2520
1068 80220 81540 11 5 1320
1069 81660 83640 5 0 1980
1071 29820 31140 11 5 1320
1072 31260 33240 5 0 1980
1073 34200 36180 0 5 1980
1074 36300 37620 5 11 1320
1075 37740 40260 11 8 2520
1076 41400 43380 0 5 1980
1077 43500 44820 5 11 1320
1078 44940 47460 11 8 2520
1079 48600 50580 0 5 1980
1080 50700 52020 5 11 1320
1081 52140 54660 11 8 2520
1082 55800 57780 0 5 1980
1083 57900 59220 5 11 1320
1084 59340 61860 11 8 2520
1085 63000 64980 0 5 1980
1086 65100 66420 5 11 1320
1087 66540 69060 11 8 2520
1088 70200 72180 0 5 1980
1089 72300 73620 5 11 1320
1090 73740 76260 11 8 2520
1091 77400 79380 0 5 1980
1094 27360 30000 2 5 2640
1095 30240 31920 5 1 1680
1096 32040 32940 1 0 900
1097 36900 37800 0 1 900
1098 38040 39720 1 5 1680
1099 39840 42480 5 2 2640
1100 44100 45000 0 1 900
1101 45240 46920 1 5 1680
1102 47040 49680 5 2 2640
1103 51300 52200 0 1 900
1104 52440 54120 1 5 1680
1105 54240 56880 5 2 2640
1106 58500 59400 0 1 900
1107 59640 61320 1 5 1680
1108 61440 64080 5 2 2640
1109 65700 66600 0 1 900
1110 66840 68520 1 5 1680
1111 68640 71280 5 2 2640
1112 72900 73800 0 1 900
1113 74040 75720 1 5 1680
1114 75840 78480 5 2 2640
1116 30180 32400 2 0 2220
1117 32520 34380 0 7 1860
1118 34500 35760 7 4 1260
1119 37680 38940 4 7 1260
1120 39060 40920 7 0 1860
1121 41040 43260 0 2 2220
1122 43380 45960 2 3 2580
1123 48480 49740 4 7 1260
1124 49860 51720 7 0 1860
1125 51840 54060 0 2 2220
1126 54180 56760 2 3 2580
1127 59280 60540 4 7 1260
1128 60660 62520 7 0 1860
1129 62640 64860 0 2 2220
1130 64980 67560 2 3 2580
1131 70080 71340 4 7 1260
1132 71460 73320 7 0 1860
1133 73440 75660 0 2 2220
1134 75780 78360 2 3 2580
1136 29340 31860 12 2 2520
1137 31980 34200 2 0 2220
1138 36000 38220 0 2 2220
1139 38340 40860 2 12 2520
1140 41040 42540 12 3 1500
1141 43200 45420 0 2 2220
1142 45540 48060 2 12 2520
1143 48240 49740 12 3 1500
1144 50400 52620 0 2 2220
1145 52740 55260 2 12 2520
1146 55440 56940 12 3 1500
1147 57600 59820 0 2 2220
1148 59940 62460 2 12 2520
1149 62640 64140 12 3 1500
1150 64800 67020 0 2 2220
1151 67140 69660 2 12 2520
1152 69840 71340 12 3 1500
1153 72000 74220 0 2 2220
1154 74340 76860 2 12 2520
1155 77040 78540 12 3 1500
1156 79200 81420 0 2 2220
1162 31440 33300 7 0 1860
1163 35640 37500 0 7 1860
1164 37620 38880 7 4 1260
1165 39000 40260 4 9 1260
1166 40380 41280 9 10 900
1167 42840 44700 0 7 1860
1168 44820 46080 7 4 1260
1169 46200 47460 4 9 1260
1170 47580 48480 9 10 900
1171 50040 51900 0 7 1860
1172 52020 53280 7 4 1260
1173 53400 54660 4 9 1260
1174 54780 55680 9 10 900
1175 57240 59100 0 7 1860
1176 59220 60480 7 4 1260
1177 60600 61860 4 9 1260
1178 61980 62880 9 10 900
1179 64440 66300 0 7 1860
1180 66420 67680 7 4 1260
1181 67800 69060 4 9 1260
1182 69180 70080 9 10 900
1183 71640 73500 0 7 1860
1184 73620 74880 7 4 1260
1185 75000 76260 4 9 1260
1186 76380 77280 9 10 900
1187 78840 80700 0 7 1860
1193 31860 34440 3 2 2580
1194 34560 38220 2 9 3660
1195 38340 39240 9 10 900
1196 43140 44040 10 9 900
1197 44160 47820 9 2 3660
1198 47940 50520 2 3 2580
1199 50640 53100 3 8 2460
1200 53220 54660 8 13 1440
1201 57540 58440 10 9 900
1202 58560 62220 9 2 3660
1203 62340 64920 2 3 2580
1204 65040 67500 3 8 2460
1205 67620 69060 8 13 1440
1206 71940 72840 10 9 900
1207 72960 76620 9 2 3660
1208 76740 79320 2 3 2580
1213 31140 33240 2 6 2100
1214 35160 37260 6 2 2100
1215 37380 39600 2 0 2220
1216 39720 40620 0 1 900
1217 42360 44460 6 2 2100
1218 44580 46800 2 0 2220
1219 46920 47820 0 1 900
1220 49560 51660 6 2 2100
1221 51780 54000 2 0 2220
1222 54120 55020 0 1 900
1223 56760 58860 6 2 2100
1224 58980 61200 2 0 2220
1225 61320 62220 0 1 900
1226 63960 66060 6 2 2100
1227 66180 68400 2 0 2220
1228 68520 69420 0 1 900
1229 71160 73260 6 2 2100
1230 73380 75600 2 0 2220
1231 75720 76620 0 1 900
1232 78360 80460 6 2 2100
1233 80580 82800 2 0 2220
1236 30180 32400 2 0 2220
1237 32520 33420 0 1 900
1238 34980 35880 1 0 900
1239 36000 38220 0 2 2220
1240 38340 40440 2 6 2100
1241 42180 43080 1 0 900
1242 43200 45420 0 2 2220
1243 45540 47640 2 6 2100
1244 49380 50280 1 0 900
1245 50400 52620 0 2 2220
1246 52740 54840 2 6 2100
1247 56580 57480 1 0 900
1248 57600 59820 0 2 2220
1249 59940 62040 2 6 2100
1250 63780 64680 1 0 900
1251 64800 67020 0 2 2220
1252 67140 69240 2 6 2100
1253 70980 71880 1 0 900
1254 72000 74220 0 2 2220
1255 74340 76440 2 6 2100
1256 78180 79080 1 0 900
1257 79200 81420 0 2 2220
1259 28200 30840 5 2 2640
1260 30960 34620 2 9 3660
1261 34740 35640 9 10 900
1262 36360 37260 10 9 900
1263 37380 41040 9 2 3660
1264 41160 43800 2 5 2640
1265 47160 48060 10 9 900
1266 48180 51840 9 2 3660
1267 51960 54600 2 5 2640
1268 57960 58860 10 9 900
1269 58980 62640 9 2 3660
1270 62760 65400 2 5 2640
1271 68760 69660 10 9 900
1272 69780 73440 9 2 3660
1273 73560 76200 2 5 2640
1275 29820 32460 5 2 2640
1276 32580 34680 2 6 2100
1277 36120 38220 6 2 2100
1278 38340 40980 2 5 2640
1279 41100 42420 5 11 1320
1280 43320 45420 6 2 2100
1281 45540 48180 2 5 2640
1282 48300 49620 5 11 1320
1283 50520 52620 6 2 2100
1284 52740 55380 2 5 2640
1285 55500 56820 5 11 1320
1286 57720 59820 6 2 2100
1287 59940 62580 2 5 2640
1288 62700 64020 5 11 1320
1289 64920 67020 6 2 2100
1290 67140 69780 2 5 2640
1291 69900 71220 5 11 1320
1292 72120 74220 6 2 2100
1293 74340 76980 2 5 2640
1294 77100 78420 5 11 1320
1298 33180 34080 9 10 900
1299 34860 35760 10 9 900
1300 35880 37140 9 4 1260
1301 37260 38520 4 7 1260
1302 38640 40500 7 0 1860
1303 42060 42960 10 9 900
1304 43080 44340 9 4 1260
1305 44460 45720 4 7 1260
1306 45840 47700 7 0 1860
1307 49260 50160 10 9 900
1308 50280 51540 9 4 1260
1309 51660 52920 4 7 1260
1310 53040 54900 7 0 1860
1311 56460 57360 10 9 900
1312 57480 58740 9 4 1260
1313 58860 60120 4 7 1260
1314 60240 62100 7 0 1860
1315 63660 64560 10 9 900
1316 64680 65940 9 4 1260
1317 66060 67320 4 7 1260
1318 67440 69300 7 0 1860
1319 70860 71760 10 9 900
1320 71880 73140 9 4 1260
1321 73260 74520 4 7 1260
1322 74640 76500 7 0 1860
1323 78060 78960 10 9 900
1324 79080 80340 9 4 1260
1325 80460 81720 4 7 1260
1326 81840 83700 7 0 1860
1328 30240 31740 12 3 1500
1329 31860 34320 3 8 2460
1330 35760 38220 8 3 2460
1331 38340 39840 3 12 1500
1332 39960 41580 12 6 1620
1333 42960 45420 8 3 2460
1334 45540 47040 3 12 1500
1335 47160 48780 12 6 1620
1336 50160 52620 8 3 2460
1337 52740 54240 3 12 1500
1338 54360 55980 12 6 1620
1339 57360 59820 8 3 2460
1340 59940 61440 3 12 1500
1341 61560 63180 12 6 1620
1342 64560 67020 8 3 2460
1343 67140 68640 3 12 1500
1344 68760 70380 12 6 1620
1345 71760 74220 8 3 2460
1346 74340 75840 3 12 1500
1347 75960 77580 12 6 1620
1348 78960 81420 8 3 2460
1352 31140 32640 3 12 1500
1353 32760 34380 12 6 1620
1354 35700 37320 6 12 1620
1355 37440 38940 12 3 1500
1356 39060 41520 3 8 2460
1357 42900 44520 6 12 1620
1358 44640 46140 12 3 1500
1359 46260 48720 3 8 2460
1360 50100 51720 6 12 1620
1361 51840 53340 12 3 1500
1362 53460 55920 3 8 2460
1363 57300 58920 6 12 1620
1364 59040 60540 12 3 1500
1365 60660 63120 3 8 2460
1366 64500 66120 6 12 1620
1367 66240 67740 12 3 1500
1368 67860 70320 3 8 2460
1369 71700 73320 6 12 1620
1370 73440 74940 12 3 1500
1371 75060 77520 3 8 2460
1376 30960 34620 2 9 3660
1377 34740 36000 9 4 1260
1378 39600 40860 4 9 1260
1379 40980 44640 9 2 3660
1380 44880 47100 2 0 2220
1381 50400 51660 4 9 1260
1382 51780 55440 9 2 3660
1383 55680 57900 2 0 2220
1384 61200 62460 4 9 1260
1385 62580 66240 9 2 3660
1386 66480 68700 2 0 2220
1387 72000 73260 4 9 1260
1388 73380 77040 9 2 3660
1389 77280 79500 2 0 2220
1391 30600 31500 0 1 900
1392 31620 33300 1 5 1680
1393 33420 34740 5 11 1320
1394 34860 37620 11 13 2760
1395 41100 43860 13 11 2760
1396 43980 45300 11 5 1320
1397 45420 47100 5 1 1680
1398 47220 48120 1 0 900
1399 48240 50100 0 7 1860
1400 51900 54660 13 11 2760
1401 54780 56100 11 5 1320
1402 56220 57900 5 1 1680
1403 58020 58920 1 0 900
1404 59040 60900 0 7 1860
1405 62700 65460 13 11 2760
1406 65580 66900 11 5 1320
1407 67020 68700 5 1 1680
1408 68820 69720 1 0 900
1409 69840 71700 0 7 1860
1410 73500 76260 13 11 2760
1411 76380 77700 11 5 1320
1412 77820 79500 5 1 1680
1413 79620 80520 1 0 900
1417 33540 36120 2 3 2580
1418 36240 38700 3 8 2460
1419 38820 40260 8 13 1440
1420 42120 43560 13 8 1440
1421 43680 46140 8 3 2460
1422 46260 48840 3 2 2580
1423 48960 52620 2 9 3660
1424 52740 53640 9 10 900
1425 56520 57960 13 8 1440
1426 58080 60540 8 3 2460
1427 60660 63240 3 2 2580
1428 63360 67020 2 9 3660
1429 67140 68040 9 10 900
1430 70920 72360 13 8 1440
1431 72480 74940 8 3 2460
1432 75060 77640 3 2 2580
1437 34080 36300 2 0 2220
1438 39420 41640 0 2 2220
1439 41760 45420 2 9 3660
1440 45540 46800 9 4 1260
1441 50220 52440 0 2 2220
1442 52560 56220 2 9 3660
1443 56340 57600 9 4 1260
1444 61020 63240 0 2 2220
1445 63360 67020 2 9 3660
1446 67140 68400 9 4 1260
1447 71820 74040 0 2 2220
1448 74160 77820 2 9 3660
1449 77940 79200 9 4 1260
1451 31140 33660 2 12 2520
1452 33840 35340 12 3 1500
1453 36600 38100 3 12 1500
1454 38340 40860 12 2 2520
1455 40980 43200 2 0 2220
1457 31140 33780 2 5 2640
1458 33900 35220 5 11 1320
1459 39180 40500 11 5 1320
1460 40620 43260 5 2 2640
1461 43380 45480 2 6 2100
1464 33960 36600 2 5 2640
1465 39000 41640 5 2 2640
1466 41760 45420 2 9 3660
1467 45540 46440 9 10 900
1468 49800 52440 5 2 2640
1469 52560 56220 2 9 3660
1470 56340 57240 9 10 900
1471 60600 63240 5 2 2640
1472 63360 67020 2 9 3660
1473 67140 68040 9 10 900
1474 71400 74040 5 2 2640
1475 74160 77820 2 9 3660
1477 29700 30600 0 1 900
1478 30840 32520 1 5 1680
1479 32640 35280 5 2 2640
1480 38160 40800 2 5 2640
1481 41040 42720 5 1 1680
1482 42840 43740 1 0 900
1484 33180 34500 11 5 1320
1485 34620 36300 5 1 1680
1486 36420 37320 1 0 900
1487 37440 39300 0 7 1860
1488 43020 44880 7 0 1860
1489 45000 45900 0 1 900
1490 46020 47700 1 5 1680
1491 47820 49140 5 11 1320
1492 49260 52020 11 13 2760
1493 53820 55680 7 0 1860
1494 55800 56700 0 1 900
1495 56820 58500 1 5 1680
1496 58620 59940 5 11 1320
1497 60060 62820 11 13 2760
1498 64620 66480 7 0 1860
1499 66600 67500 0 1 900
1500 67620 69300 1 5 1680
1501 69420 70740 5 11 1320
1502 70860 73620 11 13 2760
1503 75420 77280 7 0 1860
1504 77400 78300 0 1 900
1505 78420 80100 1 5 1680
1509 31860 33720 7 0 1860
1510 33840 36060 0 2 2220
1511 36180 38760 2 3 2580
1512 41880 44460 3 2 2580
1513 44580 46800 2 0 2220
1514 46920 48780 0 7 1860
1515 48900 50160 7 4 1260
1516 52680 55260 3 2 2580
1517 55380 57600 2 0 2220
1518 57720 59580 0 7 1860
1519 59700 60960 7 4 1260
1520 63480 66060 3 2 2580
1521 66180 68400 2 0 2220
1522 68520 70380 0 7 1860
1523 70500 71760 7 4 1260
1524 74280 76860 3 2 2580
1525 76980 79200 2 0 2220
1526 79320 81180 0 7 1860
1528 31080 33660 3 2 2580
1529 33780 36000 2 0 2220
1530 36120 37980 0 7 1860
1531 38100 39360 7 4 1260
1532 41280 42540 4 7 1260
1533 42660 44520 7 0 1860
1534 44640 46860 0 2 2220
1535 46980 49560 2 3 2580
1536 52080 53340 4 7 1260
1537 53460 55320 7 0 1860
1538 55440 57660 0 2 2220
1539 57780 60360 2 3 2580
1540 62880 64140 4 7 1260
1541 64260 66120 7 0 1860
1542 66240 68460 0 2 2220
1543 68580 71160 2 3 2580
1544 73680 74940 4 7 1260
1545 75060 76920 7 0 1860
1546 77040 79260 0 2 2220
1549 32880 35340 8 3 2460
1550 35460 38040 3 2 2580
1551 38160 41820 2 9 3660
1552 41940 42840 9 10 900
1553 46740 47640 10 9 900
1554 47760 51420 9 2 3660
1555 51540 54120 2 3 2580
1556 54240 56700 3 8 2460
1557 56820 58260 8 13 1440
1558 61140 62040 10 9 900
1559 62160 65820 9 2 3660
1560 65940 68520 2 3 2580
1561 68640 71100 3 8 2460
1562 71220 72660 8 13 1440
1563 75540 76440 10 9 900
1564 76560 80220 9 2 3660
1568 32220 34080 7 0 1860
1569 34200 35100 0 1 900
1570 35220 36900 1 5 1680
1571 37020 38340 5 11 1320
1572 38460 41220 11 13 2760
1573 44700 47460 13 11 2760
1574 47580 48900 11 5 1320
1575 49020 50700 5 1 1680
1576 50820 51720 1 0 900
1577 51840 53700 0 7 1860
1578 55500 58260 13 11 2760
1579 58380 59700 11 5 1320
1580 59820 61500 5 1 1680
1581 61620 62520 1 0 900
1582 62640 64500 0 7 1860
1583 66300 69060 13 11 2760
1584 69180 70500 11 5 1320
1585 70620 72300 5 1 1680
1586 72420 73320 1 0 900
1587 73440 75300 0 7 1860
1588 77100 79860 13 11 2760
1589 79980 81300 11 5 1320
1590 81420 83100 5 1 1680
1591 83220 84120 1 0 900
1594 33360 37020 9 2 3660
1595 37140 39720 2 3 2580
1596 39840 42300 3 8 2460
1597 42420 43860 8 13 1440
1598 45720 47160 13 8 1440
1599 47280 49740 8 3 2460
1600 49860 52440 3 2 2580
1601 52560 56220 2 9 3660
1602 56340 57240 9 10 900
1603 60120 61560 13 8 1440
1604 61680 64140 8 3 2460
1605 64260 66840 3 2 2580
1606 66960 70620 2 9 3660
1607 70740 71640 9 10 900
1608 74520 75960 13 8 1440
1609 76080 78540 8 3 2460
1610 78660 81240 3 2 2580
1614 33780 37440 9 2 3660
1615 37680 39900 2 0 2220
1616 43020 45240 0 2 2220
1617 45360 49020 2 9 3660
1618 49140 50400 9 4 1260
1620 36780 38100 11 5 1320
1621 38220 39900 5 1 1680
1622 40020 40920 1 0 900
1623 41040 42900 0 7 1860
1624 46620 48480 7 0 1860
1625 48600 49500 0 1 900
1626 49620 51300 1 5 1680
1627 51420 52740 5 11 1320
1628 52860 55620 11 13 2760
1629 34920 36360 13 8 1440
1630 36480 38940 8 3 2460
1631 39060 41640 3 2 2580
1632 41760 45420 2 9 3660
1633 45540 46440 9 10 900
1634 50340 51240 10 9 900
1635 51360 55020 9 2 3660
1636 55140 57720 2 3 2580
1637 57840 60300 3 8 2460
1638 60420 61860 8 13 1440
1639 64740 65640 10 9 900
1640 65760 69420 9 2 3660
1641 69540 72120 2 3 2580
1642 72240 74700 3 8 2460
1643 74820 76260 8 13 1440
1644 79140 80040 10 9 900
1645 80160 83820 9 2 3660
1649 35940 36840 10 9 900
1650 36960 40620 9 2 3660
1651 40740 43320 2 3 2580
1652 43440 45900 3 8 2460
1653 46020 47460 8 13 1440
1654 49320 50760 13 8 1440
1655 50880 53340 8 3 2460
1656 53460 56040 3 2 2580
1657 56160 59820 2 9 3660
1658 59940 60840 9 10 900
1659 63720 65160 13 8 1440
1660 65280 67740 8 3 2460
1661 67860 70440 3 2 2580
1662 70560 74220 2 9 3660
1663 74340 75240 9 10 900
1664 78120 79560 13 8 1440
1665 79680 82140 8 3 2460
1666 82260 84840 3 2 2580
1669 39960 40860 10 9 900
1670 40980 44640 9 2 3660
1671 44760 47400 2 5 2640
1672 49800 52440 5 2 2640
1673 52560 56220 2 9 3660
1674 56340 57240 9 10 900
1675 43200 44460 4 9 1260
1676 44580 48240 9 2 3660
1677 48480 50700 2 0 2220
1678 53820 56040 0 2 2220
1679 56160 59820 2 9 3660
1680 59940 61200 9 4 1260
1681 50760 51660 10 9 900
1682 51780 55440 9 2 3660
1683 55560 58200 2 5 2640
1684 60600 63240 5 2 2640
1685 63360 67020 2 9 3660
1686 67140 68040 9 10 900
1687 54000 55260 4 9 1260
1688 55380 59040 9 2 3660
1689 59280 61500 2 0 2220
1690 64620 66840 0 2 2220
1691 66960 70620 2 9 3660
1692 70740 72000 9 4 1260
1693 61560 62460 10 9 900
1694 62580 66240 9 2 3660
1695 66360 69000 2 5 2640
1696 71400 74040 5 2 2640
1697 74160 77820 2 9 3660
1699 64800 66060 4 9 1260
1700 66180 69840 9 2 3660
1701 70080 72300 2 0 2220
1702 75420 77640 0 2 2220
1705 72360 73260 10 9 900
1706 73380 77040 9 2 3660
1707 77160 79800 2 5 2640
1708 82200 84840 5 2 2640
1711 75600 76860 4 9 1260
1712 76980 80640 9 2 3660
1713 80880 83100 2 0 2220
1714 86220 88440 0 2 2220
