0 1 15
4 7 21
1 5 28
5 11 22
6 12 27
1 0 15
7 4 21
5 1 28
11 5 22
12 6 27
2 3 43
3 2 43
0 5 33
5 0 33
2 12 42
12 2 42
4 14 6
14 4 6
9 14 13
14 9 13
0 15 13
15 0 13
2 15 22
15 2 22
3 16 8
16 3 8
12 16 15
16 12 15
2 17 8
17 2 8
11 18 10
18 11 10
13 18 34
18 13 34
9 19 6
19 9 6
10 19 7
19 10 7
9 20 15
20 9 15
6 21 12
21 6 12
17 21 11
21 17 11
8 22 33
22 8 33
11 22 7
22 11 7
3 23 25
23 3 25
8 23 14
23 8 14
0 24 22
24 0 22
7 24 7
24 7 7
5 25 32
25 5 32
2 25 10
25 2 10
2 26 30
26 2 30
20 26 12
26 20 12
8 27 11
27 8 11
13 27 11
27 13 11
