0 25200 26580 2 0 1380
1 28260 29640 0 2 1380
2 29760 32700 2 1 2940
3 33660 35040 0 2 1380
4 35160 38100 2 1 2940
5 39060 40440 0 2 1380
6 40560 43500 2 1 2940
7 44460 45840 0 2 1380
8 45960 48900 2 1 2940
9 49860 51240 0 2 1380
10 51360 54300 2 1 2940
11 55260 56640 0 2 1380
12 56760 59700 2 1 2940
13 60660 62040 0 2 1380
14 62160 65100 2 1 2940
15 66060 67440 0 2 1380
16 67560 70500 2 1 2940
17 71460 72840 0 2 1380
18 72960 75900 2 1 2940
19 76860 78240 0 2 1380
20 25200 26580 0 2 1380
21 28260 29640 2 0 1380
22 29880 32760 0 1 2880
23 34260 35640 2 0 1380
24 35880 38760 0 1 2880
25 40260 41640 2 0 1380
26 41880 44760 0 1 2880
27 46260 47640 2 0 1380
28 47880 50760 0 1 2880
29 52260 53640 2 0 1380
30 53880 56760 0 1 2880
31 58260 59640 2 0 1380
32 59880 62760 0 1 2880
33 64260 65640 2 0 1380
34 65880 68760 0 1 2880
35 70260 71640 2 0 1380
36 71880 74760 0 1 2880
37 76260 77640 2 0 1380
38 23880 26760 0 1 2880
39 28200 31080 1 0 2880
40 31200 32580 0 2 1380
41 34200 37080 1 0 2880
42 37200 38580 0 2 1380
43 40200 43080 1 0 2880
44 43200 44580 0 2 1380
45 46200 49080 1 0 2880
46 49200 50580 0 2 1380
47 52200 55080 1 0 2880
48 55200 56580 0 2 1380
49 58200 61080 1 0 2880
50 61200 62580 0 2 1380
51 64200 67080 1 0 2880
52 67200 68580 0 2 1380
53 70200 73080 1 0 2880
54 73200 74580 0 2 1380
55 76200 79080 1 0 2880
56 22860 24240 0 2 1380
57 24360 27300 2 1 2940
58 29340 32280 1 2 2940
59 32400 33780 2 0 1380
60 34740 37680 1 2 2940
61 37800 39180 2 0 1380
62 40140 43080 1 2 2940
63 43200 44580 2 0 1380
64 45540 48480 1 2 2940
65 48600 49980 2 0 1380
66 50940 53880 1 2 2940
67 54000 55380 2 0 1380
68 56340 59280 1 2 2940
69 59400 60780 2 0 1380
70 61740 64680 1 2 2940
71 64800 66180 2 0 1380
72 67140 70080 1 2 2940
73 70200 71580 2 0 1380
74 72540 75480 1 2 2940
75 75600 76980 2 0 1380
76 77940 80880 1 2 2940
77 81000 82380 2 0 1380
78 26400 27780 0 2 1380
79 29460 30840 2 0 1380
80 31080 33960 0 1 2880
81 35460 36840 2 0 1380
82 37080 39960 0 1 2880
83 41460 42840 2 0 1380
84 43080 45960 0 1 2880
85 47460 48840 2 0 1380
86 49080 51960 0 1 2880
87 53460 54840 2 0 1380
88 55080 57960 0 1 2880
89 59460 60840 2 0 1380
90 61080 63960 0 1 2880
91 65460 66840 2 0 1380
92 67080 69960 0 1 2880
93 71460 72840 2 0 1380
94 73080 75960 0 1 2880
95 77460 78840 2 0 1380
96 25080 27960 0 1 2880
97 29400 32280 1 0 2880
98 32400 33780 0 2 1380
99 35400 38280 1 0 2880
100 38400 39780 0 2 1380
101 41400 44280 1 0 2880
102 44400 45780 0 2 1380
103 47400 50280 1 0 2880
104 50400 51780 0 2 1380
105 53400 56280 1 0 2880
106 56400 57780 0 2 1380
107 59400 62280 1 0 2880
108 62400 63780 0 2 1380
109 65400 68280 1 0 2880
110 68400 69780 0 2 1380
111 71400 74280 1 0 2880
112 74400 75780 0 2 1380
113 77400 80280 1 0 2880
114 27000 28380 2 0 1380
115 30060 31440 0 2 1380
116 31560 34500 2 1 2940
117 35460 36840 0 2 1380
118 36960 39900 2 1 2940
119 40860 42240 0 2 1380
120 42360 45300 2 1 2940
121 46260 47640 0 2 1380
122 47760 50700 2 1 2940
123 51660 53040 0 2 1380
124 53160 56100 2 1 2940
125 57060 58440 0 2 1380
126 58560 61500 2 1 2940
127 62460 63840 0 2 1380
128 63960 66900 2 1 2940
129 67860 69240 0 2 1380
130 69360 72300 2 1 2940
131 73260 74640 0 2 1380
132 74760 77700 2 1 2940
133 78660 80040 0 2 1380
134 27600 28980 0 2 1380
135 30660 32040 2 0 1380
136 32280 35160 0 1 2880
137 36660 38040 2 0 1380
138 38280 41160 0 1 2880
139 42660 44040 2 0 1380
140 44280 47160 0 1 2880
141 48660 50040 2 0 1380
142 50280 53160 0 1 2880
143 54660 56040 2 0 1380
144 56280 59160 0 1 2880
145 60660 62040 2 0 1380
146 62280 65160 0 1 2880
147 66660 68040 2 0 1380
148 68280 71160 0 1 2880
149 72660 74040 2 0 1380
150 74280 77160 0 1 2880
151 78660 80040 2 0 1380
152 24660 26040 0 2 1380
153 26160 29100 2 1 2940
154 31140 34080 1 2 2940
155 34200 35580 2 0 1380
156 36540 39480 1 2 2940
157 39600 40980 2 0 1380
158 41940 44880 1 2 2940
159 45000 46380 2 0 1380
160 47340 50280 1 2 2940
161 50400 51780 2 0 1380
162 52740 55680 1 2 2940
163 55800 57180 2 0 1380
164 58140 61080 1 2 2940
165 61200 62580 2 0 1380
166 63540 66480 1 2 2940
167 66600 67980 2 0 1380
168 68940 71880 1 2 2940
169 72000 73380 2 0 1380
170 74340 77280 1 2 2940
171 77400 78780 2 0 1380
172 26280 29160 0 1 2880
173 30600 33480 1 0 2880
174 33600 34980 0 2 1380
175 36600 39480 1 0 2880
176 39600 40980 0 2 1380
177 42600 45480 1 0 2880
178 45600 46980 0 2 1380
179 48600 51480 1 0 2880
180 51600 52980 0 2 1380
181 54600 57480 1 0 2880
182 57600 58980 0 2 1380
183 60600 63480 1 0 2880
184 63600 64980 0 2 1380
185 66600 69480 1 0 2880
186 69600 70980 0 2 1380
187 72600 75480 1 0 2880
188 75600 76980 0 2 1380
189 78600 81480 1 0 2880
190 28800 30180 2 0 1380
191 31860 33240 0 2 1380
192 33360 36300 2 1 2940
193 37260 38640 0 2 1380
194 38760 41700 2 1 2940
195 42660 44040 0 2 1380
196 44160 47100 2 1 2940
197 48060 49440 0 2 1380
198 49560 52500 2 1 2940
199 53460 54840 0 2 1380
200 54960 57900 2 1 2940
201 58860 60240 0 2 1380
202 60360 63300 2 1 2940
203 64260 65640 0 2 1380
204 65760 68700 2 1 2940
205 69660 71040 0 2 1380
206 71160 74100 2 1 2940
207 75060 76440 0 2 1380
208 28800 30180 0 2 1380
209 31860 33240 2 0 1380
210 33480 36360 0 1 2880
211 37860 39240 2 0 1380
212 39480 42360 0 1 2880
213 43860 45240 2 0 1380
214 45480 48360 0 1 2880
215 49860 51240 2 0 1380
216 51480 54360 0 1 2880
217 55860 57240 2 0 1380
218 57480 60360 0 1 2880
219 61860 63240 2 0 1380
220 63480 66360 0 1 2880
221 67860 69240 2 0 1380
222 69480 72360 0 1 2880
223 73860 75240 2 0 1380
224 25860 27240 2 0 1380
225 27480 30360 0 1 2880
226 31800 34680 1 0 2880
227 34800 36180 0 2 1380
228 37800 40680 1 0 2880
229 40800 42180 0 2 1380
230 43800 46680 1 0 2880
231 46800 48180 0 2 1380
232 49800 52680 1 0 2880
233 52800 54180 0 2 1380
234 55800 58680 1 0 2880
235 58800 60180 0 2 1380
236 61800 64680 1 0 2880
237 64800 66180 0 2 1380
238 67800 70680 1 0 2880
239 70800 72180 0 2 1380
240 73800 76680 1 0 2880
241 76800 78180 0 2 1380
242 26460 27840 0 2 1380
243 27960 30900 2 1 2940
244 32940 35880 1 2 2940
245 36000 37380 2 0 1380
246 38340 41280 1 2 2940
247 41400 42780 2 0 1380
248 43740 46680 1 2 2940
249 46800 48180 2 0 1380
250 49140 52080 1 2 2940
251 52200 53580 2 0 1380
252 54540 57480 1 2 2940
253 57600 58980 2 0 1380
254 59940 62880 1 2 2940
255 63000 64380 2 0 1380
256 65340 68280 1 2 2940
257 68400 69780 2 0 1380
258 70740 73680 1 2 2940
259 73800 75180 2 0 1380
260 76140 79080 1 2 2940
261 79200 80580 2 0 1380
262 30000 31380 0 2 1380
263 33060 34440 2 0 1380
264 34680 37560 0 1 2880
265 39060 40440 2 0 1380
266 40680 43560 0 1 2880
267 45060 46440 2 0 1380
268 46680 49560 0 1 2880
269 51060 52440 2 0 1380
270 52680 55560 0 1 2880
271 57060 58440 2 0 1380
272 58680 61560 0 1 2880
273 63060 64440 2 0 1380
274 64680 67560 0 1 2880
275 69060 70440 2 0 1380
276 70680 73560 0 1 2880
277 75060 76440 2 0 1380
278 27060 28440 2 0 1380
279 28680 31560 0 1 2880
280 33000 35880 1 0 2880
281 36000 37380 0 2 1380
282 39000 41880 1 0 2880
283 42000 43380 0 2 1380
284 45000 47880 1 0 2880
285 48000 49380 0 2 1380
286 51000 53880 1 0 2880
287 54000 55380 0 2 1380
288 57000 59880 1 0 2880
289 60000 61380 0 2 1380
290 63000 65880 1 0 2880
291 66000 67380 0 2 1380
292 69000 71880 1 0 2880
293 72000 73380 0 2 1380
294 75000 77880 1 0 2880
295 78000 79380 0 2 1380
296 27540 30480 1 2 2940
297 30600 31980 2 0 1380
298 33660 35040 0 2 1380
299 35160 38100 2 1 2940
