0 24720 28260 1 6 3540
1 30360 33900 6 1 3540
2 34020 34980 1 2 960
3 35100 37020 2 0 1920
4 39360 42900 6 1 3540
5 43020 43980 1 2 960
6 44100 46020 2 0 1920
7 48360 51900 6 1 3540
8 52020 52980 1 2 960
9 53100 55020 2 0 1920
10 57360 60900 6 1 3540
11 61020 61980 1 2 960
12 62100 64020 2 0 1920
13 66360 69900 6 1 3540
14 70020 70980 1 2 960
15 71100 73020 2 0 1920
16 75360 78900 6 1 3540
17 79020 79980 1 2 960
18 24900 27420 1 3 2520
19 27540 29400 3 6 1860
20 30960 32820 6 3 1860
21 32940 35460 3 1 2520
22 35580 36540 1 2 960
23 36660 38580 2 0 1920
24 39960 41820 6 3 1860
25 41940 44460 3 1 2520
26 44580 45540 1 2 960
27 45660 47580 2 0 1920
28 48960 50820 6 3 1860
29 50940 53460 3 1 2520
30 53580 54540 1 2 960
31 54660 56580 2 0 1920
32 57960 59820 6 3 1860
33 59940 62460 3 1 2520
34 62580 63540 1 2 960
35 63660 65580 2 0 1920
36 66960 68820 6 3 1860
37 68940 71460 3 1 2520
38 71580 72540 1 2 960
39 72660 74580 2 0 1920
40 75960 77820 6 3 1860
41 77940 80460 3 1 2520
42 21900 23280 1 5 1380
43 23520 26760 5 4 3240
44 28380 31620 4 5 3240
45 31740 33120 5 1 1380
46 33780 37020 4 5 3240
47 37140 38520 5 1 1380
48 39180 42420 4 5 3240
49 42540 43920 5 1 1380
50 44580 47820 4 5 3240
51 47940 49320 5 1 1380
52 49980 53220 4 5 3240
53 53340 54720 5 1 1380
54 55380 58620 4 5 3240
55 58740 60120 5 1 1380
56 60780 64020 4 5 3240
57 64140 65520 5 1 1380
58 66180 69420 4 5 3240
59 69540 70920 5 1 1380
60 71580 74820 4 5 3240
61 74940 76320 5 1 1380
62 76980 80220 4 5 3240
63 80340 81720 5 1 1380
64 26580 27540 1 2 960
65 27660 29580 2 0 1920
66 30780 32700 0 2 1920
67 32820 33780 2 1 960
68 33900 36420 1 3 2520
69 36540 38400 3 6 1860
70 39780 41700 0 2 1920
71 41820 42780 2 1 960
72 42900 45420 1 3 2520
73 45540 47400 3 6 1860
74 48780 50700 0 2 1920
75 50820 51780 2 1 960
76 51900 54420 1 3 2520
77 54540 56400 3 6 1860
78 57780 59700 0 2 1920
79 59820 60780 2 1 960
80 60900 63420 1 3 2520
81 63540 65400 3 6 1860
82 66780 68700 0 2 1920
83 68820 69780 2 1 960
84 69900 72420 1 3 2520
85 72540 74400 3 6 1860
86 75780 77700 0 2 1920
87 77820 78780 2 1 960
88 22020 23400 1 5 1380
89 23520 25020 5 3 1500
90 25140 27480 3 7 2340
91 29460 31800 7 3 2340
92 31920 33420 3 5 1500
93 33540 34920 5 1 1380
94 36660 39000 7 3 2340
95 39120 40620 3 5 1500
96 40740 42120 5 1 1380
97 43860 46200 7 3 2340
98 46320 47820 3 5 1500
99 47940 49320 5 1 1380
100 51060 53400 7 3 2340
101 53520 55020 3 5 1500
102 55140 56520 5 1 1380
103 58260 60600 7 3 2340
104 60720 62220 3 5 1500
105 62340 63720 5 1 1380
106 65460 67800 7 3 2340
107 67920 69420 3 5 1500
108 69540 70920 5 1 1380
109 72660 75000 7 3 2340
110 75120 76620 3 5 1500
111 76740 78120 5 1 1380
112 26340 27720 5 1 1380
113 29220 30600 1 5 1380
114 30720 32220 5 3 1500
115 32340 34680 3 7 2340
116 36420 37800 1 5 1380
117 37920 39420 5 3 1500
118 39540 41880 3 7 2340
119 43620 45000 1 5 1380
120 45120 46620 5 3 1500
121 46740 49080 3 7 2340
122 50820 52200 1 5 1380
123 52320 53820 5 3 1500
124 53940 56280 3 7 2340
125 58020 59400 1 5 1380
126 59520 61020 5 3 1500
127 61140 63480 3 7 2340
128 65220 66600 1 5 1380
129 66720 68220 5 3 1500
130 68340 70680 3 7 2340
131 72420 73800 1 5 1380
132 73920 75420 5 3 1500
133 75540 77880 3 7 2340
134 30480 33060 7 4 2580
135 35220 37560 6 7 2340
136 37680 40260 7 4 2580
137 42420 44760 6 7 2340
138 44880 47460 7 4 2580
139 49620 51960 6 7 2340
140 52080 54660 7 4 2580
141 56820 59160 6 7 2340
142 59280 61860 7 4 2580
143 64020 66360 6 7 2340
144 66480 69060 7 4 2580
145 71220 73560 6 7 2340
146 73680 76260 7 4 2580
147 78420 80760 6 7 2340
148 80880 83460 7 4 2580
149 29580 32160 4 7 2580
150 32280 34620 7 6 2340
151 36780 39360 4 7 2580
152 39480 41820 7 6 2340
153 43980 46560 4 7 2580
154 46680 49020 7 6 2340
155 51180 53760 4 7 2580
156 53880 56220 7 6 2340
157 58380 60960 4 7 2580
158 61080 63420 7 6 2340
159 65580 68160 4 7 2580
160 68280 70620 7 6 2340
161 72780 75360 4 7 2580
162 75480 77820 7 6 2340
163 26340 27720 5 1 1380
164 29100 30480 1 5 1380
165 30720 33960 5 4 3240
166 36300 37680 1 5 1380
167 37920 41160 5 4 3240
168 43500 44880 1 5 1380
169 45120 48360 5 4 3240
170 50700 52080 1 5 1380
171 52320 55560 5 4 3240
172 57900 59280 1 5 1380
173 59520 62760 5 4 3240
174 65100 66480 1 5 1380
175 66720 69960 5 4 3240
176 72300 73680 1 5 1380
177 73920 77160 5 4 3240
178 78780 82020 4 5 3240
179 82140 83520 5 1 1380
180 84900 86280 1 5 1380
181 26820 27780 1 2 960
182 27900 29820 2 0 1920
183 30600 32520 0 2 1920
184 32640 33600 2 1 960
185 33720 37260 1 6 3540
186 39600 41520 0 2 1920
187 41640 42600 2 1 960
188 42720 46260 1 6 3540
189 48600 50520 0 2 1920
190 50640 51600 2 1 960
191 51720 55260 1 6 3540
192 57600 59520 0 2 1920
193 59640 60600 2 1 960
194 60720 64260 1 6 3540
195 66600 68520 0 2 1920
196 68640 69600 2 1 960
197 69720 73260 1 6 3540
198 75600 77520 0 2 1920
199 77640 78600 2 1 960
200 26520 30060 1 6 3540
201 32160 35700 6 1 3540
202 35820 36780 1 2 960
203 36900 38820 2 0 1920
204 41160 44700 6 1 3540
205 44820 45780 1 2 960
206 45900 47820 2 0 1920
207 50160 53700 6 1 3540
208 53820 54780 1 2 960
209 54900 56820 2 0 1920
210 59160 62700 6 1 3540
211 62820 63780 1 2 960
212 63900 65820 2 0 1920
213 68160 71700 6 1 3540
214 71820 72780 1 2 960
215 72900 74820 2 0 1920
216 77160 80700 6 1 3540
217 26700 29220 1 3 2520
218 29340 31200 3 6 1860
219 32760 34620 6 3 1860
220 34740 37260 3 1 2520
221 37380 38340 1 2 960
222 38460 40380 2 0 1920
223 41760 43620 6 3 1860
224 43740 46260 3 1 2520
225 46380 47340 1 2 960
226 47460 49380 2 0 1920
227 50760 52620 6 3 1860
228 52740 55260 3 1 2520
229 55380 56340 1 2 960
230 56460 58380 2 0 1920
231 59760 61620 6 3 1860
232 61740 64260 3 1 2520
233 64380 65340 1 2 960
234 65460 67380 2 0 1920
235 68760 70620 6 3 1860
236 70740 73260 3 1 2520
237 73380 74340 1 2 960
238 74460 76380 2 0 1920
239 77760 79620 6 3 1860
240 79740 82260 3 1 2520
241 23700 25080 1 5 1380
242 25320 28560 5 4 3240
243 30180 33420 4 5 3240
244 33540 34920 5 1 1380
245 35580 38820 4 5 3240
246 38940 40320 5 1 1380
247 40980 44220 4 5 3240
248 44340 45720 5 1 1380
249 46380 49620 4 5 3240
250 49740 51120 5 1 1380
251 51780 55020 4 5 3240
252 55140 56520 5 1 1380
253 57180 60420 4 5 3240
254 60540 61920 5 1 1380
255 62580 65820 4 5 3240
256 65940 67320 5 1 1380
257 67980 71220 4 5 3240
258 71340 72720 5 1 1380
259 73380 76620 4 5 3240
260 76740 78120 5 1 1380
261 25740 28260 3 1 2520
262 28380 29340 1 2 960
263 29460 31380 2 0 1920
264 32580 34500 0 2 1920
265 34620 35580 2 1 960
266 35700 38220 1 3 2520
267 38340 40200 3 6 1860
268 41580 43500 0 2 1920
269 43620 44580 2 1 960
270 44700 47220 1 3 2520
271 47340 49200 3 6 1860
272 50580 52500 0 2 1920
273 52620 53580 2 1 960
274 53700 56220 1 3 2520
275 56340 58200 3 6 1860
276 59580 61500 0 2 1920
277 61620 62580 2 1 960
278 62700 65220 1 3 2520
279 65340 67200 3 6 1860
280 68580 70500 0 2 1920
281 70620 71580 2 1 960
282 71700 74220 1 3 2520
283 74340 76200 3 6 1860
284 77580 79500 0 2 1920
285 79620 80580 2 1 960
286 23820 25200 1 5 1380
287 25320 26820 5 3 1500
288 26940 29280 3 7 2340
289 31260 33600 7 3 2340
290 33720 35220 3 5 1500
291 35340 36720 5 1 1380
292 38460 40800 7 3 2340
293 40920 42420 3 5 1500
294 42540 43920 5 1 1380
295 45660 48000 7 3 2340
296 48120 49620 3 5 1500
297 49740 51120 5 1 1380
298 52860 55200 7 3 2340
299 55320 56820 3 5 1500
300 56940 58320 5 1 1380
301 60060 62400 7 3 2340
302 62520 64020 3 5 1500
303 64140 65520 5 1 1380
304 67260 69600 7 3 2340
305 69720 71220 3 5 1500
306 71340 72720 5 1 1380
307 74460 76800 7 3 2340
308 76920 78420 3 5 1500
309 78540 79920 5 1 1380
310 26520 28020 3 5 1500
311 28140 29520 5 1 1380
312 31020 32400 1 5 1380
313 32520 34020 5 3 1500
314 34140 36480 3 7 2340
315 38220 39600 1 5 1380
316 39720 41220 5 3 1500
317 41340 43680 3 7 2340
318 45420 46800 1 5 1380
319 46920 48420 5 3 1500
320 48540 50880 3 7 2340
321 52620 54000 1 5 1380
322 54120 55620 5 3 1500
323 55740 58080 3 7 2340
324 59820 61200 1 5 1380
325 61320 62820 5 3 1500
326 62940 65280 3 7 2340
327 67020 68400 1 5 1380
328 68520 70020 5 3 1500
329 70140 72480 3 7 2340
330 74220 75600 1 5 1380
331 75720 77220 5 3 1500
332 77340 79680 3 7 2340
333 29820 32160 6 7 2340
334 32280 34860 7 4 2580
335 37020 39360 6 7 2340
336 39480 42060 7 4 2580
337 44220 46560 6 7 2340
338 46680 49260 7 4 2580
339 51420 53760 6 7 2340
340 53880 56460 7 4 2580
341 58620 60960 6 7 2340
342 61080 63660 7 4 2580
343 65820 68160 6 7 2340
344 68280 70860 7 4 2580
345 73020 75360 6 7 2340
346 75480 78060 7 4 2580
347 31380 33960 4 7 2580
348 34080 36420 7 6 2340
349 38580 41160 4 7 2580
350 41280 43620 7 6 2340
351 45780 48360 4 7 2580
352 48480 50820 7 6 2340
353 52980 55560 4 7 2580
354 55680 58020 7 6 2340
355 60180 62760 4 7 2580
356 62880 65220 7 6 2340
357 67380 69960 4 7 2580
358 70080 72420 7 6 2340
359 74580 77160 4 7 2580
360 77280 79620 7 6 2340
361 28140 29520 5 1 1380
362 30900 32280 1 5 1380
363 32520 35760 5 4 3240
364 38100 39480 1 5 1380
365 39720 42960 5 4 3240
366 45300 46680 1 5 1380
367 46920 50160 5 4 3240
368 52500 53880 1 5 1380
369 54120 57360 5 4 3240
370 59700 61080 1 5 1380
371 61320 64560 5 4 3240
372 66900 68280 1 5 1380
373 68520 71760 5 4 3240
374 74100 75480 1 5 1380
375 75720 78960 5 4 3240
376 28620 29580 1 2 960
377 29700 31620 2 0 1920
378 32400 34320 0 2 1920
379 34440 35400 2 1 960
380 35520 39060 1 6 3540
381 41400 43320 0 2 1920
382 43440 44400 2 1 960
383 44520 48060 1 6 3540
384 50400 52320 0 2 1920
385 52440 53400 2 1 960
386 53520 57060 1 6 3540
387 59400 61320 0 2 1920
388 61440 62400 2 1 960
389 62520 66060 1 6 3540
390 68400 70320 0 2 1920
391 70440 71400 2 1 960
392 71520 75060 1 6 3540
393 77400 79320 0 2 1920
394 79440 80400 2 1 960
395 28320 31860 1 6 3540
396 33960 37500 6 1 3540
397 37620 38580 1 2 960
398 38700 40620 2 0 1920
399 42960 46500 6 1 3540
400 46620 47580 1 2 960
401 47700 49620 2 0 1920
402 51960 55500 6 1 3540
403 55620 56580 1 2 960
404 56700 58620 2 0 1920
405 60960 64500 6 1 3540
406 64620 65580 1 2 960
407 65700 67620 2 0 1920
408 69960 73500 6 1 3540
409 73620 74580 1 2 960
410 74700 76620 2 0 1920
411 78960 82500 6 1 3540
412 28500 31020 1 3 2520
413 31140 33000 3 6 1860
414 34560 36420 6 3 1860
415 36540 39060 3 1 2520
416 39180 40140 1 2 960
417 40260 42180 2 0 1920
418 43560 45420 6 3 1860
419 45540 48060 3 1 2520
420 48180 49140 1 2 960
421 49260 51180 2 0 1920
422 52560 54420 6 3 1860
423 54540 57060 3 1 2520
424 57180 58140 1 2 960
425 58260 60180 2 0 1920
426 61560 63420 6 3 1860
427 63540 66060 3 1 2520
428 66180 67140 1 2 960
429 67260 69180 2 0 1920
430 70560 72420 6 3 1860
431 72540 75060 3 1 2520
432 75180 76140 1 2 960
433 76260 78180 2 0 1920
434 25500 26880 1 5 1380
435 27120 30360 5 4 3240
436 31980 35220 4 5 3240
437 35340 36720 5 1 1380
438 37380 40620 4 5 3240
439 40740 42120 5 1 1380
440 42780 46020 4 5 3240
441 46140 47520 5 1 1380
442 48180 51420 4 5 3240
443 51540 52920 5 1 1380
444 53580 56820 4 5 3240
445 56940 58320 5 1 1380
446 58980 62220 4 5 3240
447 62340 63720 5 1 1380
448 64380 67620 4 5 3240
449 67740 69120 5 1 1380
450 69780 73020 4 5 3240
451 73140 74520 5 1 1380
452 75180 78420 4 5 3240
453 78540 79920 5 1 1380
454 27540 30060 3 1 2520
455 30180 31140 1 2 960
456 31260 33180 2 0 1920
457 34380 36300 0 2 1920
458 36420 37380 2 1 960
459 37500 40020 1 3 2520
460 40140 42000 3 6 1860
461 43380 45300 0 2 1920
462 45420 46380 2 1 960
463 46500 49020 1 3 2520
464 49140 51000 3 6 1860
465 52380 54300 0 2 1920
466 54420 55380 2 1 960
467 55500 58020 1 3 2520
468 58140 60000 3 6 1860
469 61380 63300 0 2 1920
470 63420 64380 2 1 960
471 64500 67020 1 3 2520
472 67140 69000 3 6 1860
473 70380 72300 0 2 1920
474 72420 73380 2 1 960
475 73500 76020 1 3 2520
476 76140 78000 3 6 1860
477 25620 27000 1 5 1380
478 27120 28620 5 3 1500
479 28740 31080 3 7 2340
480 33060 35400 7 3 2340
481 35520 37020 3 5 1500
482 37140 38520 5 1 1380
483 40260 42600 7 3 2340
484 42720 44220 3 5 1500
485 44340 45720 5 1 1380
486 47460 49800 7 3 2340
487 49920 51420 3 5 1500
488 51540 52920 5 1 1380
489 54660 57000 7 3 2340
490 57120 58620 3 5 1500
491 58740 60120 5 1 1380
492 61860 64200 7 3 2340
493 64320 65820 3 5 1500
494 65940 67320 5 1 1380
495 69060 71400 7 3 2340
496 71520 73020 3 5 1500
497 73140 74520 5 1 1380
498 76260 78600 7 3 2340
499 78720 80220 3 5 1500
500 80340 81720 5 1 1380
501 28320 29820 3 5 1500
502 29940 31320 5 1 1380
503 32820 34200 1 5 1380
504 34320 35820 5 3 1500
505 35940 38280 3 7 2340
506 40020 41400 1 5 1380
507 41520 43020 5 3 1500
508 43140 45480 3 7 2340
509 47220 48600 1 5 1380
510 48720 50220 5 3 1500
511 50340 52680 3 7 2340
512 54420 55800 1 5 1380
513 55920 57420 5 3 1500
514 57540 59880 3 7 2340
515 61620 63000 1 5 1380
516 63120 64620 5 3 1500
517 64740 67080 3 7 2340
518 68820 70200 1 5 1380
519 70320 71820 5 3 1500
520 71940 74280 3 7 2340
521 76020 77400 1 5 1380
522 77520 79020 5 3 1500
523 28680 31020 7 6 2340
524 31620 33960 6 7 2340
525 34080 36660 7 4 2580
526 38820 41160 6 7 2340
527 41280 43860 7 4 2580
528 46020 48360 6 7 2340
529 48480 51060 7 4 2580
530 53220 55560 6 7 2340
531 55680 58260 7 4 2580
532 60420 62760 6 7 2340
533 62880 65460 7 4 2580
534 67620 69960 6 7 2340
535 70080 72660 7 4 2580
536 74820 77160 6 7 2340
537 77280 79860 7 4 2580
538 28680 31260 7 4 2580
539 33180 35760 4 7 2580
540 35880 38220 7 6 2340
541 40380 42960 4 7 2580
542 43080 45420 7 6 2340
543 47580 50160 4 7 2580
544 50280 52620 7 6 2340
545 54780 57360 4 7 2580
546 57480 59820 7 6 2340
547 61980 64560 4 7 2580
548 64680 67020 7 6 2340
549 69180 71760 4 7 2580
550 71880 74220 7 6 2340
551 76380 78960 4 7 2580
552 79080 81420 7 6 2340
553 29940 31320 5 1 1380
554 32700 34080 1 5 1380
555 34320 37560 5 4 3240
556 39900 41280 1 5 1380
557 41520 44760 5 4 3240
558 47100 48480 1 5 1380
559 48720 51960 5 4 3240
560 54300 55680 1 5 1380
561 55920 59160 5 4 3240
562 61500 62880 1 5 1380
563 63120 66360 5 4 3240
564 68700 70080 1 5 1380
565 70320 73560 5 4 3240
566 75900 77280 1 5 1380
567 77520 80760 5 4 3240
568 30420 31380 1 2 960
569 31500 33420 2 0 1920
570 34200 36120 0 2 1920
571 36240 37200 2 1 960
572 37320 40860 1 6 3540
573 43200 45120 0 2 1920
574 45240 46200 2 1 960
575 46320 49860 1 6 3540
576 52200 54120 0 2 1920
577 54240 55200 2 1 960
578 55320 58860 1 6 3540
579 61200 63120 0 2 1920
580 63240 64200 2 1 960
581 64320 67860 1 6 3540
582 70200 72120 0 2 1920
583 72240 73200 2 1 960
584 73320 76860 1 6 3540
585 79200 81120 0 2 1920
586 81240 82200 2 1 960
587 29040 30000 2 1 960
588 30120 33660 1 6 3540
589 35760 39300 6 1 3540
590 39420 40380 1 2 960
591 40500 42420 2 0 1920
592 44760 48300 6 1 3540
593 48420 49380 1 2 960
594 49500 51420 2 0 1920
595 53760 57300 6 1 3540
596 57420 58380 1 2 960
597 58500 60420 2 0 1920
598 62760 66300 6 1 3540
599 66420 67380 1 2 960
600 67500 69420 2 0 1920
601 71760 75300 6 1 3540
602 75420 76380 1 2 960
603 76500 78420 2 0 1920
604 29220 30180 2 1 960
605 30300 32820 1 3 2520
606 32940 34800 3 6 1860
607 36360 38220 6 3 1860
608 38340 40860 3 1 2520
609 40980 41940 1 2 960
610 42060 43980 2 0 1920
611 45360 47220 6 3 1860
612 47340 49860 3 1 2520
613 49980 50940 1 2 960
614 51060 52980 2 0 1920
615 54360 56220 6 3 1860
616 56340 58860 3 1 2520
617 58980 59940 1 2 960
618 60060 61980 2 0 1920
619 63360 65220 6 3 1860
620 65340 67860 3 1 2520
621 67980 68940 1 2 960
622 69060 70980 2 0 1920
623 72360 74220 6 3 1860
624 74340 76860 3 1 2520
625 76980 77940 1 2 960
626 27300 28680 1 5 1380
627 28920 32160 5 4 3240
628 33780 37020 4 5 3240
629 37140 38520 5 1 1380
630 29340 31860 3 1 2520
631 31980 32940 1 2 960
632 33060 34980 2 0 1920
633 36180 38100 0 2 1920
634 38220 39180 2 1 960
635 39300 41820 1 3 2520
636 41940 43800 3 6 1860
637 45180 47100 0 2 1920
638 47220 48180 2 1 960
639 48300 50820 1 3 2520
640 50940 52800 3 6 1860
641 54180 56100 0 2 1920
642 56220 57180 2 1 960
643 57300 59820 1 3 2520
644 59940 61800 3 6 1860
645 63180 65100 0 2 1920
646 65220 66180 2 1 960
647 66300 68820 1 3 2520
648 68940 70800 3 6 1860
649 72180 74100 0 2 1920
650 74220 75180 2 1 960
651 75300 77820 1 3 2520
652 77940 79800 3 6 1860
653 27420 28800 1 5 1380
654 28920 30420 5 3 1500
655 30540 32880 3 7 2340
656 34860 37200 7 3 2340
657 37320 38820 3 5 1500
658 38940 40320 5 1 1380
659 42060 44400 7 3 2340
660 44520 46020 3 5 1500
661 46140 47520 5 1 1380
662 49260 51600 7 3 2340
663 51720 53220 3 5 1500
664 53340 54720 5 1 1380
665 56460 58800 7 3 2340
666 58920 60420 3 5 1500
667 60540 61920 5 1 1380
668 63660 66000 7 3 2340
669 66120 67620 3 5 1500
670 67740 69120 5 1 1380
671 70860 73200 7 3 2340
672 73320 74820 3 5 1500
673 74940 76320 5 1 1380
674 78060 80400 7 3 2340
675 80520 82020 3 5 1500
676 82140 83520 5 1 1380
677 30120 31620 3 5 1500
678 31740 33120 5 1 1380
679 34620 36000 1 5 1380
680 36120 37620 5 3 1500
681 37740 40080 3 7 2340
682 41820 43200 1 5 1380
683 43320 44820 5 3 1500
684 44940 47280 3 7 2340
685 49020 50400 1 5 1380
686 50520 52020 5 3 1500
687 52140 54480 3 7 2340
688 56220 57600 1 5 1380
689 57720 59220 5 3 1500
690 59340 61680 3 7 2340
691 63420 64800 1 5 1380
692 64920 66420 5 3 1500
693 66540 68880 3 7 2340
694 70620 72000 1 5 1380
695 72120 73620 5 3 1500
696 73740 76080 3 7 2340
697 77820 79200 1 5 1380
698 27780 30360 4 7 2580
699 30480 32820 7 6 2340
700 33420 35760 6 7 2340
701 35880 38460 7 4 2580
702 40620 42960 6 7 2340
703 43080 45660 7 4 2580
704 47820 50160 6 7 2340
705 50280 52860 7 4 2580
706 55020 57360 6 7 2340
707 57480 60060 7 4 2580
708 62220 64560 6 7 2340
709 64680 67260 7 4 2580
710 69420 71760 6 7 2340
711 71880 74460 7 4 2580
712 76620 78960 6 7 2340
713 79080 81660 7 4 2580
714 32220 33180 1 2 960
715 33300 35220 2 0 1920
716 36000 37920 0 2 1920
717 38040 39000 2 1 960
718 39120 42660 1 6 3540
719 45000 46920 0 2 1920
720 47040 48000 2 1 960
721 48120 51660 1 6 3540
722 54000 55920 0 2 1920
723 56040 57000 2 1 960
724 57120 60660 1 6 3540
725 63000 64920 0 2 1920
726 65040 66000 2 1 960
727 66120 69660 1 6 3540
728 72000 73920 0 2 1920
729 74040 75000 2 1 960
730 75120 78660 1 6 3540
731 30840 31800 2 1 960
732 31920 35460 1 6 3540
733 37560 41100 6 1 3540
734 41220 42180 1 2 960
735 42300 44220 2 0 1920
736 46560 50100 6 1 3540
737 50220 51180 1 2 960
738 51300 53220 2 0 1920
739 55560 59100 6 1 3540
740 59220 60180 1 2 960
741 60300 62220 2 0 1920
742 64560 68100 6 1 3540
743 68220 69180 1 2 960
744 69300 71220 2 0 1920
745 73560 77100 6 1 3540
746 77220 78180 1 2 960
747 31020 31980 2 1 960
748 32100 34620 1 3 2520
749 34740 36600 3 6 1860
750 38160 40020 6 3 1860
751 40140 42660 3 1 2520
752 42780 43740 1 2 960
753 43860 45780 2 0 1920
754 47160 49020 6 3 1860
755 49140 51660 3 1 2520
756 51780 52740 1 2 960
757 52860 54780 2 0 1920
758 56160 58020 6 3 1860
759 58140 60660 3 1 2520
760 60780 61740 1 2 960
761 61860 63780 2 0 1920
762 65160 67020 6 3 1860
763 67140 69660 3 1 2520
764 69780 70740 1 2 960
765 70860 72780 2 0 1920
766 74160 76020 6 3 1860
767 76140 78660 3 1 2520
768 78780 79740 1 2 960
769 29160 31020 6 3 1860
770 31140 33660 3 1 2520
771 33780 34740 1 2 960
772 34860 36780 2 0 1920
773 37980 39900 0 2 1920
774 40020 40980 2 1 960
775 41100 43620 1 3 2520
776 43740 45600 3 6 1860
777 46980 48900 0 2 1920
778 49020 49980 2 1 960
779 50100 52620 1 3 2520
780 52740 54600 3 6 1860
781 55980 57900 0 2 1920
782 58020 58980 2 1 960
783 59100 61620 1 3 2520
784 61740 63600 3 6 1860
785 64980 66900 0 2 1920
786 67020 67980 2 1 960
787 68100 70620 1 3 2520
788 70740 72600 3 6 1860
789 73980 75900 0 2 1920
790 76020 76980 2 1 960
791 77100 79620 1 3 2520
792 79740 81600 3 6 1860
793 34500 35880 1 5 1380
794 36120 39360 5 4 3240
795 40980 44220 4 5 3240
796 44340 45720 5 1 1380
797 34980 37560 4 7 2580
798 37680 40020 7 6 2340
799 40620 42960 6 7 2340
800 43080 45660 7 4 2580
801 37800 39720 0 2 1920
802 39840 40800 2 1 960
803 40920 44460 1 6 3540
804 46560 50100 6 1 3540
805 50220 51180 1 2 960
806 51300 53220 2 0 1920
807 41700 43080 1 5 1380
808 43320 46560 5 4 3240
809 48180 51420 4 5 3240
810 51540 52920 5 1 1380
811 42180 44760 4 7 2580
812 44880 47220 7 6 2340
813 47820 50160 6 7 2340
814 50280 52860 7 4 2580
815 46800 48720 0 2 1920
816 48840 49800 2 1 960
817 49920 53460 1 6 3540
818 55560 59100 6 1 3540
819 59220 60180 1 2 960
820 60300 62220 2 0 1920
821 48900 50280 1 5 1380
822 50520 53760 5 4 3240
823 55380 58620 4 5 3240
824 58740 60120 5 1 1380
825 49380 51960 4 7 2580
826 52080 54420 7 6 2340
827 55020 57360 6 7 2340
828 57480 60060 7 4 2580
829 55800 57720 0 2 1920
830 57840 58800 2 1 960
831 58920 62460 1 6 3540
832 64560 68100 6 1 3540
833 68220 69180 1 2 960
834 69300 71220 2 0 1920
835 56100 57480 1 5 1380
836 57720 60960 5 4 3240
837 62580 65820 4 5 3240
838 65940 67320 5 1 1380
839 56580 59160 4 7 2580
840 59280 61620 7 6 2340
841 62220 64560 6 7 2340
842 64680 67260 7 4 2580
843 63300 64680 1 5 1380
844 64920 68160 5 4 3240
845 69780 73020 4 5 3240
846 73140 74520 5 1 1380
847 63780 66360 4 7 2580
848 66480 68820 7 6 2340
849 69420 71760 6 7 2340
850 71880 74460 7 4 2580
851 64800 66720 0 2 1920
852 66840 67800 2 1 960
853 67920 71460 1 6 3540
854 73560 77100 6 1 3540
855 77220 78180 1 2 960
856 70500 71880 1 5 1380
857 72120 75360 5 4 3240
858 76980 80220 4 5 3240
859 80340 81720 5 1 1380
860 70980 73560 4 7 2580
861 73680 76020 7 6 2340
862 76620 78960 6 7 2340
863 79080 81660 7 4 2580
864 73800 75720 0 2 1920
865 75840 76800 2 1 960
866 76920 80460 1 6 3540
867 82560 86100 6 1 3540
868 77700 79080 1 5 1380
869 79320 82560 5 4 3240
870 84180 87420 4 5 3240
871 87540 88920 5 1 1380
