0 22560 24000 1 3 1440
1 24240 25560 3 2 1320
2 26340 27660 2 3 1320
3 27900 29340 3 1 1440
4 29460 30300 1 0 840
5 31140 32460 2 3 1320
6 32700 34140 3 1 1440
7 34260 35100 1 0 840
8 35940 37260 2 3 1320
9 37500 38940 3 1 1440
10 39060 39900 1 0 840
11 40740 42060 2 3 1320
12 42300 43740 3 1 1440
13 43860 44700 1 0 840
14 45540 46860 2 3 1320
15 47100 48540 3 1 1440
16 48660 49500 1 0 840
17 50340 51660 2 3 1320
18 51900 53340 3 1 1440
19 53460 54300 1 0 840
20 55140 56460 2 3 1320
21 56700 58140 3 1 1440
22 58260 59100 1 0 840
23 59940 61260 2 3 1320
24 61500 62940 3 1 1440
25 63060 63900 1 0 840
26 64740 66060 2 3 1320
27 66300 67740 3 1 1440
28 67860 68700 1 0 840
29 69540 70860 2 3 1320
30 71100 72540 3 1 1440
31 72660 73500 1 0 840
32 74340 75660 2 3 1320
33 75900 77340 3 1 1440
34 77460 78300 1 0 840
35 79140 80460 2 3 1320
36 80700 82140 3 1 1440
37 24780 26160 2 1 1380
38 28140 29520 1 2 1380
39 29640 30720 2 4 1080
40 30840 31800 4 3 960
41 33540 34920 1 2 1380
42 35040 36120 2 4 1080
43 36240 37200 4 3 960
44 38940 40320 1 2 1380
45 40440 41520 2 4 1080
46 41640 42600 4 3 960
47 44340 45720 1 2 1380
48 45840 46920 2 4 1080
49 47040 48000 4 3 960
50 49740 51120 1 2 1380
51 51240 52320 2 4 1080
52 52440 53400 4 3 960
53 55140 56520 1 2 1380
54 56640 57720 2 4 1080
55 57840 58800 4 3 960
56 60540 61920 1 2 1380
57 62040 63120 2 4 1080
58 63240 64200 4 3 960
59 65940 67320 1 2 1380
60 67440 68520 2 4 1080
61 68640 69600 4 3 960
62 71340 72720 1 2 1380
63 72840 73920 2 4 1080
64 74040 75000 4 3 960
65 76740 78120 1 2 1380
66 78240 79320 2 4 1080
67 79440 80400 4 3 960
68 25860 26700 1 0 840
69 27600 28440 0 1 840
70 28560 30000 1 3 1440
71 30240 31560 3 2 1320
72 32400 33240 0 1 840
73 33360 34800 1 3 1440
74 35040 36360 3 2 1320
75 37200 38040 0 1 840
76 38160 39600 1 3 1440
77 39840 41160 3 2 1320
78 42000 42840 0 1 840
79 42960 44400 1 3 1440
80 44640 45960 3 2 1320
81 46800 47640 0 1 840
82 47760 49200 1 3 1440
83 49440 50760 3 2 1320
84 51600 52440 0 1 840
85 52560 54000 1 3 1440
86 54240 55560 3 2 1320
87 56400 57240 0 1 840
88 57360 58800 1 3 1440
89 59040 60360 3 2 1320
90 61200 62040 0 1 840
91 62160 63600 1 3 1440
92 63840 65160 3 2 1320
93 66000 66840 0 1 840
94 66960 68400 1 3 1440
95 68640 69960 3 2 1320
96 70800 71640 0 1 840
97 71760 73200 1 3 1440
98 73440 74760 3 2 1320
99 75600 76440 0 1 840
100 76560 78000 1 3 1440
101 78240 79560 3 2 1320
102 22740 24120 1 2 1380
103 24240 25320 2 4 1080
104 25440 26400 4 3 960
105 27900 28860 3 4 960
106 28980 30060 4 2 1080
107 30180 31560 2 1 1380
108 33300 34260 3 4 960
109 34380 35460 4 2 1080
110 35580 36960 2 1 1380
111 38700 39660 3 4 960
112 39780 40860 4 2 1080
113 40980 42360 2 1 1380
114 44100 45060 3 4 960
115 45180 46260 4 2 1080
116 46380 47760 2 1 1380
117 49500 50460 3 4 960
118 50580 51660 4 2 1080
119 51780 53160 2 1 1380
120 54900 55860 3 4 960
121 55980 57060 4 2 1080
122 57180 58560 2 1 1380
123 60300 61260 3 4 960
124 61380 62460 4 2 1080
125 62580 63960 2 1 1380
126 65700 66660 3 4 960
127 66780 67860 4 2 1080
128 67980 69360 2 1 1380
129 71100 72060 3 4 960
130 72180 73260 4 2 1080
131 73380 74760 2 1 1380
132 76500 77460 3 4 960
133 77580 78660 4 2 1080
134 78780 80160 2 1 1380
135 23760 25200 1 3 1440
136 25440 26760 3 2 1320
137 27540 28860 2 3 1320
138 29100 30540 3 1 1440
139 30660 31500 1 0 840
140 32340 33660 2 3 1320
141 33900 35340 3 1 1440
142 35460 36300 1 0 840
143 37140 38460 2 3 1320
144 38700 40140 3 1 1440
145 40260 41100 1 0 840
146 41940 43260 2 3 1320
147 43500 44940 3 1 1440
148 45060 45900 1 0 840
149 46740 48060 2 3 1320
150 48300 49740 3 1 1440
151 49860 50700 1 0 840
152 51540 52860 2 3 1320
153 53100 54540 3 1 1440
154 54660 55500 1 0 840
155 56340 57660 2 3 1320
156 57900 59340 3 1 1440
157 59460 60300 1 0 840
158 61140 62460 2 3 1320
159 62700 64140 3 1 1440
160 64260 65100 1 0 840
161 65940 67260 2 3 1320
162 67500 68940 3 1 1440
163 69060 69900 1 0 840
164 70740 72060 2 3 1320
165 72300 73740 3 1 1440
166 73860 74700 1 0 840
167 75540 76860 2 3 1320
168 77100 78540 3 1 1440
169 25500 26940 3 1 1440
170 27060 27900 1 0 840
171 28800 29640 0 1 840
172 29760 31200 1 3 1440
173 31440 32760 3 2 1320
174 33600 34440 0 1 840
175 34560 36000 1 3 1440
176 36240 37560 3 2 1320
177 38400 39240 0 1 840
178 39360 40800 1 3 1440
179 41040 42360 3 2 1320
180 43200 44040 0 1 840
181 44160 45600 1 3 1440
182 45840 47160 3 2 1320
183 48000 48840 0 1 840
184 48960 50400 1 3 1440
185 50640 51960 3 2 1320
186 52800 53640 0 1 840
187 53760 55200 1 3 1440
188 55440 56760 3 2 1320
189 57600 58440 0 1 840
190 58560 60000 1 3 1440
191 60240 61560 3 2 1320
192 62400 63240 0 1 840
193 63360 64800 1 3 1440
194 65040 66360 3 2 1320
195 67200 68040 0 1 840
196 68160 69600 1 3 1440
197 69840 71160 3 2 1320
198 72000 72840 0 1 840
199 72960 74400 1 3 1440
200 74640 75960 3 2 1320
201 76800 77640 0 1 840
202 77760 79200 1 3 1440
203 79440 80760 3 2 1320
204 24960 26400 1 3 1440
205 26640 27960 3 2 1320
206 28740 30060 2 3 1320
207 30300 31740 3 1 1440
208 31860 32700 1 0 840
209 33540 34860 2 3 1320
210 35100 36540 3 1 1440
211 36660 37500 1 0 840
212 38340 39660 2 3 1320
213 39900 41340 3 1 1440
214 41460 42300 1 0 840
215 43140 44460 2 3 1320
216 44700 46140 3 1 1440
217 46260 47100 1 0 840
218 47940 49260 2 3 1320
219 49500 50940 3 1 1440
220 51060 51900 1 0 840
221 52740 54060 2 3 1320
222 54300 55740 3 1 1440
223 55860 56700 1 0 840
224 57540 58860 2 3 1320
225 59100 60540 3 1 1440
226 60660 61500 1 0 840
227 62340 63660 2 3 1320
228 63900 65340 3 1 1440
229 65460 66300 1 0 840
230 67140 68460 2 3 1320
231 68700 70140 3 1 1440
232 70260 71100 1 0 840
233 71940 73260 2 3 1320
234 73500 74940 3 1 1440
235 75060 75900 1 0 840
236 76740 78060 2 3 1320
237 78300 79740 3 1 1440
238 26580 27960 2 1 1380
239 29940 31320 1 2 1380
240 31440 32520 2 4 1080
241 32640 33600 4 3 960
242 35340 36720 1 2 1380
243 36840 37920 2 4 1080
244 38040 39000 4 3 960
245 40740 42120 1 2 1380
246 42240 43320 2 4 1080
247 43440 44400 4 3 960
248 46140 47520 1 2 1380
249 47640 48720 2 4 1080
250 48840 49800 4 3 960
251 51540 52920 1 2 1380
252 53040 54120 2 4 1080
253 54240 55200 4 3 960
254 56940 58320 1 2 1380
255 58440 59520 2 4 1080
256 59640 60600 4 3 960
257 62340 63720 1 2 1380
258 63840 64920 2 4 1080
259 65040 66000 4 3 960
260 67740 69120 1 2 1380
261 69240 70320 2 4 1080
262 70440 71400 4 3 960
263 73140 74520 1 2 1380
264 74640 75720 2 4 1080
265 75840 76800 4 3 960
266 78540 79920 1 2 1380
267 80040 81120 2 4 1080
268 81240 82200 4 3 960
269 24540 25920 1 2 1380
270 26040 27120 2 4 1080
271 27240 28200 4 3 960
272 29700 30660 3 4 960
273 30780 31860 4 2 1080
274 31980 33360 2 1 1380
275 35100 36060 3 4 960
276 36180 37260 4 2 1080
277 37380 38760 2 1 1380
278 40500 41460 3 4 960
279 41580 42660 4 2 1080
280 42780 44160 2 1 1380
281 45900 46860 3 4 960
282 46980 48060 4 2 1080
283 48180 49560 2 1 1380
284 51300 52260 3 4 960
285 52380 53460 4 2 1080
286 53580 54960 2 1 1380
287 56700 57660 3 4 960
288 57780 58860 4 2 1080
289 58980 60360 2 1 1380
290 62100 63060 3 4 960
291 63180 64260 4 2 1080
292 64380 65760 2 1 1380
293 67500 68460 3 4 960
294 68580 69660 4 2 1080
295 69780 71160 2 1 1380
296 72900 73860 3 4 960
297 73980 75060 4 2 1080
298 75180 76560 2 1 1380
299 78300 79260 3 4 960
300 79380 80460 4 2 1080
301 80580 81960 2 1 1380
302 25140 26460 2 3 1320
303 26700 28140 3 1 1440
304 28260 29100 1 0 840
305 30000 30840 0 1 840
306 30960 32400 1 3 1440
307 32640 33960 3 2 1320
308 34800 35640 0 1 840
309 35760 37200 1 3 1440
310 37440 38760 3 2 1320
311 39600 40440 0 1 840
312 40560 42000 1 3 1440
313 42240 43560 3 2 1320
314 44400 45240 0 1 840
315 45360 46800 1 3 1440
316 47040 48360 3 2 1320
317 49200 50040 0 1 840
318 50160 51600 1 3 1440
319 51840 53160 3 2 1320
320 54000 54840 0 1 840
321 54960 56400 1 3 1440
322 56640 57960 3 2 1320
323 58800 59640 0 1 840
324 59760 61200 1 3 1440
325 61440 62760 3 2 1320
326 63600 64440 0 1 840
327 64560 66000 1 3 1440
328 66240 67560 3 2 1320
329 68400 69240 0 1 840
330 69360 70800 1 3 1440
331 71040 72360 3 2 1320
332 73200 74040 0 1 840
333 74160 75600 1 3 1440
334 75840 77160 3 2 1320
335 78000 78840 0 1 840
336 78960 80400 1 3 1440
337 80640 81960 3 2 1320
338 26160 27600 1 3 1440
339 27840 29160 3 2 1320
340 29940 31260 2 3 1320
341 31500 32940 3 1 1440
342 33060 33900 1 0 840
343 34740 36060 2 3 1320
344 36300 37740 3 1 1440
345 37860 38700 1 0 840
346 39540 40860 2 3 1320
347 41100 42540 3 1 1440
348 42660 43500 1 0 840
349 44340 45660 2 3 1320
350 45900 47340 3 1 1440
351 47460 48300 1 0 840
352 49140 50460 2 3 1320
353 50700 52140 3 1 1440
354 52260 53100 1 0 840
355 53940 55260 2 3 1320
356 55500 56940 3 1 1440
357 57060 57900 1 0 840
358 58740 60060 2 3 1320
359 60300 61740 3 1 1440
360 61860 62700 1 0 840
361 63540 64860 2 3 1320
362 65100 66540 3 1 1440
363 66660 67500 1 0 840
364 68340 69660 2 3 1320
365 69900 71340 3 1 1440
366 71460 72300 1 0 840
367 73140 74460 2 3 1320
368 74700 76140 3 1 1440
369 76260 77100 1 0 840
370 77940 79260 2 3 1320
371 79500 80940 3 1 1440
372 26100 27060 3 4 960
373 27180 28260 4 2 1080
374 28380 29760 2 1 1380
375 31740 33120 1 2 1380
376 33240 34320 2 4 1080
377 34440 35400 4 3 960
378 37140 38520 1 2 1380
379 38640 39720 2 4 1080
380 39840 40800 4 3 960
381 42540 43920 1 2 1380
382 44040 45120 2 4 1080
383 45240 46200 4 3 960
384 47940 49320 1 2 1380
385 49440 50520 2 4 1080
386 50640 51600 4 3 960
387 53340 54720 1 2 1380
388 54840 55920 2 4 1080
389 56040 57000 4 3 960
390 58740 60120 1 2 1380
391 60240 61320 2 4 1080
392 61440 62400 4 3 960
393 64140 65520 1 2 1380
394 65640 66720 2 4 1080
395 66840 67800 4 3 960
396 69540 70920 1 2 1380
397 71040 72120 2 4 1080
398 72240 73200 4 3 960
399 74940 76320 1 2 1380
400 76440 77520 2 4 1080
401 77640 78600 4 3 960
402 26340 27720 1 2 1380
403 27840 28920 2 4 1080
404 29040 30000 4 3 960
405 31500 32460 3 4 960
406 32580 33660 4 2 1080
407 33780 35160 2 1 1380
408 36900 37860 3 4 960
409 37980 39060 4 2 1080
410 39180 40560 2 1 1380
411 42300 43260 3 4 960
412 43380 44460 4 2 1080
413 44580 45960 2 1 1380
414 47700 48660 3 4 960
415 48780 49860 4 2 1080
416 49980 51360 2 1 1380
417 53100 54060 3 4 960
418 54180 55260 4 2 1080
419 55380 56760 2 1 1380
420 58500 59460 3 4 960
421 59580 60660 4 2 1080
422 60780 62160 2 1 1380
423 63900 64860 3 4 960
424 64980 66060 4 2 1080
425 66180 67560 2 1 1380
426 69300 70260 3 4 960
427 70380 71460 4 2 1080
428 71580 72960 2 1 1380
429 74700 75660 3 4 960
430 75780 76860 4 2 1080
431 76980 78360 2 1 1380
432 27360 28800 1 3 1440
433 29040 30360 3 2 1320
434 31140 32460 2 3 1320
435 32700 34140 3 1 1440
436 34260 35100 1 0 840
437 31200 32040 0 1 840
438 32160 33600 1 3 1440
439 33840 35160 3 2 1320
440 35940 37260 2 3 1320
441 37500 38940 3 1 1440
442 39060 39900 1 0 840
443 36000 36840 0 1 840
444 36960 38400 1 3 1440
445 38640 39960 3 2 1320
446 40740 42060 2 3 1320
447 42300 43740 3 1 1440
448 43860 44700 1 0 840
449 40800 41640 0 1 840
450 41760 43200 1 3 1440
451 43440 44760 3 2 1320
452 45540 46860 2 3 1320
453 47100 48540 3 1 1440
454 48660 49500 1 0 840
455 45600 46440 0 1 840
456 46560 48000 1 3 1440
457 48240 49560 3 2 1320
458 50340 51660 2 3 1320
459 51900 53340 3 1 1440
460 53460 54300 1 0 840
461 50400 51240 0 1 840
462 51360 52800 1 3 1440
463 53040 54360 3 2 1320
464 55140 56460 2 3 1320
465 56700 58140 3 1 1440
466 58260 59100 1 0 840
467 55200 56040 0 1 840
468 56160 57600 1 3 1440
469 57840 59160 3 2 1320
470 59940 61260 2 3 1320
471 61500 62940 3 1 1440
472 63060 63900 1 0 840
473 60000 60840 0 1 840
474 60960 62400 1 3 1440
475 62640 63960 3 2 1320
476 64740 66060 2 3 1320
477 66300 67740 3 1 1440
478 67860 68700 1 0 840
479 64800 65640 0 1 840
480 65760 67200 1 3 1440
481 67440 68760 3 2 1320
482 69540 70860 2 3 1320
483 71100 72540 3 1 1440
484 72660 73500 1 0 840
485 69600 70440 0 1 840
486 70560 72000 1 3 1440
487 72240 73560 3 2 1320
488 74340 75660 2 3 1320
489 75900 77340 3 1 1440
490 77460 78300 1 0 840
491 74400 75240 0 1 840
492 75360 76800 1 3 1440
493 77040 78360 3 2 1320
494 79140 80460 2 3 1320
495 80700 82140 3 1 1440
496 79200 80040 0 1 840
497 80160 81600 1 3 1440
498 81840 83160 3 2 1320
499 83940 85260 2 3 1320
500 85500 86940 3 1 1440
