0 29640 30360 0 11 720
1 32460 34920 6 0 2460
2 35040 35760 0 11 720
3 37860 40320 6 0 2460
4 40440 41160 0 11 720
5 43260 45720 6 0 2460
6 45840 46560 0 11 720
7 48660 51120 6 0 2460
8 51240 51960 0 11 720
9 54060 56520 6 0 2460
10 56640 57360 0 11 720
11 59460 61920 6 0 2460
12 62040 62760 0 11 720
13 64860 67320 6 0 2460
14 67440 68160 0 11 720
15 70260 72720 6 0 2460
16 72840 73560 0 11 720
17 75660 78120 6 0 2460
18 78240 78960 0 11 720
19 26760 27540 7 0 780
20 29760 30540 0 7 780
21 30660 32100 7 2 1440
22 32220 35640 2 10 3420
23 36960 37740 0 7 780
24 37860 39300 7 2 1440
25 39420 42840 2 10 3420
26 44160 44940 0 7 780
27 45060 46500 7 2 1440
28 46620 50040 2 10 3420
29 51360 52140 0 7 780
30 52260 53700 7 2 1440
31 53820 57240 2 10 3420
32 58560 59340 0 7 780
33 59460 60900 7 2 1440
34 61020 64440 2 10 3420
35 65760 66540 0 7 780
36 66660 68100 7 2 1440
37 68220 71640 2 10 3420
38 72960 73740 0 7 780
39 73860 75300 7 2 1440
40 32400 33120 11 0 720
41 33360 35820 0 6 2460
42 37800 38520 11 0 720
43 38760 41220 0 6 2460
44 43200 43920 11 0 720
45 44160 46620 0 6 2460
46 48600 49320 11 0 720
47 49560 52020 0 6 2460
48 54000 54720 11 0 720
49 54960 57420 0 6 2460
50 59400 60120 11 0 720
51 60360 62820 0 6 2460
52 64800 65520 11 0 720
53 65760 68220 0 6 2460
54 70200 70920 11 0 720
55 71160 73620 0 6 2460
56 75600 76320 11 0 720
57 76560 79020 0 6 2460
58 21840 23880 1 12 2040
59 24060 25380 12 7 1320
60 27540 28860 7 12 1320
61 28980 31020 12 1 2040
62 34740 36060 7 12 1320
63 36180 38220 12 1 2040
64 41940 43260 7 12 1320
65 43380 45420 12 1 2040
66 49140 50460 7 12 1320
67 50580 52620 12 1 2040
68 56340 57660 7 12 1320
69 57780 59820 12 1 2040
70 63540 64860 7 12 1320
71 64980 67020 12 1 2040
72 70740 72060 7 12 1320
73 72180 74220 12 1 2040
74 77940 79260 7 12 1320
75 79380 81420 12 1 2040
76 34140 35160 3 11 1020
77 35280 37620 11 6 2340
78 41340 42360 3 11 1020
79 42480 44820 11 6 2340
80 48540 49560 3 11 1020
81 49680 52020 11 6 2340
82 55740 56760 3 11 1020
83 56880 59220 11 6 2340
84 62940 63960 3 11 1020
85 64080 66420 11 6 2340
86 70140 71160 3 11 1020
87 71280 73620 11 6 2340
88 77340 78360 3 11 1020
89 36000 37440 2 7 1440
90 37560 38340 7 0 780
91 39660 43080 10 2 3420
92 43200 44640 2 7 1440
93 44760 45540 7 0 780
94 46860 50280 10 2 3420
95 50400 51840 2 7 1440
96 51960 52740 7 0 780
97 54060 57480 10 2 3420
98 57600 59040 2 7 1440
99 59160 59940 7 0 780
100 61260 64680 10 2 3420
101 64800 66240 2 7 1440
102 66360 67140 7 0 780
103 68460 71880 10 2 3420
104 72000 73440 2 7 1440
105 73560 74340 7 0 780
106 75660 79080 10 2 3420
107 79200 80640 2 7 1440
108 28440 29160 0 11 720
109 29280 30300 11 3 1020
110 34380 35400 3 11 1020
111 35520 36240 11 0 720
112 36360 38100 0 2 1740
113 38220 40260 2 5 2040
114 40380 41940 5 9 1560
115 45180 46200 3 11 1020
116 46320 47040 11 0 720
117 47160 48900 0 2 1740
118 49020 51060 2 5 2040
119 51180 52740 5 9 1560
120 55980 57000 3 11 1020
121 57120 57840 11 0 720
122 57960 59700 0 2 1740
123 59820 61860 2 5 2040
124 61980 63540 5 9 1560
125 66780 67800 3 11 1020
126 67920 68640 11 0 720
127 68760 70500 0 2 1740
128 70620 72660 2 5 2040
129 72780 74340 5 9 1560
130 77580 78600 3 11 1020
131 78720 79440 11 0 720
132 28140 29460 7 12 1320
133 29580 31620 12 1 2040
134 31740 33780 1 8 2040
135 35700 37740 8 1 2040
136 37860 39900 1 12 2040
137 40020 41340 12 7 1320
138 41460 42900 7 2 1440
139 43020 45060 2 5 2040
140 45180 46740 5 9 1560
141 50100 52140 8 1 2040
142 52260 54300 1 12 2040
143 54420 55740 12 7 1320
144 55860 57300 7 2 1440
145 57420 59460 2 5 2040
146 59580 61140 5 9 1560
147 64500 66540 8 1 2040
148 66660 68700 1 12 2040
149 68820 70140 12 7 1320
150 70260 71700 7 2 1440
151 71820 73860 2 5 2040
152 73980 75540 5 9 1560
153 78900 80940 8 1 2040
154 35880 37980 13 6 2100
155 38100 40920 6 2 2820
156 41040 43080 2 5 2040
157 43200 45420 5 10 2220
158 46680 48780 13 6 2100
159 48900 51720 6 2 2820
160 51840 53880 2 5 2040
161 54000 56220 5 10 2220
162 57480 59580 13 6 2100
163 59700 62520 6 2 2820
164 62640 64680 2 5 2040
165 64800 67020 5 10 2220
166 68280 70380 13 6 2100
167 70500 73320 6 2 2820
168 73440 75480 2 5 2040
169 34560 36660 13 6 2100
170 36780 39120 6 11 2340
171 39240 39960 11 0 720
172 40080 40860 0 7 780
173 41100 42420 7 12 1320
174 45360 47460 13 6 2100
175 47580 49920 6 11 2340
176 50040 50760 11 0 720
177 50880 51660 0 7 780
178 51900 53220 7 12 1320
179 56160 58260 13 6 2100
180 58380 60720 6 11 2340
181 60840 61560 11 0 720
182 61680 62460 0 7 780
183 62700 64020 7 12 1320
184 66960 69060 13 6 2100
185 69180 71520 6 11 2340
186 71640 72360 11 0 720
187 72480 73260 0 7 780
188 73500 74820 7 12 1320
189 77760 79860 13 6 2100
190 79980 82320 6 11 2340
191 33840 35580 2 0 1740
192 35700 36420 0 11 720
193 38100 40920 6 2 2820
194 41040 42780 2 0 1740
195 42900 43620 0 11 720
196 45300 48120 6 2 2820
197 48240 49980 2 0 1740
198 50100 50820 0 11 720
199 52500 55320 6 2 2820
200 55440 57180 2 0 1740
201 57300 58020 0 11 720
202 59700 62520 6 2 2820
203 62640 64380 2 0 1740
204 64500 65220 0 11 720
205 66900 69720 6 2 2820
206 69840 71580 2 0 1740
207 71700 72420 0 11 720
208 74100 76920 6 2 2820
209 77040 78780 2 0 1740
210 78900 79620 0 11 720
211 32040 33060 11 3 1020
212 36780 39120 6 11 2340
213 39240 40260 11 3 1020
214 43980 46320 6 11 2340
215 46440 47460 11 3 1020
216 51180 53520 6 11 2340
217 53640 54660 11 3 1020
218 58380 60720 6 11 2340
219 60840 61860 11 3 1020
220 65580 67920 6 11 2340
221 68040 69060 11 3 1020
222 72780 75120 6 11 2340
223 75240 76260 11 3 1020
224 31440 32160 0 11 720
225 34260 36720 6 0 2460
226 36840 37560 0 11 720
227 39660 42120 6 0 2460
228 42240 42960 0 11 720
229 45060 47520 6 0 2460
230 47640 48360 0 11 720
231 50460 52920 6 0 2460
232 53040 53760 0 11 720
233 55860 58320 6 0 2460
234 58440 59160 0 11 720
235 61260 63720 6 0 2460
236 63840 64560 0 11 720
237 66660 69120 6 0 2460
238 69240 69960 0 11 720
239 72060 74520 6 0 2460
240 74640 75360 0 11 720
241 77460 79920 6 0 2460
242 80040 80760 0 11 720
243 28380 31020 1 11 2640
244 31140 31860 11 0 720
245 35580 36300 0 11 720
246 36420 38940 11 1 2520
247 39120 41100 1 3 1980
248 41220 43800 3 4 2580
249 46380 47100 0 11 720
250 47220 49740 11 1 2520
251 49920 51900 1 3 1980
252 52020 54600 3 4 2580
253 57180 57900 0 11 720
254 58020 60540 11 1 2520
255 60720 62700 1 3 1980
256 62820 65400 3 4 2580
257 67980 68700 0 11 720
258 68820 71340 11 1 2520
259 71520 73500 1 3 1980
260 73620 76200 3 4 2580
261 78780 79500 0 11 720
262 79620 82140 11 1 2520
263 29760 32220 0 6 2460
264 34200 34920 11 0 720
265 35160 37620 0 6 2460
266 39600 40320 11 0 720
267 40560 43020 0 6 2460
268 45000 45720 11 0 720
269 45960 48420 0 6 2460
270 50400 51120 11 0 720
271 51360 53820 0 6 2460
272 55800 56520 11 0 720
273 56760 59220 0 6 2460
274 61200 61920 11 0 720
275 62160 64620 0 6 2460
276 66600 67320 11 0 720
277 67560 70020 0 6 2460
278 72000 72720 11 0 720
279 72960 75420 0 6 2460
280 77400 78120 11 0 720
281 25620 27600 1 3 1980
282 27720 28740 3 11 1020
283 28860 31200 11 6 2340
284 31320 33420 6 13 2100
285 35520 37620 13 6 2100
286 37740 40080 6 11 2340
287 40200 41220 11 3 1020
288 41340 43320 3 1 1980
289 43440 45480 1 8 2040
290 46320 48420 13 6 2100
291 48540 50880 6 11 2340
292 51000 52020 11 3 1020
293 52140 54120 3 1 1980
294 54240 56280 1 8 2040
295 57120 59220 13 6 2100
296 59340 61680 6 11 2340
297 61800 62820 11 3 1020
298 62940 64920 3 1 1980
299 65040 67080 1 8 2040
300 67920 70020 13 6 2100
301 70140 72480 6 11 2340
302 72600 73620 11 3 1020
303 73740 75720 3 1 1980
304 75840 77880 1 8 2040
305 78720 80820 13 6 2100
306 80940 83280 6 11 2340
307 83400 84420 11 3 1020
308 84540 86520 3 1 1980
309 86640 88680 1 8 2040
310 35220 37260 5 2 2040
311 37380 39120 2 0 1740
312 39240 39960 0 11 720
313 40080 41100 11 3 1020
314 44340 45900 9 5 1560
315 46020 48060 5 2 2040
316 48180 49920 2 0 1740
317 50040 50760 0 11 720
318 50880 51900 11 3 1020
319 55140 56700 9 5 1560
320 56820 58860 5 2 2040
321 58980 60720 2 0 1740
322 60840 61560 0 11 720
323 61680 62700 11 3 1020
324 65940 67500 9 5 1560
325 67620 69660 5 2 2040
326 69780 71520 2 0 1740
327 71640 72360 0 11 720
328 72480 73500 11 3 1020
329 28500 29220 0 11 720
330 30480 31200 11 0 720
331 31320 33060 0 2 1740
332 33180 36000 2 6 2820
333 37680 38400 11 0 720
334 38520 40260 0 2 1740
335 40380 43200 2 6 2820
336 44880 45600 11 0 720
337 45720 47460 0 2 1740
338 47580 50400 2 6 2820
339 52080 52800 11 0 720
340 52920 54660 0 2 1740
341 54780 57600 2 6 2820
342 59280 60000 11 0 720
343 60120 61860 0 2 1740
344 61980 64800 2 6 2820
345 66480 67200 11 0 720
346 67320 69060 0 2 1740
347 69180 72000 2 6 2820
348 73680 74400 11 0 720
349 74520 76260 0 2 1740
350 76380 79200 2 6 2820
351 29280 30060 0 7 780
352 30300 31620 7 12 1320
353 33960 35280 12 7 1320
354 35400 36180 7 0 780
355 36300 37020 0 11 720
356 37140 39480 11 6 2340
357 39600 41700 6 13 2100
358 44760 46080 12 7 1320
359 46200 46980 7 0 780
360 47100 47820 0 11 720
361 47940 50280 11 6 2340
362 50400 52500 6 13 2100
363 55560 56880 12 7 1320
364 57000 57780 7 0 780
365 57900 58620 0 11 720
366 58740 61080 11 6 2340
367 61200 63300 6 13 2100
368 66360 67680 12 7 1320
369 67800 68580 7 0 780
370 68700 69420 0 11 720
371 69540 71880 11 6 2340
372 72000 74100 6 13 2100
373 77160 78480 12 7 1320
374 78600 79380 7 0 780
375 79500 80220 0 11 720
376 27480 28260 7 0 780
377 28380 29100 0 11 720
378 29220 30240 11 3 1020
379 30360 32940 3 4 2580
380 35880 38460 4 3 2580
381 38580 39600 3 11 1020
382 39720 40440 11 0 720
383 40560 41340 0 7 780
384 41460 42900 7 2 1440
385 43020 45060 2 5 2040
386 46680 49260 4 3 2580
387 49380 50400 3 11 1020
388 50520 51240 11 0 720
389 51360 52140 0 7 780
390 52260 53700 7 2 1440
391 53820 55860 2 5 2040
392 57480 60060 4 3 2580
393 60180 61200 3 11 1020
394 61320 62040 11 0 720
395 62160 62940 0 7 780
396 63060 64500 7 2 1440
397 64620 66660 2 5 2040
398 68280 70860 4 3 2580
399 70980 72000 3 11 1020
400 72120 72840 11 0 720
401 72960 73740 0 7 780
402 73860 75300 7 2 1440
403 75420 77460 2 5 2040
404 79080 81660 4 3 2580
405 81780 82800 3 11 1020
406 25380 27420 12 1 2040
407 29040 31080 1 12 2040
408 31260 32580 12 7 1320
409 36240 38280 1 12 2040
410 38460 39780 12 7 1320
411 43440 45480 1 12 2040
412 45660 46980 12 7 1320
413 50640 52680 1 12 2040
414 52860 54180 12 7 1320
415 57840 59880 1 12 2040
416 60060 61380 12 7 1320
417 65040 67080 1 12 2040
418 67260 68580 12 7 1320
419 72240 74280 1 12 2040
420 74460 75780 12 7 1320
421 29400 30420 11 3 1020
422 30540 32520 3 1 1980
423 32640 34680 1 8 2040
424 37860 39900 8 1 2040
425 40020 42000 1 3 1980
426 42120 43140 3 11 1020
427 43260 45600 11 6 2340
428 45720 47820 6 13 2100
429 48660 50700 8 1 2040
430 50820 52800 1 3 1980
431 52920 53940 3 11 1020
432 54060 56400 11 6 2340
433 56520 58620 6 13 2100
434 59460 61500 8 1 2040
435 61620 63600 1 3 1980
436 63720 64740 3 11 1020
437 64860 67200 11 6 2340
438 67320 69420 6 13 2100
439 70260 72300 8 1 2040
440 72420 74400 1 3 1980
441 74520 75540 3 11 1020
442 75660 78000 11 6 2340
443 28320 30300 1 3 1980
444 30420 33000 3 4 2580
445 34260 36840 4 3 2580
446 36960 38940 3 1 1980
447 39180 41820 1 11 2640
448 41940 42660 11 0 720
449 45060 47640 4 3 2580
450 47760 49740 3 1 1980
451 49980 52620 1 11 2640
452 52740 53460 11 0 720
453 55860 58440 4 3 2580
454 58560 60540 3 1 1980
455 60780 63420 1 11 2640
456 63540 64260 11 0 720
457 66660 69240 4 3 2580
458 69360 71340 3 1 1980
459 71580 74220 1 11 2640
460 74340 75060 11 0 720
461 77460 80040 4 3 2580
462 80160 82140 3 1 1980
463 27000 29760 1 7 2760
464 29880 30660 7 0 780
465 32220 33000 0 7 780
466 33240 36000 7 1 2760
467 36240 38280 1 8 2040
468 39420 40200 0 7 780
469 40440 43200 7 1 2760
470 43440 45480 1 8 2040
471 46620 47400 0 7 780
472 47640 50400 7 1 2760
473 50640 52680 1 8 2040
474 53820 54600 0 7 780
475 54840 57600 7 1 2760
476 57840 59880 1 8 2040
477 61020 61800 0 7 780
478 62040 64800 7 1 2760
479 65040 67080 1 8 2040
480 68220 69000 0 7 780
481 69240 72000 7 1 2760
482 72240 74280 1 8 2040
483 75420 76200 0 7 780
484 76440 79200 7 1 2760
485 27060 29100 1 12 2040
486 29220 30540 12 7 1320
487 30660 32100 7 2 1440
488 32220 34260 2 5 2040
489 34380 35940 5 9 1560
490 37140 38700 9 5 1560
491 38820 40860 5 2 2040
492 40980 42420 2 7 1440
493 42540 43860 7 12 1320
494 43980 46020 12 1 2040
495 46140 48180 1 8 2040
496 51540 53100 9 5 1560
497 53220 55260 5 2 2040
498 55380 56820 2 7 1440
499 56940 58260 7 12 1320
500 58380 60420 12 1 2040
501 60540 62580 1 8 2040
502 65940 67500 9 5 1560
503 67620 69660 5 2 2040
504 69780 71220 2 7 1440
505 71340 72660 7 12 1320
506 72780 74820 12 1 2040
507 74940 76980 1 8 2040
508 26040 28800 7 1 2760
509 29040 31080 1 8 2040
510 32040 34080 8 1 2040
511 34200 36960 1 7 2760
512 37080 37860 7 0 780
513 39240 41280 8 1 2040
514 41400 44160 1 7 2760
515 44280 45060 7 0 780
516 46440 48480 8 1 2040
517 48600 51360 1 7 2760
518 51480 52260 7 0 780
519 53640 55680 8 1 2040
520 55800 58560 1 7 2760
521 58680 59460 7 0 780
522 60840 62880 8 1 2040
523 63000 65760 1 7 2760
524 65880 66660 7 0 780
525 68040 70080 8 1 2040
526 70200 72960 1 7 2760
527 73080 73860 7 0 780
528 75240 77280 8 1 2040
529 77400 80160 1 7 2760
530 29760 30540 0 7 780
531 30660 32100 7 2 1440
532 32220 34260 2 5 2040
533 38160 40200 5 2 2040
534 40320 41760 2 7 1440
535 41880 42660 7 0 780
536 42780 43500 0 11 720
537 43620 44640 11 3 1020
538 44760 47340 3 4 2580
539 48960 51000 5 2 2040
540 51120 52560 2 7 1440
541 52680 53460 7 0 780
542 53580 54300 0 11 720
543 54420 55440 11 3 1020
544 55560 58140 3 4 2580
545 59760 61800 5 2 2040
546 61920 63360 2 7 1440
547 63480 64260 7 0 780
548 64380 65100 0 11 720
549 65220 66240 11 3 1020
550 66360 68940 3 4 2580
551 70560 72600 5 2 2040
552 72720 74160 2 7 1440
553 74280 75060 7 0 780
554 75180 75900 0 11 720
555 76020 77040 11 3 1020
556 30240 32280 2 5 2040
557 32400 34620 5 10 2220
558 37260 39480 10 5 2220
559 39600 41640 5 2 2040
560 41760 44580 2 6 2820
561 44700 46800 6 13 2100
562 48060 50280 10 5 2220
563 50400 52440 5 2 2040
564 52560 55380 2 6 2820
565 55500 57600 6 13 2100
566 58860 61080 10 5 2220
567 61200 63240 5 2 2040
568 63360 66180 2 6 2820
569 66300 68400 6 13 2100
570 69660 71880 10 5 2220
571 72000 74040 5 2 2040
572 74160 76980 2 6 2820
573 33240 33960 0 11 720
574 36060 38520 6 0 2460
575 38640 39360 0 11 720
576 41460 43920 6 0 2460
577 44040 44760 0 11 720
578 46860 49320 6 0 2460
579 49440 50160 0 11 720
580 52260 54720 6 0 2460
581 54840 55560 0 11 720
582 57660 60120 6 0 2460
583 60240 60960 0 11 720
584 63060 65520 6 0 2460
585 65640 66360 0 11 720
586 68460 70920 6 0 2460
587 71040 71760 0 11 720
588 73860 76320 6 0 2460
589 76440 77160 0 11 720
590 30360 31140 7 0 780
591 33360 34140 0 7 780
592 34260 35700 7 2 1440
593 35820 39240 2 10 3420
594 40560 41340 0 7 780
595 41460 42900 7 2 1440
596 43020 46440 2 10 3420
597 47760 48540 0 7 780
598 48660 50100 7 2 1440
599 50220 53640 2 10 3420
600 54960 55740 0 7 780
601 55860 57300 7 2 1440
602 57420 60840 2 10 3420
603 62160 62940 0 7 780
604 63060 64500 7 2 1440
605 64620 68040 2 10 3420
606 69360 70140 0 7 780
607 70260 71700 7 2 1440
608 76560 77340 0 7 780
609 77460 78900 7 2 1440
610 30600 31320 11 0 720
611 31560 34020 0 6 2460
612 36000 36720 11 0 720
613 36960 39420 0 6 2460
614 41400 42120 11 0 720
615 42360 44820 0 6 2460
616 46800 47520 11 0 720
617 47760 50220 0 6 2460
618 52200 52920 11 0 720
619 53160 55620 0 6 2460
620 57600 58320 11 0 720
621 58560 61020 0 6 2460
622 63000 63720 11 0 720
623 63960 66420 0 6 2460
624 68400 69120 11 0 720
625 69360 71820 0 6 2460
626 73800 74520 11 0 720
627 74760 77220 0 6 2460
628 25440 27480 1 12 2040
629 27660 28980 12 7 1320
630 31140 32460 7 12 1320
631 32580 34620 12 1 2040
632 38340 39660 7 12 1320
633 39780 41820 12 1 2040
634 45540 46860 7 12 1320
635 46980 49020 12 1 2040
636 52740 54060 7 12 1320
637 54180 56220 12 1 2040
638 59940 61260 7 12 1320
639 61380 63420 12 1 2040
640 67140 68460 7 12 1320
641 68580 70620 12 1 2040
642 74340 75660 7 12 1320
643 75780 77820 12 1 2040
644 30540 31560 3 11 1020
645 31680 34020 11 6 2340
646 37740 38760 3 11 1020
647 38880 41220 11 6 2340
648 44940 45960 3 11 1020
649 46080 48420 11 6 2340
650 52140 53160 3 11 1020
651 53280 55620 11 6 2340
652 59340 60360 3 11 1020
653 60480 62820 11 6 2340
654 66540 67560 3 11 1020
655 67680 70020 11 6 2340
656 73740 74760 3 11 1020
657 74880 77220 11 6 2340
658 27060 28500 7 2 1440
659 28620 32040 2 10 3420
660 36060 39480 10 2 3420
661 39600 41040 2 7 1440
662 41160 41940 7 0 780
663 43260 46680 10 2 3420
664 46800 48240 2 7 1440
665 48360 49140 7 0 780
666 50460 53880 10 2 3420
667 54000 55440 2 7 1440
668 55560 56340 7 0 780
669 57660 61080 10 2 3420
670 61200 62640 2 7 1440
671 62760 63540 7 0 780
672 64860 68280 10 2 3420
673 68400 69840 2 7 1440
674 69960 70740 7 0 780
675 72060 75480 10 2 3420
676 75600 77040 2 7 1440
677 77160 77940 7 0 780
678 30180 31920 2 0 1740
679 32040 32760 0 11 720
680 32880 33900 11 3 1020
681 37980 39000 3 11 1020
682 39120 39840 11 0 720
683 39960 41700 0 2 1740
684 41820 43860 2 5 2040
685 43980 45540 5 9 1560
686 48780 49800 3 11 1020
687 49920 50640 11 0 720
688 50760 52500 0 2 1740
689 52620 54660 2 5 2040
690 54780 56340 5 9 1560
691 59580 60600 3 11 1020
692 60720 61440 11 0 720
693 61560 63300 0 2 1740
694 63420 65460 2 5 2040
695 65580 67140 5 9 1560
696 70380 71400 3 11 1020
697 71520 72240 11 0 720
698 72360 74100 0 2 1740
699 74220 76260 2 5 2040
700 30180 31620 2 7 1440
701 31740 33060 7 12 1320
702 33180 35220 12 1 2040
703 35340 37380 1 8 2040
704 39300 41340 8 1 2040
705 41460 43500 1 12 2040
706 43620 44940 12 7 1320
707 45060 46500 7 2 1440
708 46620 48660 2 5 2040
709 48780 50340 5 9 1560
710 53700 55740 8 1 2040
711 55860 57900 1 12 2040
712 58020 59340 12 7 1320
713 59460 60900 7 2 1440
714 61020 63060 2 5 2040
715 63180 64740 5 9 1560
716 68100 70140 8 1 2040
717 70260 72300 1 12 2040
718 72420 73740 12 7 1320
719 73860 75300 7 2 1440
720 75420 77460 2 5 2040
721 30960 33780 2 6 2820
722 33900 36000 6 13 2100
723 39480 41580 13 6 2100
724 41700 44520 6 2 2820
725 44640 46680 2 5 2040
726 46800 49020 5 10 2220
727 50280 52380 13 6 2100
728 52500 55320 6 2 2820
729 55440 57480 2 5 2040
730 57600 59820 5 10 2220
731 61080 63180 13 6 2100
732 63300 66120 6 2 2820
733 66240 68280 2 5 2040
734 68400 70620 5 10 2220
735 71880 73980 13 6 2100
736 74100 76920 6 2 2820
737 26760 28080 12 7 1320
738 28200 28980 7 0 780
739 29100 29820 0 11 720
740 29940 32280 11 6 2340
741 32400 34500 6 13 2100
742 38160 40260 13 6 2100
743 40380 42720 6 11 2340
744 42840 43560 11 0 720
745 43680 44460 0 7 780
746 44700 46020 7 12 1320
747 48960 51060 13 6 2100
748 51180 53520 6 11 2340
749 53640 54360 11 0 720
750 54480 55260 0 7 780
751 55500 56820 7 12 1320
752 59760 61860 13 6 2100
753 61980 64320 6 11 2340
754 64440 65160 11 0 720
755 65280 66060 0 7 780
756 66300 67620 7 12 1320
757 70560 72660 13 6 2100
758 72780 75120 6 11 2340
759 75240 75960 11 0 720
760 76080 76860 0 7 780
761 77100 78420 7 12 1320
762 29580 32400 2 6 2820
763 34500 37320 6 2 2820
764 37440 39180 2 0 1740
765 39300 40020 0 11 720
766 41700 44520 6 2 2820
767 44640 46380 2 0 1740
768 46500 47220 0 11 720
769 48900 51720 6 2 2820
770 51840 53580 2 0 1740
771 53700 54420 0 11 720
772 56100 58920 6 2 2820
773 59040 60780 2 0 1740
774 60900 61620 0 11 720
775 63300 66120 6 2 2820
776 66240 67980 2 0 1740
777 68100 68820 0 11 720
778 70500 73320 6 2 2820
779 73440 75180 2 0 1740
780 75300 76020 0 11 720
781 29760 31740 3 1 1980
782 31980 34620 1 11 2640
783 34740 35460 11 0 720
784 39180 39900 0 11 720
785 40020 42540 11 1 2520
786 42720 44700 1 3 1980
787 44820 47400 3 4 2580
788 49980 50700 0 11 720
789 50820 53340 11 1 2520
790 53520 55500 1 3 1980
791 55620 58200 3 4 2580
792 60780 61500 0 11 720
793 61620 64140 11 1 2520
794 64320 66300 1 3 1980
795 66420 69000 3 4 2580
796 71580 72300 0 11 720
797 72420 74940 11 1 2520
798 75120 77100 1 3 1980
799 29220 31200 1 3 1980
800 31320 32340 3 11 1020
801 32460 34800 11 6 2340
802 34920 37020 6 13 2100
803 39120 41220 13 6 2100
804 41340 43680 6 11 2340
805 43800 44820 11 3 1020
806 44940 46920 3 1 1980
807 47040 49080 1 8 2040
808 49920 52020 13 6 2100
809 52140 54480 6 11 2340
810 54600 55620 11 3 1020
811 55740 57720 3 1 1980
812 57840 59880 1 8 2040
813 60720 62820 13 6 2100
814 62940 65280 6 11 2340
815 65400 66420 11 3 1020
816 66540 68520 3 1 1980
817 68640 70680 1 8 2040
818 71520 73620 13 6 2100
819 73740 76080 6 11 2340
820 76200 77220 11 3 1020
821 77340 79320 3 1 1980
822 29160 30900 0 2 1740
823 31020 33060 2 5 2040
824 33180 34740 5 9 1560
825 37140 38700 9 5 1560
826 38820 40860 5 2 2040
827 40980 42720 2 0 1740
828 42840 43560 0 11 720
829 43680 44700 11 3 1020
830 47940 49500 9 5 1560
831 49620 51660 5 2 2040
832 51780 53520 2 0 1740
833 53640 54360 0 11 720
834 54480 55500 11 3 1020
835 58740 60300 9 5 1560
836 60420 62460 5 2 2040
837 62580 64320 2 0 1740
838 64440 65160 0 11 720
839 65280 66300 11 3 1020
840 69540 71100 9 5 1560
841 71220 73260 5 2 2040
842 73380 75120 2 0 1740
843 75240 75960 0 11 720
844 76080 77100 11 3 1020
845 30240 31980 2 0 1740
846 32100 32820 0 11 720
847 34080 34800 11 0 720
848 34920 36660 0 2 1740
849 36780 39600 2 6 2820
850 41280 42000 11 0 720
851 42120 43860 0 2 1740
852 43980 46800 2 6 2820
853 48480 49200 11 0 720
854 49320 51060 0 2 1740
855 51180 54000 2 6 2820
856 55680 56400 11 0 720
857 56520 58260 0 2 1740
858 58380 61200 2 6 2820
859 62880 63600 11 0 720
860 63720 65460 0 2 1740
861 65580 68400 2 6 2820
862 70080 70800 11 0 720
863 70920 72660 0 2 1740
864 72780 75600 2 6 2820
865 77280 78000 11 0 720
866 78120 79860 0 2 1740
867 32040 32760 11 0 720
868 32880 33660 0 7 780
869 33900 35220 7 12 1320
870 37560 38880 12 7 1320
871 39000 39780 7 0 780
872 39900 40620 0 11 720
873 40740 43080 11 6 2340
874 43200 45300 6 13 2100
875 48360 49680 12 7 1320
876 49800 50580 7 0 780
877 50700 51420 0 11 720
878 51540 53880 11 6 2340
879 54000 56100 6 13 2100
880 59160 60480 12 7 1320
881 60600 61380 7 0 780
882 61500 62220 0 11 720
883 62340 64680 11 6 2340
884 64800 66900 6 13 2100
885 69960 71280 12 7 1320
886 71400 72180 7 0 780
887 72300 73020 0 11 720
888 73140 75480 11 6 2340
889 75600 77700 6 13 2100
890 29520 30960 2 7 1440
891 31080 31860 7 0 780
892 31980 32700 0 11 720
893 32820 33840 11 3 1020
894 33960 36540 3 4 2580
895 39480 42060 4 3 2580
896 42180 43200 3 11 1020
897 43320 44040 11 0 720
898 44160 44940 0 7 780
899 45060 46500 7 2 1440
900 46620 48660 2 5 2040
901 50280 52860 4 3 2580
902 52980 54000 3 11 1020
903 54120 54840 11 0 720
904 54960 55740 0 7 780
905 55860 57300 7 2 1440
906 57420 59460 2 5 2040
907 61080 63660 4 3 2580
908 63780 64800 3 11 1020
909 64920 65640 11 0 720
910 65760 66540 0 7 780
911 66660 68100 7 2 1440
912 68220 70260 2 5 2040
913 71880 74460 4 3 2580
914 74580 75600 3 11 1020
915 75720 76440 11 0 720
916 76560 77340 0 7 780
917 77460 78900 7 2 1440
918 33000 34020 11 3 1020
919 34140 36120 3 1 1980
920 36240 38280 1 8 2040
921 41460 43500 8 1 2040
922 43620 45600 1 3 1980
923 45720 46740 3 11 1020
924 46860 49200 11 6 2340
925 49320 51420 6 13 2100
926 52260 54300 8 1 2040
927 54420 56400 1 3 1980
928 56520 57540 3 11 1020
929 57660 60000 11 6 2340
930 60120 62220 6 13 2100
931 63060 65100 8 1 2040
932 65220 67200 1 3 1980
933 67320 68340 3 11 1020
934 68460 70800 11 6 2340
935 70920 73020 6 13 2100
936 73860 75900 8 1 2040
937 76020 78000 1 3 1980
938 78120 79140 3 11 1020
939 28380 29100 0 11 720
940 29220 31740 11 1 2520
941 31920 33900 1 3 1980
942 34020 36600 3 4 2580
943 37860 40440 4 3 2580
944 40560 42540 3 1 1980
945 42780 45420 1 11 2640
946 45540 46260 11 0 720
947 48660 51240 4 3 2580
948 51360 53340 3 1 1980
949 53580 56220 1 11 2640
950 56340 57060 11 0 720
951 59460 62040 4 3 2580
952 62160 64140 3 1 1980
953 64380 67020 1 11 2640
954 67140 67860 11 0 720
955 70260 72840 4 3 2580
956 72960 74940 3 1 1980
957 75180 77820 1 11 2640
958 77940 78660 11 0 720
959 30600 33360 1 7 2760
960 33480 34260 7 0 780
961 35820 36600 0 7 780
962 36840 39600 7 1 2760
963 39840 41880 1 8 2040
964 43020 43800 0 7 780
965 44040 46800 7 1 2760
966 47040 49080 1 8 2040
967 50220 51000 0 7 780
968 51240 54000 7 1 2760
969 54240 56280 1 8 2040
970 57420 58200 0 7 780
971 58440 61200 7 1 2760
972 61440 63480 1 8 2040
973 64620 65400 0 7 780
974 65640 68400 7 1 2760
975 68640 70680 1 8 2040
976 71820 72600 0 7 780
977 72840 75600 7 1 2760
978 75840 77880 1 8 2040
979 79020 79800 0 7 780
980 80040 82800 7 1 2760
981 83040 85080 1 8 2040
982 30660 32700 1 12 2040
983 32820 34140 12 7 1320
984 34260 35700 7 2 1440
985 35820 37860 2 5 2040
986 37980 39540 5 9 1560
987 40740 42300 9 5 1560
988 42420 44460 5 2 2040
989 44580 46020 2 7 1440
990 46140 47460 7 12 1320
991 47580 49620 12 1 2040
992 49740 51780 1 8 2040
993 55140 56700 9 5 1560
994 56820 58860 5 2 2040
995 58980 60420 2 7 1440
996 60540 61860 7 12 1320
997 61980 64020 12 1 2040
998 64140 66180 1 8 2040
999 69540 71100 9 5 1560
1000 71220 73260 5 2 2040
1001 73380 74820 2 7 1440
1002 74940 76260 7 12 1320
1003 76380 78420 12 1 2040
1004 28620 29400 0 7 780
1005 29640 32400 7 1 2760
1006 32640 34680 1 8 2040
1007 35640 37680 8 1 2040
1008 37800 40560 1 7 2760
1009 40680 41460 7 0 780
1010 42840 44880 8 1 2040
1011 45000 47760 1 7 2760
1012 47880 48660 7 0 780
1013 50040 52080 8 1 2040
1014 52200 54960 1 7 2760
1015 55080 55860 7 0 780
1016 57240 59280 8 1 2040
1017 59400 62160 1 7 2760
1018 62280 63060 7 0 780
1019 64440 66480 8 1 2040
1020 66600 69360 1 7 2760
1021 69480 70260 7 0 780
1022 71640 73680 8 1 2040
1023 73800 76560 1 7 2760
1024 76680 77460 7 0 780
1025 78840 80880 8 1 2040
1026 31380 32400 3 11 1020
1027 32520 33240 11 0 720
1028 33360 34140 0 7 780
1029 34260 35700 7 2 1440
1030 35820 37860 2 5 2040
1031 41760 43800 5 2 2040
1032 43920 45360 2 7 1440
1033 45480 46260 7 0 780
1034 46380 47100 0 11 720
1035 47220 48240 11 3 1020
1036 48360 50940 3 4 2580
1037 52560 54600 5 2 2040
1038 54720 56160 2 7 1440
1039 56280 57060 7 0 780
1040 57180 57900 0 11 720
1041 58020 59040 11 3 1020
1042 59160 61740 3 4 2580
1043 63360 65400 5 2 2040
1044 65520 66960 2 7 1440
1045 67080 67860 7 0 780
1046 67980 68700 0 11 720
1047 68820 69840 11 3 1020
1048 69960 72540 3 4 2580
1049 74160 76200 5 2 2040
1050 76320 77760 2 7 1440
1051 77880 78660 7 0 780
1052 78780 79500 0 11 720
1053 79620 80640 11 3 1020
1054 33840 35880 2 5 2040
1055 36000 38220 5 10 2220
1056 40860 43080 10 5 2220
1057 43200 45240 5 2 2040
1058 45360 48180 2 6 2820
1059 48300 50400 6 13 2100
1060 51660 53880 10 5 2220
1061 54000 56040 5 2 2040
1062 56160 58980 2 6 2820
1063 59100 61200 6 13 2100
1064 62460 64680 10 5 2220
1065 64800 66840 5 2 2040
1066 66960 69780 2 6 2820
1067 69900 72000 6 13 2100
1068 73260 75480 10 5 2220
1069 75600 77640 5 2 2040
1070 32400 33840 2 7 1440
1071 33960 34740 7 0 780
1072 36960 37740 0 7 780
1073 37860 39300 7 2 1440
1074 39420 42840 2 10 3420
1075 33780 35520 2 0 1740
1076 35640 36360 0 11 720
1077 36480 37500 11 3 1020
1078 41580 42600 3 11 1020
1079 42720 43440 11 0 720
1080 43560 45300 0 2 1740
1081 45420 47460 2 5 2040
1082 47580 49140 5 9 1560
1083 52380 53400 3 11 1020
1084 53520 54240 11 0 720
1085 54360 56100 0 2 1740
1086 56220 58260 2 5 2040
1087 58380 59940 5 9 1560
1088 63180 64200 3 11 1020
1089 64320 65040 11 0 720
1090 65160 66900 0 2 1740
1091 67020 69060 2 5 2040
1092 69180 70740 5 9 1560
1093 73980 75000 3 11 1020
1094 75120 75840 11 0 720
1095 75960 77700 0 2 1740
1096 33780 35220 2 7 1440
1097 35340 36660 7 12 1320
1098 36780 38820 12 1 2040
1099 38940 40980 1 8 2040
1100 42900 44940 8 1 2040
1101 45060 47100 1 12 2040
1102 47220 48540 12 7 1320
1103 48660 50100 7 2 1440
1104 50220 52260 2 5 2040
1105 52380 53940 5 9 1560
1106 57300 59340 8 1 2040
1107 59460 61500 1 12 2040
1108 61620 62940 12 7 1320
1109 63060 64500 7 2 1440
1110 64620 66660 2 5 2040
1111 66780 68340 5 9 1560
1112 71700 73740 8 1 2040
1113 73860 75900 1 12 2040
1114 76020 77340 12 7 1320
1115 77460 78900 7 2 1440
1116 34560 37380 2 6 2820
1117 37500 39600 6 13 2100
1118 43080 45180 13 6 2100
1119 45300 48120 6 2 2820
1120 48240 50280 2 5 2040
1121 50400 52620 5 10 2220
1122 53880 55980 13 6 2100
1123 56100 58920 6 2 2820
1124 59040 61080 2 5 2040
1125 61200 63420 5 10 2220
1126 64680 66780 13 6 2100
1127 66900 69720 6 2 2820
1128 69840 71880 2 5 2040
1129 72000 74220 5 10 2220
1130 75480 77580 13 6 2100
1131 30360 31680 12 7 1320
1132 31800 32580 7 0 780
1133 32700 33420 0 11 720
1134 33540 35880 11 6 2340
1135 36000 38100 6 13 2100
1136 41760 43860 13 6 2100
1137 43980 46320 6 11 2340
1138 46440 47160 11 0 720
1139 47280 48060 0 7 780
1140 48300 49620 7 12 1320
1141 52560 54660 13 6 2100
1142 54780 57120 6 11 2340
1143 57240 57960 11 0 720
1144 58080 58860 0 7 780
1145 59100 60420 7 12 1320
1146 63360 65460 13 6 2100
1147 65580 67920 6 11 2340
1148 68040 68760 11 0 720
1149 68880 69660 0 7 780
1150 69900 71220 7 12 1320
1151 74160 76260 13 6 2100
1152 76380 78720 6 11 2340
1153 78840 79560 11 0 720
1154 79680 80460 0 7 780
1155 80700 82020 7 12 1320
1156 33360 35340 3 1 1980
1157 35580 38220 1 11 2640
1158 38340 39060 11 0 720
1159 42780 43500 0 11 720
1160 43620 46140 11 1 2520
1161 46320 48300 1 3 1980
1162 48420 51000 3 4 2580
1163 53580 54300 0 11 720
1164 54420 56940 11 1 2520
1165 57120 59100 1 3 1980
1166 59220 61800 3 4 2580
1167 64380 65100 0 11 720
1168 65220 67740 11 1 2520
1169 67920 69900 1 3 1980
1170 70020 72600 3 4 2580
1171 75180 75900 0 11 720
1172 76020 78540 11 1 2520
1173 78720 80700 1 3 1980
1174 32820 34800 1 3 1980
1175 34920 35940 3 11 1020
1176 36060 38400 11 6 2340
1177 38520 40620 6 13 2100
1178 42720 44820 13 6 2100
1179 44940 47280 6 11 2340
1180 47400 48420 11 3 1020
1181 48540 50520 3 1 1980
1182 50640 52680 1 8 2040
1183 53520 55620 13 6 2100
1184 55740 58080 6 11 2340
1185 58200 59220 11 3 1020
1186 59340 61320 3 1 1980
1187 61440 63480 1 8 2040
1188 64320 66420 13 6 2100
1189 66540 68880 6 11 2340
1190 69000 70020 11 3 1020
1191 70140 72120 3 1 1980
1192 72240 74280 1 8 2040
1193 75120 77220 13 6 2100
1194 77340 79680 6 11 2340
1195 79800 80820 11 3 1020
1196 80940 82920 3 1 1980
1197 83040 85080 1 8 2040
1198 30780 31800 3 11 1020
1199 31920 32640 11 0 720
1200 32760 34500 0 2 1740
1201 34620 36660 2 5 2040
1202 36780 38340 5 9 1560
1203 40740 42300 9 5 1560
1204 42420 44460 5 2 2040
1205 44580 46320 2 0 1740
1206 46440 47160 0 11 720
1207 47280 48300 11 3 1020
1208 51540 53100 9 5 1560
1209 53220 55260 5 2 2040
1210 55380 57120 2 0 1740
1211 57240 57960 0 11 720
1212 58080 59100 11 3 1020
1213 62340 63900 9 5 1560
1214 64020 66060 5 2 2040
1215 66180 67920 2 0 1740
1216 68040 68760 0 11 720
1217 68880 69900 11 3 1020
1218 73140 74700 9 5 1560
1219 74820 76860 5 2 2040
1220 76980 78720 2 0 1740
1221 78840 79560 0 11 720
1222 79680 80700 11 3 1020
1223 33180 35520 6 11 2340
1224 35640 36360 11 0 720
1225 36480 37260 0 7 780
1226 37500 38820 7 12 1320
1227 41160 42480 12 7 1320
1228 42600 43380 7 0 780
1229 43500 44220 0 11 720
1230 44340 46680 11 6 2340
1231 46800 48900 6 13 2100
1232 51960 53280 12 7 1320
1233 53400 54180 7 0 780
1234 54300 55020 0 11 720
1235 55140 57480 11 6 2340
1236 57600 59700 6 13 2100
1237 62760 64080 12 7 1320
1238 64200 64980 7 0 780
1239 65100 65820 0 11 720
1240 65940 68280 11 6 2340
1241 68400 70500 6 13 2100
1242 73560 74880 12 7 1320
1243 75000 75780 7 0 780
1244 75900 76620 0 11 720
1245 76740 79080 11 6 2340
1246 33120 34560 2 7 1440
1247 34680 35460 7 0 780
1248 35580 36300 0 11 720
1249 36420 37440 11 3 1020
1250 37560 40140 3 4 2580
1251 43080 45660 4 3 2580
1252 45780 46800 3 11 1020
1253 46920 47640 11 0 720
1254 47760 48540 0 7 780
1255 48660 50100 7 2 1440
1256 50220 52260 2 5 2040
1257 53880 56460 4 3 2580
1258 56580 57600 3 11 1020
1259 57720 58440 11 0 720
1260 58560 59340 0 7 780
1261 59460 60900 7 2 1440
1262 61020 63060 2 5 2040
1263 64680 67260 4 3 2580
1264 67380 68400 3 11 1020
1265 68520 69240 11 0 720
1266 69360 70140 0 7 780
1267 70260 71700 7 2 1440
1268 71820 73860 2 5 2040
1269 75480 78060 4 3 2580
1270 78180 79200 3 11 1020
1271 79320 80040 11 0 720
1272 80160 80940 0 7 780
1273 34140 36480 6 11 2340
1274 36600 37620 11 3 1020
1275 37740 39720 3 1 1980
1276 39840 41880 1 8 2040
1277 45060 47100 8 1 2040
1278 47220 49200 1 3 1980
1279 49320 50340 3 11 1020
1280 50460 52800 11 6 2340
1281 52920 55020 6 13 2100
1282 55860 57900 8 1 2040
1283 58020 60000 1 3 1980
1284 60120 61140 3 11 1020
1285 61260 63600 11 6 2340
1286 63720 65820 6 13 2100
1287 66660 68700 8 1 2040
1288 68820 70800 1 3 1980
1289 70920 71940 3 11 1020
1290 72060 74400 11 6 2340
1291 74520 76620 6 13 2100
1292 77460 79500 8 1 2040
1293 79620 81600 1 3 1980
1294 81720 82740 3 11 1020
1295 31980 32700 0 11 720
1296 32820 35340 11 1 2520
1297 35520 37500 1 3 1980
1298 37620 40200 3 4 2580
1299 41460 44040 4 3 2580
1300 44160 46140 3 1 1980
1301 46380 49020 1 11 2640
1302 49140 49860 11 0 720
1303 52260 54840 4 3 2580
1304 54960 56940 3 1 1980
1305 57180 59820 1 11 2640
1306 59940 60660 11 0 720
1307 63060 65640 4 3 2580
1308 65760 67740 3 1 1980
1309 67980 70620 1 11 2640
1310 70740 71460 11 0 720
1311 73860 76440 4 3 2580
1312 76560 78540 3 1 1980
1313 78780 81420 1 11 2640
1314 32100 34140 8 1 2040
1315 34260 36300 1 12 2040
1316 36420 37740 12 7 1320
1317 37860 39300 7 2 1440
1318 39420 41460 2 5 2040
1319 41580 43140 5 9 1560
1320 44340 45900 9 5 1560
1321 46020 48060 5 2 2040
1322 48180 49620 2 7 1440
1323 49740 51060 7 12 1320
1324 51180 53220 12 1 2040
1325 53340 55380 1 8 2040
1326 58740 60300 9 5 1560
1327 60420 62460 5 2 2040
1328 62580 64020 2 7 1440
1329 64140 65460 7 12 1320
1330 65580 67620 12 1 2040
1331 67740 69780 1 8 2040
1332 73140 74700 9 5 1560
1333 74820 76860 5 2 2040
1334 76980 78420 2 7 1440
1335 78540 79860 7 12 1320
1336 79980 82020 12 1 2040
1337 82140 84180 1 8 2040
1338 34980 36000 3 11 1020
1339 36120 36840 11 0 720
1340 36960 37740 0 7 780
1341 37860 39300 7 2 1440
1342 39420 41460 2 5 2040
1343 45360 47400 5 2 2040
1344 47520 48960 2 7 1440
1345 49080 49860 7 0 780
1346 49980 50700 0 11 720
1347 50820 51840 11 3 1020
1348 51960 54540 3 4 2580
1349 56160 58200 5 2 2040
1350 58320 59760 2 7 1440
1351 59880 60660 7 0 780
1352 60780 61500 0 11 720
1353 61620 62640 11 3 1020
1354 62760 65340 3 4 2580
1355 66960 69000 5 2 2040
1356 69120 70560 2 7 1440
1357 70680 71460 7 0 780
1358 71580 72300 0 11 720
1359 72420 73440 11 3 1020
1360 73560 76140 3 4 2580
1361 77760 79800 5 2 2040
1362 79920 81360 2 7 1440
1363 34500 37320 6 2 2820
1364 37440 39480 2 5 2040
1365 39600 41820 5 10 2220
1366 44460 46680 10 5 2220
1367 46800 48840 5 2 2040
1368 48960 51780 2 6 2820
1369 51900 54000 6 13 2100
1370 55260 57480 10 5 2220
1371 57600 59640 5 2 2040
1372 59760 62580 2 6 2820
1373 62700 64800 6 13 2100
1374 66060 68280 10 5 2220
1375 68400 70440 5 2 2040
1376 70560 73380 2 6 2820
1377 73500 75600 6 13 2100
1378 32640 34680 1 12 2040
1379 34860 36180 12 7 1320
1380 38340 39660 7 12 1320
1381 39780 41820 12 1 2040
1382 33180 35520 6 11 2340
1383 35640 36660 11 3 1020
1384 37740 38760 3 11 1020
1385 38880 41220 11 6 2340
1386 35220 37260 5 2 2040
1387 37380 38820 2 7 1440
1388 38940 40260 7 12 1320
1389 40380 42420 12 1 2040
1390 42540 44580 1 8 2040
1391 46500 48540 8 1 2040
1392 48660 50700 1 12 2040
1393 50820 52140 12 7 1320
1394 52260 53700 7 2 1440
1395 53820 55860 2 5 2040
1396 55980 57540 5 9 1560
1397 60900 62940 8 1 2040
1398 63060 65100 1 12 2040
1399 65220 66540 12 7 1320
1400 66660 68100 7 2 1440
1401 68220 70260 2 5 2040
1402 70380 71940 5 9 1560
1403 75300 77340 8 1 2040
1404 77460 79500 1 12 2040
1405 79620 80940 12 7 1320
1406 33660 35880 10 5 2220
1407 36000 38040 5 2 2040
1408 38160 40980 2 6 2820
1409 41100 43200 6 13 2100
1410 46680 48780 13 6 2100
1411 48900 51720 6 2 2820
1412 51840 53880 2 5 2040
1413 54000 56220 5 10 2220
1414 34260 36300 8 1 2040
1415 36420 38400 1 3 1980
1416 38520 39540 3 11 1020
1417 39660 42000 11 6 2340
1418 42120 44220 6 13 2100
1419 46320 48420 13 6 2100
1420 48540 50880 6 11 2340
1421 51000 52020 11 3 1020
1422 52140 54120 3 1 1980
1423 54240 56280 1 8 2040
1424 34560 36600 5 2 2040
1425 36720 38160 2 7 1440
1426 38280 39060 7 0 780
1427 39180 39900 0 11 720
1428 40020 41040 11 3 1020
1429 41160 43740 3 4 2580
1430 46680 49260 4 3 2580
1431 49380 50400 3 11 1020
1432 50520 51240 11 0 720
1433 51360 52140 0 7 780
1434 52260 53700 7 2 1440
1435 53820 55860 2 5 2040
1436 39840 41880 1 12 2040
1437 42060 43380 12 7 1320
1438 45540 46860 7 12 1320
1439 46980 49020 12 1 2040
1440 40380 42720 6 11 2340
1441 42840 43860 11 3 1020
1442 44940 45960 3 11 1020
1443 46080 48420 11 6 2340
1444 47040 49080 1 12 2040
1445 49260 50580 12 7 1320
1446 52740 54060 7 12 1320
1447 54180 56220 12 1 2040
1448 47580 49920 6 11 2340
1449 50040 51060 11 3 1020
1450 52140 53160 3 11 1020
1451 53280 55620 11 6 2340
1452 47940 49500 9 5 1560
1453 49620 51660 5 2 2040
1454 51780 53220 2 7 1440
1455 53340 54660 7 12 1320
1456 54780 56820 12 1 2040
1457 56940 58980 1 8 2040
1458 60900 62940 8 1 2040
1459 63060 65100 1 12 2040
1460 65220 66540 12 7 1320
1461 66660 68100 7 2 1440
1462 68220 70260 2 5 2040
1463 70380 71940 5 9 1560
1464 54240 56280 1 12 2040
1465 56460 57780 12 7 1320
1466 59940 61260 7 12 1320
1467 61380 63420 12 1 2040
1468 54780 57120 6 11 2340
1469 57240 58260 11 3 1020
1470 59340 60360 3 11 1020
1471 60480 62820 11 6 2340
1472 61440 63480 1 12 2040
1473 63660 64980 12 7 1320
1474 67140 68460 7 12 1320
1475 68580 70620 12 1 2040
1476 61980 64320 6 11 2340
1477 64440 65460 11 3 1020
1478 66540 67560 3 11 1020
1479 67680 70020 11 6 2340
1480 62340 63900 9 5 1560
1481 64020 66060 5 2 2040
1482 66180 67620 2 7 1440
1483 67740 69060 7 12 1320
1484 69180 71220 12 1 2040
1485 71340 73380 1 8 2040
1486 75300 77340 8 1 2040
1487 77460 79500 1 12 2040
1488 79620 80940 12 7 1320
1489 68640 70680 1 12 2040
1490 70860 72180 12 7 1320
1491 74340 75660 7 12 1320
1492 75780 77820 12 1 2040
1493 69180 71520 6 11 2340
1494 71640 72660 11 3 1020
1495 73740 74760 3 11 1020
1496 74880 77220 11 6 2340
1497 75840 77880 1 12 2040
1498 78060 79380 12 7 1320
1499 81540 82860 7 12 1320
1500 82980 85020 12 1 2040
1501 76380 78720 6 11 2340
1502 78840 79860 11 3 1020
1503 80940 81960 3 11 1020
1504 76740 78300 9 5 1560
1505 78420 80460 5 2 2040
1506 80580 82020 2 7 1440
1507 82140 83460 7 12 1320
1508 83580 85620 12 1 2040
1509 85740 87780 1 8 2040
1510 89700 91740 8 1 2040
