0 11 12
0 7 13
3 11 17
7 12 22
2 7 24
5 9 26
6 13 35
5 10 37
11 0 12
7 0 13
11 3 17
12 7 22
7 2 24
9 5 26
13 6 35
10 5 37
2 6 47
6 2 47
0 2 29
2 0 29
1 7 46
7 1 46
1 14 13
14 1 13
12 14 19
14 12 19
2 15 17
15 2 17
3 16 8
16 3 8
11 17 11
17 11 11
0 18 14
18 0 14
11 19 6
19 11 6
6 19 31
19 6 31
4 20 18
20 4 18
16 20 13
20 16 13
2 21 11
21 2 11
10 22 13
22 10 13
15 22 23
22 15 23
1 23 25
23 1 25
3 23 6
23 3 6
5 24 9
24 5 9
21 24 10
24 21 10
6 25 12
25 6 12
18 25 11
25 18 11
1 26 19
26 1 19
17 26 8
26 17 8
1 27 26
27 1 26
8 27 6
27 8 6
