0 SOURCE 0 14 -1 -1 3540 32340
1 SOURCE 0 42 -1 -1 3540 32340
2 SOURCE 0 0 -1 -1 1980 30780
3 SOURCE 0 70 -1 -1 3540 32340
4 SOURCE 0 28 -1 -1 1980 30780
5 SOURCE 0 98 -1 -1 3540 32340
6 SOURCE 0 56 -1 -1 1980 30780
7 SOURCE 0 126 -1 -1 3540 32340
8 SOURCE 0 84 -1 -1 1980 30780
9 SOURCE 0 154 -1 -1 3540 32340
10 SOURCE 0 112 -1 -1 1980 30780
11 SOURCE 0 2 -1 -1 3540 32340
12 SOURCE 0 140 -1 -1 1980 30780
13 SOURCE 0 30 -1 -1 3540 32340
14 SOURCE 0 16 -1 -1 1980 30780
15 SOURCE 0 58 -1 -1 3540 32340
16 SOURCE 0 44 -1 -1 1980 30780
17 SOURCE 0 86 -1 -1 3540 32340
18 SOURCE 0 72 -1 -1 1980 30780
19 SOURCE 0 114 -1 -1 3540 32340
20 SOURCE 0 100 -1 -1 1980 30780
21 SOURCE 0 142 -1 -1 3540 32340
22 SOURCE 0 128 -1 -1 1980 30780
23 SOURCE 0 4 -1 -1 3540 32340
24 SOURCE 0 156 -1 -1 1980 30780
25 SOURCE 0 32 -1 -1 3540 32340
26 SOURCE 0 18 -1 -1 1980 30780
27 SOURCE 0 60 -1 -1 3540 32340
28 SOURCE 0 46 -1 -1 1980 30780
29 SOURCE 0 88 -1 -1 3540 32340
30 SOURCE 0 74 -1 -1 1980 30780
31 SOURCE 0 116 -1 -1 3540 32340
32 SOURCE 0 102 -1 -1 1980 30780
33 SOURCE 0 144 -1 -1 3540 32340
34 SOURCE 0 130 -1 -1 1980 30780
35 SOURCE 0 6 -1 -1 3540 32340
36 SOURCE 0 158 -1 -1 1980 30780
37 SOURCE 0 34 -1 -1 3540 32340
38 SOURCE 0 20 -1 -1 1980 30780
39 SOURCE 0 62 -1 -1 3540 32340
40 SOURCE 0 48 -1 -1 1980 30780
41 SOURCE 0 90 -1 -1 3540 32340
42 SOURCE 0 76 -1 -1 1980 30780
43 SOURCE 0 118 -1 -1 3540 32340
44 SOURCE 0 104 -1 -1 1980 30780
45 SOURCE 0 146 -1 -1 3540 32340
46 SOURCE 0 132 -1 -1 1980 30780
47 SOURCE 0 8 -1 -1 3540 32340
48 SOURCE 0 160 -1 -1 1980 30780
49 SOURCE 0 36 -1 -1 3540 32340
50 SOURCE 0 22 -1 -1 1980 30780
51 SOURCE 0 64 -1 -1 3540 32340
52 SOURCE 0 50 -1 -1 1980 30780
53 SOURCE 0 92 -1 -1 3540 32340
54 SOURCE 0 78 -1 -1 1980 30780
55 SOURCE 0 120 -1 -1 3540 32340
56 SOURCE 0 106 -1 -1 1980 30780
57 SOURCE 0 148 -1 -1 3540 32340
58 SOURCE 0 134 -1 -1 1980 30780
59 SOURCE 0 10 -1 -1 3540 32340
60 SOURCE 0 162 -1 -1 1980 30780
61 SOURCE 0 38 -1 -1 3540 32340
62 SOURCE 0 24 -1 -1 1980 30780
63 SOURCE 0 66 -1 -1 3540 32340
64 SOURCE 0 52 -1 -1 1980 30780
65 SOURCE 0 94 -1 -1 3540 32340
66 SOURCE 0 80 -1 -1 1980 30780
67 SOURCE 0 122 -1 -1 3540 32340
68 SOURCE 0 108 -1 -1 1980 30780
69 SOURCE 0 150 -1 -1 3540 32340
70 SOURCE 0 136 -1 -1 1980 30780
71 SOURCE 0 12 -1 -1 3540 32340
72 SOURCE 0 164 -1 -1 1980 30780
73 SOURCE 0 40 -1 -1 3540 32340
74 SOURCE 0 26 -1 -1 1980 30780
75 SOURCE 0 68 -1 -1 3540 32340
76 SOURCE 0 54 -1 -1 1980 30780
77 SOURCE 0 96 -1 -1 3540 32340
78 SOURCE 0 82 -1 -1 1980 30780
79 SOURCE 0 124 -1 -1 3540 32340
80 SOURCE 0 110 -1 -1 1980 30780
81 SOURCE 0 152 -1 -1 3540 32340
82 SOURCE 0 138 -1 -1 1980 30780
83 SOURCE 0 166 -1 -1 1980 30780
84 CONNECTION 14 15 -1 -1 5040 5040
85 CONNECTION 14 43 -1 -1 6240 6240
86 CONNECTION 14 71 300 5340 7440 7440
87 CONNECTION 14 99 300 6540 8640 8640
88 CONNECTION 14 127 300 7740 9840 9840
89 CONNECTION 42 43 -1 -1 5040 5040
90 CONNECTION 42 71 -1 -1 6240 6240
91 CONNECTION 42 99 300 5340 7440 7440
92 CONNECTION 42 127 300 6540 8640 8640
93 CONNECTION 42 155 300 7740 9840 9840
94 CONNECTION 0 1 -1 -1 3600 3600
95 CONNECTION 0 29 -1 -1 4800 4800
96 CONNECTION 0 57 300 3900 6000 6000
97 CONNECTION 0 85 300 5100 7200 7200
98 CONNECTION 0 113 300 6300 8400 8400
99 CONNECTION 70 71 -1 -1 5040 5040
100 CONNECTION 70 99 -1 -1 6240 6240
101 CONNECTION 70 127 300 5340 7440 7440
102 CONNECTION 70 155 300 6540 8640 8640
103 CONNECTION 70 17 300 7740 9840 9840
104 CONNECTION 28 29 -1 -1 3600 3600
105 CONNECTION 28 57 -1 -1 4800 4800
106 CONNECTION 28 85 300 3900 6000 6000
107 CONNECTION 28 113 300 5100 7200 7200
108 CONNECTION 28 141 300 6300 8400 8400
109 CONNECTION 98 99 -1 -1 5040 5040
110 CONNECTION 98 127 -1 -1 6240 6240
111 CONNECTION 98 155 300 5340 7440 7440
112 CONNECTION 98 17 300 6540 8640 8640
113 CONNECTION 98 45 300 7740 9840 9840
114 CONNECTION 56 57 -1 -1 3600 3600
115 CONNECTION 56 85 -1 -1 4800 4800
116 CONNECTION 56 113 300 3900 6000 6000
117 CONNECTION 56 141 300 5100 7200 7200
118 CONNECTION 56 3 300 6300 8400 8400
119 CONNECTION 126 127 -1 -1 5040 5040
120 CONNECTION 126 155 -1 -1 6240 6240
121 CONNECTION 126 17 300 5340 7440 7440
122 CONNECTION 126 45 300 6540 8640 8640
123 CONNECTION 126 73 300 7740 9840 9840
124 CONNECTION 15 16 -1 -1 2100 2100
125 CONNECTION 15 58 -1 -1 4560 4560
126 CONNECTION 15 44 -1 -1 3300 3300
127 CONNECTION 15 86 -1 -1 5760 5760
128 CONNECTION 15 72 -1 -1 4500 4500
129 CONNECTION 15 114 300 4860 6960 6960
130 CONNECTION 15 100 300 3600 5700 5700
131 CONNECTION 15 142 300 6060 8160 8160
132 CONNECTION 15 128 300 4800 6900 6900
133 CONNECTION 15 4 300 7260 9360 9360
134 CONNECTION 15 156 300 6000 8100 8100
135 CONNECTION 15 32 300 8460 10560 10560
136 SINK 15 0 -1 -1 0 0
137 CONNECTION 1 2 -1 -1 3660 3660
138 CONNECTION 1 30 -1 -1 4860 4860
139 CONNECTION 1 16 -1 -1 3600 3600
140 CONNECTION 1 58 -1 -1 6060 6060
141 CONNECTION 1 44 -1 -1 4800 4800
142 CONNECTION 1 86 300 5160 7260 7260
143 CONNECTION 1 72 300 3900 6000 6000
144 CONNECTION 1 114 300 6360 8460 8460
145 CONNECTION 1 100 300 5100 7200 7200
146 CONNECTION 1 142 300 7560 9660 9660
147 CONNECTION 1 128 300 6300 8400 8400
148 SINK 1 0 -1 -1 0 0
149 CONNECTION 84 85 -1 -1 3600 3600
150 CONNECTION 84 113 -1 -1 4800 4800
151 CONNECTION 84 141 300 3900 6000 6000
152 CONNECTION 84 3 300 5100 7200 7200
153 CONNECTION 84 31 300 6300 8400 8400
154 CONNECTION 154 155 -1 -1 5040 5040
155 CONNECTION 154 17 -1 -1 6240 6240
156 CONNECTION 154 45 300 5340 7440 7440
157 CONNECTION 154 73 300 6540 8640 8640
158 CONNECTION 154 101 300 7740 9840 9840
159 CONNECTION 43 44 -1 -1 2100 2100
160 CONNECTION 43 86 -1 -1 4560 4560
161 CONNECTION 43 72 -1 -1 3300 3300
162 CONNECTION 43 114 -1 -1 5760 5760
163 CONNECTION 43 100 -1 -1 4500 4500
164 CONNECTION 43 142 300 4860 6960 6960
165 CONNECTION 43 128 300 3600 5700 5700
166 CONNECTION 43 4 300 6060 8160 8160
167 CONNECTION 43 156 300 4800 6900 6900
168 CONNECTION 43 32 300 7260 9360 9360
169 CONNECTION 43 18 300 6000 8100 8100
170 CONNECTION 43 60 300 8460 10560 10560
171 SINK 43 0 -1 -1 0 0
172 CONNECTION 29 30 -1 -1 3660 3660
173 CONNECTION 29 58 -1 -1 4860 4860
174 CONNECTION 29 44 -1 -1 3600 3600
175 CONNECTION 29 86 -1 -1 6060 6060
176 CONNECTION 29 72 -1 -1 4800 4800
177 CONNECTION 29 114 300 5160 7260 7260
178 CONNECTION 29 100 300 3900 6000 6000
179 CONNECTION 29 142 300 6360 8460 8460
180 CONNECTION 29 128 300 5100 7200 7200
181 CONNECTION 29 4 300 7560 9660 9660
182 CONNECTION 29 156 300 6300 8400 8400
183 SINK 29 0 -1 -1 0 0
184 CONNECTION 112 113 -1 -1 3600 3600
185 CONNECTION 112 141 -1 -1 4800 4800
186 CONNECTION 112 3 300 3900 6000 6000
187 CONNECTION 112 31 300 5100 7200 7200
188 CONNECTION 112 59 300 6300 8400 8400
189 CONNECTION 2 17 -1 -1 5040 5040
190 CONNECTION 2 45 -1 -1 6240 6240
191 CONNECTION 2 73 300 5340 7440 7440
192 CONNECTION 2 101 300 6540 8640 8640
193 CONNECTION 2 129 300 7740 9840 9840
194 CONNECTION 71 72 -1 -1 2100 2100
195 CONNECTION 71 114 -1 -1 4560 4560
196 CONNECTION 71 100 -1 -1 3300 3300
197 CONNECTION 71 142 -1 -1 5760 5760
198 CONNECTION 71 128 -1 -1 4500 4500
199 CONNECTION 71 4 300 4860 6960 6960
200 CONNECTION 71 156 300 3600 5700 5700
201 CONNECTION 71 32 300 6060 8160 8160
202 CONNECTION 71 18 300 4800 6900 6900
203 CONNECTION 71 60 300 7260 9360 9360
204 CONNECTION 71 46 300 6000 8100 8100
205 CONNECTION 71 88 300 8460 10560 10560
206 SINK 71 0 -1 -1 0 0
207 CONNECTION 57 58 -1 -1 3660 3660
208 CONNECTION 57 86 -1 -1 4860 4860
209 CONNECTION 57 72 -1 -1 3600 3600
210 CONNECTION 57 114 -1 -1 6060 6060
211 CONNECTION 57 100 -1 -1 4800 4800
212 CONNECTION 57 142 300 5160 7260 7260
213 CONNECTION 57 128 300 3900 6000 6000
214 CONNECTION 57 4 300 6360 8460 8460
215 CONNECTION 57 156 300 5100 7200 7200
216 CONNECTION 57 32 300 7560 9660 9660
217 CONNECTION 57 18 300 6300 8400 8400
218 SINK 57 0 -1 -1 0 0
219 CONNECTION 140 141 -1 -1 3600 3600
220 CONNECTION 140 3 -1 -1 4800 4800
221 CONNECTION 140 31 300 3900 6000 6000
222 CONNECTION 140 59 300 5100 7200 7200
223 CONNECTION 140 87 300 6300 8400 8400
224 CONNECTION 30 45 -1 -1 5040 5040
225 CONNECTION 30 73 -1 -1 6240 6240
226 CONNECTION 30 101 300 5340 7440 7440
227 CONNECTION 30 129 300 6540 8640 8640
228 CONNECTION 30 157 300 7740 9840 9840
229 CONNECTION 99 100 -1 -1 2100 2100
230 CONNECTION 99 142 -1 -1 4560 4560
231 CONNECTION 99 128 -1 -1 3300 3300
232 CONNECTION 99 4 -1 -1 5760 5760
233 CONNECTION 99 156 -1 -1 4500 4500
234 CONNECTION 99 32 300 4860 6960 6960
235 CONNECTION 99 18 300 3600 5700 5700
236 CONNECTION 99 60 300 6060 8160 8160
237 CONNECTION 99 46 300 4800 6900 6900
238 CONNECTION 99 88 300 7260 9360 9360
239 CONNECTION 99 74 300 6000 8100 8100
240 CONNECTION 99 116 300 8460 10560 10560
241 SINK 99 0 -1 -1 0 0
242 CONNECTION 16 3 -1 -1 3600 3600
243 CONNECTION 16 31 -1 -1 4800 4800
244 CONNECTION 16 59 300 3900 6000 6000
245 CONNECTION 16 87 300 5100 7200 7200
246 CONNECTION 16 115 300 6300 8400 8400
247 CONNECTION 85 86 -1 -1 3660 3660
248 CONNECTION 85 114 -1 -1 4860 4860
249 CONNECTION 85 100 -1 -1 3600 3600
250 CONNECTION 85 142 -1 -1 6060 6060
251 CONNECTION 85 128 -1 -1 4800 4800
252 CONNECTION 85 4 300 5160 7260 7260
253 CONNECTION 85 156 300 3900 6000 6000
254 CONNECTION 85 32 300 6360 8460 8460
255 CONNECTION 85 18 300 5100 7200 7200
256 CONNECTION 85 60 300 7560 9660 9660
257 CONNECTION 85 46 300 6300 8400 8400
258 SINK 85 0 -1 -1 0 0
259 CONNECTION 58 73 -1 -1 5040 5040
260 CONNECTION 58 101 -1 -1 6240 6240
261 CONNECTION 58 129 300 5340 7440 7440
262 CONNECTION 58 157 300 6540 8640 8640
263 CONNECTION 58 19 300 7740 9840 9840
264 CONNECTION 127 128 -1 -1 2100 2100
265 CONNECTION 127 4 -1 -1 4560 4560
266 CONNECTION 127 156 -1 -1 3300 3300
267 CONNECTION 127 32 -1 -1 5760 5760
268 CONNECTION 127 18 -1 -1 4500 4500
269 CONNECTION 127 60 300 4860 6960 6960
270 CONNECTION 127 46 300 3600 5700 5700
271 CONNECTION 127 88 300 6060 8160 8160
272 CONNECTION 127 74 300 4800 6900 6900
273 CONNECTION 127 116 300 7260 9360 9360
274 CONNECTION 127 102 300 6000 8100 8100
275 CONNECTION 127 144 300 8460 10560 10560
276 SINK 127 0 -1 -1 0 0
277 CONNECTION 44 31 -1 -1 3600 3600
278 CONNECTION 44 59 -1 -1 4800 4800
279 CONNECTION 44 87 300 3900 6000 6000
280 CONNECTION 44 115 300 5100 7200 7200
281 CONNECTION 44 143 300 6300 8400 8400
282 CONNECTION 113 114 -1 -1 3660 3660
283 CONNECTION 113 142 -1 -1 4860 4860
284 CONNECTION 113 128 -1 -1 3600 3600
285 CONNECTION 113 4 -1 -1 6060 6060
286 CONNECTION 113 156 -1 -1 4800 4800
287 CONNECTION 113 32 300 5160 7260 7260
288 CONNECTION 113 18 300 3900 6000 6000
289 CONNECTION 113 60 300 6360 8460 8460
290 CONNECTION 113 46 300 5100 7200 7200
291 CONNECTION 113 88 300 7560 9660 9660
292 CONNECTION 113 74 300 6300 8400 8400
293 SINK 113 0 -1 -1 0 0
294 CONNECTION 86 101 -1 -1 5040 5040
295 CONNECTION 86 129 -1 -1 6240 6240
296 CONNECTION 86 157 300 5340 7440 7440
297 CONNECTION 86 19 300 6540 8640 8640
298 CONNECTION 86 47 300 7740 9840 9840
299 CONNECTION 155 156 -1 -1 2100 2100
300 CONNECTION 155 32 -1 -1 4560 4560
301 CONNECTION 155 18 -1 -1 3300 3300
302 CONNECTION 155 60 -1 -1 5760 5760
303 CONNECTION 155 46 -1 -1 4500 4500
304 CONNECTION 155 88 300 4860 6960 6960
305 CONNECTION 155 74 300 3600 5700 5700
306 CONNECTION 155 116 300 6060 8160 8160
307 CONNECTION 155 102 300 4800 6900 6900
308 CONNECTION 155 144 300 7260 9360 9360
309 CONNECTION 155 130 300 6000 8100 8100
310 CONNECTION 155 6 300 8460 10560 10560
311 SINK 155 0 -1 -1 0 0
312 CONNECTION 72 59 -1 -1 3600 3600
313 CONNECTION 72 87 -1 -1 4800 4800
314 CONNECTION 72 115 300 3900 6000 6000
315 CONNECTION 72 143 300 5100 7200 7200
316 CONNECTION 72 5 300 6300 8400 8400
317 CONNECTION 141 142 -1 -1 3660 3660
318 CONNECTION 141 4 -1 -1 4860 4860
319 CONNECTION 141 156 -1 -1 3600 3600
320 CONNECTION 141 32 -1 -1 6060 6060
321 CONNECTION 141 18 -1 -1 4800 4800
322 CONNECTION 141 60 300 5160 7260 7260
323 CONNECTION 141 46 300 3900 6000 6000
324 CONNECTION 141 88 300 6360 8460 8460
325 CONNECTION 141 74 300 5100 7200 7200
326 CONNECTION 141 116 300 7560 9660 9660
327 CONNECTION 141 102 300 6300 8400 8400
328 SINK 141 0 -1 -1 0 0
329 CONNECTION 114 129 -1 -1 5040 5040
330 CONNECTION 114 157 -1 -1 6240 6240
331 CONNECTION 114 19 300 5340 7440 7440
332 CONNECTION 114 47 300 6540 8640 8640
333 CONNECTION 114 75 300 7740 9840 9840
334 CONNECTION 17 18 -1 -1 2100 2100
335 CONNECTION 17 60 -1 -1 4560 4560
336 CONNECTION 17 46 -1 -1 3300 3300
337 CONNECTION 17 88 -1 -1 5760 5760
338 CONNECTION 17 74 -1 -1 4500 4500
339 CONNECTION 17 116 300 4860 6960 6960
340 CONNECTION 17 102 300 3600 5700 5700
341 CONNECTION 17 144 300 6060 8160 8160
342 CONNECTION 17 130 300 4800 6900 6900
343 CONNECTION 17 6 300 7260 9360 9360
344 CONNECTION 17 158 300 6000 8100 8100
345 CONNECTION 17 34 300 8460 10560 10560
346 SINK 17 0 -1 -1 0 0
347 CONNECTION 3 4 -1 -1 3660 3660
348 CONNECTION 3 32 -1 -1 4860 4860
349 CONNECTION 3 18 -1 -1 3600 3600
350 CONNECTION 3 60 -1 -1 6060 6060
351 CONNECTION 3 46 -1 -1 4800 4800
352 CONNECTION 3 88 300 5160 7260 7260
353 CONNECTION 3 74 300 3900 6000 6000
354 CONNECTION 3 116 300 6360 8460 8460
355 CONNECTION 3 102 300 5100 7200 7200
356 CONNECTION 3 144 300 7560 9660 9660
357 CONNECTION 3 130 300 6300 8400 8400
358 SINK 3 0 -1 -1 0 0
359 CONNECTION 100 87 -1 -1 3600 3600
360 CONNECTION 100 115 -1 -1 4800 4800
361 CONNECTION 100 143 300 3900 6000 6000
362 CONNECTION 100 5 300 5100 7200 7200
363 CONNECTION 100 33 300 6300 8400 8400
364 CONNECTION 142 157 -1 -1 5040 5040
365 CONNECTION 142 19 -1 -1 6240 6240
366 CONNECTION 142 47 300 5340 7440 7440
367 CONNECTION 142 75 300 6540 8640 8640
368 CONNECTION 142 103 300 7740 9840 9840
369 CONNECTION 45 46 -1 -1 2100 2100
370 CONNECTION 45 88 -1 -1 4560 4560
371 CONNECTION 45 74 -1 -1 3300 3300
372 CONNECTION 45 116 -1 -1 5760 5760
373 CONNECTION 45 102 -1 -1 4500 4500
374 CONNECTION 45 144 300 4860 6960 6960
375 CONNECTION 45 130 300 3600 5700 5700
376 CONNECTION 45 6 300 6060 8160 8160
377 CONNECTION 45 158 300 4800 6900 6900
378 CONNECTION 45 34 300 7260 9360 9360
379 CONNECTION 45 20 300 6000 8100 8100
380 CONNECTION 45 62 300 8460 10560 10560
381 SINK 45 0 -1 -1 0 0
382 CONNECTION 31 32 -1 -1 3660 3660
383 CONNECTION 31 60 -1 -1 4860 4860
384 CONNECTION 31 46 -1 -1 3600 3600
385 CONNECTION 31 88 -1 -1 6060 6060
386 CONNECTION 31 74 -1 -1 4800 4800
387 CONNECTION 31 116 300 5160 7260 7260
388 CONNECTION 31 102 300 3900 6000 6000
389 CONNECTION 31 144 300 6360 8460 8460
390 CONNECTION 31 130 300 5100 7200 7200
391 CONNECTION 31 6 300 7560 9660 9660
392 CONNECTION 31 158 300 6300 8400 8400
393 SINK 31 0 -1 -1 0 0
394 CONNECTION 128 115 -1 -1 3600 3600
395 CONNECTION 128 143 -1 -1 4800 4800
396 CONNECTION 128 5 300 3900 6000 6000
397 CONNECTION 128 33 300 5100 7200 7200
398 CONNECTION 128 61 300 6300 8400 8400
399 CONNECTION 4 19 -1 -1 5040 5040
400 CONNECTION 4 47 -1 -1 6240 6240
401 CONNECTION 4 75 300 5340 7440 7440
402 CONNECTION 4 103 300 6540 8640 8640
403 CONNECTION 4 131 300 7740 9840 9840
404 CONNECTION 73 74 -1 -1 2100 2100
405 CONNECTION 73 116 -1 -1 4560 4560
406 CONNECTION 73 102 -1 -1 3300 3300
407 CONNECTION 73 144 -1 -1 5760 5760
408 CONNECTION 73 130 -1 -1 4500 4500
409 CONNECTION 73 6 300 4860 6960 6960
410 CONNECTION 73 158 300 3600 5700 5700
411 CONNECTION 73 34 300 6060 8160 8160
412 CONNECTION 73 20 300 4800 6900 6900
413 CONNECTION 73 62 300 7260 9360 9360
414 CONNECTION 73 48 300 6000 8100 8100
415 CONNECTION 73 90 300 8460 10560 10560
416 SINK 73 0 -1 -1 0 0
417 CONNECTION 59 60 -1 -1 3660 3660
418 CONNECTION 59 88 -1 -1 4860 4860
419 CONNECTION 59 74 -1 -1 3600 3600
420 CONNECTION 59 116 -1 -1 6060 6060
421 CONNECTION 59 102 -1 -1 4800 4800
422 CONNECTION 59 144 300 5160 7260 7260
423 CONNECTION 59 130 300 3900 6000 6000
424 CONNECTION 59 6 300 6360 8460 8460
425 CONNECTION 59 158 300 5100 7200 7200
426 CONNECTION 59 34 300 7560 9660 9660
427 CONNECTION 59 20 300 6300 8400 8400
428 SINK 59 0 -1 -1 0 0
429 CONNECTION 156 143 -1 -1 3600 3600
430 CONNECTION 156 5 -1 -1 4800 4800
431 CONNECTION 156 33 300 3900 6000 6000
432 CONNECTION 156 61 300 5100 7200 7200
433 CONNECTION 156 89 300 6300 8400 8400
434 CONNECTION 32 47 -1 -1 5040 5040
435 CONNECTION 32 75 -1 -1 6240 6240
436 CONNECTION 32 103 300 5340 7440 7440
437 CONNECTION 32 131 300 6540 8640 8640
438 CONNECTION 32 159 300 7740 9840 9840
439 CONNECTION 101 102 -1 -1 2100 2100
440 CONNECTION 101 144 -1 -1 4560 4560
441 CONNECTION 101 130 -1 -1 3300 3300
442 CONNECTION 101 6 -1 -1 5760 5760
443 CONNECTION 101 158 -1 -1 4500 4500
444 CONNECTION 101 34 300 4860 6960 6960
445 CONNECTION 101 20 300 3600 5700 5700
446 CONNECTION 101 62 300 6060 8160 8160
447 CONNECTION 101 48 300 4800 6900 6900
448 CONNECTION 101 90 300 7260 9360 9360
449 CONNECTION 101 76 300 6000 8100 8100
450 CONNECTION 101 118 300 8460 10560 10560
451 SINK 101 0 -1 -1 0 0
452 CONNECTION 18 5 -1 -1 3600 3600
453 CONNECTION 18 33 -1 -1 4800 4800
454 CONNECTION 18 61 300 3900 6000 6000
455 CONNECTION 18 89 300 5100 7200 7200
456 CONNECTION 18 117 300 6300 8400 8400
457 CONNECTION 87 88 -1 -1 3660 3660
458 CONNECTION 87 116 -1 -1 4860 4860
459 CONNECTION 87 102 -1 -1 3600 3600
460 CONNECTION 87 144 -1 -1 6060 6060
461 CONNECTION 87 130 -1 -1 4800 4800
462 CONNECTION 87 6 300 5160 7260 7260
463 CONNECTION 87 158 300 3900 6000 6000
464 CONNECTION 87 34 300 6360 8460 8460
465 CONNECTION 87 20 300 5100 7200 7200
466 CONNECTION 87 62 300 7560 9660 9660
467 CONNECTION 87 48 300 6300 8400 8400
468 SINK 87 0 -1 -1 0 0
469 CONNECTION 60 75 -1 -1 5040 5040
470 CONNECTION 60 103 -1 -1 6240 6240
471 CONNECTION 60 131 300 5340 7440 7440
472 CONNECTION 60 159 300 6540 8640 8640
473 CONNECTION 60 21 300 7740 9840 9840
474 CONNECTION 129 130 -1 -1 2100 2100
475 CONNECTION 129 6 -1 -1 4560 4560
476 CONNECTION 129 158 -1 -1 3300 3300
477 CONNECTION 129 34 -1 -1 5760 5760
478 CONNECTION 129 20 -1 -1 4500 4500
479 CONNECTION 129 62 300 4860 6960 6960
480 CONNECTION 129 48 300 3600 5700 5700
481 CONNECTION 129 90 300 6060 8160 8160
482 CONNECTION 129 76 300 4800 6900 6900
483 CONNECTION 129 118 300 7260 9360 9360
484 CONNECTION 129 104 300 6000 8100 8100
485 CONNECTION 129 146 300 8460 10560 10560
486 SINK 129 0 -1 -1 0 0
487 CONNECTION 46 33 -1 -1 3600 3600
488 CONNECTION 46 61 -1 -1 4800 4800
489 CONNECTION 46 89 300 3900 6000 6000
490 CONNECTION 46 117 300 5100 7200 7200
491 CONNECTION 46 145 300 6300 8400 8400
492 CONNECTION 115 116 -1 -1 3660 3660
493 CONNECTION 115 144 -1 -1 4860 4860
494 CONNECTION 115 130 -1 -1 3600 3600
495 CONNECTION 115 6 -1 -1 6060 6060
496 CONNECTION 115 158 -1 -1 4800 4800
497 CONNECTION 115 34 300 5160 7260 7260
498 CONNECTION 115 20 300 3900 6000 6000
499 CONNECTION 115 62 300 6360 8460 8460
500 CONNECTION 115 48 300 5100 7200 7200
501 CONNECTION 115 90 300 7560 9660 9660
502 CONNECTION 115 76 300 6300 8400 8400
503 SINK 115 0 -1 -1 0 0
504 CONNECTION 88 103 -1 -1 5040 5040
505 CONNECTION 88 131 -1 -1 6240 6240
506 CONNECTION 88 159 300 5340 7440 7440
507 CONNECTION 88 21 300 6540 8640 8640
508 CONNECTION 88 49 300 7740 9840 9840
509 CONNECTION 157 158 -1 -1 2100 2100
510 CONNECTION 157 34 -1 -1 4560 4560
511 CONNECTION 157 20 -1 -1 3300 3300
512 CONNECTION 157 62 -1 -1 5760 5760
513 CONNECTION 157 48 -1 -1 4500 4500
514 CONNECTION 157 90 300 4860 6960 6960
515 CONNECTION 157 76 300 3600 5700 5700
516 CONNECTION 157 118 300 6060 8160 8160
517 CONNECTION 157 104 300 4800 6900 6900
518 CONNECTION 157 146 300 7260 9360 9360
519 CONNECTION 157 132 300 6000 8100 8100
520 CONNECTION 157 8 300 8460 10560 10560
521 SINK 157 0 -1 -1 0 0
522 CONNECTION 74 61 -1 -1 3600 3600
523 CONNECTION 74 89 -1 -1 4800 4800
524 CONNECTION 74 117 300 3900 6000 6000
525 CONNECTION 74 145 300 5100 7200 7200
526 CONNECTION 74 7 300 6300 8400 8400
527 CONNECTION 143 144 -1 -1 3660 3660
528 CONNECTION 143 6 -1 -1 4860 4860
529 CONNECTION 143 158 -1 -1 3600 3600
530 CONNECTION 143 34 -1 -1 6060 6060
531 CONNECTION 143 20 -1 -1 4800 4800
532 CONNECTION 143 62 300 5160 7260 7260
533 CONNECTION 143 48 300 3900 6000 6000
534 CONNECTION 143 90 300 6360 8460 8460
535 CONNECTION 143 76 300 5100 7200 7200
536 CONNECTION 143 118 300 7560 9660 9660
537 CONNECTION 143 104 300 6300 8400 8400
538 SINK 143 0 -1 -1 0 0
539 CONNECTION 116 131 -1 -1 5040 5040
540 CONNECTION 116 159 -1 -1 6240 6240
541 CONNECTION 116 21 300 5340 7440 7440
542 CONNECTION 116 49 300 6540 8640 8640
543 CONNECTION 116 77 300 7740 9840 9840
544 CONNECTION 19 20 -1 -1 2100 2100
545 CONNECTION 19 62 -1 -1 4560 4560
546 CONNECTION 19 48 -1 -1 3300 3300
547 CONNECTION 19 90 -1 -1 5760 5760
548 CONNECTION 19 76 -1 -1 4500 4500
549 CONNECTION 19 118 300 4860 6960 6960
550 CONNECTION 19 104 300 3600 5700 5700
551 CONNECTION 19 146 300 6060 8160 8160
552 CONNECTION 19 132 300 4800 6900 6900
553 CONNECTION 19 8 300 7260 9360 9360
554 CONNECTION 19 160 300 6000 8100 8100
555 CONNECTION 19 36 300 8460 10560 10560
556 SINK 19 0 -1 -1 0 0
557 CONNECTION 5 6 -1 -1 3660 3660
558 CONNECTION 5 34 -1 -1 4860 4860
559 CONNECTION 5 20 -1 -1 3600 3600
560 CONNECTION 5 62 -1 -1 6060 6060
561 CONNECTION 5 48 -1 -1 4800 4800
562 CONNECTION 5 90 300 5160 7260 7260
563 CONNECTION 5 76 300 3900 6000 6000
564 CONNECTION 5 118 300 6360 8460 8460
565 CONNECTION 5 104 300 5100 7200 7200
566 CONNECTION 5 146 300 7560 9660 9660
567 CONNECTION 5 132 300 6300 8400 8400
568 SINK 5 0 -1 -1 0 0
569 CONNECTION 102 89 -1 -1 3600 3600
570 CONNECTION 102 117 -1 -1 4800 4800
571 CONNECTION 102 145 300 3900 6000 6000
572 CONNECTION 102 7 300 5100 7200 7200
573 CONNECTION 102 35 300 6300 8400 8400
574 CONNECTION 144 159 -1 -1 5040 5040
575 CONNECTION 144 21 -1 -1 6240 6240
576 CONNECTION 144 49 300 5340 7440 7440
577 CONNECTION 144 77 300 6540 8640 8640
578 CONNECTION 144 105 300 7740 9840 9840
579 CONNECTION 47 48 -1 -1 2100 2100
580 CONNECTION 47 90 -1 -1 4560 4560
581 CONNECTION 47 76 -1 -1 3300 3300
582 CONNECTION 47 118 -1 -1 5760 5760
583 CONNECTION 47 104 -1 -1 4500 4500
584 CONNECTION 47 146 300 4860 6960 6960
585 CONNECTION 47 132 300 3600 5700 5700
586 CONNECTION 47 8 300 6060 8160 8160
587 CONNECTION 47 160 300 4800 6900 6900
588 CONNECTION 47 36 300 7260 9360 9360
589 CONNECTION 47 22 300 6000 8100 8100
590 CONNECTION 47 64 300 8460 10560 10560
591 SINK 47 0 -1 -1 0 0
592 CONNECTION 33 34 -1 -1 3660 3660
593 CONNECTION 33 62 -1 -1 4860 4860
594 CONNECTION 33 48 -1 -1 3600 3600
595 CONNECTION 33 90 -1 -1 6060 6060
596 CONNECTION 33 76 -1 -1 4800 4800
597 CONNECTION 33 118 300 5160 7260 7260
598 CONNECTION 33 104 300 3900 6000 6000
599 CONNECTION 33 146 300 6360 8460 8460
600 CONNECTION 33 132 300 5100 7200 7200
601 CONNECTION 33 8 300 7560 9660 9660
602 CONNECTION 33 160 300 6300 8400 8400
603 SINK 33 0 -1 -1 0 0
604 CONNECTION 130 117 -1 -1 3600 3600
605 CONNECTION 130 145 -1 -1 4800 4800
606 CONNECTION 130 7 300 3900 6000 6000
607 CONNECTION 130 35 300 5100 7200 7200
608 CONNECTION 130 63 300 6300 8400 8400
609 CONNECTION 6 21 -1 -1 5040 5040
610 CONNECTION 6 49 -1 -1 6240 6240
611 CONNECTION 6 77 300 5340 7440 7440
612 CONNECTION 6 105 300 6540 8640 8640
613 CONNECTION 6 133 300 7740 9840 9840
614 CONNECTION 75 76 -1 -1 2100 2100
615 CONNECTION 75 118 -1 -1 4560 4560
616 CONNECTION 75 104 -1 -1 3300 3300
617 CONNECTION 75 146 -1 -1 5760 5760
618 CONNECTION 75 132 -1 -1 4500 4500
619 CONNECTION 75 8 300 4860 6960 6960
620 CONNECTION 75 160 300 3600 5700 5700
621 CONNECTION 75 36 300 6060 8160 8160
622 CONNECTION 75 22 300 4800 6900 6900
623 CONNECTION 75 64 300 7260 9360 9360
624 CONNECTION 75 50 300 6000 8100 8100
625 CONNECTION 75 92 300 8460 10560 10560
626 SINK 75 0 -1 -1 0 0
627 CONNECTION 61 62 -1 -1 3660 3660
628 CONNECTION 61 90 -1 -1 4860 4860
629 CONNECTION 61 76 -1 -1 3600 3600
630 CONNECTION 61 118 -1 -1 6060 6060
631 CONNECTION 61 104 -1 -1 4800 4800
632 CONNECTION 61 146 300 5160 7260 7260
633 CONNECTION 61 132 300 3900 6000 6000
634 CONNECTION 61 8 300 6360 8460 8460
635 CONNECTION 61 160 300 5100 7200 7200
636 CONNECTION 61 36 300 7560 9660 9660
637 CONNECTION 61 22 300 6300 8400 8400
638 SINK 61 0 -1 -1 0 0
639 CONNECTION 158 145 -1 -1 3600 3600
640 CONNECTION 158 7 -1 -1 4800 4800
641 CONNECTION 158 35 300 3900 6000 6000
642 CONNECTION 158 63 300 5100 7200 7200
643 CONNECTION 158 91 300 6300 8400 8400
644 CONNECTION 34 49 -1 -1 5040 5040
645 CONNECTION 34 77 -1 -1 6240 6240
646 CONNECTION 34 105 300 5340 7440 7440
647 CONNECTION 34 133 300 6540 8640 8640
648 CONNECTION 34 161 300 7740 9840 9840
649 CONNECTION 103 104 -1 -1 2100 2100
650 CONNECTION 103 146 -1 -1 4560 4560
651 CONNECTION 103 132 -1 -1 3300 3300
652 CONNECTION 103 8 -1 -1 5760 5760
653 CONNECTION 103 160 -1 -1 4500 4500
654 CONNECTION 103 36 300 4860 6960 6960
655 CONNECTION 103 22 300 3600 5700 5700
656 CONNECTION 103 64 300 6060 8160 8160
657 CONNECTION 103 50 300 4800 6900 6900
658 CONNECTION 103 92 300 7260 9360 9360
659 CONNECTION 103 78 300 6000 8100 8100
660 CONNECTION 103 120 300 8460 10560 10560
661 SINK 103 0 -1 -1 0 0
662 CONNECTION 20 7 -1 -1 3600 3600
663 CONNECTION 20 35 -1 -1 4800 4800
664 CONNECTION 20 63 300 3900 6000 6000
665 CONNECTION 20 91 300 5100 7200 7200
666 CONNECTION 20 119 300 6300 8400 8400
667 CONNECTION 89 90 -1 -1 3660 3660
668 CONNECTION 89 118 -1 -1 4860 4860
669 CONNECTION 89 104 -1 -1 3600 3600
670 CONNECTION 89 146 -1 -1 6060 6060
671 CONNECTION 89 132 -1 -1 4800 4800
672 CONNECTION 89 8 300 5160 7260 7260
673 CONNECTION 89 160 300 3900 6000 6000
674 CONNECTION 89 36 300 6360 8460 8460
675 CONNECTION 89 22 300 5100 7200 7200
676 CONNECTION 89 64 300 7560 9660 9660
677 CONNECTION 89 50 300 6300 8400 8400
678 SINK 89 0 -1 -1 0 0
679 CONNECTION 62 77 -1 -1 5040 5040
680 CONNECTION 62 105 -1 -1 6240 6240
681 CONNECTION 62 133 300 5340 7440 7440
682 CONNECTION 62 161 300 6540 8640 8640
683 CONNECTION 62 23 300 7740 9840 9840
684 CONNECTION 131 132 -1 -1 2100 2100
685 CONNECTION 131 8 -1 -1 4560 4560
686 CONNECTION 131 160 -1 -1 3300 3300
687 CONNECTION 131 36 -1 -1 5760 5760
688 CONNECTION 131 22 -1 -1 4500 4500
689 CONNECTION 131 64 300 4860 6960 6960
690 CONNECTION 131 50 300 3600 5700 5700
691 CONNECTION 131 92 300 6060 8160 8160
692 CONNECTION 131 78 300 4800 6900 6900
693 CONNECTION 131 120 300 7260 9360 9360
694 CONNECTION 131 106 300 6000 8100 8100
695 CONNECTION 131 148 300 8460 10560 10560
696 SINK 131 0 -1 -1 0 0
697 CONNECTION 48 35 -1 -1 3600 3600
698 CONNECTION 48 63 -1 -1 4800 4800
699 CONNECTION 48 91 300 3900 6000 6000
700 CONNECTION 48 119 300 5100 7200 7200
701 CONNECTION 48 147 300 6300 8400 8400
702 CONNECTION 117 118 -1 -1 3660 3660
703 CONNECTION 117 146 -1 -1 4860 4860
704 CONNECTION 117 132 -1 -1 3600 3600
705 CONNECTION 117 8 -1 -1 6060 6060
706 CONNECTION 117 160 -1 -1 4800 4800
707 CONNECTION 117 36 300 5160 7260 7260
708 CONNECTION 117 22 300 3900 6000 6000
709 CONNECTION 117 64 300 6360 8460 8460
710 CONNECTION 117 50 300 5100 7200 7200
711 CONNECTION 117 92 300 7560 9660 9660
712 CONNECTION 117 78 300 6300 8400 8400
713 SINK 117 0 -1 -1 0 0
714 CONNECTION 90 105 -1 -1 5040 5040
715 CONNECTION 90 133 -1 -1 6240 6240
716 CONNECTION 90 161 300 5340 7440 7440
717 CONNECTION 90 23 300 6540 8640 8640
718 CONNECTION 90 51 300 7740 9840 9840
719 CONNECTION 159 160 -1 -1 2100 2100
720 CONNECTION 159 36 -1 -1 4560 4560
721 CONNECTION 159 22 -1 -1 3300 3300
722 CONNECTION 159 64 -1 -1 5760 5760
723 CONNECTION 159 50 -1 -1 4500 4500
724 CONNECTION 159 92 300 4860 6960 6960
725 CONNECTION 159 78 300 3600 5700 5700
726 CONNECTION 159 120 300 6060 8160 8160
727 CONNECTION 159 106 300 4800 6900 6900
728 CONNECTION 159 148 300 7260 9360 9360
729 CONNECTION 159 134 300 6000 8100 8100
730 CONNECTION 159 10 300 8460 10560 10560
731 SINK 159 0 -1 -1 0 0
732 CONNECTION 76 63 -1 -1 3600 3600
733 CONNECTION 76 91 -1 -1 4800 4800
734 CONNECTION 76 119 300 3900 6000 6000
735 CONNECTION 76 147 300 5100 7200 7200
736 CONNECTION 76 9 300 6300 8400 8400
737 CONNECTION 145 146 -1 -1 3660 3660
738 CONNECTION 145 8 -1 -1 4860 4860
739 CONNECTION 145 160 -1 -1 3600 3600
740 CONNECTION 145 36 -1 -1 6060 6060
741 CONNECTION 145 22 -1 -1 4800 4800
742 CONNECTION 145 64 300 5160 7260 7260
743 CONNECTION 145 50 300 3900 6000 6000
744 CONNECTION 145 92 300 6360 8460 8460
745 CONNECTION 145 78 300 5100 7200 7200
746 CONNECTION 145 120 300 7560 9660 9660
747 CONNECTION 145 106 300 6300 8400 8400
748 SINK 145 0 -1 -1 0 0
749 CONNECTION 118 133 -1 -1 5040 5040
750 CONNECTION 118 161 -1 -1 6240 6240
751 CONNECTION 118 23 300 5340 7440 7440
752 CONNECTION 118 51 300 6540 8640 8640
753 CONNECTION 118 79 300 7740 9840 9840
754 CONNECTION 21 22 -1 -1 2100 2100
755 CONNECTION 21 64 -1 -1 4560 4560
756 CONNECTION 21 50 -1 -1 3300 3300
757 CONNECTION 21 92 -1 -1 5760 5760
758 CONNECTION 21 78 -1 -1 4500 4500
759 CONNECTION 21 120 300 4860 6960 6960
760 CONNECTION 21 106 300 3600 5700 5700
761 CONNECTION 21 148 300 6060 8160 8160
762 CONNECTION 21 134 300 4800 6900 6900
763 CONNECTION 21 10 300 7260 9360 9360
764 CONNECTION 21 162 300 6000 8100 8100
765 CONNECTION 21 38 300 8460 10560 10560
766 SINK 21 0 -1 -1 0 0
767 CONNECTION 7 8 -1 -1 3660 3660
768 CONNECTION 7 36 -1 -1 4860 4860
769 CONNECTION 7 22 -1 -1 3600 3600
770 CONNECTION 7 64 -1 -1 6060 6060
771 CONNECTION 7 50 -1 -1 4800 4800
772 CONNECTION 7 92 300 5160 7260 7260
773 CONNECTION 7 78 300 3900 6000 6000
774 CONNECTION 7 120 300 6360 8460 8460
775 CONNECTION 7 106 300 5100 7200 7200
776 CONNECTION 7 148 300 7560 9660 9660
777 CONNECTION 7 134 300 6300 8400 8400
778 SINK 7 0 -1 -1 0 0
779 CONNECTION 104 91 -1 -1 3600 3600
780 CONNECTION 104 119 -1 -1 4800 4800
781 CONNECTION 104 147 300 3900 6000 6000
782 CONNECTION 104 9 300 5100 7200 7200
783 CONNECTION 104 37 300 6300 8400 8400
784 CONNECTION 146 161 -1 -1 5040 5040
785 CONNECTION 146 23 -1 -1 6240 6240
786 CONNECTION 146 51 300 5340 7440 7440
787 CONNECTION 146 79 300 6540 8640 8640
788 CONNECTION 146 107 300 7740 9840 9840
789 CONNECTION 49 50 -1 -1 2100 2100
790 CONNECTION 49 92 -1 -1 4560 4560
791 CONNECTION 49 78 -1 -1 3300 3300
792 CONNECTION 49 120 -1 -1 5760 5760
793 CONNECTION 49 106 -1 -1 4500 4500
794 CONNECTION 49 148 300 4860 6960 6960
795 CONNECTION 49 134 300 3600 5700 5700
796 CONNECTION 49 10 300 6060 8160 8160
797 CONNECTION 49 162 300 4800 6900 6900
798 CONNECTION 49 38 300 7260 9360 9360
799 CONNECTION 49 24 300 6000 8100 8100
800 CONNECTION 49 66 300 8460 10560 10560
801 SINK 49 0 -1 -1 0 0
802 CONNECTION 35 36 -1 -1 3660 3660
803 CONNECTION 35 64 -1 -1 4860 4860
804 CONNECTION 35 50 -1 -1 3600 3600
805 CONNECTION 35 92 -1 -1 6060 6060
806 CONNECTION 35 78 -1 -1 4800 4800
807 CONNECTION 35 120 300 5160 7260 7260
808 CONNECTION 35 106 300 3900 6000 6000
809 CONNECTION 35 148 300 6360 8460 8460
810 CONNECTION 35 134 300 5100 7200 7200
811 CONNECTION 35 10 300 7560 9660 9660
812 CONNECTION 35 162 300 6300 8400 8400
813 SINK 35 0 -1 -1 0 0
814 CONNECTION 132 119 -1 -1 3600 3600
815 CONNECTION 132 147 -1 -1 4800 4800
816 CONNECTION 132 9 300 3900 6000 6000
817 CONNECTION 132 37 300 5100 7200 7200
818 CONNECTION 132 65 300 6300 8400 8400
819 CONNECTION 8 23 -1 -1 5040 5040
820 CONNECTION 8 51 -1 -1 6240 6240
821 CONNECTION 8 79 300 5340 7440 7440
822 CONNECTION 8 107 300 6540 8640 8640
823 CONNECTION 8 135 300 7740 9840 9840
824 CONNECTION 77 78 -1 -1 2100 2100
825 CONNECTION 77 120 -1 -1 4560 4560
826 CONNECTION 77 106 -1 -1 3300 3300
827 CONNECTION 77 148 -1 -1 5760 5760
828 CONNECTION 77 134 -1 -1 4500 4500
829 CONNECTION 77 10 300 4860 6960 6960
830 CONNECTION 77 162 300 3600 5700 5700
831 CONNECTION 77 38 300 6060 8160 8160
832 CONNECTION 77 24 300 4800 6900 6900
833 CONNECTION 77 66 300 7260 9360 9360
834 CONNECTION 77 52 300 6000 8100 8100
835 CONNECTION 77 94 300 8460 10560 10560
836 SINK 77 0 -1 -1 0 0
837 CONNECTION 63 64 -1 -1 3660 3660
838 CONNECTION 63 92 -1 -1 4860 4860
839 CONNECTION 63 78 -1 -1 3600 3600
840 CONNECTION 63 120 -1 -1 6060 6060
841 CONNECTION 63 106 -1 -1 4800 4800
842 CONNECTION 63 148 300 5160 7260 7260
843 CONNECTION 63 134 300 3900 6000 6000
844 CONNECTION 63 10 300 6360 8460 8460
845 CONNECTION 63 162 300 5100 7200 7200
846 CONNECTION 63 38 300 7560 9660 9660
847 CONNECTION 63 24 300 6300 8400 8400
848 SINK 63 0 -1 -1 0 0
849 CONNECTION 160 147 -1 -1 3600 3600
850 CONNECTION 160 9 -1 -1 4800 4800
851 CONNECTION 160 37 300 3900 6000 6000
852 CONNECTION 160 65 300 5100 7200 7200
853 CONNECTION 160 93 300 6300 8400 8400
854 CONNECTION 36 51 -1 -1 5040 5040
855 CONNECTION 36 79 -1 -1 6240 6240
856 CONNECTION 36 107 300 5340 7440 7440
857 CONNECTION 36 135 300 6540 8640 8640
858 CONNECTION 36 163 300 7740 9840 9840
859 CONNECTION 105 106 -1 -1 2100 2100
860 CONNECTION 105 148 -1 -1 4560 4560
861 CONNECTION 105 134 -1 -1 3300 3300
862 CONNECTION 105 10 -1 -1 5760 5760
863 CONNECTION 105 162 -1 -1 4500 4500
864 CONNECTION 105 38 300 4860 6960 6960
865 CONNECTION 105 24 300 3600 5700 5700
866 CONNECTION 105 66 300 6060 8160 8160
867 CONNECTION 105 52 300 4800 6900 6900
868 CONNECTION 105 94 300 7260 9360 9360
869 CONNECTION 105 80 300 6000 8100 8100
870 CONNECTION 105 122 300 8460 10560 10560
871 SINK 105 0 -1 -1 0 0
872 CONNECTION 22 9 -1 -1 3600 3600
873 CONNECTION 22 37 -1 -1 4800 4800
874 CONNECTION 22 65 300 3900 6000 6000
875 CONNECTION 22 93 300 5100 7200 7200
876 CONNECTION 22 121 300 6300 8400 8400
877 CONNECTION 91 92 -1 -1 3660 3660
878 CONNECTION 91 120 -1 -1 4860 4860
879 CONNECTION 91 106 -1 -1 3600 3600
880 CONNECTION 91 148 -1 -1 6060 6060
881 CONNECTION 91 134 -1 -1 4800 4800
882 CONNECTION 91 10 300 5160 7260 7260
883 CONNECTION 91 162 300 3900 6000 6000
884 CONNECTION 91 38 300 6360 8460 8460
885 CONNECTION 91 24 300 5100 7200 7200
886 CONNECTION 91 66 300 7560 9660 9660
887 CONNECTION 91 52 300 6300 8400 8400
888 SINK 91 0 -1 -1 0 0
889 CONNECTION 64 79 -1 -1 5040 5040
890 CONNECTION 64 107 -1 -1 6240 6240
891 CONNECTION 64 135 300 5340 7440 7440
892 CONNECTION 64 163 300 6540 8640 8640
893 CONNECTION 64 25 300 7740 9840 9840
894 CONNECTION 133 134 -1 -1 2100 2100
895 CONNECTION 133 10 -1 -1 4560 4560
896 CONNECTION 133 162 -1 -1 3300 3300
897 CONNECTION 133 38 -1 -1 5760 5760
898 CONNECTION 133 24 -1 -1 4500 4500
899 CONNECTION 133 66 300 4860 6960 6960
900 CONNECTION 133 52 300 3600 5700 5700
901 CONNECTION 133 94 300 6060 8160 8160
902 CONNECTION 133 80 300 4800 6900 6900
903 CONNECTION 133 122 300 7260 9360 9360
904 CONNECTION 133 108 300 6000 8100 8100
905 CONNECTION 133 150 300 8460 10560 10560
906 SINK 133 0 -1 -1 0 0
907 CONNECTION 50 37 -1 -1 3600 3600
908 CONNECTION 50 65 -1 -1 4800 4800
909 CONNECTION 50 93 300 3900 6000 6000
910 CONNECTION 50 121 300 5100 7200 7200
911 CONNECTION 50 149 300 6300 8400 8400
912 CONNECTION 119 120 -1 -1 3660 3660
913 CONNECTION 119 148 -1 -1 4860 4860
914 CONNECTION 119 134 -1 -1 3600 3600
915 CONNECTION 119 10 -1 -1 6060 6060
916 CONNECTION 119 162 -1 -1 4800 4800
917 CONNECTION 119 38 300 5160 7260 7260
918 CONNECTION 119 24 300 3900 6000 6000
919 CONNECTION 119 66 300 6360 8460 8460
920 CONNECTION 119 52 300 5100 7200 7200
921 CONNECTION 119 94 300 7560 9660 9660
922 CONNECTION 119 80 300 6300 8400 8400
923 SINK 119 0 -1 -1 0 0
924 CONNECTION 92 107 -1 -1 5040 5040
925 CONNECTION 92 135 -1 -1 6240 6240
926 CONNECTION 92 163 300 5340 7440 7440
927 CONNECTION 92 25 300 6540 8640 8640
928 CONNECTION 92 53 300 7740 9840 9840
929 CONNECTION 161 162 -1 -1 2100 2100
930 CONNECTION 161 38 -1 -1 4560 4560
931 CONNECTION 161 24 -1 -1 3300 3300
932 CONNECTION 161 66 -1 -1 5760 5760
933 CONNECTION 161 52 -1 -1 4500 4500
934 CONNECTION 161 94 300 4860 6960 6960
935 CONNECTION 161 80 300 3600 5700 5700
936 CONNECTION 161 122 300 6060 8160 8160
937 CONNECTION 161 108 300 4800 6900 6900
938 CONNECTION 161 150 300 7260 9360 9360
939 CONNECTION 161 136 300 6000 8100 8100
940 CONNECTION 161 12 300 8460 10560 10560
941 SINK 161 0 -1 -1 0 0
942 CONNECTION 78 65 -1 -1 3600 3600
943 CONNECTION 78 93 -1 -1 4800 4800
944 CONNECTION 78 121 300 3900 6000 6000
945 CONNECTION 78 149 300 5100 7200 7200
946 CONNECTION 78 11 300 6300 8400 8400
947 CONNECTION 147 148 -1 -1 3660 3660
948 CONNECTION 147 10 -1 -1 4860 4860
949 CONNECTION 147 162 -1 -1 3600 3600
950 CONNECTION 147 38 -1 -1 6060 6060
951 CONNECTION 147 24 -1 -1 4800 4800
952 CONNECTION 147 66 300 5160 7260 7260
953 CONNECTION 147 52 300 3900 6000 6000
954 CONNECTION 147 94 300 6360 8460 8460
955 CONNECTION 147 80 300 5100 7200 7200
956 CONNECTION 147 122 300 7560 9660 9660
957 CONNECTION 147 108 300 6300 8400 8400
958 SINK 147 0 -1 -1 0 0
959 CONNECTION 120 135 -1 -1 5040 5040
960 CONNECTION 120 163 -1 -1 6240 6240
961 CONNECTION 120 25 300 5340 7440 7440
962 CONNECTION 120 53 300 6540 8640 8640
963 CONNECTION 120 81 300 7740 9840 9840
964 CONNECTION 23 24 -1 -1 2100 2100
965 CONNECTION 23 66 -1 -1 4560 4560
966 CONNECTION 23 52 -1 -1 3300 3300
967 CONNECTION 23 94 -1 -1 5760 5760
968 CONNECTION 23 80 -1 -1 4500 4500
969 CONNECTION 23 122 300 4860 6960 6960
970 CONNECTION 23 108 300 3600 5700 5700
971 CONNECTION 23 150 300 6060 8160 8160
972 CONNECTION 23 136 300 4800 6900 6900
973 CONNECTION 23 12 300 7260 9360 9360
974 CONNECTION 23 164 300 6000 8100 8100
975 CONNECTION 23 40 300 8460 10560 10560
976 SINK 23 0 -1 -1 0 0
977 CONNECTION 9 10 -1 -1 3660 3660
978 CONNECTION 9 38 -1 -1 4860 4860
979 CONNECTION 9 24 -1 -1 3600 3600
980 CONNECTION 9 66 -1 -1 6060 6060
981 CONNECTION 9 52 -1 -1 4800 4800
982 CONNECTION 9 94 300 5160 7260 7260
983 CONNECTION 9 80 300 3900 6000 6000
984 CONNECTION 9 122 300 6360 8460 8460
985 CONNECTION 9 108 300 5100 7200 7200
986 CONNECTION 9 150 300 7560 9660 9660
987 CONNECTION 9 136 300 6300 8400 8400
988 SINK 9 0 -1 -1 0 0
989 CONNECTION 106 93 -1 -1 3600 3600
990 CONNECTION 106 121 -1 -1 4800 4800
991 CONNECTION 106 149 300 3900 6000 6000
992 CONNECTION 106 11 300 5100 7200 7200
993 CONNECTION 106 39 300 6300 8400 8400
994 CONNECTION 148 163 -1 -1 5040 5040
995 CONNECTION 148 25 -1 -1 6240 6240
996 CONNECTION 148 53 300 5340 7440 7440
997 CONNECTION 148 81 300 6540 8640 8640
998 CONNECTION 148 109 300 7740 9840 9840
999 CONNECTION 51 52 -1 -1 2100 2100
1000 CONNECTION 51 94 -1 -1 4560 4560
1001 CONNECTION 51 80 -1 -1 3300 3300
1002 CONNECTION 51 122 -1 -1 5760 5760
1003 CONNECTION 51 108 -1 -1 4500 4500
1004 CONNECTION 51 150 300 4860 6960 6960
1005 CONNECTION 51 136 300 3600 5700 5700
1006 CONNECTION 51 12 300 6060 8160 8160
1007 CONNECTION 51 164 300 4800 6900 6900
1008 CONNECTION 51 40 300 7260 9360 9360
1009 CONNECTION 51 26 300 6000 8100 8100
1010 CONNECTION 51 68 300 8460 10560 10560
1011 SINK 51 0 -1 -1 0 0
1012 CONNECTION 37 38 -1 -1 3660 3660
1013 CONNECTION 37 66 -1 -1 4860 4860
1014 CONNECTION 37 52 -1 -1 3600 3600
1015 CONNECTION 37 94 -1 -1 6060 6060
1016 CONNECTION 37 80 -1 -1 4800 4800
1017 CONNECTION 37 122 300 5160 7260 7260
1018 CONNECTION 37 108 300 3900 6000 6000
1019 CONNECTION 37 150 300 6360 8460 8460
1020 CONNECTION 37 136 300 5100 7200 7200
1021 CONNECTION 37 12 300 7560 9660 9660
1022 CONNECTION 37 164 300 6300 8400 8400
1023 SINK 37 0 -1 -1 0 0
1024 CONNECTION 134 121 -1 -1 3600 3600
1025 CONNECTION 134 149 -1 -1 4800 4800
1026 CONNECTION 134 11 300 3900 6000 6000
1027 CONNECTION 134 39 300 5100 7200 7200
1028 CONNECTION 134 67 300 6300 8400 8400
1029 CONNECTION 10 25 -1 -1 5040 5040
1030 CONNECTION 10 53 -1 -1 6240 6240
1031 CONNECTION 10 81 300 5340 7440 7440
1032 CONNECTION 10 109 300 6540 8640 8640
1033 CONNECTION 10 137 300 7740 9840 9840
1034 CONNECTION 79 80 -1 -1 2100 2100
1035 CONNECTION 79 122 -1 -1 4560 4560
1036 CONNECTION 79 108 -1 -1 3300 3300
1037 CONNECTION 79 150 -1 -1 5760 5760
1038 CONNECTION 79 136 -1 -1 4500 4500
1039 CONNECTION 79 12 300 4860 6960 6960
1040 CONNECTION 79 164 300 3600 5700 5700
1041 CONNECTION 79 40 300 6060 8160 8160
1042 CONNECTION 79 26 300 4800 6900 6900
1043 CONNECTION 79 68 300 7260 9360 9360
1044 CONNECTION 79 54 300 6000 8100 8100
1045 CONNECTION 79 96 300 8460 10560 10560
1046 SINK 79 0 -1 -1 0 0
1047 CONNECTION 65 66 -1 -1 3660 3660
1048 CONNECTION 65 94 -1 -1 4860 4860
1049 CONNECTION 65 80 -1 -1 3600 3600
1050 CONNECTION 65 122 -1 -1 6060 6060
1051 CONNECTION 65 108 -1 -1 4800 4800
1052 CONNECTION 65 150 300 5160 7260 7260
1053 CONNECTION 65 136 300 3900 6000 6000
1054 CONNECTION 65 12 300 6360 8460 8460
1055 CONNECTION 65 164 300 5100 7200 7200
1056 CONNECTION 65 40 300 7560 9660 9660
1057 CONNECTION 65 26 300 6300 8400 8400
1058 SINK 65 0 -1 -1 0 0
1059 CONNECTION 162 149 -1 -1 3600 3600
1060 CONNECTION 162 11 -1 -1 4800 4800
1061 CONNECTION 162 39 300 3900 6000 6000
1062 CONNECTION 162 67 300 5100 7200 7200
1063 CONNECTION 162 95 300 6300 8400 8400
1064 CONNECTION 38 53 -1 -1 5040 5040
1065 CONNECTION 38 81 -1 -1 6240 6240
1066 CONNECTION 38 109 300 5340 7440 7440
1067 CONNECTION 38 137 300 6540 8640 8640
1068 CONNECTION 38 165 300 7740 9840 9840
1069 CONNECTION 107 108 -1 -1 2100 2100
1070 CONNECTION 107 150 -1 -1 4560 4560
1071 CONNECTION 107 136 -1 -1 3300 3300
1072 CONNECTION 107 12 -1 -1 5760 5760
1073 CONNECTION 107 164 -1 -1 4500 4500
1074 CONNECTION 107 40 300 4860 6960 6960
1075 CONNECTION 107 26 300 3600 5700 5700
1076 CONNECTION 107 68 300 6060 8160 8160
1077 CONNECTION 107 54 300 4800 6900 6900
1078 CONNECTION 107 96 300 7260 9360 9360
1079 CONNECTION 107 82 300 6000 8100 8100
1080 CONNECTION 107 124 300 8460 10560 10560
1081 SINK 107 0 -1 -1 0 0
1082 CONNECTION 24 11 -1 -1 3600 3600
1083 CONNECTION 24 39 -1 -1 4800 4800
1084 CONNECTION 24 67 300 3900 6000 6000
1085 CONNECTION 24 95 300 5100 7200 7200
1086 CONNECTION 24 123 300 6300 8400 8400
1087 CONNECTION 93 94 -1 -1 3660 3660
1088 CONNECTION 93 122 -1 -1 4860 4860
1089 CONNECTION 93 108 -1 -1 3600 3600
1090 CONNECTION 93 150 -1 -1 6060 6060
1091 CONNECTION 93 136 -1 -1 4800 4800
1092 CONNECTION 93 12 300 5160 7260 7260
1093 CONNECTION 93 164 300 3900 6000 6000
1094 CONNECTION 93 40 300 6360 8460 8460
1095 CONNECTION 93 26 300 5100 7200 7200
1096 CONNECTION 93 68 300 7560 9660 9660
1097 CONNECTION 93 54 300 6300 8400 8400
1098 SINK 93 0 -1 -1 0 0
1099 CONNECTION 66 81 -1 -1 5040 5040
1100 CONNECTION 66 109 -1 -1 6240 6240
1101 CONNECTION 66 137 300 5340 7440 7440
1102 CONNECTION 66 165 300 6540 8640 8640
1103 CONNECTION 66 27 300 7740 9840 9840
1104 CONNECTION 135 136 -1 -1 2100 2100
1105 CONNECTION 135 12 -1 -1 4560 4560
1106 CONNECTION 135 164 -1 -1 3300 3300
1107 CONNECTION 135 40 -1 -1 5760 5760
1108 CONNECTION 135 26 -1 -1 4500 4500
1109 CONNECTION 135 68 300 4860 6960 6960
1110 CONNECTION 135 54 300 3600 5700 5700
1111 CONNECTION 135 96 300 6060 8160 8160
1112 CONNECTION 135 82 300 4800 6900 6900
1113 CONNECTION 135 124 300 7260 9360 9360
1114 CONNECTION 135 110 300 6000 8100 8100
1115 CONNECTION 135 152 300 8460 10560 10560
1116 SINK 135 0 -1 -1 0 0
1117 CONNECTION 52 39 -1 -1 3600 3600
1118 CONNECTION 52 67 -1 -1 4800 4800
1119 CONNECTION 52 95 300 3900 6000 6000
1120 CONNECTION 52 123 300 5100 7200 7200
1121 CONNECTION 52 151 300 6300 8400 8400
1122 CONNECTION 121 122 -1 -1 3660 3660
1123 CONNECTION 121 150 -1 -1 4860 4860
1124 CONNECTION 121 136 -1 -1 3600 3600
1125 CONNECTION 121 12 -1 -1 6060 6060
1126 CONNECTION 121 164 -1 -1 4800 4800
1127 CONNECTION 121 40 300 5160 7260 7260
1128 CONNECTION 121 26 300 3900 6000 6000
1129 CONNECTION 121 68 300 6360 8460 8460
1130 CONNECTION 121 54 300 5100 7200 7200
1131 CONNECTION 121 96 300 7560 9660 9660
1132 CONNECTION 121 82 300 6300 8400 8400
1133 SINK 121 0 -1 -1 0 0
1134 CONNECTION 94 109 -1 -1 5040 5040
1135 CONNECTION 94 137 -1 -1 6240 6240
1136 CONNECTION 94 165 300 5340 7440 7440
1137 CONNECTION 94 27 300 6540 8640 8640
1138 CONNECTION 94 55 300 7740 9840 9840
1139 CONNECTION 163 164 -1 -1 2100 2100
1140 CONNECTION 163 40 -1 -1 4560 4560
1141 CONNECTION 163 26 -1 -1 3300 3300
1142 CONNECTION 163 68 -1 -1 5760 5760
1143 CONNECTION 163 54 -1 -1 4500 4500
1144 CONNECTION 163 96 300 4860 6960 6960
1145 CONNECTION 163 82 300 3600 5700 5700
1146 CONNECTION 163 124 300 6060 8160 8160
1147 CONNECTION 163 110 300 4800 6900 6900
1148 CONNECTION 163 152 300 7260 9360 9360
1149 CONNECTION 163 138 300 6000 8100 8100
1150 SINK 163 0 -1 -1 0 0
1151 CONNECTION 80 67 -1 -1 3600 3600
1152 CONNECTION 80 95 -1 -1 4800 4800
1153 CONNECTION 80 123 300 3900 6000 6000
1154 CONNECTION 80 151 300 5100 7200 7200
1155 CONNECTION 80 13 300 6300 8400 8400
1156 CONNECTION 149 150 -1 -1 3660 3660
1157 CONNECTION 149 12 -1 -1 4860 4860
1158 CONNECTION 149 164 -1 -1 3600 3600
1159 CONNECTION 149 40 -1 -1 6060 6060
1160 CONNECTION 149 26 -1 -1 4800 4800
1161 CONNECTION 149 68 300 5160 7260 7260
1162 CONNECTION 149 54 300 3900 6000 6000
1163 CONNECTION 149 96 300 6360 8460 8460
1164 CONNECTION 149 82 300 5100 7200 7200
1165 CONNECTION 149 124 300 7560 9660 9660
1166 CONNECTION 149 110 300 6300 8400 8400
1167 SINK 149 0 -1 -1 0 0
1168 CONNECTION 122 137 -1 -1 5040 5040
1169 CONNECTION 122 165 -1 -1 6240 6240
1170 CONNECTION 122 27 300 5340 7440 7440
1171 CONNECTION 122 55 300 6540 8640 8640
1172 CONNECTION 122 83 300 7740 9840 9840
1173 CONNECTION 25 26 -1 -1 2100 2100
1174 CONNECTION 25 68 -1 -1 4560 4560
1175 CONNECTION 25 54 -1 -1 3300 3300
1176 CONNECTION 25 96 -1 -1 5760 5760
1177 CONNECTION 25 82 -1 -1 4500 4500
1178 CONNECTION 25 124 300 4860 6960 6960
1179 CONNECTION 25 110 300 3600 5700 5700
1180 CONNECTION 25 152 300 6060 8160 8160
1181 CONNECTION 25 138 300 4800 6900 6900
1182 CONNECTION 25 166 300 6000 8100 8100
1183 SINK 25 0 -1 -1 0 0
1184 CONNECTION 11 12 -1 -1 3660 3660
1185 CONNECTION 11 40 -1 -1 4860 4860
1186 CONNECTION 11 26 -1 -1 3600 3600
1187 CONNECTION 11 68 -1 -1 6060 6060
1188 CONNECTION 11 54 -1 -1 4800 4800
1189 CONNECTION 11 96 300 5160 7260 7260
1190 CONNECTION 11 82 300 3900 6000 6000
1191 CONNECTION 11 124 300 6360 8460 8460
1192 CONNECTION 11 110 300 5100 7200 7200
1193 CONNECTION 11 152 300 7560 9660 9660
1194 CONNECTION 11 138 300 6300 8400 8400
1195 SINK 11 0 -1 -1 0 0
1196 CONNECTION 108 95 -1 -1 3600 3600
1197 CONNECTION 108 123 -1 -1 4800 4800
1198 CONNECTION 108 151 300 3900 6000 6000
1199 CONNECTION 108 13 300 5100 7200 7200
1200 CONNECTION 108 41 300 6300 8400 8400
1201 CONNECTION 150 165 -1 -1 5040 5040
1202 CONNECTION 150 27 -1 -1 6240 6240
1203 CONNECTION 150 55 300 5340 7440 7440
1204 CONNECTION 150 83 300 6540 8640 8640
1205 CONNECTION 150 111 300 7740 9840 9840
1206 CONNECTION 53 54 -1 -1 2100 2100
1207 CONNECTION 53 96 -1 -1 4560 4560
1208 CONNECTION 53 82 -1 -1 3300 3300
1209 CONNECTION 53 124 -1 -1 5760 5760
1210 CONNECTION 53 110 -1 -1 4500 4500
1211 CONNECTION 53 152 300 4860 6960 6960
1212 CONNECTION 53 138 300 3600 5700 5700
1213 CONNECTION 53 166 300 4800 6900 6900
1214 SINK 53 0 -1 -1 0 0
1215 CONNECTION 39 40 -1 -1 3660 3660
1216 CONNECTION 39 68 -1 -1 4860 4860
1217 CONNECTION 39 54 -1 -1 3600 3600
1218 CONNECTION 39 96 -1 -1 6060 6060
1219 CONNECTION 39 82 -1 -1 4800 4800
1220 CONNECTION 39 124 300 5160 7260 7260
1221 CONNECTION 39 110 300 3900 6000 6000
1222 CONNECTION 39 152 300 6360 8460 8460
1223 CONNECTION 39 138 300 5100 7200 7200
1224 CONNECTION 39 166 300 6300 8400 8400
1225 SINK 39 0 -1 -1 0 0
1226 CONNECTION 136 123 -1 -1 3600 3600
1227 CONNECTION 136 151 -1 -1 4800 4800
1228 CONNECTION 136 13 300 3900 6000 6000
1229 CONNECTION 136 41 300 5100 7200 7200
1230 CONNECTION 136 69 300 6300 8400 8400
1231 CONNECTION 12 27 -1 -1 5040 5040
1232 CONNECTION 12 55 -1 -1 6240 6240
1233 CONNECTION 12 83 300 5340 7440 7440
1234 CONNECTION 12 111 300 6540 8640 8640
1235 CONNECTION 12 139 300 7740 9840 9840
1236 CONNECTION 81 82 -1 -1 2100 2100
1237 CONNECTION 81 124 -1 -1 4560 4560
1238 CONNECTION 81 110 -1 -1 3300 3300
1239 CONNECTION 81 152 -1 -1 5760 5760
1240 CONNECTION 81 138 -1 -1 4500 4500
1241 CONNECTION 81 166 300 3600 5700 5700
1242 SINK 81 0 -1 -1 0 0
1243 CONNECTION 67 68 -1 -1 3660 3660
1244 CONNECTION 67 96 -1 -1 4860 4860
1245 CONNECTION 67 82 -1 -1 3600 3600
1246 CONNECTION 67 124 -1 -1 6060 6060
1247 CONNECTION 67 110 -1 -1 4800 4800
1248 CONNECTION 67 152 300 5160 7260 7260
1249 CONNECTION 67 138 300 3900 6000 6000
1250 CONNECTION 67 166 300 5100 7200 7200
1251 SINK 67 0 -1 -1 0 0
1252 CONNECTION 164 151 -1 -1 3600 3600
1253 CONNECTION 164 13 -1 -1 4800 4800
1254 CONNECTION 164 41 300 3900 6000 6000
1255 CONNECTION 164 69 300 5100 7200 7200
1256 CONNECTION 164 97 300 6300 8400 8400
1257 CONNECTION 40 55 -1 -1 5040 5040
1258 CONNECTION 40 83 -1 -1 6240 6240
1259 CONNECTION 40 111 300 5340 7440 7440
1260 CONNECTION 40 139 300 6540 8640 8640
1261 CONNECTION 40 167 300 7740 9840 9840
1262 CONNECTION 109 110 -1 -1 2100 2100
1263 CONNECTION 109 152 -1 -1 4560 4560
1264 CONNECTION 109 138 -1 -1 3300 3300
1265 CONNECTION 109 166 -1 -1 4500 4500
1266 SINK 109 0 -1 -1 0 0
1267 CONNECTION 26 13 -1 -1 3600 3600
1268 CONNECTION 26 41 -1 -1 4800 4800
1269 CONNECTION 26 69 300 3900 6000 6000
1270 CONNECTION 26 97 300 5100 7200 7200
1271 CONNECTION 26 125 300 6300 8400 8400
1272 CONNECTION 95 96 -1 -1 3660 3660
1273 CONNECTION 95 124 -1 -1 4860 4860
1274 CONNECTION 95 110 -1 -1 3600 3600
1275 CONNECTION 95 152 -1 -1 6060 6060
1276 CONNECTION 95 138 -1 -1 4800 4800
1277 CONNECTION 95 166 300 3900 6000 6000
1278 SINK 95 0 -1 -1 0 0
1279 CONNECTION 68 83 -1 -1 5040 5040
1280 CONNECTION 68 111 -1 -1 6240 6240
1281 CONNECTION 68 139 300 5340 7440 7440
1282 CONNECTION 68 167 300 6540 8640 8640
1283 CONNECTION 137 138 -1 -1 2100 2100
1284 CONNECTION 137 166 -1 -1 3300 3300
1285 SINK 137 0 -1 -1 0 0
1286 CONNECTION 54 41 -1 -1 3600 3600
1287 CONNECTION 54 69 -1 -1 4800 4800
1288 CONNECTION 54 97 300 3900 6000 6000
1289 CONNECTION 54 125 300 5100 7200 7200
1290 CONNECTION 54 153 300 6300 8400 8400
1291 CONNECTION 123 124 -1 -1 3660 3660
1292 CONNECTION 123 152 -1 -1 4860 4860
1293 CONNECTION 123 138 -1 -1 3600 3600
1294 CONNECTION 123 166 -1 -1 4800 4800
1295 SINK 123 0 -1 -1 0 0
1296 CONNECTION 96 111 -1 -1 5040 5040
1297 CONNECTION 96 139 -1 -1 6240 6240
1298 CONNECTION 96 167 300 5340 7440 7440
1299 CONNECTION 165 166 -1 -1 2100 2100
1300 SINK 165 0 -1 -1 0 0
1301 CONNECTION 82 69 -1 -1 3600 3600
1302 CONNECTION 82 97 -1 -1 4800 4800
1303 CONNECTION 82 125 300 3900 6000 6000
1304 CONNECTION 82 153 300 5100 7200 7200
1305 CONNECTION 151 152 -1 -1 3660 3660
1306 CONNECTION 151 166 -1 -1 3600 3600
1307 SINK 151 0 -1 -1 0 0
1308 CONNECTION 124 139 -1 -1 5040 5040
1309 CONNECTION 124 167 -1 -1 6240 6240
1310 SINK 27 0 -1 -1 0 0
1311 SINK 13 0 -1 -1 0 0
1312 CONNECTION 110 97 -1 -1 3600 3600
1313 CONNECTION 110 125 -1 -1 4800 4800
1314 CONNECTION 110 153 300 3900 6000 6000
1315 CONNECTION 152 167 -1 -1 5040 5040
1316 SINK 55 0 -1 -1 0 0
1317 SINK 41 0 -1 -1 0 0
1318 CONNECTION 138 125 -1 -1 3600 3600
1319 CONNECTION 138 153 -1 -1 4800 4800
1320 SINK 83 0 -1 -1 0 0
1321 SINK 69 0 -1 -1 0 0
1322 CONNECTION 166 153 -1 -1 3600 3600
1323 SINK 111 0 -1 -1 0 0
1324 SINK 97 0 -1 -1 0 0
1325 SINK 139 0 -1 -1 0 0
1326 SINK 125 0 -1 -1 0 0
1327 SINK 167 0 -1 -1 0 0
1328 SINK 153 0 -1 -1 0 0
