0 23340 24300 1 2 960
1 25020 25980 2 1 960
2 26100 26700 1 4 600
3 26820 27420 4 0 600
4 28620 29580 2 1 960
5 29700 30300 1 4 600
6 30420 31020 4 0 600
7 32220 33180 2 1 960
8 33300 33900 1 4 600
9 34020 34620 4 0 600
10 35820 36780 2 1 960
11 36900 37500 1 4 600
12 37620 38220 4 0 600
13 39420 40380 2 1 960
14 40500 41100 1 4 600
15 41220 41820 4 0 600
16 43020 43980 2 1 960
17 44100 44700 1 4 600
18 44820 45420 4 0 600
19 46620 47580 2 1 960
20 47700 48300 1 4 600
21 48420 49020 4 0 600
22 50220 51180 2 1 960
23 51300 51900 1 4 600
24 52020 52620 4 0 600
25 53820 54780 2 1 960
26 54900 55500 1 4 600
27 55620 56220 4 0 600
28 57420 58380 2 1 960
29 58500 59100 1 4 600
30 59220 59820 4 0 600
31 61020 61980 2 1 960
32 62100 62700 1 4 600
33 62820 63420 4 0 600
34 64620 65580 2 1 960
35 65700 66300 1 4 600
36 66420 67020 4 0 600
37 68220 69180 2 1 960
38 69300 69900 1 4 600
39 70020 70620 4 0 600
40 71820 72780 2 1 960
41 72900 73500 1 4 600
42 73620 74220 4 0 600
43 75420 76380 2 1 960
44 76500 77100 1 4 600
45 77220 77820 4 0 600
46 79020 79980 2 1 960
47 24780 25740 2 1 960
48 26340 27360 1 2 1020
49 27600 30300 2 3 2700
50 31740 32760 1 2 1020
51 33000 35700 2 3 2700
52 37140 38160 1 2 1020
53 38400 41100 2 3 2700
54 42540 43560 1 2 1020
55 43800 46500 2 3 2700
56 47940 48960 1 2 1020
57 49200 51900 2 3 2700
58 53340 54360 1 2 1020
59 54600 57300 2 3 2700
60 58740 59760 1 2 1020
61 60000 62700 2 3 2700
62 64140 65160 1 2 1020
63 65400 68100 2 3 2700
64 69540 70560 1 2 1020
65 70800 73500 2 3 2700
66 74940 75960 1 2 1020
67 25320 25920 1 0 600
68 26520 27120 0 1 600
69 27240 30000 1 3 2760
70 31920 32520 0 1 600
71 32640 35400 1 3 2760
72 37320 37920 0 1 600
73 38040 40800 1 3 2760
74 42720 43320 0 1 600
75 43440 46200 1 3 2760
76 48120 48720 0 1 600
77 48840 51600 1 3 2760
78 53520 54120 0 1 600
79 54240 57000 1 3 2760
80 58920 59520 0 1 600
81 59640 62400 1 3 2760
82 64320 64920 0 1 600
83 65040 67800 1 3 2760
84 69720 70320 0 1 600
85 70440 73200 1 3 2760
86 75120 75720 0 1 600
87 23700 24300 1 4 600
88 24420 25020 4 0 600
89 26700 27300 0 4 600
90 27420 28020 4 1 600
91 28140 29100 1 2 960
92 30300 30900 0 4 600
93 31020 31620 4 1 600
94 31740 32700 1 2 960
95 33900 34500 0 4 600
96 34620 35220 4 1 600
97 35340 36300 1 2 960
98 37500 38100 0 4 600
99 38220 38820 4 1 600
100 38940 39900 1 2 960
101 41100 41700 0 4 600
102 41820 42420 4 1 600
103 42540 43500 1 2 960
104 44700 45300 0 4 600
105 45420 46020 4 1 600
106 46140 47100 1 2 960
107 48300 48900 0 4 600
108 49020 49620 4 1 600
109 49740 50700 1 2 960
110 51900 52500 0 4 600
111 52620 53220 4 1 600
112 53340 54300 1 2 960
113 55500 56100 0 4 600
114 56220 56820 4 1 600
115 56940 57900 1 2 960
116 59100 59700 0 4 600
117 59820 60420 4 1 600
118 60540 61500 1 2 960
119 62700 63300 0 4 600
120 63420 64020 4 1 600
121 64140 65100 1 2 960
122 66300 66900 0 4 600
123 67020 67620 4 1 600
124 67740 68700 1 2 960
125 69900 70500 0 4 600
126 70620 71220 4 1 600
127 71340 72300 1 2 960
128 73500 74100 0 4 600
129 74220 74820 4 1 600
130 74940 75900 1 2 960
131 77100 77700 0 4 600
132 77820 78420 4 1 600
133 78540 79500 1 2 960
134 22740 23760 1 2 1020
135 24000 26700 2 3 2700
136 27360 30060 3 2 2700
137 30180 31140 2 1 960
138 32760 35460 3 2 2700
139 35580 36540 2 1 960
140 38160 40860 3 2 2700
141 40980 41940 2 1 960
142 43560 46260 3 2 2700
143 46380 47340 2 1 960
144 48960 51660 3 2 2700
145 51780 52740 2 1 960
146 54360 57060 3 2 2700
147 57180 58140 2 1 960
148 59760 62460 3 2 2700
149 62580 63540 2 1 960
150 65160 67860 3 2 2700
151 67980 68940 2 1 960
152 70560 73260 3 2 2700
153 73380 74340 2 1 960
154 75960 78660 3 2 2700
155 78780 79740 2 1 960
156 23640 26400 1 3 2760
157 27840 30600 3 1 2760
158 30720 31320 1 0 600
159 33240 36000 3 1 2760
160 36120 36720 1 0 600
161 38640 41400 3 1 2760
162 41520 42120 1 0 600
163 44040 46800 3 1 2760
164 46920 47520 1 0 600
165 49440 52200 3 1 2760
166 52320 52920 1 0 600
167 54840 57600 3 1 2760
168 57720 58320 1 0 600
169 60240 63000 3 1 2760
170 63120 63720 1 0 600
171 65640 68400 3 1 2760
172 68520 69120 1 0 600
173 71040 73800 3 1 2760
174 73920 74520 1 0 600
175 76440 79200 3 1 2760
176 24540 25500 1 2 960
177 26220 27180 2 1 960
178 27300 27900 1 4 600
179 28020 28620 4 0 600
180 29820 30780 2 1 960
181 30900 31500 1 4 600
182 31620 32220 4 0 600
183 33420 34380 2 1 960
184 34500 35100 1 4 600
185 35220 35820 4 0 600
186 37020 37980 2 1 960
187 38100 38700 1 4 600
188 38820 39420 4 0 600
189 40620 41580 2 1 960
190 41700 42300 1 4 600
191 42420 43020 4 0 600
192 44220 45180 2 1 960
193 45300 45900 1 4 600
194 46020 46620 4 0 600
195 47820 48780 2 1 960
196 48900 49500 1 4 600
197 49620 50220 4 0 600
198 51420 52380 2 1 960
199 52500 53100 1 4 600
200 53220 53820 4 0 600
201 55020 55980 2 1 960
202 56100 56700 1 4 600
203 56820 57420 4 0 600
204 58620 59580 2 1 960
205 59700 60300 1 4 600
206 60420 61020 4 0 600
207 62220 63180 2 1 960
208 63300 63900 1 4 600
209 64020 64620 4 0 600
210 65820 66780 2 1 960
211 66900 67500 1 4 600
212 67620 68220 4 0 600
213 69420 70380 2 1 960
214 70500 71100 1 4 600
215 71220 71820 4 0 600
216 73020 73980 2 1 960
217 74100 74700 1 4 600
218 74820 75420 4 0 600
219 76620 77580 2 1 960
220 77700 78300 1 4 600
221 26580 27540 2 1 960
222 28140 29160 1 2 1020
223 29400 32100 2 3 2700
224 33540 34560 1 2 1020
225 34800 37500 2 3 2700
226 38940 39960 1 2 1020
227 40200 42900 2 3 2700
228 44340 45360 1 2 1020
229 45600 48300 2 3 2700
230 49740 50760 1 2 1020
231 51000 53700 2 3 2700
232 55140 56160 1 2 1020
233 56400 59100 2 3 2700
234 60540 61560 1 2 1020
235 61800 64500 2 3 2700
236 65940 66960 1 2 1020
237 67200 69900 2 3 2700
238 71340 72360 1 2 1020
239 72600 75300 2 3 2700
240 76740 77760 1 2 1020
241 24900 25500 1 4 600
242 25620 26220 4 0 600
243 27900 28500 0 4 600
244 28620 29220 4 1 600
245 29340 30300 1 2 960
246 31500 32100 0 4 600
247 32220 32820 4 1 600
248 32940 33900 1 2 960
249 35100 35700 0 4 600
250 35820 36420 4 1 600
251 36540 37500 1 2 960
252 38700 39300 0 4 600
253 39420 40020 4 1 600
254 40140 41100 1 2 960
255 42300 42900 0 4 600
256 43020 43620 4 1 600
257 43740 44700 1 2 960
258 45900 46500 0 4 600
259 46620 47220 4 1 600
260 47340 48300 1 2 960
261 49500 50100 0 4 600
262 50220 50820 4 1 600
263 50940 51900 1 2 960
264 53100 53700 0 4 600
265 53820 54420 4 1 600
266 54540 55500 1 2 960
267 56700 57300 0 4 600
268 57420 58020 4 1 600
269 58140 59100 1 2 960
270 60300 60900 0 4 600
271 61020 61620 4 1 600
272 61740 62700 1 2 960
273 63900 64500 0 4 600
274 64620 65220 4 1 600
275 65340 66300 1 2 960
276 67500 68100 0 4 600
277 68220 68820 4 1 600
278 68940 69900 1 2 960
279 71100 71700 0 4 600
280 71820 72420 4 1 600
281 72540 73500 1 2 960
282 74700 75300 0 4 600
283 75420 76020 4 1 600
284 76140 77100 1 2 960
285 78300 78900 0 4 600
286 79020 79620 4 1 600
287 27120 27720 1 0 600
288 28320 28920 0 1 600
289 29040 31800 1 3 2760
290 33720 34320 0 1 600
291 34440 37200 1 3 2760
292 39120 39720 0 1 600
293 39840 42600 1 3 2760
294 44520 45120 0 1 600
295 45240 48000 1 3 2760
296 49920 50520 0 1 600
297 50640 53400 1 3 2760
298 55320 55920 0 1 600
299 56040 58800 1 3 2760
300 60720 61320 0 1 600
301 61440 64200 1 3 2760
302 66120 66720 0 1 600
303 66840 69600 1 3 2760
304 71520 72120 0 1 600
305 72240 75000 1 3 2760
306 76920 77520 0 1 600
307 25020 25620 4 1 600
308 25740 26700 1 2 960
309 27420 28380 2 1 960
310 28500 29100 1 4 600
311 29220 29820 4 0 600
312 31020 31980 2 1 960
313 32100 32700 1 4 600
314 32820 33420 4 0 600
315 34620 35580 2 1 960
316 35700 36300 1 4 600
317 36420 37020 4 0 600
318 38220 39180 2 1 960
319 39300 39900 1 4 600
320 40020 40620 4 0 600
321 41820 42780 2 1 960
322 42900 43500 1 4 600
323 43620 44220 4 0 600
324 45420 46380 2 1 960
325 46500 47100 1 4 600
326 47220 47820 4 0 600
327 49020 49980 2 1 960
328 50100 50700 1 4 600
329 50820 51420 4 0 600
330 52620 53580 2 1 960
331 53700 54300 1 4 600
332 54420 55020 4 0 600
333 56220 57180 2 1 960
334 57300 57900 1 4 600
335 58020 58620 4 0 600
336 59820 60780 2 1 960
337 60900 61500 1 4 600
338 61620 62220 4 0 600
339 63420 64380 2 1 960
340 64500 65100 1 4 600
341 65220 65820 4 0 600
342 67020 67980 2 1 960
343 68100 68700 1 4 600
344 68820 69420 4 0 600
345 70620 71580 2 1 960
346 71700 72300 1 4 600
347 72420 73020 4 0 600
348 74220 75180 2 1 960
349 75300 75900 1 4 600
350 76020 76620 4 0 600
351 77820 78780 2 1 960
352 24540 25560 1 2 1020
353 25800 28500 2 3 2700
354 29160 31860 3 2 2700
355 31980 32940 2 1 960
356 34560 37260 3 2 2700
357 37380 38340 2 1 960
358 39960 42660 3 2 2700
359 42780 43740 2 1 960
360 45360 48060 3 2 2700
361 48180 49140 2 1 960
362 50760 53460 3 2 2700
363 53580 54540 2 1 960
364 56160 58860 3 2 2700
365 58980 59940 2 1 960
366 61560 64260 3 2 2700
367 64380 65340 2 1 960
368 66960 69660 3 2 2700
369 69780 70740 2 1 960
370 72360 75060 3 2 2700
371 75180 76140 2 1 960
372 77760 80460 3 2 2700
373 80580 81540 2 1 960
374 25440 28200 1 3 2760
375 29640 32400 3 1 2760
376 32520 33120 1 0 600
377 35040 37800 3 1 2760
378 37920 38520 1 0 600
379 40440 43200 3 1 2760
380 43320 43920 1 0 600
381 45840 48600 3 1 2760
382 48720 49320 1 0 600
383 51240 54000 3 1 2760
384 54120 54720 1 0 600
385 56640 59400 3 1 2760
386 59520 60120 1 0 600
387 62040 64800 3 1 2760
388 64920 65520 1 0 600
389 67440 70200 3 1 2760
390 70320 70920 1 0 600
391 72840 75600 3 1 2760
392 75720 76320 1 0 600
393 78240 81000 3 1 2760
394 26220 26820 4 1 600
395 26940 27900 1 2 960
396 28620 29580 2 1 960
397 29700 30300 1 4 600
398 30420 31020 4 0 600
399 28380 29340 2 1 960
400 29940 30960 1 2 1020
401 31200 33900 2 3 2700
402 35340 36360 1 2 1020
403 36600 39300 2 3 2700
404 40740 41760 1 2 1020
405 42000 44700 2 3 2700
406 46140 47160 1 2 1020
407 47400 50100 2 3 2700
408 51540 52560 1 2 1020
409 52800 55500 2 3 2700
410 56940 57960 1 2 1020
411 58200 60900 2 3 2700
412 62340 63360 1 2 1020
413 63600 66300 2 3 2700
414 67740 68760 1 2 1020
415 69000 71700 2 3 2700
416 73140 74160 1 2 1020
417 74400 77100 2 3 2700
418 78540 79560 1 2 1020
419 28920 29520 1 0 600
420 30120 30720 0 1 600
421 30840 33600 1 3 2760
422 35520 36120 0 1 600
423 36240 39000 1 3 2760
424 40920 41520 0 1 600
425 41640 44400 1 3 2760
426 46320 46920 0 1 600
427 47040 49800 1 3 2760
428 51720 52320 0 1 600
429 52440 55200 1 3 2760
430 57120 57720 0 1 600
431 57840 60600 1 3 2760
432 62520 63120 0 1 600
433 63240 66000 1 3 2760
434 67920 68520 0 1 600
435 68640 71400 1 3 2760
436 73320 73920 0 1 600
437 74040 76800 1 3 2760
438 78720 79320 0 1 600
439 29100 29700 0 4 600
440 29820 30420 4 1 600
441 30540 31500 1 2 960
442 32220 33180 2 1 960
443 33300 33900 1 4 600
444 34020 34620 4 0 600
445 30960 33660 3 2 2700
446 33780 34740 2 1 960
447 35340 36360 1 2 1020
448 36600 39300 2 3 2700
449 31440 34200 3 1 2760
450 34320 34920 1 0 600
451 35520 36120 0 1 600
452 36240 39000 1 3 2760
453 32700 33300 0 4 600
454 33420 34020 4 1 600
455 34140 35100 1 2 960
456 35820 36780 2 1 960
457 36900 37500 1 4 600
458 37620 38220 4 0 600
459 36300 36900 0 4 600
460 37020 37620 4 1 600
461 37740 38700 1 2 960
462 39420 40380 2 1 960
463 40500 41100 1 4 600
464 41220 41820 4 0 600
465 36360 39060 3 2 2700
466 39180 40140 2 1 960
467 40740 41760 1 2 1020
468 42000 44700 2 3 2700
469 36840 39600 3 1 2760
470 39720 40320 1 0 600
471 40920 41520 0 1 600
472 41640 44400 1 3 2760
473 39900 40500 0 4 600
474 40620 41220 4 1 600
475 41340 42300 1 2 960
476 43020 43980 2 1 960
477 44100 44700 1 4 600
478 44820 45420 4 0 600
479 41760 44460 3 2 2700
480 44580 45540 2 1 960
481 46140 47160 1 2 1020
482 47400 50100 2 3 2700
483 42240 45000 3 1 2760
484 45120 45720 1 0 600
485 46320 46920 0 1 600
486 47040 49800 1 3 2760
487 43500 44100 0 4 600
488 44220 44820 4 1 600
489 44940 45900 1 2 960
490 46620 47580 2 1 960
491 47700 48300 1 4 600
492 48420 49020 4 0 600
493 47100 47700 0 4 600
494 47820 48420 4 1 600
495 48540 49500 1 2 960
496 50220 51180 2 1 960
497 51300 51900 1 4 600
498 52020 52620 4 0 600
499 47160 49860 3 2 2700
500 49980 50940 2 1 960
501 51540 52560 1 2 1020
502 52800 55500 2 3 2700
503 47640 50400 3 1 2760
504 50520 51120 1 0 600
505 51720 52320 0 1 600
506 52440 55200 1 3 2760
507 50700 51300 0 4 600
508 51420 52020 4 1 600
509 52140 53100 1 2 960
510 53820 54780 2 1 960
511 54900 55500 1 4 600
512 55620 56220 4 0 600
513 52560 55260 3 2 2700
514 55380 56340 2 1 960
515 56940 57960 1 2 1020
516 58200 60900 2 3 2700
517 53040 55800 3 1 2760
518 55920 56520 1 0 600
519 57120 57720 0 1 600
520 57840 60600 1 3 2760
521 54300 54900 0 4 600
522 55020 55620 4 1 600
523 55740 56700 1 2 960
524 57420 58380 2 1 960
525 58500 59100 1 4 600
526 59220 59820 4 0 600
527 57900 58500 0 4 600
528 58620 59220 4 1 600
529 59340 60300 1 2 960
530 61020 61980 2 1 960
531 62100 62700 1 4 600
532 62820 63420 4 0 600
533 57960 60660 3 2 2700
534 60780 61740 2 1 960
535 62340 63360 1 2 1020
536 63600 66300 2 3 2700
537 58440 61200 3 1 2760
538 61320 61920 1 0 600
539 62520 63120 0 1 600
540 63240 66000 1 3 2760
541 61500 62100 0 4 600
542 62220 62820 4 1 600
543 62940 63900 1 2 960
544 64620 65580 2 1 960
545 65700 66300 1 4 600
546 66420 67020 4 0 600
547 63360 66060 3 2 2700
548 66180 67140 2 1 960
549 67740 68760 1 2 1020
550 69000 71700 2 3 2700
551 63840 66600 3 1 2760
552 66720 67320 1 0 600
553 67920 68520 0 1 600
554 68640 71400 1 3 2760
555 65100 65700 0 4 600
556 65820 66420 4 1 600
557 66540 67500 1 2 960
558 68220 69180 2 1 960
559 69300 69900 1 4 600
560 70020 70620 4 0 600
561 68700 69300 0 4 600
562 69420 70020 4 1 600
563 70140 71100 1 2 960
564 71820 72780 2 1 960
565 72900 73500 1 4 600
566 73620 74220 4 0 600
567 68760 71460 3 2 2700
568 71580 72540 2 1 960
569 73140 74160 1 2 1020
570 74400 77100 2 3 2700
571 69240 72000 3 1 2760
572 72120 72720 1 0 600
573 73320 73920 0 1 600
574 74040 76800 1 3 2760
575 72300 72900 0 4 600
576 73020 73620 4 1 600
577 73740 74700 1 2 960
578 75420 76380 2 1 960
579 76500 77100 1 4 600
580 77220 77820 4 0 600
581 74160 76860 3 2 2700
582 76980 77940 2 1 960
583 78540 79560 1 2 1020
584 74640 77400 3 1 2760
585 77520 78120 1 0 600
586 78720 79320 0 1 600
587 75900 76500 0 4 600
588 76620 77220 4 1 600
589 77340 78300 1 2 960
590 79020 79980 2 1 960
