0 25200 25920 0 1 720
1 29640 30360 1 0 720
2 30480 32160 0 4 1680
3 32400 33600 4 2 1200
4 36840 37560 1 0 720
5 37680 39360 0 4 1680
6 39600 40800 4 2 1200
7 44040 44760 1 0 720
8 44880 46560 0 4 1680
9 46800 48000 4 2 1200
10 51240 51960 1 0 720
11 52080 53760 0 4 1680
12 54000 55200 4 2 1200
13 58440 59160 1 0 720
14 59280 60960 0 4 1680
15 61200 62400 4 2 1200
16 65640 66360 1 0 720
17 66480 68160 0 4 1680
18 68400 69600 4 2 1200
19 72840 73560 1 0 720
20 73680 75360 0 4 1680
21 75600 76800 4 2 1200
22 23280 24960 0 4 1680
23 25200 26400 4 2 1200
24 29280 30480 2 4 1200
25 30600 32280 4 0 1680
26 32400 33120 0 1 720
27 36480 37680 2 4 1200
28 37800 39480 4 0 1680
29 39600 40320 0 1 720
30 43680 44880 2 4 1200
31 45000 46680 4 0 1680
32 46800 47520 0 1 720
33 50880 52080 2 4 1200
34 52200 53880 4 0 1680
35 54000 54720 0 1 720
36 58080 59280 2 4 1200
37 59400 61080 4 0 1680
38 61200 61920 0 1 720
39 65280 66480 2 4 1200
40 66600 68280 4 0 1680
41 68400 69120 0 1 720
42 72480 73680 2 4 1200
43 73800 75480 4 0 1680
44 75600 76320 0 1 720
45 24660 26040 0 2 1380
46 28260 29640 2 0 1380
47 29760 30480 0 1 720
48 30600 31860 1 3 1260
49 33660 35040 2 0 1380
50 35160 35880 0 1 720
51 36000 37260 1 3 1260
52 39060 40440 2 0 1380
53 40560 41280 0 1 720
54 41400 42660 1 3 1260
55 44460 45840 2 0 1380
56 45960 46680 0 1 720
57 46800 48060 1 3 1260
58 49860 51240 2 0 1380
59 51360 52080 0 1 720
60 52200 53460 1 3 1260
61 55260 56640 2 0 1380
62 56760 57480 0 1 720
63 57600 58860 1 3 1260
64 60660 62040 2 0 1380
65 62160 62880 0 1 720
66 63000 64260 1 3 1260
67 66060 67440 2 0 1380
68 67560 68280 0 1 720
69 68400 69660 1 3 1260
70 71460 72840 2 0 1380
71 72960 73680 0 1 720
72 73800 75060 1 3 1260
73 76860 78240 2 0 1380
74 28440 29700 3 4 1260
75 32040 33300 3 4 1260
76 35640 36900 3 4 1260
77 39240 40500 3 4 1260
78 42840 44100 3 4 1260
79 46440 47700 3 4 1260
80 50040 51300 3 4 1260
81 53640 54900 3 4 1260
82 57240 58500 3 4 1260
83 60840 62100 3 4 1260
84 64440 65700 3 4 1260
85 68040 69300 3 4 1260
86 71640 72900 3 4 1260
87 75240 76500 3 4 1260
88 24360 25080 0 1 720
89 25200 26460 1 3 1260
90 27840 29100 3 1 1260
91 29220 29940 1 0 720
92 30060 31440 0 2 1380
93 33240 34500 3 1 1260
94 34620 35340 1 0 720
95 35460 36840 0 2 1380
96 38640 39900 3 1 1260
97 40020 40740 1 0 720
98 40860 42240 0 2 1380
99 44040 45300 3 1 1260
100 45420 46140 1 0 720
101 46260 47640 0 2 1380
102 49440 50700 3 1 1260
103 50820 51540 1 0 720
104 51660 53040 0 2 1380
105 54840 56100 3 1 1260
106 56220 56940 1 0 720
107 57060 58440 0 2 1380
108 60240 61500 3 1 1260
109 61620 62340 1 0 720
110 62460 63840 0 2 1380
111 65640 66900 3 1 1260
112 67020 67740 1 0 720
113 67860 69240 0 2 1380
114 71040 72300 3 1 1260
115 72420 73140 1 0 720
116 73260 74640 0 2 1380
117 76440 77700 3 1 1260
118 77820 78540 1 0 720
119 26100 27360 4 3 1260
120 29700 30960 4 3 1260
121 33300 34560 4 3 1260
122 36900 38160 4 3 1260
123 40500 41760 4 3 1260
124 44100 45360 4 3 1260
125 47700 48960 4 3 1260
126 51300 52560 4 3 1260
127 54900 56160 4 3 1260
128 58500 59760 4 3 1260
129 62100 63360 4 3 1260
130 65700 66960 4 3 1260
131 69300 70560 4 3 1260
132 72900 74160 4 3 1260
133 26460 27840 0 2 1380
134 30060 31440 2 0 1380
135 31560 32280 0 1 720
136 32400 33660 1 3 1260
137 35460 36840 2 0 1380
138 36960 37680 0 1 720
139 37800 39060 1 3 1260
140 40860 42240 2 0 1380
141 42360 43080 0 1 720
142 43200 44460 1 3 1260
143 46260 47640 2 0 1380
144 47760 48480 0 1 720
145 48600 49860 1 3 1260
146 51660 53040 2 0 1380
147 53160 53880 0 1 720
148 54000 55260 1 3 1260
149 57060 58440 2 0 1380
150 58560 59280 0 1 720
151 59400 60660 1 3 1260
152 62460 63840 2 0 1380
153 63960 64680 0 1 720
154 64800 66060 1 3 1260
155 67860 69240 2 0 1380
156 69360 70080 0 1 720
157 70200 71460 1 3 1260
158 73260 74640 2 0 1380
159 74760 75480 0 1 720
160 75600 76860 1 3 1260
161 78660 80040 2 0 1380
162 30240 31500 3 4 1260
163 33840 35100 3 4 1260
164 37440 38700 3 4 1260
165 41040 42300 3 4 1260
166 44640 45900 3 4 1260
167 48240 49500 3 4 1260
168 51840 53100 3 4 1260
169 55440 56700 3 4 1260
170 59040 60300 3 4 1260
171 62640 63900 3 4 1260
172 66240 67500 3 4 1260
173 69840 71100 3 4 1260
174 73440 74700 3 4 1260
175 26160 26880 0 1 720
176 27000 28260 1 3 1260
177 29640 30900 3 1 1260
178 31020 31740 1 0 720
179 31860 33240 0 2 1380
180 35040 36300 3 1 1260
181 36420 37140 1 0 720
182 37260 38640 0 2 1380
183 40440 41700 3 1 1260
184 41820 42540 1 0 720
185 42660 44040 0 2 1380
186 45840 47100 3 1 1260
187 47220 47940 1 0 720
188 48060 49440 0 2 1380
189 51240 52500 3 1 1260
190 52620 53340 1 0 720
191 53460 54840 0 2 1380
192 56640 57900 3 1 1260
193 58020 58740 1 0 720
194 58860 60240 0 2 1380
195 62040 63300 3 1 1260
196 63420 64140 1 0 720
197 64260 65640 0 2 1380
198 67440 68700 3 1 1260
199 68820 69540 1 0 720
200 69660 71040 0 2 1380
201 72840 74100 3 1 1260
202 74220 74940 1 0 720
203 75060 76440 0 2 1380
204 78240 79500 3 1 1260
205 79620 80340 1 0 720
206 27000 28680 4 0 1680
207 28800 29520 0 1 720
208 33240 33960 1 0 720
209 34080 35760 0 4 1680
210 36000 37200 4 2 1200
211 40440 41160 1 0 720
212 41280 42960 0 4 1680
213 43200 44400 4 2 1200
214 47640 48360 1 0 720
215 48480 50160 0 4 1680
216 50400 51600 4 2 1200
217 54840 55560 1 0 720
218 55680 57360 0 4 1680
219 57600 58800 4 2 1200
220 62040 62760 1 0 720
221 62880 64560 0 4 1680
222 64800 66000 4 2 1200
223 69240 69960 1 0 720
224 70080 71760 0 4 1680
225 72000 73200 4 2 1200
226 76440 77160 1 0 720
227 26040 26760 1 0 720
228 26880 28560 0 4 1680
229 28800 30000 4 2 1200
230 32880 34080 2 4 1200
231 34200 35880 4 0 1680
232 36000 36720 0 1 720
233 40080 41280 2 4 1200
234 41400 43080 4 0 1680
235 43200 43920 0 1 720
236 47280 48480 2 4 1200
237 48600 50280 4 0 1680
238 50400 51120 0 1 720
239 54480 55680 2 4 1200
240 55800 57480 4 0 1680
241 57600 58320 0 1 720
242 61680 62880 2 4 1200
243 63000 64680 4 0 1680
244 64800 65520 0 1 720
245 68880 70080 2 4 1200
246 70200 71880 4 0 1680
247 72000 72720 0 1 720
248 76080 77280 2 4 1200
249 77400 79080 4 0 1680
250 27420 28140 1 0 720
251 28260 29640 0 2 1380
252 31860 33240 2 0 1380
253 33360 34080 0 1 720
254 34200 35460 1 3 1260
255 37260 38640 2 0 1380
256 38760 39480 0 1 720
257 39600 40860 1 3 1260
258 42660 44040 2 0 1380
259 44160 44880 0 1 720
260 45000 46260 1 3 1260
261 48060 49440 2 0 1380
262 49560 50280 0 1 720
263 50400 51660 1 3 1260
264 53460 54840 2 0 1380
265 54960 55680 0 1 720
266 55800 57060 1 3 1260
267 58860 60240 2 0 1380
268 60360 61080 0 1 720
269 61200 62460 1 3 1260
270 64260 65640 2 0 1380
271 65760 66480 0 1 720
272 66600 67860 1 3 1260
273 69660 71040 2 0 1380
274 71160 71880 0 1 720
275 72000 73260 1 3 1260
276 75060 76440 2 0 1380
277 76560 77280 0 1 720
278 27960 28680 0 1 720
279 28800 30060 1 3 1260
280 31440 32700 3 1 1260
281 32820 33540 1 0 720
282 33660 35040 0 2 1380
283 36840 38100 3 1 1260
284 38220 38940 1 0 720
285 39060 40440 0 2 1380
286 42240 43500 3 1 1260
287 43620 44340 1 0 720
288 44460 45840 0 2 1380
289 47640 48900 3 1 1260
290 49020 49740 1 0 720
291 49860 51240 0 2 1380
292 53040 54300 3 1 1260
293 54420 55140 1 0 720
294 55260 56640 0 2 1380
295 58440 59700 3 1 1260
296 59820 60540 1 0 720
297 60660 62040 0 2 1380
298 63840 65100 3 1 1260
299 65220 65940 1 0 720
300 66060 67440 0 2 1380
301 69240 70500 3 1 1260
302 70620 71340 1 0 720
303 71460 72840 0 2 1380
304 74640 75900 3 1 1260
305 76020 76740 1 0 720
306 27900 29160 4 3 1260
307 30240 31500 3 4 1260
308 31500 32760 4 3 1260
309 33840 35100 3 4 1260
310 35100 36360 4 3 1260
311 37440 38700 3 4 1260
312 38700 39960 4 3 1260
313 41040 42300 3 4 1260
314 42300 43560 4 3 1260
315 44640 45900 3 4 1260
316 45900 47160 4 3 1260
317 48240 49500 3 4 1260
318 49500 50760 4 3 1260
319 51840 53100 3 4 1260
320 53100 54360 4 3 1260
321 55440 56700 3 4 1260
322 56700 57960 4 3 1260
323 59040 60300 3 4 1260
324 60300 61560 4 3 1260
325 62640 63900 3 4 1260
326 63900 65160 4 3 1260
327 66240 67500 3 4 1260
328 67500 68760 4 3 1260
329 69840 71100 3 4 1260
330 71100 72360 4 3 1260
331 73440 74700 3 4 1260
332 74700 75960 4 3 1260
