0 23040 24000 0 4 960
1 25380 26340 4 0 960
2 26460 27720 0 3 1260
3 28980 29940 4 0 960
4 30060 31320 0 3 1260
5 32580 33540 4 0 960
6 33660 34920 0 3 1260
7 36180 37140 4 0 960
8 37260 38520 0 3 1260
9 39780 40740 4 0 960
10 40860 42120 0 3 1260
11 43380 44340 4 0 960
12 44460 45720 0 3 1260
13 46980 47940 4 0 960
14 48060 49320 0 3 1260
15 50580 51540 4 0 960
16 51660 52920 0 3 1260
17 54180 55140 4 0 960
18 55260 56520 0 3 1260
19 57780 58740 4 0 960
20 58860 60120 0 3 1260
21 61380 62340 4 0 960
22 62460 63720 0 3 1260
23 64980 65940 4 0 960
24 66060 67320 0 3 1260
25 68580 69540 4 0 960
26 69660 70920 0 3 1260
27 72180 73140 4 0 960
28 73260 74520 0 3 1260
29 75780 76740 4 0 960
30 22860 24120 0 3 1260
31 25260 26520 3 0 1260
32 26640 27600 0 4 960
33 28860 30120 3 0 1260
34 30240 31200 0 4 960
35 32460 33720 3 0 1260
36 33840 34800 0 4 960
37 36060 37320 3 0 1260
38 37440 38400 0 4 960
39 39660 40920 3 0 1260
40 41040 42000 0 4 960
41 43260 44520 3 0 1260
42 44640 45600 0 4 960
43 46860 48120 3 0 1260
44 48240 49200 0 4 960
45 50460 51720 3 0 1260
46 51840 52800 0 4 960
47 54060 55320 3 0 1260
48 55440 56400 0 4 960
49 57660 58920 3 0 1260
50 59040 60000 0 4 960
51 61260 62520 3 0 1260
52 62640 63600 0 4 960
53 64860 66120 3 0 1260
54 66240 67200 0 4 960
55 68460 69720 3 0 1260
56 69840 70800 0 4 960
57 72060 73320 3 0 1260
58 73440 74400 0 4 960
59 75660 76920 3 0 1260
60 25320 26340 3 1 1020
61 28560 29580 1 3 1020
62 29700 30540 3 2 840
63 30660 31680 2 4 1020
64 33960 34980 1 3 1020
65 35100 35940 3 2 840
66 36060 37080 2 4 1020
67 39360 40380 1 3 1020
68 40500 41340 3 2 840
69 41460 42480 2 4 1020
70 44760 45780 1 3 1020
71 45900 46740 3 2 840
72 46860 47880 2 4 1020
73 50160 51180 1 3 1020
74 51300 52140 3 2 840
75 52260 53280 2 4 1020
76 55560 56580 1 3 1020
77 56700 57540 3 2 840
78 57660 58680 2 4 1020
79 60960 61980 1 3 1020
80 62100 62940 3 2 840
81 63060 64080 2 4 1020
82 66360 67380 1 3 1020
83 67500 68340 3 2 840
84 68460 69480 2 4 1020
85 71760 72780 1 3 1020
86 72900 73740 3 2 840
87 73860 74880 2 4 1020
88 28500 29520 4 2 1020
89 29760 30600 2 3 840
90 30720 31740 3 1 1020
91 33900 34920 4 2 1020
92 35160 36000 2 3 840
93 36120 37140 3 1 1020
94 39300 40320 4 2 1020
95 40560 41400 2 3 840
96 41520 42540 3 1 1020
97 44700 45720 4 2 1020
98 45960 46800 2 3 840
99 46920 47940 3 1 1020
100 50100 51120 4 2 1020
101 51360 52200 2 3 840
102 52320 53340 3 1 1020
103 55500 56520 4 2 1020
104 56760 57600 2 3 840
105 57720 58740 3 1 1020
106 60900 61920 4 2 1020
107 62160 63000 2 3 840
108 63120 64140 3 1 1020
109 66300 67320 4 2 1020
110 67560 68400 2 3 840
111 68520 69540 3 1 1020
112 71700 72720 4 2 1020
113 72960 73800 2 3 840
114 73920 74940 3 1 1020
115 24840 25800 0 4 960
116 27180 28140 4 0 960
117 28260 29520 0 3 1260
118 30780 31740 4 0 960
119 31860 33120 0 3 1260
120 34380 35340 4 0 960
121 35460 36720 0 3 1260
122 37980 38940 4 0 960
123 39060 40320 0 3 1260
124 41580 42540 4 0 960
125 42660 43920 0 3 1260
126 45180 46140 4 0 960
127 46260 47520 0 3 1260
128 48780 49740 4 0 960
129 49860 51120 0 3 1260
130 52380 53340 4 0 960
131 53460 54720 0 3 1260
132 55980 56940 4 0 960
133 57060 58320 0 3 1260
134 59580 60540 4 0 960
135 60660 61920 0 3 1260
136 63180 64140 4 0 960
137 64260 65520 0 3 1260
138 66780 67740 4 0 960
139 67860 69120 0 3 1260
140 70380 71340 4 0 960
141 71460 72720 0 3 1260
142 73980 74940 4 0 960
143 75060 76320 0 3 1260
144 77580 78540 4 0 960
145 24600 25740 0 1 1140
146 27120 28260 1 0 1140
147 28380 29340 0 4 960
148 30720 31860 1 0 1140
149 31980 32940 0 4 960
150 34320 35460 1 0 1140
151 35580 36540 0 4 960
152 37920 39060 1 0 1140
153 39180 40140 0 4 960
154 41520 42660 1 0 1140
155 42780 43740 0 4 960
156 45120 46260 1 0 1140
157 46380 47340 0 4 960
158 48720 49860 1 0 1140
159 49980 50940 0 4 960
160 52320 53460 1 0 1140
161 53580 54540 0 4 960
162 55920 57060 1 0 1140
163 57180 58140 0 4 960
164 59520 60660 1 0 1140
165 60780 61740 0 4 960
166 63120 64260 1 0 1140
167 64380 65340 0 4 960
168 66720 67860 1 0 1140
169 67980 68940 0 4 960
170 70320 71460 1 0 1140
171 71580 72540 0 4 960
172 73920 75060 1 0 1140
173 75180 76140 0 4 960
174 77520 78660 1 0 1140
175 24780 25740 0 4 960
176 27120 28080 4 0 960
177 28200 29340 0 1 1140
178 30720 31680 4 0 960
179 31800 32940 0 1 1140
180 34320 35280 4 0 960
181 35400 36540 0 1 1140
182 37920 38880 4 0 960
183 39000 40140 0 1 1140
184 41520 42480 4 0 960
185 42600 43740 0 1 1140
186 45120 46080 4 0 960
187 46200 47340 0 1 1140
188 48720 49680 4 0 960
189 49800 50940 0 1 1140
190 52320 53280 4 0 960
191 53400 54540 0 1 1140
192 55920 56880 4 0 960
193 57000 58140 0 1 1140
194 59520 60480 4 0 960
195 60600 61740 0 1 1140
196 63120 64080 4 0 960
197 64200 65340 0 1 1140
198 66720 67680 4 0 960
199 67800 68940 0 1 1140
200 70320 71280 4 0 960
201 71400 72540 0 1 1140
202 73920 74880 4 0 960
203 75000 76140 0 1 1140
204 77520 78480 4 0 960
205 24660 25920 0 3 1260
206 27060 28320 3 0 1260
207 28440 29400 0 4 960
208 30660 31920 3 0 1260
209 32040 33000 0 4 960
210 34260 35520 3 0 1260
211 35640 36600 0 4 960
212 37860 39120 3 0 1260
213 39240 40200 0 4 960
214 41460 42720 3 0 1260
215 42840 43800 0 4 960
216 45060 46320 3 0 1260
217 46440 47400 0 4 960
218 48660 49920 3 0 1260
219 50040 51000 0 4 960
220 52260 53520 3 0 1260
221 53640 54600 0 4 960
222 55860 57120 3 0 1260
223 57240 58200 0 4 960
224 59460 60720 3 0 1260
225 60840 61800 0 4 960
226 63060 64320 3 0 1260
227 64440 65400 0 4 960
228 66660 67920 3 0 1260
229 68040 69000 0 4 960
230 70260 71520 3 0 1260
231 71640 72600 0 4 960
232 73860 75120 3 0 1260
233 75240 76200 0 4 960
234 77460 78720 3 0 1260
235 24900 25920 4 2 1020
236 26160 27000 2 3 840
237 27120 28140 3 1 1020
238 30360 31380 1 3 1020
239 31500 32340 3 2 840
240 32460 33480 2 4 1020
241 35760 36780 1 3 1020
242 36900 37740 3 2 840
243 37860 38880 2 4 1020
244 41160 42180 1 3 1020
245 42300 43140 3 2 840
246 43260 44280 2 4 1020
247 46560 47580 1 3 1020
248 47700 48540 3 2 840
249 48660 49680 2 4 1020
250 51960 52980 1 3 1020
251 53100 53940 3 2 840
252 54060 55080 2 4 1020
253 57360 58380 1 3 1020
254 58500 59340 3 2 840
255 59460 60480 2 4 1020
256 62760 63780 1 3 1020
257 63900 64740 3 2 840
258 64860 65880 2 4 1020
259 68160 69180 1 3 1020
260 69300 70140 3 2 840
261 70260 71280 2 4 1020
262 73560 74580 1 3 1020
263 74700 75540 3 2 840
264 75660 76680 2 4 1020
265 26100 26940 3 2 840
266 27060 28080 2 4 1020
267 30300 31320 4 2 1020
268 31560 32400 2 3 840
269 32520 33540 3 1 1020
270 35700 36720 4 2 1020
271 36960 37800 2 3 840
272 37920 38940 3 1 1020
273 41100 42120 4 2 1020
274 42360 43200 2 3 840
275 43320 44340 3 1 1020
276 46500 47520 4 2 1020
277 47760 48600 2 3 840
278 48720 49740 3 1 1020
279 51900 52920 4 2 1020
280 53160 54000 2 3 840
281 54120 55140 3 1 1020
282 57300 58320 4 2 1020
283 58560 59400 2 3 840
284 59520 60540 3 1 1020
285 62700 63720 4 2 1020
286 63960 64800 2 3 840
287 64920 65940 3 1 1020
288 68100 69120 4 2 1020
289 69360 70200 2 3 840
290 70320 71340 3 1 1020
291 73500 74520 4 2 1020
292 74760 75600 2 3 840
293 75720 76740 3 1 1020
294 26700 27720 4 2 1020
295 27960 28800 2 3 840
296 28920 29940 3 1 1020
297 32160 33180 1 3 1020
298 33300 34140 3 2 840
299 34260 35280 2 4 1020
300 37560 38580 1 3 1020
301 38700 39540 3 2 840
302 39660 40680 2 4 1020
303 42960 43980 1 3 1020
304 44100 44940 3 2 840
305 45060 46080 2 4 1020
306 48360 49380 1 3 1020
307 49500 50340 3 2 840
308 50460 51480 2 4 1020
309 53760 54780 1 3 1020
310 54900 55740 3 2 840
311 55860 56880 2 4 1020
312 59160 60180 1 3 1020
313 60300 61140 3 2 840
314 61260 62280 2 4 1020
315 64560 65580 1 3 1020
316 65700 66540 3 2 840
317 66660 67680 2 4 1020
318 69960 70980 1 3 1020
319 71100 71940 3 2 840
320 72060 73080 2 4 1020
321 75360 76380 1 3 1020
322 26760 27780 1 3 1020
323 27900 28740 3 2 840
324 28860 29880 2 4 1020
325 32100 33120 4 2 1020
326 33360 34200 2 3 840
327 34320 35340 3 1 1020
328 37500 38520 4 2 1020
329 38760 39600 2 3 840
330 39720 40740 3 1 1020
331 42900 43920 4 2 1020
332 44160 45000 2 3 840
333 45120 46140 3 1 1020
334 48300 49320 4 2 1020
335 49560 50400 2 3 840
336 50520 51540 3 1 1020
337 53700 54720 4 2 1020
338 54960 55800 2 3 840
339 55920 56940 3 1 1020
340 59100 60120 4 2 1020
341 60360 61200 2 3 840
342 61320 62340 3 1 1020
343 64500 65520 4 2 1020
344 65760 66600 2 3 840
345 66720 67740 3 1 1020
346 69900 70920 4 2 1020
347 71160 72000 2 3 840
348 72120 73140 3 1 1020
