3 29040 30780 12 14 1740
4 31020 33180 14 8 2160
5 33300 34200 8 0 900
6 36240 37980 12 14 1740
7 38220 40380 14 8 2160
8 40500 41400 8 0 900
9 43440 45180 12 14 1740
10 45420 47580 14 8 2160
11 47700 48600 8 0 900
12 50640 52380 12 14 1740
13 52620 54780 14 8 2160
14 54900 55800 8 0 900
15 57840 59580 12 14 1740
16 59820 61980 14 8 2160
17 62100 63000 8 0 900
18 65040 66780 12 14 1740
19 67020 69180 14 8 2160
20 69300 70200 8 0 900
21 72240 73980 12 14 1740
22 74220 76380 14 8 2160
23 76500 77400 8 0 900
31 22320 23880 2 3 1560
32 24000 26160 3 4 2160
33 30060 32220 4 3 2160
34 32460 34020 3 2 1560
35 34140 34740 2 10 600
36 37260 39420 4 3 2160
37 39660 41220 3 2 1560
38 41340 41940 2 10 600
39 44460 46620 4 3 2160
40 46860 48420 3 2 1560
41 48540 49140 2 10 600
42 51660 53820 4 3 2160
43 54060 55620 3 2 1560
44 55740 56340 2 10 600
45 58860 61020 4 3 2160
46 61260 62820 3 2 1560
47 62940 63540 2 10 600
48 66060 68220 4 3 2160
49 68460 70020 3 2 1560
50 70140 70740 2 10 600
51 73260 75420 4 3 2160
52 75660 77220 3 2 1560
53 77340 77940 2 10 600
54 79200 79800 10 2 600
55 79920 81480 2 3 1560
56 81600 83760 3 4 2160
57 87660 89820 4 3 2160
58 90060 91620 3 2 1560
63 28500 31020 2 1 2520
64 31140 32760 1 13 1620
65 32880 34680 13 7 1800
66 35700 38220 2 1 2520
67 38340 39960 1 13 1620
68 40080 41880 13 7 1800
69 42900 45420 2 1 2520
70 45540 47160 1 13 1620
71 47280 49080 13 7 1800
72 50100 52620 2 1 2520
73 52740 54360 1 13 1620
74 54480 56280 13 7 1800
75 57300 59820 2 1 2520
76 59940 61560 1 13 1620
77 61680 63480 13 7 1800
78 64500 67020 2 1 2520
79 67140 68760 1 13 1620
80 68880 70680 13 7 1800
81 71700 74220 2 1 2520
82 74340 75960 1 13 1620
84 78900 81420 2 1 2520
90 28800 29700 0 8 900
91 29820 31980 8 14 2160
92 32100 33840 14 12 1740
93 36000 36900 0 8 900
94 37020 39180 8 14 2160
95 39300 41040 14 12 1740
96 43200 44100 0 8 900
97 44220 46380 8 14 2160
98 46500 48240 14 12 1740
99 50400 51300 0 8 900
100 51420 53580 8 14 2160
101 53700 55440 14 12 1740
102 57600 58500 0 8 900
103 58620 60780 8 14 2160
104 60900 62640 14 12 1740
105 64800 65700 0 8 900
106 65820 67980 8 14 2160
107 68100 69840 14 12 1740
108 72000 72900 0 8 900
109 73020 75180 8 14 2160
110 75300 77040 14 12 1740
114 31140 32760 1 13 1620
115 33000 35100 13 5 2100
116 35220 37380 5 6 2160
117 38340 39960 1 13 1620
118 40200 42300 13 5 2100
119 42420 44580 5 6 2160
120 45540 47160 1 13 1620
121 47400 49500 13 5 2100
122 49620 51780 5 6 2160
123 52740 54360 1 13 1620
124 54600 56700 13 5 2100
125 56820 58980 5 6 2160
126 59940 61560 1 13 1620
127 61800 63900 13 5 2100
128 64020 66180 5 6 2160
129 67140 68760 1 13 1620
130 69000 71100 13 5 2100
131 71220 73380 5 6 2160
132 74340 75960 1 13 1620
133 76200 78300 13 5 2100
138 24540 25140 2 10 600
139 27000 27600 10 2 600
140 27720 28440 2 0 720
141 28560 29460 0 8 900
142 29580 30180 8 9 600
143 34200 34800 10 2 600
144 34920 35640 2 0 720
145 35760 36660 0 8 900
146 36780 37380 8 9 600
147 41400 42000 10 2 600
148 42120 42840 2 0 720
149 42960 43860 0 8 900
150 43980 44580 8 9 600
151 48600 49200 10 2 600
152 49320 50040 2 0 720
153 50160 51060 0 8 900
154 51180 51780 8 9 600
155 55800 56400 10 2 600
156 56520 57240 2 0 720
157 57360 58260 0 8 900
158 58380 58980 8 9 600
159 63000 63600 10 2 600
160 63720 64440 2 0 720
161 64560 65460 0 8 900
162 65580 66180 8 9 600
163 70200 70800 10 2 600
164 70920 71640 2 0 720
165 71760 72660 0 8 900
166 72780 73380 8 9 600
167 77400 78000 10 2 600
168 78120 78840 2 0 720
176 33480 35580 11 13 2100
177 35700 37320 13 1 1620
178 37440 38880 1 9 1440
179 39000 39600 9 8 600
180 39720 40620 8 0 900
181 44280 46380 11 13 2100
182 46500 48120 13 1 1620
183 48240 49680 1 9 1440
184 49800 50400 9 8 600
185 50520 51420 8 0 900
186 55080 57180 11 13 2100
187 57300 58920 13 1 1620
188 59040 60480 1 9 1440
189 60600 61200 9 8 600
190 61320 62220 8 0 900
191 65880 67980 11 13 2100
192 68100 69720 13 1 1620
193 69840 71280 1 9 1440
194 71400 72000 9 8 600
195 72120 73020 8 0 900
196 76680 78780 11 13 2100
197 78900 80520 13 1 1620
202 25380 26100 2 0 720
203 27900 28620 0 2 720
204 28740 31740 2 4 3000
205 33300 34020 0 2 720
206 34140 37140 2 4 3000
207 38700 39420 0 2 720
208 39540 42540 2 4 3000
209 44100 44820 0 2 720
210 44940 47940 2 4 3000
211 49500 50220 0 2 720
212 50340 53340 2 4 3000
213 54900 55620 0 2 720
214 55740 58740 2 4 3000
215 60300 61020 0 2 720
216 61140 64140 2 4 3000
217 65700 66420 0 2 720
218 66540 69540 2 4 3000
219 71100 71820 0 2 720
220 71940 74940 2 4 3000
221 76500 77220 0 2 720
225 29880 30480 9 8 600
226 30600 33240 8 7 2640
227 37080 37680 9 8 600
228 37800 40440 8 7 2640
229 44280 44880 9 8 600
230 45000 47640 8 7 2640
231 51480 52080 9 8 600
232 52200 54840 8 7 2640
233 58680 59280 9 8 600
234 59400 62040 8 7 2640
235 65880 66480 9 8 600
236 66600 69240 8 7 2640
237 73080 73680 9 8 600
238 73800 76440 8 7 2640
240 23340 26100 2 14 2760
241 27900 30660 14 2 2760
242 30780 31500 2 0 720
243 33300 36060 14 2 2760
244 36180 36900 2 0 720
245 38700 41460 14 2 2760
246 41580 42300 2 0 720
247 44100 46860 14 2 2760
248 46980 47700 2 0 720
249 49500 52260 14 2 2760
250 52380 53100 2 0 720
251 54900 57660 14 2 2760
252 57780 58500 2 0 720
253 60300 63060 14 2 2760
254 63180 63900 2 0 720
255 65700 68460 14 2 2760
256 68580 69300 2 0 720
257 71100 73860 14 2 2760
258 73980 74700 2 0 720
259 76500 79260 14 2 2760
260 79380 80100 2 0 720
262 25380 26100 2 0 720
263 27900 28620 0 2 720
264 28740 31500 2 14 2760
265 33300 34020 0 2 720
266 34140 36900 2 14 2760
267 38700 39420 0 2 720
268 39540 42300 2 14 2760
269 44100 44820 0 2 720
270 44940 47700 2 14 2760
271 49500 50220 0 2 720
272 50340 53100 2 14 2760
273 54900 55620 0 2 720
274 55740 58500 2 14 2760
275 60300 61020 0 2 720
276 61140 63900 2 14 2760
277 65700 66420 0 2 720
278 66540 69300 2 14 2760
279 71100 71820 0 2 720
280 71940 74700 2 14 2760
281 76500 77220 0 2 720
284 23340 26340 2 4 3000
285 27660 30660 4 2 3000
286 30780 31500 2 0 720
287 33060 36060 4 2 3000
288 36180 36900 2 0 720
289 38460 41460 4 2 3000
290 41580 42300 2 0 720
291 43860 46860 4 2 3000
292 46980 47700 2 0 720
293 49260 52260 4 2 3000
294 52380 53100 2 0 720
295 54660 57660 4 2 3000
296 57780 58500 2 0 720
297 60060 63060 4 2 3000
298 63180 63900 2 0 720
299 65460 68460 4 2 3000
300 68580 69300 2 0 720
301 70860 73860 4 2 3000
302 73980 74700 2 0 720
303 76260 79260 4 2 3000
304 79380 80100 2 0 720
308 31020 33180 14 8 2160
309 33300 33900 8 9 600
310 34020 35460 9 1 1440
311 38220 40380 14 8 2160
312 40500 41100 8 9 600
313 41220 42660 9 1 1440
314 45420 47580 14 8 2160
315 47700 48300 8 9 600
316 48420 49860 9 1 1440
317 52620 54780 14 8 2160
318 54900 55500 8 9 600
319 55620 57060 9 1 1440
320 59820 61980 14 8 2160
321 62100 62700 8 9 600
322 62820 64260 9 1 1440
323 67020 69180 14 8 2160
324 69300 69900 8 9 600
325 70020 71460 9 1 1440
326 74220 76380 14 8 2160
327 76500 77100 8 9 600
328 77220 78660 9 1 1440
332 28200 28800 9 8 600
333 28920 29820 8 0 900
334 32940 33840 0 8 900
335 34080 34680 8 9 600
336 34800 36240 9 1 1440
337 36360 37980 1 13 1620
338 38100 40200 13 11 2100
339 43740 44640 0 8 900
340 44880 45480 8 9 600
341 45600 47040 9 1 1440
342 47160 48780 1 13 1620
343 48900 51000 13 11 2100
344 54540 55440 0 8 900
345 55680 56280 8 9 600
346 56400 57840 9 1 1440
347 57960 59580 1 13 1620
348 59700 61800 13 11 2100
349 65340 66240 0 8 900
350 66480 67080 8 9 600
351 67200 68640 9 1 1440
352 68760 70380 1 13 1620
353 70500 72600 13 11 2100
354 76140 77040 0 8 900
355 77280 77880 8 9 600
356 78000 79440 9 1 1440
361 27540 29520 1 0 1980
362 31440 33420 0 1 1980
363 33540 36000 1 5 2460
364 36120 38280 5 6 2160
365 42240 44220 0 1 1980
366 44340 46800 1 5 2460
367 46920 49080 5 6 2160
368 53040 55020 0 1 1980
369 55140 57600 1 5 2460
370 57720 59880 5 6 2160
371 63840 65820 0 1 1980
372 65940 68400 1 5 2460
373 68520 70680 5 6 2160
374 74640 76620 0 1 1980
375 76740 79200 1 5 2460
380 32400 33000 8 9 600
381 36840 39480 7 8 2640
382 39600 40200 8 9 600
383 44040 46680 7 8 2640
384 46800 47400 8 9 600
385 51240 53880 7 8 2640
386 54000 54600 8 9 600
387 58440 61080 7 8 2640
388 61200 61800 8 9 600
389 65640 68280 7 8 2640
390 68400 69000 8 9 600
391 72840 75480 7 8 2640
392 75600 76200 8 9 600
394 25260 26820 3 2 1560
395 26940 27540 2 10 600
396 28800 29400 10 2 600
397 29520 31080 2 3 1560
398 31200 33360 3 4 2160
399 36000 36600 10 2 600
400 36720 38280 2 3 1560
401 38400 40560 3 4 2160
402 43200 43800 10 2 600
403 43920 45480 2 3 1560
404 45600 47760 3 4 2160
405 50400 51000 10 2 600
406 51120 52680 2 3 1560
407 52800 54960 3 4 2160
408 57600 58200 10 2 600
409 58320 59880 2 3 1560
410 60000 62160 3 4 2160
411 64800 65400 10 2 600
412 65520 67080 2 3 1560
413 67200 69360 3 4 2160
414 72000 72600 10 2 600
415 72720 74280 2 3 1560
416 74400 76560 3 4 2160
418 24900 27420 2 1 2520
419 27540 29160 1 13 1620
420 29280 31380 13 11 2100
421 35160 37260 11 13 2100
422 37380 39000 13 1 1620
423 39120 41640 1 2 2520
424 41760 43320 2 3 1560
425 45960 48060 11 13 2100
426 48180 49800 13 1 1620
427 49920 52440 1 2 2520
428 52560 54120 2 3 1560
429 56760 58860 11 13 2100
430 58980 60600 13 1 1620
431 60720 63240 1 2 2520
432 63360 64920 2 3 1560
433 67560 69660 11 13 2100
434 69780 71400 13 1 1620
435 71520 74040 1 2 2520
436 74160 75720 2 3 1560
437 78360 80460 11 13 2100
438 80580 82200 13 1 1620
439 82320 84840 1 2 2520
440 84960 86520 2 3 1560
443 27120 27840 0 2 720
444 27960 29520 2 3 1560
445 31680 33240 3 2 1560
446 33360 34080 2 0 720
447 34200 35100 0 8 900
448 35220 37860 8 7 2640
449 38880 40440 3 2 1560
450 40560 41280 2 0 720
451 41400 42300 0 8 900
452 42420 45060 8 7 2640
453 46080 47640 3 2 1560
454 47760 48480 2 0 720
455 48600 49500 0 8 900
456 49620 52260 8 7 2640
457 53280 54840 3 2 1560
458 54960 55680 2 0 720
459 55800 56700 0 8 900
460 56820 59460 8 7 2640
461 60480 62040 3 2 1560
462 62160 62880 2 0 720
463 63000 63900 0 8 900
464 64020 66660 8 7 2640
465 67680 69240 3 2 1560
466 69360 70080 2 0 720
467 70200 71100 0 8 900
468 71220 73860 8 7 2640
469 74880 76440 3 2 1560
470 76560 77280 2 0 720
471 77400 78300 0 8 900
474 24120 24840 2 0 720
475 24960 25860 0 8 900
476 25980 26580 8 9 600
477 29160 29760 9 8 600
478 29880 30780 8 0 900
479 30900 31620 0 2 720
480 31740 32340 2 10 600
481 36360 36960 9 8 600
482 37080 37980 8 0 900
483 38100 38820 0 2 720
484 38940 39540 2 10 600
485 43560 44160 9 8 600
486 44280 45180 8 0 900
487 45300 46020 0 2 720
488 46140 46740 2 10 600
489 50760 51360 9 8 600
490 51480 52380 8 0 900
491 52500 53220 0 2 720
492 53340 53940 2 10 600
493 57960 58560 9 8 600
494 58680 59580 8 0 900
495 59700 60420 0 2 720
496 60540 61140 2 10 600
497 65160 65760 9 8 600
498 65880 66780 8 0 900
499 66900 67620 0 2 720
500 67740 68340 2 10 600
501 72360 72960 9 8 600
502 73080 73980 8 0 900
503 74100 74820 0 2 720
504 74940 75540 2 10 600
506 24360 25080 2 0 720
507 25200 26100 0 8 900
508 26220 28080 8 12 1860
509 31320 33180 12 8 1860
510 33300 34200 8 0 900
511 34320 35040 0 2 720
512 35160 35760 2 10 600
513 38520 40380 12 8 1860
514 40500 41400 8 0 900
515 41520 42240 0 2 720
516 42360 42960 2 10 600
517 45720 47580 12 8 1860
518 47700 48600 8 0 900
519 48720 49440 0 2 720
520 49560 50160 2 10 600
521 52920 54780 12 8 1860
522 54900 55800 8 0 900
523 55920 56640 0 2 720
524 56760 57360 2 10 600
525 60120 61980 12 8 1860
526 62100 63000 8 0 900
527 63120 63840 0 2 720
528 63960 64560 2 10 600
529 67320 69180 12 8 1860
530 69300 70200 8 0 900
531 70320 71040 0 2 720
532 71160 71760 2 10 600
533 74520 76380 12 8 1860
534 76500 77400 8 0 900
535 77520 78240 0 2 720
536 78360 78960 2 10 600
538 24360 26880 2 1 2520
539 27000 29460 1 5 2460
540 29580 31740 5 6 2160
541 34860 37020 6 5 2160
542 37140 39600 5 1 2460
543 39720 42240 1 2 2520
544 42360 42960 2 10 600
545 45660 47820 6 5 2160
546 47940 50400 5 1 2460
547 50520 53040 1 2 2520
548 53160 53760 2 10 600
549 56460 58620 6 5 2160
550 58740 61200 5 1 2460
551 61320 63840 1 2 2520
552 63960 64560 2 10 600
553 67260 69420 6 5 2160
554 69540 72000 5 1 2460
555 72120 74640 1 2 2520
556 74760 75360 2 10 600
557 78060 80220 6 5 2160
558 80340 82800 5 1 2460
559 82920 85440 1 2 2520
564 29700 31140 1 9 1440
565 31260 31860 9 8 600
566 31980 34140 8 14 2160
567 36900 38340 1 9 1440
568 38460 39060 9 8 600
569 39180 41340 8 14 2160
570 44100 45540 1 9 1440
571 45660 46260 9 8 600
572 46380 48540 8 14 2160
573 51300 52740 1 9 1440
574 52860 53460 9 8 600
575 53580 55740 8 14 2160
576 58500 59940 1 9 1440
577 60060 60660 9 8 600
578 60780 62940 8 14 2160
579 65700 67140 1 9 1440
580 67260 67860 9 8 600
581 67980 70140 8 14 2160
582 72900 74340 1 9 1440
583 74460 75060 9 8 600
584 75180 77340 8 14 2160
587 31320 33120 13 7 1800
588 33360 36000 7 8 2640
589 38520 40320 13 7 1800
590 40560 43200 7 8 2640
591 45720 47520 13 7 1800
592 47760 50400 7 8 2640
593 52920 54720 13 7 1800
594 54960 57600 7 8 2640
595 60120 61920 13 7 1800
596 62160 64800 7 8 2640
597 67320 69120 13 7 1800
598 69360 72000 7 8 2640
599 74520 76320 13 7 1800
600 76560 79200 7 8 2640
604 32700 34860 6 5 2160
605 34980 37080 5 13 2100
606 37320 38940 13 1 1620
607 39900 42060 6 5 2160
608 42180 44280 5 13 2100
609 44520 46140 13 1 1620
610 47100 49260 6 5 2160
611 49380 51480 5 13 2100
612 51720 53340 13 1 1620
613 54300 56460 6 5 2160
614 56580 58680 5 13 2100
615 58920 60540 13 1 1620
616 61500 63660 6 5 2160
617 63780 65880 5 13 2100
618 66120 67740 13 1 1620
619 68700 70860 6 5 2160
620 70980 73080 5 13 2100
621 73320 74940 13 1 1620
622 75900 78060 6 5 2160
623 78180 80280 5 13 2100
624 80520 82140 13 1 1620
626 27180 27900 2 0 720
627 29700 30420 0 2 720
628 30540 33540 2 4 3000
629 35100 35820 0 2 720
630 35940 38940 2 4 3000
631 40500 41220 0 2 720
632 41340 44340 2 4 3000
633 45900 46620 0 2 720
634 46740 49740 2 4 3000
635 51300 52020 0 2 720
636 52140 55140 2 4 3000
637 56700 57420 0 2 720
638 57540 60540 2 4 3000
639 62100 62820 0 2 720
640 62940 65940 2 4 3000
641 67500 68220 0 2 720
642 68340 71340 2 4 3000
643 72900 73620 0 2 720
644 73740 76740 2 4 3000
645 78300 79020 0 2 720
646 79140 82140 2 4 3000
649 28920 31440 1 2 2520
650 31560 32160 2 10 600
651 34440 35040 10 2 600
652 35160 37680 2 1 2520
653 37800 40260 1 5 2460
654 40380 42540 5 6 2160
655 45240 45840 10 2 600
656 45960 48480 2 1 2520
657 48600 51060 1 5 2460
658 51180 53340 5 6 2160
659 56040 56640 10 2 600
660 56760 59280 2 1 2520
661 59400 61860 1 5 2460
662 61980 64140 5 6 2160
663 66840 67440 10 2 600
664 67560 70080 2 1 2520
665 70200 72660 1 5 2460
666 72780 74940 5 6 2160
667 77640 78240 10 2 600
668 78360 80880 2 1 2520
673 27120 27840 0 2 720
674 27960 28560 2 10 600
675 30840 31440 10 2 600
676 31560 32280 2 0 720
677 32400 33300 0 8 900
678 33420 35280 8 12 1860
679 38040 38640 10 2 600
680 38760 39480 2 0 720
681 39600 40500 0 8 900
682 40620 42480 8 12 1860
683 45240 45840 10 2 600
684 45960 46680 2 0 720
685 46800 47700 0 8 900
686 47820 49680 8 12 1860
687 52440 53040 10 2 600
688 53160 53880 2 0 720
689 54000 54900 0 8 900
690 55020 56880 8 12 1860
691 59640 60240 10 2 600
692 60360 61080 2 0 720
693 61200 62100 0 8 900
694 62220 64080 8 12 1860
695 66840 67440 10 2 600
696 67560 68280 2 0 720
697 68400 69300 0 8 900
698 69420 71280 8 12 1860
699 74040 74640 10 2 600
700 74760 75480 2 0 720
701 75600 76500 0 8 900
705 31140 33780 8 7 2640
706 33900 35700 7 13 1800
707 38340 40980 8 7 2640
708 41100 42900 7 13 1800
709 45540 48180 8 7 2640
710 48300 50100 7 13 1800
711 52740 55380 8 7 2640
712 55500 57300 7 13 1800
713 59940 62580 8 7 2640
714 62700 64500 7 13 1800
715 67140 69780 8 7 2640
716 69900 71700 7 13 1800
717 74340 76980 8 7 2640
718 77100 78900 7 13 1800
722 33480 35640 6 5 2160
723 35760 38220 5 1 2460
724 38340 40320 1 0 1980
725 44280 46440 6 5 2160
726 46560 49020 5 1 2460
727 49140 51120 1 0 1980
728 55080 57240 6 5 2160
729 57360 59820 5 1 2460
730 59940 61920 1 0 1980
731 65880 68040 6 5 2160
732 68160 70620 5 1 2460
733 70740 72720 1 0 1980
734 76680 78840 6 5 2160
735 78960 81420 5 1 2460
738 25140 27900 2 14 2760
739 29700 32460 14 2 2760
740 32580 33300 2 0 720
741 35100 37860 14 2 2760
742 37980 38700 2 0 720
743 40500 43260 14 2 2760
744 43380 44100 2 0 720
745 45900 48660 14 2 2760
746 48780 49500 2 0 720
747 51300 54060 14 2 2760
748 54180 54900 2 0 720
749 56700 59460 14 2 2760
750 59580 60300 2 0 720
751 62100 64860 14 2 2760
752 64980 65700 2 0 720
753 67500 70260 14 2 2760
754 70380 71100 2 0 720
755 72900 75660 14 2 2760
756 75780 76500 2 0 720
757 78300 81060 14 2 2760
760 27180 27900 2 0 720
761 29700 30420 0 2 720
762 30540 33300 2 14 2760
763 35100 35820 0 2 720
764 35940 38700 2 14 2760
765 40500 41220 0 2 720
766 41340 44100 2 14 2760
767 45900 46620 0 2 720
768 46740 49500 2 14 2760
769 51300 52020 0 2 720
770 52140 54900 2 14 2760
771 56700 57420 0 2 720
772 57540 60300 2 14 2760
773 62100 62820 0 2 720
774 62940 65700 2 14 2760
775 67500 68220 0 2 720
776 68340 71100 2 14 2760
777 72900 73620 0 2 720
778 73740 76500 2 14 2760
779 78300 79020 0 2 720
782 25140 28140 2 4 3000
783 29460 32460 4 2 3000
784 32580 33300 2 0 720
785 34860 37860 4 2 3000
786 37980 38700 2 0 720
787 40260 43260 4 2 3000
788 43380 44100 2 0 720
789 45660 48660 4 2 3000
790 48780 49500 2 0 720
791 51060 54060 4 2 3000
792 54180 54900 2 0 720
793 56460 59460 4 2 3000
794 59580 60300 2 0 720
795 61860 64860 4 2 3000
796 64980 65700 2 0 720
797 67260 70260 4 2 3000
798 70380 71100 2 0 720
799 72660 75660 4 2 3000
800 75780 76500 2 0 720
801 78060 81060 4 2 3000
805 28320 30840 1 2 2520
806 30960 32520 2 3 1560
807 34020 35580 3 2 1560
808 35700 38220 2 1 2520
809 38340 39960 1 13 1620
810 40080 42180 13 11 2100
811 44820 46380 3 2 1560
812 46500 49020 2 1 2520
813 49140 50760 1 13 1620
814 50880 52980 13 11 2100
815 55620 57180 3 2 1560
816 57300 59820 2 1 2520
817 59940 61560 1 13 1620
818 61680 63780 13 11 2100
819 66420 67980 3 2 1560
820 68100 70620 2 1 2520
821 70740 72360 1 13 1620
822 72480 74580 13 11 2100
823 77220 78780 3 2 1560
824 78900 81420 2 1 2520
827 24480 26040 3 2 1560
828 26160 26880 2 0 720
829 27000 27900 0 8 900
830 28020 30660 8 7 2640
831 34140 36780 7 8 2640
832 36900 37800 8 0 900
833 37920 38640 0 2 720
834 38760 40320 2 3 1560
835 41340 43980 7 8 2640
836 44100 45000 8 0 900
837 45120 45840 0 2 720
838 45960 47520 2 3 1560
839 48540 51180 7 8 2640
840 51300 52200 8 0 900
841 52320 53040 0 2 720
842 53160 54720 2 3 1560
843 55740 58380 7 8 2640
844 58500 59400 8 0 900
845 59520 60240 0 2 720
846 60360 61920 2 3 1560
847 62940 65580 7 8 2640
848 65700 66600 8 0 900
849 66720 67440 0 2 720
850 67560 69120 2 3 1560
851 70140 72780 7 8 2640
852 72900 73800 8 0 900
853 73920 74640 0 2 720
854 74760 76320 2 3 1560
855 77340 79980 7 8 2640
856 80100 81000 8 0 900
857 81120 81840 0 2 720
858 81960 83520 2 3 1560
861 27000 28860 8 12 1860
862 32100 33960 12 8 1860
863 34080 34680 8 9 600
864 34800 36240 9 1 1440
865 39300 41160 12 8 1860
866 41280 41880 8 9 600
867 42000 43440 9 1 1440
868 46500 48360 12 8 1860
869 48480 49080 8 9 600
870 49200 50640 9 1 1440
871 53700 55560 12 8 1860
872 55680 56280 8 9 600
873 56400 57840 9 1 1440
874 60900 62760 12 8 1860
875 62880 63480 8 9 600
876 63600 65040 9 1 1440
877 68100 69960 12 8 1860
878 70080 70680 8 9 600
879 70800 72240 9 1 1440
880 75300 77160 12 8 1860
881 77280 77880 8 9 600
882 78000 79440 9 1 1440
883 24900 27420 2 1 2520
884 27540 29160 1 13 1620
885 29280 31080 13 7 1800
886 32460 34260 7 13 1800
887 34380 36000 13 1 1620
888 36120 38640 1 2 2520
889 39660 41460 7 13 1800
890 41580 43200 13 1 1620
891 43320 45840 1 2 2520
892 46860 48660 7 13 1800
893 48780 50400 13 1 1620
894 50520 53040 1 2 2520
895 54060 55860 7 13 1800
896 55980 57600 13 1 1620
897 57720 60240 1 2 2520
898 61260 63060 7 13 1800
899 63180 64800 13 1 1620
900 64920 67440 1 2 2520
901 68460 70260 7 13 1800
902 70380 72000 13 1 1620
903 72120 74640 1 2 2520
904 75660 77460 7 13 1800
905 77580 79200 13 1 1620
906 79320 81840 1 2 2520
908 26880 27480 8 9 600
909 27600 29040 9 1 1440
910 31920 33360 1 9 1440
911 33480 34080 9 8 600
912 34200 36060 8 12 1860
913 39120 40560 1 9 1440
914 40680 41280 9 8 600
915 41400 43260 8 12 1860
916 46320 47760 1 9 1440
917 47880 48480 9 8 600
918 48600 50460 8 12 1860
919 53520 54960 1 9 1440
920 55080 55680 9 8 600
921 55800 57660 8 12 1860
922 60720 62160 1 9 1440
923 62280 62880 9 8 600
924 63000 64860 8 12 1860
925 67920 69360 1 9 1440
926 69480 70080 9 8 600
927 70200 72060 8 12 1860
928 75120 76560 1 9 1440
929 76680 77280 9 8 600
933 28500 30240 14 12 1740
934 32640 34380 12 14 1740
935 34620 36780 14 8 2160
936 36900 37800 8 0 900
937 39840 41580 12 14 1740
938 41820 43980 14 8 2160
939 44100 45000 8 0 900
940 47040 48780 12 14 1740
941 49020 51180 14 8 2160
942 51300 52200 8 0 900
943 54240 55980 12 14 1740
944 56220 58380 14 8 2160
945 58500 59400 8 0 900
946 61440 63180 12 14 1740
947 63420 65580 14 8 2160
948 65700 66600 8 0 900
949 68640 70380 12 14 1740
950 70620 72780 14 8 2160
951 72900 73800 8 0 900
952 75840 77580 12 14 1740
956 25920 27480 2 3 1560
957 27600 29760 3 4 2160
958 33660 35820 4 3 2160
959 36060 37620 3 2 1560
960 37740 38340 2 10 600
961 40860 43020 4 3 2160
962 43260 44820 3 2 1560
963 44940 45540 2 10 600
964 48060 50220 4 3 2160
965 50460 52020 3 2 1560
966 52140 52740 2 10 600
967 55260 57420 4 3 2160
968 57660 59220 3 2 1560
969 59340 59940 2 10 600
970 62460 64620 4 3 2160
971 64860 66420 3 2 1560
972 66540 67140 2 10 600
973 69660 71820 4 3 2160
974 72060 73620 3 2 1560
975 73740 74340 2 10 600
976 76860 79020 4 3 2160
977 79260 80820 3 2 1560
981 28920 31440 1 2 2520
982 32100 34620 2 1 2520
983 34740 36360 1 13 1620
984 36480 38280 13 7 1800
985 39300 41820 2 1 2520
986 41940 43560 1 13 1620
987 43680 45480 13 7 1800
988 46500 49020 2 1 2520
989 49140 50760 1 13 1620
990 50880 52680 13 7 1800
991 53700 56220 2 1 2520
992 56340 57960 1 13 1620
993 58080 59880 13 7 1800
994 60900 63420 2 1 2520
995 63540 65160 1 13 1620
996 65280 67080 13 7 1800
997 68100 70620 2 1 2520
998 70740 72360 1 13 1620
999 72480 74280 13 7 1800
1000 75300 77820 2 1 2520
1001 77940 79560 1 13 1620
1004 27420 29580 14 8 2160
1005 29700 30600 8 0 900
1006 32400 33300 0 8 900
1007 33420 35580 8 14 2160
1008 35700 37440 14 12 1740
1009 39600 40500 0 8 900
1010 40620 42780 8 14 2160
1011 42900 44640 14 12 1740
1012 46800 47700 0 8 900
1013 47820 49980 8 14 2160
1014 50100 51840 14 12 1740
1015 54000 54900 0 8 900
1016 55020 57180 8 14 2160
1017 57300 59040 14 12 1740
1018 61200 62100 0 8 900
1019 62220 64380 8 14 2160
1020 64500 66240 14 12 1740
1021 68400 69300 0 8 900
1022 69420 71580 8 14 2160
1023 71700 73440 14 12 1740
1024 75600 76500 0 8 900
1029 30120 31740 13 1 1620
1030 34740 36360 1 13 1620
1031 36600 38700 13 5 2100
1032 38820 40980 5 6 2160
1033 41940 43560 1 13 1620
1034 43800 45900 13 5 2100
1035 46020 48180 5 6 2160
1036 49140 50760 1 13 1620
1037 51000 53100 13 5 2100
1038 53220 55380 5 6 2160
1039 56340 57960 1 13 1620
1040 58200 60300 13 5 2100
1041 60420 62580 5 6 2160
1042 63540 65160 1 13 1620
1043 65400 67500 13 5 2100
1044 67620 69780 5 6 2160
1045 70740 72360 1 13 1620
1046 72600 74700 13 5 2100
1047 74820 76980 5 6 2160
1048 77940 79560 1 13 1620
1053 27300 28020 0 2 720
1054 28140 28740 2 10 600
1055 30600 31200 10 2 600
1056 31320 32040 2 0 720
1057 32160 33060 0 8 900
1058 33180 33780 8 9 600
1059 37800 38400 10 2 600
1060 38520 39240 2 0 720
1061 39360 40260 0 8 900
1062 40380 40980 8 9 600
1063 45000 45600 10 2 600
1064 45720 46440 2 0 720
1065 46560 47460 0 8 900
1066 47580 48180 8 9 600
1067 52200 52800 10 2 600
1068 52920 53640 2 0 720
1069 53760 54660 0 8 900
1070 54780 55380 8 9 600
1071 59400 60000 10 2 600
1072 60120 60840 2 0 720
1073 60960 61860 0 8 900
1074 61980 62580 8 9 600
1075 66600 67200 10 2 600
1076 67320 68040 2 0 720
1077 68160 69060 0 8 900
1078 69180 69780 8 9 600
1079 73800 74400 10 2 600
1080 74520 75240 2 0 720
1081 75360 76260 0 8 900
1082 76380 76980 8 9 600
1083 25740 26640 0 8 900
1084 26880 27480 8 9 600
1085 27600 29040 9 1 1440
1086 29160 30780 1 13 1620
1087 30900 33000 13 11 2100
1088 37080 39180 11 13 2100
1089 39300 40920 13 1 1620
1090 41040 42480 1 9 1440
1091 42600 43200 9 8 600
1092 43320 44220 8 0 900
1093 47880 49980 11 13 2100
1094 50100 51720 13 1 1620
1095 51840 53280 1 9 1440
1096 53400 54000 9 8 600
1097 54120 55020 8 0 900
1098 58680 60780 11 13 2100
1099 60900 62520 13 1 1620
1100 62640 64080 1 9 1440
1101 64200 64800 9 8 600
1102 64920 65820 8 0 900
1103 69480 71580 11 13 2100
1104 71700 73320 13 1 1620
1105 73440 74880 1 9 1440
1106 75000 75600 9 8 600
1107 75720 76620 8 0 900
1109 28980 29700 2 0 720
1110 31500 32220 0 2 720
1111 32340 35340 2 4 3000
1112 36900 37620 0 2 720
1113 37740 40740 2 4 3000
1114 42300 43020 0 2 720
1115 43140 46140 2 4 3000
1116 47700 48420 0 2 720
1117 48540 51540 2 4 3000
1118 53100 53820 0 2 720
1119 53940 56940 2 4 3000
1120 58500 59220 0 2 720
1121 59340 62340 2 4 3000
1122 63900 64620 0 2 720
1123 64740 67740 2 4 3000
1124 69300 70020 0 2 720
1125 70140 73140 2 4 3000
1126 74700 75420 0 2 720
1129 28800 29400 8 9 600
1130 33480 34080 9 8 600
1131 34200 36840 8 7 2640
1132 40680 41280 9 8 600
1133 41400 44040 8 7 2640
1134 47880 48480 9 8 600
1135 48600 51240 8 7 2640
1136 55080 55680 9 8 600
1137 55800 58440 8 7 2640
1138 62280 62880 9 8 600
1139 63000 65640 8 7 2640
1140 69480 70080 9 8 600
1141 70200 72840 8 7 2640
1142 76680 77280 9 8 600
1144 26100 26820 0 2 720
1145 26940 29700 2 14 2760
1146 31500 34260 14 2 2760
1147 34380 35100 2 0 720
1148 36900 39660 14 2 2760
1149 39780 40500 2 0 720
1150 42300 45060 14 2 2760
1151 45180 45900 2 0 720
1152 47700 50460 14 2 2760
1153 50580 51300 2 0 720
1154 53100 55860 14 2 2760
1155 55980 56700 2 0 720
1156 58500 61260 14 2 2760
1157 61380 62100 2 0 720
1158 63900 66660 14 2 2760
1159 66780 67500 2 0 720
1160 69300 72060 14 2 2760
1161 72180 72900 2 0 720
1162 74700 77460 14 2 2760
1163 77580 78300 2 0 720
1165 28980 29700 2 0 720
1166 31500 32220 0 2 720
1167 32340 35100 2 14 2760
1168 36900 37620 0 2 720
1169 37740 40500 2 14 2760
1170 42300 43020 0 2 720
1171 43140 45900 2 14 2760
1172 47700 48420 0 2 720
1173 48540 51300 2 14 2760
1174 53100 53820 0 2 720
1175 53940 56700 2 14 2760
1176 58500 59220 0 2 720
1177 59340 62100 2 14 2760
1178 63900 64620 0 2 720
1179 64740 67500 2 14 2760
1180 69300 70020 0 2 720
1181 70140 72900 2 14 2760
1182 74700 75420 0 2 720
1184 26100 26820 0 2 720
1185 26940 29940 2 4 3000
1186 31260 34260 4 2 3000
1187 34380 35100 2 0 720
1188 36660 39660 4 2 3000
1189 39780 40500 2 0 720
1190 42060 45060 4 2 3000
1191 45180 45900 2 0 720
1192 47460 50460 4 2 3000
1193 50580 51300 2 0 720
1194 52860 55860 4 2 3000
1195 55980 56700 2 0 720
1196 58260 61260 4 2 3000
1197 61380 62100 2 0 720
1198 63660 66660 4 2 3000
1199 66780 67500 2 0 720
1200 69060 72060 4 2 3000
1201 72180 72900 2 0 720
1202 74460 77460 4 2 3000
1203 77580 78300 2 0 720
1205 27660 28260 9 8 600
1206 28380 30540 8 14 2160
1207 34620 36780 14 8 2160
1208 36900 37500 8 9 600
1209 37620 39060 9 1 1440
1210 41820 43980 14 8 2160
1211 44100 44700 8 9 600
1212 44820 46260 9 1 1440
1213 49020 51180 14 8 2160
1214 51300 51900 8 9 600
1215 52020 53460 9 1 1440
1216 56220 58380 14 8 2160
1217 58500 59100 8 9 600
1218 59220 60660 9 1 1440
1219 63420 65580 14 8 2160
1220 65700 66300 8 9 600
1221 66420 67860 9 1 1440
1222 70620 72780 14 8 2160
1223 72900 73500 8 9 600
1224 73620 75060 9 1 1440
1225 77820 79980 14 8 2160
1226 80100 80700 8 9 600
1227 80820 82260 9 1 1440
1230 30240 31680 1 9 1440
1231 31800 32400 9 8 600
1232 32520 33420 8 0 900
1233 36540 37440 0 8 900
1234 37680 38280 8 9 600
1235 38400 39840 9 1 1440
1236 39960 41580 1 13 1620
1237 41700 43800 13 11 2100
1238 47340 48240 0 8 900
1239 48480 49080 8 9 600
1240 49200 50640 9 1 1440
1241 50760 52380 1 13 1620
1242 52500 54600 13 11 2100
1243 58140 59040 0 8 900
1244 59280 59880 8 9 600
1245 60000 61440 9 1 1440
1246 61560 63180 1 13 1620
1247 63300 65400 13 11 2100
1248 68940 69840 0 8 900
1249 70080 70680 8 9 600
1250 70800 72240 9 1 1440
1251 72360 73980 1 13 1620
1252 74100 76200 13 11 2100
1255 31140 33120 1 0 1980
1256 35040 37020 0 1 1980
1257 37140 39600 1 5 2460
1258 39720 41880 5 6 2160
1259 45840 47820 0 1 1980
1260 47940 50400 1 5 2460
1261 50520 52680 5 6 2160
1262 56640 58620 0 1 1980
1263 58740 61200 1 5 2460
1264 61320 63480 5 6 2160
1265 67440 69420 0 1 1980
1266 69540 72000 1 5 2460
1267 72120 74280 5 6 2160
1268 78240 80220 0 1 1980
1272 27000 29640 8 7 2640
1273 33240 35880 7 8 2640
1274 36000 36600 8 9 600
1275 40440 43080 7 8 2640
1276 43200 43800 8 9 600
1277 47640 50280 7 8 2640
1278 50400 51000 8 9 600
1279 54840 57480 7 8 2640
1280 57600 58200 8 9 600
1281 62040 64680 7 8 2640
1282 64800 65400 8 9 600
1283 69240 71880 7 8 2640
1284 72000 72600 8 9 600
1285 76440 79080 7 8 2640
1286 79200 79800 8 9 600
1288 28860 30420 3 2 1560
1289 30540 31140 2 10 600
1290 32400 33000 10 2 600
1291 33120 34680 2 3 1560
1292 34800 36960 3 4 2160
1293 39600 40200 10 2 600
1294 40320 41880 2 3 1560
1295 42000 44160 3 4 2160
1296 46800 47400 10 2 600
1297 47520 49080 2 3 1560
1298 49200 51360 3 4 2160
1299 54000 54600 10 2 600
1300 54720 56280 2 3 1560
1301 56400 58560 3 4 2160
1302 61200 61800 10 2 600
1303 61920 63480 2 3 1560
1304 63600 65760 3 4 2160
1305 68400 69000 10 2 600
1306 69120 70680 2 3 1560
1307 70800 72960 3 4 2160
1308 75600 76200 10 2 600
1309 76320 77880 2 3 1560
1311 26820 28380 3 2 1560
1312 28500 31020 2 1 2520
1313 31140 32760 1 13 1620
1314 32880 34980 13 11 2100
1315 38760 40860 11 13 2100
1316 40980 42600 13 1 1620
1317 42720 45240 1 2 2520
1318 45360 46920 2 3 1560
1319 49560 51660 11 13 2100
1320 51780 53400 13 1 1620
1321 53520 56040 1 2 2520
1322 56160 57720 2 3 1560
1323 60360 62460 11 13 2100
1324 62580 64200 13 1 1620
1325 64320 66840 1 2 2520
1326 66960 68520 2 3 1560
1327 71160 73260 11 13 2100
1328 73380 75000 13 1 1620
1329 75120 77640 1 2 2520
1330 77760 79320 2 3 1560
1332 29700 30600 8 0 900
1333 30720 31440 0 2 720
1334 31560 33120 2 3 1560
1335 35280 36840 3 2 1560
1336 36960 37680 2 0 720
1337 37800 38700 0 8 900
1338 38820 41460 8 7 2640
1339 42480 44040 3 2 1560
1340 44160 44880 2 0 720
1341 45000 45900 0 8 900
1342 46020 48660 8 7 2640
1343 49680 51240 3 2 1560
1344 51360 52080 2 0 720
1345 52200 53100 0 8 900
1346 53220 55860 8 7 2640
1347 56880 58440 3 2 1560
1348 58560 59280 2 0 720
1349 59400 60300 0 8 900
1350 60420 63060 8 7 2640
1351 64080 65640 3 2 1560
1352 65760 66480 2 0 720
1353 66600 67500 0 8 900
1354 67620 70260 8 7 2640
1355 71280 72840 3 2 1560
1356 72960 73680 2 0 720
1357 73800 74700 0 8 900
1359 78480 80040 3 2 1560
1363 27240 27840 10 2 600
1364 27960 28680 2 0 720
1365 28800 29700 0 8 900
1366 29820 31680 8 12 1860
1367 34920 36780 12 8 1860
1368 36900 37800 8 0 900
1369 37920 38640 0 2 720
1370 38760 39360 2 10 600
1371 42120 43980 12 8 1860
1372 44100 45000 8 0 900
1373 45120 45840 0 2 720
1374 45960 46560 2 10 600
1375 49320 51180 12 8 1860
1376 51300 52200 8 0 900
1377 52320 53040 0 2 720
1378 53160 53760 2 10 600
1379 56520 58380 12 8 1860
1380 58500 59400 8 0 900
1381 59520 60240 0 2 720
1382 60360 60960 2 10 600
1383 63720 65580 12 8 1860
1384 65700 66600 8 0 900
1385 66720 67440 0 2 720
1386 67560 68160 2 10 600
1387 70920 72780 12 8 1860
1388 72900 73800 8 0 900
1389 73920 74640 0 2 720
1390 74760 75360 2 10 600
1391 78120 79980 12 8 1860
1392 80100 81000 8 0 900
1393 81120 81840 0 2 720
1395 27240 27840 10 2 600
1396 27960 30480 2 1 2520
1397 30600 33060 1 5 2460
1398 33180 35340 5 6 2160
1399 38460 40620 6 5 2160
1400 40740 43200 5 1 2460
1401 43320 45840 1 2 2520
1402 45960 46560 2 10 600
1403 49260 51420 6 5 2160
1404 51540 54000 5 1 2460
1405 54120 56640 1 2 2520
1406 56760 57360 2 10 600
1407 60060 62220 6 5 2160
1408 62340 64800 5 1 2460
1409 64920 67440 1 2 2520
1410 67560 68160 2 10 600
1411 70860 73020 6 5 2160
1412 73140 75600 5 1 2460
1413 75720 78240 1 2 2520
1414 78360 78960 2 10 600
1415 27420 29580 14 8 2160
1416 29700 30300 8 9 600
1417 30420 31860 9 1 1440
1418 33300 34740 1 9 1440
1419 34860 35460 9 8 600
1420 35580 37740 8 14 2160
1421 40500 41940 1 9 1440
1422 42060 42660 9 8 600
1423 42780 44940 8 14 2160
1424 47700 49140 1 9 1440
1425 49260 49860 9 8 600
1426 49980 52140 8 14 2160
1427 54900 56340 1 9 1440
1428 56460 57060 9 8 600
1429 57180 59340 8 14 2160
1430 62100 63540 1 9 1440
1431 63660 64260 9 8 600
1432 64380 66540 8 14 2160
1433 69300 70740 1 9 1440
1434 70860 71460 9 8 600
1435 71580 73740 8 14 2160
1436 76500 77940 1 9 1440
1437 78060 78660 9 8 600
1439 27540 30180 8 7 2640
1440 30300 32100 7 13 1800
1441 34920 36720 13 7 1800
1442 36960 39600 7 8 2640
1443 42120 43920 13 7 1800
1444 44160 46800 7 8 2640
1445 49320 51120 13 7 1800
1446 51360 54000 7 8 2640
1447 56520 58320 13 7 1800
1448 58560 61200 7 8 2640
1449 63720 65520 13 7 1800
1450 65760 68400 7 8 2640
1451 70920 72720 13 7 1800
1452 72960 75600 7 8 2640
1455 27540 29160 1 13 1620
1456 29400 31500 13 5 2100
1457 31620 33780 5 6 2160
1458 36300 38460 6 5 2160
1459 38580 40680 5 13 2100
1460 40920 42540 13 1 1620
1461 43500 45660 6 5 2160
1462 45780 47880 5 13 2100
1463 48120 49740 13 1 1620
1464 50700 52860 6 5 2160
1465 52980 55080 5 13 2100
1466 55320 56940 13 1 1620
1467 57900 60060 6 5 2160
1468 60180 62280 5 13 2100
1469 62520 64140 13 1 1620
1470 65100 67260 6 5 2160
1471 67380 69480 5 13 2100
1472 69720 71340 13 1 1620
1473 72300 74460 6 5 2160
1474 74580 76680 5 13 2100
1475 76920 78540 13 1 1620
1478 32520 35040 1 2 2520
1479 35160 35760 2 10 600
1480 38040 38640 10 2 600
1481 38760 41280 2 1 2520
1482 41400 43860 1 5 2460
1483 43980 46140 5 6 2160
1484 48840 49440 10 2 600
1485 49560 52080 2 1 2520
1486 52200 54660 1 5 2460
1487 54780 56940 5 6 2160
1488 59640 60240 10 2 600
1489 60360 62880 2 1 2520
1490 63000 65460 1 5 2460
1491 65580 67740 5 6 2160
1492 70440 71040 10 2 600
1493 71160 73680 2 1 2520
1494 73800 76260 1 5 2460
1497 29700 30600 8 0 900
1498 30720 31440 0 2 720
1499 31560 32160 2 10 600
1500 34440 35040 10 2 600
1501 35160 35880 2 0 720
1502 36000 36900 0 8 900
1503 37020 38880 8 12 1860
1504 41640 42240 10 2 600
1505 42360 43080 2 0 720
1506 43200 44100 0 8 900
1507 44220 46080 8 12 1860
1508 48840 49440 10 2 600
1509 49560 50280 2 0 720
1510 50400 51300 0 8 900
1511 51420 53280 8 12 1860
1512 56040 56640 10 2 600
1513 56760 57480 2 0 720
1514 57600 58500 0 8 900
1515 58620 60480 8 12 1860
1516 63240 63840 10 2 600
1517 63960 64680 2 0 720
1518 64800 65700 0 8 900
1519 65820 67680 8 12 1860
1520 70440 71040 10 2 600
1521 71160 71880 2 0 720
1522 72000 72900 0 8 900
1523 73020 74880 8 12 1860
1524 77640 78240 10 2 600
1525 78360 79080 2 0 720
1530 34740 37380 8 7 2640
1531 37500 39300 7 13 1800
1532 41940 44580 8 7 2640
1533 44700 46500 7 13 1800
1534 49140 51780 8 7 2640
1535 51900 53700 7 13 1800
1536 56340 58980 8 7 2640
1537 59100 60900 7 13 1800
1538 63540 66180 8 7 2640
1539 66300 68100 7 13 1800
1540 70740 73380 8 7 2640
1541 73500 75300 7 13 1800
1544 27840 29820 0 1 1980
1545 29940 32400 1 5 2460
1546 32520 34680 5 6 2160
1547 37080 39240 6 5 2160
1548 39360 41820 5 1 2460
1549 41940 43920 1 0 1980
1550 47880 50040 6 5 2160
1551 50160 52620 5 1 2460
1552 52740 54720 1 0 1980
1553 58680 60840 6 5 2160
1554 60960 63420 5 1 2460
1555 63540 65520 1 0 1980
1556 69480 71640 6 5 2160
1557 71760 74220 5 1 2460
1558 74340 76320 1 0 1980
1560 30180 31800 13 1 1620
1561 31920 34440 1 2 2520
1562 34560 36120 2 3 1560
1563 37620 39180 3 2 1560
1564 39300 41820 2 1 2520
1565 41940 43560 1 13 1620
1566 43680 45780 13 11 2100
1567 48420 49980 3 2 1560
1568 50100 52620 2 1 2520
1569 52740 54360 1 13 1620
1570 54480 56580 13 11 2100
1571 59220 60780 3 2 1560
1572 60900 63420 2 1 2520
1573 63540 65160 1 13 1620
1574 65280 67380 13 11 2100
1575 70020 71580 3 2 1560
1576 71700 74220 2 1 2520
1577 74340 75960 1 13 1620
1579 28080 29640 3 2 1560
1580 29760 30480 2 0 720
1581 30600 31500 0 8 900
1582 31620 34260 8 7 2640
1583 37740 40380 7 8 2640
1584 40500 41400 8 0 900
1585 41520 42240 0 2 720
1586 42360 43920 2 3 1560
1587 44940 47580 7 8 2640
1588 47700 48600 8 0 900
1589 48720 49440 0 2 720
1590 49560 51120 2 3 1560
1591 52140 54780 7 8 2640
1592 54900 55800 8 0 900
1593 55920 56640 0 2 720
1594 56760 58320 2 3 1560
1595 59340 61980 7 8 2640
1596 62100 63000 8 0 900
1597 63120 63840 0 2 720
1598 63960 65520 2 3 1560
1599 66540 69180 7 8 2640
1600 69300 70200 8 0 900
1601 70320 71040 0 2 720
1602 71160 72720 2 3 1560
1603 73740 76380 7 8 2640
1604 76500 77400 8 0 900
1605 77520 78240 0 2 720
1606 78360 79920 2 3 1560
1607 28320 29760 1 9 1440
1608 29880 30480 9 8 600
1609 30600 32460 8 12 1860
1610 35700 37560 12 8 1860
1611 37680 38280 8 9 600
1612 38400 39840 9 1 1440
1613 42900 44760 12 8 1860
1614 44880 45480 8 9 600
1615 45600 47040 9 1 1440
1616 50100 51960 12 8 1860
1617 52080 52680 8 9 600
1618 52800 54240 9 1 1440
1619 57300 59160 12 8 1860
1620 59280 59880 8 9 600
1621 60000 61440 9 1 1440
1622 64500 66360 12 8 1860
1623 66480 67080 8 9 600
1624 67200 68640 9 1 1440
1625 71700 73560 12 8 1860
1626 73680 74280 8 9 600
1627 74400 75840 9 1 1440
1632 30480 31080 8 9 600
1633 31200 32640 9 1 1440
1634 35520 36960 1 9 1440
1635 37080 37680 9 8 600
1636 37800 39660 8 12 1860
1637 42720 44160 1 9 1440
1638 44280 44880 9 8 600
1639 45000 46860 8 12 1860
1640 49920 51360 1 9 1440
1641 51480 52080 9 8 600
1642 52200 54060 8 12 1860
1643 57120 58560 1 9 1440
1644 58680 59280 9 8 600
1645 59400 61260 8 12 1860
1646 64320 65760 1 9 1440
1647 65880 66480 9 8 600
1648 66600 68460 8 12 1860
1649 71520 72960 1 9 1440
1650 73080 73680 9 8 600
1651 73800 75660 8 12 1860
1652 78720 80160 1 9 1440
1656 30780 32400 13 1 1620
1657 32520 35040 1 2 2520
1658 35700 38220 2 1 2520
1659 38340 39960 1 13 1620
1660 40080 41880 13 7 1800
1662 31380 33480 5 13 2100
1663 33720 35340 13 1 1620
1664 38340 39960 1 13 1620
1665 40200 42300 13 5 2100
1666 42420 44580 5 6 2160
1667 29340 30240 0 8 900
1668 30480 31080 8 9 600
1669 31200 32640 9 1 1440
1670 32760 34380 1 13 1620
1671 34500 36600 13 11 2100
1672 40680 42780 11 13 2100
1673 42900 44520 13 1 1620
1674 44640 46080 1 9 1440
1675 46200 46800 9 8 600
1676 46920 47820 8 0 900
1677 51480 53580 11 13 2100
1678 53700 55320 13 1 1620
1679 55440 56880 1 9 1440
1680 57000 57600 9 8 600
1681 57720 58620 8 0 900
1682 62280 64380 11 13 2100
1683 64500 66120 13 1 1620
1684 66240 67680 1 9 1440
1685 67800 68400 9 8 600
1686 68520 69420 8 0 900
1687 73080 75180 11 13 2100
1688 75300 76920 13 1 1620
1689 77040 78480 1 9 1440
1690 78600 79200 9 8 600
1691 79320 80220 8 0 900
1693 32100 33720 13 1 1620
1694 33840 35280 1 9 1440
1695 35400 36000 9 8 600
1696 36120 37020 8 0 900
1697 40140 41040 0 8 900
1698 41280 41880 8 9 600
1699 42000 43440 9 1 1440
1700 43560 45180 1 13 1620
1701 45300 47400 13 11 2100
1702 50940 51840 0 8 900
1703 52080 52680 8 9 600
1704 52800 54240 9 1 1440
1705 54360 55980 1 13 1620
1706 56100 58200 13 11 2100
1707 61740 62640 0 8 900
1708 62880 63480 8 9 600
1709 63600 65040 9 1 1440
1710 65160 66780 1 13 1620
1711 66900 69000 13 11 2100
1712 72540 73440 0 8 900
1713 73680 74280 8 9 600
1714 74400 75840 9 1 1440
1715 75960 77580 1 13 1620
1718 32160 34620 5 1 2460
1719 34740 36720 1 0 1980
1720 38640 40620 0 1 1980
1721 40740 43200 1 5 2460
1722 43320 45480 5 6 2160
1723 49440 51420 0 1 1980
1724 51540 54000 1 5 2460
1725 54120 56280 5 6 2160
1726 60240 62220 0 1 1980
1727 62340 64800 1 5 2460
1728 64920 67080 5 6 2160
1729 71040 73020 0 1 1980
1730 73140 75600 1 5 2460
1732 30420 31980 3 2 1560
1733 32100 34620 2 1 2520
1734 34740 36360 1 13 1620
1735 36480 38580 13 11 2100
1736 42360 44460 11 13 2100
1737 44580 46200 13 1 1620
1738 46320 48840 1 2 2520
1739 48960 50520 2 3 1560
1740 53160 55260 11 13 2100
1741 55380 57000 13 1 1620
1742 57120 59640 1 2 2520
1743 59760 61320 2 3 1560
1744 63960 66060 11 13 2100
1745 66180 67800 13 1 1620
1746 67920 70440 1 2 2520
1747 70560 72120 2 3 1560
1748 74760 76860 11 13 2100
1749 76980 78600 13 1 1620
1750 78720 81240 1 2 2520
1751 81360 82920 2 3 1560
1752 30540 33180 7 8 2640
1753 33300 34200 8 0 900
1754 34320 35040 0 2 720
1755 35160 36720 2 3 1560
1756 38880 40440 3 2 1560
1757 40560 41280 2 0 720
1758 41400 42300 0 8 900
1759 42420 45060 8 7 2640
1760 30840 31440 10 2 600
1761 31560 34080 2 1 2520
1762 34200 36660 1 5 2460
1763 36780 38940 5 6 2160
1764 42060 44220 6 5 2160
1765 44340 46800 5 1 2460
1766 46920 49440 1 2 2520
1767 49560 50160 2 10 600
1768 52860 55020 6 5 2160
1769 55140 57600 5 1 2460
1770 57720 60240 1 2 2520
1771 60360 60960 2 10 600
1772 63660 65820 6 5 2160
1773 65940 68400 5 1 2460
1774 68520 71040 1 2 2520
1775 71160 71760 2 10 600
1776 74460 76620 6 5 2160
1777 76740 79200 5 1 2460
1778 79320 81840 1 2 2520
1781 33540 36000 5 1 2460
1782 36120 38640 1 2 2520
1783 38760 39360 2 10 600
1784 41640 42240 10 2 600
1785 42360 44880 2 1 2520
1786 45000 47460 1 5 2460
1787 47580 49740 5 6 2160
1788 52440 53040 10 2 600
1789 53160 55680 2 1 2520
1790 55800 58260 1 5 2460
1791 58380 60540 5 6 2160
1792 63240 63840 10 2 600
1793 63960 66480 2 1 2520
1794 66600 69060 1 5 2460
1795 69180 71340 5 6 2160
1796 74040 74640 10 2 600
1797 74760 77280 2 1 2520
1801 33780 35400 13 1 1620
1802 35520 38040 1 2 2520
1803 38160 39720 2 3 1560
1804 41220 42780 3 2 1560
1805 42900 45420 2 1 2520
1806 45540 47160 1 13 1620
1807 47280 49380 13 11 2100
1808 52020 53580 3 2 1560
1809 53700 56220 2 1 2520
1810 56340 57960 1 13 1620
1811 58080 60180 13 11 2100
1812 62820 64380 3 2 1560
1813 64500 67020 2 1 2520
1814 67140 68760 1 13 1620
1815 68880 70980 13 11 2100
1816 73620 75180 3 2 1560
1817 75300 77820 2 1 2520
1818 77940 79560 1 13 1620
1820 32760 33360 9 8 600
1821 33480 34380 8 0 900
1822 34500 35220 0 2 720
1823 35340 35940 2 10 600
1824 37800 38400 10 2 600
1825 38520 39240 2 0 720
1826 39360 40260 0 8 900
1827 40380 40980 8 9 600
1828 36060 37860 7 13 1800
1829 37980 39600 13 1 1620
1830 39720 42240 1 2 2520
1831 42900 45420 2 1 2520
1832 45540 47160 1 13 1620
1833 47280 49080 13 7 1800
1834 39960 40560 9 8 600
1835 40680 41580 8 0 900
1836 41700 42420 0 2 720
1837 42540 43140 2 10 600
1838 45000 45600 10 2 600
1839 45720 46440 2 0 720
1840 46560 47460 0 8 900
1841 47580 48180 8 9 600
1842 40680 42840 6 5 2160
1843 42960 45420 5 1 2460
1844 45540 47520 1 0 1980
1845 49440 51420 0 1 1980
1846 51540 54000 1 5 2460
1847 54120 56280 5 6 2160
1848 43260 45060 7 13 1800
1849 45180 46800 13 1 1620
1850 46920 49440 1 2 2520
1851 50100 52620 2 1 2520
1852 52740 54360 1 13 1620
1853 54480 56280 13 7 1800
1854 47160 47760 9 8 600
1855 47880 48780 8 0 900
1856 48900 49620 0 2 720
1857 49740 50340 2 10 600
1858 52200 52800 10 2 600
1859 52920 53640 2 0 720
1860 53760 54660 0 8 900
1861 54780 55380 8 9 600
1862 50460 52260 7 13 1800
1863 52380 54000 13 1 1620
1864 54120 56640 1 2 2520
1865 57300 59820 2 1 2520
1866 59940 61560 1 13 1620
1867 61680 63480 13 7 1800
1868 51480 53640 6 5 2160
1869 53760 56220 5 1 2460
1870 56340 58320 1 0 1980
1871 60240 62220 0 1 1980
1872 62340 64800 1 5 2460
1873 64920 67080 5 6 2160
1874 54360 54960 9 8 600
1875 55080 55980 8 0 900
1876 56100 56820 0 2 720
1877 56940 57540 2 10 600
1878 59400 60000 10 2 600
1879 60120 60840 2 0 720
1880 60960 61860 0 8 900
1881 61980 62580 8 9 600
1882 57660 59460 7 13 1800
1883 59580 61200 13 1 1620
1884 61320 63840 1 2 2520
1885 64500 67020 2 1 2520
1886 67140 68760 1 13 1620
1887 68880 70680 13 7 1800
1888 61560 62160 9 8 600
1889 62280 63180 8 0 900
1890 63300 64020 0 2 720
1891 64140 64740 2 10 600
1892 66600 67200 10 2 600
1893 67320 68040 2 0 720
1894 68160 69060 0 8 900
1895 69180 69780 8 9 600
1896 62280 64440 6 5 2160
1897 64560 67020 5 1 2460
1898 67140 69120 1 0 1980
1899 71040 73020 0 1 1980
1900 73140 75600 1 5 2460
1902 64860 66660 7 13 1800
1903 66780 68400 13 1 1620
1904 68520 71040 1 2 2520
1905 71700 74220 2 1 2520
1906 74340 75960 1 13 1620
1908 68760 69360 9 8 600
1909 69480 70380 8 0 900
1910 70500 71220 0 2 720
1911 71340 71940 2 10 600
1912 73800 74400 10 2 600
1913 74520 75240 2 0 720
1914 75360 76260 0 8 900
1915 76380 76980 8 9 600
1916 72060 73860 7 13 1800
1917 73980 75600 13 1 1620
1918 75720 78240 1 2 2520
1919 78900 81420 2 1 2520
1922 73080 75240 6 5 2160
1923 75360 77820 5 1 2460
1924 77940 79920 1 0 1980
1928 75960 76560 9 8 600
1929 76680 77580 8 0 900
1930 77700 78420 0 2 720
1931 78540 79140 2 10 600
1932 81000 81600 10 2 600
