0 2 12
2 10 10
0 8 15
8 9 10
1 9 24
5 13 35
2 0 12
10 2 10
8 0 15
9 8 10
9 1 24
13 5 35
1 5 41
5 1 41
8 14 36
14 8 36
0 1 33
1 0 33
2 15 13
15 2 13
3 15 11
15 3 11
1 16 14
16 1 14
1 17 11
17 1 11
13 17 14
17 13 14
12 18 21
18 12 21
14 18 6
18 14 6
2 19 18
19 2 18
4 19 30
19 4 30
12 20 7
20 12 7
11 21 23
21 11 23
13 21 10
21 13 10
2 22 13
22 2 13
16 22 11
22 16 11
2 23 11
23 2 11
14 23 33
23 14 33
3 24 12
24 3 12
4 24 22
24 4 22
7 25 18
25 7 18
8 26 12
26 8 12
20 26 8
26 20 8
7 27 21
27 7 21
13 27 7
27 13 7
5 28 6
28 5 6
6 28 28
28 6 28
8 29 13
29 8 13
25 29 9
29 25 9
