0 26580 27840 15 3 1260
1 27960 29640 3 5 1680
2 33180 34860 5 3 1680
3 34980 36240 3 15 1260
4 36360 37320 15 1 960
5 37440 38520 1 0 1080
6 38640 41220 0 8 2580
7 43980 45660 5 3 1680
8 45780 47040 3 15 1260
9 47160 48120 15 1 960
10 48240 49320 1 0 1080
11 49440 52020 0 8 2580
12 54780 56460 5 3 1680
13 56580 57840 3 15 1260
14 57960 58920 15 1 960
15 59040 60120 1 0 1080
16 60240 62820 0 8 2580
17 65580 67260 5 3 1680
18 67380 68640 3 15 1260
19 68760 69720 15 1 960
20 69840 70920 1 0 1080
21 71040 73620 0 8 2580
22 76380 78060 5 3 1680
23 78180 79440 3 15 1260
24 79560 80520 15 1 960
25 24000 25740 15 4 1740
26 25860 26760 4 12 900
27 28560 29460 12 4 900
28 29580 31320 4 15 1740
29 31440 32400 15 1 960
30 32520 33600 1 0 1080
31 35760 36660 12 4 900
32 36780 38520 4 15 1740
33 38640 39600 15 1 960
34 39720 40800 1 0 1080
35 42960 43860 12 4 900
36 43980 45720 4 15 1740
37 45840 46800 15 1 960
38 46920 48000 1 0 1080
39 50160 51060 12 4 900
40 51180 52920 4 15 1740
41 53040 54000 15 1 960
42 54120 55200 1 0 1080
43 57360 58260 12 4 900
44 58380 60120 4 15 1740
45 60240 61200 15 1 960
46 61320 62400 1 0 1080
47 64560 65460 12 4 900
48 65580 67320 4 15 1740
49 67440 68400 15 1 960
50 68520 69600 1 0 1080
51 71760 72660 12 4 900
52 72780 74520 4 15 1740
53 74640 75600 15 1 960
54 75720 76800 1 0 1080
55 78960 79860 12 4 900
56 79980 81720 4 15 1740
57 34080 35520 2 7 1440
58 35640 36960 7 0 1320
59 37620 41160 11 2 3540
60 41280 42720 2 7 1440
61 42840 44160 7 0 1320
62 44820 48360 11 2 3540
63 48480 49920 2 7 1440
64 50040 51360 7 0 1320
65 52020 55560 11 2 3540
66 55680 57120 2 7 1440
67 57240 58560 7 0 1320
68 59220 62760 11 2 3540
69 62880 64320 2 7 1440
70 64440 65760 7 0 1320
71 66420 69960 11 2 3540
72 70080 71520 2 7 1440
73 71640 72960 7 0 1320
74 73620 77160 11 2 3540
75 77280 78720 2 7 1440
76 78840 80160 7 0 1320
77 33540 35580 13 10 2040
78 35700 37560 10 2 1860
79 37680 39120 2 7 1440
80 39240 40560 7 0 1320
81 42540 44100 11 13 1560
82 44340 46380 13 10 2040
83 46500 48360 10 2 1860
84 48480 49920 2 7 1440
85 50040 51360 7 0 1320
86 53340 54900 11 13 1560
87 55140 57180 13 10 2040
88 57300 59160 10 2 1860
89 59280 60720 2 7 1440
90 60840 62160 7 0 1320
91 64140 65700 11 13 1560
92 65940 67980 13 10 2040
93 68100 69960 10 2 1860
94 70080 71520 2 7 1440
95 71640 72960 7 0 1320
96 74940 76500 11 13 1560
97 76740 78780 13 10 2040
98 78900 80760 10 2 1860
99 80880 82320 2 7 1440
100 35040 37320 17 18 2280
101 37560 40560 18 14 3000
102 40680 43200 14 7 2520
103 43320 44640 7 0 1320
104 45840 48120 17 18 2280
105 48360 51360 18 14 3000
106 51480 54000 14 7 2520
107 54120 55440 7 0 1320
108 56640 58920 17 18 2280
109 59160 62160 18 14 3000
110 62280 64800 14 7 2520
111 64920 66240 7 0 1320
112 67440 69720 17 18 2280
113 69960 72960 18 14 3000
114 73080 75600 14 7 2520
115 75720 77040 7 0 1320
116 30180 31260 1 0 1080
117 31380 32700 0 7 1320
118 33780 34860 1 0 1080
119 34980 36300 0 7 1320
120 37380 38460 1 0 1080
121 38580 39900 0 7 1320
122 40980 42060 1 0 1080
123 42180 43500 0 7 1320
124 44580 45660 1 0 1080
125 45780 47100 0 7 1320
126 48180 49260 1 0 1080
127 49380 50700 0 7 1320
128 51780 52860 1 0 1080
129 52980 54300 0 7 1320
130 55380 56460 1 0 1080
131 56580 57900 0 7 1320
132 58980 60060 1 0 1080
133 60180 61500 0 7 1320
134 62580 63660 1 0 1080
135 63780 65100 0 7 1320
136 66180 67260 1 0 1080
137 67380 68700 0 7 1320
138 69780 70860 1 0 1080
139 70980 72300 0 7 1320
140 73380 74460 1 0 1080
141 74580 75900 0 7 1320
142 76980 78060 1 0 1080
143 78180 79500 0 7 1320
144 25680 26820 15 6 1140
145 26940 29700 6 8 2760
146 33360 36120 8 6 2760
147 36240 37380 6 15 1140
148 37500 39240 15 4 1740
149 39360 40860 4 9 1500
150 44160 46920 8 6 2760
151 47040 48180 6 15 1140
152 48300 50040 15 4 1740
153 50160 51660 4 9 1500
154 54960 57720 8 6 2760
155 57840 58980 6 15 1140
156 59100 60840 15 4 1740
157 60960 62460 4 9 1500
158 65760 68520 8 6 2760
159 68640 69780 6 15 1140
160 69900 71640 15 4 1740
161 71760 73260 4 9 1500
162 76560 79320 8 6 2760
163 79440 80580 6 15 1140
164 80700 82440 15 4 1740
165 22260 23520 15 3 1260
166 23640 25020 3 9 1380
167 25260 26760 9 4 1500
168 30300 31800 4 9 1500
169 32040 33420 9 3 1380
170 33540 34800 3 15 1260
171 37500 39000 4 9 1500
172 39240 40620 9 3 1380
173 40740 42000 3 15 1260
174 44700 46200 4 9 1500
175 46440 47820 9 3 1380
176 47940 49200 3 15 1260
177 51900 53400 4 9 1500
178 53640 55020 9 3 1380
179 55140 56400 3 15 1260
180 59100 60600 4 9 1500
181 60840 62220 9 3 1380
182 62340 63600 3 15 1260
183 66300 67800 4 9 1500
184 68040 69420 9 3 1380
185 69540 70800 3 15 1260
186 73500 75000 4 9 1500
187 75240 76620 9 3 1380
188 76740 78000 3 15 1260
189 26460 28140 3 5 1680
190 31860 33540 5 3 1680
191 33780 36300 3 7 2520
192 36420 37740 7 0 1320
193 39060 40740 5 3 1680
194 40980 43500 3 7 2520
195 43620 44940 7 0 1320
196 46260 47940 5 3 1680
197 48180 50700 3 7 2520
198 50820 52140 7 0 1320
199 53460 55140 5 3 1680
200 55380 57900 3 7 2520
201 58020 59340 7 0 1320
202 60660 62340 5 3 1680
203 62580 65100 3 7 2520
204 65220 66540 7 0 1320
205 67860 69540 5 3 1680
206 69780 72300 3 7 2520
207 72420 73740 7 0 1320
208 75060 76740 5 3 1680
209 76980 79500 3 7 2520
210 79620 80940 7 0 1320
211 29760 31260 9 4 1500
212 31380 32280 4 12 900
213 32400 33240 12 16 840
214 36960 38460 9 4 1500
215 38580 39480 4 12 900
216 39600 40440 12 16 840
217 44160 45660 9 4 1500
218 45780 46680 4 12 900
219 46800 47640 12 16 840
220 51360 52860 9 4 1500
221 52980 53880 4 12 900
222 54000 54840 12 16 840
223 58560 60060 9 4 1500
224 60180 61080 4 12 900
225 61200 62040 12 16 840
226 65760 67260 9 4 1500
227 67380 68280 4 12 900
228 68400 69240 12 16 840
229 72960 74460 9 4 1500
230 74580 75480 4 12 900
231 75600 76440 12 16 840
232 24180 25440 3 15 1260
233 25560 26520 15 1 960
234 26640 27720 1 0 1080
235 27840 30420 0 8 2580
236 32400 34980 8 0 2580
237 35100 36180 0 1 1080
238 36300 37260 1 15 960
239 37380 38640 15 3 1260
240 38760 40440 3 5 1680
241 43200 45780 8 0 2580
242 45900 46980 0 1 1080
243 47100 48060 1 15 960
244 48180 49440 15 3 1260
245 49560 51240 3 5 1680
246 54000 56580 8 0 2580
247 56700 57780 0 1 1080
248 57900 58860 1 15 960
249 58980 60240 15 3 1260
250 60360 62040 3 5 1680
251 64800 67380 8 0 2580
252 67500 68580 0 1 1080
253 68700 69660 1 15 960
254 69780 71040 15 3 1260
255 71160 72840 3 5 1680
256 75600 78180 8 0 2580
257 78300 79380 0 1 1080
258 79500 80460 1 15 960
259 80580 81840 15 3 1260
260 81960 83640 3 5 1680
261 30600 34260 5 2 3660
262 34380 35820 2 7 1440
263 37800 41460 5 2 3660
264 41580 43020 2 7 1440
265 45000 48660 5 2 3660
266 48780 50220 2 7 1440
267 52200 55860 5 2 3660
268 55980 57420 2 7 1440
269 59400 63060 5 2 3660
270 63180 64620 2 7 1440
271 66600 70260 5 2 3660
272 70380 71820 2 7 1440
273 73800 77460 5 2 3660
274 77580 79020 2 7 1440
275 29580 30420 16 12 840
276 30540 31440 12 4 900
277 31560 33060 4 9 1500
278 36780 37620 16 12 840
279 37740 38640 12 4 900
280 38760 40260 4 9 1500
281 43980 44820 16 12 840
282 44940 45840 12 4 900
283 45960 47460 4 9 1500
284 51180 52020 16 12 840
285 52140 53040 12 4 900
286 53160 54660 4 9 1500
287 58380 59220 16 12 840
288 59340 60240 12 4 900
289 60360 61860 4 9 1500
290 65580 66420 16 12 840
291 66540 67440 12 4 900
292 67560 69060 4 9 1500
293 72780 73620 16 12 840
294 73740 74640 12 4 900
295 74760 76260 4 9 1500
296 26700 28440 15 4 1740
297 28560 30060 4 9 1500
298 33000 34500 9 4 1500
299 34620 36360 4 15 1740
300 36480 37620 15 6 1140
301 37740 40500 6 8 2760
302 43800 45300 9 4 1500
303 45420 47160 4 15 1740
304 47280 48420 15 6 1140
305 48540 51300 6 8 2760
306 54600 56100 9 4 1500
307 56220 57960 4 15 1740
308 58080 59220 15 6 1140
309 59340 62100 6 8 2760
310 65400 66900 9 4 1500
311 67020 68760 4 15 1740
312 68880 70020 15 6 1140
313 70140 72900 6 8 2760
314 76200 77700 9 4 1500
315 77820 79560 4 15 1740
316 24300 26820 3 7 2520
317 26940 29460 7 14 2520
318 30180 32700 14 7 2520
319 32820 35340 7 3 2520
320 35460 36840 3 9 1380
321 40980 43500 14 7 2520
322 43620 46140 7 3 2520
323 46260 47640 3 9 1380
324 51780 54300 14 7 2520
325 54420 56940 7 3 2520
326 57060 58440 3 9 1380
327 62580 65100 14 7 2520
328 65220 67740 7 3 2520
329 67860 69240 3 9 1380
330 73380 75900 14 7 2520
331 76020 78540 7 3 2520
332 25920 26880 15 1 960
333 27120 28200 1 0 1080
334 30660 31740 0 1 1080
335 31920 32880 1 15 960
336 33000 35880 15 16 2880
337 37860 38940 0 1 1080
338 39120 40080 1 15 960
339 40200 43080 15 16 2880
340 45060 46140 0 1 1080
341 46320 47280 1 15 960
342 47400 50280 15 16 2880
343 52260 53340 0 1 1080
344 53520 54480 1 15 960
345 54600 57480 15 16 2880
346 59460 60540 0 1 1080
347 60720 61680 1 15 960
348 61800 64680 15 16 2880
349 66660 67740 0 1 1080
350 67920 68880 1 15 960
351 69000 71880 15 16 2880
352 73860 74940 0 1 1080
353 75120 76080 1 15 960
354 76200 79080 15 16 2880
355 29220 30540 7 0 1320
356 30660 31740 0 1 1080
357 32820 34140 7 0 1320
358 34260 35340 0 1 1080
359 36420 37740 7 0 1320
360 37860 38940 0 1 1080
361 40020 41340 7 0 1320
362 41460 42540 0 1 1080
363 43620 44940 7 0 1320
364 45060 46140 0 1 1080
365 47220 48540 7 0 1320
366 48660 49740 0 1 1080
367 50820 52140 7 0 1320
368 52260 53340 0 1 1080
369 54420 55740 7 0 1320
370 55860 56940 0 1 1080
371 58020 59340 7 0 1320
372 59460 60540 0 1 1080
373 61620 62940 7 0 1320
374 63060 64140 0 1 1080
375 65220 66540 7 0 1320
376 66660 67740 0 1 1080
377 68820 70140 7 0 1320
378 70260 71340 0 1 1080
379 72420 73740 7 0 1320
380 73860 74940 0 1 1080
381 76020 77340 7 0 1320
382 77460 78540 0 1 1080
383 28260 29640 3 9 1380
384 33600 34980 9 3 1380
385 35100 37620 3 7 2520
386 37740 40260 7 14 2520
387 44400 45780 9 3 1380
388 45900 48420 3 7 2520
389 48540 51060 7 14 2520
390 55200 56580 9 3 1380
391 56700 59220 3 7 2520
392 59340 61860 7 14 2520
393 66000 67380 9 3 1380
394 67500 70020 3 7 2520
395 70140 72660 7 14 2520
396 76800 78180 9 3 1380
397 78300 80820 3 7 2520
398 26340 27600 3 15 1260
399 29460 30720 15 3 1260
400 30840 32220 3 9 1380
401 32460 33960 9 4 1500
402 36660 37920 15 3 1260
403 38040 39420 3 9 1380
404 39660 41160 9 4 1500
405 43860 45120 15 3 1260
406 45240 46620 3 9 1380
407 46860 48360 9 4 1500
408 51060 52320 15 3 1260
409 52440 53820 3 9 1380
410 54060 55560 9 4 1500
411 58260 59520 15 3 1260
412 59640 61020 3 9 1380
413 61260 62760 9 4 1500
414 65460 66720 15 3 1260
415 66840 68220 3 9 1380
416 68460 69960 9 4 1500
417 72660 73920 15 3 1260
418 74040 75420 3 9 1380
419 75660 77160 9 4 1500
420 26040 27000 15 1 960
421 27120 28200 1 0 1080
422 28920 30000 0 1 1080
423 30120 31080 1 15 960
424 31200 32940 15 4 1740
425 33060 33960 4 12 900
426 36120 37200 0 1 1080
427 37320 38280 1 15 960
428 38400 40140 15 4 1740
429 40260 41160 4 12 900
430 43320 44400 0 1 1080
431 44520 45480 1 15 960
432 45600 47340 15 4 1740
433 47460 48360 4 12 900
434 50520 51600 0 1 1080
435 51720 52680 1 15 960
436 52800 54540 15 4 1740
437 54660 55560 4 12 900
438 57720 58800 0 1 1080
439 58920 59880 1 15 960
440 60000 61740 15 4 1740
441 61860 62760 4 12 900
442 64920 66000 0 1 1080
443 66120 67080 1 15 960
444 67200 68940 15 4 1740
445 69060 69960 4 12 900
446 72120 73200 0 1 1080
447 73320 74280 1 15 960
448 74400 76140 15 4 1740
449 76260 77160 4 12 900
450 28440 29760 7 0 1320
451 32700 34020 0 7 1320
452 34140 35580 7 2 1440
453 35700 39240 2 11 3540
454 39900 41220 0 7 1320
455 41340 42780 7 2 1440
456 42900 46440 2 11 3540
457 47100 48420 0 7 1320
458 48540 49980 7 2 1440
459 50100 53640 2 11 3540
460 54300 55620 0 7 1320
461 55740 57180 7 2 1440
462 57300 60840 2 11 3540
463 61500 62820 0 7 1320
464 62940 64380 7 2 1440
465 64500 68040 2 11 3540
466 68700 70020 0 7 1320
467 70140 71580 7 2 1440
468 71700 75240 2 11 3540
469 75900 77220 0 7 1320
470 77340 78780 7 2 1440
471 29700 31140 7 2 1440
472 31260 34920 2 5 3660
473 36900 38340 7 2 1440
474 38460 42120 2 5 3660
475 44100 45540 7 2 1440
476 45660 49320 2 5 3660
477 51300 52740 7 2 1440
478 52860 56520 2 5 3660
479 58500 59940 7 2 1440
480 60060 63720 2 5 3660
481 65700 67140 7 2 1440
482 67260 70920 2 5 3660
483 72900 74340 7 2 1440
484 74460 78120 2 5 3660
485 26940 29460 7 14 2520
486 31500 34020 14 7 2520
487 34140 35580 7 2 1440
488 35700 37560 2 10 1860
489 38700 41220 14 7 2520
490 41340 42780 7 2 1440
491 42900 44760 2 10 1860
492 45900 48420 14 7 2520
493 48540 49980 7 2 1440
494 50100 51960 2 10 1860
495 53100 55620 14 7 2520
496 55740 57180 7 2 1440
497 57300 59160 2 10 1860
498 60300 62820 14 7 2520
499 62940 64380 7 2 1440
500 64500 66360 2 10 1860
501 67500 70020 14 7 2520
502 70140 71580 7 2 1440
503 71700 73560 2 10 1860
504 74700 77220 14 7 2520
505 77340 78780 7 2 1440
506 25800 28680 15 16 2880
507 30120 33000 16 15 2880
508 33120 34080 15 1 960
509 34320 35400 1 0 1080
510 37320 40200 16 15 2880
511 40320 41280 15 1 960
512 41520 42600 1 0 1080
513 44520 47400 16 15 2880
514 47520 48480 15 1 960
515 48720 49800 1 0 1080
516 51720 54600 16 15 2880
517 54720 55680 15 1 960
518 55920 57000 1 0 1080
519 58920 61800 16 15 2880
520 61920 62880 15 1 960
521 63120 64200 1 0 1080
522 66120 69000 16 15 2880
523 69120 70080 15 1 960
524 70320 71400 1 0 1080
525 73320 76200 16 15 2880
526 76320 77280 15 1 960
527 77520 78600 1 0 1080
528 25800 27540 15 4 1740
529 27660 28560 4 12 900
530 30360 31260 12 4 900
531 31380 33120 4 15 1740
532 33240 34200 15 1 960
533 34320 35400 1 0 1080
534 37560 38460 12 4 900
535 38580 40320 4 15 1740
536 40440 41400 15 1 960
537 41520 42600 1 0 1080
538 44760 45660 12 4 900
539 45780 47520 4 15 1740
540 47640 48600 15 1 960
541 48720 49800 1 0 1080
542 51960 52860 12 4 900
543 52980 54720 4 15 1740
544 54840 55800 15 1 960
545 55920 57000 1 0 1080
546 59160 60060 12 4 900
547 60180 61920 4 15 1740
548 62040 63000 15 1 960
549 63120 64200 1 0 1080
550 66360 67260 12 4 900
551 67380 69120 4 15 1740
552 69240 70200 15 1 960
553 70320 71400 1 0 1080
554 73560 74460 12 4 900
555 74580 76320 4 15 1740
556 76440 77400 15 1 960
557 77520 78600 1 0 1080
558 28500 29460 15 1 960
559 29580 30660 1 0 1080
560 31620 32700 0 1 1080
561 32820 33780 1 15 960
562 34020 36180 15 7 2160
563 36420 38940 7 14 2520
564 42420 43500 0 1 1080
565 43620 44580 1 15 960
566 44820 46980 15 7 2160
567 47220 49740 7 14 2520
568 53220 54300 0 1 1080
569 54420 55380 1 15 960
570 55620 57780 15 7 2160
571 58020 60540 7 14 2520
572 64020 65100 0 1 1080
573 65220 66180 1 15 960
574 66420 68580 15 7 2160
575 68820 71340 7 14 2520
576 74820 75900 0 1 1080
577 76020 76980 1 15 960
578 77220 79380 15 7 2160
579 25020 26160 15 6 1140
580 26280 29040 6 8 2760
581 31680 34440 8 6 2760
582 34560 35700 6 15 1140
583 35820 37080 15 3 1260
584 38880 41640 8 6 2760
585 41760 42900 6 15 1140
586 43020 44280 15 3 1260
587 46080 48840 8 6 2760
588 48960 50100 6 15 1140
589 50220 51480 15 3 1260
590 53280 56040 8 6 2760
591 56160 57300 6 15 1140
592 57420 58680 15 3 1260
593 60480 63240 8 6 2760
594 63360 64500 6 15 1140
595 64620 65880 15 3 1260
596 67680 70440 8 6 2760
597 70560 71700 6 15 1140
598 71820 73080 15 3 1260
599 74880 77640 8 6 2760
600 77760 78900 6 15 1140
601 79020 80280 15 3 1260
602 27120 28800 3 5 1680
603 32220 33900 5 3 1680
604 34020 35340 3 4 1320
605 35460 36360 4 12 900
606 36480 37320 12 16 840
607 39420 41100 5 3 1680
608 41220 42540 3 4 1320
609 42660 43560 4 12 900
610 43680 44520 12 16 840
611 46620 48300 5 3 1680
612 48420 49740 3 4 1320
613 49860 50760 4 12 900
614 50880 51720 12 16 840
615 53820 55500 5 3 1680
616 55620 56940 3 4 1320
617 57060 57960 4 12 900
618 58080 58920 12 16 840
619 61020 62700 5 3 1680
620 62820 64140 3 4 1320
621 64260 65160 4 12 900
622 65280 66120 12 16 840
623 68220 69900 5 3 1680
624 70020 71340 3 4 1320
625 71460 72360 4 12 900
626 72480 73320 12 16 840
627 75420 77100 5 3 1680
628 77220 78540 3 4 1320
629 78660 79560 4 12 900
630 79680 80520 12 16 840
631 25020 27120 15 7 2100
632 27240 28560 7 0 1320
633 31920 33240 0 7 1320
634 33480 35580 7 15 2100
635 35700 36840 15 6 1140
636 39120 40440 0 7 1320
637 40680 42780 7 15 2100
638 42900 44040 15 6 1140
639 46320 47640 0 7 1320
640 47880 49980 7 15 2100
641 50100 51240 15 6 1140
642 53520 54840 0 7 1320
643 55080 57180 7 15 2100
644 57300 58440 15 6 1140
645 60720 62040 0 7 1320
646 62280 64380 7 15 2100
647 64500 65640 15 6 1140
648 67920 69240 0 7 1320
649 69480 71580 7 15 2100
650 71700 72840 15 6 1140
651 75120 76440 0 7 1320
652 76680 78780 7 15 2100
653 78900 80040 15 6 1140
654 27840 28980 15 6 1140
655 31740 32880 6 15 1140
656 33000 35880 15 16 2880
657 36000 36840 16 12 840
658 38940 40080 6 15 1140
659 40200 43080 15 16 2880
660 43200 44040 16 12 840
661 46140 47280 6 15 1140
662 47400 50280 15 16 2880
663 50400 51240 16 12 840
664 53340 54480 6 15 1140
665 54600 57480 15 16 2880
666 57600 58440 16 12 840
667 60540 61680 6 15 1140
668 61800 64680 15 16 2880
669 64800 65640 16 12 840
670 67740 68880 6 15 1140
671 69000 71880 15 16 2880
672 72000 72840 16 12 840
673 74940 76080 6 15 1140
674 76200 79080 15 16 2880
675 79200 80040 16 12 840
676 25260 26220 15 1 960
677 26340 27420 1 0 1080
678 27540 30120 0 8 2580
679 32040 34620 8 0 2580
680 34740 35820 0 1 1080
681 35940 36900 1 15 960
682 37020 38160 15 6 1140
683 39240 41820 8 0 2580
684 41940 43020 0 1 1080
685 43140 44100 1 15 960
686 44220 45360 15 6 1140
687 46440 49020 8 0 2580
688 49140 50220 0 1 1080
689 50340 51300 1 15 960
690 51420 52560 15 6 1140
691 53640 56220 8 0 2580
692 56340 57420 0 1 1080
693 57540 58500 1 15 960
694 58620 59760 15 6 1140
695 60840 63420 8 0 2580
696 63540 64620 0 1 1080
697 64740 65700 1 15 960
698 65820 66960 15 6 1140
699 68040 70620 8 0 2580
700 70740 71820 0 1 1080
701 71940 72900 1 15 960
702 73020 74160 15 6 1140
703 75240 77820 8 0 2580
704 77940 79020 0 1 1080
705 79140 80100 1 15 960
706 24180 26280 15 7 2100
707 26400 27840 7 2 1440
708 27960 31500 2 11 3540
709 31620 34020 11 17 2400
710 35100 37500 17 11 2400
711 37620 41160 11 2 3540
712 41280 42720 2 7 1440
713 42840 44940 7 15 2100
714 45900 48300 17 11 2400
715 48420 51960 11 2 3540
716 52080 53520 2 7 1440
717 53640 55740 7 15 2100
718 56700 59100 17 11 2400
719 59220 62760 11 2 3540
720 62880 64320 2 7 1440
721 64440 66540 7 15 2100
722 67500 69900 17 11 2400
723 70020 73560 11 2 3540
724 73680 75120 2 7 1440
725 75240 77340 7 15 2100
726 78300 80700 17 11 2400
727 80820 84360 11 2 3540
728 84480 85920 2 7 1440
729 86040 88140 7 15 2100
730 32520 33840 7 0 1320
731 36300 37620 0 7 1320
732 37740 40260 7 14 2520
733 40380 43380 14 18 3000
734 43500 45780 18 17 2280
735 47100 48420 0 7 1320
736 48540 51060 7 14 2520
737 51180 54180 14 18 3000
738 54300 56580 18 17 2280
739 57900 59220 0 7 1320
740 59340 61860 7 14 2520
741 61980 64980 14 18 3000
742 65100 67380 18 17 2280
743 68700 70020 0 7 1320
744 70140 72660 7 14 2520
745 72780 75780 14 18 3000
746 30480 31920 2 7 1440
747 32040 34140 7 15 2100
748 34980 37080 15 7 2100
749 37200 38640 7 2 1440
750 38760 42300 2 11 3540
751 42420 44820 11 17 2400
752 45780 47880 15 7 2100
753 48000 49440 7 2 1440
754 49560 53100 2 11 3540
755 53220 55620 11 17 2400
756 56580 58680 15 7 2100
757 58800 60240 7 2 1440
758 60360 63900 2 11 3540
759 64020 66420 11 17 2400
760 67380 69480 15 7 2100
761 69600 71040 7 2 1440
762 71160 74700 2 11 3540
763 74820 77220 11 17 2400
764 78180 80280 15 7 2100
765 80400 81840 7 2 1440
766 26940 28380 7 2 1440
767 28500 30360 2 10 1860
768 34200 36060 10 2 1860
769 36180 37620 2 7 1440
770 37740 40260 7 14 2520
771 41400 43260 10 2 1860
772 43380 44820 2 7 1440
773 44940 47460 7 14 2520
774 48600 50460 10 2 1860
775 50580 52020 2 7 1440
776 52140 54660 7 14 2520
777 55800 57660 10 2 1860
778 57780 59220 2 7 1440
779 59340 61860 7 14 2520
780 63000 64860 10 2 1860
781 64980 66420 2 7 1440
782 66540 69060 7 14 2520
783 70200 72060 10 2 1860
784 72180 73620 2 7 1440
785 73740 76260 7 14 2520
786 77400 79260 10 2 1860
787 79380 80820 2 7 1440
788 34800 36360 11 13 1560
789 36480 38520 13 10 2040
790 39480 41880 17 11 2400
791 42000 43560 11 13 1560
792 43680 45720 13 10 2040
793 46680 49080 17 11 2400
794 49200 50760 11 13 1560
795 50880 52920 13 10 2040
796 53880 56280 17 11 2400
797 56400 57960 11 13 1560
798 58080 60120 13 10 2040
799 61080 63480 17 11 2400
800 63600 65160 11 13 1560
801 65280 67320 13 10 2040
802 68280 70680 17 11 2400
803 70800 72360 11 13 1560
804 72480 74520 13 10 2040
805 75480 77880 17 11 2400
806 26820 28920 15 7 2100
807 29040 30480 7 2 1440
808 30600 32460 2 10 1860
809 35700 37560 10 2 1860
810 37680 39120 2 7 1440
811 39240 41340 7 15 2100
812 41460 42420 15 1 960
813 42540 43620 1 0 1080
814 46500 48360 10 2 1860
815 48480 49920 2 7 1440
816 50040 52140 7 15 2100
817 52260 53220 15 1 960
818 53340 54420 1 0 1080
819 57300 59160 10 2 1860
820 59280 60720 2 7 1440
821 60840 62940 7 15 2100
822 63060 64020 15 1 960
823 64140 65220 1 0 1080
824 68100 69960 10 2 1860
825 70080 71520 2 7 1440
826 71640 73740 7 15 2100
827 73860 74820 15 1 960
828 74940 76020 1 0 1080
829 78900 80760 10 2 1860
830 80880 82320 2 7 1440
831 82440 84540 7 15 2100
832 26820 28980 15 7 2160
833 29220 31740 7 14 2520
834 34320 36840 14 7 2520
835 37080 39180 7 15 2100
836 39300 40260 15 1 960
837 40380 41460 1 0 1080
838 45120 47640 14 7 2520
839 47880 49980 7 15 2100
840 50100 51060 15 1 960
841 51180 52260 1 0 1080
842 55920 58440 14 7 2520
843 58680 60780 7 15 2100
844 60900 61860 15 1 960
845 61980 63060 1 0 1080
846 66720 69240 14 7 2520
847 69480 71580 7 15 2100
848 71700 72660 15 1 960
849 72780 73860 1 0 1080
850 77520 80040 14 7 2520
851 80280 82380 7 15 2100
852 27360 28500 6 15 1140
853 28620 29880 15 3 1260
854 30840 32100 3 15 1260
855 32220 33360 15 6 1140
856 33480 36240 6 8 2760
857 38040 39300 3 15 1260
858 39420 40560 15 6 1140
859 40680 43440 6 8 2760
860 45240 46500 3 15 1260
861 46620 47760 15 6 1140
862 47880 50640 6 8 2760
863 52440 53700 3 15 1260
864 53820 54960 15 6 1140
865 55080 57840 6 8 2760
866 59640 60900 3 15 1260
867 61020 62160 15 6 1140
868 62280 65040 6 8 2760
869 66840 68100 3 15 1260
870 68220 69360 15 6 1140
871 69480 72240 6 8 2760
872 74040 75300 3 15 1260
873 75420 76560 15 6 1140
874 30480 31920 2 7 1440
875 32040 33360 7 0 1320
876 36300 37620 0 7 1320
877 37740 39180 7 2 1440
878 39300 41160 2 10 1860
879 41280 43320 10 13 2040
880 43560 45120 13 11 1560
881 47100 48420 0 7 1320
882 48540 49980 7 2 1440
883 50100 51960 2 10 1860
884 52080 54120 10 13 2040
885 54360 55920 13 11 1560
886 57900 59220 0 7 1320
887 59340 60780 7 2 1440
888 60900 62760 2 10 1860
889 62880 64920 10 13 2040
890 65160 66720 13 11 1560
891 68700 70020 0 7 1320
892 70140 71580 7 2 1440
893 71700 73560 2 10 1860
894 73680 75720 10 13 2040
895 75960 77520 13 11 1560
896 25800 28680 15 16 2880
897 28800 29640 16 12 840
898 30960 31800 12 16 840
899 32040 34920 16 15 2880
900 35040 36180 15 6 1140
901 38160 39000 12 16 840
902 39240 42120 16 15 2880
903 42240 43380 15 6 1140
904 45360 46200 12 16 840
905 46440 49320 16 15 2880
906 49440 50580 15 6 1140
907 52560 53400 12 16 840
908 53640 56520 16 15 2880
909 56640 57780 15 6 1140
910 59760 60600 12 16 840
911 60840 63720 16 15 2880
912 63840 64980 15 6 1140
913 66960 67800 12 16 840
914 68040 70920 16 15 2880
915 71040 72180 15 6 1140
916 74160 75000 12 16 840
917 75240 78120 16 15 2880
918 78240 79380 15 6 1140
919 26580 29100 3 7 2520
920 29220 30540 7 0 1320
921 33180 34500 0 7 1320
922 34620 37140 7 3 2520
923 37260 38940 3 5 1680
924 40380 41700 0 7 1320
925 41820 44340 7 3 2520
926 44460 46140 3 5 1680
927 47580 48900 0 7 1320
928 49020 51540 7 3 2520
929 51660 53340 3 5 1680
930 54780 56100 0 7 1320
931 56220 58740 7 3 2520
932 58860 60540 3 5 1680
933 61980 63300 0 7 1320
934 63420 65940 7 3 2520
935 66060 67740 3 5 1680
936 69180 70500 0 7 1320
937 70620 73140 7 3 2520
938 73260 74940 3 5 1680
939 76380 77700 0 7 1320
940 77820 80340 7 3 2520
941 28200 30720 7 3 2520
942 30840 32160 3 4 1320
943 32280 33180 4 12 900
944 35700 36600 12 4 900
945 36720 38040 4 3 1320
946 38160 40680 3 7 2520
947 40800 42240 7 2 1440
948 42360 44220 2 10 1860
949 46500 47400 12 4 900
950 47520 48840 4 3 1320
951 48960 51480 3 7 2520
952 51600 53040 7 2 1440
953 53160 55020 2 10 1860
954 57300 58200 12 4 900
955 58320 59640 4 3 1320
956 59760 62280 3 7 2520
957 62400 63840 7 2 1440
958 63960 65820 2 10 1860
959 68100 69000 12 4 900
960 69120 70440 4 3 1320
961 70560 73080 3 7 2520
962 73200 74640 7 2 1440
963 74760 76620 2 10 1860
964 78900 79800 12 4 900
965 79920 81240 4 3 1320
966 81360 83880 3 7 2520
967 28500 29640 15 6 1140
968 30960 32100 6 15 1140
969 32220 34320 15 7 2100
970 34440 35760 7 0 1320
971 38160 39300 6 15 1140
972 39420 41520 15 7 2100
973 41640 42960 7 0 1320
974 45360 46500 6 15 1140
975 46620 48720 15 7 2100
976 48840 50160 7 0 1320
977 52560 53700 6 15 1140
978 53820 55920 15 7 2100
979 56040 57360 7 0 1320
980 59760 60900 6 15 1140
981 61020 63120 15 7 2100
982 63240 64560 7 0 1320
983 66960 68100 6 15 1140
984 68220 70320 15 7 2100
985 70440 71760 7 0 1320
986 74160 75300 6 15 1140
987 75420 77520 15 7 2100
988 77640 78960 7 0 1320
989 28740 29700 1 15 960
990 29820 30960 15 6 1140
991 34800 35940 6 15 1140
992 36060 37020 15 1 960
993 37140 38220 1 0 1080
994 38340 40920 0 8 2580
995 42000 43140 6 15 1140
996 43260 44220 15 1 960
997 44340 45420 1 0 1080
998 45540 48120 0 8 2580
999 49200 50340 6 15 1140
1000 50460 51420 15 1 960
1001 51540 52620 1 0 1080
1002 52740 55320 0 8 2580
1003 56400 57540 6 15 1140
1004 57660 58620 15 1 960
1005 58740 59820 1 0 1080
1006 59940 62520 0 8 2580
1007 63600 64740 6 15 1140
1008 64860 65820 15 1 960
1009 65940 67020 1 0 1080
1010 67140 69720 0 8 2580
1011 70800 71940 6 15 1140
1012 72060 73020 15 1 960
1013 73140 74220 1 0 1080
1014 74340 76920 0 8 2580
1015 78000 79140 6 15 1140
1016 79260 80220 15 1 960
1017 80340 81420 1 0 1080
1018 28440 30540 7 15 2100
1019 30660 31620 15 1 960
1020 31740 32820 1 0 1080
1021 35220 36300 0 1 1080
1022 36540 37500 1 15 960
1023 37620 39720 15 7 2100
1024 39840 41280 7 2 1440
1025 41400 43260 2 10 1860
1026 46020 47100 0 1 1080
1027 47340 48300 1 15 960
1028 48420 50520 15 7 2100
1029 50640 52080 7 2 1440
1030 52200 54060 2 10 1860
1031 56820 57900 0 1 1080
1032 58140 59100 1 15 960
1033 59220 61320 15 7 2100
1034 61440 62880 7 2 1440
1035 63000 64860 2 10 1860
1036 67620 68700 0 1 1080
1037 68940 69900 1 15 960
1038 70020 72120 15 7 2100
1039 72240 73680 7 2 1440
1040 73800 75660 2 10 1860
1041 78420 79500 0 1 1080
1042 79740 80700 1 15 960
1043 80820 82920 15 7 2100
1044 27360 29880 3 7 2520
1045 30000 31440 7 2 1440
1046 31560 33420 2 10 1860
1047 35460 37320 10 2 1860
1048 37440 38880 2 7 1440
1049 39000 41520 7 3 2520
1050 41640 42960 3 4 1320
1051 43080 43980 4 12 900
1052 46260 48120 10 2 1860
1053 48240 49680 2 7 1440
1054 49800 52320 7 3 2520
1055 52440 53760 3 4 1320
1056 53880 54780 4 12 900
1057 57060 58920 10 2 1860
1058 59040 60480 2 7 1440
1059 60600 63120 7 3 2520
1060 63240 64560 3 4 1320
1061 64680 65580 4 12 900
1062 67860 69720 10 2 1860
1063 69840 71280 2 7 1440
1064 71400 73920 7 3 2520
1065 74040 75360 3 4 1320
1066 75480 76380 4 12 900
1067 78660 80520 10 2 1860
1068 80640 82080 2 7 1440
1069 82200 84720 7 3 2520
1070 27840 28800 15 1 960
1071 28920 30000 1 0 1080
1072 30720 31800 0 1 1080
1073 31920 32880 1 15 960
1074 33000 34740 15 4 1740
1075 34860 35760 4 12 900
1076 37920 39000 0 1 1080
1077 39120 40080 1 15 960
1078 40200 41940 15 4 1740
1079 42060 42960 4 12 900
1080 45120 46200 0 1 1080
1081 46320 47280 1 15 960
1082 47400 49140 15 4 1740
1083 49260 50160 4 12 900
1084 52320 53400 0 1 1080
1085 53520 54480 1 15 960
1086 54600 56340 15 4 1740
1087 56460 57360 4 12 900
1088 59520 60600 0 1 1080
1089 60720 61680 1 15 960
1090 61800 63540 15 4 1740
1091 63660 64560 4 12 900
1092 66720 67800 0 1 1080
1093 67920 68880 1 15 960
1094 69000 70740 15 4 1740
1095 70860 71760 4 12 900
1096 73920 75000 0 1 1080
1097 75120 76080 1 15 960
1098 76200 77940 15 4 1740
1099 78060 78960 4 12 900
1100 26820 28140 3 4 1320
1101 28260 29160 4 12 900
1102 29280 30120 12 16 840
1103 30900 31740 16 12 840
1104 31860 32760 12 4 900
1105 32880 34200 4 3 1320
1106 34320 36000 3 5 1680
1107 38100 38940 16 12 840
1108 39060 39960 12 4 900
1109 40080 41400 4 3 1320
1110 41520 43200 3 5 1680
1111 45300 46140 16 12 840
1112 46260 47160 12 4 900
1113 47280 48600 4 3 1320
1114 48720 50400 3 5 1680
1115 52500 53340 16 12 840
1116 53460 54360 12 4 900
1117 54480 55800 4 3 1320
1118 55920 57600 3 5 1680
1119 59700 60540 16 12 840
1120 60660 61560 12 4 900
1121 61680 63000 4 3 1320
1122 63120 64800 3 5 1680
1123 66900 67740 16 12 840
1124 67860 68760 12 4 900
1125 68880 70200 4 3 1320
1126 70320 72000 3 5 1680
1127 74100 74940 16 12 840
1128 75060 75960 12 4 900
1129 76080 77400 4 3 1320
1130 35100 37140 10 13 2040
1131 37260 38820 13 11 1560
1132 38940 41340 11 17 2400
1133 42300 44340 10 13 2040
1134 44460 46020 13 11 1560
1135 46140 48540 11 17 2400
1136 49500 51540 10 13 2040
1137 51660 53220 13 11 1560
1138 53340 55740 11 17 2400
1139 56700 58740 10 13 2040
1140 58860 60420 13 11 1560
1141 60540 62940 11 17 2400
1142 63900 65940 10 13 2040
1143 66060 67620 13 11 1560
1144 67740 70140 11 17 2400
1145 71100 73140 10 13 2040
1146 73260 74820 13 11 1560
1147 74940 77340 11 17 2400
1148 29100 30060 1 15 960
1149 30180 31440 15 3 1260
1150 31560 33240 3 5 1680
1151 36780 38460 5 3 1680
1152 38580 39840 3 15 1260
1153 39960 40920 15 1 960
1154 41040 42120 1 0 1080
1155 42240 44820 0 8 2580
1156 47580 49260 5 3 1680
1157 49380 50640 3 15 1260
1158 50760 51720 15 1 960
1159 51840 52920 1 0 1080
1160 53040 55620 0 8 2580
1161 58380 60060 5 3 1680
1162 60180 61440 3 15 1260
1163 61560 62520 15 1 960
1164 62640 63720 1 0 1080
1165 63840 66420 0 8 2580
1166 69180 70860 5 3 1680
1167 70980 72240 3 15 1260
1168 72360 73320 15 1 960
1169 73440 74520 1 0 1080
1170 74640 77220 0 8 2580
1171 79200 81780 8 0 2580
1172 81900 82980 0 1 1080
1173 83100 84060 1 15 960
1174 84180 85440 15 3 1260
1175 85560 87240 3 5 1680
1176 90780 92460 5 3 1680
1177 92580 93840 3 15 1260
1178 27600 29340 15 4 1740
1179 29460 30360 4 12 900
1180 32160 33060 12 4 900
1181 33180 34920 4 15 1740
1182 35040 36000 15 1 960
1183 36120 37200 1 0 1080
1184 39360 40260 12 4 900
1185 40380 42120 4 15 1740
1186 42240 43200 15 1 960
1187 43320 44400 1 0 1080
1188 46560 47460 12 4 900
1189 47580 49320 4 15 1740
1190 49440 50400 15 1 960
1191 50520 51600 1 0 1080
1192 53760 54660 12 4 900
1193 54780 56520 4 15 1740
1194 56640 57600 15 1 960
1195 57720 58800 1 0 1080
1196 60960 61860 12 4 900
1197 61980 63720 4 15 1740
1198 63840 64800 15 1 960
1199 64920 66000 1 0 1080
1200 68160 69060 12 4 900
1201 69180 70920 4 15 1740
1202 71040 72000 15 1 960
1203 72120 73200 1 0 1080
1204 75360 76260 12 4 900
1205 76380 78120 4 15 1740
1206 78240 79200 15 1 960
1207 79320 80400 1 0 1080
1208 26940 28380 7 2 1440
1209 28500 32040 2 11 3540
1210 34020 37560 11 2 3540
1211 37680 39120 2 7 1440
1212 39240 40560 7 0 1320
1213 41220 44760 11 2 3540
1214 44880 46320 2 7 1440
1215 46440 47760 7 0 1320
1216 48420 51960 11 2 3540
1217 52080 53520 2 7 1440
1218 53640 54960 7 0 1320
1219 55620 59160 11 2 3540
1220 59280 60720 2 7 1440
1221 60840 62160 7 0 1320
1222 62820 66360 11 2 3540
1223 66480 67920 2 7 1440
1224 68040 69360 7 0 1320
1225 70020 73560 11 2 3540
1226 73680 75120 2 7 1440
1227 75240 76560 7 0 1320
1228 77220 80760 11 2 3540
1229 80880 82320 2 7 1440
1230 26940 28380 7 2 1440
1231 28500 30360 2 10 1860
1232 30480 32520 10 13 2040
1233 32760 34320 13 11 1560
1234 35340 36900 11 13 1560
1235 37140 39180 13 10 2040
1236 39300 41160 10 2 1860
1237 41280 42720 2 7 1440
1238 42840 44160 7 0 1320
1239 46140 47700 11 13 1560
1240 47940 49980 13 10 2040
1241 50100 51960 10 2 1860
1242 52080 53520 2 7 1440
1243 53640 54960 7 0 1320
1244 56940 58500 11 13 1560
1245 58740 60780 13 10 2040
1246 60900 62760 10 2 1860
1247 62880 64320 2 7 1440
1248 64440 65760 7 0 1320
1249 67740 69300 11 13 1560
1250 69540 71580 13 10 2040
1251 71700 73560 10 2 1860
1252 73680 75120 2 7 1440
1253 75240 76560 7 0 1320
1254 26940 29460 7 14 2520
1255 29580 32580 14 18 3000
1256 32700 34980 18 17 2280
1257 38640 40920 17 18 2280
1258 41160 44160 18 14 3000
1259 44280 46800 14 7 2520
1260 46920 48240 7 0 1320
1261 49440 51720 17 18 2280
1262 51960 54960 18 14 3000
1263 55080 57600 14 7 2520
1264 57720 59040 7 0 1320
1265 60240 62520 17 18 2280
1266 62760 65760 18 14 3000
1267 65880 68400 14 7 2520
1268 68520 69840 7 0 1320
1269 71040 73320 17 18 2280
1270 73560 76560 18 14 3000
1271 76680 79200 14 7 2520
1272 79320 80640 7 0 1320
1273 30180 31260 1 0 1080
1274 31380 32700 0 7 1320
1275 25800 27300 9 4 1500
1276 27420 29160 4 15 1740
1277 29280 30420 15 6 1140
1278 30540 33300 6 8 2760
1279 36960 39720 8 6 2760
1280 39840 40980 6 15 1140
1281 41100 42840 15 4 1740
1282 42960 44460 4 9 1500
1283 47760 50520 8 6 2760
1284 50640 51780 6 15 1140
1285 51900 53640 15 4 1740
1286 53760 55260 4 9 1500
1287 58560 61320 8 6 2760
1288 61440 62580 6 15 1140
1289 62700 64440 15 4 1740
1290 64560 66060 4 9 1500
1291 69360 72120 8 6 2760
1292 72240 73380 6 15 1140
1293 73500 75240 15 4 1740
1294 75360 76860 4 9 1500
1295 25860 27120 15 3 1260
1296 27240 28620 3 9 1380
1297 28860 30360 9 4 1500
1298 33900 35400 4 9 1500
1299 35640 37020 9 3 1380
1300 37140 38400 3 15 1260
1301 41100 42600 4 9 1500
1302 42840 44220 9 3 1380
1303 44340 45600 3 15 1260
1304 48300 49800 4 9 1500
1305 50040 51420 9 3 1380
1306 51540 52800 3 15 1260
1307 55500 57000 4 9 1500
1308 57240 58620 9 3 1380
1309 58740 60000 3 15 1260
1310 62700 64200 4 9 1500
1311 64440 65820 9 3 1380
1312 65940 67200 3 15 1260
1313 69900 71400 4 9 1500
1314 71640 73020 9 3 1380
1315 73140 74400 3 15 1260
1316 77100 78600 4 9 1500
1317 78840 80220 9 3 1380
1318 80340 81600 3 15 1260
1319 27420 29940 7 3 2520
1320 30060 31740 3 5 1680
1321 35460 37140 5 3 1680
1322 37380 39900 3 7 2520
1323 40020 41340 7 0 1320
1324 42660 44340 5 3 1680
1325 44580 47100 3 7 2520
1326 47220 48540 7 0 1320
1327 49860 51540 5 3 1680
1328 51780 54300 3 7 2520
1329 54420 55740 7 0 1320
1330 57060 58740 5 3 1680
1331 58980 61500 3 7 2520
1332 61620 62940 7 0 1320
1333 64260 65940 5 3 1680
1334 66180 68700 3 7 2520
1335 68820 70140 7 0 1320
1336 71460 73140 5 3 1680
1337 73380 75900 3 7 2520
1338 76020 77340 7 0 1320
1339 78660 80340 5 3 1680
1340 80580 83100 3 7 2520
1341 27960 29460 4 9 1500
1342 33360 34860 9 4 1500
1343 34980 35880 4 12 900
1344 36000 36840 12 16 840
1345 40560 42060 9 4 1500
1346 42180 43080 4 12 900
1347 43200 44040 12 16 840
1348 47760 49260 9 4 1500
1349 49380 50280 4 12 900
1350 50400 51240 12 16 840
1351 54960 56460 9 4 1500
1352 56580 57480 4 12 900
1353 57600 58440 12 16 840
1354 62160 63660 9 4 1500
1355 63780 64680 4 12 900
1356 64800 65640 12 16 840
1357 69360 70860 9 4 1500
1358 70980 71880 4 12 900
1359 72000 72840 12 16 840
1360 76560 78060 9 4 1500
1361 78180 79080 4 12 900
1362 79200 80040 12 16 840
1363 27780 29040 3 15 1260
1364 29160 30120 15 1 960
1365 30240 31320 1 0 1080
1366 31440 34020 0 8 2580
1367 36000 38580 8 0 2580
1368 38700 39780 0 1 1080
1369 39900 40860 1 15 960
1370 40980 42240 15 3 1260
1371 42360 44040 3 5 1680
1372 46800 49380 8 0 2580
1373 49500 50580 0 1 1080
1374 50700 51660 1 15 960
1375 51780 53040 15 3 1260
1376 53160 54840 3 5 1680
1377 57600 60180 8 0 2580
1378 60300 61380 0 1 1080
1379 61500 62460 1 15 960
1380 62580 63840 15 3 1260
1381 63960 65640 3 5 1680
1382 68400 70980 8 0 2580
1383 71100 72180 0 1 1080
1384 72300 73260 1 15 960
1385 73380 74640 15 3 1260
1386 74760 76440 3 5 1680
1387 34200 37860 5 2 3660
1388 37980 39420 2 7 1440
1389 41400 45060 5 2 3660
1390 45180 46620 2 7 1440
1391 48600 52260 5 2 3660
1392 52380 53820 2 7 1440
1393 55800 59460 5 2 3660
1394 59580 61020 2 7 1440
1395 63000 66660 5 2 3660
1396 66780 68220 2 7 1440
1397 70200 73860 5 2 3660
1398 73980 75420 2 7 1440
1399 77400 81060 5 2 3660
1400 81180 82620 2 7 1440
1401 26160 27660 9 4 1500
1402 27780 28680 4 12 900
1403 28800 29640 12 16 840
1404 33180 34020 16 12 840
1405 34140 35040 12 4 900
1406 35160 36660 4 9 1500
1407 40380 41220 16 12 840
1408 41340 42240 12 4 900
1409 42360 43860 4 9 1500
1410 47580 48420 16 12 840
1411 48540 49440 12 4 900
1412 49560 51060 4 9 1500
1413 54780 55620 16 12 840
1414 55740 56640 12 4 900
1415 56760 58260 4 9 1500
1416 61980 62820 16 12 840
1417 62940 63840 12 4 900
1418 63960 65460 4 9 1500
1419 69180 70020 16 12 840
1420 70140 71040 12 4 900
1421 71160 72660 4 9 1500
1422 76380 77220 16 12 840
1423 77340 78240 12 4 900
1424 29040 30180 6 15 1140
1425 30300 32040 15 4 1740
1426 32160 33660 4 9 1500
1427 36600 38100 9 4 1500
1428 38220 39960 4 15 1740
1429 40080 41220 15 6 1140
1430 41340 44100 6 8 2760
1431 47400 48900 9 4 1500
1432 49020 50760 4 15 1740
1433 50880 52020 15 6 1140
1434 52140 54900 6 8 2760
1435 58200 59700 9 4 1500
1436 59820 61560 4 15 1740
1437 61680 62820 15 6 1140
1438 62940 65700 6 8 2760
1439 69000 70500 9 4 1500
1440 70620 72360 4 15 1740
1441 72480 73620 15 6 1140
1442 73740 76500 6 8 2760
1443 26400 27780 9 3 1380
1444 27900 30420 3 7 2520
1445 30540 33060 7 14 2520
1446 33780 36300 14 7 2520
1447 36420 38940 7 3 2520
1448 39060 40440 3 9 1380
1449 44580 47100 14 7 2520
1450 47220 49740 7 3 2520
1451 49860 51240 3 9 1380
1452 55380 57900 14 7 2520
1453 58020 60540 7 3 2520
1454 60660 62040 3 9 1380
1455 66180 68700 14 7 2520
1456 68820 71340 7 3 2520
1457 71460 72840 3 9 1380
1458 76980 79500 14 7 2520
1459 79620 82140 7 3 2520
1460 29520 30480 15 1 960
1461 30720 31800 1 0 1080
1462 34260 35340 0 1 1080
1463 35520 36480 1 15 960
1464 36600 39480 15 16 2880
1465 41460 42540 0 1 1080
1466 42720 43680 1 15 960
1467 43800 46680 15 16 2880
1468 48660 49740 0 1 1080
1469 49920 50880 1 15 960
1470 51000 53880 15 16 2880
1471 55860 56940 0 1 1080
1472 57120 58080 1 15 960
1473 58200 61080 15 16 2880
1474 63060 64140 0 1 1080
1475 64320 65280 1 15 960
1476 65400 68280 15 16 2880
1477 70260 71340 0 1 1080
1478 71520 72480 1 15 960
1479 72600 75480 15 16 2880
1480 77460 78540 0 1 1080
1481 78720 79680 1 15 960
1482 29220 31740 7 3 2520
1483 31860 33240 3 9 1380
1484 37200 38580 9 3 1380
1485 38700 41220 3 7 2520
1486 41340 43860 7 14 2520
1487 48000 49380 9 3 1380
1488 49500 52020 3 7 2520
1489 52140 54660 7 14 2520
1490 58800 60180 9 3 1380
1491 60300 62820 3 7 2520
1492 62940 65460 7 14 2520
1493 69600 70980 9 3 1380
1494 71100 73620 3 7 2520
1495 73740 76260 7 14 2520
1496 26700 28200 4 9 1500
1497 28440 29820 9 3 1380
1498 29940 31200 3 15 1260
1499 33060 34320 15 3 1260
1500 34440 35820 3 9 1380
1501 36060 37560 9 4 1500
1502 40260 41520 15 3 1260
1503 41640 43020 3 9 1380
1504 43260 44760 9 4 1500
1505 47460 48720 15 3 1260
1506 48840 50220 3 9 1380
1507 50460 51960 9 4 1500
1508 54660 55920 15 3 1260
1509 56040 57420 3 9 1380
1510 57660 59160 9 4 1500
1511 61860 63120 15 3 1260
1512 63240 64620 3 9 1380
1513 64860 66360 9 4 1500
1514 69060 70320 15 3 1260
1515 70440 71820 3 9 1380
1516 72060 73560 9 4 1500
1517 76260 77520 15 3 1260
1518 77640 79020 3 9 1380
1519 79260 80760 9 4 1500
1520 27780 29520 4 15 1740
1521 29640 30600 15 1 960
1522 30720 31800 1 0 1080
1523 32520 33600 0 1 1080
1524 33720 34680 1 15 960
1525 34800 36540 15 4 1740
1526 36660 37560 4 12 900
1527 39720 40800 0 1 1080
1528 40920 41880 1 15 960
1529 42000 43740 15 4 1740
1530 43860 44760 4 12 900
1531 46920 48000 0 1 1080
1532 48120 49080 1 15 960
1533 49200 50940 15 4 1740
1534 51060 51960 4 12 900
1535 54120 55200 0 1 1080
1536 55320 56280 1 15 960
1537 56400 58140 15 4 1740
1538 58260 59160 4 12 900
1539 61320 62400 0 1 1080
1540 62520 63480 1 15 960
1541 63600 65340 15 4 1740
1542 65460 66360 4 12 900
1543 68520 69600 0 1 1080
1544 69720 70680 1 15 960
1545 70800 72540 15 4 1740
1546 72660 73560 4 12 900
1547 75720 76800 0 1 1080
1548 76920 77880 1 15 960
1549 78000 79740 15 4 1740
1550 79860 80760 4 12 900
1551 30480 31920 2 7 1440
1552 32040 33360 7 0 1320
1553 36300 37620 0 7 1320
1554 37740 39180 7 2 1440
1555 39300 42840 2 11 3540
1556 43500 44820 0 7 1320
1557 44940 46380 7 2 1440
1558 46500 50040 2 11 3540
1559 50700 52020 0 7 1320
1560 52140 53580 7 2 1440
1561 53700 57240 2 11 3540
1562 57900 59220 0 7 1320
1563 59340 60780 7 2 1440
1564 60900 64440 2 11 3540
1565 65100 66420 0 7 1320
1566 66540 67980 7 2 1440
1567 68100 71640 2 11 3540
1568 72300 73620 0 7 1320
1569 73740 75180 7 2 1440
1570 75300 78840 2 11 3540
1571 30780 32220 2 7 1440
1572 33300 34740 7 2 1440
1573 34860 38520 2 5 3660
1574 40500 41940 7 2 1440
1575 42060 45720 2 5 3660
1576 47700 49140 7 2 1440
1577 49260 52920 2 5 3660
1578 54900 56340 7 2 1440
1579 56460 60120 2 5 3660
1580 62100 63540 7 2 1440
1581 63660 67320 2 5 3660
1582 69300 70740 7 2 1440
1583 70860 74520 2 5 3660
1584 76500 77940 7 2 1440
1585 28980 30420 2 7 1440
1586 30540 33060 7 14 2520
1587 35100 37620 14 7 2520
1588 37740 39180 7 2 1440
1589 39300 41160 2 10 1860
1590 42300 44820 14 7 2520
1591 44940 46380 7 2 1440
1592 46500 48360 2 10 1860
1593 49500 52020 14 7 2520
1594 52140 53580 7 2 1440
1595 53700 55560 2 10 1860
1596 56700 59220 14 7 2520
1597 59340 60780 7 2 1440
1598 60900 62760 2 10 1860
1599 63900 66420 14 7 2520
1600 66540 67980 7 2 1440
1601 68100 69960 2 10 1860
1602 71100 73620 14 7 2520
1603 73740 75180 7 2 1440
1604 75300 77160 2 10 1860
1605 78300 80820 14 7 2520
1606 80940 82380 7 2 1440
1607 28320 29280 1 15 960
1608 29400 32280 15 16 2880
1609 33720 36600 16 15 2880
1610 36720 37680 15 1 960
1611 37920 39000 1 0 1080
1612 40920 43800 16 15 2880
1613 43920 44880 15 1 960
1614 45120 46200 1 0 1080
1615 48120 51000 16 15 2880
1616 51120 52080 15 1 960
1617 52320 53400 1 0 1080
1618 55320 58200 16 15 2880
1619 58320 59280 15 1 960
1620 59520 60600 1 0 1080
1621 62520 65400 16 15 2880
1622 65520 66480 15 1 960
1623 66720 67800 1 0 1080
1624 69720 72600 16 15 2880
1625 72720 73680 15 1 960
1626 73920 75000 1 0 1080
1627 76920 79800 16 15 2880
1628 79920 80880 15 1 960
1629 28320 29280 1 15 960
1630 29400 31140 15 4 1740
1631 31260 32160 4 12 900
1632 33960 34860 12 4 900
1633 34980 36720 4 15 1740
1634 36840 37800 15 1 960
1635 37920 39000 1 0 1080
1636 41160 42060 12 4 900
1637 42180 43920 4 15 1740
1638 44040 45000 15 1 960
1639 45120 46200 1 0 1080
1640 48360 49260 12 4 900
1641 49380 51120 4 15 1740
1642 51240 52200 15 1 960
1643 52320 53400 1 0 1080
1644 55560 56460 12 4 900
1645 56580 58320 4 15 1740
1646 58440 59400 15 1 960
1647 59520 60600 1 0 1080
1648 62760 63660 12 4 900
1649 63780 65520 4 15 1740
1650 65640 66600 15 1 960
1651 66720 67800 1 0 1080
1652 69960 70860 12 4 900
1653 70980 72720 4 15 1740
1654 72840 73800 15 1 960
1655 73920 75000 1 0 1080
1656 77160 78060 12 4 900
1657 78180 79920 4 15 1740
1658 80040 81000 15 1 960
1659 29880 31980 7 15 2100
1660 32100 33060 15 1 960
1661 33180 34260 1 0 1080
1662 35220 36300 0 1 1080
1663 36420 37380 1 15 960
1664 37620 39780 15 7 2160
1665 40020 42540 7 14 2520
1666 46020 47100 0 1 1080
1667 47220 48180 1 15 960
1668 48420 50580 15 7 2160
1669 50820 53340 7 14 2520
1670 56820 57900 0 1 1080
1671 58020 58980 1 15 960
1672 59220 61380 15 7 2160
1673 61620 64140 7 14 2520
1674 67620 68700 0 1 1080
1675 68820 69780 1 15 960
1676 70020 72180 15 7 2160
1677 72420 74940 7 14 2520
1678 78420 79500 0 1 1080
1679 79620 80580 1 15 960
1680 80820 82980 15 7 2160
1681 27240 28500 3 15 1260
1682 28620 29760 15 6 1140
1683 29880 32640 6 8 2760
1684 35280 38040 8 6 2760
1685 38160 39300 6 15 1140
1686 39420 40680 15 3 1260
1687 42480 45240 8 6 2760
1688 45360 46500 6 15 1140
1689 46620 47880 15 3 1260
1690 49680 52440 8 6 2760
1691 52560 53700 6 15 1140
1692 53820 55080 15 3 1260
1693 56880 59640 8 6 2760
1694 59760 60900 6 15 1140
1695 61020 62280 15 3 1260
1696 64080 66840 8 6 2760
1697 66960 68100 6 15 1140
1698 68220 69480 15 3 1260
1699 71280 74040 8 6 2760
1700 74160 75300 6 15 1140
1701 75420 76680 15 3 1260
1702 78480 81240 8 6 2760
1703 81360 82500 6 15 1140
1704 82620 83880 15 3 1260
1705 28260 29160 12 4 900
1706 29280 30600 4 3 1320
1707 30720 32400 3 5 1680
1708 35820 37500 5 3 1680
1709 37620 38940 3 4 1320
1710 39060 39960 4 12 900
1711 40080 40920 12 16 840
1712 43020 44700 5 3 1680
1713 44820 46140 3 4 1320
1714 46260 47160 4 12 900
1715 47280 48120 12 16 840
1716 50220 51900 5 3 1680
1717 52020 53340 3 4 1320
1718 53460 54360 4 12 900
1719 54480 55320 12 16 840
1720 57420 59100 5 3 1680
1721 59220 60540 3 4 1320
1722 60660 61560 4 12 900
1723 61680 62520 12 16 840
1724 64620 66300 5 3 1680
1725 66420 67740 3 4 1320
1726 67860 68760 4 12 900
1727 68880 69720 12 16 840
1728 71820 73500 5 3 1680
1729 73620 74940 3 4 1320
1730 75060 75960 4 12 900
1731 76080 76920 12 16 840
1732 79020 80700 5 3 1680
1733 80820 82140 3 4 1320
1734 82260 83160 4 12 900
1735 27360 28500 6 15 1140
1736 28620 30720 15 7 2100
1737 30840 32160 7 0 1320
1738 35520 36840 0 7 1320
1739 37080 39180 7 15 2100
1740 39300 40440 15 6 1140
1741 42720 44040 0 7 1320
1742 44280 46380 7 15 2100
1743 46500 47640 15 6 1140
1744 49920 51240 0 7 1320
1745 51480 53580 7 15 2100
1746 53700 54840 15 6 1140
1747 57120 58440 0 7 1320
1748 58680 60780 7 15 2100
1749 60900 62040 15 6 1140
1750 64320 65640 0 7 1320
1751 65880 67980 7 15 2100
1752 68100 69240 15 6 1140
1753 71520 72840 0 7 1320
1754 73080 75180 7 15 2100
1755 75300 76440 15 6 1140
1756 78720 80040 0 7 1320
1757 80280 82380 7 15 2100
1758 27360 28200 12 16 840
1759 28440 31320 16 15 2880
1760 31440 32580 15 6 1140
1761 35340 36480 6 15 1140
1762 36600 39480 15 16 2880
1763 39600 40440 16 12 840
1764 42540 43680 6 15 1140
1765 43800 46680 15 16 2880
1766 46800 47640 16 12 840
1767 49740 50880 6 15 1140
1768 51000 53880 15 16 2880
1769 54000 54840 16 12 840
1770 56940 58080 6 15 1140
1771 58200 61080 15 16 2880
1772 61200 62040 16 12 840
1773 64140 65280 6 15 1140
1774 65400 68280 15 16 2880
1775 68400 69240 16 12 840
1776 71340 72480 6 15 1140
1777 72600 75480 15 16 2880
1778 75600 76440 16 12 840
1779 78540 79680 6 15 1140
1780 79800 82680 15 16 2880
1781 82800 83640 16 12 840
1782 27600 28740 6 15 1140
1783 28860 29820 15 1 960
1784 29940 31020 1 0 1080
1785 31140 33720 0 8 2580
1786 35640 38220 8 0 2580
1787 38340 39420 0 1 1080
1788 39540 40500 1 15 960
1789 40620 41760 15 6 1140
1790 42840 45420 8 0 2580
1791 45540 46620 0 1 1080
1792 46740 47700 1 15 960
1793 47820 48960 15 6 1140
1794 50040 52620 8 0 2580
1795 52740 53820 0 1 1080
1796 53940 54900 1 15 960
1797 55020 56160 15 6 1140
1798 57240 59820 8 0 2580
1799 59940 61020 0 1 1080
1800 61140 62100 1 15 960
1801 62220 63360 15 6 1140
1802 64440 67020 8 0 2580
1803 67140 68220 0 1 1080
1804 68340 69300 1 15 960
1805 69420 70560 15 6 1140
1806 71640 74220 8 0 2580
1807 74340 75420 0 1 1080
1808 75540 76500 1 15 960
1809 76620 77760 15 6 1140
1810 78840 81420 8 0 2580
1811 81540 82620 0 1 1080
1812 82740 83700 1 15 960
1813 27780 29880 15 7 2100
1814 30000 31440 7 2 1440
1815 31560 35100 2 11 3540
1816 35220 37620 11 17 2400
1817 38700 41100 17 11 2400
1818 41220 44760 11 2 3540
1819 44880 46320 2 7 1440
1820 46440 48540 7 15 2100
1821 49500 51900 17 11 2400
1822 52020 55560 11 2 3540
1823 55680 57120 2 7 1440
1824 57240 59340 7 15 2100
1825 60300 62700 17 11 2400
1826 62820 66360 11 2 3540
1827 66480 67920 2 7 1440
1828 68040 70140 7 15 2100
1829 71100 73500 17 11 2400
1830 73620 77160 11 2 3540
1831 77280 78720 2 7 1440
1832 78840 80940 7 15 2100
1833 33480 36000 14 7 2520
1834 36120 37440 7 0 1320
1835 39900 41220 0 7 1320
1836 41340 43860 7 14 2520
1837 43980 46980 14 18 3000
1838 47100 49380 18 17 2280
1839 50700 52020 0 7 1320
1840 52140 54660 7 14 2520
1841 54780 57780 14 18 3000
1842 57900 60180 18 17 2280
1843 61500 62820 0 7 1320
1844 62940 65460 7 14 2520
1845 65580 68580 14 18 3000
1846 68700 70980 18 17 2280
1847 72300 73620 0 7 1320
1848 73740 76260 7 14 2520
1849 34080 35520 2 7 1440
1850 35640 37740 7 15 2100
1851 38580 40680 15 7 2100
1852 40800 42240 7 2 1440
1853 42360 45900 2 11 3540
1854 46020 48420 11 17 2400
1855 49380 51480 15 7 2100
1856 51600 53040 7 2 1440
1857 53160 56700 2 11 3540
1858 56820 59220 11 17 2400
1859 60180 62280 15 7 2100
1860 62400 63840 7 2 1440
1861 63960 67500 2 11 3540
1862 67620 70020 11 17 2400
1863 70980 73080 15 7 2100
1864 73200 74640 7 2 1440
1865 74760 78300 2 11 3540
1866 30540 31980 7 2 1440
1867 32100 33960 2 10 1860
1868 37800 39660 10 2 1860
1869 39780 41220 2 7 1440
1870 41340 43860 7 14 2520
1871 45000 46860 10 2 1860
1872 46980 48420 2 7 1440
1873 48540 51060 7 14 2520
1874 52200 54060 10 2 1860
1875 54180 55620 2 7 1440
1876 55740 58260 7 14 2520
1877 59400 61260 10 2 1860
1878 61380 62820 2 7 1440
1879 62940 65460 7 14 2520
1880 66600 68460 10 2 1860
1881 68580 70020 2 7 1440
1882 70140 72660 7 14 2520
1883 73800 75660 10 2 1860
1884 75780 77220 2 7 1440
1885 77340 79860 7 14 2520
1886 35880 38280 17 11 2400
1887 38400 39960 11 13 1560
1888 40080 42120 13 10 2040
1889 43080 45480 17 11 2400
1890 45600 47160 11 13 1560
1891 47280 49320 13 10 2040
1892 50280 52680 17 11 2400
1893 52800 54360 11 13 1560
1894 54480 56520 13 10 2040
1895 57480 59880 17 11 2400
1896 60000 61560 11 13 1560
1897 61680 63720 13 10 2040
1898 64680 67080 17 11 2400
1899 67200 68760 11 13 1560
1900 68880 70920 13 10 2040
1901 71880 74280 17 11 2400
1902 74400 75960 11 13 1560
1903 76080 78120 13 10 2040
1904 28020 29100 0 1 1080
1905 29340 30300 1 15 960
1906 30420 32520 15 7 2100
1907 32640 34080 7 2 1440
1908 34200 36060 2 10 1860
1909 39300 41160 10 2 1860
1910 41280 42720 2 7 1440
1911 42840 44940 7 15 2100
1912 45060 46020 15 1 960
1913 46140 47220 1 0 1080
1914 50100 51960 10 2 1860
1915 52080 53520 2 7 1440
1916 53640 55740 7 15 2100
1917 55860 56820 15 1 960
1918 56940 58020 1 0 1080
1919 60900 62760 10 2 1860
1920 62880 64320 2 7 1440
1921 64440 66540 7 15 2100
1922 66660 67620 15 1 960
1923 67740 68820 1 0 1080
1924 71700 73560 10 2 1860
1925 73680 75120 2 7 1440
1926 75240 77340 7 15 2100
1927 77460 78420 15 1 960
1928 78540 79620 1 0 1080
1929 28020 29100 0 1 1080
1930 29220 30180 1 15 960
1931 30420 32580 15 7 2160
1932 32820 35340 7 14 2520
1933 37920 40440 14 7 2520
1934 40680 42780 7 15 2100
1935 42900 43860 15 1 960
1936 43980 45060 1 0 1080
1937 48720 51240 14 7 2520
1938 51480 53580 7 15 2100
1939 53700 54660 15 1 960
1940 54780 55860 1 0 1080
1941 59520 62040 14 7 2520
1942 62280 64380 7 15 2100
1943 64500 65460 15 1 960
1944 65580 66660 1 0 1080
1945 70320 72840 14 7 2520
1946 73080 75180 7 15 2100
1947 75300 76260 15 1 960
1948 76380 77460 1 0 1080
1949 30960 32100 6 15 1140
1950 32220 33480 15 3 1260
1951 34440 35700 3 15 1260
1952 35820 36960 15 6 1140
1953 37080 39840 6 8 2760
1954 41640 42900 3 15 1260
1955 43020 44160 15 6 1140
1956 44280 47040 6 8 2760
1957 48840 50100 3 15 1260
1958 50220 51360 15 6 1140
1959 51480 54240 6 8 2760
1960 56040 57300 3 15 1260
1961 57420 58560 15 6 1140
1962 58680 61440 6 8 2760
1963 63240 64500 3 15 1260
1964 64620 65760 15 6 1140
1965 65880 68640 6 8 2760
1966 70440 71700 3 15 1260
1967 71820 72960 15 6 1140
1968 73080 75840 6 8 2760
1969 77640 78900 3 15 1260
1970 79020 80160 15 6 1140
1971 32100 33960 10 2 1860
1972 34080 35520 2 7 1440
1973 35640 36960 7 0 1320
1974 39900 41220 0 7 1320
1975 41340 42780 7 2 1440
1976 42900 44760 2 10 1860
1977 44880 46920 10 13 2040
1978 47160 48720 13 11 1560
1979 50700 52020 0 7 1320
1980 52140 53580 7 2 1440
1981 53700 55560 2 10 1860
1982 55680 57720 10 13 2040
1983 57960 59520 13 11 1560
1984 61500 62820 0 7 1320
1985 62940 64380 7 2 1440
1986 64500 66360 2 10 1860
1987 66480 68520 10 13 2040
1988 68760 70320 13 11 1560
1989 72300 73620 0 7 1320
1990 73740 75180 7 2 1440
1991 75300 77160 2 10 1860
1992 28140 29280 6 15 1140
1993 29400 32280 15 16 2880
1994 32400 33240 16 12 840
1995 34560 35400 12 16 840
1996 35640 38520 16 15 2880
1997 38640 39780 15 6 1140
1998 41760 42600 12 16 840
1999 42840 45720 16 15 2880
2000 45840 46980 15 6 1140
2001 48960 49800 12 16 840
2002 50040 52920 16 15 2880
2003 53040 54180 15 6 1140
2004 56160 57000 12 16 840
2005 57240 60120 16 15 2880
2006 60240 61380 15 6 1140
2007 63360 64200 12 16 840
2008 64440 67320 16 15 2880
2009 67440 68580 15 6 1140
2010 70560 71400 12 16 840
2011 71640 74520 16 15 2880
2012 74640 75780 15 6 1140
2013 77760 78600 12 16 840
2014 78840 81720 16 15 2880
2015 30180 32700 3 7 2520
2016 32820 34140 7 0 1320
2017 36780 38100 0 7 1320
2018 38220 40740 7 3 2520
2019 40860 42540 3 5 1680
2020 43980 45300 0 7 1320
2021 45420 47940 7 3 2520
2022 48060 49740 3 5 1680
2023 51180 52500 0 7 1320
2024 52620 55140 7 3 2520
2025 55260 56940 3 5 1680
2026 58380 59700 0 7 1320
2027 59820 62340 7 3 2520
2028 62460 64140 3 5 1680
2029 65580 66900 0 7 1320
2030 67020 69540 7 3 2520
2031 69660 71340 3 5 1680
2032 72780 74100 0 7 1320
2033 74220 76740 7 3 2520
2034 30240 31680 2 7 1440
2035 31800 34320 7 3 2520
2036 34440 35760 3 4 1320
2037 35880 36780 4 12 900
2038 39300 40200 12 4 900
2039 40320 41640 4 3 1320
2040 41760 44280 3 7 2520
2041 44400 45840 7 2 1440
2042 45960 47820 2 10 1860
2043 50100 51000 12 4 900
2044 51120 52440 4 3 1320
2045 52560 55080 3 7 2520
2046 55200 56640 7 2 1440
2047 56760 58620 2 10 1860
2048 60900 61800 12 4 900
2049 61920 63240 4 3 1320
2050 63360 65880 3 7 2520
2051 66000 67440 7 2 1440
2052 67560 69420 2 10 1860
2053 71700 72600 12 4 900
2054 72720 74040 4 3 1320
2055 74160 76680 3 7 2520
2056 76800 78240 7 2 1440
2057 28320 29640 0 7 1320
2058 29880 31980 7 15 2100
2059 32100 33240 15 6 1140
2060 34560 35700 6 15 1140
2061 35820 37920 15 7 2100
2062 38040 39360 7 0 1320
2063 41760 42900 6 15 1140
2064 43020 45120 15 7 2100
2065 45240 46560 7 0 1320
2066 48960 50100 6 15 1140
2067 50220 52320 15 7 2100
2068 52440 53760 7 0 1320
2069 56160 57300 6 15 1140
2070 57420 59520 15 7 2100
2071 59640 60960 7 0 1320
2072 63360 64500 6 15 1140
2073 64620 66720 15 7 2100
2074 66840 68160 7 0 1320
2075 70560 71700 6 15 1140
2076 71820 73920 15 7 2100
2077 74040 75360 7 0 1320
2078 77760 78900 6 15 1140
2079 79020 81120 15 7 2100
2080 31140 32220 0 1 1080
2081 32340 33300 1 15 960
2082 33420 34560 15 6 1140
2083 38400 39540 6 15 1140
2084 39660 40620 15 1 960
2085 40740 41820 1 0 1080
2086 41940 44520 0 8 2580
2087 45600 46740 6 15 1140
2088 46860 47820 15 1 960
2089 47940 49020 1 0 1080
2090 49140 51720 0 8 2580
2091 52800 53940 6 15 1140
2092 54060 55020 15 1 960
2093 55140 56220 1 0 1080
2094 56340 58920 0 8 2580
2095 60000 61140 6 15 1140
2096 61260 62220 15 1 960
2097 62340 63420 1 0 1080
2098 63540 66120 0 8 2580
2099 67200 68340 6 15 1140
2100 68460 69420 15 1 960
2101 69540 70620 1 0 1080
2102 70740 73320 0 8 2580
2103 74400 75540 6 15 1140
2104 75660 76620 15 1 960
2105 76740 77820 1 0 1080
2106 30480 31920 2 7 1440
2107 32040 34140 7 15 2100
2108 34260 35220 15 1 960
2109 35340 36420 1 0 1080
2110 38820 39900 0 1 1080
2111 40140 41100 1 15 960
2112 41220 43320 15 7 2100
2113 43440 44880 7 2 1440
2114 45000 46860 2 10 1860
2115 49620 50700 0 1 1080
2116 50940 51900 1 15 960
2117 52020 54120 15 7 2100
2118 54240 55680 7 2 1440
2119 55800 57660 2 10 1860
2120 60420 61500 0 1 1080
2121 61740 62700 1 15 960
2122 62820 64920 15 7 2100
2123 65040 66480 7 2 1440
2124 66600 68460 2 10 1860
2125 71220 72300 0 1 1080
2126 72540 73500 1 15 960
2127 73620 75720 15 7 2100
2128 75840 77280 7 2 1440
2129 28500 29400 12 4 900
2130 29520 30840 4 3 1320
2131 30960 33480 3 7 2520
2132 33600 35040 7 2 1440
2133 35160 37020 2 10 1860
2134 39060 40920 10 2 1860
2135 41040 42480 2 7 1440
2136 42600 45120 7 3 2520
2137 45240 46560 3 4 1320
2138 46680 47580 4 12 900
2139 49860 51720 10 2 1860
2140 51840 53280 2 7 1440
2141 53400 55920 7 3 2520
2142 56040 57360 3 4 1320
2143 57480 58380 4 12 900
2144 60660 62520 10 2 1860
2145 62640 64080 2 7 1440
2146 64200 66720 7 3 2520
2147 66840 68160 3 4 1320
2148 68280 69180 4 12 900
2149 71460 73320 10 2 1860
2150 73440 74880 2 7 1440
2151 75000 77520 7 3 2520
2152 77640 78960 3 4 1320
2153 79080 79980 4 12 900
2154 30420 31740 3 4 1320
2155 31860 32760 4 12 900
2156 32880 33720 12 16 840
2157 34500 35340 16 12 840
2158 35460 36360 12 4 900
2159 36480 37800 4 3 1320
2160 37920 39600 3 5 1680
2161 41700 42540 16 12 840
2162 42660 43560 12 4 900
2163 43680 45000 4 3 1320
2164 45120 46800 3 5 1680
2165 48900 49740 16 12 840
2166 49860 50760 12 4 900
2167 50880 52200 4 3 1320
2168 52320 54000 3 5 1680
2169 56100 56940 16 12 840
2170 57060 57960 12 4 900
2171 58080 59400 4 3 1320
2172 59520 61200 3 5 1680
2173 63300 64140 16 12 840
2174 64260 65160 12 4 900
2175 65280 66600 4 3 1320
2176 66720 68400 3 5 1680
2177 70500 71340 16 12 840
2178 71460 72360 12 4 900
2179 72480 73800 4 3 1320
2180 73920 75600 3 5 1680
2181 77700 78540 16 12 840
2182 78660 79560 12 4 900
2183 79680 81000 4 3 1320
2184 38700 40740 10 13 2040
2185 40860 42420 13 11 1560
2186 42540 44940 11 17 2400
2187 45900 47940 10 13 2040
2188 48060 49620 13 11 1560
2189 49740 52140 11 17 2400
2190 53100 55140 10 13 2040
2191 55260 56820 13 11 1560
2192 56940 59340 11 17 2400
2193 60300 62340 10 13 2040
2194 62460 64020 13 11 1560
2195 64140 66540 11 17 2400
2196 67500 69540 10 13 2040
2197 69660 71220 13 11 1560
2198 71340 73740 11 17 2400
2199 74700 76740 10 13 2040
2200 76860 78420 13 11 1560
2201 31500 32580 0 1 1080
2202 32700 33660 1 15 960
2203 33780 35040 15 3 1260
2204 35160 36840 3 5 1680
2205 40380 42060 5 3 1680
2206 42180 43440 3 15 1260
2207 43560 44520 15 1 960
2208 44640 45720 1 0 1080
2209 45840 48420 0 8 2580
2210 51180 52860 5 3 1680
2211 52980 54240 3 15 1260
2212 54360 55320 15 1 960
2213 55440 56520 1 0 1080
2214 56640 59220 0 8 2580
2215 61980 63660 5 3 1680
2216 63780 65040 3 15 1260
2217 65160 66120 15 1 960
2218 66240 67320 1 0 1080
2219 67440 70020 0 8 2580
2220 72780 74460 5 3 1680
2221 74580 75840 3 15 1260
2222 75960 76920 15 1 960
2223 77040 78120 1 0 1080
2224 29100 30420 0 7 1320
2225 30540 31980 7 2 1440
2226 32100 35640 2 11 3540
2227 37620 41160 11 2 3540
2228 41280 42720 2 7 1440
2229 42840 44160 7 0 1320
2230 29100 30420 0 7 1320
2231 30540 31980 7 2 1440
2232 32100 33960 2 10 1860
2233 34080 36120 10 13 2040
2234 36360 37920 13 11 1560
2235 38940 40500 11 13 1560
2236 40740 42780 13 10 2040
2237 42900 44760 10 2 1860
2238 44880 46320 2 7 1440
2239 46440 47760 7 0 1320
2240 49740 51300 11 13 1560
2241 51540 53580 13 10 2040
2242 53700 55560 10 2 1860
2243 55680 57120 2 7 1440
2244 57240 58560 7 0 1320
2245 60540 62100 11 13 1560
2246 62340 64380 13 10 2040
2247 64500 66360 10 2 1860
2248 66480 67920 2 7 1440
2249 68040 69360 7 0 1320
2250 71340 72900 11 13 1560
2251 73140 75180 13 10 2040
2252 75300 77160 10 2 1860
2253 77280 78720 2 7 1440
2254 78840 80160 7 0 1320
2255 29100 30420 0 7 1320
2256 30540 33060 7 14 2520
2257 33180 36180 14 18 3000
2258 36300 38580 18 17 2280
2259 42240 44520 17 18 2280
2260 44760 47760 18 14 3000
2261 47880 50400 14 7 2520
2262 50520 51840 7 0 1320
2263 53040 55320 17 18 2280
2264 55560 58560 18 14 3000
2265 58680 61200 14 7 2520
2266 61320 62640 7 0 1320
2267 63840 66120 17 18 2280
2268 66360 69360 18 14 3000
2269 69480 72000 14 7 2520
2270 72120 73440 7 0 1320
2271 74640 76920 17 18 2280
2272 77160 80160 18 14 3000
2273 80280 82800 14 7 2520
2274 29400 30900 9 4 1500
2275 31020 32760 4 15 1740
2276 32880 34020 15 6 1140
2277 34140 36900 6 8 2760
2278 40560 43320 8 6 2760
2279 43440 44580 6 15 1140
2280 44700 46440 15 4 1740
2281 46560 48060 4 9 1500
2282 51360 54120 8 6 2760
2283 54240 55380 6 15 1140
2284 55500 57240 15 4 1740
2285 57360 58860 4 9 1500
2286 62160 64920 8 6 2760
2287 65040 66180 6 15 1140
2288 66300 68040 15 4 1740
2289 68160 69660 4 9 1500
2290 72960 75720 8 6 2760
2291 75840 76980 6 15 1140
2292 77100 78840 15 4 1740
2293 29580 30900 0 7 1320
2294 31020 33540 7 3 2520
2295 33660 35340 3 5 1680
2296 39060 40740 5 3 1680
2297 40980 43500 3 7 2520
2298 43620 44940 7 0 1320
2299 29580 31260 5 3 1680
2300 31380 32640 3 15 1260
2301 32760 33720 15 1 960
2302 33840 34920 1 0 1080
2303 35040 37620 0 8 2580
2304 39600 42180 8 0 2580
2305 42300 43380 0 1 1080
2306 43500 44460 1 15 960
2307 44580 45840 15 3 1260
2308 45960 47640 3 5 1680
2309 50400 52980 8 0 2580
2310 53100 54180 0 1 1080
2311 54300 55260 1 15 960
2312 55380 56640 15 3 1260
2313 56760 58440 3 5 1680
2314 61200 63780 8 0 2580
2315 63900 64980 0 1 1080
2316 65100 66060 1 15 960
2317 66180 67440 15 3 1260
2318 67560 69240 3 5 1680
2319 72000 74580 8 0 2580
2320 74700 75780 0 1 1080
2321 75900 76860 1 15 960
2322 76980 78240 15 3 1260
2323 29760 32520 8 6 2760
2324 32640 33780 6 15 1140
2325 33900 35640 15 4 1740
2326 35760 37260 4 9 1500
2327 40200 41700 9 4 1500
2328 41820 43560 4 15 1740
2329 43680 44820 15 6 1140
2330 44940 47700 6 8 2760
2331 51000 52500 9 4 1500
2332 52620 54360 4 15 1740
2333 54480 55620 15 6 1140
2334 55740 58500 6 8 2760
2335 61800 63300 9 4 1500
2336 63420 65160 4 15 1740
2337 65280 66420 15 6 1140
2338 66540 69300 6 8 2760
2339 72600 74100 9 4 1500
2340 74220 75960 4 15 1740
2341 76080 77220 15 6 1140
2342 30000 31380 9 3 1380
2343 31500 34020 3 7 2520
2344 34140 36660 7 14 2520
2345 37380 39900 14 7 2520
2346 40020 42540 7 3 2520
2347 42660 44040 3 9 1380
2348 48180 50700 14 7 2520
2349 50820 53340 7 3 2520
2350 53460 54840 3 9 1380
2351 58980 61500 14 7 2520
2352 61620 64140 7 3 2520
2353 64260 65640 3 9 1380
2354 69780 72300 14 7 2520
2355 72420 74940 7 3 2520
2356 75060 76440 3 9 1380
2357 32580 34020 2 7 1440
2358 34140 36660 7 14 2520
2359 38700 41220 14 7 2520
2360 41340 42780 7 2 1440
2361 42900 44760 2 10 1860
2362 30720 33240 14 7 2520
2363 33480 35580 7 15 2100
2364 35700 36660 15 1 960
2365 36780 37860 1 0 1080
2366 38820 39900 0 1 1080
2367 40020 40980 1 15 960
2368 41220 43380 15 7 2160
2369 43620 46140 7 14 2520
2370 49620 50700 0 1 1080
2371 50820 51780 1 15 960
2372 52020 54180 15 7 2160
2373 54420 56940 7 14 2520
2374 60420 61500 0 1 1080
2375 61620 62580 1 15 960
2376 62820 64980 15 7 2160
2377 65220 67740 7 14 2520
2378 71220 72300 0 1 1080
2379 72420 73380 1 15 960
2380 73620 75780 15 7 2160
2381 76020 78540 7 14 2520
2382 31200 32340 6 15 1140
2383 32460 33420 15 1 960
2384 33540 34620 1 0 1080
2385 34740 37320 0 8 2580
2386 39240 41820 8 0 2580
2387 41940 43020 0 1 1080
2388 43140 44100 1 15 960
2389 44220 45360 15 6 1140
2390 31380 33480 15 7 2100
2391 33600 35040 7 2 1440
2392 35160 38700 2 11 3540
2393 38820 41220 11 17 2400
2394 42300 44700 17 11 2400
2395 44820 48360 11 2 3540
2396 48480 49920 2 7 1440
2397 50040 52140 7 15 2100
2398 53100 55500 17 11 2400
2399 55620 59160 11 2 3540
2400 59280 60720 2 7 1440
2401 60840 62940 7 15 2100
2402 63900 66300 17 11 2400
2403 66420 69960 11 2 3540
2404 70080 71520 2 7 1440
2405 71640 73740 7 15 2100
2406 74700 77100 17 11 2400
2407 77220 80760 11 2 3540
2408 80880 82320 2 7 1440
2409 82440 84540 7 15 2100
2410 33960 36960 18 14 3000
2411 37080 39600 14 7 2520
2412 39720 41040 7 0 1320
2413 43500 44820 0 7 1320
2414 44940 47460 7 14 2520
2415 47580 50580 14 18 3000
2416 50700 52980 18 17 2280
2417 54300 55620 0 7 1320
2418 55740 58260 7 14 2520
2419 58380 61380 14 18 3000
2420 61500 63780 18 17 2280
2421 65100 66420 0 7 1320
2422 66540 69060 7 14 2520
2423 69180 72180 14 18 3000
2424 72300 74580 18 17 2280
2425 75900 77220 0 7 1320
2426 77340 79860 7 14 2520
2427 34020 37560 11 2 3540
2428 37680 39120 2 7 1440
2429 39240 41340 7 15 2100
2430 42180 44280 15 7 2100
2431 44400 45840 7 2 1440
2432 45960 49500 2 11 3540
2433 49620 52020 11 17 2400
2434 52980 55080 15 7 2100
2435 55200 56640 7 2 1440
2436 56760 60300 2 11 3540
2437 60420 62820 11 17 2400
2438 63780 65880 15 7 2100
2439 66000 67440 7 2 1440
2440 67560 71100 2 11 3540
2441 71220 73620 11 17 2400
2442 74580 76680 15 7 2100
2443 76800 78240 7 2 1440
2444 31500 33540 10 13 2040
2445 33660 35220 13 11 1560
2446 35340 37740 11 17 2400
2447 39480 41880 17 11 2400
2448 42000 43560 11 13 1560
2449 43680 45720 13 10 2040
2450 31620 32700 0 1 1080
2451 32940 33900 1 15 960
2452 34020 36120 15 7 2100
2453 36240 37680 7 2 1440
2454 37800 39660 2 10 1860
2455 42900 44760 10 2 1860
2456 44880 46320 2 7 1440
2457 46440 48540 7 15 2100
2458 48660 49620 15 1 960
2459 49740 50820 1 0 1080
2460 53700 55560 10 2 1860
2461 55680 57120 2 7 1440
2462 57240 59340 7 15 2100
2463 59460 60420 15 1 960
2464 60540 61620 1 0 1080
2465 64500 66360 10 2 1860
2466 66480 67920 2 7 1440
2467 68040 70140 7 15 2100
2468 70260 71220 15 1 960
2469 71340 72420 1 0 1080
2470 75300 77160 10 2 1860
2471 77280 78720 2 7 1440
2472 78840 80940 7 15 2100
2473 81060 82020 15 1 960
2474 31860 33720 10 2 1860
2475 33840 35280 2 7 1440
2476 35400 37920 7 3 2520
2477 38040 39360 3 4 1320
2478 39480 40380 4 12 900
2479 42900 43800 12 4 900
2480 43920 45240 4 3 1320
2481 45360 47880 3 7 2520
2482 48000 49440 7 2 1440
2483 49560 51420 2 10 1860
2484 53700 54600 12 4 900
2485 54720 56040 4 3 1320
2486 56160 58680 3 7 2520
2487 58800 60240 7 2 1440
2488 60360 62220 2 10 1860
2489 64500 65400 12 4 900
2490 65520 66840 4 3 1320
2491 66960 69480 3 7 2520
2492 69600 71040 7 2 1440
2493 71160 73020 2 10 1860
2494 75300 76200 12 4 900
2495 76320 77640 4 3 1320
2496 77760 80280 3 7 2520
2497 80400 81840 7 2 1440
2498 32100 33960 10 2 1860
2499 34080 35520 2 7 1440
2500 35640 37740 7 15 2100
2501 37860 38820 15 1 960
2502 38940 40020 1 0 1080
2503 42420 43500 0 1 1080
2504 43740 44700 1 15 960
2505 44820 46920 15 7 2100
2506 47040 48480 7 2 1440
2507 48600 50460 2 10 1860
2508 53220 54300 0 1 1080
2509 54540 55500 1 15 960
2510 55620 57720 15 7 2100
2511 57840 59280 7 2 1440
2512 59400 61260 2 10 1860
2513 64020 65100 0 1 1080
2514 65340 66300 1 15 960
2515 66420 68520 15 7 2100
2516 68640 70080 7 2 1440
2517 70200 72060 2 10 1860
2518 74820 75900 0 1 1080
2519 76140 77100 1 15 960
2520 77220 79320 15 7 2100
2521 79440 80880 7 2 1440
2522 32100 33000 12 4 900
2523 33120 34440 4 3 1320
2524 34560 37080 3 7 2520
2525 37200 38640 7 2 1440
2526 38760 40620 2 10 1860
2527 42660 44520 10 2 1860
2528 44640 46080 2 7 1440
2529 46200 48720 7 3 2520
2530 48840 50160 3 4 1320
2531 50280 51180 4 12 900
2532 53460 55320 10 2 1860
2533 55440 56880 2 7 1440
2534 57000 59520 7 3 2520
2535 59640 60960 3 4 1320
2536 61080 61980 4 12 900
2537 64260 66120 10 2 1860
2538 66240 67680 2 7 1440
2539 67800 70320 7 3 2520
2540 70440 71760 3 4 1320
2541 71880 72780 4 12 900
2542 75060 76920 10 2 1860
2543 77040 78480 2 7 1440
2544 78600 81120 7 3 2520
2545 81240 82560 3 4 1320
2546 82680 83580 4 12 900
2547 32700 34020 0 7 1320
2548 34140 35580 7 2 1440
2549 35700 37560 2 10 1860
2550 37680 39720 10 13 2040
2551 39960 41520 13 11 1560
2552 42540 44100 11 13 1560
2553 44340 46380 13 10 2040
2554 46500 48360 10 2 1860
2555 48480 49920 2 7 1440
2556 50040 51360 7 0 1320
2557 32700 34020 0 7 1320
2558 34140 36660 7 14 2520
2559 36780 39780 14 18 3000
2560 39900 42180 18 17 2280
2561 45840 48120 17 18 2280
2562 48360 51360 18 14 3000
2563 51480 54000 14 7 2520
2564 54120 55440 7 0 1320
2565 34320 35400 0 1 1080
2566 35520 36480 1 15 960
2567 36600 38340 15 4 1740
2568 38460 39360 4 12 900
2569 41160 42060 12 4 900
2570 42180 43920 4 15 1740
2571 44040 45000 15 1 960
2572 45120 46200 1 0 1080
2573 40800 42180 9 3 1380
2574 42300 44820 3 7 2520
2575 44940 47460 7 14 2520
2576 48180 50700 14 7 2520
2577 50820 53340 7 3 2520
2578 53460 54840 3 9 1380
2579 41520 42600 0 1 1080
2580 42720 43680 1 15 960
2581 43800 45540 15 4 1740
2582 45660 46560 4 12 900
2583 48360 49260 12 4 900
2584 49380 51120 4 15 1740
2585 51240 52200 15 1 960
2586 52320 53400 1 0 1080
2587 41520 44040 14 7 2520
2588 44280 46380 7 15 2100
2589 46500 47460 15 1 960
2590 47580 48660 1 0 1080
2591 49620 50700 0 1 1080
2592 50820 51780 1 15 960
2593 52020 54180 15 7 2160
2594 54420 56940 7 14 2520
2595 43500 44820 0 7 1320
2596 44940 46380 7 2 1440
2597 46500 48360 2 10 1860
2598 48480 50520 10 13 2040
2599 50760 52320 13 11 1560
2600 53340 54900 11 13 1560
2601 55140 57180 13 10 2040
2602 57300 59160 10 2 1860
2603 59280 60720 2 7 1440
2604 60840 62160 7 0 1320
2605 48720 49800 0 1 1080
2606 49920 50880 1 15 960
2607 51000 52740 15 4 1740
2608 52860 53760 4 12 900
2609 55560 56460 12 4 900
2610 56580 58320 4 15 1740
2611 58440 59400 15 1 960
2612 59520 60600 1 0 1080
2613 51600 52980 9 3 1380
2614 53100 55620 3 7 2520
2615 55740 58260 7 14 2520
2616 58980 61500 14 7 2520
2617 61620 64140 7 3 2520
2618 64260 65640 3 9 1380
2619 52320 54840 14 7 2520
2620 55080 57180 7 15 2100
2621 57300 58260 15 1 960
2622 58380 59460 1 0 1080
2623 60420 61500 0 1 1080
2624 61620 62580 1 15 960
2625 62820 64980 15 7 2160
2626 65220 67740 7 14 2520
2627 54300 55620 0 7 1320
2628 55740 57180 7 2 1440
2629 57300 59160 2 10 1860
2630 59280 61320 10 13 2040
2631 61560 63120 13 11 1560
2632 64140 65700 11 13 1560
2633 65940 67980 13 10 2040
2634 68100 69960 10 2 1860
2635 70080 71520 2 7 1440
2636 71640 72960 7 0 1320
2637 55920 57000 0 1 1080
2638 57120 58080 1 15 960
2639 58200 59940 15 4 1740
2640 60060 60960 4 12 900
2641 62760 63660 12 4 900
2642 63780 65520 4 15 1740
2643 65640 66600 15 1 960
2644 66720 67800 1 0 1080
2645 62400 63780 9 3 1380
2646 63900 66420 3 7 2520
2647 66540 69060 7 14 2520
2648 69780 72300 14 7 2520
2649 72420 74940 7 3 2520
2650 75060 76440 3 9 1380
2651 63120 64200 0 1 1080
2652 64320 65280 1 15 960
2653 65400 67140 15 4 1740
2654 67260 68160 4 12 900
2655 69960 70860 12 4 900
2656 70980 72720 4 15 1740
2657 72840 73800 15 1 960
2658 73920 75000 1 0 1080
2659 63120 65640 14 7 2520
2660 65880 67980 7 15 2100
2661 68100 69060 15 1 960
2662 69180 70260 1 0 1080
2663 71220 72300 0 1 1080
2664 72420 73380 1 15 960
2665 73620 75780 15 7 2160
2666 76020 78540 7 14 2520
2667 65100 66420 0 7 1320
2668 66540 67980 7 2 1440
2669 68100 69960 2 10 1860
2670 70080 72120 10 13 2040
2671 72360 73920 13 11 1560
2672 74940 76500 11 13 1560
2673 76740 78780 13 10 2040
2674 78900 80760 10 2 1860
2675 80880 82320 2 7 1440
2676 70320 71400 0 1 1080
2677 71520 72480 1 15 960
2678 72600 74340 15 4 1740
2679 74460 75360 4 12 900
2680 77160 78060 12 4 900
2681 78180 79920 4 15 1740
2682 80040 81000 15 1 960
2683 73200 74580 9 3 1380
2684 74700 77220 3 7 2520
2685 77340 79860 7 14 2520
2686 80580 83100 14 7 2520
2687 83220 85740 7 3 2520
2688 73920 76440 14 7 2520
2689 76680 78780 7 15 2100
2690 78900 79860 15 1 960
2691 79980 81060 1 0 1080
2692 82020 83100 0 1 1080
2693 83220 84180 1 15 960
2694 75900 77220 0 7 1320
2695 77340 78780 7 2 1440
2696 77520 78600 0 1 1080
2697 78720 79680 1 15 960
2698 79800 81540 15 4 1740
2699 81660 82560 4 12 900
2700 84360 85260 12 4 900
2701 85380 87120 4 15 1740
