1 15 16
6 15 19
3 15 21
3 4 22
4 12 15
12 16 14
0 7 22
2 7 24
10 13 34
11 17 40
17 18 38
15 1 16
15 6 19
15 3 21
4 3 22
12 4 15
16 12 14
7 0 22
7 2 24
13 10 34
17 11 40
18 17 38
3 7 42
7 3 42
4 15 29
15 4 29
0 8 43
8 0 43
3 9 23
9 3 23
14 19 14
19 14 14
13 20 5
20 13 5
7 21 23
21 7 23
15 21 10
21 15 10
11 22 7
22 11 7
20 22 10
22 20 10
5 23 12
23 5 12
16 24 11
24 16 11
6 25 9
25 6 9
4 26 17
26 4 17
9 26 6
26 9 6
7 27 29
27 7 29
14 27 11
27 14 11
3 28 10
28 3 10
5 28 16
28 5 16
23 29 7
29 23 7
2 30 14
30 2 14
2 31 25
31 2 25
29 31 11
31 29 11
0 32 6
32 0 6
1 32 10
32 1 10
11 33 35
33 11 35
30 33 6
33 30 6
2 34 15
34 2 15
10 34 14
34 10 14
18 35 11
35 18 11
19 35 21
35 19 21
15 36 22
36 15 22
24 36 11
36 24 11
8 37 22
37 8 22
25 37 11
37 25 11
