0 26400 28260 6 0 1860
1 29160 31020 0 6 1860
2 31200 32700 6 9 1500
3 32820 33480 9 8 660
4 33600 35760 8 13 2160
5 36360 38220 0 6 1860
6 38400 39900 6 9 1500
7 40020 40680 9 8 660
8 40800 42960 8 13 2160
9 43560 45420 0 6 1860
10 45600 47100 6 9 1500
11 47220 47880 9 8 660
12 48000 50160 8 13 2160
13 50760 52620 0 6 1860
14 52800 54300 6 9 1500
15 54420 55080 9 8 660
16 55200 57360 8 13 2160
17 57960 59820 0 6 1860
18 60000 61500 6 9 1500
19 61620 62280 9 8 660
20 62400 64560 8 13 2160
21 65160 67020 0 6 1860
22 67200 68700 6 9 1500
23 68820 69480 9 8 660
24 69600 71760 8 13 2160
25 72360 74220 0 6 1860
26 74400 75900 6 9 1500
27 76020 76680 9 8 660
28 26640 29400 5 10 2760
29 32100 34860 10 5 2760
30 34980 38820 5 8 3840
31 38940 39600 8 9 660
32 42900 45660 10 5 2760
33 45780 49620 5 8 3840
34 49740 50400 8 9 660
35 53700 56460 10 5 2760
36 56580 60420 5 8 3840
37 60540 61200 8 9 660
38 64500 67260 10 5 2760
39 67380 71220 5 8 3840
40 71340 72000 8 9 660
41 75300 78060 10 5 2760
42 21960 23400 0 14 1440
43 23520 25620 14 3 2100
44 25740 27000 3 4 1260
45 30300 31560 4 3 1260
46 31800 33900 3 14 2100
47 34020 35460 14 0 1440
48 37500 38760 4 3 1260
49 39000 41100 3 14 2100
50 41220 42660 14 0 1440
51 44700 45960 4 3 1260
52 46200 48300 3 14 2100
53 48420 49860 14 0 1440
54 51900 53160 4 3 1260
55 53400 55500 3 14 2100
56 55620 57060 14 0 1440
57 59100 60360 4 3 1260
58 60600 62700 3 14 2100
59 62820 64260 14 0 1440
60 66300 67560 4 3 1260
61 67800 69900 3 14 2100
62 70020 71460 14 0 1440
63 73500 74760 4 3 1260
64 75000 77100 3 14 2100
65 77220 78660 14 0 1440
66 21960 23820 0 6 1860
67 23940 25440 6 9 1500
68 28380 29880 9 6 1500
69 30000 31860 6 0 1860
70 35580 37080 9 6 1500
71 37200 39060 6 0 1860
72 42780 44280 9 6 1500
73 44400 46260 6 0 1860
74 49980 51480 9 6 1500
75 51600 53460 6 0 1860
76 57180 58680 9 6 1500
77 58800 60660 6 0 1860
78 64380 65880 9 6 1500
79 66000 67860 6 0 1860
80 71580 73080 9 6 1500
81 73200 75060 6 0 1860
82 78780 80280 9 6 1500
83 80400 82260 6 0 1860
84 21960 23940 0 1 1980
85 24060 24720 1 6 660
86 24840 26340 6 9 1500
87 26460 27120 9 8 660
88 30300 30960 8 9 660
89 31080 32580 9 6 1500
90 32700 33360 6 1 660
91 33480 35460 1 0 1980
92 37500 38160 8 9 660
93 38280 39780 9 6 1500
94 39900 40560 6 1 660
95 40680 42660 1 0 1980
96 44700 45360 8 9 660
97 45480 46980 9 6 1500
98 47100 47760 6 1 660
99 47880 49860 1 0 1980
100 51900 52560 8 9 660
101 52680 54180 9 6 1500
102 54300 54960 6 1 660
103 55080 57060 1 0 1980
104 59100 59760 8 9 660
105 59880 61380 9 6 1500
106 61500 62160 6 1 660
107 62280 64260 1 0 1980
108 66300 66960 8 9 660
109 67080 68580 9 6 1500
110 68700 69360 6 1 660
111 69480 71460 1 0 1980
112 73500 74160 8 9 660
113 74280 75780 9 6 1500
114 75900 76560 6 1 660
115 76680 78660 1 0 1980
116 21960 23580 0 15 1620
117 23700 25260 15 7 1560
118 26760 28320 7 15 1560
119 28440 30060 15 0 1620
120 32160 33720 7 15 1560
121 33840 35460 15 0 1620
122 37560 39120 7 15 1560
123 39240 40860 15 0 1620
124 42960 44520 7 15 1560
125 44640 46260 15 0 1620
126 48360 49920 7 15 1560
127 50040 51660 15 0 1620
128 53760 55320 7 15 1560
129 55440 57060 15 0 1620
130 59160 60720 7 15 1560
131 60840 62460 15 0 1620
132 64560 66120 7 15 1560
133 66240 67860 15 0 1620
134 69960 71520 7 15 1560
135 71640 73260 15 0 1620
136 75360 76920 7 15 1560
137 77040 78660 15 0 1620
138 21960 24660 0 4 2700
139 24780 26940 4 11 2160
140 28680 30840 11 4 2160
141 30960 33660 4 0 2700
142 35880 38040 11 4 2160
143 38160 40860 4 0 2700
144 43080 45240 11 4 2160
145 45360 48060 4 0 2700
146 50280 52440 11 4 2160
147 52560 55260 4 0 2700
148 57480 59640 11 4 2160
149 59760 62460 4 0 2700
150 64680 66840 11 4 2160
151 66960 69660 4 0 2700
152 71880 74040 11 4 2160
153 74160 76860 4 0 2700
154 79080 81240 11 4 2160
155 81360 84060 4 0 2700
156 21960 23940 0 1 1980
157 24060 26760 1 2 2700
158 27540 30240 2 1 2700
159 30360 32340 1 0 1980
160 34740 37440 2 1 2700
161 37560 39540 1 0 1980
162 41940 44640 2 1 2700
163 44760 46740 1 0 1980
164 49140 51840 2 1 2700
165 51960 53940 1 0 1980
166 56340 59040 2 1 2700
167 59160 61140 1 0 1980
168 63540 66240 2 1 2700
169 66360 68340 1 0 1980
170 70740 73440 2 1 2700
171 73560 75540 1 0 1980
172 77940 80640 2 1 2700
173 80760 82740 1 0 1980
174 21960 23820 0 6 1860
175 24000 25500 6 9 1500
176 25620 26280 9 8 660
177 26400 28560 8 13 2160
178 32460 34620 13 8 2160
179 34800 35460 8 9 660
180 35580 37080 9 6 1500
181 37200 39060 6 0 1860
182 39660 41820 13 8 2160
183 42000 42660 8 9 660
184 42780 44280 9 6 1500
185 44400 46260 6 0 1860
186 46860 49020 13 8 2160
187 49200 49860 8 9 660
188 49980 51480 9 6 1500
189 51600 53460 6 0 1860
190 54060 56220 13 8 2160
191 56400 57060 8 9 660
192 57180 58680 9 6 1500
193 58800 60660 6 0 1860
194 61260 63420 13 8 2160
195 63600 64260 8 9 660
196 64380 65880 9 6 1500
197 66000 67860 6 0 1860
198 68460 70620 13 8 2160
199 70800 71460 8 9 660
200 71580 73080 9 6 1500
201 73200 75060 6 0 1860
202 75660 77820 13 8 2160
203 78000 78660 8 9 660
204 78780 80280 9 6 1500
205 80400 82260 6 0 1860
206 26220 27780 15 7 1560
207 27900 30420 7 2 2520
208 31740 34260 2 7 2520
209 34380 35940 7 15 1560
210 36060 37860 15 4 1800
211 37980 40140 4 11 2160
212 42540 45060 2 7 2520
213 45180 46740 7 15 1560
214 46860 48660 15 4 1800
215 48780 50940 4 11 2160
216 53340 55860 2 7 2520
217 55980 57540 7 15 1560
218 57660 59460 15 4 1800
219 59580 61740 4 11 2160
220 64140 66660 2 7 2520
221 66780 68340 7 15 1560
222 68460 70260 15 4 1800
223 70380 72540 4 11 2160
224 74940 77460 2 7 2520
225 77580 79140 7 15 1560
226 79260 81060 15 4 1800
227 81180 83340 4 11 2160
228 25680 26940 4 3 1260
229 27060 28560 3 10 1500
230 28680 31320 10 12 2640
231 31440 32220 12 16 780
232 33840 34620 16 12 780
233 34740 37380 12 10 2640
234 37500 39000 10 3 1500
235 39120 40380 3 4 1260
236 40500 42300 4 15 1800
237 42420 43980 15 7 1560
238 44640 45420 16 12 780
239 45540 48180 12 10 2640
240 48300 49800 10 3 1500
241 49920 51180 3 4 1260
242 51300 53100 4 15 1800
243 53220 54780 15 7 1560
244 55440 56220 16 12 780
245 56340 58980 12 10 2640
246 59100 60600 10 3 1500
247 60720 61980 3 4 1260
248 62100 63900 4 15 1800
249 64020 65580 15 7 1560
250 66240 67020 16 12 780
251 67140 69780 12 10 2640
252 69900 71400 10 3 1500
253 71520 72780 3 4 1260
254 72900 74700 4 15 1800
255 74820 76380 15 7 1560
256 77040 77820 16 12 780
257 77940 80580 12 10 2640
258 80700 82200 10 3 1500
259 82320 83580 3 4 1260
260 27420 30060 10 12 2640
261 30180 30960 12 16 780
262 31080 32820 16 17 1740
263 33780 35520 17 16 1740
264 35640 36420 16 12 780
265 36540 39180 12 10 2640
266 39300 40800 10 3 1500
267 40920 42180 3 4 1260
268 42300 44460 4 11 2160
269 48180 49920 17 16 1740
270 50040 50820 16 12 780
271 50940 53580 12 10 2640
272 53700 55200 10 3 1500
273 55320 56580 3 4 1260
274 56700 58860 4 11 2160
275 62580 64320 17 16 1740
276 64440 65220 16 12 780
277 65340 67980 12 10 2640
278 68100 69600 10 3 1500
279 69720 70980 3 4 1260
280 71100 73260 4 11 2160
281 76980 78720 17 16 1740
282 78840 79620 16 12 780
283 79740 82380 12 10 2640
284 82500 84000 10 3 1500
285 84120 85380 3 4 1260
286 26040 27480 0 14 1440
287 27600 28440 14 5 840
288 29640 31080 0 14 1440
289 31200 32040 14 5 840
290 33240 34680 0 14 1440
291 34800 35640 14 5 840
292 36840 38280 0 14 1440
293 38400 39240 14 5 840
294 40440 41880 0 14 1440
295 42000 42840 14 5 840
296 44040 45480 0 14 1440
297 45600 46440 14 5 840
298 47640 49080 0 14 1440
299 49200 50040 14 5 840
300 51240 52680 0 14 1440
301 52800 53640 14 5 840
302 54840 56280 0 14 1440
303 56400 57240 14 5 840
304 58440 59880 0 14 1440
305 60000 60840 14 5 840
306 62040 63480 0 14 1440
307 63600 64440 14 5 840
308 65640 67080 0 14 1440
309 67200 68040 14 5 840
310 69240 70680 0 14 1440
311 70800 71640 14 5 840
312 72840 74280 0 14 1440
313 74400 75240 14 5 840
314 76440 77880 0 14 1440
315 78000 78840 14 5 840
316 27240 27900 1 6 660
317 28020 29520 6 9 1500
318 31860 33360 9 6 1500
319 33480 34140 6 1 660
320 34260 36480 1 7 2220
321 36600 39120 7 2 2520
322 42660 44160 9 6 1500
323 44280 44940 6 1 660
324 45060 47280 1 7 2220
325 47400 49920 7 2 2520
326 53460 54960 9 6 1500
327 55080 55740 6 1 660
328 55860 58080 1 7 2220
329 58200 60720 7 2 2520
330 64260 65760 9 6 1500
331 65880 66540 6 1 660
332 66660 68880 1 7 2220
333 69000 71520 7 2 2520
334 75060 76560 9 6 1500
335 76680 77340 6 1 660
336 77460 79680 1 7 2220
337 22440 23880 0 14 1440
338 24000 24840 14 5 840
339 25860 26700 5 14 840
340 26820 28260 14 0 1440
341 29460 30300 5 14 840
342 30420 31860 14 0 1440
343 33060 33900 5 14 840
344 34020 35460 14 0 1440
345 36660 37500 5 14 840
346 37620 39060 14 0 1440
347 40260 41100 5 14 840
348 41220 42660 14 0 1440
349 43860 44700 5 14 840
350 44820 46260 14 0 1440
351 47460 48300 5 14 840
352 48420 49860 14 0 1440
353 51060 51900 5 14 840
354 52020 53460 14 0 1440
355 54660 55500 5 14 840
356 55620 57060 14 0 1440
357 58260 59100 5 14 840
358 59220 60660 14 0 1440
359 61860 62700 5 14 840
360 62820 64260 14 0 1440
361 65460 66300 5 14 840
362 66420 67860 14 0 1440
363 69060 69900 5 14 840
364 70020 71460 14 0 1440
365 72660 73500 5 14 840
366 73620 75060 14 0 1440
367 76260 77100 5 14 840
368 77220 78660 14 0 1440
369 22440 23880 0 14 1440
370 24000 26580 14 10 2580
371 26700 29700 10 16 3000
372 29820 31560 16 17 1740
373 33540 35280 17 16 1740
374 35400 38400 16 10 3000
375 38520 41100 10 14 2580
376 41220 42660 14 0 1440
377 44340 46080 17 16 1740
378 46200 49200 16 10 3000
379 49320 51900 10 14 2580
380 52020 53460 14 0 1440
381 55140 56880 17 16 1740
382 57000 60000 16 10 3000
383 60120 62700 10 14 2580
384 62820 64260 14 0 1440
385 65940 67680 17 16 1740
386 67800 70800 16 10 3000
387 70920 73500 10 14 2580
388 73620 75060 14 0 1440
389 76740 78480 17 16 1740
390 78600 81600 16 10 3000
391 81720 84300 10 14 2580
392 84420 85860 14 0 1440
393 26640 29400 5 10 2760
394 29520 32160 10 12 2640
395 32280 33060 12 16 780
396 37200 37980 16 12 780
397 38100 40740 12 10 2640
398 40860 43620 10 5 2760
399 43740 47580 5 8 3840
400 51600 52380 16 12 780
401 52500 55140 12 10 2640
402 55260 58020 10 5 2760
403 58140 61980 5 8 3840
404 66000 66780 16 12 780
405 66900 69540 12 10 2640
406 69660 72420 10 5 2760
407 72540 76380 5 8 3840
408 27720 30300 10 14 2580
409 30420 31860 14 0 1440
410 33240 34680 0 14 1440
411 34800 37380 14 10 2580
412 37500 40500 10 16 3000
413 40620 42360 16 17 1740
414 44040 45480 0 14 1440
415 45600 48180 14 10 2580
416 48300 51300 10 16 3000
417 51420 53160 16 17 1740
418 54840 56280 0 14 1440
419 56400 58980 14 10 2580
420 59100 62100 10 16 3000
421 62220 63960 16 17 1740
422 65640 67080 0 14 1440
423 67200 69780 14 10 2580
424 69900 72900 10 16 3000
425 73020 74760 16 17 1740
426 76440 77880 0 14 1440
427 78000 80580 14 10 2580
428 26340 27180 14 5 840
429 28440 29280 5 14 840
430 29400 31500 14 3 2100
431 31620 32880 3 4 1260
432 33840 34680 5 14 840
433 34800 36900 14 3 2100
434 37020 38280 3 4 1260
435 39240 40080 5 14 840
436 40200 42300 14 3 2100
437 42420 43680 3 4 1260
438 44640 45480 5 14 840
439 45600 47700 14 3 2100
440 47820 49080 3 4 1260
441 50040 50880 5 14 840
442 51000 53100 14 3 2100
443 53220 54480 3 4 1260
444 55440 56280 5 14 840
445 56400 58500 14 3 2100
446 58620 59880 3 4 1260
447 60840 61680 5 14 840
448 61800 63900 14 3 2100
449 64020 65280 3 4 1260
450 66240 67080 5 14 840
451 67200 69300 14 3 2100
452 69420 70680 3 4 1260
453 71640 72480 5 14 840
454 72600 74700 14 3 2100
455 74820 76080 3 4 1260
456 77040 77880 5 14 840
457 78000 80100 14 3 2100
458 80220 81480 3 4 1260
459 29340 33180 5 8 3840
460 37080 40920 8 5 3840
461 41040 43800 5 10 2760
462 43920 46560 10 12 2640
463 46680 47460 12 16 780
464 51480 55320 8 5 3840
465 55440 58200 5 10 2760
466 58320 60960 10 12 2640
467 61080 61860 12 16 780
468 65880 69720 8 5 3840
469 69840 72600 5 10 2760
470 72720 75360 10 12 2640
471 75480 76260 12 16 780
472 28500 30000 10 3 1500
473 30120 31380 3 4 1260
474 31500 33660 4 11 2160
475 36540 38700 11 4 2160
476 38820 40080 4 3 1260
477 40200 41700 3 10 1500
478 41820 44460 10 12 2640
479 44580 45360 12 16 780
480 45480 47220 16 17 1740
481 50940 53100 11 4 2160
482 53220 54480 4 3 1260
483 54600 56100 3 10 1500
484 56220 58860 10 12 2640
485 58980 59760 12 16 780
486 59880 61620 16 17 1740
487 65340 67500 11 4 2160
488 67620 68880 4 3 1260
489 69000 70500 3 10 1500
490 70620 73260 10 12 2640
491 73380 74160 12 16 780
492 74280 76020 16 17 1740
493 24000 26100 14 3 2100
494 26220 27480 3 4 1260
495 28140 29400 4 3 1260
496 29520 31620 3 14 2100
497 31740 32580 14 5 840
498 33540 34800 4 3 1260
499 34920 37020 3 14 2100
500 37140 37980 14 5 840
501 38940 40200 4 3 1260
502 40320 42420 3 14 2100
503 42540 43380 14 5 840
504 44340 45600 4 3 1260
505 45720 47820 3 14 2100
506 47940 48780 14 5 840
507 49740 51000 4 3 1260
508 51120 53220 3 14 2100
509 53340 54180 14 5 840
510 55140 56400 4 3 1260
511 56520 58620 3 14 2100
512 58740 59580 14 5 840
513 60540 61800 4 3 1260
514 61920 64020 3 14 2100
515 64140 64980 14 5 840
516 65940 67200 4 3 1260
517 67320 69420 3 14 2100
518 69540 70380 14 5 840
519 71340 72600 4 3 1260
520 72720 74820 3 14 2100
521 74940 75780 14 5 840
522 76740 78000 4 3 1260
523 78120 80220 3 14 2100
524 80340 81180 14 5 840
525 28320 29580 3 4 1260
526 29700 31500 4 15 1800
527 31620 33180 15 7 1560
528 34680 36240 7 15 1560
529 36360 38160 15 4 1800
530 38280 39540 4 3 1260
531 39660 41160 3 10 1500
532 41280 43920 10 12 2640
533 44040 44820 12 16 780
534 45480 47040 7 15 1560
535 47160 48960 15 4 1800
536 49080 50340 4 3 1260
537 50460 51960 3 10 1500
538 52080 54720 10 12 2640
539 54840 55620 12 16 780
540 56280 57840 7 15 1560
541 57960 59760 15 4 1800
542 59880 61140 4 3 1260
543 61260 62760 3 10 1500
544 62880 65520 10 12 2640
545 65640 66420 12 16 780
546 67080 68640 7 15 1560
547 68760 70560 15 4 1800
548 70680 71940 4 3 1260
549 72060 73560 3 10 1500
550 73680 76320 10 12 2640
551 76440 77220 12 16 780
552 77880 79440 7 15 1560
553 79560 81360 15 4 1800
554 81480 82740 4 3 1260
555 82860 84360 3 10 1500
556 26820 28260 14 0 1440
557 29160 30600 0 14 1440
558 30720 32820 14 3 2100
559 32940 34200 3 4 1260
560 36360 37800 0 14 1440
561 37920 40020 14 3 2100
562 40140 41400 3 4 1260
563 43560 45000 0 14 1440
564 45120 47220 14 3 2100
565 47340 48600 3 4 1260
566 50760 52200 0 14 1440
567 52320 54420 14 3 2100
568 54540 55800 3 4 1260
569 57960 59400 0 14 1440
570 59520 61620 14 3 2100
571 61740 63000 3 4 1260
572 65160 66600 0 14 1440
573 66720 68820 14 3 2100
574 68940 70200 3 4 1260
575 72360 73800 0 14 1440
576 73920 76020 14 3 2100
577 76140 77400 3 4 1260
578 25500 26160 6 1 660
579 26280 28260 1 0 1980
580 29160 31140 0 1 1980
581 31260 31920 1 6 660
582 32040 33540 6 9 1500
583 33660 34320 9 8 660
584 36360 38340 0 1 1980
585 38460 39120 1 6 660
586 39240 40740 6 9 1500
587 40860 41520 9 8 660
588 43560 45540 0 1 1980
589 45660 46320 1 6 660
590 46440 47940 6 9 1500
591 48060 48720 9 8 660
592 50760 52740 0 1 1980
593 52860 53520 1 6 660
594 53640 55140 6 9 1500
595 55260 55920 9 8 660
596 57960 59940 0 1 1980
597 60060 60720 1 6 660
598 60840 62340 6 9 1500
599 62460 63120 9 8 660
600 65160 67140 0 1 1980
601 67260 67920 1 6 660
602 68040 69540 6 9 1500
603 69660 70320 9 8 660
604 72360 74340 0 1 1980
605 74460 75120 1 6 660
606 75240 76740 6 9 1500
607 76860 77520 9 8 660
608 24840 26460 15 0 1620
609 27360 28980 0 15 1620
610 29100 30660 15 7 1560
611 32760 34380 0 15 1620
612 34500 36060 15 7 1560
613 38160 39780 0 15 1620
614 39900 41460 15 7 1560
615 43560 45180 0 15 1620
616 45300 46860 15 7 1560
617 48960 50580 0 15 1620
618 50700 52260 15 7 1560
619 54360 55980 0 15 1620
620 56100 57660 15 7 1560
621 59760 61380 0 15 1620
622 61500 63060 15 7 1560
623 65160 66780 0 15 1620
624 66900 68460 15 7 1560
625 70560 72180 0 15 1620
626 72300 73860 15 7 1560
627 75960 77580 0 15 1620
628 77700 79260 15 7 1560
629 26040 26700 1 6 660
630 26940 28920 6 0 1980
631 29160 30600 0 14 1440
632 31200 32640 14 0 1440
633 32760 34620 0 6 1860
634 34740 35400 6 1 660
635 35640 38340 1 2 2700
636 42000 43440 14 0 1440
637 43560 45420 0 6 1860
638 45540 46200 6 1 660
639 46440 49140 1 2 2700
640 52800 54240 14 0 1440
641 54360 56220 0 6 1860
642 56340 57000 6 1 660
643 57240 59940 1 2 2700
644 63600 65040 14 0 1440
645 65160 67020 0 6 1860
646 67140 67800 6 1 660
647 68040 70740 1 2 2700
648 74400 75840 14 0 1440
649 75960 77820 0 6 1860
650 77940 78600 6 1 660
651 29460 32220 5 10 2760
652 35880 38640 10 5 2760
653 38880 42720 5 8 3840
654 42840 45000 8 13 2160
655 46680 49440 10 5 2760
656 49680 53520 5 8 3840
657 53640 55800 8 13 2160
658 57480 60240 10 5 2760
659 60480 64320 5 8 3840
660 64440 66600 8 13 2160
661 68280 71040 10 5 2760
662 71280 75120 5 8 3840
663 79080 81840 10 5 2760
664 25560 28260 4 0 2700
665 29160 31860 0 4 2700
666 31980 34140 4 11 2160
667 36360 39060 0 4 2700
668 39180 41340 4 11 2160
669 43560 46260 0 4 2700
670 46380 48540 4 11 2160
671 50760 53460 0 4 2700
672 53580 55740 4 11 2160
673 57960 60660 0 4 2700
674 60780 62940 4 11 2160
675 65160 67860 0 4 2700
676 67980 70140 4 11 2160
677 72360 75060 0 4 2700
678 75180 77340 4 11 2160
679 23460 24900 0 14 1440
680 25020 27600 14 10 2580
681 27720 30360 10 12 2640
682 32160 34800 12 10 2640
683 34920 37500 10 14 2580
684 37620 39060 14 0 1440
685 42960 45600 12 10 2640
686 45720 48300 10 14 2580
687 48420 49860 14 0 1440
688 53760 56400 12 10 2640
689 56520 59100 10 14 2580
690 59220 60660 14 0 1440
691 64560 67200 12 10 2640
692 67320 69900 10 14 2580
693 70020 71460 14 0 1440
694 75360 78000 12 10 2640
695 78120 80700 10 14 2580
696 80820 82260 14 0 1440
697 27300 29520 7 1 2220
698 29640 30300 1 6 660
699 30900 33120 7 1 2220
700 33240 33900 1 6 660
701 34500 36720 7 1 2220
702 36840 37500 1 6 660
703 38100 40320 7 1 2220
704 40440 41100 1 6 660
705 41700 43920 7 1 2220
706 44040 44700 1 6 660
707 45300 47520 7 1 2220
708 47640 48300 1 6 660
709 48900 51120 7 1 2220
710 51240 51900 1 6 660
711 52500 54720 7 1 2220
712 54840 55500 1 6 660
713 56100 58320 7 1 2220
714 58440 59100 1 6 660
715 59700 61920 7 1 2220
716 62040 62700 1 6 660
717 63300 65520 7 1 2220
718 65640 66300 1 6 660
719 66900 69120 7 1 2220
720 69240 69900 1 6 660
721 70500 72720 7 1 2220
722 72840 73500 1 6 660
723 74100 76320 7 1 2220
724 76440 77100 1 6 660
725 77700 79920 7 1 2220
726 80040 80700 1 6 660
727 26040 26700 1 6 660
728 30780 31440 6 1 660
729 31560 33780 1 7 2220
730 34380 35040 6 1 660
731 35160 37380 1 7 2220
732 37980 38640 6 1 660
733 38760 40980 1 7 2220
734 41580 42240 6 1 660
735 42360 44580 1 7 2220
736 45180 45840 6 1 660
737 45960 48180 1 7 2220
738 48780 49440 6 1 660
739 49560 51780 1 7 2220
740 52380 53040 6 1 660
741 53160 55380 1 7 2220
742 55980 56640 6 1 660
743 56760 58980 1 7 2220
744 59580 60240 6 1 660
745 60360 62580 1 7 2220
746 63180 63840 6 1 660
747 63960 66180 1 7 2220
748 66780 67440 6 1 660
749 67560 69780 1 7 2220
750 70380 71040 6 1 660
751 71160 73380 1 7 2220
752 73980 74640 6 1 660
753 74760 76980 1 7 2220
754 77580 78240 6 1 660
755 78360 80580 1 7 2220
756 23760 25380 0 15 1620
757 25500 27060 15 7 1560
758 28560 30120 7 15 1560
759 30240 31860 15 0 1620
760 33960 35520 7 15 1560
761 35640 37260 15 0 1620
762 39360 40920 7 15 1560
763 41040 42660 15 0 1620
764 44760 46320 7 15 1560
765 46440 48060 15 0 1620
766 50160 51720 7 15 1560
767 51840 53460 15 0 1620
768 55560 57120 7 15 1560
769 57240 58860 15 0 1620
770 60960 62520 7 15 1560
771 62640 64260 15 0 1620
772 66360 67920 7 15 1560
773 68040 69660 15 0 1620
774 71760 73320 7 15 1560
775 73440 75060 15 0 1620
776 77160 78720 7 15 1560
777 78840 80460 15 0 1620
778 23760 26460 0 4 2700
779 26580 28740 4 11 2160
780 30480 32640 11 4 2160
781 32760 35460 4 0 2700
782 37680 39840 11 4 2160
783 39960 42660 4 0 2700
784 44880 47040 11 4 2160
785 47160 49860 4 0 2700
786 52080 54240 11 4 2160
787 54360 57060 4 0 2700
788 59280 61440 11 4 2160
789 61560 64260 4 0 2700
790 66480 68640 11 4 2160
791 68760 71460 4 0 2700
792 73680 75840 11 4 2160
793 75960 78660 4 0 2700
794 25560 27360 15 4 1800
795 27480 28740 4 3 1260
796 28860 30360 3 10 1500
797 30480 33120 10 12 2640
798 33240 34020 12 16 780
799 35640 36420 16 12 780
800 36540 39180 12 10 2640
801 39300 40800 10 3 1500
802 40920 42180 3 4 1260
803 42300 44100 4 15 1800
804 44220 45780 15 7 1560
805 46440 47220 16 12 780
806 47340 49980 12 10 2640
807 50100 51600 10 3 1500
808 51720 52980 3 4 1260
809 53100 54900 4 15 1800
810 55020 56580 15 7 1560
811 57240 58020 16 12 780
812 58140 60780 12 10 2640
813 60900 62400 10 3 1500
814 62520 63780 3 4 1260
815 63900 65700 4 15 1800
816 65820 67380 15 7 1560
817 68040 68820 16 12 780
818 68940 71580 12 10 2640
819 71700 73200 10 3 1500
820 73320 74580 3 4 1260
821 74700 76500 4 15 1800
822 76620 78180 15 7 1560
823 78840 79620 16 12 780
824 79740 82380 12 10 2640
825 82500 84000 10 3 1500
826 84120 85380 3 4 1260
827 26760 28740 1 0 1980
828 32760 34740 0 1 1980
829 34860 37560 1 2 2700
830 39960 41940 0 1 1980
831 42060 44760 1 2 2700
832 47160 49140 0 1 1980
833 49260 51960 1 2 2700
834 54360 56340 0 1 1980
835 56460 59160 1 2 2700
836 61560 63540 0 1 1980
837 63660 66360 1 2 2700
838 68760 70740 0 1 1980
839 70860 73560 1 2 2700
840 75960 77940 0 1 1980
841 28680 29520 5 14 840
842 31980 32820 14 5 840
843 32940 36780 5 8 3840
844 36900 37560 8 9 660
845 39180 40020 14 5 840
846 40140 43980 5 8 3840
847 44100 44760 8 9 660
848 46380 47220 14 5 840
849 47340 51180 5 8 3840
850 51300 51960 8 9 660
851 53580 54420 14 5 840
852 54540 58380 5 8 3840
853 58500 59160 8 9 660
854 60780 61620 14 5 840
855 61740 65580 5 8 3840
856 65700 66360 8 9 660
857 67980 68820 14 5 840
858 68940 72780 5 8 3840
859 72900 73560 8 9 660
860 75180 76020 14 5 840
861 76140 79980 5 8 3840
862 80100 80760 8 9 660
863 24000 25440 14 0 1440
864 25560 27420 0 6 1860
865 27540 28200 6 1 660
866 28440 31140 1 2 2700
867 33960 36660 2 1 2700
868 36840 37500 1 6 660
869 37740 39720 6 0 1980
870 39960 41400 0 14 1440
871 44760 47460 2 1 2700
872 47640 48300 1 6 660
873 48540 50520 6 0 1980
874 50760 52200 0 14 1440
875 55560 58260 2 1 2700
876 58440 59100 1 6 660
877 59340 61320 6 0 1980
878 61560 63000 0 14 1440
879 66360 69060 2 1 2700
880 69240 69900 1 6 660
881 70140 72120 6 0 1980
882 72360 73800 0 14 1440
883 77160 79860 2 1 2700
884 80040 80700 1 6 660
885 80940 82920 6 0 1980
886 83160 84600 0 14 1440
887 28140 28980 14 5 840
888 30240 31080 5 14 840
889 31200 33300 14 3 2100
890 33420 34680 3 4 1260
891 35640 36480 5 14 840
892 36600 38700 14 3 2100
893 38820 40080 3 4 1260
894 41040 41880 5 14 840
895 42000 44100 14 3 2100
896 44220 45480 3 4 1260
897 46440 47280 5 14 840
898 47400 49500 14 3 2100
899 49620 50880 3 4 1260
900 51840 52680 5 14 840
901 52800 54900 14 3 2100
902 55020 56280 3 4 1260
903 57240 58080 5 14 840
904 58200 60300 14 3 2100
905 60420 61680 3 4 1260
906 62640 63480 5 14 840
907 63600 65700 14 3 2100
908 65820 67080 3 4 1260
909 68040 68880 5 14 840
910 69000 71100 14 3 2100
911 71220 72480 3 4 1260
912 73440 74280 5 14 840
913 74400 76500 14 3 2100
914 76620 77880 3 4 1260
915 78840 79680 5 14 840
916 79800 81900 14 3 2100
917 82020 83280 3 4 1260
918 27180 28740 7 15 1560
919 28860 30660 15 4 1800
920 30780 32940 4 11 2160
921 36420 38580 11 4 2160
922 38700 40500 4 15 1800
923 40620 42180 15 7 1560
924 42300 44820 7 2 2520
925 47220 49380 11 4 2160
926 49500 51300 4 15 1800
927 51420 52980 15 7 1560
928 53100 55620 7 2 2520
929 58020 60180 11 4 2160
930 60300 62100 4 15 1800
931 62220 63780 15 7 1560
932 63900 66420 7 2 2520
933 68820 70980 11 4 2160
934 71100 72900 4 15 1800
935 73020 74580 15 7 1560
936 74700 77220 7 2 2520
937 78540 81060 2 7 2520
938 81180 82740 7 15 1560
939 82860 84660 15 4 1800
940 26280 26940 6 1 660
941 27060 29280 1 7 2220
942 29400 31920 7 2 2520
943 33060 35580 2 7 2520
944 35700 37920 7 1 2220
945 38040 38700 1 6 660
946 38820 40320 6 9 1500
947 43860 46380 2 7 2520
948 46500 48720 7 1 2220
949 48840 49500 1 6 660
950 49620 51120 6 9 1500
951 54660 57180 2 7 2520
952 57300 59520 7 1 2220
953 59640 60300 1 6 660
954 60420 61920 6 9 1500
955 65460 67980 2 7 2520
956 68100 70320 7 1 2220
957 70440 71100 1 6 660
958 71220 72720 6 9 1500
959 76260 78780 2 7 2520
960 78900 81120 7 1 2220
961 81240 81900 1 6 660
962 26400 28260 6 0 1860
963 29160 31020 0 6 1860
964 31140 32640 6 9 1500
965 36360 38220 0 6 1860
966 38340 39840 6 9 1500
967 43560 45420 0 6 1860
968 45540 47040 6 9 1500
969 50760 52620 0 6 1860
970 52740 54240 6 9 1500
971 57960 59820 0 6 1860
972 59940 61440 6 9 1500
973 65160 67020 0 6 1860
974 67140 68640 6 9 1500
975 72360 74220 0 6 1860
976 74340 75840 6 9 1500
977 24780 25620 14 5 840
978 25740 29580 5 8 3840
979 29700 30360 8 9 660
980 31140 31800 9 8 660
981 31920 35760 8 5 3840
982 35880 36720 5 14 840
983 38340 39000 9 8 660
984 39120 42960 8 5 3840
985 43080 43920 5 14 840
986 45540 46200 9 8 660
987 46320 50160 8 5 3840
988 50280 51120 5 14 840
989 52740 53400 9 8 660
990 53520 57360 8 5 3840
991 57480 58320 5 14 840
992 59940 60600 9 8 660
993 60720 64560 8 5 3840
994 64680 65520 5 14 840
995 67140 67800 9 8 660
996 67920 71760 8 5 3840
997 71880 72720 5 14 840
998 74340 75000 9 8 660
999 75120 78960 8 5 3840
1000 79080 79920 5 14 840
1001 25800 27900 14 3 2100
1002 28020 29280 3 4 1260
1003 29940 31200 4 3 1260
1004 31320 33420 3 14 2100
1005 33540 34380 14 5 840
1006 35340 36600 4 3 1260
1007 36720 38820 3 14 2100
1008 38940 39780 14 5 840
1009 40740 42000 4 3 1260
1010 42120 44220 3 14 2100
1011 44340 45180 14 5 840
1012 46140 47400 4 3 1260
1013 47520 49620 3 14 2100
1014 49740 50580 14 5 840
1015 51540 52800 4 3 1260
1016 52920 55020 3 14 2100
1017 55140 55980 14 5 840
1018 56940 58200 4 3 1260
1019 58320 60420 3 14 2100
1020 60540 61380 14 5 840
1021 62340 63600 4 3 1260
1022 63720 65820 3 14 2100
1023 65940 66780 14 5 840
1024 67740 69000 4 3 1260
1025 69120 71220 3 14 2100
1026 71340 72180 14 5 840
1027 73140 74400 4 3 1260
1028 74520 76620 3 14 2100
1029 76740 77580 14 5 840
1030 78540 79800 4 3 1260
1031 79920 82020 3 14 2100
1032 28500 30000 10 3 1500
1033 30120 31380 3 4 1260
1034 31500 33300 4 15 1800
1035 33420 34980 15 7 1560
1036 36480 38040 7 15 1560
1037 38160 39960 15 4 1800
1038 40080 41340 4 3 1260
1039 41460 42960 3 10 1500
1040 43080 45720 10 12 2640
1041 45840 46620 12 16 780
1042 47280 48840 7 15 1560
1043 48960 50760 15 4 1800
1044 50880 52140 4 3 1260
1045 52260 53760 3 10 1500
1046 53880 56520 10 12 2640
1047 56640 57420 12 16 780
1048 58080 59640 7 15 1560
1049 59760 61560 15 4 1800
1050 61680 62940 4 3 1260
1051 63060 64560 3 10 1500
1052 64680 67320 10 12 2640
1053 67440 68220 12 16 780
1054 68880 70440 7 15 1560
1055 70560 72360 15 4 1800
1056 72480 73740 4 3 1260
1057 73860 75360 3 10 1500
1058 75480 78120 10 12 2640
1059 27780 31620 5 8 3840
1060 31740 32400 8 9 660
1061 36300 36960 9 8 660
1062 37080 40920 8 5 3840
1063 41040 43800 5 10 2760
1064 47100 47760 9 8 660
1065 47880 51720 8 5 3840
1066 51840 54600 5 10 2760
1067 57900 58560 9 8 660
1068 58680 62520 8 5 3840
1069 62640 65400 5 10 2760
1070 68700 69360 9 8 660
1071 69480 73320 8 5 3840
1072 73440 76200 5 10 2760
1073 78900 81660 10 5 2760
1074 26640 28260 15 0 1620
1075 29160 30780 0 15 1620
1076 30900 32460 15 7 1560
1077 34560 36180 0 15 1620
1078 36300 37860 15 7 1560
1079 39960 41580 0 15 1620
1080 41700 43260 15 7 1560
1081 45360 46980 0 15 1620
1082 47100 48660 15 7 1560
1083 50760 52380 0 15 1620
1084 52500 54060 15 7 1560
1085 56160 57780 0 15 1620
1086 57900 59460 15 7 1560
1087 61560 63180 0 15 1620
1088 63300 64860 15 7 1560
1089 66960 68580 0 15 1620
1090 68700 70260 15 7 1560
1091 72360 73980 0 15 1620
1092 74100 75660 15 7 1560
1093 77760 79380 0 15 1620
1094 27720 30300 10 14 2580
1095 30420 31860 14 0 1440
1096 34260 35700 0 14 1440
1097 35820 38400 14 10 2580
1098 38520 41160 10 12 2640
1099 45060 46500 0 14 1440
1100 46620 49200 14 10 2580
1101 49320 51960 10 12 2640
1102 55860 57300 0 14 1440
1103 57420 60000 14 10 2580
1104 60120 62760 10 12 2640
1105 66660 68100 0 14 1440
1106 68220 70800 14 10 2580
1107 70920 73560 10 12 2640
1108 77460 78900 0 14 1440
1109 79020 81600 14 10 2580
1110 27360 30060 4 0 2700
1111 30960 33660 0 4 2700
1112 33780 35940 4 11 2160
1113 38160 40860 0 4 2700
1114 40980 43140 4 11 2160
1115 45360 48060 0 4 2700
1116 48180 50340 4 11 2160
1117 52560 55260 0 4 2700
1118 55380 57540 4 11 2160
1119 59760 62460 0 4 2700
1120 62580 64740 4 11 2160
1121 66960 69660 0 4 2700
1122 69780 71940 4 11 2160
1123 74160 76860 0 4 2700
1124 76980 79140 4 11 2160
1125 28080 31920 5 8 3840
1126 32040 34200 8 13 2160
1127 37620 39780 13 8 2160
1128 39900 43740 8 5 3840
1129 43860 46620 5 10 2760
1130 48420 50580 13 8 2160
1131 50700 54540 8 5 3840
1132 54660 57420 5 10 2760
1133 59220 61380 13 8 2160
1134 61500 65340 8 5 3840
1135 65460 68220 5 10 2760
1136 70020 72180 13 8 2160
1137 72300 76140 8 5 3840
1138 76260 79020 5 10 2760
1139 27600 28260 8 9 660
1140 28380 29880 9 6 1500
1141 30000 31860 6 0 1860
1142 32760 34620 0 6 1860
1143 34800 36300 6 9 1500
1144 36420 37080 9 8 660
1145 37200 39360 8 13 2160
1146 39960 41820 0 6 1860
1147 42000 43500 6 9 1500
1148 43620 44280 9 8 660
1149 44400 46560 8 13 2160
1150 47160 49020 0 6 1860
1151 49200 50700 6 9 1500
1152 50820 51480 9 8 660
1153 51600 53760 8 13 2160
1154 54360 56220 0 6 1860
1155 56400 57900 6 9 1500
1156 58020 58680 9 8 660
1157 58800 60960 8 13 2160
1158 61560 63420 0 6 1860
1159 63600 65100 6 9 1500
1160 65220 65880 9 8 660
1161 66000 68160 8 13 2160
1162 68760 70620 0 6 1860
1163 70800 72300 6 9 1500
1164 72420 73080 9 8 660
1165 73200 75360 8 13 2160
1166 75960 77820 0 6 1860
1167 78000 79500 6 9 1500
1168 30240 33000 5 10 2760
1169 35700 38460 10 5 2760
1170 38580 42420 5 8 3840
1171 42540 43200 8 9 660
1172 46500 49260 10 5 2760
1173 49380 53220 5 8 3840
1174 53340 54000 8 9 660
1175 57300 60060 10 5 2760
1176 60180 64020 5 8 3840
1177 64140 64800 8 9 660
1178 68100 70860 10 5 2760
1179 70980 74820 5 8 3840
1180 74940 75600 8 9 660
1181 25560 27000 0 14 1440
1182 27120 29220 14 3 2100
1183 29340 30600 3 4 1260
1184 33900 35160 4 3 1260
1185 35400 37500 3 14 2100
1186 37620 39060 14 0 1440
1187 41100 42360 4 3 1260
1188 42600 44700 3 14 2100
1189 44820 46260 14 0 1440
1190 48300 49560 4 3 1260
1191 49800 51900 3 14 2100
1192 52020 53460 14 0 1440
1193 55500 56760 4 3 1260
1194 57000 59100 3 14 2100
1195 59220 60660 14 0 1440
1196 62700 63960 4 3 1260
1197 64200 66300 3 14 2100
1198 66420 67860 14 0 1440
1199 69900 71160 4 3 1260
1200 71400 73500 3 14 2100
1201 73620 75060 14 0 1440
1202 77100 78360 4 3 1260
1203 78600 80700 3 14 2100
1204 80820 82260 14 0 1440
1205 25560 27420 0 6 1860
1206 27540 29040 6 9 1500
1207 31980 33480 9 6 1500
1208 33600 35460 6 0 1860
1209 39180 40680 9 6 1500
1210 40800 42660 6 0 1860
1211 46380 47880 9 6 1500
1212 48000 49860 6 0 1860
1213 53580 55080 9 6 1500
1214 55200 57060 6 0 1860
1215 60780 62280 9 6 1500
1216 62400 64260 6 0 1860
1217 67980 69480 9 6 1500
1218 69600 71460 6 0 1860
1219 75180 76680 9 6 1500
1220 76800 78660 6 0 1860
1221 25560 27540 0 1 1980
1222 27660 28320 1 6 660
1223 28440 29940 6 9 1500
1224 30060 30720 9 8 660
1225 33900 34560 8 9 660
1226 34680 36180 9 6 1500
1227 36300 36960 6 1 660
1228 37080 39060 1 0 1980
1229 41100 41760 8 9 660
1230 41880 43380 9 6 1500
1231 43500 44160 6 1 660
1232 44280 46260 1 0 1980
1233 48300 48960 8 9 660
1234 49080 50580 9 6 1500
1235 50700 51360 6 1 660
1236 51480 53460 1 0 1980
1237 55500 56160 8 9 660
1238 56280 57780 9 6 1500
1239 57900 58560 6 1 660
1240 58680 60660 1 0 1980
1241 62700 63360 8 9 660
1242 63480 64980 9 6 1500
1243 65100 65760 6 1 660
1244 65880 67860 1 0 1980
1245 69900 70560 8 9 660
1246 70680 72180 9 6 1500
1247 72300 72960 6 1 660
1248 73080 75060 1 0 1980
1249 77100 77760 8 9 660
1250 77880 79380 9 6 1500
1251 79500 80160 6 1 660
1252 80280 82260 1 0 1980
1253 25560 27180 0 15 1620
1254 27300 28860 15 7 1560
1255 30360 31920 7 15 1560
1256 32040 33660 15 0 1620
1257 35760 37320 7 15 1560
1258 37440 39060 15 0 1620
1259 41160 42720 7 15 1560
1260 42840 44460 15 0 1620
1261 46560 48120 7 15 1560
1262 48240 49860 15 0 1620
1263 51960 53520 7 15 1560
1264 53640 55260 15 0 1620
1265 57360 58920 7 15 1560
1266 59040 60660 15 0 1620
1267 62760 64320 7 15 1560
1268 64440 66060 15 0 1620
1269 68160 69720 7 15 1560
1270 69840 71460 15 0 1620
1271 73560 75120 7 15 1560
1272 75240 76860 15 0 1620
1273 78960 80520 7 15 1560
1274 80640 82260 15 0 1620
1275 25560 28260 0 4 2700
1276 28380 30540 4 11 2160
1277 32280 34440 11 4 2160
1278 34560 37260 4 0 2700
1279 39480 41640 11 4 2160
1280 41760 44460 4 0 2700
1281 46680 48840 11 4 2160
1282 48960 51660 4 0 2700
1283 53880 56040 11 4 2160
1284 56160 58860 4 0 2700
1285 61080 63240 11 4 2160
1286 63360 66060 4 0 2700
1287 68280 70440 11 4 2160
1288 70560 73260 4 0 2700
1289 75480 77640 11 4 2160
1290 77760 80460 4 0 2700
1291 25560 27540 0 1 1980
1292 27660 30360 1 2 2700
1293 31140 33840 2 1 2700
1294 33960 35940 1 0 1980
1295 38340 41040 2 1 2700
1296 41160 43140 1 0 1980
1297 45540 48240 2 1 2700
1298 48360 50340 1 0 1980
1299 52740 55440 2 1 2700
1300 55560 57540 1 0 1980
1301 59940 62640 2 1 2700
1302 62760 64740 1 0 1980
1303 67140 69840 2 1 2700
1304 69960 71940 1 0 1980
1305 74340 77040 2 1 2700
1306 77160 79140 1 0 1980
1307 25560 27420 0 6 1860
1308 27600 29100 6 9 1500
1309 29220 29880 9 8 660
1310 30000 32160 8 13 2160
1311 36060 38220 13 8 2160
1312 38400 39060 8 9 660
1313 39180 40680 9 6 1500
1314 40800 42660 6 0 1860
1315 43260 45420 13 8 2160
1316 45600 46260 8 9 660
1317 46380 47880 9 6 1500
1318 48000 49860 6 0 1860
1319 50460 52620 13 8 2160
1320 52800 53460 8 9 660
1321 53580 55080 9 6 1500
1322 55200 57060 6 0 1860
1323 57660 59820 13 8 2160
1324 60000 60660 8 9 660
1325 60780 62280 9 6 1500
1326 62400 64260 6 0 1860
1327 64860 67020 13 8 2160
1328 67200 67860 8 9 660
1329 67980 69480 9 6 1500
1330 69600 71460 6 0 1860
1331 72060 74220 13 8 2160
1332 74400 75060 8 9 660
1333 75180 76680 9 6 1500
1334 76800 78660 6 0 1860
1335 27900 29700 4 15 1800
1336 29820 31380 15 7 1560
1337 31500 34020 7 2 2520
1338 35340 37860 2 7 2520
1339 37980 39540 7 15 1560
1340 39660 41460 15 4 1800
1341 41580 43740 4 11 2160
1342 46140 48660 2 7 2520
1343 48780 50340 7 15 1560
1344 50460 52260 15 4 1800
1345 52380 54540 4 11 2160
1346 56940 59460 2 7 2520
1347 59580 61140 7 15 1560
1348 61260 63060 15 4 1800
1349 63180 65340 4 11 2160
1350 67740 70260 2 7 2520
1351 70380 71940 7 15 1560
1352 72060 73860 15 4 1800
1353 73980 76140 4 11 2160
1354 27360 29160 15 4 1800
1355 29280 30540 4 3 1260
1356 30660 32160 3 10 1500
1357 32280 34920 10 12 2640
1358 35040 35820 12 16 780
1359 37440 38220 16 12 780
1360 38340 40980 12 10 2640
1361 41100 42600 10 3 1500
1362 42720 43980 3 4 1260
1363 44100 45900 4 15 1800
1364 46020 47580 15 7 1560
1365 48240 49020 16 12 780
1366 49140 51780 12 10 2640
1367 51900 53400 10 3 1500
1368 53520 54780 3 4 1260
1369 54900 56700 4 15 1800
1370 56820 58380 15 7 1560
1371 59040 59820 16 12 780
1372 59940 62580 12 10 2640
1373 62700 64200 10 3 1500
1374 64320 65580 3 4 1260
1375 65700 67500 4 15 1800
1376 67620 69180 15 7 1560
1377 69840 70620 16 12 780
1378 70740 73380 12 10 2640
1379 73500 75000 10 3 1500
1380 75120 76380 3 4 1260
1381 76500 78300 4 15 1800
1382 78420 79980 15 7 1560
1383 28020 29280 4 3 1260
1384 29400 30900 3 10 1500
1385 31020 33660 10 12 2640
1386 33780 34560 12 16 780
1387 34680 36420 16 17 1740
1388 37380 39120 17 16 1740
1389 39240 40020 16 12 780
1390 40140 42780 12 10 2640
1391 42900 44400 10 3 1500
1392 44520 45780 3 4 1260
1393 45900 48060 4 11 2160
1394 51780 53520 17 16 1740
1395 53640 54420 16 12 780
1396 54540 57180 12 10 2640
1397 57300 58800 10 3 1500
1398 58920 60180 3 4 1260
1399 60300 62460 4 11 2160
1400 66180 67920 17 16 1740
1401 68040 68820 16 12 780
1402 68940 71580 12 10 2640
1403 71700 73200 10 3 1500
1404 73320 74580 3 4 1260
1405 74700 76860 4 11 2160
1406 28500 30720 7 1 2220
1407 30840 31500 1 6 660
1408 31620 33120 6 9 1500
1409 35460 36960 9 6 1500
1410 37080 37740 6 1 660
1411 37860 40080 1 7 2220
1412 40200 42720 7 2 2520
1413 46260 47760 9 6 1500
1414 47880 48540 6 1 660
1415 48660 50880 1 7 2220
1416 51000 53520 7 2 2520
1417 57060 58560 9 6 1500
1418 58680 59340 6 1 660
1419 59460 61680 1 7 2220
1420 61800 64320 7 2 2520
1421 67860 69360 9 6 1500
1422 69480 70140 6 1 660
1423 70260 72480 1 7 2220
1424 72600 75120 7 2 2520
1425 78660 80160 9 6 1500
1426 26040 27480 0 14 1440
1427 27600 30180 14 10 2580
1428 30300 33300 10 16 3000
1429 33420 35160 16 17 1740
1430 37140 38880 17 16 1740
1431 39000 42000 16 10 3000
1432 42120 44700 10 14 2580
1433 44820 46260 14 0 1440
1434 47940 49680 17 16 1740
1435 49800 52800 16 10 3000
1436 52920 55500 10 14 2580
1437 55620 57060 14 0 1440
1438 58740 60480 17 16 1740
1439 60600 63600 16 10 3000
1440 63720 66300 10 14 2580
1441 66420 67860 14 0 1440
1442 69540 71280 17 16 1740
1443 71400 74400 16 10 3000
1444 74520 77100 10 14 2580
1445 77220 78660 14 0 1440
1446 30240 33000 5 10 2760
1447 33120 35760 10 12 2640
1448 35880 36660 12 16 780
1449 40800 41580 16 12 780
1450 41700 44340 12 10 2640
1451 44460 47220 10 5 2760
1452 47340 51180 5 8 3840
1453 55200 55980 16 12 780
1454 56100 58740 12 10 2640
1455 58860 61620 10 5 2760
1456 61740 65580 5 8 3840
1457 69600 70380 16 12 780
1458 70500 73140 12 10 2640
1459 73260 76020 10 5 2760
1460 31320 33900 10 14 2580
1461 34020 35460 14 0 1440
1462 36840 38280 0 14 1440
1463 38400 40980 14 10 2580
1464 41100 44100 10 16 3000
1465 44220 45960 16 17 1740
1466 47640 49080 0 14 1440
1467 49200 51780 14 10 2580
1468 51900 54900 10 16 3000
1469 55020 56760 16 17 1740
1470 58440 59880 0 14 1440
1471 60000 62580 14 10 2580
1472 62700 65700 10 16 3000
1473 65820 67560 16 17 1740
1474 69240 70680 0 14 1440
1475 70800 73380 14 10 2580
1476 73500 76500 10 16 3000
1477 26340 27600 4 3 1260
1478 27720 29820 3 14 2100
1479 29940 30780 14 5 840
1480 32040 32880 5 14 840
1481 33000 35100 14 3 2100
1482 35220 36480 3 4 1260
1483 37440 38280 5 14 840
1484 38400 40500 14 3 2100
1485 40620 41880 3 4 1260
1486 42840 43680 5 14 840
1487 43800 45900 14 3 2100
1488 46020 47280 3 4 1260
1489 48240 49080 5 14 840
1490 49200 51300 14 3 2100
1491 51420 52680 3 4 1260
1492 53640 54480 5 14 840
1493 54600 56700 14 3 2100
1494 56820 58080 3 4 1260
1495 59040 59880 5 14 840
1496 60000 62100 14 3 2100
1497 62220 63480 3 4 1260
1498 64440 65280 5 14 840
1499 65400 67500 14 3 2100
1500 67620 68880 3 4 1260
1501 69840 70680 5 14 840
1502 70800 72900 14 3 2100
1503 73020 74280 3 4 1260
1504 75240 76080 5 14 840
1505 76200 78300 14 3 2100
1506 78420 79680 3 4 1260
1507 30060 32820 10 5 2760
1508 32940 36780 5 8 3840
1509 40680 44520 8 5 3840
1510 44640 47400 5 10 2760
1511 47520 50160 10 12 2640
1512 50280 51060 12 16 780
1513 55080 58920 8 5 3840
1514 59040 61800 5 10 2760
1515 61920 64560 10 12 2640
1516 64680 65460 12 16 780
1517 69480 73320 8 5 3840
1518 73440 76200 5 10 2760
1519 76320 78960 10 12 2640
1520 32100 33600 10 3 1500
1521 33720 34980 3 4 1260
1522 35100 37260 4 11 2160
1523 40140 42300 11 4 2160
1524 42420 43680 4 3 1260
1525 43800 45300 3 10 1500
1526 45420 48060 10 12 2640
1527 48180 48960 12 16 780
1528 49080 50820 16 17 1740
1529 54540 56700 11 4 2160
1530 56820 58080 4 3 1260
1531 58200 59700 3 10 1500
1532 59820 62460 10 12 2640
1533 62580 63360 12 16 780
1534 63480 65220 16 17 1740
1535 68940 71100 11 4 2160
1536 71220 72480 4 3 1260
1537 72600 74100 3 10 1500
1538 74220 76860 10 12 2640
1539 76980 77760 12 16 780
1540 26640 27480 5 14 840
1541 27600 29700 14 3 2100
1542 29820 31080 3 4 1260
1543 31740 33000 4 3 1260
1544 33120 35220 3 14 2100
1545 35340 36180 14 5 840
1546 37140 38400 4 3 1260
1547 38520 40620 3 14 2100
1548 40740 41580 14 5 840
1549 42540 43800 4 3 1260
1550 43920 46020 3 14 2100
1551 46140 46980 14 5 840
1552 47940 49200 4 3 1260
1553 49320 51420 3 14 2100
1554 51540 52380 14 5 840
1555 53340 54600 4 3 1260
1556 54720 56820 3 14 2100
1557 56940 57780 14 5 840
1558 58740 60000 4 3 1260
1559 60120 62220 3 14 2100
1560 62340 63180 14 5 840
1561 64140 65400 4 3 1260
1562 65520 67620 3 14 2100
1563 67740 68580 14 5 840
1564 69540 70800 4 3 1260
1565 70920 73020 3 14 2100
1566 73140 73980 14 5 840
1567 74940 76200 4 3 1260
1568 76320 78420 3 14 2100
1569 78540 79380 14 5 840
1570 30300 31800 10 3 1500
1571 31920 33180 3 4 1260
1572 33300 35100 4 15 1800
1573 35220 36780 15 7 1560
1574 38280 39840 7 15 1560
1575 39960 41760 15 4 1800
1576 41880 43140 4 3 1260
1577 43260 44760 3 10 1500
1578 44880 47520 10 12 2640
1579 47640 48420 12 16 780
1580 49080 50640 7 15 1560
1581 50760 52560 15 4 1800
1582 52680 53940 4 3 1260
1583 54060 55560 3 10 1500
1584 55680 58320 10 12 2640
1585 58440 59220 12 16 780
1586 59880 61440 7 15 1560
1587 61560 63360 15 4 1800
1588 63480 64740 4 3 1260
1589 64860 66360 3 10 1500
1590 66480 69120 10 12 2640
1591 69240 70020 12 16 780
1592 70680 72240 7 15 1560
1593 72360 74160 15 4 1800
1594 74280 75540 4 3 1260
1595 75660 77160 3 10 1500
1596 77280 79920 10 12 2640
1597 26700 27960 4 3 1260
1598 28200 30300 3 14 2100
1599 30420 31860 14 0 1440
1600 32760 34200 0 14 1440
1601 34320 36420 14 3 2100
1602 36540 37800 3 4 1260
1603 39960 41400 0 14 1440
1604 41520 43620 14 3 2100
1605 43740 45000 3 4 1260
1606 47160 48600 0 14 1440
1607 48720 50820 14 3 2100
1608 50940 52200 3 4 1260
1609 54360 55800 0 14 1440
1610 55920 58020 14 3 2100
1611 58140 59400 3 4 1260
1612 61560 63000 0 14 1440
1613 63120 65220 14 3 2100
1614 65340 66600 3 4 1260
1615 68760 70200 0 14 1440
1616 70320 72420 14 3 2100
1617 72540 73800 3 4 1260
1618 75960 77400 0 14 1440
1619 77520 79620 14 3 2100
1620 79740 81000 3 4 1260
1621 27480 28980 9 6 1500
1622 29100 29760 6 1 660
1623 29880 31860 1 0 1980
1624 32760 34740 0 1 1980
1625 34860 35520 1 6 660
1626 35640 37140 6 9 1500
1627 37260 37920 9 8 660
1628 39960 41940 0 1 1980
1629 42060 42720 1 6 660
1630 42840 44340 6 9 1500
1631 44460 45120 9 8 660
1632 47160 49140 0 1 1980
1633 49260 49920 1 6 660
1634 50040 51540 6 9 1500
1635 51660 52320 9 8 660
1636 54360 56340 0 1 1980
1637 56460 57120 1 6 660
1638 57240 58740 6 9 1500
1639 58860 59520 9 8 660
1640 61560 63540 0 1 1980
1641 63660 64320 1 6 660
1642 64440 65940 6 9 1500
1643 66060 66720 9 8 660
1644 68760 70740 0 1 1980
1645 70860 71520 1 6 660
1646 71640 73140 6 9 1500
1647 73260 73920 9 8 660
1648 75960 77940 0 1 1980
1649 78060 78720 1 6 660
1650 78840 80340 6 9 1500
1651 29640 30300 1 6 660
1652 30540 32520 6 0 1980
1653 32760 34200 0 14 1440
1654 34800 36240 14 0 1440
1655 36360 38220 0 6 1860
1656 38340 39000 6 1 660
1657 39240 41940 1 2 2700
1658 45600 47040 14 0 1440
1659 47160 49020 0 6 1860
1660 49140 49800 6 1 660
1661 50040 52740 1 2 2700
1662 56400 57840 14 0 1440
1663 57960 59820 0 6 1860
1664 59940 60600 6 1 660
1665 60840 63540 1 2 2700
1666 67200 68640 14 0 1440
1667 68760 70620 0 6 1860
1668 70740 71400 6 1 660
1669 71640 74340 1 2 2700
1670 78000 79440 14 0 1440
1671 79560 81420 0 6 1860
1672 29100 32940 8 5 3840
1673 33060 35820 5 10 2760
1674 39480 42240 10 5 2760
1675 42480 46320 5 8 3840
1676 46440 48600 8 13 2160
1677 50280 53040 10 5 2760
1678 53280 57120 5 8 3840
1679 57240 59400 8 13 2160
1680 61080 63840 10 5 2760
1681 64080 67920 5 8 3840
1682 68040 70200 8 13 2160
1683 71880 74640 10 5 2760
1684 74880 78720 5 8 3840
1685 29160 31860 4 0 2700
1686 32760 35460 0 4 2700
1687 35580 37740 4 11 2160
1688 39960 42660 0 4 2700
1689 42780 44940 4 11 2160
1690 47160 49860 0 4 2700
1691 49980 52140 4 11 2160
1692 54360 57060 0 4 2700
1693 57180 59340 4 11 2160
1694 61560 64260 0 4 2700
1695 64380 66540 4 11 2160
1696 68760 71460 0 4 2700
1697 71580 73740 4 11 2160
1698 75960 78660 0 4 2700
1699 78780 80940 4 11 2160
1700 27060 28500 0 14 1440
1701 28620 31200 14 10 2580
1702 31320 33960 10 12 2640
1703 35760 38400 12 10 2640
1704 38520 41100 10 14 2580
1705 41220 42660 14 0 1440
1706 46560 49200 12 10 2640
1707 49320 51900 10 14 2580
1708 52020 53460 14 0 1440
1709 57360 60000 12 10 2640
1710 60120 62700 10 14 2580
1711 62820 64260 14 0 1440
1712 68160 70800 12 10 2640
1713 70920 73500 10 14 2580
1714 73620 75060 14 0 1440
1715 78960 81600 12 10 2640
1716 81720 84300 10 14 2580
1717 84420 85860 14 0 1440
1718 27180 27840 6 1 660
1719 27960 30180 1 7 2220
1720 30900 33120 7 1 2220
1721 33240 33900 1 6 660
1722 27360 30060 0 4 2700
1723 30180 32340 4 11 2160
1724 34080 36240 11 4 2160
1725 36360 39060 4 0 2700
1726 41280 43440 11 4 2160
1727 43560 46260 4 0 2700
1728 48480 50640 11 4 2160
1729 50760 53460 4 0 2700
1730 55680 57840 11 4 2160
1731 57960 60660 4 0 2700
1732 62880 65040 11 4 2160
1733 65160 67860 4 0 2700
1734 70080 72240 11 4 2160
1735 72360 75060 4 0 2700
1736 77280 79440 11 4 2160
1737 79560 82260 4 0 2700
1738 27480 29040 7 15 1560
1739 29160 30960 15 4 1800
1740 31080 32340 4 3 1260
1741 32460 33960 3 10 1500
1742 34080 36720 10 12 2640
1743 36840 37620 12 16 780
1744 39240 40020 16 12 780
1745 40140 42780 12 10 2640
1746 42900 44400 10 3 1500
1747 44520 45780 3 4 1260
1748 45900 47700 4 15 1800
1749 47820 49380 15 7 1560
1750 50040 50820 16 12 780
1751 50940 53580 12 10 2640
1752 53700 55200 10 3 1500
1753 55320 56580 3 4 1260
1754 56700 58500 4 15 1800
1755 58620 60180 15 7 1560
1756 60840 61620 16 12 780
1757 61740 64380 12 10 2640
1758 64500 66000 10 3 1500
1759 66120 67380 3 4 1260
1760 67500 69300 4 15 1800
1761 69420 70980 15 7 1560
1762 71640 72420 16 12 780
1763 72540 75180 12 10 2640
1764 75300 76800 10 3 1500
1765 76920 78180 3 4 1260
1766 78300 80100 4 15 1800
1767 27540 28200 9 8 660
1768 28320 32160 8 5 3840
1769 32280 33120 5 14 840
1770 35580 36420 14 5 840
1771 36540 40380 5 8 3840
1772 40500 41160 8 9 660
1773 42780 43620 14 5 840
1774 43740 47580 5 8 3840
1775 47700 48360 8 9 660
1776 49980 50820 14 5 840
1777 50940 54780 5 8 3840
1778 54900 55560 8 9 660
1779 57180 58020 14 5 840
1780 58140 61980 5 8 3840
1781 62100 62760 8 9 660
1782 64380 65220 14 5 840
1783 65340 69180 5 8 3840
1784 69300 69960 8 9 660
1785 71580 72420 14 5 840
1786 72540 76380 5 8 3840
1787 76500 77160 8 9 660
1788 78780 79620 14 5 840
1789 27600 29040 14 0 1440
1790 29160 31020 0 6 1860
1791 31140 31800 6 1 660
1792 32040 34740 1 2 2700
1793 37560 40260 2 1 2700
1794 40440 41100 1 6 660
1795 41340 43320 6 0 1980
1796 43560 45000 0 14 1440
1797 48360 51060 2 1 2700
1798 51240 51900 1 6 660
1799 52140 54120 6 0 1980
1800 54360 55800 0 14 1440
1801 59160 61860 2 1 2700
1802 62040 62700 1 6 660
1803 62940 64920 6 0 1980
1804 65160 66600 0 14 1440
1805 69960 72660 2 1 2700
1806 72840 73500 1 6 660
1807 73740 75720 6 0 1980
1808 75960 77400 0 14 1440
1809 28140 30660 2 7 2520
1810 30780 32340 7 15 1560
1811 32460 34260 15 4 1800
1812 34380 36540 4 11 2160
1813 40020 42180 11 4 2160
1814 42300 44100 4 15 1800
1815 44220 45780 15 7 1560
1816 45900 48420 7 2 2520
1817 50820 52980 11 4 2160
1818 53100 54900 4 15 1800
1819 55020 56580 15 7 1560
1820 56700 59220 7 2 2520
1821 61620 63780 11 4 2160
1822 63900 65700 4 15 1800
1823 65820 67380 15 7 1560
1824 67500 70020 7 2 2520
1825 72420 74580 11 4 2160
1826 74700 76500 4 15 1800
1827 76620 78180 15 7 1560
1828 28260 29760 9 6 1500
1829 29880 30540 6 1 660
1830 30660 32880 1 7 2220
1831 33000 35520 7 2 2520
1832 36660 39180 2 7 2520
1833 39300 41520 7 1 2220
1834 41640 42300 1 6 660
1835 42420 43920 6 9 1500
1836 47460 49980 2 7 2520
1837 50100 52320 7 1 2220
1838 52440 53100 1 6 660
1839 53220 54720 6 9 1500
1840 58260 60780 2 7 2520
1841 60900 63120 7 1 2220
1842 63240 63900 1 6 660
1843 64020 65520 6 9 1500
1844 69060 71580 2 7 2520
1845 71700 73920 7 1 2220
1846 74040 74700 1 6 660
1847 74820 76320 6 9 1500
1848 28380 29220 14 5 840
1849 29340 33180 5 8 3840
1850 33300 33960 8 9 660
1851 34740 35400 9 8 660
1852 35520 39360 8 5 3840
1853 39480 40320 5 14 840
1854 41940 42600 9 8 660
1855 42720 46560 8 5 3840
1856 46680 47520 5 14 840
1857 49140 49800 9 8 660
1858 49920 53760 8 5 3840
1859 53880 54720 5 14 840
1860 56340 57000 9 8 660
1861 57120 60960 8 5 3840
1862 61080 61920 5 14 840
1863 63540 64200 9 8 660
1864 64320 68160 8 5 3840
1865 68280 69120 5 14 840
1866 70740 71400 9 8 660
1867 71520 75360 8 5 3840
1868 75480 76320 5 14 840
1869 77940 78600 9 8 660
1870 78720 82560 8 5 3840
1871 82680 83520 5 14 840
1872 32100 33600 10 3 1500
1873 33720 34980 3 4 1260
1874 35100 36900 4 15 1800
1875 37020 38580 15 7 1560
1876 40080 41640 7 15 1560
1877 41760 43560 15 4 1800
1878 43680 44940 4 3 1260
1879 45060 46560 3 10 1500
1880 46680 49320 10 12 2640
1881 49440 50220 12 16 780
1882 50880 52440 7 15 1560
1883 52560 54360 15 4 1800
1884 54480 55740 4 3 1260
1885 55860 57360 3 10 1500
1886 57480 60120 10 12 2640
1887 60240 61020 12 16 780
1888 61680 63240 7 15 1560
1889 63360 65160 15 4 1800
1890 65280 66540 4 3 1260
1891 66660 68160 3 10 1500
1892 68280 70920 10 12 2640
1893 71040 71820 12 16 780
1894 72480 74040 7 15 1560
1895 74160 75960 15 4 1800
1896 76080 77340 4 3 1260
1897 77460 78960 3 10 1500
1898 79080 81720 10 12 2640
1899 28500 31260 10 5 2760
1900 31380 35220 5 8 3840
1901 35340 36000 8 9 660
1902 39900 40560 9 8 660
1903 40680 44520 8 5 3840
1904 44640 47400 5 10 2760
1905 50700 51360 9 8 660
1906 51480 55320 8 5 3840
1907 55440 58200 5 10 2760
1908 61500 62160 9 8 660
1909 62280 66120 8 5 3840
1910 66240 69000 5 10 2760
1911 72300 72960 9 8 660
1912 73080 76920 8 5 3840
1913 77040 79800 5 10 2760
1914 31320 33900 10 14 2580
1915 34020 35460 14 0 1440
1916 37860 39300 0 14 1440
1917 39420 42000 14 10 2580
1918 42120 44760 10 12 2640
1919 48660 50100 0 14 1440
1920 50220 52800 14 10 2580
1921 52920 55560 10 12 2640
1922 59460 60900 0 14 1440
1923 61020 63600 14 10 2580
1924 63720 66360 10 12 2640
1925 70260 71700 0 14 1440
1926 71820 74400 14 10 2580
1927 74520 77160 10 12 2640
1928 28680 31440 10 5 2760
1929 31680 35520 5 8 3840
1930 35640 37800 8 13 2160
1931 41220 43380 13 8 2160
1932 43500 47340 8 5 3840
1933 47460 50220 5 10 2760
1934 52020 54180 13 8 2160
1935 54300 58140 8 5 3840
1936 58260 61020 5 10 2760
1937 62820 64980 13 8 2160
1938 65100 68940 8 5 3840
1939 69060 71820 5 10 2760
1940 73620 75780 13 8 2160
1941 75900 79740 8 5 3840
1942 79860 82620 5 10 2760
1943 31200 31860 8 9 660
1944 31980 33480 9 6 1500
1945 33600 35460 6 0 1860
1946 36360 38220 0 6 1860
1947 38400 39900 6 9 1500
1948 40020 40680 9 8 660
1949 40800 42960 8 13 2160
1950 29100 29760 9 8 660
1951 29880 33720 8 5 3840
1952 33840 36600 5 10 2760
1953 39300 42060 10 5 2760
1954 42180 46020 5 8 3840
1955 46140 46800 8 9 660
1956 50100 52860 10 5 2760
1957 52980 56820 5 8 3840
1958 56940 57600 8 9 660
1959 60900 63660 10 5 2760
1960 63780 67620 5 8 3840
1961 67740 68400 8 9 660
1962 71700 74460 10 5 2760
1963 74580 78420 5 8 3840
1964 78540 79200 8 9 660
1965 29160 31140 0 1 1980
1966 31260 33960 1 2 2700
1967 34740 37440 2 1 2700
1968 37560 39540 1 0 1980
1969 29220 31380 11 4 2160
1970 31500 33300 4 15 1800
1971 33420 34980 15 7 1560
1972 35100 37620 7 2 2520
1973 38940 41460 2 7 2520
1974 41580 43140 7 15 1560
1975 43260 45060 15 4 1800
1976 45180 47340 4 11 2160
1977 49740 52260 2 7 2520
1978 52380 53940 7 15 1560
1979 54060 55860 15 4 1800
1980 55980 58140 4 11 2160
1981 60540 63060 2 7 2520
1982 63180 64740 7 15 1560
1983 64860 66660 15 4 1800
1984 66780 68940 4 11 2160
1985 71340 73860 2 7 2520
1986 73980 75540 7 15 1560
1987 75660 77460 15 4 1800
1988 77580 79740 4 11 2160
1989 29280 30840 7 15 1560
1990 30960 32760 15 4 1800
1991 32880 34140 4 3 1260
1992 34260 35760 3 10 1500
1993 35880 38520 10 12 2640
1994 38640 39420 12 16 780
1995 41040 41820 16 12 780
1996 41940 44580 12 10 2640
1997 44700 46200 10 3 1500
1998 46320 47580 3 4 1260
1999 47700 49500 4 15 1800
2000 49620 51180 15 7 1560
2001 51840 52620 16 12 780
2002 52740 55380 12 10 2640
2003 55500 57000 10 3 1500
2004 57120 58380 3 4 1260
2005 58500 60300 4 15 1800
2006 60420 61980 15 7 1560
2007 62640 63420 16 12 780
2008 63540 66180 12 10 2640
2009 66300 67800 10 3 1500
2010 67920 69180 3 4 1260
2011 69300 71100 4 15 1800
2012 71220 72780 15 7 1560
2013 73440 74220 16 12 780
2014 74340 76980 12 10 2640
2015 77100 78600 10 3 1500
2016 78720 79980 3 4 1260
2017 80100 81900 4 15 1800
2018 29340 31500 11 4 2160
2019 31620 32880 4 3 1260
2020 33000 34500 3 10 1500
2021 34620 37260 10 12 2640
2022 37380 38160 12 16 780
2023 38280 40020 16 17 1740
2024 40980 42720 17 16 1740
2025 42840 43620 16 12 780
2026 43740 46380 12 10 2640
2027 46500 48000 10 3 1500
2028 48120 49380 3 4 1260
2029 49500 51660 4 11 2160
2030 55380 57120 17 16 1740
2031 57240 58020 16 12 780
2032 58140 60780 12 10 2640
2033 60900 62400 10 3 1500
2034 62520 63780 3 4 1260
2035 63900 66060 4 11 2160
2036 69780 71520 17 16 1740
2037 71640 72420 16 12 780
2038 72540 75180 12 10 2640
2039 75300 76800 10 3 1500
2040 76920 78180 3 4 1260
2041 78300 80460 4 11 2160
2042 29460 31980 2 7 2520
2043 32100 34320 7 1 2220
2044 34440 35100 1 6 660
2045 35220 36720 6 9 1500
2046 39060 40560 9 6 1500
2047 40680 41340 6 1 660
2048 41460 43680 1 7 2220
2049 43800 46320 7 2 2520
2050 49860 51360 9 6 1500
2051 51480 52140 6 1 660
2052 52260 54480 1 7 2220
2053 54600 57120 7 2 2520
2054 60660 62160 9 6 1500
2055 62280 62940 6 1 660
2056 63060 65280 1 7 2220
2057 65400 67920 7 2 2520
2058 71460 72960 9 6 1500
2059 73080 73740 6 1 660
2060 73860 76080 1 7 2220
2061 29640 31080 0 14 1440
2062 31200 33780 14 10 2580
2063 33900 36900 10 16 3000
2064 37020 38760 16 17 1740
2065 40740 42480 17 16 1740
2066 42600 45600 16 10 3000
2067 45720 48300 10 14 2580
2068 48420 49860 14 0 1440
2069 51540 53280 17 16 1740
2070 53400 56400 16 10 3000
2071 56520 59100 10 14 2580
2072 59220 60660 14 0 1440
2073 62340 64080 17 16 1740
2074 64200 67200 16 10 3000
2075 67320 69900 10 14 2580
2076 70020 71460 14 0 1440
2077 73140 74880 17 16 1740
2078 75000 78000 16 10 3000
2079 78120 80700 10 14 2580
2080 80820 82260 14 0 1440
2081 29880 33720 8 5 3840
2082 33840 36600 5 10 2760
2083 36720 39360 10 12 2640
2084 39480 40260 12 16 780
2085 44400 45180 16 12 780
2086 45300 47940 12 10 2640
2087 48060 50820 10 5 2760
2088 50940 54780 5 8 3840
2089 58800 59580 16 12 780
2090 59700 62340 12 10 2640
2091 62460 65220 10 5 2760
2092 65340 69180 5 8 3840
2093 73200 73980 16 12 780
2094 74100 76740 12 10 2640
2095 76860 79620 10 5 2760
2096 31800 34800 16 10 3000
2097 34920 37500 10 14 2580
2098 37620 39060 14 0 1440
2099 40440 41880 0 14 1440
2100 42000 44580 14 10 2580
2101 44700 47700 10 16 3000
2102 47820 49560 16 17 1740
2103 51240 52680 0 14 1440
2104 52800 55380 14 10 2580
2105 55500 58500 10 16 3000
2106 58620 60360 16 17 1740
2107 62040 63480 0 14 1440
2108 63600 66180 14 10 2580
2109 66300 69300 10 16 3000
2110 69420 71160 16 17 1740
2111 72840 74280 0 14 1440
2112 74400 76980 14 10 2580
2113 30900 33540 12 10 2640
2114 33660 36420 10 5 2760
2115 36540 40380 5 8 3840
2116 44280 48120 8 5 3840
2117 48240 51000 5 10 2760
2118 51120 53760 10 12 2640
2119 53880 54660 12 16 780
2120 58680 62520 8 5 3840
2121 62640 65400 5 10 2760
2122 65520 68160 10 12 2640
2123 68280 69060 12 16 780
2124 73080 76920 8 5 3840
2125 77040 79800 5 10 2760
2126 32040 32820 16 12 780
2127 32940 35580 12 10 2640
2128 35700 37200 10 3 1500
2129 37320 38580 3 4 1260
2130 38700 40860 4 11 2160
2131 43740 45900 11 4 2160
2132 46020 47280 4 3 1260
2133 47400 48900 3 10 1500
2134 49020 51660 10 12 2640
2135 51780 52560 12 16 780
2136 52680 54420 16 17 1740
2137 58140 60300 11 4 2160
2138 60420 61680 4 3 1260
2139 61800 63300 3 10 1500
2140 63420 66060 10 12 2640
2141 66180 66960 12 16 780
2142 67080 68820 16 17 1740
2143 72540 74700 11 4 2160
2144 74820 76080 4 3 1260
2145 76200 77700 3 10 1500
2146 77820 80460 10 12 2640
2147 31140 33780 12 10 2640
2148 33900 35400 10 3 1500
2149 35520 36780 3 4 1260
2150 36900 38700 4 15 1800
2151 38820 40380 15 7 1560
2152 41880 43440 7 15 1560
2153 43560 45360 15 4 1800
2154 45480 46740 4 3 1260
2155 46860 48360 3 10 1500
2156 48480 51120 10 12 2640
2157 51240 52020 12 16 780
2158 52680 54240 7 15 1560
2159 54360 56160 15 4 1800
2160 56280 57540 4 3 1260
2161 57660 59160 3 10 1500
2162 59280 61920 10 12 2640
2163 62040 62820 12 16 780
2164 63480 65040 7 15 1560
2165 65160 66960 15 4 1800
2166 67080 68340 4 3 1260
2167 68460 69960 3 10 1500
2168 70080 72720 10 12 2640
2169 72840 73620 12 16 780
2170 74280 75840 7 15 1560
2171 75960 77760 15 4 1800
2172 77880 79140 4 3 1260
2173 79260 80760 3 10 1500
2174 30360 33060 2 1 2700
2175 33240 33900 1 6 660
2176 34140 36120 6 0 1980
2177 36360 37800 0 14 1440
2178 38400 39840 14 0 1440
2179 39960 41820 0 6 1860
2180 41940 42600 6 1 660
2181 42840 45540 1 2 2700
2182 49200 50640 14 0 1440
2183 50760 52620 0 6 1860
2184 52740 53400 6 1 660
2185 53640 56340 1 2 2700
2186 60000 61440 14 0 1440
2187 61560 63420 0 6 1860
2188 63540 64200 6 1 660
2189 64440 67140 1 2 2700
2190 70800 72240 14 0 1440
2191 72360 74220 0 6 1860
2192 74340 75000 6 1 660
2193 75240 77940 1 2 2700
2194 30420 32580 13 8 2160
2195 32700 36540 8 5 3840
2196 36660 39420 5 10 2760
2197 43080 45840 10 5 2760
2198 46080 49920 5 8 3840
2199 50040 52200 8 13 2160
2200 53880 56640 10 5 2760
2201 56880 60720 5 8 3840
2202 60840 63000 8 13 2160
2203 64680 67440 10 5 2760
2204 67680 71520 5 8 3840
2205 71640 73800 8 13 2160
2206 75480 78240 10 5 2760
2207 30660 32100 0 14 1440
2208 32220 34800 14 10 2580
2209 34920 37560 10 12 2640
2210 39360 42000 12 10 2640
2211 42120 44700 10 14 2580
2212 44820 46260 14 0 1440
2213 50160 52800 12 10 2640
2214 52920 55500 10 14 2580
2215 55620 57060 14 0 1440
2216 60960 63600 12 10 2640
2217 63720 66300 10 14 2580
2218 66420 67860 14 0 1440
2219 71760 74400 12 10 2640
2220 74520 77100 10 14 2580
2221 77220 78660 14 0 1440
2222 30960 32580 0 15 1620
2223 32700 34260 15 7 1560
2224 35760 37320 7 15 1560
2225 37440 39060 15 0 1620
2226 31080 32640 7 15 1560
2227 32760 34560 15 4 1800
2228 34680 35940 4 3 1260
2229 36060 37560 3 10 1500
2230 37680 40320 10 12 2640
2231 40440 41220 12 16 780
2232 42840 43620 16 12 780
2233 43740 46380 12 10 2640
2234 46500 48000 10 3 1500
2235 48120 49380 3 4 1260
2236 49500 51300 4 15 1800
2237 51420 52980 15 7 1560
2238 53640 54420 16 12 780
2239 54540 57180 12 10 2640
2240 57300 58800 10 3 1500
2241 58920 60180 3 4 1260
2242 60300 62100 4 15 1800
2243 62220 63780 15 7 1560
2244 64440 65220 16 12 780
2245 65340 67980 12 10 2640
2246 68100 69600 10 3 1500
2247 69720 70980 3 4 1260
2248 71100 72900 4 15 1800
2249 73020 74580 15 7 1560
2250 75240 76020 16 12 780
2251 76140 78780 12 10 2640
2252 78900 80400 10 3 1500
2253 80520 81780 3 4 1260
2254 32040 32820 16 12 780
2255 32940 35580 12 10 2640
2256 35700 37200 10 3 1500
2257 37320 38580 3 4 1260
2258 38700 40500 4 15 1800
2259 40620 42180 15 7 1560
2260 43680 45240 7 15 1560
2261 45360 47160 15 4 1800
2262 47280 48540 4 3 1260
2263 48660 50160 3 10 1500
2264 50280 52920 10 12 2640
2265 53040 53820 12 16 780
2266 54480 56040 7 15 1560
2267 56160 57960 15 4 1800
2268 58080 59340 4 3 1260
2269 59460 60960 3 10 1500
2270 61080 63720 10 12 2640
2271 63840 64620 12 16 780
2272 65280 66840 7 15 1560
2273 66960 68760 15 4 1800
2274 68880 70140 4 3 1260
2275 70260 71760 3 10 1500
2276 71880 74520 10 12 2640
2277 74640 75420 12 16 780
2278 76080 77640 7 15 1560
2279 77760 79560 15 4 1800
2280 79680 80940 4 3 1260
2281 81060 82560 3 10 1500
2282 32280 35040 10 5 2760
2283 35280 39120 5 8 3840
2284 39240 41400 8 13 2160
2285 44820 46980 13 8 2160
2286 47100 50940 8 5 3840
2287 51060 53820 5 10 2760
2288 55620 57780 13 8 2160
2289 57900 61740 8 5 3840
2290 61860 64620 5 10 2760
2291 66420 68580 13 8 2160
2292 68700 72540 8 5 3840
2293 72660 75420 5 10 2760
2294 77220 79380 13 8 2160
2295 32700 33360 9 8 660
2296 33480 37320 8 5 3840
2297 37440 40200 5 10 2760
2298 42900 45660 10 5 2760
2299 45780 49620 5 8 3840
2300 49740 50400 8 9 660
2301 32760 34620 0 6 1860
2302 34740 36240 6 9 1500
2303 39180 40680 9 6 1500
2304 40800 42660 6 0 1860
2305 32820 34980 11 4 2160
2306 35100 36900 4 15 1800
2307 37020 38580 15 7 1560
2308 38700 41220 7 2 2520
2309 42540 45060 2 7 2520
2310 45180 46740 7 15 1560
2311 46860 48660 15 4 1800
2312 48780 50940 4 11 2160
2313 32880 34440 7 15 1560
2314 34560 36360 15 4 1800
2315 36480 37740 4 3 1260
2316 37860 39360 3 10 1500
2317 39480 42120 10 12 2640
2318 42240 43020 12 16 780
2319 44640 45420 16 12 780
2320 45540 48180 12 10 2640
2321 48300 49800 10 3 1500
2322 49920 51180 3 4 1260
2323 51300 53100 4 15 1800
2324 53220 54780 15 7 1560
2325 32940 35100 11 4 2160
2326 35220 36480 4 3 1260
2327 36600 38100 3 10 1500
2328 38220 40860 10 12 2640
2329 40980 41760 12 16 780
2330 41880 43620 16 17 1740
2331 44580 46320 17 16 1740
2332 46440 47220 16 12 780
2333 47340 49980 12 10 2640
2334 50100 51600 10 3 1500
2335 51720 52980 3 4 1260
2336 53100 55260 4 11 2160
2337 58980 60720 17 16 1740
2338 60840 61620 16 12 780
2339 61740 64380 12 10 2640
2340 64500 66000 10 3 1500
2341 66120 67380 3 4 1260
2342 67500 69660 4 11 2160
2343 73380 75120 17 16 1740
2344 75240 76020 16 12 780
2345 76140 78780 12 10 2640
2346 78900 80400 10 3 1500
2347 80520 81780 3 4 1260
2348 33480 37320 8 5 3840
2349 37440 40200 5 10 2760
2350 40320 42960 10 12 2640
2351 43080 43860 12 16 780
2352 48000 48780 16 12 780
2353 48900 51540 12 10 2640
2354 51660 54420 10 5 2760
2355 54540 58380 5 8 3840
2356 62400 63180 16 12 780
2357 63300 65940 12 10 2640
2358 66060 68820 10 5 2760
2359 68940 72780 5 8 3840
2360 76800 77580 16 12 780
2361 77700 80340 12 10 2640
2362 33600 34380 16 12 780
2363 34500 37140 12 10 2640
2364 37260 40020 10 5 2760
2365 40140 43980 5 8 3840
2366 47880 51720 8 5 3840
2367 51840 54600 5 10 2760
2368 54720 57360 10 12 2640
2369 57480 58260 12 16 780
2370 62280 66120 8 5 3840
2371 66240 69000 5 10 2760
2372 69120 71760 10 12 2640
2373 71880 72660 12 16 780
2374 76680 80520 8 5 3840
2375 80640 83400 5 10 2760
2376 34020 36180 13 8 2160
2377 36300 40140 8 5 3840
2378 40260 43020 5 10 2760
2379 46680 49440 10 5 2760
2380 49680 53520 5 8 3840
2381 53640 55800 8 13 2160
2382 34560 37260 0 4 2700
2383 37380 39540 4 11 2160
2384 41280 43440 11 4 2160
2385 43560 46260 4 0 2700
2386 36360 37980 0 15 1620
2387 38100 39660 15 7 1560
2388 41160 42720 7 15 1560
2389 42840 44460 15 0 1620
2390 36360 38340 0 1 1980
2391 38460 41160 1 2 2700
2392 41940 44640 2 1 2700
2393 44760 46740 1 0 1980
2394 39960 41820 0 6 1860
2395 41940 43440 6 9 1500
2396 46380 47880 9 6 1500
2397 48000 49860 6 0 1860
2398 40260 42780 2 7 2520
2399 42900 45120 7 1 2220
2400 45240 45900 1 6 660
2401 46020 47520 6 9 1500
2402 49860 51360 9 6 1500
2403 51480 52140 6 1 660
2404 52260 54480 1 7 2220
2405 54600 57120 7 2 2520
2406 41160 43860 2 1 2700
2407 44040 44700 1 6 660
2408 44940 46920 6 0 1980
2409 47160 48600 0 14 1440
2410 49200 50640 14 0 1440
2411 50760 52620 0 6 1860
2412 52740 53400 6 1 660
2413 53640 56340 1 2 2700
2414 41460 42900 0 14 1440
2415 43020 45600 14 10 2580
2416 45720 48360 10 12 2640
2417 50160 52800 12 10 2640
2418 52920 55500 10 14 2580
2419 55620 57060 14 0 1440
2420 41760 43380 0 15 1620
2421 43500 45060 15 7 1560
2422 46560 48120 7 15 1560
2423 48240 49860 15 0 1620
2424 41760 44460 0 4 2700
2425 44580 46740 4 11 2160
2426 48480 50640 11 4 2160
2427 50760 53460 4 0 2700
2428 43500 44160 9 8 660
2429 44280 48120 8 5 3840
2430 48240 51000 5 10 2760
2431 53700 56460 10 5 2760
2432 56580 60420 5 8 3840
2433 60540 61200 8 9 660
2434 43560 45540 0 1 1980
2435 45660 48360 1 2 2700
2436 49140 51840 2 1 2700
2437 51960 53940 1 0 1980
2438 43620 45780 11 4 2160
2439 45900 47700 4 15 1800
2440 47820 49380 15 7 1560
2441 49500 52020 7 2 2520
2442 53340 55860 2 7 2520
2443 55980 57540 7 15 1560
2444 57660 59460 15 4 1800
2445 59580 61740 4 11 2160
2446 47160 49020 0 6 1860
2447 49140 50640 6 9 1500
2448 53580 55080 9 6 1500
2449 55200 57060 6 0 1860
2450 47160 48780 0 15 1620
2451 48900 50460 15 7 1560
2452 51960 53520 7 15 1560
2453 53640 55260 15 0 1620
2454 47340 49500 11 4 2160
2455 49620 50880 4 3 1260
2456 51000 52500 3 10 1500
2457 52620 55260 10 12 2640
2458 55380 56160 12 16 780
2459 56280 58020 16 17 1740
2460 58980 60720 17 16 1740
2461 60840 61620 16 12 780
2462 61740 64380 12 10 2640
2463 64500 66000 10 3 1500
2464 66120 67380 3 4 1260
2465 67500 69660 4 11 2160
2466 48960 51660 0 4 2700
2467 51780 53940 4 11 2160
2468 55680 57840 11 4 2160
2469 57960 60660 4 0 2700
2470 50760 52740 0 1 1980
2471 52860 55560 1 2 2700
2472 56340 59040 2 1 2700
2473 59160 61140 1 0 1980
2474 51060 53580 2 7 2520
2475 53700 55920 7 1 2220
2476 56040 56700 1 6 660
2477 56820 58320 6 9 1500
2478 60660 62160 9 6 1500
2479 62280 62940 6 1 660
2480 63060 65280 1 7 2220
2481 65400 67920 7 2 2520
2482 51960 54660 2 1 2700
2483 54840 55500 1 6 660
2484 55740 57720 6 0 1980
2485 57960 59400 0 14 1440
2486 60000 61440 14 0 1440
2487 61560 63420 0 6 1860
2488 63540 64200 6 1 660
2489 64440 67140 1 2 2700
2490 52260 53700 0 14 1440
2491 53820 56400 14 10 2580
2492 56520 59160 10 12 2640
2493 60960 63600 12 10 2640
2494 63720 66300 10 14 2580
2495 66420 67860 14 0 1440
2496 52560 54180 0 15 1620
2497 54300 55860 15 7 1560
2498 57360 58920 7 15 1560
2499 59040 60660 15 0 1620
2500 54300 54960 9 8 660
2501 55080 58920 8 5 3840
2502 59040 61800 5 10 2760
2503 64500 67260 10 5 2760
2504 67380 71220 5 8 3840
2505 71340 72000 8 9 660
2506 54360 56220 0 6 1860
2507 56340 57840 6 9 1500
2508 60780 62280 9 6 1500
2509 62400 64260 6 0 1860
2510 54420 56580 11 4 2160
2511 56700 58500 4 15 1800
2512 58620 60180 15 7 1560
2513 60300 62820 7 2 2520
2514 64140 66660 2 7 2520
2515 66780 68340 7 15 1560
2516 68460 70260 15 4 1800
2517 70380 72540 4 11 2160
2518 56160 58860 0 4 2700
2519 58980 61140 4 11 2160
2520 62880 65040 11 4 2160
2521 65160 67860 4 0 2700
2522 57960 59580 0 15 1620
2523 59700 61260 15 7 1560
2524 62760 64320 7 15 1560
2525 64440 66060 15 0 1620
2526 57960 59940 0 1 1980
2527 60060 62760 1 2 2700
2528 63540 66240 2 1 2700
2529 66360 68340 1 0 1980
2530 61560 63420 0 6 1860
2531 63540 65040 6 9 1500
2532 67980 69480 9 6 1500
2533 69600 71460 6 0 1860
2534 61740 63900 11 4 2160
2535 64020 65280 4 3 1260
2536 65400 66900 3 10 1500
2537 67020 69660 10 12 2640
2538 69780 70560 12 16 780
2539 70680 72420 16 17 1740
2540 73380 75120 17 16 1740
2541 75240 76020 16 12 780
2542 76140 78780 12 10 2640
2543 78900 80400 10 3 1500
2544 80520 81780 3 4 1260
2545 61860 64380 2 7 2520
2546 64500 66720 7 1 2220
2547 66840 67500 1 6 660
2548 67620 69120 6 9 1500
2549 71460 72960 9 6 1500
2550 73080 73740 6 1 660
2551 73860 76080 1 7 2220
2552 62760 65460 2 1 2700
2553 65640 66300 1 6 660
2554 66540 68520 6 0 1980
2555 68760 70200 0 14 1440
2556 70800 72240 14 0 1440
2557 72360 74220 0 6 1860
2558 74340 75000 6 1 660
2559 75240 77940 1 2 2700
2560 63060 64500 0 14 1440
2561 64620 67200 14 10 2580
2562 67320 69960 10 12 2640
2563 71760 74400 12 10 2640
2564 74520 77100 10 14 2580
2565 77220 78660 14 0 1440
2566 63360 64980 0 15 1620
2567 65100 66660 15 7 1560
2568 68160 69720 7 15 1560
2569 69840 71460 15 0 1620
2570 63360 66060 0 4 2700
2571 66180 68340 4 11 2160
2572 70080 72240 11 4 2160
2573 72360 75060 4 0 2700
2574 65100 65760 9 8 660
2575 65880 69720 8 5 3840
2576 69840 72600 5 10 2760
2577 75300 78060 10 5 2760
2578 65160 67140 0 1 1980
2579 67260 69960 1 2 2700
2580 70740 73440 2 1 2700
2581 73560 75540 1 0 1980
2582 65220 67380 11 4 2160
2583 67500 69300 4 15 1800
2584 69420 70980 15 7 1560
2585 71100 73620 7 2 2520
2586 74940 77460 2 7 2520
2587 77580 79140 7 15 1560
2588 79260 81060 15 4 1800
2589 81180 83340 4 11 2160
2590 68760 70620 0 6 1860
2591 70740 72240 6 9 1500
2592 75180 76680 9 6 1500
2593 76800 78660 6 0 1860
2594 68760 70380 0 15 1620
2595 70500 72060 15 7 1560
2596 73560 75120 7 15 1560
2597 75240 76860 15 0 1620
2598 70560 73260 0 4 2700
2599 73380 75540 4 11 2160
2600 77280 79440 11 4 2160
2601 79560 82260 4 0 2700
2602 72360 74340 0 1 1980
2603 74460 77160 1 2 2700
2604 77940 80640 2 1 2700
2605 80760 82740 1 0 1980
2606 72660 75180 2 7 2520
2607 75300 77520 7 1 2220
2608 77640 78300 1 6 660
2609 78420 79920 6 9 1500
2610 73560 76260 2 1 2700
2611 76440 77100 1 6 660
2612 77340 79320 6 0 1980
2613 79560 81000 0 14 1440
2614 81600 83040 14 0 1440
2615 73860 75300 0 14 1440
2616 75420 78000 14 10 2580
2617 78120 80760 10 12 2640
2618 82560 85200 12 10 2640
2619 85320 87900 10 14 2580
2620 88020 89460 14 0 1440
2621 74160 75780 0 15 1620
2622 75900 77460 15 7 1560
2623 78960 80520 7 15 1560
2624 80640 82260 15 0 1620
2625 75900 76560 9 8 660
2626 76680 80520 8 5 3840
2627 80640 83400 5 10 2760
2628 75960 77820 0 6 1860
2629 77940 79440 6 9 1500
2630 82380 83880 9 6 1500
2631 84000 85860 6 0 1860
2632 76020 78180 11 4 2160
2633 78300 80100 4 15 1800
2634 76140 78300 11 4 2160
2635 78420 79680 4 3 1260
2636 79800 81300 3 10 1500
2637 77760 80460 0 4 2700
2638 80580 82740 4 11 2160
2639 84480 86640 11 4 2160
2640 86760 89460 4 0 2700
