5 14 14
3 4 21
3 10 25
1 6 11
6 9 25
8 9 11
0 15 27
8 13 36
10 12 44
12 16 13
14 5 14
4 3 21
10 3 25
6 1 11
9 6 25
9 8 11
15 0 27
13 8 36
12 10 44
16 12 13
4 15 30
15 4 30
10 16 50
16 10 50
5 10 46
10 5 46
14 18 25
18 14 25
10 18 16
18 10 16
7 19 7
19 7 7
15 19 17
19 15 17
16 20 20
20 16 20
17 20 7
20 17 7
2 21 8
21 2 8
7 21 32
21 7 32
0 22 20
22 0 20
6 22 9
22 6 9
8 23 13
23 8 13
2 24 11
24 2 11
1 25 9
25 1 9
7 25 26
25 7 26
0 26 7
26 0 7
14 26 15
26 14 15
4 27 25
27 4 25
11 27 9
27 11 9
23 28 12
28 23 12
3 29 12
29 3 12
14 30 10
30 14 10
29 30 9
30 29 9
0 31 10
31 0 10
0 32 25
32 0 25
4 32 18
32 4 18
5 33 9
33 5 9
28 33 24
33 28 24
1 34 21
34 1 21
24 34 9
34 24 9
1 35 14
35 1 14
31 35 5
35 31 5
