0 22680 24240 0 7 1560
1 24360 26880 7 5 2520
2 27660 30180 5 7 2520
3 30420 31980 7 0 1560
4 32100 33060 0 3 960
5 34860 37380 5 7 2520
6 37620 39180 7 0 1560
7 39300 40260 0 3 960
8 42060 44580 5 7 2520
9 44820 46380 7 0 1560
10 46500 47460 0 3 960
11 49260 51780 5 7 2520
12 52020 53580 7 0 1560
13 53700 54660 0 3 960
14 56460 58980 5 7 2520
15 59220 60780 7 0 1560
16 60900 61860 0 3 960
17 63660 66180 5 7 2520
18 66420 67980 7 0 1560
19 68100 69060 0 3 960
20 70860 73380 5 7 2520
21 73620 75180 7 0 1560
22 75300 76260 0 3 960
23 78060 80580 5 7 2520
24 80820 82380 7 0 1560
25 82500 83460 0 3 960
26 24000 24960 0 3 960
27 25080 26700 3 4 1620
28 27360 28980 4 3 1620
29 29100 30060 3 0 960
30 30180 32460 0 5 2280
31 34560 36180 4 3 1620
32 36300 37260 3 0 960
33 37380 39660 0 5 2280
34 41760 43380 4 3 1620
35 43500 44460 3 0 960
36 44580 46860 0 5 2280
37 48960 50580 4 3 1620
38 50700 51660 3 0 960
39 51780 54060 0 5 2280
40 56160 57780 4 3 1620
41 57900 58860 3 0 960
42 58980 61260 0 5 2280
43 63360 64980 4 3 1620
44 65100 66060 3 0 960
45 66180 68460 0 5 2280
46 70560 72180 4 3 1620
47 72300 73260 3 0 960
48 73380 75660 0 5 2280
49 77760 79380 4 3 1620
50 79500 80460 3 0 960
51 80580 82860 0 5 2280
52 24780 27060 0 5 2280
53 28800 31080 5 0 2280
54 31200 32160 0 3 960
55 32280 33900 3 4 1620
56 36000 38280 5 0 2280
57 38400 39360 0 3 960
58 39480 41100 3 4 1620
59 43200 45480 5 0 2280
60 45600 46560 0 3 960
61 46680 48300 3 4 1620
62 50400 52680 5 0 2280
63 52800 53760 0 3 960
64 53880 55500 3 4 1620
65 57600 59880 5 0 2280
66 60000 60960 0 3 960
67 61080 62700 3 4 1620
68 64800 67080 5 0 2280
69 67200 68160 0 3 960
70 68280 69900 3 4 1620
71 72000 74280 5 0 2280
72 74400 75360 0 3 960
73 75480 77100 3 4 1620
74 79200 81480 5 0 2280
75 81600 82560 0 3 960
76 31860 33180 4 6 1320
77 33300 34920 6 1 1620
78 35040 36060 1 7 1020
79 36840 38940 8 4 2100
80 39060 40380 4 6 1320
81 40500 42120 6 1 1620
82 42240 43260 1 7 1020
83 44040 46140 8 4 2100
84 46260 47580 4 6 1320
85 47700 49320 6 1 1620
86 49440 50460 1 7 1020
87 51240 53340 8 4 2100
88 53460 54780 4 6 1320
89 54900 56520 6 1 1620
90 56640 57660 1 7 1020
91 58440 60540 8 4 2100
92 60660 61980 4 6 1320
93 62100 63720 6 1 1620
94 63840 64860 1 7 1020
95 65640 67740 8 4 2100
96 67860 69180 4 6 1320
97 69300 70920 6 1 1620
98 71040 72060 1 7 1020
99 72840 74940 8 4 2100
100 75060 76380 4 6 1320
101 76500 78120 6 1 1620
102 78240 79260 1 7 1020
103 26100 27720 6 1 1620
104 27840 28860 1 7 1020
105 31080 32100 7 1 1020
106 32220 33840 1 6 1620
107 33960 35280 6 4 1320
108 35400 37500 4 8 2100
109 38280 39300 7 1 1020
110 39420 41040 1 6 1620
111 41160 42480 6 4 1320
112 42600 44700 4 8 2100
113 45480 46500 7 1 1020
114 46620 48240 1 6 1620
115 48360 49680 6 4 1320
116 49800 51900 4 8 2100
117 52680 53700 7 1 1020
118 53820 55440 1 6 1620
119 55560 56880 6 4 1320
120 57000 59100 4 8 2100
121 59880 60900 7 1 1020
122 61020 62640 1 6 1620
123 62760 64080 6 4 1320
124 64200 66300 4 8 2100
125 67080 68100 7 1 1020
126 68220 69840 1 6 1620
127 69960 71280 6 4 1320
128 71400 73500 4 8 2100
129 74280 75300 7 1 1020
130 75420 77040 1 6 1620
131 77160 78480 6 4 1320
132 22980 23940 0 3 960
133 24060 25080 3 6 1020
134 25200 26820 6 1 1620
135 28740 30360 1 6 1620
136 30480 31500 6 3 1020
137 31620 32580 3 0 960
138 34140 35760 1 6 1620
139 35880 36900 6 3 1020
140 37020 37980 3 0 960
141 39540 41160 1 6 1620
142 41280 42300 6 3 1020
143 42420 43380 3 0 960
144 44940 46560 1 6 1620
145 46680 47700 6 3 1020
146 47820 48780 3 0 960
147 50340 51960 1 6 1620
148 52080 53100 6 3 1020
149 53220 54180 3 0 960
150 55740 57360 1 6 1620
151 57480 58500 6 3 1020
152 58620 59580 3 0 960
153 61140 62760 1 6 1620
154 62880 63900 6 3 1020
155 64020 64980 3 0 960
156 66540 68160 1 6 1620
157 68280 69300 6 3 1020
158 69420 70380 3 0 960
159 71940 73560 1 6 1620
160 73680 74700 6 3 1020
161 74820 75780 3 0 960
162 77340 78960 1 6 1620
163 79080 80100 6 3 1020
164 80220 81180 3 0 960
165 25800 27360 0 7 1560
166 27480 28500 7 1 1020
167 28620 31440 1 2 2820
168 32100 34920 2 1 2820
169 35040 36060 1 7 1020
170 36180 37740 7 0 1560
171 37860 40440 0 8 2580
172 41100 43920 2 1 2820
173 44040 45060 1 7 1020
174 45180 46740 7 0 1560
175 46860 49440 0 8 2580
176 50100 52920 2 1 2820
177 53040 54060 1 7 1020
178 54180 55740 7 0 1560
179 55860 58440 0 8 2580
180 59100 61920 2 1 2820
181 62040 63060 1 7 1020
182 63180 64740 7 0 1560
183 64860 67440 0 8 2580
184 68100 70920 2 1 2820
185 71040 72060 1 7 1020
186 72180 73740 7 0 1560
187 73860 76440 0 8 2580
188 77100 79920 2 1 2820
189 80040 81060 1 7 1020
190 81180 82740 7 0 1560
191 27180 28740 7 0 1560
192 28860 31440 0 8 2580
193 32100 34680 8 0 2580
194 34800 36360 0 7 1560
195 36480 37500 7 1 1020
196 37620 40440 1 2 2820
197 41100 43680 8 0 2580
198 43800 45360 0 7 1560
199 45480 46500 7 1 1020
200 46620 49440 1 2 2820
201 50100 52680 8 0 2580
202 52800 54360 0 7 1560
203 54480 55500 7 1 1020
204 55620 58440 1 2 2820
205 59100 61680 8 0 2580
206 61800 63360 0 7 1560
207 63480 64500 7 1 1020
208 64620 67440 1 2 2820
209 68100 70680 8 0 2580
210 70800 72360 0 7 1560
211 72480 73500 7 1 1020
212 73620 76440 1 2 2820
213 77100 79680 8 0 2580
214 79800 81360 0 7 1560
215 81480 82500 7 1 1020
216 26220 27180 3 0 960
217 28380 29340 0 3 960
218 29460 30480 3 6 1020
219 30600 32220 6 1 1620
220 33780 34740 0 3 960
221 34860 35880 3 6 1020
222 36000 37620 6 1 1620
223 39180 40140 0 3 960
224 40260 41280 3 6 1020
225 41400 43020 6 1 1620
226 44580 45540 0 3 960
227 45660 46680 3 6 1020
228 46800 48420 6 1 1620
229 49980 50940 0 3 960
230 51060 52080 3 6 1020
231 52200 53820 6 1 1620
232 55380 56340 0 3 960
233 56460 57480 3 6 1020
234 57600 59220 6 1 1620
235 60780 61740 0 3 960
236 61860 62880 3 6 1020
237 63000 64620 6 1 1620
238 66180 67140 0 3 960
239 67260 68280 3 6 1020
240 68400 70020 6 1 1620
241 71580 72540 0 3 960
242 72660 73680 3 6 1020
243 73800 75420 6 1 1620
244 76980 77940 0 3 960
245 78060 79080 3 6 1020
246 79200 80820 6 1 1620
247 25800 26760 0 3 960
248 26880 28500 3 4 1620
249 29160 30780 4 3 1620
250 30900 31860 3 0 960
251 31980 34260 0 5 2280
252 36360 37980 4 3 1620
253 38100 39060 3 0 960
254 39180 41460 0 5 2280
255 43560 45180 4 3 1620
256 45300 46260 3 0 960
257 46380 48660 0 5 2280
258 50760 52380 4 3 1620
259 52500 53460 3 0 960
260 53580 55860 0 5 2280
261 57960 59580 4 3 1620
262 59700 60660 3 0 960
263 60780 63060 0 5 2280
264 65160 66780 4 3 1620
265 66900 67860 3 0 960
266 67980 70260 0 5 2280
267 72360 73980 4 3 1620
268 74100 75060 3 0 960
269 75180 77460 0 5 2280
270 25500 26460 3 0 960
271 26580 28860 0 5 2280
272 30600 32880 5 0 2280
273 33000 33960 0 3 960
274 34080 35700 3 4 1620
275 37800 40080 5 0 2280
276 40200 41160 0 3 960
277 41280 42900 3 4 1620
278 45000 47280 5 0 2280
279 47400 48360 0 3 960
280 48480 50100 3 4 1620
281 52200 54480 5 0 2280
282 54600 55560 0 3 960
283 55680 57300 3 4 1620
284 59400 61680 5 0 2280
285 61800 62760 0 3 960
286 62880 64500 3 4 1620
287 66600 68880 5 0 2280
288 69000 69960 0 3 960
289 70080 71700 3 4 1620
290 73800 76080 5 0 2280
291 76200 77160 0 3 960
292 77280 78900 3 4 1620
293 26760 28080 6 4 1320
294 28200 30300 4 8 2100
295 31440 33540 8 4 2100
296 33660 34980 4 6 1320
297 35100 36720 6 1 1620
298 36840 37860 1 7 1020
299 38640 40740 8 4 2100
300 40860 42180 4 6 1320
301 42300 43920 6 1 1620
302 44040 45060 1 7 1020
303 45840 47940 8 4 2100
304 48060 49380 4 6 1320
305 49500 51120 6 1 1620
306 51240 52260 1 7 1020
307 53040 55140 8 4 2100
308 55260 56580 4 6 1320
309 56700 58320 6 1 1620
310 58440 59460 1 7 1020
311 60240 62340 8 4 2100
312 62460 63780 4 6 1320
313 63900 65520 6 1 1620
314 65640 66660 1 7 1020
315 67440 69540 8 4 2100
316 69660 70980 4 6 1320
317 71100 72720 6 1 1620
318 72840 73860 1 7 1020
319 74640 76740 8 4 2100
320 76860 78180 4 6 1320
321 78300 79920 6 1 1620
322 80040 81060 1 7 1020
323 26820 28380 7 0 1560
324 28500 29460 0 3 960
325 32400 33360 3 0 960
326 33480 35040 0 7 1560
327 35160 37680 7 5 2520
328 39600 40560 3 0 960
329 40680 42240 0 7 1560
330 42360 44880 7 5 2520
331 46800 47760 3 0 960
332 47880 49440 0 7 1560
333 49560 52080 7 5 2520
334 54000 54960 3 0 960
335 55080 56640 0 7 1560
336 56760 59280 7 5 2520
337 61200 62160 3 0 960
338 62280 63840 0 7 1560
339 63960 66480 7 5 2520
340 68400 69360 3 0 960
341 69480 71040 0 7 1560
342 71160 73680 7 5 2520
343 75600 76560 3 0 960
344 76680 78240 0 7 1560
345 78360 80880 7 5 2520
346 27900 29520 6 1 1620
347 29640 30660 1 7 1020
348 32880 33900 7 1 1020
349 34020 35640 1 6 1620
350 35760 37080 6 4 1320
351 37200 39300 4 8 2100
352 40080 41100 7 1 1020
353 41220 42840 1 6 1620
354 42960 44280 6 4 1320
355 44400 46500 4 8 2100
356 47280 48300 7 1 1020
357 48420 50040 1 6 1620
358 50160 51480 6 4 1320
359 51600 53700 4 8 2100
360 54480 55500 7 1 1020
361 55620 57240 1 6 1620
362 57360 58680 6 4 1320
363 58800 60900 4 8 2100
364 61680 62700 7 1 1020
365 62820 64440 1 6 1620
366 64560 65880 6 4 1320
367 66000 68100 4 8 2100
368 68880 69900 7 1 1020
369 70020 71640 1 6 1620
370 71760 73080 6 4 1320
371 73200 75300 4 8 2100
372 76080 77100 7 1 1020
373 77220 78840 1 6 1620
374 78960 80280 6 4 1320
375 24780 25740 0 3 960
376 25860 26880 3 6 1020
377 27000 28620 6 1 1620
378 30540 32160 1 6 1620
379 32280 33300 6 3 1020
380 33420 34380 3 0 960
381 35940 37560 1 6 1620
382 37680 38700 6 3 1020
383 38820 39780 3 0 960
384 41340 42960 1 6 1620
385 43080 44100 6 3 1020
386 44220 45180 3 0 960
387 46740 48360 1 6 1620
388 48480 49500 6 3 1020
389 49620 50580 3 0 960
390 52140 53760 1 6 1620
391 53880 54900 6 3 1020
392 55020 55980 3 0 960
393 57540 59160 1 6 1620
394 59280 60300 6 3 1020
395 60420 61380 3 0 960
396 62940 64560 1 6 1620
397 64680 65700 6 3 1020
398 65820 66780 3 0 960
399 68340 69960 1 6 1620
400 70080 71100 6 3 1020
401 71220 72180 3 0 960
402 73740 75360 1 6 1620
403 75480 76500 6 3 1020
404 76620 77580 3 0 960
405 79140 80760 1 6 1620
406 80880 81900 6 3 1020
407 82020 82980 3 0 960
408 27600 29160 0 7 1560
409 29280 30300 7 1 1020
410 30420 33240 1 2 2820
411 33900 36720 2 1 2820
412 36840 37860 1 7 1020
413 37980 39540 7 0 1560
414 39660 42240 0 8 2580
415 42900 45720 2 1 2820
416 45840 46860 1 7 1020
417 46980 48540 7 0 1560
418 48660 51240 0 8 2580
419 51900 54720 2 1 2820
420 54840 55860 1 7 1020
421 55980 57540 7 0 1560
422 57660 60240 0 8 2580
423 60900 63720 2 1 2820
424 63840 64860 1 7 1020
425 64980 66540 7 0 1560
426 66660 69240 0 8 2580
427 69900 72720 2 1 2820
428 72840 73860 1 7 1020
429 73980 75540 7 0 1560
430 75660 78240 0 8 2580
431 78900 81720 2 1 2820
432 81840 82860 1 7 1020
433 82980 84540 7 0 1560
434 27840 28860 1 7 1020
435 28980 30540 7 0 1560
436 30660 33240 0 8 2580
437 33900 36480 8 0 2580
438 36600 38160 0 7 1560
439 38280 39300 7 1 1020
440 39420 42240 1 2 2820
441 42900 45480 8 0 2580
442 45600 47160 0 7 1560
443 47280 48300 7 1 1020
444 48420 51240 1 2 2820
445 51900 54480 8 0 2580
446 54600 56160 0 7 1560
447 56280 57300 7 1 1020
448 57420 60240 1 2 2820
449 60900 63480 8 0 2580
450 63600 65160 0 7 1560
451 65280 66300 7 1 1020
452 66420 69240 1 2 2820
453 69900 72480 8 0 2580
454 72600 74160 0 7 1560
455 74280 75300 7 1 1020
456 75420 78240 1 2 2820
457 78900 81480 8 0 2580
458 81600 83160 0 7 1560
459 26880 27900 6 3 1020
460 28020 28980 3 0 960
461 30180 31140 0 3 960
462 31260 32280 3 6 1020
463 32400 34020 6 1 1620
464 35580 36540 0 3 960
465 36660 37680 3 6 1020
466 37800 39420 6 1 1620
467 40980 41940 0 3 960
468 42060 43080 3 6 1020
469 43200 44820 6 1 1620
470 46380 47340 0 3 960
471 47460 48480 3 6 1020
472 48600 50220 6 1 1620
473 51780 52740 0 3 960
474 52860 53880 3 6 1020
475 54000 55620 6 1 1620
476 57180 58140 0 3 960
477 58260 59280 3 6 1020
478 59400 61020 6 1 1620
479 62580 63540 0 3 960
480 63660 64680 3 6 1020
481 64800 66420 6 1 1620
482 67980 68940 0 3 960
483 69060 70080 3 6 1020
484 70200 71820 6 1 1620
485 73380 74340 0 3 960
486 74460 75480 3 6 1020
487 75600 77220 6 1 1620
488 78780 79740 0 3 960
489 79860 80880 3 6 1020
490 81000 82620 6 1 1620
491 25200 26160 3 0 960
492 26280 27840 0 7 1560
493 27960 30480 7 5 2520
494 31260 33780 5 7 2520
495 34020 35580 7 0 1560
496 35700 36660 0 3 960
497 38460 40980 5 7 2520
498 41220 42780 7 0 1560
499 42900 43860 0 3 960
500 45660 48180 5 7 2520
501 48420 49980 7 0 1560
502 50100 51060 0 3 960
503 52860 55380 5 7 2520
504 55620 57180 7 0 1560
505 57300 58260 0 3 960
506 60060 62580 5 7 2520
507 62820 64380 7 0 1560
508 64500 65460 0 3 960
509 67260 69780 5 7 2520
510 70020 71580 7 0 1560
511 71700 72660 0 3 960
512 74460 76980 5 7 2520
513 77220 78780 7 0 1560
514 78900 79860 0 3 960
515 27600 28560 0 3 960
516 28680 30300 3 4 1620
517 30960 32580 4 3 1620
518 32700 33660 3 0 960
519 33780 36060 0 5 2280
520 38160 39780 4 3 1620
521 39900 40860 3 0 960
522 40980 43260 0 5 2280
523 45360 46980 4 3 1620
524 47100 48060 3 0 960
525 48180 50460 0 5 2280
526 52560 54180 4 3 1620
527 54300 55260 3 0 960
528 55380 57660 0 5 2280
529 59760 61380 4 3 1620
530 61500 62460 3 0 960
531 62580 64860 0 5 2280
532 66960 68580 4 3 1620
533 68700 69660 3 0 960
534 69780 72060 0 5 2280
535 74160 75780 4 3 1620
536 75900 76860 3 0 960
537 76980 79260 0 5 2280
538 27300 28260 3 0 960
539 28380 30660 0 5 2280
540 32400 34680 5 0 2280
541 34800 35760 0 3 960
542 35880 37500 3 4 1620
543 39600 41880 5 0 2280
544 42000 42960 0 3 960
545 43080 44700 3 4 1620
546 46800 49080 5 0 2280
547 49200 50160 0 3 960
548 50280 51900 3 4 1620
549 54000 56280 5 0 2280
550 56400 57360 0 3 960
551 57480 59100 3 4 1620
552 61200 63480 5 0 2280
553 63600 64560 0 3 960
554 64680 66300 3 4 1620
555 68400 70680 5 0 2280
556 70800 71760 0 3 960
557 71880 73500 3 4 1620
558 75600 77880 5 0 2280
559 78000 78960 0 3 960
560 79080 80700 3 4 1620
561 25680 26700 7 1 1020
562 26820 28440 1 6 1620
563 28560 29880 6 4 1320
564 30000 32100 4 8 2100
565 33240 35340 8 4 2100
566 35460 36780 4 6 1320
567 36900 38520 6 1 1620
568 38640 39660 1 7 1020
569 40440 42540 8 4 2100
570 42660 43980 4 6 1320
571 44100 45720 6 1 1620
572 45840 46860 1 7 1020
573 47640 49740 8 4 2100
574 49860 51180 4 6 1320
575 51300 52920 6 1 1620
576 53040 54060 1 7 1020
577 54840 56940 8 4 2100
578 57060 58380 4 6 1320
579 58500 60120 6 1 1620
580 60240 61260 1 7 1020
581 62040 64140 8 4 2100
582 64260 65580 4 6 1320
583 65700 67320 6 1 1620
584 67440 68460 1 7 1020
585 69240 71340 8 4 2100
586 71460 72780 4 6 1320
587 72900 74520 6 1 1620
588 74640 75660 1 7 1020
589 76440 78540 8 4 2100
590 78660 79980 4 6 1320
591 80100 81720 6 1 1620
592 81840 82860 1 7 1020
593 28260 29580 4 6 1320
594 29700 31320 6 1 1620
595 31440 32460 1 7 1020
596 34680 35700 7 1 1020
597 35820 37440 1 6 1620
598 37560 38880 6 4 1320
599 39000 41100 4 8 2100
600 41880 42900 7 1 1020
601 43020 44640 1 6 1620
602 44760 46080 6 4 1320
603 46200 48300 4 8 2100
604 49080 50100 7 1 1020
605 50220 51840 1 6 1620
606 51960 53280 6 4 1320
607 53400 55500 4 8 2100
608 56280 57300 7 1 1020
609 57420 59040 1 6 1620
610 59160 60480 6 4 1320
611 60600 62700 4 8 2100
612 63480 64500 7 1 1020
613 64620 66240 1 6 1620
614 66360 67680 6 4 1320
615 67800 69900 4 8 2100
616 70680 71700 7 1 1020
617 71820 73440 1 6 1620
618 73560 74880 6 4 1320
619 75000 77100 4 8 2100
620 77880 78900 7 1 1020
621 79020 80640 1 6 1620
622 80760 82080 6 4 1320
623 26580 27540 0 3 960
624 27660 28680 3 6 1020
625 28800 30420 6 1 1620
626 32340 33960 1 6 1620
627 34080 35100 6 3 1020
628 35220 36180 3 0 960
629 37740 39360 1 6 1620
630 39480 40500 6 3 1020
631 40620 41580 3 0 960
632 43140 44760 1 6 1620
633 44880 45900 6 3 1020
634 46020 46980 3 0 960
635 48540 50160 1 6 1620
636 50280 51300 6 3 1020
637 51420 52380 3 0 960
638 53940 55560 1 6 1620
639 55680 56700 6 3 1020
640 56820 57780 3 0 960
641 59340 60960 1 6 1620
642 61080 62100 6 3 1020
643 62220 63180 3 0 960
644 64740 66360 1 6 1620
645 66480 67500 6 3 1020
646 67620 68580 3 0 960
647 70140 71760 1 6 1620
648 71880 72900 6 3 1020
649 73020 73980 3 0 960
650 75540 77160 1 6 1620
651 77280 78300 6 3 1020
652 78420 79380 3 0 960
653 29400 30960 0 7 1560
654 31080 32100 7 1 1020
655 32220 35040 1 2 2820
656 35700 38520 2 1 2820
657 38640 39660 1 7 1020
658 39780 41340 7 0 1560
659 41460 44040 0 8 2580
660 44700 47520 2 1 2820
661 47640 48660 1 7 1020
662 48780 50340 7 0 1560
663 50460 53040 0 8 2580
664 53700 56520 2 1 2820
665 56640 57660 1 7 1020
666 57780 59340 7 0 1560
667 59460 62040 0 8 2580
668 62700 65520 2 1 2820
669 65640 66660 1 7 1020
670 66780 68340 7 0 1560
671 68460 71040 0 8 2580
672 71700 74520 2 1 2820
673 74640 75660 1 7 1020
674 75780 77340 7 0 1560
675 29640 30660 1 7 1020
676 30780 32340 7 0 1560
677 32460 35040 0 8 2580
678 35700 38280 8 0 2580
679 38400 39960 0 7 1560
680 40080 41100 7 1 1020
681 41220 44040 1 2 2820
682 44700 47280 8 0 2580
683 47400 48960 0 7 1560
684 49080 50100 7 1 1020
685 50220 53040 1 2 2820
686 53700 56280 8 0 2580
687 56400 57960 0 7 1560
688 58080 59100 7 1 1020
689 59220 62040 1 2 2820
690 62700 65280 8 0 2580
691 65400 66960 0 7 1560
692 67080 68100 7 1 1020
693 68220 71040 1 2 2820
694 71700 74280 8 0 2580
695 74400 75960 0 7 1560
696 76080 77100 7 1 1020
697 28680 29700 6 3 1020
698 29820 30780 3 0 960
699 31980 32940 0 3 960
700 33060 34080 3 6 1020
701 34200 35820 6 1 1620
702 37380 38340 0 3 960
703 38460 39480 3 6 1020
704 39600 41220 6 1 1620
705 42780 43740 0 3 960
706 43860 44880 3 6 1020
707 45000 46620 6 1 1620
708 48180 49140 0 3 960
709 49260 50280 3 6 1020
710 50400 52020 6 1 1620
711 53580 54540 0 3 960
712 54660 55680 3 6 1020
713 55800 57420 6 1 1620
714 58980 59940 0 3 960
715 60060 61080 3 6 1020
716 61200 62820 6 1 1620
717 64380 65340 0 3 960
718 65460 66480 3 6 1020
719 66600 68220 6 1 1620
720 69780 70740 0 3 960
721 70860 71880 3 6 1020
722 72000 73620 6 1 1620
723 75180 76140 0 3 960
724 76260 77280 3 6 1020
725 77400 79020 6 1 1620
726 29400 30360 0 3 960
727 30480 32100 3 4 1620
728 32760 34380 4 3 1620
729 34500 35460 3 0 960
730 35580 37860 0 5 2280
731 39960 41580 4 3 1620
732 41700 42660 3 0 960
733 42780 45060 0 5 2280
734 47160 48780 4 3 1620
735 48900 49860 3 0 960
736 49980 52260 0 5 2280
737 54360 55980 4 3 1620
738 56100 57060 3 0 960
739 57180 59460 0 5 2280
740 61560 63180 4 3 1620
741 63300 64260 3 0 960
742 64380 66660 0 5 2280
743 68760 70380 4 3 1620
744 70500 71460 3 0 960
745 71580 73860 0 5 2280
746 75960 77580 4 3 1620
747 77700 78660 3 0 960
748 78780 81060 0 5 2280
749 27480 28500 7 1 1020
750 28620 30240 1 6 1620
751 30360 31680 6 4 1320
752 31800 33900 4 8 2100
753 35040 37140 8 4 2100
754 37260 38580 4 6 1320
755 38700 40320 6 1 1620
756 40440 41460 1 7 1020
757 42240 44340 8 4 2100
758 44460 45780 4 6 1320
759 45900 47520 6 1 1620
760 47640 48660 1 7 1020
761 49440 51540 8 4 2100
762 51660 52980 4 6 1320
763 53100 54720 6 1 1620
764 54840 55860 1 7 1020
765 56640 58740 8 4 2100
766 58860 60180 4 6 1320
767 60300 61920 6 1 1620
768 62040 63060 1 7 1020
769 63840 65940 8 4 2100
770 66060 67380 4 6 1320
771 67500 69120 6 1 1620
772 69240 70260 1 7 1020
773 71040 73140 8 4 2100
774 73260 74580 4 6 1320
775 74700 76320 6 1 1620
776 76440 77460 1 7 1020
777 78240 80340 8 4 2100
778 80460 81780 4 6 1320
779 81900 83520 6 1 1620
780 83640 84660 1 7 1020
781 30060 31380 4 6 1320
782 31500 33120 6 1 1620
783 33240 34260 1 7 1020
784 36480 37500 7 1 1020
785 37620 39240 1 6 1620
786 39360 40680 6 4 1320
787 40800 42900 4 8 2100
788 43680 44700 7 1 1020
789 44820 46440 1 6 1620
790 46560 47880 6 4 1320
791 48000 50100 4 8 2100
792 50880 51900 7 1 1020
793 52020 53640 1 6 1620
794 53760 55080 6 4 1320
795 55200 57300 4 8 2100
796 58080 59100 7 1 1020
797 59220 60840 1 6 1620
798 60960 62280 6 4 1320
799 62400 64500 4 8 2100
800 65280 66300 7 1 1020
801 66420 68040 1 6 1620
802 68160 69480 6 4 1320
803 69600 71700 4 8 2100
804 72480 73500 7 1 1020
805 73620 75240 1 6 1620
806 75360 76680 6 4 1320
807 31200 32760 0 7 1560
808 32880 33900 7 1 1020
809 34020 36840 1 2 2820
810 37500 40320 2 1 2820
811 40440 41460 1 7 1020
812 41580 43140 7 0 1560
813 43260 45840 0 8 2580
814 46500 49320 2 1 2820
815 49440 50460 1 7 1020
816 50580 52140 7 0 1560
817 52260 54840 0 8 2580
818 55500 58320 2 1 2820
819 58440 59460 1 7 1020
820 59580 61140 7 0 1560
821 61260 63840 0 8 2580
822 64500 67320 2 1 2820
823 67440 68460 1 7 1020
824 68580 70140 7 0 1560
825 70260 72840 0 8 2580
826 73500 76320 2 1 2820
827 76440 77460 1 7 1020
828 77580 79140 7 0 1560
829 31440 32460 1 7 1020
830 32580 34140 7 0 1560
831 34260 36840 0 8 2580
832 37500 40080 8 0 2580
833 40200 41760 0 7 1560
834 41880 42900 7 1 1020
835 43020 45840 1 2 2820
836 46500 49080 8 0 2580
837 49200 50760 0 7 1560
838 50880 51900 7 1 1020
839 52020 54840 1 2 2820
840 55500 58080 8 0 2580
841 58200 59760 0 7 1560
842 59880 60900 7 1 1020
843 61020 63840 1 2 2820
844 64500 67080 8 0 2580
845 67200 68760 0 7 1560
846 68880 69900 7 1 1020
847 70020 72840 1 2 2820
848 73500 76080 8 0 2580
849 76200 77760 0 7 1560
850 77880 78900 7 1 1020
851 28800 29760 3 0 960
852 29880 31440 0 7 1560
853 31560 34080 7 5 2520
854 34860 37380 5 7 2520
855 37620 39180 7 0 1560
856 39300 40260 0 3 960
857 29280 30300 7 1 1020
858 30420 32040 1 6 1620
859 32160 33480 6 4 1320
860 33600 35700 4 8 2100
861 36840 38940 8 4 2100
862 39060 40380 4 6 1320
863 40500 42120 6 1 1620
864 42240 43260 1 7 1020
865 33000 34560 0 7 1560
866 34680 35700 7 1 1020
867 35820 38640 1 2 2820
868 39300 42120 2 1 2820
869 42240 43260 1 7 1020
870 43380 44940 7 0 1560
871 45060 47640 0 8 2580
872 48300 51120 2 1 2820
873 51240 52260 1 7 1020
874 52380 53940 7 0 1560
875 54060 56640 0 8 2580
876 57300 60120 2 1 2820
877 60240 61260 1 7 1020
878 61380 62940 7 0 1560
879 63060 65640 0 8 2580
880 66300 69120 2 1 2820
881 69240 70260 1 7 1020
882 70380 71940 7 0 1560
883 72060 74640 0 8 2580
884 75300 78120 2 1 2820
885 78240 79260 1 7 1020
886 79380 80940 7 0 1560
887 33240 34260 1 7 1020
888 34380 35940 7 0 1560
889 36060 38640 0 8 2580
890 39300 41880 8 0 2580
891 42000 43560 0 7 1560
892 43680 44700 7 1 1020
893 44820 47640 1 2 2820
894 48300 50880 8 0 2580
895 51000 52560 0 7 1560
896 52680 53700 7 1 1020
897 53820 56640 1 2 2820
898 57300 59880 8 0 2580
899 60000 61560 0 7 1560
900 61680 62700 7 1 1020
901 62820 65640 1 2 2820
902 66300 68880 8 0 2580
903 69000 70560 0 7 1560
904 70680 71700 7 1 1020
905 71820 74640 1 2 2820
906 75300 77880 8 0 2580
907 78000 79560 0 7 1560
908 79680 80700 7 1 1020
909 34200 36480 5 0 2280
910 36600 37560 0 3 960
911 37680 39300 3 4 1620
912 39960 41580 4 3 1620
913 41700 42660 3 0 960
914 42780 45060 0 5 2280
915 36000 36960 3 0 960
916 37080 38640 0 7 1560
917 38760 41280 7 5 2520
918 42060 44580 5 7 2520
919 44820 46380 7 0 1560
920 46500 47460 0 3 960
921 41400 43680 5 0 2280
922 43800 44760 0 3 960
923 44880 46500 3 4 1620
924 47160 48780 4 3 1620
925 48900 49860 3 0 960
926 49980 52260 0 5 2280
927 43200 44160 3 0 960
928 44280 45840 0 7 1560
929 45960 48480 7 5 2520
930 49260 51780 5 7 2520
931 52020 53580 7 0 1560
932 53700 54660 0 3 960
933 48600 50880 5 0 2280
934 51000 51960 0 3 960
935 52080 53700 3 4 1620
936 54360 55980 4 3 1620
937 56100 57060 3 0 960
938 57180 59460 0 5 2280
939 50400 51360 3 0 960
940 51480 53040 0 7 1560
941 53160 55680 7 5 2520
942 56460 58980 5 7 2520
943 59220 60780 7 0 1560
944 60900 61860 0 3 960
945 55800 58080 5 0 2280
946 58200 59160 0 3 960
947 59280 60900 3 4 1620
948 61560 63180 4 3 1620
949 63300 64260 3 0 960
950 64380 66660 0 5 2280
951 57600 58560 3 0 960
952 58680 60240 0 7 1560
953 60360 62880 7 5 2520
954 63660 66180 5 7 2520
955 66420 67980 7 0 1560
956 68100 69060 0 3 960
957 63000 65280 5 0 2280
958 65400 66360 0 3 960
959 66480 68100 3 4 1620
960 68760 70380 4 3 1620
961 70500 71460 3 0 960
962 71580 73860 0 5 2280
963 64800 65760 3 0 960
964 65880 67440 0 7 1560
965 67560 70080 7 5 2520
966 70860 73380 5 7 2520
967 73620 75180 7 0 1560
968 75300 76260 0 3 960
969 70200 72480 5 0 2280
970 72600 73560 0 3 960
971 73680 75300 3 4 1620
972 75960 77580 4 3 1620
973 77700 78660 3 0 960
974 78780 81060 0 5 2280
975 72000 72960 3 0 960
976 73080 74640 0 7 1560
977 74760 77280 7 5 2520
978 78060 80580 5 7 2520
979 80820 82380 7 0 1560
980 82500 83460 0 3 960
981 77400 79680 5 0 2280
982 79800 80760 0 3 960
983 80880 82500 3 4 1620
984 83160 84780 4 3 1620
985 84900 85860 3 0 960
986 79200 80160 3 0 960
987 80280 81840 0 7 1560
988 81960 84480 7 5 2520
989 85260 87780 5 7 2520
990 88020 89580 7 0 1560
