0 4 13
0 9 18
4 13 21
8 13 29
0 1 33
1 2 29
3 7 36
4 0 13
9 0 18
13 4 21
13 8 29
1 0 33
2 1 29
7 3 36
3 13 54
13 3 54
10 13 37
13 10 37
8 10 35
10 8 35
10 14 7
14 10 7
1 15 32
15 1 32
4 15 7
15 4 7
5 16 11
16 5 11
9 16 12
16 9 12
1 17 11
17 1 11
4 19 13
19 4 13
10 19 22
19 10 22
9 20 14
20 9 14
14 20 24
20 14 24
3 21 26
21 3 26
17 21 7
21 17 7
11 22 9
22 11 9
18 22 6
22 18 6
2 23 8
23 2 8
6 23 7
23 6 7
2 24 29
24 2 29
3 24 10
24 3 10
1 25 5
25 1 5
13 25 40
25 13 40
10 26 7
26 10 7
12 26 26
26 12 26
5 27 12
27 5 12
18 27 20
27 18 20
