3 28440 30600 11 10 2160
4 30720 32760 10 4 2040
5 32880 34200 4 0 1320
6 35640 37800 11 10 2160
7 37920 39960 10 4 2040
8 40080 41400 4 0 1320
9 42840 45000 11 10 2160
10 45120 47160 10 4 2040
11 47280 48600 4 0 1320
12 50040 52200 11 10 2160
13 52320 54360 10 4 2040
14 54480 55800 4 0 1320
15 57240 59400 11 10 2160
16 59520 61560 10 4 2040
17 61680 63000 4 0 1320
18 64440 66600 11 10 2160
19 66720 68760 10 4 2040
20 68880 70200 4 0 1320
21 71640 73800 11 10 2160
22 73920 75960 10 4 2040
23 76080 77400 4 0 1320
24 78840 81000 11 10 2160
25 81120 83160 10 4 2040
26 83280 84600 4 0 1320
30 27660 29280 11 3 1620
31 31860 33480 3 11 1620
32 33600 36300 11 0 2700
33 36420 37740 0 4 1320
34 37860 39300 4 14 1440
35 42660 44280 3 11 1620
36 44400 47100 11 0 2700
37 47220 48540 0 4 1320
38 48660 50100 4 14 1440
39 53460 55080 3 11 1620
40 55200 57900 11 0 2700
41 58020 59340 0 4 1320
42 59460 60900 4 14 1440
43 64260 65880 3 11 1620
44 66000 68700 11 0 2700
45 68820 70140 0 4 1320
46 70260 71700 4 14 1440
47 75060 76680 3 11 1620
48 76800 79500 11 0 2700
49 79620 80940 0 4 1320
53 23700 25500 7 0 1800
54 25620 26940 0 4 1320
55 27060 29100 4 10 2040
56 31500 33540 10 4 2040
57 33660 34980 4 0 1320
58 35100 36900 0 7 1800
59 37020 37980 7 5 960
60 38100 38760 5 6 660
61 42300 44340 10 4 2040
62 44460 45780 4 0 1320
63 45900 47700 0 7 1800
64 47820 48780 7 5 960
65 48900 49560 5 6 660
66 53100 55140 10 4 2040
67 55260 56580 4 0 1320
68 56700 58500 0 7 1800
69 58620 59580 7 5 960
70 59700 60360 5 6 660
71 63900 65940 10 4 2040
72 66060 67380 4 0 1320
73 67500 69300 0 7 1800
74 69420 70380 7 5 960
75 70500 71160 5 6 660
76 74700 76740 10 4 2040
77 76860 78180 4 0 1320
78 78300 80100 0 7 1800
79 80220 81180 7 5 960
81 21960 23820 7 3 1860
82 24060 25740 3 8 1680
83 28500 30180 8 3 1680
84 30300 32160 3 7 1860
85 35700 37380 8 3 1680
86 37500 39360 3 7 1860
87 42900 44580 8 3 1680
88 44700 46560 3 7 1860
89 50100 51780 8 3 1680
90 51900 53760 3 7 1860
91 57300 58980 8 3 1680
92 59100 60960 3 7 1860
93 64500 66180 8 3 1680
94 66300 68160 3 7 1860
95 71700 73380 8 3 1680
96 73500 75360 3 7 1860
97 78900 80580 8 3 1680
98 80700 82560 3 7 1860
102 29580 32280 11 0 2700
103 33300 34740 9 11 1440
104 34980 37680 11 0 2700
105 38700 40140 9 11 1440
106 40380 43080 11 0 2700
107 44100 45540 9 11 1440
108 45780 48480 11 0 2700
109 49500 50940 9 11 1440
110 51180 53880 11 0 2700
111 54900 56340 9 11 1440
112 56580 59280 11 0 2700
113 60300 61740 9 11 1440
114 61980 64680 11 0 2700
115 65700 67140 9 11 1440
116 67380 70080 11 0 2700
117 71100 72540 9 11 1440
118 72780 75480 11 0 2700
119 76500 77940 9 11 1440
120 78180 80880 11 0 2700
124 29280 30960 8 3 1680
125 31080 32700 3 11 1620
126 32820 34980 11 10 2160
127 36780 38940 10 11 2160
128 39060 40680 11 3 1620
129 40800 42480 3 8 1680
130 42600 45540 8 12 2940
131 45660 48420 12 13 2760
132 48540 49620 13 15 1080
133 51180 53340 10 11 2160
134 53460 55080 11 3 1620
135 55200 56880 3 8 1680
136 57000 59940 8 12 2940
137 60060 62820 12 13 2760
138 62940 64020 13 15 1080
139 65580 67740 10 11 2160
140 67860 69480 11 3 1620
141 69600 71280 3 8 1680
142 71400 74340 8 12 2940
143 74460 77220 12 13 2760
147 24000 26100 7 1 2100
148 26220 27540 1 0 1320
149 28200 29520 0 1 1320
150 29760 31860 1 7 2100
151 31980 32940 7 5 960
152 33060 33720 5 6 660
153 35400 36720 0 1 1320
154 36960 39060 1 7 2100
155 39180 40140 7 5 960
156 40260 40920 5 6 660
157 42600 43920 0 1 1320
158 44160 46260 1 7 2100
159 46380 47340 7 5 960
160 47460 48120 5 6 660
161 49800 51120 0 1 1320
162 51360 53460 1 7 2100
163 53580 54540 7 5 960
164 54660 55320 5 6 660
165 57000 58320 0 1 1320
166 58560 60660 1 7 2100
167 60780 61740 7 5 960
168 61860 62520 5 6 660
169 64200 65520 0 1 1320
170 65760 67860 1 7 2100
171 67980 68940 7 5 960
172 69060 69720 5 6 660
173 71400 72720 0 1 1320
174 72960 75060 1 7 2100
175 75180 76140 7 5 960
176 76260 76920 5 6 660
177 78600 79920 0 1 1320
178 80160 82260 1 7 2100
179 82380 83340 7 5 960
183 26820 28140 0 4 1320
184 28260 29700 4 14 1440
185 30420 31740 0 4 1320
186 31860 33300 4 14 1440
187 34020 35340 0 4 1320
188 35460 36900 4 14 1440
189 37620 38940 0 4 1320
190 39060 40500 4 14 1440
191 41220 42540 0 4 1320
192 42660 44100 4 14 1440
193 44820 46140 0 4 1320
194 46260 47700 4 14 1440
195 48420 49740 0 4 1320
196 49860 51300 4 14 1440
197 52020 53340 0 4 1320
198 53460 54900 4 14 1440
199 55620 56940 0 4 1320
200 57060 58500 4 14 1440
201 59220 60540 0 4 1320
202 60660 62100 4 14 1440
203 62820 64140 0 4 1320
204 64260 65700 4 14 1440
205 66420 67740 0 4 1320
206 67860 69300 4 14 1440
207 70020 71340 0 4 1320
208 71460 72900 4 14 1440
209 73620 74940 0 4 1320
210 75060 76500 4 14 1440
211 77220 78540 0 4 1320
215 26400 28080 3 8 1680
216 28200 31140 8 12 2940
217 31260 34020 12 13 2760
218 34140 35220 13 15 1080
219 36420 37500 15 13 1080
220 37740 40500 13 12 2760
221 40620 43560 12 8 2940
222 43680 45360 8 3 1680
223 45480 47100 3 11 1620
224 47220 49380 11 10 2160
225 50820 51900 15 13 1080
226 52140 54900 13 12 2760
227 55020 57960 12 8 2940
228 58080 59760 8 3 1680
229 59880 61500 3 11 1620
230 61620 63780 11 10 2160
231 65220 66300 15 13 1080
232 66540 69300 13 12 2760
233 69420 72360 12 8 2940
234 72480 74160 8 3 1680
235 74280 75900 3 11 1620
236 76020 78180 11 10 2160
239 29220 31920 0 11 2700
240 32040 33480 11 9 1440
241 34620 37320 0 11 2700
242 37440 38880 11 9 1440
243 40020 42720 0 11 2700
244 42840 44280 11 9 1440
245 45420 48120 0 11 2700
246 48240 49680 11 9 1440
247 50820 53520 0 11 2700
248 53640 55080 11 9 1440
249 56220 58920 0 11 2700
250 59040 60480 11 9 1440
251 61620 64320 0 11 2700
252 64440 65880 11 9 1440
253 67020 69720 0 11 2700
254 69840 71280 11 9 1440
255 72420 75120 0 11 2700
256 75240 76680 11 9 1440
257 77820 80520 0 11 2700
263 34620 37080 2 1 2460
264 37200 38520 1 0 1320
265 40560 43440 16 2 2880
266 43620 46080 2 1 2460
267 46200 47520 1 0 1320
268 49560 52440 16 2 2880
269 52620 55080 2 1 2460
270 55200 56520 1 0 1320
271 58560 61440 16 2 2880
272 61620 64080 2 1 2460
273 64200 65520 1 0 1320
274 67560 70440 16 2 2880
275 70620 73080 2 1 2460
276 73200 74520 1 0 1320
277 76560 79440 16 2 2880
278 79620 82080 2 1 2460
279 82200 83520 1 0 1320
282 27600 29460 7 3 1860
283 32100 33960 3 7 1860
284 34080 36180 7 1 2100
285 36300 39060 1 16 2760
286 42900 44760 3 7 1860
287 44880 46980 7 1 2100
288 47100 49860 1 16 2760
289 53700 55560 3 7 1860
290 55680 57780 7 1 2100
291 57900 60660 1 16 2760
292 64500 66360 3 7 1860
293 66480 68580 7 1 2100
294 68700 71460 1 16 2760
295 75300 77160 3 7 1860
296 77280 79380 7 1 2100
300 28200 29520 1 0 1320
301 31500 32820 0 1 1320
302 32940 35400 1 2 2460
303 35520 38400 2 16 2880
304 40500 41820 0 1 1320
305 41940 44400 1 2 2460
306 44520 47400 2 16 2880
307 49500 50820 0 1 1320
308 50940 53400 1 2 2460
309 53520 56400 2 16 2880
310 58500 59820 0 1 1320
311 59940 62400 1 2 2460
312 62520 65400 2 16 2880
313 67500 68820 0 1 1320
314 68940 71400 1 2 2460
315 71520 74400 2 16 2880
316 76500 77820 0 1 1320
317 77940 80400 1 2 2460
321 26580 27540 7 5 960
322 27660 28320 5 6 660
323 29340 30000 6 5 660
324 30120 31080 5 7 960
325 31200 33300 7 1 2100
326 33420 34740 1 0 1320
327 36540 37200 6 5 660
328 37320 38280 5 7 960
329 38400 40500 7 1 2100
330 40620 41940 1 0 1320
331 43740 44400 6 5 660
332 44520 45480 5 7 960
333 45600 47700 7 1 2100
334 47820 49140 1 0 1320
335 50940 51600 6 5 660
336 51720 52680 5 7 960
337 52800 54900 7 1 2100
338 55020 56340 1 0 1320
339 58140 58800 6 5 660
340 58920 59880 5 7 960
341 60000 62100 7 1 2100
342 62220 63540 1 0 1320
343 65340 66000 6 5 660
344 66120 67080 5 7 960
345 67200 69300 7 1 2100
346 69420 70740 1 0 1320
347 72540 73200 6 5 660
348 73320 74280 5 7 960
349 74400 76500 7 1 2100
350 76620 77940 1 0 1320
355 34200 35520 1 0 1320
356 35640 36960 0 4 1320
357 38520 41280 16 1 2760
358 41400 42720 1 0 1320
359 42840 44160 0 4 1320
360 45720 48480 16 1 2760
361 48600 49920 1 0 1320
362 50040 51360 0 4 1320
363 52920 55680 16 1 2760
364 55800 57120 1 0 1320
365 57240 58560 0 4 1320
366 60120 62880 16 1 2760
367 63000 64320 1 0 1320
368 64440 65760 0 4 1320
369 67320 70080 16 1 2760
370 70200 71520 1 0 1320
371 71640 72960 0 4 1320
372 74520 77280 16 1 2760
373 77400 78720 1 0 1320
374 78840 80160 0 4 1320
378 29280 30600 4 0 1320
379 31320 32760 14 4 1440
380 32880 34200 4 0 1320
381 34920 36360 14 4 1440
382 36480 37800 4 0 1320
383 38520 39960 14 4 1440
384 40080 41400 4 0 1320
385 42120 43560 14 4 1440
386 43680 45000 4 0 1320
387 45720 47160 14 4 1440
388 47280 48600 4 0 1320
389 49320 50760 14 4 1440
390 50880 52200 4 0 1320
391 52920 54360 14 4 1440
392 54480 55800 4 0 1320
393 56520 57960 14 4 1440
394 58080 59400 4 0 1320
395 60120 61560 14 4 1440
396 61680 63000 4 0 1320
397 63720 65160 14 4 1440
398 65280 66600 4 0 1320
399 67320 68760 14 4 1440
400 68880 70200 4 0 1320
401 70920 72360 14 4 1440
402 72480 73800 4 0 1320
403 74520 75960 14 4 1440
404 76080 77400 4 0 1320
405 78120 79560 14 4 1440
406 79680 81000 4 0 1320
409 29880 31980 8 7 2100
410 32100 34200 7 1 2100
411 35580 37680 1 7 2100
412 37800 39900 7 8 2100
413 40020 42960 8 12 2940
414 43080 46380 12 17 3300
415 49980 52080 1 7 2100
416 52200 54300 7 8 2100
417 54420 57360 8 12 2940
418 57480 60780 12 17 3300
419 64380 66480 1 7 2100
420 66600 68700 7 8 2100
421 68820 71760 8 12 2940
422 71880 75180 12 17 3300
423 78780 80880 1 7 2100
424 81000 83100 7 8 2100
429 29700 31140 9 11 1440
430 31380 34080 11 0 2700
431 35100 36540 9 11 1440
432 36780 39480 11 0 2700
433 40500 41940 9 11 1440
434 42180 44880 11 0 2700
435 45900 47340 9 11 1440
436 47580 50280 11 0 2700
437 51300 52740 9 11 1440
438 52980 55680 11 0 2700
439 56700 58140 9 11 1440
440 58380 61080 11 0 2700
441 62100 63540 9 11 1440
442 63780 66480 11 0 2700
443 67500 68940 9 11 1440
444 69180 71880 11 0 2700
445 72900 74340 9 11 1440
446 74580 77280 11 0 2700
447 78300 79740 9 11 1440
448 79980 82680 11 0 2700
451 29760 32100 8 5 2340
452 32220 33180 5 7 960
453 33300 35100 7 0 1800
454 38700 40500 0 7 1800
455 40620 41580 7 5 960
456 41700 44040 5 8 2340
457 44160 47100 8 12 2940
458 47220 49980 12 13 2760
459 53100 54900 0 7 1800
460 55020 55980 7 5 960
461 56100 58440 5 8 2340
462 58560 61500 8 12 2940
463 61620 64380 12 13 2760
464 67500 69300 0 7 1800
465 69420 70380 7 5 960
466 70500 72840 5 8 2340
467 72960 75900 8 12 2940
471 25800 27900 7 1 2100
472 28020 29340 1 0 1320
473 30000 31320 0 1 1320
474 31560 33660 1 7 2100
475 33780 34740 7 5 960
476 34860 35520 5 6 660
477 37200 38520 0 1 1320
478 38760 40860 1 7 2100
479 40980 41940 7 5 960
480 42060 42720 5 6 660
481 44400 45720 0 1 1320
482 45960 48060 1 7 2100
483 48180 49140 7 5 960
484 49260 49920 5 6 660
485 51600 52920 0 1 1320
486 53160 55260 1 7 2100
487 55380 56340 7 5 960
488 56460 57120 5 6 660
489 58800 60120 0 1 1320
490 60360 62460 1 7 2100
491 62580 63540 7 5 960
492 63660 64320 5 6 660
493 66000 67320 0 1 1320
494 67560 69660 1 7 2100
495 69780 70740 7 5 960
496 70860 71520 5 6 660
497 73200 74520 0 1 1320
498 74760 76860 1 7 2100
499 76980 77940 7 5 960
503 30540 32640 8 7 2100
504 32880 34680 7 0 1800
505 35460 37260 0 7 1800
506 37380 39480 7 8 2100
507 39600 42540 8 12 2940
508 42660 45960 12 17 3300
509 49860 51660 0 7 1800
510 51780 53880 7 8 2100
511 54000 56940 8 12 2940
512 57060 60360 12 17 3300
513 64260 66060 0 7 1800
514 66180 68280 7 8 2100
515 68400 71340 8 12 2940
516 71460 74760 12 17 3300
517 78660 80460 0 7 1800
518 80580 82680 7 8 2100
523 30540 32640 8 7 2100
524 32760 34560 7 0 1800
525 34680 36000 0 4 1320
526 36120 37560 4 14 1440
527 39300 40740 14 4 1440
528 40860 42180 4 0 1320
529 42300 44100 0 7 1800
530 44220 46320 7 8 2100
531 46560 49500 8 12 2940
532 49740 53040 12 15 3300
533 53700 55140 14 4 1440
534 55260 56580 4 0 1320
535 56700 58500 0 7 1800
536 58620 60720 7 8 2100
537 60960 63900 8 12 2940
538 64140 67440 12 15 3300
539 68100 69540 14 4 1440
540 69660 70980 4 0 1320
541 71100 72900 0 7 1800
542 73020 75120 7 8 2100
543 75360 78300 8 12 2940
547 28620 29940 0 4 1320
548 30060 31500 4 14 1440
549 32220 33540 0 4 1320
550 33660 35100 4 14 1440
551 35820 37140 0 4 1320
552 37260 38700 4 14 1440
553 39420 40740 0 4 1320
554 40860 42300 4 14 1440
555 43020 44340 0 4 1320
556 44460 45900 4 14 1440
557 46620 47940 0 4 1320
558 48060 49500 4 14 1440
559 50220 51540 0 4 1320
560 51660 53100 4 14 1440
561 53820 55140 0 4 1320
562 55260 56700 4 14 1440
563 57420 58740 0 4 1320
564 58860 60300 4 14 1440
565 61020 62340 0 4 1320
566 62460 63900 4 14 1440
567 64620 65940 0 4 1320
568 66060 67500 4 14 1440
569 68220 69540 0 4 1320
570 69660 71100 4 14 1440
571 71820 73140 0 4 1320
572 73260 74700 4 14 1440
573 75420 76740 0 4 1320
574 76860 78300 4 14 1440
575 79020 80340 0 4 1320
578 27000 28320 1 0 1320
579 28440 29760 0 4 1320
580 33660 34980 4 0 1320
581 35100 36420 0 1 1320
582 36540 39300 1 16 2760
583 40860 42180 4 0 1320
584 42300 43620 0 1 1320
585 43740 46500 1 16 2760
586 48060 49380 4 0 1320
587 49500 50820 0 1 1320
588 50940 53700 1 16 2760
589 55260 56580 4 0 1320
590 56700 58020 0 1 1320
591 58140 60900 1 16 2760
592 62460 63780 4 0 1320
593 63900 65220 0 1 1320
594 65340 68100 1 16 2760
595 69660 70980 4 0 1320
596 71100 72420 0 1 1320
597 72540 75300 1 16 2760
598 76860 78180 4 0 1320
599 78300 79620 0 1 1320
602 27720 29520 7 0 1800
603 31500 33300 0 7 1800
604 33540 36840 7 2 3300
605 38700 40500 0 7 1800
606 40740 44040 7 2 3300
607 45900 47700 0 7 1800
608 47940 51240 7 2 3300
609 53100 54900 0 7 1800
610 55140 58440 7 2 3300
611 60300 62100 0 7 1800
612 62340 65640 7 2 3300
613 67500 69300 0 7 1800
614 69540 72840 7 2 3300
615 74700 76500 0 7 1800
616 76740 80040 7 2 3300
618 25620 27480 3 7 1860
619 27600 28560 7 5 960
620 31680 32640 5 7 960
621 32760 34620 7 3 1860
622 34740 36060 3 9 1320
623 38880 39840 5 7 960
624 39960 41820 7 3 1860
625 41940 43260 3 9 1320
626 46080 47040 5 7 960
627 47160 49020 7 3 1860
628 49140 50460 3 9 1320
629 53280 54240 5 7 960
630 54360 56220 7 3 1860
631 56340 57660 3 9 1320
632 60480 61440 5 7 960
633 61560 63420 7 3 1860
634 63540 64860 3 9 1320
635 67680 68640 5 7 960
636 68760 70620 7 3 1860
637 70740 72060 3 9 1320
638 74880 75840 5 7 960
639 75960 77820 7 3 1860
643 31020 33720 0 11 2700
644 33840 35280 11 9 1440
645 36420 39120 0 11 2700
646 39240 40680 11 9 1440
647 41820 44520 0 11 2700
648 44640 46080 11 9 1440
649 47220 49920 0 11 2700
650 50040 51480 11 9 1440
651 52620 55320 0 11 2700
652 55440 56880 11 9 1440
653 58020 60720 0 11 2700
654 60840 62280 11 9 1440
655 63420 66120 0 11 2700
656 66240 67680 11 9 1440
657 68820 71520 0 11 2700
658 71640 73080 11 9 1440
659 74220 76920 0 11 2700
660 77040 78480 11 9 1440
662 26340 29640 7 2 3300
663 31380 34680 2 7 3300
664 34920 36720 7 0 1800
665 38580 41880 2 7 3300
666 42120 43920 7 0 1800
667 45780 49080 2 7 3300
668 49320 51120 7 0 1800
669 52980 56280 2 7 3300
670 56520 58320 7 0 1800
671 60180 63480 2 7 3300
672 63720 65520 7 0 1800
673 67380 70680 2 7 3300
674 70920 72720 7 0 1800
675 74580 77880 2 7 3300
676 78120 79920 7 0 1800
680 33360 36240 16 2 2880
681 36420 38880 2 1 2460
682 39000 40320 1 0 1320
683 42360 45240 16 2 2880
684 45420 47880 2 1 2460
685 48000 49320 1 0 1320
686 51360 54240 16 2 2880
687 54420 56880 2 1 2460
688 57000 58320 1 0 1320
689 60360 63240 16 2 2880
690 63420 65880 2 1 2460
691 66000 67320 1 0 1320
692 69360 72240 16 2 2880
693 72420 74880 2 1 2460
694 75000 76320 1 0 1320
695 78360 81240 16 2 2880
696 81420 83880 2 1 2460
697 84000 85320 1 0 1320
699 26220 27180 7 5 960
700 27300 29640 5 8 2340
701 29760 32700 8 12 2940
702 32820 35580 12 13 2760
703 38220 40980 13 12 2760
704 41100 44040 12 8 2940
705 44160 46500 8 5 2340
706 46620 47580 5 7 960
707 47700 49500 7 0 1800
708 52620 55380 13 12 2760
709 55500 58440 12 8 2940
710 58560 60900 8 5 2340
711 61020 61980 5 7 960
712 62100 63900 7 0 1800
713 67020 69780 13 12 2760
714 69900 72840 12 8 2940
715 72960 75300 8 5 2340
716 75420 76380 5 7 960
717 76500 78300 7 0 1800
720 27900 29700 0 7 1800
721 29820 30780 7 5 960
722 30900 31560 5 6 660
723 32640 33300 6 5 660
724 33420 34380 5 7 960
725 34500 36300 7 0 1800
726 36420 37740 0 4 1320
727 37860 39900 4 10 2040
728 43440 44100 6 5 660
729 44220 45180 5 7 960
730 45300 47100 7 0 1800
731 47220 48540 0 4 1320
732 48660 50700 4 10 2040
733 54240 54900 6 5 660
734 55020 55980 5 7 960
735 56100 57900 7 0 1800
736 58020 59340 0 4 1320
737 59460 61500 4 10 2040
738 65040 65700 6 5 660
739 65820 66780 5 7 960
740 66900 68700 7 0 1800
741 68820 70140 0 4 1320
742 70260 72300 4 10 2040
743 75840 76500 6 5 660
744 76620 77580 5 7 960
745 77700 79500 7 0 1800
746 79620 80940 0 4 1320
750 30000 31320 1 0 1320
751 33300 34620 0 1 1320
752 34740 37200 1 2 2460
753 37320 40200 2 16 2880
754 42300 43620 0 1 1320
755 43740 46200 1 2 2460
756 46320 49200 2 16 2880
757 51300 52620 0 1 1320
758 52740 55200 1 2 2460
759 55320 58200 2 16 2880
760 60300 61620 0 1 1320
761 61740 64200 1 2 2460
762 64320 67200 2 16 2880
763 69300 70620 0 1 1320
764 70740 73200 1 2 2460
765 73320 76200 2 16 2880
766 78300 79620 0 1 1320
770 25560 27420 7 3 1860
771 27540 28860 3 9 1320
772 31380 32700 9 3 1320
773 32820 34680 3 7 1860
774 34800 35760 7 5 960
775 38580 39900 9 3 1320
776 40020 41880 3 7 1860
777 42000 42960 7 5 960
778 45780 47100 9 3 1320
779 47220 49080 3 7 1860
780 49200 50160 7 5 960
781 52980 54300 9 3 1320
782 54420 56280 3 7 1860
783 56400 57360 7 5 960
784 60180 61500 9 3 1320
785 61620 63480 3 7 1860
786 63600 64560 7 5 960
787 67380 68700 9 3 1320
788 68820 70680 3 7 1860
789 70800 71760 7 5 960
790 74580 75900 9 3 1320
791 76020 77880 3 7 1860
792 78000 78960 7 5 960
795 27720 29400 8 3 1680
796 29520 30840 3 9 1320
797 31680 33000 9 3 1320
798 33120 34800 3 8 1680
799 34920 37260 8 5 2340
800 37380 38040 5 6 660
801 38880 40200 9 3 1320
802 40320 42000 3 8 1680
803 42120 44460 8 5 2340
804 44580 45240 5 6 660
805 46080 47400 9 3 1320
806 47520 49200 3 8 1680
807 49320 51660 8 5 2340
808 51780 52440 5 6 660
809 53280 54600 9 3 1320
810 54720 56400 3 8 1680
811 56520 58860 8 5 2340
812 58980 59640 5 6 660
813 60480 61800 9 3 1320
814 61920 63600 3 8 1680
815 63720 66060 8 5 2340
816 66180 66840 5 6 660
817 67680 69000 9 3 1320
818 69120 70800 3 8 1680
819 70920 73260 8 5 2340
820 73380 74040 5 6 660
821 74880 76200 9 3 1320
822 76320 78000 3 8 1680
823 78120 80460 8 5 2340
826 25920 27600 3 8 1680
827 27720 30060 8 5 2340
828 30180 30840 5 6 660
829 31680 32340 6 5 660
830 32460 34800 5 8 2340
831 34920 36600 8 3 1680
832 36720 38040 3 9 1320
833 38880 39540 6 5 660
834 39660 42000 5 8 2340
835 42120 43800 8 3 1680
836 43920 45240 3 9 1320
837 46080 46740 6 5 660
838 46860 49200 5 8 2340
839 49320 51000 8 3 1680
840 51120 52440 3 9 1320
841 53280 53940 6 5 660
842 54060 56400 5 8 2340
843 56520 58200 8 3 1680
844 58320 59640 3 9 1320
845 60480 61140 6 5 660
846 61260 63600 5 8 2340
847 63720 65400 8 3 1680
848 65520 66840 3 9 1320
849 67680 68340 6 5 660
850 68460 70800 5 8 2340
851 70920 72600 8 3 1680
852 72720 74040 3 9 1320
853 74880 75540 6 5 660
854 75660 78000 5 8 2340
855 78120 79800 8 3 1680
859 28380 29340 7 5 960
860 29460 30120 5 6 660
861 31140 31800 6 5 660
862 31920 32880 5 7 960
863 33000 35100 7 1 2100
864 35220 36540 1 0 1320
865 38340 39000 6 5 660
866 39120 40080 5 7 960
867 40200 42300 7 1 2100
868 42420 43740 1 0 1320
869 45540 46200 6 5 660
870 46320 47280 5 7 960
871 47400 49500 7 1 2100
872 49620 50940 1 0 1320
873 52740 53400 6 5 660
874 53520 54480 5 7 960
875 54600 56700 7 1 2100
876 56820 58140 1 0 1320
877 59940 60600 6 5 660
878 60720 61680 5 7 960
879 61800 63900 7 1 2100
880 64020 65340 1 0 1320
881 67140 67800 6 5 660
882 67920 68880 5 7 960
883 69000 71100 7 1 2100
884 71220 72540 1 0 1320
885 74340 75000 6 5 660
886 75120 76080 5 7 960
887 76200 78300 7 1 2100
888 78420 79740 1 0 1320
890 26580 28680 7 8 2100
891 28800 31740 8 12 2940
892 31860 35160 12 17 3300
893 38340 41640 17 12 3300
894 41880 44820 12 8 2940
895 44940 47040 8 7 2100
896 47280 49080 7 0 1800
897 52740 56040 17 12 3300
898 56280 59220 12 8 2940
899 59340 61440 8 7 2100
900 61680 63480 7 0 1800
901 67140 70440 17 12 3300
902 70680 73620 12 8 2940
903 73740 75840 8 7 2100
904 76080 77880 7 0 1800
905 24660 26280 3 11 1620
906 26400 29100 11 0 2700
907 29220 30540 0 4 1320
908 30660 32100 4 14 1440
909 36240 37680 14 4 1440
910 37800 39120 4 0 1320
911 39240 41940 0 11 2700
912 42060 43680 11 3 1620
913 47040 48480 14 4 1440
914 48600 49920 4 0 1320
915 50040 52740 0 11 2700
916 52860 54480 11 3 1620
917 57840 59280 14 4 1440
918 59400 60720 4 0 1320
919 60840 63540 0 11 2700
920 63660 65280 11 3 1620
921 68640 70080 14 4 1440
922 70200 71520 4 0 1320
923 71640 74340 0 11 2700
924 74460 76080 11 3 1620
925 78660 80280 3 11 1620
926 80400 83100 11 0 2700
934 26400 28260 3 7 1860
935 28380 31680 7 2 3300
936 35760 39060 2 7 3300
937 39180 41040 7 3 1860
938 41160 42780 3 11 1620
939 46560 49860 2 7 3300
940 49980 51840 7 3 1860
941 51960 53580 3 11 1620
942 57360 60660 2 7 3300
943 60780 62640 7 3 1860
944 62760 64380 3 11 1620
945 68160 71460 2 7 3300
946 71580 73440 7 3 1860
947 73560 75180 3 11 1620
948 78960 82260 2 7 3300
952 27000 29100 7 8 2100
953 29220 32160 8 12 2940
954 32280 35580 12 17 3300
955 37800 41100 17 12 3300
956 41220 44160 12 8 2940
957 44280 46380 8 7 2100
958 46500 48600 7 1 2100
959 52200 55500 17 12 3300
960 55620 58560 12 8 2940
961 58680 60780 8 7 2100
962 60900 63000 7 1 2100
963 66600 69900 17 12 3300
964 70020 72960 12 8 2940
965 73080 75180 8 7 2100
966 75300 77400 7 1 2100
969 29280 30600 4 0 1320
970 32400 33720 0 4 1320
971 33840 35880 4 10 2040
972 36000 38160 10 11 2160
973 39600 40920 0 4 1320
974 41040 43080 4 10 2040
975 43200 45360 10 11 2160
976 46800 48120 0 4 1320
977 48240 50280 4 10 2040
978 50400 52560 10 11 2160
979 54000 55320 0 4 1320
980 55440 57480 4 10 2040
981 57600 59760 10 11 2160
982 61200 62520 0 4 1320
983 62640 64680 4 10 2040
984 64800 66960 10 11 2160
985 68400 69720 0 4 1320
986 69840 71880 4 10 2040
987 72000 74160 10 11 2160
988 75600 76920 0 4 1320
989 77040 79080 4 10 2040
993 27900 29700 0 7 1800
994 29820 31920 7 8 2100
995 32160 35100 8 12 2940
996 35340 38640 12 15 3300
997 42060 45360 15 12 3300
998 45480 48420 12 8 2940
999 48540 50640 8 7 2100
1000 50760 52560 7 0 1800
1001 52680 54000 0 4 1320
1002 54120 55560 4 14 1440
1003 56460 59760 15 12 3300
1004 59880 62820 12 8 2940
1005 62940 65040 8 7 2100
1006 65160 66960 7 0 1800
1007 67080 68400 0 4 1320
1008 68520 69960 4 14 1440
1009 70860 74160 15 12 3300
1010 74280 77220 12 8 2940
1011 77340 79440 8 7 2100
1012 79560 81360 7 0 1800
1013 81480 82800 0 4 1320
1016 26700 28560 3 7 1860
1017 29160 31020 7 3 1860
1018 31260 32940 3 8 1680
1019 36360 38220 7 3 1860
1020 38460 40140 3 8 1680
1021 43560 45420 7 3 1860
1022 45660 47340 3 8 1680
1023 50760 52620 7 3 1860
1024 52860 54540 3 8 1680
1025 57960 59820 7 3 1860
1026 60060 61740 3 8 1680
1027 65160 67020 7 3 1860
1028 67260 68940 3 8 1680
1029 72360 74220 7 3 1860
1030 74460 76140 3 8 1680
1031 24900 26760 3 7 1860
1032 26880 28980 7 1 2100
1033 29100 31860 1 16 2760
1034 33300 36060 16 1 2760
1035 36180 38280 1 7 2100
1036 38400 40260 7 3 1860
1037 44100 46860 16 1 2760
1038 46980 49080 1 7 2100
1039 49200 51060 7 3 1860
1040 54900 57660 16 1 2760
1041 57780 59880 1 7 2100
1042 60000 61860 7 3 1860
1043 65700 68460 16 1 2760
1044 68580 70680 1 7 2100
1045 70800 72660 7 3 1860
1046 76500 79260 16 1 2760
1047 79380 81480 1 7 2100
1048 81600 83460 7 3 1860
1050 28380 30240 7 3 1860
1051 30360 31980 3 11 1620
1052 35460 37080 11 3 1620
1053 37200 39060 3 7 1860
1054 39180 42480 7 2 3300
1055 46260 47880 11 3 1620
1056 48000 49860 3 7 1860
1057 49980 53280 7 2 3300
1058 57060 58680 11 3 1620
1059 58800 60660 3 7 1860
1060 60780 64080 7 2 3300
1061 67860 69480 11 3 1620
1062 69600 71460 3 7 1860
1063 71580 74880 7 2 3300
1064 78660 80280 11 3 1620
1065 80400 82260 3 7 1860
1070 31080 32400 4 0 1320
1071 33120 34560 14 4 1440
1072 34680 36000 4 0 1320
1073 36720 38160 14 4 1440
1074 38280 39600 4 0 1320
1075 40320 41760 14 4 1440
1076 41880 43200 4 0 1320
1077 43920 45360 14 4 1440
1078 45480 46800 4 0 1320
1079 47520 48960 14 4 1440
1080 49080 50400 4 0 1320
1081 51120 52560 14 4 1440
1082 52680 54000 4 0 1320
1083 54720 56160 14 4 1440
1084 56280 57600 4 0 1320
1085 58320 59760 14 4 1440
1086 59880 61200 4 0 1320
1087 61920 63360 14 4 1440
1088 63480 64800 4 0 1320
1089 65520 66960 14 4 1440
1090 67080 68400 4 0 1320
1091 69120 70560 14 4 1440
1092 70680 72000 4 0 1320
1093 72720 74160 14 4 1440
1094 74280 75600 4 0 1320
1095 76320 77760 14 4 1440
1096 77880 79200 4 0 1320
1099 26880 28740 7 3 1860
1100 28860 30180 3 9 1320
1101 32340 33660 9 3 1320
1102 33780 35640 3 7 1860
1103 35760 36720 7 5 960
1104 36840 37500 5 6 660
1105 39540 40860 9 3 1320
1106 40980 42840 3 7 1860
1107 42960 43920 7 5 960
1108 44040 44700 5 6 660
1109 46740 48060 9 3 1320
1110 48180 50040 3 7 1860
1111 50160 51120 7 5 960
1112 51240 51900 5 6 660
1113 53940 55260 9 3 1320
1114 55380 57240 3 7 1860
1115 57360 58320 7 5 960
1116 58440 59100 5 6 660
1117 61140 62460 9 3 1320
1118 62580 64440 3 7 1860
1119 64560 65520 7 5 960
1120 65640 66300 5 6 660
1121 68340 69660 9 3 1320
1122 69780 71640 3 7 1860
1123 71760 72720 7 5 960
1124 72840 73500 5 6 660
1125 75540 76860 9 3 1320
1126 76980 78840 3 7 1860
1127 78960 79920 7 5 960
1130 26580 28440 3 7 1860
1131 28560 29520 7 5 960
1132 29640 30300 5 6 660
1133 32220 32880 6 5 660
1134 33000 33960 5 7 960
1135 34080 35940 7 3 1860
1136 36060 37380 3 9 1320
1137 39420 40080 6 5 660
1138 40200 41160 5 7 960
1139 41280 43140 7 3 1860
1140 43260 44580 3 9 1320
1141 46620 47280 6 5 660
1142 47400 48360 5 7 960
1143 48480 50340 7 3 1860
1144 50460 51780 3 9 1320
1145 53820 54480 6 5 660
1146 54600 55560 5 7 960
1147 55680 57540 7 3 1860
1148 57660 58980 3 9 1320
1149 61020 61680 6 5 660
1150 61800 62760 5 7 960
1151 62880 64740 7 3 1860
1152 64860 66180 3 9 1320
1153 68220 68880 6 5 660
1154 69000 69960 5 7 960
1155 70080 71940 7 3 1860
1156 72060 73380 3 9 1320
1157 75420 76080 6 5 660
1158 76200 77160 5 7 960
1159 77280 79140 7 3 1860
1164 32040 34200 11 10 2160
1165 34320 36360 10 4 2040
1166 36480 37800 4 0 1320
1167 39240 41400 11 10 2160
1168 41520 43560 10 4 2040
1169 43680 45000 4 0 1320
1170 46440 48600 11 10 2160
1171 48720 50760 10 4 2040
1172 50880 52200 4 0 1320
1173 53640 55800 11 10 2160
1174 55920 57960 10 4 2040
1175 58080 59400 4 0 1320
1176 60840 63000 11 10 2160
1177 63120 65160 10 4 2040
1178 65280 66600 4 0 1320
1179 68040 70200 11 10 2160
1180 70320 72360 10 4 2040
1181 72480 73800 4 0 1320
1182 75240 77400 11 10 2160
1183 77520 79560 10 4 2040
1184 79680 81000 4 0 1320
1187 28440 31140 0 11 2700
1188 31260 32880 11 3 1620
1189 35460 37080 3 11 1620
1190 37200 39900 11 0 2700
1191 40020 41340 0 4 1320
1192 41460 42900 4 14 1440
1193 46260 47880 3 11 1620
1194 48000 50700 11 0 2700
1195 50820 52140 0 4 1320
1196 52260 53700 4 14 1440
1197 57060 58680 3 11 1620
1198 58800 61500 11 0 2700
1199 61620 62940 0 4 1320
1200 63060 64500 4 14 1440
1201 67860 69480 3 11 1620
1202 69600 72300 11 0 2700
1203 72420 73740 0 4 1320
1204 73860 75300 4 14 1440
1207 27300 29100 7 0 1800
1208 29220 30540 0 4 1320
1209 30660 32700 4 10 2040
1210 35100 37140 10 4 2040
1211 37260 38580 4 0 1320
1212 38700 40500 0 7 1800
1213 40620 41580 7 5 960
1214 41700 42360 5 6 660
1215 45900 47940 10 4 2040
1216 48060 49380 4 0 1320
1217 49500 51300 0 7 1800
1218 51420 52380 7 5 960
1219 52500 53160 5 6 660
1220 56700 58740 10 4 2040
1221 58860 60180 4 0 1320
1222 60300 62100 0 7 1800
1223 62220 63180 7 5 960
1224 63300 63960 5 6 660
1225 67500 69540 10 4 2040
1226 69660 70980 4 0 1320
1227 71100 72900 0 7 1800
1228 73020 73980 7 5 960
1229 74100 74760 5 6 660
1230 78300 80340 10 4 2040
1231 80460 81780 4 0 1320
1232 81900 83700 0 7 1800
1233 83820 84780 7 5 960
1235 25560 27420 7 3 1860
1236 27660 29340 3 8 1680
1237 32100 33780 8 3 1680
1238 33900 35760 3 7 1860
1239 39300 40980 8 3 1680
1240 41100 42960 3 7 1860
1241 46500 48180 8 3 1680
1242 48300 50160 3 7 1860
1243 53700 55380 8 3 1680
1244 55500 57360 3 7 1860
1245 60900 62580 8 3 1680
1246 62700 64560 3 7 1860
1247 68100 69780 8 3 1680
1248 69900 71760 3 7 1860
1249 75300 76980 8 3 1680
1250 77100 78960 3 7 1860
1252 28440 29880 11 9 1440
1253 31500 32940 9 11 1440
1254 33180 35880 11 0 2700
1255 36900 38340 9 11 1440
1256 38580 41280 11 0 2700
1257 42300 43740 9 11 1440
1258 43980 46680 11 0 2700
1259 47700 49140 9 11 1440
1260 49380 52080 11 0 2700
1261 53100 54540 9 11 1440
1262 54780 57480 11 0 2700
1263 58500 59940 9 11 1440
1264 60180 62880 11 0 2700
1265 63900 65340 9 11 1440
1266 65580 68280 11 0 2700
1267 69300 70740 9 11 1440
1268 70980 73680 11 0 2700
1269 74700 76140 9 11 1440
1270 76380 79080 11 0 2700
1274 32880 34560 8 3 1680
1275 34680 36300 3 11 1620
1276 36420 38580 11 10 2160
1277 40380 42540 10 11 2160
1278 42660 44280 11 3 1620
1279 44400 46080 3 8 1680
1280 46200 49140 8 12 2940
1281 49260 52020 12 13 2760
1282 52140 53220 13 15 1080
1283 54780 56940 10 11 2160
1284 57060 58680 11 3 1620
1285 58800 60480 3 8 1680
1286 60600 63540 8 12 2940
1287 63660 66420 12 13 2760
1288 66540 67620 13 15 1080
1289 69180 71340 10 11 2160
1290 71460 73080 11 3 1620
1291 73200 74880 3 8 1680
1292 75000 77940 8 12 2940
1297 27600 29700 7 1 2100
1298 29820 31140 1 0 1320
1299 31800 33120 0 1 1320
1300 33360 35460 1 7 2100
1301 35580 36540 7 5 960
1302 36660 37320 5 6 660
1303 39000 40320 0 1 1320
1304 40560 42660 1 7 2100
1305 42780 43740 7 5 960
1306 43860 44520 5 6 660
1307 46200 47520 0 1 1320
1308 47760 49860 1 7 2100
1309 49980 50940 7 5 960
1310 51060 51720 5 6 660
1311 53400 54720 0 1 1320
1312 54960 57060 1 7 2100
1313 57180 58140 7 5 960
1314 58260 58920 5 6 660
1315 60600 61920 0 1 1320
1316 62160 64260 1 7 2100
1317 64380 65340 7 5 960
1318 65460 66120 5 6 660
1319 67800 69120 0 1 1320
1320 69360 71460 1 7 2100
1321 71580 72540 7 5 960
1322 72660 73320 5 6 660
1323 75000 76320 0 1 1320
1324 76560 78660 1 7 2100
1325 78780 79740 7 5 960
1329 30420 31740 0 4 1320
1330 31860 33300 4 14 1440
1332 28260 29880 11 3 1620
1333 30000 31680 3 8 1680
1334 31800 34740 8 12 2940
1335 34860 37620 12 13 2760
1336 37740 38820 13 15 1080
1337 40020 41100 15 13 1080
1338 41340 44100 13 12 2760
1339 44220 47160 12 8 2940
1340 47280 48960 8 3 1680
1341 49080 50700 3 11 1620
1342 50820 52980 11 10 2160
1343 54420 55500 15 13 1080
1344 55740 58500 13 12 2760
1345 58620 61560 12 8 2940
1346 61680 63360 8 3 1680
1347 63480 65100 3 11 1620
1348 65220 67380 11 10 2160
1349 68820 69900 15 13 1080
1350 70140 72900 13 12 2760
1351 73020 75960 12 8 2940
1352 76080 77760 8 3 1680
1353 77880 79500 3 11 1620
1356 27780 30480 11 0 2700
1357 32820 35520 0 11 2700
1358 35640 37080 11 9 1440
1359 38220 40920 0 11 2700
1360 41040 42480 11 9 1440
1361 43620 46320 0 11 2700
1362 46440 47880 11 9 1440
1363 49020 51720 0 11 2700
1364 51840 53280 11 9 1440
1365 54420 57120 0 11 2700
1366 57240 58680 11 9 1440
1367 59820 62520 0 11 2700
1368 62640 64080 11 9 1440
1369 65220 67920 0 11 2700
1370 68040 69480 11 9 1440
1371 70620 73320 0 11 2700
1372 73440 74880 11 9 1440
1373 76020 78720 0 11 2700
1375 26100 27420 0 1 1320
1376 27540 30000 1 2 2460
1377 30120 33000 2 16 2880
1378 35160 38040 16 2 2880
1379 38220 40680 2 1 2460
1380 40800 42120 1 0 1320
1381 44160 47040 16 2 2880
1382 47220 49680 2 1 2460
1383 49800 51120 1 0 1320
1384 53160 56040 16 2 2880
1385 56220 58680 2 1 2460
1386 58800 60120 1 0 1320
1387 62160 65040 16 2 2880
1388 65220 67680 2 1 2460
1389 67800 69120 1 0 1320
1390 71160 74040 16 2 2880
1391 74220 76680 2 1 2460
1392 76800 78120 1 0 1320
1394 28980 31080 1 7 2100
1395 31200 33060 7 3 1860
1396 35700 37560 3 7 1860
1397 37680 39780 7 1 2100
1398 39900 42660 1 16 2760
1399 46500 48360 3 7 1860
1400 48480 50580 7 1 2100
1401 50700 53460 1 16 2760
1402 57300 59160 3 7 1860
1403 59280 61380 7 1 2100
1404 61500 64260 1 16 2760
1405 68100 69960 3 7 1860
1406 70080 72180 7 1 2100
1407 72300 75060 1 16 2760
1408 78900 80760 3 7 1860
1409 80880 82980 7 1 2100
1413 31800 33120 1 0 1320
1414 35100 36420 0 1 1320
1415 36540 39000 1 2 2460
1416 39120 42000 2 16 2880
1417 44100 45420 0 1 1320
1418 45540 48000 1 2 2460
1419 48120 51000 2 16 2880
1420 53100 54420 0 1 1320
1421 54540 57000 1 2 2460
1422 57120 60000 2 16 2880
1423 62100 63420 0 1 1320
1424 63540 66000 1 2 2460
1425 66120 69000 2 16 2880
1426 71100 72420 0 1 1320
1427 72540 75000 1 2 2460
1429 26400 27720 0 1 1320
1430 27960 30060 1 7 2100
1431 30180 31140 7 5 960
1432 31260 31920 5 6 660
1433 32940 33600 6 5 660
1434 33720 34680 5 7 960
1435 34800 36900 7 1 2100
1436 37020 38340 1 0 1320
1437 40140 40800 6 5 660
1438 40920 41880 5 7 960
1439 42000 44100 7 1 2100
1440 44220 45540 1 0 1320
1441 47340 48000 6 5 660
1442 48120 49080 5 7 960
1443 49200 51300 7 1 2100
1444 51420 52740 1 0 1320
1445 54540 55200 6 5 660
1446 55320 56280 5 7 960
1447 56400 58500 7 1 2100
1448 58620 59940 1 0 1320
1449 61740 62400 6 5 660
1450 62520 63480 5 7 960
1451 63600 65700 7 1 2100
1452 65820 67140 1 0 1320
1453 68940 69600 6 5 660
1454 69720 70680 5 7 960
1455 70800 72900 7 1 2100
1456 73020 74340 1 0 1320
1457 76140 76800 6 5 660
1458 76920 77880 5 7 960
1459 78000 80100 7 1 2100
1460 80220 81540 1 0 1320
1462 27900 29220 0 1 1320
1463 29340 32100 1 16 2760
1464 34920 37680 16 1 2760
1465 37800 39120 1 0 1320
1466 39240 40560 0 4 1320
1467 42120 44880 16 1 2760
1468 45000 46320 1 0 1320
1469 46440 47760 0 4 1320
1470 49320 52080 16 1 2760
1471 52200 53520 1 0 1320
1472 53640 54960 0 4 1320
1473 56520 59280 16 1 2760
1474 59400 60720 1 0 1320
1475 60840 62160 0 4 1320
1476 63720 66480 16 1 2760
1477 66600 67920 1 0 1320
1478 68040 69360 0 4 1320
1479 70920 73680 16 1 2760
1480 73800 75120 1 0 1320
1481 75240 76560 0 4 1320
1482 78120 80880 16 1 2760
1483 81000 82320 1 0 1320
1487 33480 35580 8 7 2100
1488 35700 37800 7 1 2100
1489 39180 41280 1 7 2100
1490 41400 43500 7 8 2100
1491 43620 46560 8 12 2940
1492 46680 49980 12 17 3300
1493 53580 55680 1 7 2100
1494 55800 57900 7 8 2100
1495 58020 60960 8 12 2940
1496 61080 64380 12 17 3300
1497 67980 70080 1 7 2100
1498 70200 72300 7 8 2100
1499 72420 75360 8 12 2940
1501 27420 30120 0 11 2700
1502 30240 31680 11 9 1440
1503 33300 34740 9 11 1440
1504 34980 37680 11 0 2700
1507 33360 35700 8 5 2340
1508 35820 36780 5 7 960
1509 36900 38700 7 0 1800
1510 42300 44100 0 7 1800
1511 44220 45180 7 5 960
1512 45300 47640 5 8 2340
1513 47760 50700 8 12 2940
1514 50820 53580 12 13 2760
1515 56700 58500 0 7 1800
1516 58620 59580 7 5 960
1517 59700 62040 5 8 2340
1518 62160 65100 8 12 2940
1519 65220 67980 12 13 2760
1520 71100 72900 0 7 1800
1521 73020 73980 7 5 960
1522 74100 76440 5 8 2340
1523 76560 79500 8 12 2940
1526 28320 29280 5 7 960
1527 29400 31500 7 1 2100
1528 31620 32940 1 0 1320
1529 33600 34920 0 1 1320
1530 35160 37260 1 7 2100
1531 37380 38340 7 5 960
1532 38460 39120 5 6 660
1533 40800 42120 0 1 1320
1534 42360 44460 1 7 2100
1535 44580 45540 7 5 960
1536 45660 46320 5 6 660
1537 48000 49320 0 1 1320
1538 49560 51660 1 7 2100
1539 51780 52740 7 5 960
1540 52860 53520 5 6 660
1541 55200 56520 0 1 1320
1542 56760 58860 1 7 2100
1543 58980 59940 7 5 960
1544 60060 60720 5 6 660
1545 62400 63720 0 1 1320
1546 63960 66060 1 7 2100
1547 66180 67140 7 5 960
1548 67260 67920 5 6 660
1549 69600 70920 0 1 1320
1550 71160 73260 1 7 2100
1551 73380 74340 7 5 960
1552 74460 75120 5 6 660
1553 76800 78120 0 1 1320
1554 78360 80460 1 7 2100
1555 80580 81540 7 5 960
1559 34140 36240 8 7 2100
1560 36480 38280 7 0 1800
1561 39060 40860 0 7 1800
1562 40980 43080 7 8 2100
1563 43200 46140 8 12 2940
1564 46260 49560 12 17 3300
1565 53460 55260 0 7 1800
1566 55380 57480 7 8 2100
1567 57600 60540 8 12 2940
1568 60660 63960 12 17 3300
1569 67860 69660 0 7 1800
1570 69780 71880 7 8 2100
1571 72000 74940 8 12 2940
1575 34140 36240 8 7 2100
1576 36360 38160 7 0 1800
1577 38280 39600 0 4 1320
1578 39720 41160 4 14 1440
1579 42900 44340 14 4 1440
1580 44460 45780 4 0 1320
1581 45900 47700 0 7 1800
1582 47820 49920 7 8 2100
1583 50160 53100 8 12 2940
1584 53340 56640 12 15 3300
1585 57300 58740 14 4 1440
1586 58860 60180 4 0 1320
1587 60300 62100 0 7 1800
1588 62220 64320 7 8 2100
1589 64560 67500 8 12 2940
1590 67740 71040 12 15 3300
1591 71700 73140 14 4 1440
1592 73260 74580 4 0 1320
1593 74700 76500 0 7 1800
1594 76620 78720 7 8 2100
1598 30600 31920 1 0 1320
1599 32040 33360 0 4 1320
1600 37260 38580 4 0 1320
1601 38700 40020 0 1 1320
1602 40140 42900 1 16 2760
1603 44460 45780 4 0 1320
1604 45900 47220 0 1 1320
1605 47340 50100 1 16 2760
1606 51660 52980 4 0 1320
1607 53100 54420 0 1 1320
1608 54540 57300 1 16 2760
1609 58860 60180 4 0 1320
1610 60300 61620 0 1 1320
1611 61740 64500 1 16 2760
1612 66060 67380 4 0 1320
1613 67500 68820 0 1 1320
1614 68940 71700 1 16 2760
1615 73260 74580 4 0 1320
1616 74700 76020 0 1 1320
1619 31320 33120 7 0 1800
1620 35100 36900 0 7 1800
1621 37140 40440 7 2 3300
1622 42300 44100 0 7 1800
1623 44340 47640 7 2 3300
1624 49500 51300 0 7 1800
1625 51540 54840 7 2 3300
1626 56700 58500 0 7 1800
1627 58740 62040 7 2 3300
1628 63900 65700 0 7 1800
1629 65940 69240 7 2 3300
1630 71100 72900 0 7 1800
1631 73140 76440 7 2 3300
1632 78300 80100 0 7 1800
1635 29220 31080 3 7 1860
1636 31200 32160 7 5 960
1637 35280 36240 5 7 960
1638 36360 38220 7 3 1860
1639 38340 39660 3 9 1320
1640 42480 43440 5 7 960
1641 43560 45420 7 3 1860
1642 45540 46860 3 9 1320
1643 49680 50640 5 7 960
1644 50760 52620 7 3 1860
1645 52740 54060 3 9 1320
1646 56880 57840 5 7 960
1647 57960 59820 7 3 1860
1648 59940 61260 3 9 1320
1649 64080 65040 5 7 960
1650 65160 67020 7 3 1860
1651 67140 68460 3 9 1320
1652 71280 72240 5 7 960
1653 72360 74220 7 3 1860
1654 74340 75660 3 9 1320
1655 78480 79440 5 7 960
1656 79560 81420 7 3 1860
1658 27900 29700 0 7 1800
1659 29940 33240 7 2 3300
1660 34980 38280 2 7 3300
1661 38520 40320 7 0 1800
1662 42180 45480 2 7 3300
1663 45720 47520 7 0 1800
1664 49380 52680 2 7 3300
1665 52920 54720 7 0 1800
1666 56580 59880 2 7 3300
1667 60120 61920 7 0 1800
1668 63780 67080 2 7 3300
1669 67320 69120 7 0 1800
1670 70980 74280 2 7 3300
1671 74520 76320 7 0 1800
1672 78180 81480 2 7 3300
1673 81720 83520 7 0 1800
1674 27900 29220 0 1 1320
1675 29340 31800 1 2 2460
1676 31920 34800 2 16 2880
1677 36960 39840 16 2 2880
1678 40020 42480 2 1 2460
1679 42600 43920 1 0 1320
1680 45960 48840 16 2 2880
1681 49020 51480 2 1 2460
1682 51600 52920 1 0 1320
1683 54960 57840 16 2 2880
1684 58020 60480 2 1 2460
1685 60600 61920 1 0 1320
1686 63960 66840 16 2 2880
1687 67020 69480 2 1 2460
1688 69600 70920 1 0 1320
1689 72960 75840 16 2 2880
1690 76020 78480 2 1 2460
1691 78600 79920 1 0 1320
1692 27900 29700 0 7 1800
1693 29820 30780 7 5 960
1694 30900 33240 5 8 2340
1695 33360 36300 8 12 2940
1696 36420 39180 12 13 2760
1697 41820 44580 13 12 2760
1698 44700 47640 12 8 2940
1699 47760 50100 8 5 2340
1700 50220 51180 5 7 960
1701 51300 53100 7 0 1800
1702 56220 58980 13 12 2760
1703 59100 62040 12 8 2940
1704 62160 64500 8 5 2340
1705 64620 65580 5 7 960
1706 65700 67500 7 0 1800
1707 70620 73380 13 12 2760
1708 73500 76440 12 8 2940
1709 76560 78900 8 5 2340
1710 79020 79980 5 7 960
1711 80100 81900 7 0 1800
1713 30060 31380 4 0 1320
1714 31500 33300 0 7 1800
1715 33420 34380 7 5 960
1716 34500 35160 5 6 660
1717 36240 36900 6 5 660
1718 37020 37980 5 7 960
1719 38100 39900 7 0 1800
1720 40020 41340 0 4 1320
1721 41460 43500 4 10 2040
1722 47040 47700 6 5 660
1723 47820 48780 5 7 960
1724 48900 50700 7 0 1800
1725 50820 52140 0 4 1320
1726 52260 54300 4 10 2040
1727 57840 58500 6 5 660
1728 58620 59580 5 7 960
1729 59700 61500 7 0 1800
1730 61620 62940 0 4 1320
1731 63060 65100 4 10 2040
1732 68640 69300 6 5 660
1733 69420 70380 5 7 960
1734 70500 72300 7 0 1800
1735 72420 73740 0 4 1320
1736 73860 75900 4 10 2040
1738 31020 33480 2 1 2460
1739 33600 34920 1 0 1320
1740 36900 38220 0 1 1320
1741 38340 40800 1 2 2460
1742 40920 43800 2 16 2880
1743 45900 47220 0 1 1320
1744 47340 49800 1 2 2460
1745 49920 52800 2 16 2880
1746 54900 56220 0 1 1320
1747 56340 58800 1 2 2460
1748 58920 61800 2 16 2880
1749 63900 65220 0 1 1320
1750 65340 67800 1 2 2460
1751 67920 70800 2 16 2880
1752 72900 74220 0 1 1320
1753 74340 76800 1 2 2460
1755 28080 29040 5 7 960
1756 29160 31020 7 3 1860
1757 31140 32460 3 9 1320
1758 34980 36300 9 3 1320
1759 36420 38280 3 7 1860
1760 38400 39360 7 5 960
1761 42180 43500 9 3 1320
1762 43620 45480 3 7 1860
1763 45600 46560 7 5 960
1764 49380 50700 9 3 1320
1765 50820 52680 3 7 1860
1766 52800 53760 7 5 960
1767 56580 57900 9 3 1320
1768 58020 59880 3 7 1860
1769 60000 60960 7 5 960
1770 63780 65100 9 3 1320
1771 65220 67080 3 7 1860
1772 67200 68160 7 5 960
1773 70980 72300 9 3 1320
1774 72420 74280 3 7 1860
1775 74400 75360 7 5 960
1776 78180 79500 9 3 1320
1777 79620 81480 3 7 1860
1778 81600 82560 7 5 960
1780 28860 31200 5 8 2340
1781 31320 33000 8 3 1680
1782 33120 34440 3 9 1320
1783 35280 36600 9 3 1320
1784 36720 38400 3 8 1680
1785 38520 40860 8 5 2340
1786 40980 41640 5 6 660
1787 42480 43800 9 3 1320
1788 43920 45600 3 8 1680
1789 45720 48060 8 5 2340
1790 48180 48840 5 6 660
1791 49680 51000 9 3 1320
1792 51120 52800 3 8 1680
1793 52920 55260 8 5 2340
1794 55380 56040 5 6 660
1795 56880 58200 9 3 1320
1796 58320 60000 3 8 1680
1797 60120 62460 8 5 2340
1798 62580 63240 5 6 660
1799 64080 65400 9 3 1320
1800 65520 67200 3 8 1680
1801 67320 69660 8 5 2340
1802 69780 70440 5 6 660
1803 71280 72600 9 3 1320
1804 72720 74400 3 8 1680
1805 74520 76860 8 5 2340
1806 76980 77640 5 6 660
1807 78480 79800 9 3 1320
1808 79920 81600 3 8 1680
1809 81720 84060 8 5 2340
1812 29520 31200 3 8 1680
1813 31320 33660 8 5 2340
1814 33780 34440 5 6 660
1815 35280 35940 6 5 660
1816 36060 38400 5 8 2340
1817 38520 40200 8 3 1680
1818 40320 41640 3 9 1320
1819 42480 43140 6 5 660
1820 43260 45600 5 8 2340
1821 45720 47400 8 3 1680
1822 47520 48840 3 9 1320
1823 49680 50340 6 5 660
1824 50460 52800 5 8 2340
1825 52920 54600 8 3 1680
1826 54720 56040 3 9 1320
1827 56880 57540 6 5 660
1828 57660 60000 5 8 2340
1829 60120 61800 8 3 1680
1830 61920 63240 3 9 1320
1831 64080 64740 6 5 660
1832 64860 67200 5 8 2340
1833 67320 69000 8 3 1680
1834 69120 70440 3 9 1320
1835 71280 71940 6 5 660
1836 72060 74400 5 8 2340
1837 74520 76200 8 3 1680
1838 76320 77640 3 9 1320
1839 78480 79140 6 5 660
1840 79260 81600 5 8 2340
1841 81720 83400 8 3 1680
1843 28260 30060 0 7 1800
1844 30180 32280 7 8 2100
1845 32400 35340 8 12 2940
1846 35460 38760 12 17 3300
1847 41940 45240 17 12 3300
1848 45480 48420 12 8 2940
1849 48540 50640 8 7 2100
1850 50880 52680 7 0 1800
1851 56340 59640 17 12 3300
1852 59880 62820 12 8 2940
1853 62940 65040 8 7 2100
1854 65280 67080 7 0 1800
1855 70740 74040 17 12 3300
1856 74280 77220 12 8 2940
1857 77340 79440 8 7 2100
1858 79680 81480 7 0 1800
1859 28260 29880 3 11 1620
1860 30000 32700 11 0 2700
1861 32820 34140 0 4 1320
1862 34260 35700 4 14 1440
1863 39840 41280 14 4 1440
1864 41400 42720 4 0 1320
1865 42840 45540 0 11 2700
1866 45660 47280 11 3 1620
1867 50640 52080 14 4 1440
1868 52200 53520 4 0 1320
1869 53640 56340 0 11 2700
1870 56460 58080 11 3 1620
1871 61440 62880 14 4 1440
1872 63000 64320 4 0 1320
1873 64440 67140 0 11 2700
1874 67260 68880 11 3 1620
1875 72240 73680 14 4 1440
1876 73800 75120 4 0 1320
1877 75240 77940 0 11 2700
1878 78060 79680 11 3 1620
1879 28260 29880 11 3 1620
1880 30000 31860 3 7 1860
1881 31980 35280 7 2 3300
1882 39360 42660 2 7 3300
1883 42780 44640 7 3 1860
1884 44760 46380 3 11 1620
1885 50160 53460 2 7 3300
1886 53580 55440 7 3 1860
1887 55560 57180 3 11 1620
1888 60960 64260 2 7 3300
1889 64380 66240 7 3 1860
1890 66360 67980 3 11 1620
1891 71760 75060 2 7 3300
1892 75180 77040 7 3 1860
1893 77160 78780 3 11 1620
1894 28380 30480 1 7 2100
1895 30600 32700 7 8 2100
1896 32820 35760 8 12 2940
1897 35880 39180 12 17 3300
1898 41400 44700 17 12 3300
1899 44820 47760 12 8 2940
1900 47880 49980 8 7 2100
1901 50100 52200 7 1 2100
1902 55800 59100 17 12 3300
1903 59220 62160 12 8 2940
1904 62280 64380 8 7 2100
1905 64500 66600 7 1 2100
1906 70200 73500 17 12 3300
1907 73620 76560 12 8 2940
1908 76680 78780 8 7 2100
1909 78900 81000 7 1 2100
1911 30060 31380 4 0 1320
1912 31500 33300 0 7 1800
1913 33420 35520 7 8 2100
1914 35760 38700 8 12 2940
1915 38940 42240 12 15 3300
1916 45660 48960 15 12 3300
1917 49080 52020 12 8 2940
1918 52140 54240 8 7 2100
1919 54360 56160 7 0 1800
1920 56280 57600 0 4 1320
1921 57720 59160 4 14 1440
1922 60060 63360 15 12 3300
1923 63480 66420 12 8 2940
1924 66540 68640 8 7 2100
1925 68760 70560 7 0 1800
1926 70680 72000 0 4 1320
1927 72120 73560 4 14 1440
1928 74460 77760 15 12 3300
1929 77880 80820 12 8 2940
1930 80940 83040 8 7 2100
1931 83160 84960 7 0 1800
1934 28500 30360 3 7 1860
1935 30480 32580 7 1 2100
1936 32700 35460 1 16 2760
1937 36900 39660 16 1 2760
1938 39780 41880 1 7 2100
1939 42000 43860 7 3 1860
1940 47700 50460 16 1 2760
1941 50580 52680 1 7 2100
1942 52800 54660 7 3 1860
1943 58500 61260 16 1 2760
1944 61380 63480 1 7 2100
1945 63600 65460 7 3 1860
1946 69300 72060 16 1 2760
1947 72180 74280 1 7 2100
1948 74400 76260 7 3 1860
1950 31980 33840 7 3 1860
1951 33960 35580 3 11 1620
1952 39060 40680 11 3 1620
1953 40800 42660 3 7 1860
1954 42780 46080 7 2 3300
1955 49860 51480 11 3 1620
1956 51600 53460 3 7 1860
1957 53580 56880 7 2 3300
1958 60660 62280 11 3 1620
1959 62400 64260 3 7 1860
1960 64380 67680 7 2 3300
1961 71460 73080 11 3 1620
1962 73200 75060 3 7 1860
1963 75180 78480 7 2 3300
1965 29400 30360 5 7 960
1966 30480 32340 7 3 1860
1967 32460 33780 3 9 1320
1968 35940 37260 9 3 1320
1969 37380 39240 3 7 1860
1970 39360 40320 7 5 960
1971 40440 41100 5 6 660
1972 43140 44460 9 3 1320
1973 44580 46440 3 7 1860
1974 46560 47520 7 5 960
1975 47640 48300 5 6 660
1976 50340 51660 9 3 1320
1977 51780 53640 3 7 1860
1978 53760 54720 7 5 960
1979 54840 55500 5 6 660
1980 57540 58860 9 3 1320
1981 58980 60840 3 7 1860
1982 60960 61920 7 5 960
1983 62040 62700 5 6 660
1984 64740 66060 9 3 1320
1985 66180 68040 3 7 1860
1986 68160 69120 7 5 960
1987 69240 69900 5 6 660
1988 71940 73260 9 3 1320
1989 73380 75240 3 7 1860
1990 75360 76320 7 5 960
1991 76440 77100 5 6 660
1992 79140 80460 9 3 1320
1993 80580 82440 3 7 1860
1994 82560 83520 7 5 960
1997 30180 32040 3 7 1860
1998 32160 33120 7 5 960
1999 33240 33900 5 6 660
2000 35820 36480 6 5 660
2001 36600 37560 5 7 960
2002 37680 39540 7 3 1860
2003 39660 40980 3 9 1320
2004 43020 43680 6 5 660
2005 43800 44760 5 7 960
2006 44880 46740 7 3 1860
2007 46860 48180 3 9 1320
2008 50220 50880 6 5 660
2009 51000 51960 5 7 960
2010 52080 53940 7 3 1860
2011 54060 55380 3 9 1320
2012 57420 58080 6 5 660
2013 58200 59160 5 7 960
2014 59280 61140 7 3 1860
2015 61260 62580 3 9 1320
2016 64620 65280 6 5 660
2017 65400 66360 5 7 960
2018 66480 68340 7 3 1860
2019 68460 69780 3 9 1320
2020 71820 72480 6 5 660
2021 72600 73560 5 7 960
2022 73680 75540 7 3 1860
2023 75660 76980 3 9 1320
2024 79020 79680 6 5 660
2025 79800 80760 5 7 960
2026 80880 82740 7 3 1860
2028 28800 30120 0 4 1320
2029 30240 32280 4 10 2040
2030 32400 34560 10 11 2160
2031 35640 37800 11 10 2160
2032 37920 39960 10 4 2040
2033 40080 41400 4 0 1320
2035 30600 31920 4 0 1320
2036 32040 34740 0 11 2700
2037 34860 36480 11 3 1620
2038 39060 40680 3 11 1620
2039 40800 43500 11 0 2700
2040 43620 44940 0 4 1320
2041 45060 46500 4 14 1440
2042 49860 51480 3 11 1620
2043 51600 54300 11 0 2700
2044 54420 55740 0 4 1320
2045 55860 57300 4 14 1440
2046 60660 62280 3 11 1620
2047 62400 65100 11 0 2700
2048 65220 66540 0 4 1320
2049 66660 68100 4 14 1440
2050 71460 73080 3 11 1620
2051 73200 75900 11 0 2700
2052 76020 77340 0 4 1320
2054 29040 29700 6 5 660
2055 29820 30780 5 7 960
2056 30900 32700 7 0 1800
2057 32820 34140 0 4 1320
2058 34260 36300 4 10 2040
2059 38700 40740 10 4 2040
2060 40860 42180 4 0 1320
2061 42300 44100 0 7 1800
2062 44220 45180 7 5 960
2063 45300 45960 5 6 660
2064 49500 51540 10 4 2040
2065 51660 52980 4 0 1320
2066 53100 54900 0 7 1800
2067 55020 55980 7 5 960
2068 56100 56760 5 6 660
2069 60300 62340 10 4 2040
2070 62460 63780 4 0 1320
2071 63900 65700 0 7 1800
2072 65820 66780 7 5 960
2073 66900 67560 5 6 660
2074 71100 73140 10 4 2040
2075 73260 74580 4 0 1320
2076 74700 76500 0 7 1800
2077 76620 77580 7 5 960
2078 77700 78360 5 6 660
2081 33420 36360 12 8 2940
2082 36480 38160 8 3 1680
2083 38280 39900 3 11 1620
2084 40020 42180 11 10 2160
2085 43980 46140 10 11 2160
2086 46260 47880 11 3 1620
2087 48000 49680 3 8 1680
2088 49800 52740 8 12 2940
2089 52860 55620 12 13 2760
2090 55740 56820 13 15 1080
2091 58380 60540 10 11 2160
2092 60660 62280 11 3 1620
2093 62400 64080 3 8 1680
2094 64200 67140 8 12 2940
2095 67260 70020 12 13 2760
2096 70140 71220 13 15 1080
2097 72780 74940 10 11 2160
2098 75060 76680 11 3 1620
2099 76800 78480 3 8 1680
2104 31860 33480 11 3 1620
2105 33600 35280 3 8 1680
2106 35400 38340 8 12 2940
2107 38460 41220 12 13 2760
2108 41340 42420 13 15 1080
2109 43620 44700 15 13 1080
2110 44940 47700 13 12 2760
2111 47820 50760 12 8 2940
2112 50880 52560 8 3 1680
2113 52680 54300 3 11 1620
2114 54420 56580 11 10 2160
2115 58020 59100 15 13 1080
2116 59340 62100 13 12 2760
2117 62220 65160 12 8 2940
2118 65280 66960 8 3 1680
2119 67080 68700 3 11 1620
2120 68820 70980 11 10 2160
2121 72420 73500 15 13 1080
2122 73740 76500 13 12 2760
2123 76620 79560 12 8 2940
2124 79680 81360 8 3 1680
2127 29700 31020 0 1 1320
2128 31140 33600 1 2 2460
2129 33720 36600 2 16 2880
2130 38760 41640 16 2 2880
2131 41820 44280 2 1 2460
2132 44400 45720 1 0 1320
2133 47760 50640 16 2 2880
2134 50820 53280 2 1 2460
2135 53400 54720 1 0 1320
2136 56760 59640 16 2 2880
2137 59820 62280 2 1 2460
2138 62400 63720 1 0 1320
2139 65760 68640 16 2 2880
2140 68820 71280 2 1 2460
2141 71400 72720 1 0 1320
2142 74760 77640 16 2 2880
2143 77820 80280 2 1 2460
2144 80400 81720 1 0 1320
2146 32580 34680 1 7 2100
2147 34800 36660 7 3 1860
2148 39300 41160 3 7 1860
2149 41280 43380 7 1 2100
2150 43500 46260 1 16 2760
2151 50100 51960 3 7 1860
2152 52080 54180 7 1 2100
2153 54300 57060 1 16 2760
2154 60900 62760 3 7 1860
2155 62880 64980 7 1 2100
2156 65100 67860 1 16 2760
2157 71700 73560 3 7 1860
2158 73680 75780 7 1 2100
2161 32820 35280 2 1 2460
2162 35400 36720 1 0 1320
2163 38700 40020 0 1 1320
2164 40140 42600 1 2 2460
2165 42720 45600 2 16 2880
2166 47700 49020 0 1 1320
2167 49140 51600 1 2 2460
2168 51720 54600 2 16 2880
2169 56700 58020 0 1 1320
2170 58140 60600 1 2 2460
2171 60720 63600 2 16 2880
2172 65700 67020 0 1 1320
2173 67140 69600 1 2 2460
2174 69720 72600 2 16 2880
2175 74700 76020 0 1 1320
2176 76140 78600 1 2 2460
2178 30060 31380 4 0 1320
2179 31500 32820 0 1 1320
2180 32940 35700 1 16 2760
2181 38520 41280 16 1 2760
2182 41400 42720 1 0 1320
2183 42840 44160 0 4 1320
2185 34020 36960 12 8 2940
2186 37080 39180 8 7 2100
2187 39300 41400 7 1 2100
2188 42780 44880 1 7 2100
2189 45000 47100 7 8 2100
2190 47220 50160 8 12 2940
2191 50280 53580 12 17 3300
2192 57180 59280 1 7 2100
2193 59400 61500 7 8 2100
2194 61620 64560 8 12 2940
2195 64680 67980 12 17 3300
2196 71580 73680 1 7 2100
2197 73800 75900 7 8 2100
2198 76020 78960 8 12 2940
2201 33900 36840 12 8 2940
2202 36960 39300 8 5 2340
2203 39420 40380 5 7 960
2204 40500 42300 7 0 1800
2205 45900 47700 0 7 1800
2206 47820 48780 7 5 960
2207 48900 51240 5 8 2340
2208 51360 54300 8 12 2940
2209 54420 57180 12 13 2760
2210 60300 62100 0 7 1800
2211 62220 63180 7 5 960
2212 63300 65640 5 8 2340
2213 65760 68700 8 12 2940
2214 68820 71580 12 13 2760
2215 74700 76500 0 7 1800
2216 76620 77580 7 5 960
2217 77700 80040 5 8 2340
2221 34680 37620 12 8 2940
2222 37740 39840 8 7 2100
2223 40080 41880 7 0 1800
2224 42660 44460 0 7 1800
2225 44580 46680 7 8 2100
2226 46800 49740 8 12 2940
2227 49860 53160 12 17 3300
2228 57060 58860 0 7 1800
2229 58980 61080 7 8 2100
2230 61200 64140 8 12 2940
2231 64260 67560 12 17 3300
2232 71460 73260 0 7 1800
2233 73380 75480 7 8 2100
2234 75600 78540 8 12 2940
2237 34680 37620 12 8 2940
2238 37740 39840 8 7 2100
2239 39960 41760 7 0 1800
2240 41880 43200 0 4 1320
2241 43320 44760 4 14 1440
2242 46500 47940 14 4 1440
2243 48060 49380 4 0 1320
2244 49500 51300 0 7 1800
2245 51420 53520 7 8 2100
2246 53760 56700 8 12 2940
2247 56940 60240 12 15 3300
2248 60900 62340 14 4 1440
2249 62460 63780 4 0 1320
2250 63900 65700 0 7 1800
2251 65820 67920 7 8 2100
2252 68160 71100 8 12 2940
2253 71340 74640 12 15 3300
2254 75300 76740 14 4 1440
2255 76860 78180 4 0 1320
2256 78300 80100 0 7 1800
2257 80220 82320 7 8 2100
2260 31500 33300 0 7 1800
2261 33420 34380 7 5 960
2262 34500 36840 5 8 2340
2263 36960 39900 8 12 2940
2264 40020 42780 12 13 2760
2265 45420 48180 13 12 2760
2266 48300 51240 12 8 2940
2267 51360 53700 8 5 2340
2268 53820 54780 5 7 960
2269 54900 56700 7 0 1800
2270 59820 62580 13 12 2760
2271 62700 65640 12 8 2940
2272 65760 68100 8 5 2340
2273 68220 69180 5 7 960
2274 69300 71100 7 0 1800
2275 74220 76980 13 12 2760
2276 77100 80040 12 8 2940
2277 80160 82500 8 5 2340
2278 82620 83580 5 7 960
2279 83700 85500 7 0 1800
2280 31860 33660 0 7 1800
2281 33780 35880 7 8 2100
2282 36000 38940 8 12 2940
2283 39060 42360 12 17 3300
2284 45540 48840 17 12 3300
2285 49080 52020 12 8 2940
2286 52140 54240 8 7 2100
2287 54480 56280 7 0 1800
2288 59940 63240 17 12 3300
2289 63480 66420 12 8 2940
2290 66540 68640 8 7 2100
2291 68880 70680 7 0 1800
2292 74340 77640 17 12 3300
2293 77880 80820 12 8 2940
2294 80940 83040 8 7 2100
2295 83280 85080 7 0 1800
2296 31860 33480 11 3 1620
2297 33600 35460 3 7 1860
2298 35580 38880 7 2 3300
2299 42960 46260 2 7 3300
2300 46380 48240 7 3 1860
2301 48360 49980 3 11 1620
2302 53760 57060 2 7 3300
2303 57180 59040 7 3 1860
2304 59160 60780 3 11 1620
2305 64560 67860 2 7 3300
2306 67980 69840 7 3 1860
2307 69960 71580 3 11 1620
2308 75360 78660 2 7 3300
2309 78780 80640 7 3 1860
2311 31980 34080 1 7 2100
2312 34200 36300 7 8 2100
2313 36420 39360 8 12 2940
2314 39480 42780 12 17 3300
2315 45000 48300 17 12 3300
2316 48420 51360 12 8 2940
2317 51480 53580 8 7 2100
2318 53700 55800 7 1 2100
2319 59400 62700 17 12 3300
2320 62820 65760 12 8 2940
2321 65880 67980 8 7 2100
2322 68100 70200 7 1 2100
2323 73800 77100 17 12 3300
2324 77220 80160 12 8 2940
2325 80280 82380 8 7 2100
2326 82500 84600 7 1 2100
2327 32100 33540 14 4 1440
2328 33660 34980 4 0 1320
2329 35100 36900 0 7 1800
2330 37020 39120 7 8 2100
2331 39360 42300 8 12 2940
2332 42540 45840 12 15 3300
2333 49260 52560 15 12 3300
2334 52680 55620 12 8 2940
2335 55740 57840 8 7 2100
2336 57960 59760 7 0 1800
2337 59880 61200 0 4 1320
2338 61320 62760 4 14 1440
2339 63660 66960 15 12 3300
2340 67080 70020 12 8 2940
2341 70140 72240 8 7 2100
2342 72360 74160 7 0 1800
2343 74280 75600 0 4 1320
2344 75720 77160 4 14 1440
2345 78060 81360 15 12 3300
2346 81480 84420 12 8 2940
2347 84540 86640 8 7 2100
2348 86760 88560 7 0 1800
2351 32160 35460 2 7 3300
2352 35580 37440 7 3 1860
2353 37560 39180 3 11 1620
2354 42660 44280 11 3 1620
2355 44400 46260 3 7 1860
2356 46380 49680 7 2 3300
2357 53460 55080 11 3 1620
2358 55200 57060 3 7 1860
2359 57180 60480 7 2 3300
2360 64260 65880 11 3 1620
2361 66000 67860 3 7 1860
2362 67980 71280 7 2 3300
2363 75060 76680 11 3 1620
2364 76800 78660 3 7 1860
2366 32640 34080 14 4 1440
2367 34200 35520 4 0 1320
2368 35640 38340 0 11 2700
2369 38460 40080 11 3 1620
2370 42660 44280 3 11 1620
2371 44400 47100 11 0 2700
2372 47220 48540 0 4 1320
2373 48660 50100 4 14 1440
2374 32760 34620 7 3 1860
2375 34860 36540 3 8 1680
2376 39300 40980 8 3 1680
2377 41100 42960 3 7 1860
2380 37020 39960 12 8 2940
2381 40080 41760 8 3 1680
2382 41880 43500 3 11 1620
2383 43620 45780 11 10 2160
2384 47580 49740 10 11 2160
2385 49860 51480 11 3 1620
2386 51600 53280 3 8 1680
2387 53400 56340 8 12 2940
2388 56460 59220 12 13 2760
2389 59340 60420 13 15 1080
2390 61980 64140 10 11 2160
2391 64260 65880 11 3 1620
2392 66000 67680 3 8 1680
2393 67800 70740 8 12 2940
2394 70860 73620 12 13 2760
2395 73740 74820 13 15 1080
2396 76380 78540 10 11 2160
2397 78660 80280 11 3 1620
2398 80400 82080 3 8 1680
2402 33180 35340 10 11 2160
2403 35460 37080 11 3 1620
2404 37200 38880 3 8 1680
2405 39000 41940 8 12 2940
2406 42060 44820 12 13 2760
2407 44940 46020 13 15 1080
2408 47220 48300 15 13 1080
2409 48540 51300 13 12 2760
2410 51420 54360 12 8 2940
2411 54480 56160 8 3 1680
2412 56280 57900 3 11 1620
2413 58020 60180 11 10 2160
2414 61620 62700 15 13 1080
2415 62940 65700 13 12 2760
2416 65820 68760 12 8 2940
2417 68880 70560 8 3 1680
2418 70680 72300 3 11 1620
2419 72420 74580 11 10 2160
2420 76020 77100 15 13 1080
2421 77340 80100 13 12 2760
2422 80220 83160 12 8 2940
2427 37620 40560 12 8 2940
2428 40680 42780 8 7 2100
2429 42900 45000 7 1 2100
2430 46380 48480 1 7 2100
2431 48600 50700 7 8 2100
2432 50820 53760 8 12 2940
2433 53880 57180 12 17 3300
2434 60780 62880 1 7 2100
2435 63000 65100 7 8 2100
2436 65220 68160 8 12 2940
2437 68280 71580 12 17 3300
2438 75180 77280 1 7 2100
2439 77400 79500 7 8 2100
2442 34620 37380 13 12 2760
2443 37500 40440 12 8 2940
2444 40560 42900 8 5 2340
2445 43020 43980 5 7 960
2446 44100 45900 7 0 1800
2447 49500 51300 0 7 1800
2448 51420 52380 7 5 960
2449 52500 54840 5 8 2340
2450 54960 57900 8 12 2940
2451 58020 60780 12 13 2760
2452 63900 65700 0 7 1800
2453 65820 66780 7 5 960
2454 66900 69240 5 8 2340
2455 69360 72300 8 12 2940
2456 72420 75180 12 13 2760
2457 78300 80100 0 7 1800
2458 80220 81180 7 5 960
2459 81300 83640 5 8 2340
2462 34740 35400 6 5 660
2463 35520 36480 5 7 960
2464 36600 38700 7 1 2100
2465 38820 40140 1 0 1320
2466 40800 42120 0 1 1320
2467 42360 44460 1 7 2100
2468 44580 45540 7 5 960
2469 45660 46320 5 6 660
2471 38280 41220 12 8 2940
2472 41340 43440 8 7 2100
2473 43680 45480 7 0 1800
2474 46260 48060 0 7 1800
2475 48180 50280 7 8 2100
2476 50400 53340 8 12 2940
2477 53460 56760 12 17 3300
2478 60660 62460 0 7 1800
2479 62580 64680 7 8 2100
2480 64800 67740 8 12 2940
2481 67860 71160 12 17 3300
2482 75060 76860 0 7 1800
2483 76980 79080 7 8 2100
2487 38280 41220 12 8 2940
2488 41340 43440 8 7 2100
2489 43560 45360 7 0 1800
2490 45480 46800 0 4 1320
2491 46920 48360 4 14 1440
2492 50100 51540 14 4 1440
2493 51660 52980 4 0 1320
2494 53100 54900 0 7 1800
2495 55020 57120 7 8 2100
2496 57360 60300 8 12 2940
2497 60540 63840 12 15 3300
2498 64500 65940 14 4 1440
2499 66060 67380 4 0 1320
2500 67500 69300 0 7 1800
2501 69420 71520 7 8 2100
2502 71760 74700 8 12 2940
2504 78900 80340 14 4 1440
2505 80460 81780 4 0 1320
2506 81900 83700 0 7 1800
2510 35100 36900 0 7 1800
2511 37020 37980 7 5 960
2512 38100 40440 5 8 2340
2513 40560 43500 8 12 2940
2514 43620 46380 12 13 2760
2515 49020 51780 13 12 2760
2516 51900 54840 12 8 2940
2517 54960 57300 8 5 2340
2518 57420 58380 5 7 960
2519 58500 60300 7 0 1800
2520 63420 66180 13 12 2760
2521 66300 69240 12 8 2940
2522 69360 71700 8 5 2340
2523 71820 72780 5 7 960
2524 72900 74700 7 0 1800
2525 77820 80580 13 12 2760
2526 80700 83640 12 8 2940
2527 83760 86100 8 5 2340
2528 86220 87180 5 7 960
2530 35700 37140 14 4 1440
2531 37260 38580 4 0 1320
2532 38700 40500 0 7 1800
2533 40620 42720 7 8 2100
2534 42960 45900 8 12 2940
2535 46140 49440 12 15 3300
2536 52860 56160 15 12 3300
2537 56280 59220 12 8 2940
2538 59340 61440 8 7 2100
2539 61560 63360 7 0 1800
2540 63480 64800 0 4 1320
2541 64920 66360 4 14 1440
2542 67260 70560 15 12 3300
2543 70680 73620 12 8 2940
2544 73740 75840 8 7 2100
2545 75960 77760 7 0 1800
2546 77880 79200 0 4 1320
2548 36000 37320 0 4 1320
2549 37440 39480 4 10 2040
2550 39600 41760 10 11 2160
2551 42840 45000 11 10 2160
2552 45120 47160 10 4 2040
2553 47280 48600 4 0 1320
2554 38460 41760 15 12 3300
2555 41880 44820 12 8 2940
2556 44940 47040 8 7 2100
2557 47160 48960 7 0 1800
2558 49080 50400 0 4 1320
2559 50520 51960 4 14 1440
2560 53700 55140 14 4 1440
2561 55260 56580 4 0 1320
2562 56700 58500 0 7 1800
2563 58620 60720 7 8 2100
2564 60960 63900 8 12 2940
2565 64140 67440 12 15 3300
2566 39840 40500 6 5 660
2567 40620 41580 5 7 960
2568 41700 43500 7 0 1800
2569 43620 44940 0 4 1320
2570 45060 47100 4 10 2040
2571 49500 51540 10 4 2040
2572 51660 52980 4 0 1320
2573 53100 54900 0 7 1800
2574 55020 55980 7 5 960
2575 56100 56760 5 6 660
2576 39960 41820 7 3 1860
2577 42060 43740 3 8 1680
2578 46500 48180 8 3 1680
2579 48300 50160 3 7 1860
2580 40500 43260 16 1 2760
2581 43380 45480 1 7 2100
2582 45600 47460 7 3 1860
2583 50100 51960 3 7 1860
2584 52080 54180 7 1 2100
2585 54300 57060 1 16 2760
2586 41940 42600 6 5 660
2587 42720 43680 5 7 960
2588 43800 45900 7 1 2100
2589 46020 47340 1 0 1320
2590 48000 49320 0 1 1320
2591 49560 51660 1 7 2100
2592 51780 52740 7 5 960
2593 52860 53520 5 6 660
2594 43200 44520 0 4 1320
2595 44640 46680 4 10 2040
2596 46800 48960 10 11 2160
2597 50040 52200 11 10 2160
2598 52320 54360 10 4 2040
2599 54480 55800 4 0 1320
2600 43440 44880 14 4 1440
2601 45000 46320 4 0 1320
2602 46440 49140 0 11 2700
2603 49260 50880 11 3 1620
2604 53460 55080 3 11 1620
2605 55200 57900 11 0 2700
2606 58020 59340 0 4 1320
2607 59460 60900 4 14 1440
2608 47160 49020 7 3 1860
2609 49260 50940 3 8 1680
2610 53700 55380 8 3 1680
2611 55500 57360 3 7 1860
2612 48600 51900 17 12 3300
2613 52020 54960 12 8 2940
2614 55080 57180 8 7 2100
2615 57300 59400 7 1 2100
2616 60780 62880 1 7 2100
2617 63000 65100 7 8 2100
2618 65220 68160 8 12 2940
2619 68280 71580 12 17 3300
2620 49140 49800 6 5 660
2621 49920 50880 5 7 960
2622 51000 53100 7 1 2100
2623 53220 54540 1 0 1320
2624 55200 56520 0 1 1320
2625 56760 58860 1 7 2100
2626 58980 59940 7 5 960
2627 60060 60720 5 6 660
2628 49140 52440 17 12 3300
2629 52680 55620 12 8 2940
2630 55740 57840 8 7 2100
2631 58080 59880 7 0 1800
2632 60660 62460 0 7 1800
2633 62580 64680 7 8 2100
2634 64800 67740 8 12 2940
2635 67860 71160 12 17 3300
2636 50400 51720 0 4 1320
2637 51840 53880 4 10 2040
2638 54000 56160 10 11 2160
2639 57240 59400 11 10 2160
2640 59520 61560 10 4 2040
2641 61680 63000 4 0 1320
2642 50640 51300 6 5 660
2643 51420 52380 5 7 960
2644 52500 54300 7 0 1800
2645 54420 55740 0 4 1320
2646 55860 57900 4 10 2040
2647 60300 62340 10 4 2040
2648 62460 63780 4 0 1320
2649 63900 65700 0 7 1800
2650 65820 66780 7 5 960
2651 66900 67560 5 6 660
2652 51300 54060 16 1 2760
2653 54180 56280 1 7 2100
2654 56400 58260 7 3 1860
2655 60900 62760 3 7 1860
2656 62880 64980 7 1 2100
2657 65100 67860 1 16 2760
2658 54240 55680 14 4 1440
2659 55800 57120 4 0 1320
2660 57240 59940 0 11 2700
2661 60060 61680 11 3 1620
2662 64260 65880 3 11 1620
2663 66000 68700 11 0 2700
2664 68820 70140 0 4 1320
2665 70260 71700 4 14 1440
2666 54360 56220 7 3 1860
2667 56460 58140 3 8 1680
2668 60900 62580 8 3 1680
2669 62700 64560 3 7 1860
2670 56340 57000 6 5 660
2671 57120 58080 5 7 960
2672 58200 60300 7 1 2100
2673 60420 61740 1 0 1320
2674 62400 63720 0 1 1320
2675 63960 66060 1 7 2100
2676 66180 67140 7 5 960
2677 67260 67920 5 6 660
2678 57600 58920 0 4 1320
2679 59040 61080 4 10 2040
2680 61200 63360 10 11 2160
2681 64440 66600 11 10 2160
2682 66720 68760 10 4 2040
2683 68880 70200 4 0 1320
2684 61440 62100 6 5 660
2685 62220 63180 5 7 960
2686 63300 65100 7 0 1800
2687 65220 66540 0 4 1320
2688 66660 68700 4 10 2040
2689 71100 73140 10 4 2040
2690 73260 74580 4 0 1320
2691 74700 76500 0 7 1800
2692 76620 77580 7 5 960
2693 77700 78360 5 6 660
2694 61560 63420 7 3 1860
2695 63660 65340 3 8 1680
2696 68100 69780 8 3 1680
2697 69900 71760 3 7 1860
2698 62100 64860 16 1 2760
2699 64980 67080 1 7 2100
2700 67200 69060 7 3 1860
2701 71700 73560 3 7 1860
2702 73680 75780 7 1 2100
2704 63000 66300 17 12 3300
2705 66420 69360 12 8 2940
2706 69480 71580 8 7 2100
2707 71700 73800 7 1 2100
2708 75180 77280 1 7 2100
2709 77400 79500 7 8 2100
2712 63540 64200 6 5 660
2713 64320 65280 5 7 960
2714 65400 67500 7 1 2100
2715 67620 68940 1 0 1320
2716 69600 70920 0 1 1320
2717 71160 73260 1 7 2100
2718 73380 74340 7 5 960
2719 74460 75120 5 6 660
2720 63540 66840 17 12 3300
2721 67080 70020 12 8 2940
2722 70140 72240 8 7 2100
2723 72480 74280 7 0 1800
2724 75060 76860 0 7 1800
2725 76980 79080 7 8 2100
2728 64800 66120 0 4 1320
2729 66240 68280 4 10 2040
2730 68400 70560 10 11 2160
2731 71640 73800 11 10 2160
2732 73920 75960 10 4 2040
2733 76080 77400 4 0 1320
2734 65040 66480 14 4 1440
2735 66600 67920 4 0 1320
2736 68040 70740 0 11 2700
2737 70860 72480 11 3 1620
2738 75060 76680 3 11 1620
2739 76800 79500 11 0 2700
2740 79620 80940 0 4 1320
2742 68760 70620 7 3 1860
2743 70860 72540 3 8 1680
2744 75300 76980 8 3 1680
2745 77100 78960 3 7 1860
2746 70740 71400 6 5 660
2747 71520 72480 5 7 960
2748 72600 74700 7 1 2100
2749 74820 76140 1 0 1320
2750 76800 78120 0 1 1320
2751 78360 80460 1 7 2100
2752 80580 81540 7 5 960
2754 72000 73320 0 4 1320
2755 73440 75480 4 10 2040
2756 75600 77760 10 11 2160
2757 78840 81000 11 10 2160
2758 81120 83160 10 4 2040
2759 83280 84600 4 0 1320
2760 72240 72900 6 5 660
2761 73020 73980 5 7 960
2762 74100 75900 7 0 1800
2763 76020 77340 0 4 1320
2764 77460 79500 4 10 2040
2765 81900 83940 10 4 2040
2766 84060 85380 4 0 1320
2767 85500 87300 0 7 1800
2770 72900 75660 16 1 2760
2771 75780 77880 1 7 2100
2772 78000 79860 7 3 1860
2773 82500 84360 3 7 1860
2774 84480 86580 7 1 2100
2776 75840 77280 14 4 1440
2777 77400 78720 4 0 1320
2778 78840 81540 0 11 2700
2779 81660 83280 11 3 1620
2784 75960 77820 7 3 1860
2785 78060 79740 3 8 1680
2786 82500 84180 8 3 1680
2787 84300 86160 3 7 1860
2788 77400 80700 17 12 3300
2789 80820 83760 12 8 2940
2790 83880 85980 8 7 2100
2791 86100 88200 7 1 2100
2792 89580 91680 1 7 2100
2796 77940 78600 6 5 660
2797 78720 79680 5 7 960
2798 79800 81900 7 1 2100
2799 82020 83340 1 0 1320
2800 84000 85320 0 1 1320
2801 85560 87660 1 7 2100
2804 77940 81240 17 12 3300
2805 81480 84420 12 8 2940
2806 84540 86640 8 7 2100
2807 86880 88680 7 0 1800
2808 89460 91260 0 7 1800
2812 79200 80520 0 4 1320
