0 1 22
5 7 16
5 6 11
3 7 31
3 9 22
9 11 24
13 15 18
1 0 22
7 5 16
6 5 11
7 3 31
9 3 22
11 9 24
15 13 18
7 8 35
8 7 35
3 11 27
11 3 27
1 16 46
16 1 46
1 7 35
7 1 35
5 8 39
8 5 39
12 18 13
18 12 13
13 18 31
18 13 31
12 19 8
19 12 8
1 20 8
20 1 8
4 21 11
21 4 11
14 21 11
21 14 11
16 22 6
22 16 6
3 23 11
23 3 11
8 23 15
23 8 15
17 24 27
24 17 27
10 25 23
25 10 23
11 25 11
25 11 11
0 26 10
26 0 10
4 26 10
26 4 10
12 27 39
27 12 39
15 27 14
27 15 14
19 28 6
28 19 6
24 28 8
28 24 8
8 29 12
29 8 12
12 29 35
29 12 35
2 30 13
30 2 13
20 30 16
30 20 16
0 31 29
31 0 29
11 31 14
31 11 14
0 32 6
32 0 6
7 32 22
32 7 22
2 33 41
33 2 41
7 33 12
33 7 12
22 34 32
34 22 32
2 34 6
34 2 6
4 35 14
35 4 14
10 35 18
35 10 18
