0 31620 33360 7 4 1740
1 33480 35700 4 3 2220
2 35940 36660 3 6 720
3 36780 37980 6 0 1200
4 38820 40560 7 4 1740
5 40680 42900 4 3 2220
6 43140 43860 3 6 720
7 43980 45180 6 0 1200
8 46020 47760 7 4 1740
9 47880 50100 4 3 2220
10 50340 51060 3 6 720
11 51180 52380 6 0 1200
12 53220 54960 7 4 1740
13 55080 57300 4 3 2220
14 57540 58260 3 6 720
15 58380 59580 6 0 1200
16 60420 62160 7 4 1740
17 62280 64500 4 3 2220
18 64740 65460 3 6 720
19 65580 66780 6 0 1200
20 67620 69360 7 4 1740
21 69480 71700 4 3 2220
22 71940 72660 3 6 720
23 72780 73980 6 0 1200
24 74820 76560 7 4 1740
25 76680 78900 4 3 2220
26 79140 79860 3 6 720
27 30360 32340 14 4 1980
28 32460 34200 4 7 1740
29 34320 35340 7 12 1020
30 35460 37680 12 9 2220
31 41160 43140 14 4 1980
32 43260 45000 4 7 1740
33 45120 46140 7 12 1020
34 46260 48480 12 9 2220
35 51960 53940 14 4 1980
36 54060 55800 4 7 1740
37 55920 56940 7 12 1020
38 57060 59280 12 9 2220
39 62760 64740 14 4 1980
40 64860 66600 4 7 1740
41 66720 67740 7 12 1020
42 67860 70080 12 9 2220
43 73560 75540 14 4 1980
44 75660 77400 4 7 1740
45 77520 78540 7 12 1020
46 78660 80880 12 9 2220
47 24900 26040 2 6 1140
48 28020 29160 6 2 1140
49 29280 32280 2 8 3000
50 35220 36360 6 2 1140
51 36480 39480 2 8 3000
52 42420 43560 6 2 1140
53 43680 46680 2 8 3000
54 49620 50760 6 2 1140
55 50880 53880 2 8 3000
56 56820 57960 6 2 1140
57 58080 61080 2 8 3000
58 64020 65160 6 2 1140
59 65280 68280 2 8 3000
60 71220 72360 6 2 1140
61 72480 75480 2 8 3000
62 78420 79560 6 2 1140
63 30360 32340 14 4 1980
64 32460 34620 4 5 2160
65 34740 35820 5 7 1080
66 35940 36960 7 12 1020
67 37560 39540 14 4 1980
68 39660 41820 4 5 2160
69 41940 43020 5 7 1080
70 43140 44160 7 12 1020
71 44760 46740 14 4 1980
72 46860 49020 4 5 2160
73 49140 50220 5 7 1080
74 50340 51360 7 12 1020
75 51960 53940 14 4 1980
76 54060 56220 4 5 2160
77 56340 57420 5 7 1080
78 57540 58560 7 12 1020
79 59160 61140 14 4 1980
80 61260 63420 4 5 2160
81 63540 64620 5 7 1080
82 64740 65760 7 12 1020
83 66360 68340 14 4 1980
84 68460 70620 4 5 2160
85 70740 71820 5 7 1080
86 71940 72960 7 12 1020
87 73560 75540 14 4 1980
88 75660 77820 4 5 2160
89 77940 79020 5 7 1080
90 79140 80160 7 12 1020
91 23100 25020 2 1 1920
92 25140 26160 1 13 1020
93 27900 28920 13 1 1020
94 29040 30960 1 2 1920
95 31080 32220 2 0 1140
96 33300 34320 13 1 1020
97 34440 36360 1 2 1920
98 36480 37620 2 0 1140
99 38700 39720 13 1 1020
100 39840 41760 1 2 1920
101 41880 43020 2 0 1140
102 44100 45120 13 1 1020
103 45240 47160 1 2 1920
104 47280 48420 2 0 1140
105 49500 50520 13 1 1020
106 50640 52560 1 2 1920
107 52680 53820 2 0 1140
108 54900 55920 13 1 1020
109 56040 57960 1 2 1920
110 58080 59220 2 0 1140
111 60300 61320 13 1 1020
112 61440 63360 1 2 1920
113 63480 64620 2 0 1140
114 65700 66720 13 1 1020
115 66840 68760 1 2 1920
116 68880 70020 2 0 1140
117 71100 72120 13 1 1020
118 72240 74160 1 2 1920
119 74280 75420 2 0 1140
120 76500 77520 13 1 1020
121 77640 79560 1 2 1920
122 23940 25080 2 6 1140
123 25200 25920 6 3 720
124 26040 29220 3 14 3180
125 30600 33780 14 3 3180
126 33900 34620 3 6 720
127 34740 35880 6 2 1140
128 36000 37920 2 1 1920
129 41400 44580 14 3 3180
130 44700 45420 3 6 720
131 45540 46680 6 2 1140
132 46800 48720 2 1 1920
133 52200 55380 14 3 3180
134 55500 56220 3 6 720
135 56340 57480 6 2 1140
136 57600 59520 2 1 1920
137 63000 66180 14 3 3180
138 66300 67020 3 6 720
139 67140 68280 6 2 1140
140 68400 70320 2 1 1920
141 73800 76980 14 3 3180
142 77100 77820 3 6 720
143 77940 79080 6 2 1140
144 25740 26460 6 3 720
145 28260 28980 3 6 720
146 29100 30300 6 0 1200
147 30420 32400 0 13 1980
148 33660 34380 3 6 720
149 34500 35700 6 0 1200
150 35820 37800 0 13 1980
151 39060 39780 3 6 720
152 39900 41100 6 0 1200
153 41220 43200 0 13 1980
154 44460 45180 3 6 720
155 45300 46500 6 0 1200
156 46620 48600 0 13 1980
157 49860 50580 3 6 720
158 50700 51900 6 0 1200
159 52020 54000 0 13 1980
160 55260 55980 3 6 720
161 56100 57300 6 0 1200
162 57420 59400 0 13 1980
163 60660 61380 3 6 720
164 61500 62700 6 0 1200
165 62820 64800 0 13 1980
166 66060 66780 3 6 720
167 66900 68100 6 0 1200
168 68220 70200 0 13 1980
169 71460 72180 3 6 720
170 72300 73500 6 0 1200
171 73620 75600 0 13 1980
172 76860 77580 3 6 720
173 77700 78900 6 0 1200
174 25680 27240 2 3 1560
175 27360 30540 3 14 3180
176 33300 36480 14 3 3180
177 36600 38160 3 2 1560
178 38280 40200 2 1 1920
179 40320 41460 1 8 1140
180 44100 47280 14 3 3180
181 47400 48960 3 2 1560
182 49080 51000 2 1 1920
183 51120 52260 1 8 1140
184 54900 58080 14 3 3180
185 58200 59760 3 2 1560
186 59880 61800 2 1 1920
187 61920 63060 1 8 1140
188 65700 68880 14 3 3180
189 69000 70560 3 2 1560
190 70680 72600 2 1 1920
191 72720 73860 1 8 1140
192 76500 79680 14 3 3180
193 79800 81360 3 2 1560
194 22440 23580 2 6 1140
195 23700 24420 6 3 720
196 24540 26760 3 4 2220
197 26880 29040 4 5 2160
198 29160 31080 5 10 1920
199 31920 33840 10 5 1920
200 33960 36120 5 4 2160
201 36240 38460 4 3 2220
202 38580 39300 3 6 720
203 39420 40560 6 2 1140
204 42720 44640 10 5 1920
205 44760 46920 5 4 2160
206 47040 49260 4 3 2220
207 49380 50100 3 6 720
208 50220 51360 6 2 1140
209 53520 55440 10 5 1920
210 55560 57720 5 4 2160
211 57840 60060 4 3 2220
212 60180 60900 3 6 720
213 61020 62160 6 2 1140
214 64320 66240 10 5 1920
215 66360 68520 5 4 2160
216 68640 70860 4 3 2220
217 70980 71700 3 6 720
218 71820 72960 6 2 1140
219 75120 77040 10 5 1920
220 77160 79320 5 4 2160
221 79440 81660 4 3 2220
222 81780 82500 3 6 720
223 82620 83760 6 2 1140
224 25680 26820 2 0 1140
225 29040 30180 0 2 1140
226 30300 32220 2 1 1920
227 32340 33360 1 13 1020
228 34440 35580 0 2 1140
229 35700 37620 2 1 1920
230 37740 38760 1 13 1020
231 39840 40980 0 2 1140
232 41100 43020 2 1 1920
233 43140 44160 1 13 1020
234 45240 46380 0 2 1140
235 46500 48420 2 1 1920
236 48540 49560 1 13 1020
237 50640 51780 0 2 1140
238 51900 53820 2 1 1920
239 53940 54960 1 13 1020
240 56040 57180 0 2 1140
241 57300 59220 2 1 1920
242 59340 60360 1 13 1020
243 61440 62580 0 2 1140
244 62700 64620 2 1 1920
245 64740 65760 1 13 1020
246 66840 67980 0 2 1140
247 68100 70020 2 1 1920
248 70140 71160 1 13 1020
249 72240 73380 0 2 1140
250 73500 75420 2 1 1920
251 75540 76560 1 13 1020
252 77640 78780 0 2 1140
253 25800 27360 3 2 1560
254 27480 29400 2 1 1920
255 29520 30660 1 8 1140
256 33180 34320 8 1 1140
257 34440 36360 1 2 1920
258 36480 38040 2 3 1560
259 38160 41340 3 14 3180
260 43980 45120 8 1 1140
261 45240 47160 1 2 1920
262 47280 48840 2 3 1560
263 48960 52140 3 14 3180
264 54780 55920 8 1 1140
265 56040 57960 1 2 1920
266 58080 59640 2 3 1560
267 59760 62940 3 14 3180
268 65580 66720 8 1 1140
269 66840 68760 1 2 1920
270 68880 70440 2 3 1560
271 70560 73740 3 14 3180
272 76380 77520 8 1 1140
273 77640 79560 1 2 1920
274 79680 81240 2 3 1560
275 28500 30720 3 4 2220
276 30840 32580 4 7 1740
277 32700 33720 7 12 1020
278 35700 37920 3 4 2220
279 38040 39780 4 7 1740
280 39900 40920 7 12 1020
281 42900 45120 3 4 2220
282 45240 46980 4 7 1740
283 47100 48120 7 12 1020
284 50100 52320 3 4 2220
285 52440 54180 4 7 1740
286 54300 55320 7 12 1020
287 57300 59520 3 4 2220
288 59640 61380 4 7 1740
289 61500 62520 7 12 1020
290 64500 66720 3 4 2220
291 66840 68580 4 7 1740
292 68700 69720 7 12 1020
293 71700 73920 3 4 2220
294 74040 75780 4 7 1740
295 75900 76920 7 12 1020
296 78900 81120 3 4 2220
297 81240 82980 4 7 1740
298 22860 24420 2 3 1560
299 24540 27540 3 9 3000
300 27660 29880 9 12 2220
301 31020 33240 12 9 2220
302 33360 36360 9 3 3000
303 36600 38160 3 2 1560
304 41820 44040 12 9 2220
305 44160 47160 9 3 3000
306 47400 48960 3 2 1560
307 52620 54840 12 9 2220
308 54960 57960 9 3 3000
309 58200 59760 3 2 1560
310 63420 65640 12 9 2220
311 65760 68760 9 3 3000
312 69000 70560 3 2 1560
313 74220 76440 12 9 2220
314 76560 79560 9 3 3000
315 79800 81360 3 2 1560
316 27720 29700 13 0 1980
317 29820 31020 0 6 1200
318 31140 31860 6 3 720
319 33120 35100 13 0 1980
320 35220 36420 0 6 1200
321 36540 37260 6 3 720
322 38520 40500 13 0 1980
323 40620 41820 0 6 1200
324 41940 42660 6 3 720
325 43920 45900 13 0 1980
326 46020 47220 0 6 1200
327 47340 48060 6 3 720
328 49320 51300 13 0 1980
329 51420 52620 0 6 1200
330 52740 53460 6 3 720
331 54720 56700 13 0 1980
332 56820 58020 0 6 1200
333 58140 58860 6 3 720
334 60120 62100 13 0 1980
335 62220 63420 0 6 1200
336 63540 64260 6 3 720
337 65520 67500 13 0 1980
338 67620 68820 0 6 1200
339 68940 69660 6 3 720
340 70920 72900 13 0 1980
341 73020 74220 0 6 1200
342 74340 75060 6 3 720
343 76320 78300 13 0 1980
344 78420 79620 0 6 1200
345 79740 80460 6 3 720
346 28200 30420 4 3 2220
347 31020 33240 3 4 2220
348 33480 35220 4 7 1740
349 35340 36420 7 5 1080
350 36540 38460 5 10 1920
351 41820 44040 3 4 2220
352 44280 46020 4 7 1740
353 46140 47220 7 5 1080
354 47340 49260 5 10 1920
355 52620 54840 3 4 2220
356 55080 56820 4 7 1740
357 56940 58020 7 5 1080
358 58140 60060 5 10 1920
359 63420 65640 3 4 2220
360 65880 67620 4 7 1740
361 67740 68820 7 5 1080
362 68940 70860 5 10 1920
363 74220 76440 3 4 2220
364 76680 78420 4 7 1740
365 78540 79620 7 5 1080
366 79740 81660 5 10 1920
367 30780 31800 12 7 1020
368 31920 33000 7 5 1080
369 33120 35280 5 4 2160
370 35400 37380 4 14 1980
371 37980 39000 12 7 1020
372 39120 40200 7 5 1080
373 40320 42480 5 4 2160
374 42600 44580 4 14 1980
375 45180 46200 12 7 1020
376 46320 47400 7 5 1080
377 47520 49680 5 4 2160
378 49800 51780 4 14 1980
379 52380 53400 12 7 1020
380 53520 54600 7 5 1080
381 54720 56880 5 4 2160
382 57000 58980 4 14 1980
383 59580 60600 12 7 1020
384 60720 61800 7 5 1080
385 61920 64080 5 4 2160
386 64200 66180 4 14 1980
387 66780 67800 12 7 1020
388 67920 69000 7 5 1080
389 69120 71280 5 4 2160
390 71400 73380 4 14 1980
391 73980 75000 12 7 1020
392 75120 76200 7 5 1080
393 76320 78480 5 4 2160
394 32520 34740 9 12 2220
395 34860 35880 12 7 1020
396 36000 37740 7 4 1740
397 37860 39840 4 14 1980
398 43320 45540 9 12 2220
399 45660 46680 12 7 1020
400 46800 48540 7 4 1740
401 48660 50640 4 14 1980
402 54120 56340 9 12 2220
403 56460 57480 12 7 1020
404 57600 59340 7 4 1740
405 59460 61440 4 14 1980
406 64920 67140 9 12 2220
407 67260 68280 12 7 1020
408 68400 70140 7 4 1740
409 70260 72240 4 14 1980
410 75720 77940 9 12 2220
411 78060 79080 12 7 1020
412 79200 80940 7 4 1740
413 26700 27420 3 6 720
414 27540 28680 6 2 1140
415 28800 30720 2 1 1920
416 32700 34620 1 2 1920
417 34740 35880 2 6 1140
418 36000 36720 6 3 720
419 36840 40020 3 14 3180
420 43500 45420 1 2 1920
421 45540 46680 2 6 1140
422 46800 47520 6 3 720
423 47640 50820 3 14 3180
424 54300 56220 1 2 1920
425 56340 57480 2 6 1140
426 57600 58320 6 3 720
427 58440 61620 3 14 3180
428 65100 67020 1 2 1920
429 67140 68280 2 6 1140
430 68400 69120 6 3 720
431 69240 72420 3 14 3180
432 75900 77820 1 2 1920
433 77940 79080 2 6 1140
434 79200 79920 6 3 720
435 31260 34440 14 3 3180
436 34560 35280 3 6 720
437 38460 41640 14 3 3180
438 41760 42480 3 6 720
439 45660 48840 14 3 3180
440 48960 49680 3 6 720
441 52860 56040 14 3 3180
442 56160 56880 3 6 720
443 60060 63240 14 3 3180
444 63360 64080 3 6 720
445 67260 70440 14 3 3180
446 70560 71280 3 6 720
447 74460 77640 14 3 3180
448 77760 78480 3 6 720
449 28200 30180 4 14 1980
450 32160 34140 14 4 1980
451 34260 36420 4 5 2160
452 36540 37620 5 7 1080
453 37740 38760 7 12 1020
454 39360 41340 14 4 1980
455 41460 43620 4 5 2160
456 43740 44820 5 7 1080
457 44940 45960 7 12 1020
458 46560 48540 14 4 1980
459 48660 50820 4 5 2160
460 50940 52020 5 7 1080
461 52140 53160 7 12 1020
462 53760 55740 14 4 1980
463 55860 58020 4 5 2160
464 58140 59220 5 7 1080
465 59340 60360 7 12 1020
466 60960 62940 14 4 1980
467 63060 65220 4 5 2160
468 65340 66420 5 7 1080
469 66540 67560 7 12 1020
470 68160 70140 14 4 1980
471 70260 72420 4 5 2160
472 72540 73620 5 7 1080
473 73740 74760 7 12 1020
474 75360 77340 14 4 1980
475 77460 79620 4 5 2160
476 79740 80820 5 7 1080
477 24900 26820 2 1 1920
478 26940 27960 1 13 1020
479 29700 30720 13 1 1020
480 30840 32760 1 2 1920
481 32880 34020 2 0 1140
482 35100 36120 13 1 1020
483 36240 38160 1 2 1920
484 38280 39420 2 0 1140
485 40500 41520 13 1 1020
486 41640 43560 1 2 1920
487 43680 44820 2 0 1140
488 45900 46920 13 1 1020
489 47040 48960 1 2 1920
490 49080 50220 2 0 1140
491 51300 52320 13 1 1020
492 52440 54360 1 2 1920
493 54480 55620 2 0 1140
494 56700 57720 13 1 1020
495 57840 59760 1 2 1920
496 59880 61020 2 0 1140
497 62100 63120 13 1 1020
498 63240 65160 1 2 1920
499 65280 66420 2 0 1140
500 67500 68520 13 1 1020
501 68640 70560 1 2 1920
502 70680 71820 2 0 1140
503 72900 73920 13 1 1020
504 74040 75960 1 2 1920
505 76080 77220 2 0 1140
506 78300 79320 13 1 1020
507 79440 81360 1 2 1920
508 28980 30540 3 2 1560
509 30660 33660 2 8 3000
510 33780 36780 8 11 3000
511 38220 41220 11 8 3000
512 41340 44340 8 2 3000
513 44460 46020 2 3 1560
514 46140 48360 3 4 2220
515 48480 50220 4 7 1740
516 50340 51360 7 12 1020
517 52620 55620 11 8 3000
518 55740 58740 8 2 3000
519 58860 60420 2 3 1560
520 60540 62760 3 4 2220
521 62880 64620 4 7 1740
522 64740 65760 7 12 1020
523 67020 70020 11 8 3000
524 70140 73140 8 2 3000
525 73260 74820 2 3 1560
526 74940 77160 3 4 2220
527 77280 79020 4 7 1740
528 79140 80160 7 12 1020
529 29400 30960 3 2 1560
530 33660 35220 2 3 1560
531 35340 38340 3 9 3000
532 38460 40680 9 12 2220
533 44460 46020 2 3 1560
534 46140 49140 3 9 3000
535 49260 51480 9 12 2220
536 55260 56820 2 3 1560
537 56940 59940 3 9 3000
538 60060 62280 9 12 2220
539 66060 67620 2 3 1560
540 67740 70740 3 9 3000
541 70860 73080 9 12 2220
542 76860 78420 2 3 1560
543 78540 81540 3 9 3000
544 33900 35820 10 5 1920
545 35940 37020 5 7 1080
546 37140 38880 7 4 1740
547 39000 41220 4 3 2220
548 44700 46620 10 5 1920
549 46740 47820 5 7 1080
550 47940 49680 7 4 1740
551 49800 52020 4 3 2220
552 55500 57420 10 5 1920
553 57540 58620 5 7 1080
554 58740 60480 7 4 1740
555 60600 62820 4 3 2220
556 66300 68220 10 5 1920
557 68340 69420 5 7 1080
558 69540 71280 7 4 1740
559 71400 73620 4 3 2220
560 77100 79020 10 5 1920
561 79140 80220 5 7 1080
562 80340 82080 7 4 1740
563 82200 84420 4 3 2220
564 30060 31620 2 3 1560
565 31740 33960 3 4 2220
566 34080 35820 4 7 1740
567 35940 36960 7 12 1020
568 38040 39060 12 7 1020
569 39180 40920 7 4 1740
570 41040 43260 4 3 2220
571 43380 44940 3 2 1560
572 45060 48060 2 8 3000
573 48180 51180 8 11 3000
574 52440 53460 12 7 1020
575 53580 55320 7 4 1740
576 55440 57660 4 3 2220
577 57780 59340 3 2 1560
578 59460 62460 2 8 3000
579 62580 65580 8 11 3000
580 66840 67860 12 7 1020
581 67980 69720 7 4 1740
582 69840 72060 4 3 2220
583 72180 73740 3 2 1560
584 73860 76860 2 8 3000
585 28380 29400 1 13 1020
586 29520 31500 13 0 1980
587 35520 37500 0 13 1980
588 37680 38700 13 1 1020
589 38820 39960 1 8 1140
590 40080 43080 8 11 3000
591 46320 48300 0 13 1980
592 48480 49500 13 1 1020
593 49620 50760 1 8 1140
594 50880 53880 8 11 3000
595 57120 59100 0 13 1980
596 59280 60300 13 1 1020
597 60420 61560 1 8 1140
598 61680 64680 8 11 3000
599 67920 69900 0 13 1980
600 70080 71100 13 1 1020
601 71220 72360 1 8 1140
602 72480 75480 8 11 3000
603 27360 28080 3 6 720
604 30780 31500 6 3 720
605 31740 34920 3 14 3180
606 37980 38700 6 3 720
607 38940 42120 3 14 3180
608 45180 45900 6 3 720
609 46140 49320 3 14 3180
610 52380 53100 6 3 720
611 53340 56520 3 14 3180
612 59580 60300 6 3 720
613 60540 63720 3 14 3180
614 66780 67500 6 3 720
615 67740 70920 3 14 3180
616 73980 74700 6 3 720
617 74940 78120 3 14 3180
618 27540 28260 6 3 720
619 30060 30780 3 6 720
620 30900 32100 6 0 1200
621 32220 34200 0 13 1980
622 35460 36180 3 6 720
623 36300 37500 6 0 1200
624 37620 39600 0 13 1980
625 40860 41580 3 6 720
626 41700 42900 6 0 1200
627 43020 45000 0 13 1980
628 46260 46980 3 6 720
629 47100 48300 6 0 1200
630 48420 50400 0 13 1980
631 51660 52380 3 6 720
632 52500 53700 6 0 1200
633 53820 55800 0 13 1980
634 57060 57780 3 6 720
635 57900 59100 6 0 1200
636 59220 61200 0 13 1980
637 62460 63180 3 6 720
638 63300 64500 6 0 1200
639 64620 66600 0 13 1980
640 67860 68580 3 6 720
641 68700 69900 6 0 1200
642 70020 72000 0 13 1980
643 73260 73980 3 6 720
644 74100 75300 6 0 1200
645 75420 77400 0 13 1980
646 78660 79380 3 6 720
647 27480 28620 2 0 1140
648 30840 31980 0 2 1140
649 32100 34020 2 1 1920
650 34140 35160 1 13 1020
651 36240 37380 0 2 1140
652 37500 39420 2 1 1920
653 39540 40560 1 13 1020
654 41640 42780 0 2 1140
655 42900 44820 2 1 1920
656 44940 45960 1 13 1020
657 47040 48180 0 2 1140
658 48300 50220 2 1 1920
659 50340 51360 1 13 1020
660 52440 53580 0 2 1140
661 53700 55620 2 1 1920
662 55740 56760 1 13 1020
663 57840 58980 0 2 1140
664 59100 61020 2 1 1920
665 61140 62160 1 13 1020
666 63240 64380 0 2 1140
667 64500 66420 2 1 1920
668 66540 67560 1 13 1020
669 68640 69780 0 2 1140
670 69900 71820 2 1 1920
671 71940 72960 1 13 1020
672 74040 75180 0 2 1140
673 75300 77220 2 1 1920
674 28740 29460 3 6 720
675 29580 30780 6 0 1200
676 32400 33600 0 6 1200
677 33720 34440 6 3 720
678 34560 36780 3 4 2220
679 36900 38640 4 7 1740
680 39600 40800 0 6 1200
681 40920 41640 6 3 720
682 41760 43980 3 4 2220
683 44100 45840 4 7 1740
684 46800 48000 0 6 1200
685 48120 48840 6 3 720
686 48960 51180 3 4 2220
687 51300 53040 4 7 1740
688 54000 55200 0 6 1200
689 55320 56040 6 3 720
690 56160 58380 3 4 2220
691 58500 60240 4 7 1740
692 61200 62400 0 6 1200
693 62520 63240 6 3 720
694 63360 65580 3 4 2220
695 65700 67440 4 7 1740
696 68400 69600 0 6 1200
697 69720 70440 6 3 720
698 70560 72780 3 4 2220
699 72900 74640 4 7 1740
700 75600 76800 0 6 1200
701 76920 77640 6 3 720
702 77760 79980 3 4 2220
703 80100 81840 4 7 1740
704 24420 25560 6 2 1140
705 25680 28680 2 8 3000
706 32580 35580 8 2 3000
707 35700 36840 2 6 1140
708 39780 42780 8 2 3000
709 42900 44040 2 6 1140
710 46980 49980 8 2 3000
711 50100 51240 2 6 1140
712 54180 57180 8 2 3000
713 57300 58440 2 6 1140
714 61380 64380 8 2 3000
715 64500 65640 2 6 1140
716 68580 71580 8 2 3000
717 71700 72840 2 6 1140
718 75780 78780 8 2 3000
719 78900 80040 2 6 1140
720 25500 26700 6 0 1200
721 26820 28800 0 13 1980
722 29520 31500 13 0 1980
723 31620 32820 0 6 1200
724 32940 33660 6 3 720
725 34920 36900 13 0 1980
726 37020 38220 0 6 1200
727 38340 39060 6 3 720
728 40320 42300 13 0 1980
729 42420 43620 0 6 1200
730 43740 44460 6 3 720
731 45720 47700 13 0 1980
732 47820 49020 0 6 1200
733 49140 49860 6 3 720
734 51120 53100 13 0 1980
735 53220 54420 0 6 1200
736 54540 55260 6 3 720
737 56520 58500 13 0 1980
738 58620 59820 0 6 1200
739 59940 60660 6 3 720
740 61920 63900 13 0 1980
741 64020 65220 0 6 1200
742 65340 66060 6 3 720
743 67320 69300 13 0 1980
744 69420 70620 0 6 1200
745 70740 71460 6 3 720
746 72720 74700 13 0 1980
747 74820 76020 0 6 1200
748 76140 76860 6 3 720
749 78120 80100 13 0 1980
750 80220 81420 0 6 1200
751 81540 82260 6 3 720
752 26880 27900 13 1 1020
753 28020 29160 1 8 1140
754 29280 32280 8 11 3000
755 34800 37800 11 8 3000
756 37920 39060 8 1 1140
757 39180 40200 1 13 1020
758 40320 42300 13 0 1980
759 45600 48600 11 8 3000
760 48720 49860 8 1 1140
761 49980 51000 1 13 1020
762 51120 53100 13 0 1980
763 56400 59400 11 8 3000
764 59520 60660 8 1 1140
765 60780 61800 1 13 1020
766 61920 63900 13 0 1980
767 67200 70200 11 8 3000
768 70320 71460 8 1 1140
769 71580 72600 1 13 1020
770 72720 74700 13 0 1980
771 29040 31260 4 3 2220
772 31380 32100 3 6 720
773 32220 33360 6 2 1140
774 36840 37980 2 6 1140
775 38100 38820 6 3 720
776 38940 41160 3 4 2220
777 41280 43440 4 5 2160
778 43560 45480 5 10 1920
779 47640 48780 2 6 1140
780 48900 49620 6 3 720
781 49740 51960 3 4 2220
782 52080 54240 4 5 2160
783 54360 56280 5 10 1920
784 58440 59580 2 6 1140
785 59700 60420 6 3 720
786 60540 62760 3 4 2220
787 62880 65040 4 5 2160
788 65160 67080 5 10 1920
789 69240 70380 2 6 1140
790 70500 71220 6 3 720
791 71340 73560 3 4 2220
792 73680 75840 4 5 2160
793 75960 77880 5 10 1920
794 78720 80640 10 5 1920
795 80760 82920 5 4 2160
796 83040 85260 4 3 2220
797 85380 86100 3 6 720
798 86220 87360 6 2 1140
799 90840 91980 2 6 1140
800 33420 34440 12 7 1020
801 34560 36300 7 4 1740
802 36420 38640 4 3 2220
803 40620 41640 12 7 1020
804 41760 43500 7 4 1740
805 43620 45840 4 3 2220
806 47820 48840 12 7 1020
807 48960 50700 7 4 1740
808 50820 53040 4 3 2220
809 55020 56040 12 7 1020
810 56160 57900 7 4 1740
811 58020 60240 4 3 2220
812 62220 63240 12 7 1020
813 63360 65100 7 4 1740
814 65220 67440 4 3 2220
815 69420 70440 12 7 1020
816 70560 72300 7 4 1740
817 72420 74640 4 3 2220
818 76620 77640 12 7 1020
819 77760 79500 7 4 1740
820 79620 81840 4 3 2220
821 32580 33600 12 7 1020
822 33720 34800 7 5 1080
823 34920 37080 5 4 2160
824 37200 39180 4 14 1980
825 39780 40800 12 7 1020
826 40920 42000 7 5 1080
827 42120 44280 5 4 2160
828 44400 46380 4 14 1980
829 46980 48000 12 7 1020
830 48120 49200 7 5 1080
831 49320 51480 5 4 2160
832 51600 53580 4 14 1980
833 54180 55200 12 7 1020
834 55320 56400 7 5 1080
835 56520 58680 5 4 2160
836 58800 60780 4 14 1980
837 61380 62400 12 7 1020
838 62520 63600 7 5 1080
839 63720 65880 5 4 2160
840 66000 67980 4 14 1980
841 68580 69600 12 7 1020
842 69720 70800 7 5 1080
843 70920 73080 5 4 2160
844 73200 75180 4 14 1980
845 75780 76800 12 7 1020
846 76920 78000 7 5 1080
847 78120 80280 5 4 2160
848 26520 27240 6 3 720
849 27360 29580 3 4 2220
850 29700 31440 4 7 1740
851 35220 36960 7 4 1740
852 37080 39300 4 3 2220
853 39540 40260 3 6 720
854 40380 41580 6 0 1200
855 42420 44160 7 4 1740
856 44280 46500 4 3 2220
857 46740 47460 3 6 720
858 47580 48780 6 0 1200
859 49620 51360 7 4 1740
860 51480 53700 4 3 2220
861 53940 54660 3 6 720
862 54780 55980 6 0 1200
863 56820 58560 7 4 1740
864 58680 60900 4 3 2220
865 61140 61860 3 6 720
866 61980 63180 6 0 1200
867 64020 65760 7 4 1740
868 65880 68100 4 3 2220
869 68340 69060 3 6 720
870 69180 70380 6 0 1200
871 71220 72960 7 4 1740
872 73080 75300 4 3 2220
873 75540 76260 3 6 720
874 76380 77580 6 0 1200
875 78420 80160 7 4 1740
876 80280 82500 4 3 2220
877 82740 83460 3 6 720
878 30660 32640 4 14 1980
879 33960 35940 14 4 1980
880 36060 37800 4 7 1740
881 37920 38940 7 12 1020
882 39060 41280 12 9 2220
883 44760 46740 14 4 1980
884 46860 48600 4 7 1740
885 48720 49740 7 12 1020
886 49860 52080 12 9 2220
887 55560 57540 14 4 1980
888 57660 59400 4 7 1740
889 59520 60540 7 12 1020
890 60660 62880 12 9 2220
891 66360 68340 14 4 1980
892 68460 70200 4 7 1740
893 70320 71340 7 12 1020
894 71460 73680 12 9 2220
895 77160 79140 14 4 1980
896 79260 81000 4 7 1740
897 28500 29640 2 6 1140
898 31620 32760 6 2 1140
899 32880 35880 2 8 3000
900 38820 39960 6 2 1140
901 40080 43080 2 8 3000
902 46020 47160 6 2 1140
903 47280 50280 2 8 3000
904 53220 54360 6 2 1140
905 54480 57480 2 8 3000
906 60420 61560 6 2 1140
907 61680 64680 2 8 3000
908 67620 68760 6 2 1140
909 68880 71880 2 8 3000
910 74820 75960 6 2 1140
911 76080 79080 2 8 3000
912 30000 31980 4 14 1980
913 33960 35940 14 4 1980
914 36060 38220 4 5 2160
915 38340 39420 5 7 1080
916 39540 40560 7 12 1020
917 41160 43140 14 4 1980
918 43260 45420 4 5 2160
919 45540 46620 5 7 1080
920 46740 47760 7 12 1020
921 48360 50340 14 4 1980
922 50460 52620 4 5 2160
923 52740 53820 5 7 1080
924 53940 54960 7 12 1020
925 55560 57540 14 4 1980
926 57660 59820 4 5 2160
927 59940 61020 5 7 1080
928 61140 62160 7 12 1020
929 62760 64740 14 4 1980
930 64860 67020 4 5 2160
931 67140 68220 5 7 1080
932 68340 69360 7 12 1020
933 69960 71940 14 4 1980
934 72060 74220 4 5 2160
935 74340 75420 5 7 1080
936 75540 76560 7 12 1020
937 77160 79140 14 4 1980
938 79260 81420 4 5 2160
939 81540 82620 5 7 1080
940 26700 28620 2 1 1920
941 28740 29760 1 13 1020
942 31500 32520 13 1 1020
943 32640 34560 1 2 1920
944 34680 35820 2 0 1140
945 36900 37920 13 1 1020
946 38040 39960 1 2 1920
947 40080 41220 2 0 1140
948 42300 43320 13 1 1020
949 43440 45360 1 2 1920
950 45480 46620 2 0 1140
951 47700 48720 13 1 1020
952 48840 50760 1 2 1920
953 50880 52020 2 0 1140
954 53100 54120 13 1 1020
955 54240 56160 1 2 1920
956 56280 57420 2 0 1140
957 58500 59520 13 1 1020
958 59640 61560 1 2 1920
959 61680 62820 2 0 1140
960 63900 64920 13 1 1020
961 65040 66960 1 2 1920
962 67080 68220 2 0 1140
963 69300 70320 13 1 1020
964 70440 72360 1 2 1920
965 72480 73620 2 0 1140
966 74700 75720 13 1 1020
967 75840 77760 1 2 1920
968 77880 79020 2 0 1140
969 27540 28680 2 6 1140
970 28800 29520 6 3 720
971 29640 32820 3 14 3180
972 34200 37380 14 3 3180
973 37500 38220 3 6 720
974 38340 39480 6 2 1140
975 39600 41520 2 1 1920
976 45000 48180 14 3 3180
977 48300 49020 3 6 720
978 49140 50280 6 2 1140
979 50400 52320 2 1 1920
980 55800 58980 14 3 3180
981 59100 59820 3 6 720
982 59940 61080 6 2 1140
983 61200 63120 2 1 1920
984 66600 69780 14 3 3180
985 69900 70620 3 6 720
986 70740 71880 6 2 1140
987 72000 73920 2 1 1920
988 77400 80580 14 3 3180
989 80700 81420 3 6 720
990 81540 82680 6 2 1140
991 28020 29220 0 6 1200
992 29340 30060 6 3 720
993 31860 32580 3 6 720
994 32700 33900 6 0 1200
995 34020 36000 0 13 1980
996 37260 37980 3 6 720
997 38100 39300 6 0 1200
998 39420 41400 0 13 1980
999 42660 43380 3 6 720
1000 43500 44700 6 0 1200
1001 44820 46800 0 13 1980
1002 48060 48780 3 6 720
1003 48900 50100 6 0 1200
1004 50220 52200 0 13 1980
1005 53460 54180 3 6 720
1006 54300 55500 6 0 1200
1007 55620 57600 0 13 1980
1008 58860 59580 3 6 720
1009 59700 60900 6 0 1200
1010 61020 63000 0 13 1980
1011 64260 64980 3 6 720
1012 65100 66300 6 0 1200
1013 66420 68400 0 13 1980
1014 69660 70380 3 6 720
1015 70500 71700 6 0 1200
1016 71820 73800 0 13 1980
1017 75060 75780 3 6 720
1018 75900 77100 6 0 1200
1019 27240 29160 1 2 1920
1020 29280 30840 2 3 1560
1021 30960 34140 3 14 3180
1022 36900 40080 14 3 3180
1023 40200 41760 3 2 1560
1024 41880 43800 2 1 1920
1025 43920 45060 1 8 1140
1026 47700 50880 14 3 3180
1027 51000 52560 3 2 1560
1028 52680 54600 2 1 1920
1029 54720 55860 1 8 1140
1030 58500 61680 14 3 3180
1031 61800 63360 3 2 1560
1032 63480 65400 2 1 1920
1033 65520 66660 1 8 1140
1034 69300 72480 14 3 3180
1035 72600 74160 3 2 1560
1036 74280 76200 2 1 1920
1037 76320 77460 1 8 1140
1038 26040 27180 2 6 1140
1039 27300 28020 6 3 720
1040 28140 30360 3 4 2220
1041 30480 32640 4 5 2160
1042 32760 34680 5 10 1920
1043 35520 37440 10 5 1920
1044 37560 39720 5 4 2160
1045 39840 42060 4 3 2220
1046 42180 42900 3 6 720
1047 43020 44160 6 2 1140
1048 46320 48240 10 5 1920
1049 48360 50520 5 4 2160
1050 50640 52860 4 3 2220
1051 52980 53700 3 6 720
1052 53820 54960 6 2 1140
1053 57120 59040 10 5 1920
1054 59160 61320 5 4 2160
1055 61440 63660 4 3 2220
1056 63780 64500 3 6 720
1057 64620 65760 6 2 1140
1058 67920 69840 10 5 1920
1059 69960 72120 5 4 2160
1060 72240 74460 4 3 2220
1061 74580 75300 3 6 720
1062 75420 76560 6 2 1140
1063 27240 29160 1 2 1920
1064 29280 30420 2 0 1140
1065 32640 33780 0 2 1140
1066 33900 35820 2 1 1920
1067 35940 36960 1 13 1020
1068 38040 39180 0 2 1140
1069 39300 41220 2 1 1920
1070 41340 42360 1 13 1020
1071 43440 44580 0 2 1140
1072 44700 46620 2 1 1920
1073 46740 47760 1 13 1020
1074 48840 49980 0 2 1140
1075 50100 52020 2 1 1920
1076 52140 53160 1 13 1020
1077 54240 55380 0 2 1140
1078 55500 57420 2 1 1920
1079 57540 58560 1 13 1020
1080 59640 60780 0 2 1140
1081 60900 62820 2 1 1920
1082 62940 63960 1 13 1020
1083 65040 66180 0 2 1140
1084 66300 68220 2 1 1920
1085 68340 69360 1 13 1020
1086 70440 71580 0 2 1140
1087 71700 73620 2 1 1920
1088 73740 74760 1 13 1020
1089 75840 76980 0 2 1140
1090 29400 30960 3 2 1560
1091 31080 33000 2 1 1920
1092 33120 34260 1 8 1140
1093 36780 37920 8 1 1140
1094 38040 39960 1 2 1920
1095 40080 41640 2 3 1560
1096 41760 44940 3 14 3180
1097 47580 48720 8 1 1140
1098 48840 50760 1 2 1920
1099 50880 52440 2 3 1560
1100 52560 55740 3 14 3180
1101 58380 59520 8 1 1140
1102 59640 61560 1 2 1920
1103 61680 63240 2 3 1560
1104 63360 66540 3 14 3180
1105 69180 70320 8 1 1140
1106 70440 72360 1 2 1920
1107 72480 74040 2 3 1560
1108 74160 77340 3 14 3180
1109 29220 31440 4 3 2220
1110 32100 34320 3 4 2220
1111 34440 36180 4 7 1740
1112 36300 37320 7 12 1020
1113 39300 41520 3 4 2220
1114 41640 43380 4 7 1740
1115 43500 44520 7 12 1020
1116 46500 48720 3 4 2220
1117 48840 50580 4 7 1740
1118 50700 51720 7 12 1020
1119 53700 55920 3 4 2220
1120 56040 57780 4 7 1740
1121 57900 58920 7 12 1020
1122 60900 63120 3 4 2220
1123 63240 64980 4 7 1740
1124 65100 66120 7 12 1020
1125 68100 70320 3 4 2220
1126 70440 72180 4 7 1740
1127 72300 73320 7 12 1020
1128 75300 77520 3 4 2220
1129 77640 79380 4 7 1740
1130 79500 80520 7 12 1020
1131 26460 28020 2 3 1560
1132 28140 31140 3 9 3000
1133 31260 33480 9 12 2220
1134 34620 36840 12 9 2220
1135 36960 39960 9 3 3000
1136 40200 41760 3 2 1560
1137 45420 47640 12 9 2220
1138 47760 50760 9 3 3000
1139 51000 52560 3 2 1560
1140 56220 58440 12 9 2220
1141 58560 61560 9 3 3000
1142 61800 63360 3 2 1560
1143 67020 69240 12 9 2220
1144 69360 72360 9 3 3000
1145 72600 74160 3 2 1560
1146 77820 80040 12 9 2220
1147 80160 83160 9 3 3000
1148 83400 84960 3 2 1560
1149 26460 27180 3 6 720
1150 27300 28500 6 0 1200
1151 28620 30600 0 13 1980
1152 31320 33300 13 0 1980
1153 33420 34620 0 6 1200
1154 34740 35460 6 3 720
1155 36720 38700 13 0 1980
1156 38820 40020 0 6 1200
1157 40140 40860 6 3 720
1158 42120 44100 13 0 1980
1159 44220 45420 0 6 1200
1160 45540 46260 6 3 720
1161 47520 49500 13 0 1980
1162 49620 50820 0 6 1200
1163 50940 51660 6 3 720
1164 52920 54900 13 0 1980
1165 55020 56220 0 6 1200
1166 56340 57060 6 3 720
1167 58320 60300 13 0 1980
1168 60420 61620 0 6 1200
1169 61740 62460 6 3 720
1170 63720 65700 13 0 1980
1171 65820 67020 0 6 1200
1172 67140 67860 6 3 720
1173 69120 71100 13 0 1980
1174 71220 72420 0 6 1200
1175 72540 73260 6 3 720
1176 74520 76500 13 0 1980
1177 76620 77820 0 6 1200
1178 77940 78660 6 3 720
1179 31800 34020 4 3 2220
1180 34620 36840 3 4 2220
1181 37080 38820 4 7 1740
1182 38940 40020 7 5 1080
1183 40140 42060 5 10 1920
1184 45420 47640 3 4 2220
1185 47880 49620 4 7 1740
1186 49740 50820 7 5 1080
1187 50940 52860 5 10 1920
1188 56220 58440 3 4 2220
1189 58680 60420 4 7 1740
1190 60540 61620 7 5 1080
1191 61740 63660 5 10 1920
1192 67020 69240 3 4 2220
1193 69480 71220 4 7 1740
1194 71340 72420 7 5 1080
1195 72540 74460 5 10 1920
1196 77820 80040 3 4 2220
1197 80280 82020 4 7 1740
1198 82140 83220 7 5 1080
1199 83340 85260 5 10 1920
1200 28860 31020 4 5 2160
1201 31140 32220 5 7 1080
1202 32340 33360 7 12 1020
1203 34380 35400 12 7 1020
1204 35520 36600 7 5 1080
1205 36720 38880 5 4 2160
1206 39000 40980 4 14 1980
1207 41580 42600 12 7 1020
1208 42720 43800 7 5 1080
1209 43920 46080 5 4 2160
1210 46200 48180 4 14 1980
1211 48780 49800 12 7 1020
1212 49920 51000 7 5 1080
1213 51120 53280 5 4 2160
1214 53400 55380 4 14 1980
1215 55980 57000 12 7 1020
1216 57120 58200 7 5 1080
1217 58320 60480 5 4 2160
1218 60600 62580 4 14 1980
1219 63180 64200 12 7 1020
1220 64320 65400 7 5 1080
1221 65520 67680 5 4 2160
1222 67800 69780 4 14 1980
1223 70380 71400 12 7 1020
1224 71520 72600 7 5 1080
1225 72720 74880 5 4 2160
1226 75000 76980 4 14 1980
1227 77580 78600 12 7 1020
1228 78720 79800 7 5 1080
1229 79920 82080 5 4 2160
1230 28860 30600 4 7 1740
1231 30720 31740 7 12 1020
1232 31860 34080 12 9 2220
1233 36120 38340 9 12 2220
1234 38460 39480 12 7 1020
1235 39600 41340 7 4 1740
1236 41460 43440 4 14 1980
1237 46920 49140 9 12 2220
1238 49260 50280 12 7 1020
1239 50400 52140 7 4 1740
1240 52260 54240 4 14 1980
1241 57720 59940 9 12 2220
1242 60060 61080 12 7 1020
1243 61200 62940 7 4 1740
1244 63060 65040 4 14 1980
1245 68520 70740 9 12 2220
1246 70860 71880 12 7 1020
1247 72000 73740 7 4 1740
1248 73860 75840 4 14 1980
1249 30300 31020 3 6 720
1250 31140 32280 6 2 1140
1251 32400 34320 2 1 1920
1252 36300 38220 1 2 1920
1253 38340 39480 2 6 1140
1254 39600 40320 6 3 720
1255 40440 43620 3 14 3180
1256 47100 49020 1 2 1920
1257 49140 50280 2 6 1140
1258 50400 51120 6 3 720
1259 51240 54420 3 14 3180
1260 57900 59820 1 2 1920
1261 59940 61080 2 6 1140
1262 61200 61920 6 3 720
1263 62040 65220 3 14 3180
1264 68700 70620 1 2 1920
1265 70740 71880 2 6 1140
1266 72000 72720 6 3 720
1267 72840 76020 3 14 3180
1268 27180 27900 6 3 720
1269 28140 31320 3 14 3180
1270 34860 38040 14 3 3180
1271 38160 38880 3 6 720
1272 42060 45240 14 3 3180
1273 45360 46080 3 6 720
1274 49260 52440 14 3 3180
1275 52560 53280 3 6 720
1276 56460 59640 14 3 3180
1277 59760 60480 3 6 720
1278 63660 66840 14 3 3180
1279 66960 67680 3 6 720
1280 70860 74040 14 3 3180
1281 74160 74880 3 6 720
1282 78060 81240 14 3 3180
1283 81360 82080 3 6 720
1284 31800 33780 4 14 1980
1285 35760 37740 14 4 1980
1286 37860 40020 4 5 2160
1287 40140 41220 5 7 1080
1288 41340 42360 7 12 1020
1289 42960 44940 14 4 1980
1290 45060 47220 4 5 2160
1291 47340 48420 5 7 1080
1292 48540 49560 7 12 1020
1293 50160 52140 14 4 1980
1294 52260 54420 4 5 2160
1295 54540 55620 5 7 1080
1296 55740 56760 7 12 1020
1297 57360 59340 14 4 1980
1298 59460 61620 4 5 2160
1299 61740 62820 5 7 1080
1300 62940 63960 7 12 1020
1301 64560 66540 14 4 1980
1302 66660 68820 4 5 2160
1303 68940 70020 5 7 1080
1304 70140 71160 7 12 1020
1305 71760 73740 14 4 1980
1306 73860 76020 4 5 2160
1307 76140 77220 5 7 1080
1308 77340 78360 7 12 1020
1309 78960 80940 14 4 1980
1310 81060 83220 4 5 2160
1311 83340 84420 5 7 1080
1312 28500 30420 2 1 1920
1313 30540 31560 1 13 1020
1314 33300 34320 13 1 1020
1315 34440 36360 1 2 1920
1316 36480 37620 2 0 1140
1317 30240 32460 4 3 2220
1318 32580 34140 3 2 1560
1319 34260 37260 2 8 3000
1320 37380 40380 8 11 3000
1321 41820 44820 11 8 3000
1322 44940 47940 8 2 3000
1323 48060 49620 2 3 1560
1324 49740 51960 3 4 2220
1325 52080 53820 4 7 1740
1326 53940 54960 7 12 1020
1327 56220 59220 11 8 3000
1328 59340 62340 8 2 3000
1329 62460 64020 2 3 1560
1330 64140 66360 3 4 2220
1331 66480 68220 4 7 1740
1332 68340 69360 7 12 1020
1333 70620 73620 11 8 3000
1334 73740 76740 8 2 3000
1335 76860 78420 2 3 1560
1336 78540 80760 3 4 2220
1337 80880 82620 4 7 1740
1338 29760 32760 9 3 3000
1339 33000 34560 3 2 1560
1340 37260 38820 2 3 1560
1341 38940 41940 3 9 3000
1342 42060 44280 9 12 2220
1343 48060 49620 2 3 1560
1344 49740 52740 3 9 3000
1345 52860 55080 9 12 2220
1346 58860 60420 2 3 1560
1347 60540 63540 3 9 3000
1348 63660 65880 9 12 2220
1349 69660 71220 2 3 1560
1350 71340 74340 3 9 3000
1351 74460 76680 9 12 2220
1352 27420 29640 3 4 2220
1353 29880 31620 4 7 1740
1354 31740 32820 7 5 1080
1355 32940 34860 5 10 1920
1356 37500 39420 10 5 1920
1357 39540 40620 5 7 1080
1358 40740 42480 7 4 1740
1359 42600 44820 4 3 2220
1360 48300 50220 10 5 1920
1361 50340 51420 5 7 1080
1362 51540 53280 7 4 1740
1363 53400 55620 4 3 2220
1364 59100 61020 10 5 1920
1365 61140 62220 5 7 1080
1366 62340 64080 7 4 1740
1367 64200 66420 4 3 2220
1368 69900 71820 10 5 1920
1369 71940 73020 5 7 1080
1370 73140 74880 7 4 1740
1371 75000 77220 4 3 2220
1372 30540 33540 8 2 3000
1373 33660 35220 2 3 1560
1374 35340 37560 3 4 2220
1375 37680 39420 4 7 1740
1376 39540 40560 7 12 1020
1377 41640 42660 12 7 1020
1378 42780 44520 7 4 1740
1379 44640 46860 4 3 2220
1380 46980 48540 3 2 1560
1381 48660 51660 2 8 3000
1382 51780 54780 8 11 3000
1383 56040 57060 12 7 1020
1384 57180 58920 7 4 1740
1385 59040 61260 4 3 2220
1386 61380 62940 3 2 1560
1387 63060 66060 2 8 3000
1388 66180 69180 8 11 3000
1389 70440 71460 12 7 1020
1390 71580 73320 7 4 1740
1391 73440 75660 4 3 2220
1392 75780 77340 3 2 1560
1393 30720 31860 8 1 1140
1394 31980 33000 1 13 1020
1395 33120 35100 13 0 1980
1396 39120 41100 0 13 1980
1397 41280 42300 13 1 1020
1398 42420 43560 1 8 1140
1399 43680 46680 8 11 3000
1400 49920 51900 0 13 1980
1401 52080 53100 13 1 1020
1402 53220 54360 1 8 1140
1403 54480 57480 8 11 3000
1404 60720 62700 0 13 1980
1405 62880 63900 13 1 1020
1406 64020 65160 1 8 1140
1407 65280 68280 8 11 3000
1408 71520 73500 0 13 1980
1409 73680 74700 13 1 1020
1410 74820 75960 1 8 1140
1411 30960 31680 3 6 720
1412 34380 35100 6 3 720
1413 35340 38520 3 14 3180
1414 41580 42300 6 3 720
1415 42540 45720 3 14 3180
1416 48780 49500 6 3 720
1417 49740 52920 3 14 3180
1418 55980 56700 6 3 720
1419 56940 60120 3 14 3180
1420 63180 63900 6 3 720
1421 64140 67320 3 14 3180
1422 70380 71100 6 3 720
1423 71340 74520 3 14 3180
1424 77580 78300 6 3 720
1425 29880 32100 4 3 2220
1426 32340 33060 3 6 720
1427 33180 34380 6 0 1200
1428 36000 37200 0 6 1200
1429 37320 38040 6 3 720
1430 38160 40380 3 4 2220
1431 40500 42240 4 7 1740
1432 43200 44400 0 6 1200
1433 44520 45240 6 3 720
1434 45360 47580 3 4 2220
1435 47700 49440 4 7 1740
1436 50400 51600 0 6 1200
1437 51720 52440 6 3 720
1438 52560 54780 3 4 2220
1439 54900 56640 4 7 1740
1440 57600 58800 0 6 1200
1441 58920 59640 6 3 720
1442 59760 61980 3 4 2220
1443 62100 63840 4 7 1740
1444 64800 66000 0 6 1200
1445 66120 66840 6 3 720
1446 66960 69180 3 4 2220
1447 69300 71040 4 7 1740
1448 72000 73200 0 6 1200
1449 73320 74040 6 3 720
1450 74160 76380 3 4 2220
1451 76500 78240 4 7 1740
1452 79200 80400 0 6 1200
1453 80520 81240 6 3 720
1454 81360 83580 3 4 2220
1455 28320 30300 0 13 1980
1456 30480 31500 13 1 1020
1457 31620 32760 1 8 1140
1458 32880 35880 8 11 3000
1459 38400 41400 11 8 3000
1460 41520 42660 8 1 1140
1461 42780 43800 1 13 1020
1462 43920 45900 13 0 1980
1463 49200 52200 11 8 3000
1464 52320 53460 8 1 1140
1465 53580 54600 1 13 1020
1466 54720 56700 13 0 1980
1467 60000 63000 11 8 3000
1468 63120 64260 8 1 1140
1469 64380 65400 1 13 1020
1470 65520 67500 13 0 1980
1471 70800 73800 11 8 3000
1472 73920 75060 8 1 1140
1473 75180 76200 1 13 1020
1474 76320 78300 13 0 1980
1475 30360 32520 5 4 2160
1476 32640 34860 4 3 2220
1477 34980 35700 3 6 720
1478 35820 36960 6 2 1140
1479 40440 41580 2 6 1140
1480 41700 42420 6 3 720
1481 42540 44760 3 4 2220
1482 44880 47040 4 5 2160
1483 47160 49080 5 10 1920
1484 51240 52380 2 6 1140
1485 52500 53220 6 3 720
1486 53340 55560 3 4 2220
1487 55680 57840 4 5 2160
1488 57960 59880 5 10 1920
1489 62040 63180 2 6 1140
1490 63300 64020 6 3 720
1491 64140 66360 3 4 2220
1492 66480 68640 4 5 2160
1493 68760 70680 5 10 1920
1494 72840 73980 2 6 1140
1495 74100 74820 6 3 720
1496 74940 77160 3 4 2220
1497 77280 79440 4 5 2160
1498 79560 81480 5 10 1920
1499 30660 32820 4 5 2160
1500 32940 34020 5 7 1080
1501 34140 35160 7 12 1020
1502 36180 37200 12 7 1020
1503 37320 38400 7 5 1080
1504 38520 40680 5 4 2160
1505 40800 42780 4 14 1980
1506 43380 44400 12 7 1020
1507 44520 45600 7 5 1080
1508 45720 47880 5 4 2160
1509 48000 49980 4 14 1980
1510 50580 51600 12 7 1020
1511 51720 52800 7 5 1080
1512 52920 55080 5 4 2160
1513 55200 57180 4 14 1980
1514 57780 58800 12 7 1020
1515 58920 60000 7 5 1080
1516 60120 62280 5 4 2160
1517 62400 64380 4 14 1980
1518 64980 66000 12 7 1020
1519 66120 67200 7 5 1080
1520 67320 69480 5 4 2160
1521 69600 71580 4 14 1980
1522 72180 73200 12 7 1020
1523 73320 74400 7 5 1080
1524 74520 76680 5 4 2160
1525 76800 78780 4 14 1980
1526 28800 30000 0 6 1200
1527 30120 30840 6 3 720
1528 30960 33180 3 4 2220
1529 33300 35040 4 7 1740
1530 38820 40560 7 4 1740
1531 40680 42900 4 3 2220
1532 43140 43860 3 6 720
1533 43980 45180 6 0 1200
1534 28920 31140 9 12 2220
1535 31260 32280 12 7 1020
1536 32400 34140 7 4 1740
1537 34260 36240 4 14 1980
1538 37560 39540 14 4 1980
1539 39660 41400 4 7 1740
1540 41520 42540 7 12 1020
1541 42660 44880 12 9 2220
1542 48360 50340 14 4 1980
1543 50460 52200 4 7 1740
1544 52320 53340 7 12 1020
1545 53460 55680 12 9 2220
1546 59160 61140 14 4 1980
1547 61260 63000 4 7 1740
1548 63120 64140 7 12 1020
1549 64260 66480 12 9 2220
1550 69960 71940 14 4 1980
1551 72060 73800 4 7 1740
1552 73920 74940 7 12 1020
1553 75060 77280 12 9 2220
1554 32100 33240 2 6 1140
1555 35220 36360 6 2 1140
1556 36480 39480 2 8 3000
1557 31320 33480 5 4 2160
1558 33600 35580 4 14 1980
1559 37560 39540 14 4 1980
1560 39660 41820 4 5 2160
1561 41940 43020 5 7 1080
1562 43140 44160 7 12 1020
1563 29100 31020 1 2 1920
1564 31140 32280 2 6 1140
1565 32400 33120 6 3 720
1566 33240 36420 3 14 3180
1567 37800 40980 14 3 3180
1568 41100 41820 3 6 720
1569 41940 43080 6 2 1140
1570 43200 45120 2 1 1920
1571 48600 51780 14 3 3180
1572 51900 52620 3 6 720
1573 52740 53880 6 2 1140
1574 54000 55920 2 1 1920
1575 59400 62580 14 3 3180
1576 62700 63420 3 6 720
1577 63540 64680 6 2 1140
1578 64800 66720 2 1 1920
1579 70200 73380 14 3 3180
1580 73500 74220 3 6 720
1581 74340 75480 6 2 1140
1582 75600 77520 2 1 1920
1583 29580 30720 8 1 1140
1584 30840 32760 1 2 1920
1585 32880 34440 2 3 1560
1586 34560 37740 3 14 3180
1587 40500 43680 14 3 3180
1588 43800 45360 3 2 1560
1589 45480 47400 2 1 1920
1590 47520 48660 1 8 1140
1591 51300 54480 14 3 3180
1592 54600 56160 3 2 1560
1593 56280 58200 2 1 1920
1594 58320 59460 1 8 1140
1595 62100 65280 14 3 3180
1596 65400 66960 3 2 1560
1597 67080 69000 2 1 1920
1598 69120 70260 1 8 1140
1599 72900 76080 14 3 3180
1600 76200 77760 3 2 1560
1601 29640 30780 2 6 1140
1602 30900 31620 6 3 720
1603 31740 33960 3 4 2220
1604 34080 36240 4 5 2160
1605 36360 38280 5 10 1920
1606 39120 41040 10 5 1920
1607 41160 43320 5 4 2160
1608 43440 45660 4 3 2220
1609 45780 46500 3 6 720
1610 46620 47760 6 2 1140
1611 49920 51840 10 5 1920
1612 51960 54120 5 4 2160
1613 54240 56460 4 3 2220
1614 56580 57300 3 6 720
1615 57420 58560 6 2 1140
1616 60720 62640 10 5 1920
1617 62760 64920 5 4 2160
1618 65040 67260 4 3 2220
1619 67380 68100 3 6 720
1620 68220 69360 6 2 1140
1621 71520 73440 10 5 1920
1622 73560 75720 5 4 2160
1623 75840 78060 4 3 2220
1624 78180 78900 3 6 720
1625 79020 80160 6 2 1140
1626 33000 34560 3 2 1560
1627 34680 36600 2 1 1920
1628 36720 37860 1 8 1140
1629 40380 41520 8 1 1140
1630 41640 43560 1 2 1920
1631 43680 45240 2 3 1560
1632 45360 48540 3 14 3180
1633 51180 52320 8 1 1140
1634 52440 54360 1 2 1920
1635 54480 56040 2 3 1560
1636 56160 59340 3 14 3180
1637 61980 63120 8 1 1140
1638 63240 65160 1 2 1920
1639 65280 66840 2 3 1560
1640 66960 70140 3 14 3180
1641 72780 73920 8 1 1140
1642 74040 75960 1 2 1920
1643 76080 77640 2 3 1560
1644 32820 35040 4 3 2220
1645 35700 37920 3 4 2220
1646 38040 39780 4 7 1740
1647 39900 40920 7 12 1020
1648 30060 31620 2 3 1560
1649 31740 34740 3 9 3000
1650 34860 37080 9 12 2220
1651 38220 40440 12 9 2220
1652 40560 43560 9 3 3000
1653 43800 45360 3 2 1560
1654 49020 51240 12 9 2220
1655 51360 54360 9 3 3000
1656 54600 56160 3 2 1560
1657 59820 62040 12 9 2220
1658 62160 65160 9 3 3000
1659 65400 66960 3 2 1560
1660 70620 72840 12 9 2220
1661 72960 75960 9 3 3000
1662 76200 77760 3 2 1560
1663 32340 33420 5 7 1080
1664 33540 35280 7 4 1740
1665 35400 37620 4 3 2220
1666 38220 40440 3 4 2220
1667 40680 42420 4 7 1740
1668 42540 43620 7 5 1080
1669 43740 45660 5 10 1920
1670 49020 51240 3 4 2220
1671 51480 53220 4 7 1740
1672 53340 54420 7 5 1080
1673 54540 56460 5 10 1920
1674 59820 62040 3 4 2220
1675 62280 64020 4 7 1740
1676 64140 65220 7 5 1080
1677 65340 67260 5 10 1920
1678 70620 72840 3 4 2220
1679 73080 74820 4 7 1740
1680 74940 76020 7 5 1080
1681 76140 78060 5 10 1920
1682 30840 31860 12 7 1020
1683 31980 33720 7 4 1740
1684 33840 36060 4 3 2220
1685 36180 37740 3 2 1560
1686 37860 40860 2 8 3000
1687 40980 43980 8 11 3000
1688 45420 48420 11 8 3000
1689 48540 51540 8 2 3000
1690 51660 53220 2 3 1560
1691 53340 55560 3 4 2220
1692 55680 57420 4 7 1740
1693 57540 58560 7 12 1020
1694 59820 62820 11 8 3000
1695 62940 65940 8 2 3000
1696 66060 67620 2 3 1560
1697 67740 69960 3 4 2220
1698 70080 71820 4 7 1740
1699 71940 72960 7 12 1020
1700 74220 77220 11 8 3000
1701 77340 80340 8 2 3000
1702 80460 82020 2 3 1560
1703 82140 84360 3 4 2220
1704 34140 37140 8 2 3000
1705 37260 38820 2 3 1560
1706 38940 41160 3 4 2220
1707 41280 43020 4 7 1740
1708 43140 44160 7 12 1020
1709 45240 46260 12 7 1020
1710 46380 48120 7 4 1740
1711 48240 50460 4 3 2220
1712 50580 52140 3 2 1560
1713 52260 55260 2 8 3000
1714 55380 58380 8 11 3000
1715 59640 60660 12 7 1020
1716 60780 62520 7 4 1740
1717 62640 64860 4 3 2220
1718 64980 66540 3 2 1560
1719 66660 69660 2 8 3000
1720 69780 72780 8 11 3000
1721 74040 75060 12 7 1020
1722 75180 76920 7 4 1740
1723 77040 79260 4 3 2220
1724 79380 80940 3 2 1560
1725 34320 35460 8 1 1140
1726 35580 36600 1 13 1020
1727 36720 38700 13 0 1980
1728 42720 44700 0 13 1980
1729 44880 45900 13 1 1020
1730 46020 47160 1 8 1140
1731 47280 50280 8 11 3000
1732 53520 55500 0 13 1980
1733 55680 56700 13 1 1020
1734 56820 57960 1 8 1140
1735 58080 61080 8 11 3000
1736 64320 66300 0 13 1980
1737 66480 67500 13 1 1020
1738 67620 68760 1 8 1140
1739 68880 71880 8 11 3000
1740 75120 77100 0 13 1980
1741 77280 78300 13 1 1020
1742 78420 79560 1 8 1140
1743 31920 33900 0 13 1980
1744 34080 35100 13 1 1020
1745 35220 36360 1 8 1140
1746 36480 39480 8 11 3000
1747 42000 45000 11 8 3000
1748 45120 46260 8 1 1140
1749 46380 47400 1 13 1020
1750 47520 49500 13 0 1980
1751 52800 55800 11 8 3000
1752 55920 57060 8 1 1140
1753 57180 58200 1 13 1020
1754 58320 60300 13 0 1980
1755 63600 66600 11 8 3000
1756 66720 67860 8 1 1140
1757 67980 69000 1 13 1020
1758 69120 71100 13 0 1980
1759 74400 77400 11 8 3000
1760 77520 78660 8 1 1140
1761 33240 34380 2 6 1140
1762 34500 35220 6 3 720
1763 35340 37560 3 4 2220
1764 37680 39840 4 5 2160
1765 39960 41880 5 10 1920
1766 42720 44640 10 5 1920
1767 44760 46920 5 4 2160
1768 47040 49260 4 3 2220
1769 49380 50100 3 6 720
1770 50220 51360 6 2 1140
1771 34440 35460 12 7 1020
1772 35580 37320 7 4 1740
1773 37440 39660 4 3 2220
1774 39780 41340 3 2 1560
1775 41460 44460 2 8 3000
1776 44580 47580 8 11 3000
1777 49020 52020 11 8 3000
1778 52140 55140 8 2 3000
1779 55260 56820 2 3 1560
1780 56940 59160 3 4 2220
1781 59280 61020 4 7 1740
1782 61140 62160 7 12 1020
1783 63420 66420 11 8 3000
1784 66540 69540 8 2 3000
1785 69660 71220 2 3 1560
1786 71340 73560 3 4 2220
1787 73680 75420 4 7 1740
1788 75540 76560 7 12 1020
1789 77820 80820 11 8 3000
1790 80940 83940 8 2 3000
1791 84060 85620 2 3 1560
1792 85740 87960 3 4 2220
1793 34620 37620 11 8 3000
1794 37740 40740 8 2 3000
1795 40860 42420 2 3 1560
1796 42540 44760 3 4 2220
1797 44880 46620 4 7 1740
1798 46740 47760 7 12 1020
1799 48840 49860 12 7 1020
1800 49980 51720 7 4 1740
1801 51840 54060 4 3 2220
1802 54180 55740 3 2 1560
1803 55860 58860 2 8 3000
1804 58980 61980 8 11 3000
1805 63240 64260 12 7 1020
1806 64380 66120 7 4 1740
1807 66240 68460 4 3 2220
1808 68580 70140 3 2 1560
1809 70260 73260 2 8 3000
1810 73380 76380 8 11 3000
1811 77640 78660 12 7 1020
1812 78780 80520 7 4 1740
1813 80640 82860 4 3 2220
1814 82980 84540 3 2 1560
1815 36180 39180 8 2 3000
1816 39300 40440 2 6 1140
1817 42420 43560 6 2 1140
1818 43680 46680 2 8 3000
1819 37020 38040 12 7 1020
1820 38160 39900 7 4 1740
1821 40020 42240 4 3 2220
1822 42900 45120 3 4 2220
1823 45240 46980 4 7 1740
1824 47100 48120 7 12 1020
1825 39720 41940 9 12 2220
1826 42060 43080 12 7 1020
1827 43200 44940 7 4 1740
1828 45060 47040 4 14 1980
1829 48360 50340 14 4 1980
1830 50460 52200 4 7 1740
1831 52320 53340 7 12 1020
1832 53460 55680 12 9 2220
1833 39900 41820 1 2 1920
1834 41940 43080 2 6 1140
1835 43200 43920 6 3 720
1836 44040 47220 3 14 3180
1837 48600 51780 14 3 3180
1838 51900 52620 3 6 720
1839 52740 53880 6 2 1140
1840 54000 55920 2 1 1920
1841 40860 42420 2 3 1560
1842 42540 45540 3 9 3000
1843 45660 47880 9 12 2220
1844 49020 51240 12 9 2220
1845 51360 54360 9 3 3000
1846 54600 56160 3 2 1560
1847 41100 43020 10 5 1920
1848 43140 44220 5 7 1080
1849 44340 46080 7 4 1740
1850 46200 48420 4 3 2220
1851 49020 51240 3 4 2220
1852 51480 53220 4 7 1740
1853 53340 54420 7 5 1080
1854 54540 56460 5 10 1920
1855 43380 46380 8 2 3000
1856 46500 47640 2 6 1140
1857 49620 50760 6 2 1140
1858 50880 53880 2 8 3000
1859 44040 45180 2 6 1140
1860 45300 46020 6 3 720
1861 46140 48360 3 4 2220
1862 48480 50640 4 5 2160
1863 50760 52680 5 10 1920
1864 53520 55440 10 5 1920
1865 55560 57720 5 4 2160
1866 57840 60060 4 3 2220
1867 60180 60900 3 6 720
1868 61020 62160 6 2 1140
1869 44220 45240 12 7 1020
1870 45360 47100 7 4 1740
1871 47220 49440 4 3 2220
1872 50100 52320 3 4 2220
1873 52440 54180 4 7 1740
1874 54300 55320 7 12 1020
1875 50520 52740 9 12 2220
1876 52860 53880 12 7 1020
1877 54000 55740 7 4 1740
1878 55860 57840 4 14 1980
1879 59160 61140 14 4 1980
1880 61260 63000 4 7 1740
1881 63120 64140 7 12 1020
1882 64260 66480 12 9 2220
1883 50580 53580 8 2 3000
1884 53700 54840 2 6 1140
1885 56820 57960 6 2 1140
1886 58080 61080 2 8 3000
1887 50700 52620 1 2 1920
1888 52740 53880 2 6 1140
1889 54000 54720 6 3 720
1890 54840 58020 3 14 3180
1891 59400 62580 14 3 3180
1892 62700 63420 3 6 720
1893 63540 64680 6 2 1140
1894 64800 66720 2 1 1920
1895 51420 52440 12 7 1020
1896 52560 54300 7 4 1740
1897 54420 56640 4 3 2220
1898 57300 59520 3 4 2220
1899 59640 61380 4 7 1740
1900 61500 62520 7 12 1020
1901 51660 53220 2 3 1560
1902 53340 56340 3 9 3000
1903 56460 58680 9 12 2220
1904 59820 62040 12 9 2220
1905 62160 65160 9 3 3000
1906 65400 66960 3 2 1560
1907 51900 53820 10 5 1920
1908 53940 55020 5 7 1080
1909 55140 56880 7 4 1740
1910 57000 59220 4 3 2220
1911 59820 62040 3 4 2220
1912 62280 64020 4 7 1740
1913 64140 65220 7 5 1080
1914 65340 67260 5 10 1920
1915 54840 55980 2 6 1140
1916 56100 56820 6 3 720
1917 56940 59160 3 4 2220
1918 59280 61440 4 5 2160
1919 61560 63480 5 10 1920
1920 64320 66240 10 5 1920
1921 66360 68520 5 4 2160
1922 68640 70860 4 3 2220
1923 70980 71700 3 6 720
1924 71820 72960 6 2 1140
1925 57780 60780 8 2 3000
1926 60900 62040 2 6 1140
1927 64020 65160 6 2 1140
1928 65280 68280 2 8 3000
1929 58620 59640 12 7 1020
1930 59760 61500 7 4 1740
1931 61620 63840 4 3 2220
1932 64500 66720 3 4 2220
1933 66840 68580 4 7 1740
1934 68700 69720 7 12 1020
1935 61320 63540 9 12 2220
1936 63660 64680 12 7 1020
1937 64800 66540 7 4 1740
1938 66660 68640 4 14 1980
1939 69960 71940 14 4 1980
1940 72060 73800 4 7 1740
1941 73920 74940 7 12 1020
1942 75060 77280 12 9 2220
1943 61500 63420 1 2 1920
1944 63540 64680 2 6 1140
1945 64800 65520 6 3 720
1946 65640 68820 3 14 3180
1947 70200 73380 14 3 3180
1948 73500 74220 3 6 720
1949 74340 75480 6 2 1140
1950 75600 77520 2 1 1920
1951 62460 64020 2 3 1560
1952 64140 67140 3 9 3000
1953 67260 69480 9 12 2220
1954 70620 72840 12 9 2220
1955 72960 75960 9 3 3000
1956 76200 77760 3 2 1560
1957 62700 64620 10 5 1920
1958 64740 65820 5 7 1080
1959 65940 67680 7 4 1740
1960 67800 70020 4 3 2220
1961 70620 72840 3 4 2220
1962 73080 74820 4 7 1740
1963 74940 76020 7 5 1080
1964 76140 78060 5 10 1920
1965 64980 67980 8 2 3000
1966 68100 69240 2 6 1140
1967 71220 72360 6 2 1140
1968 72480 75480 2 8 3000
1969 65640 66780 2 6 1140
1970 66900 67620 6 3 720
1971 67740 69960 3 4 2220
1972 70080 72240 4 5 2160
1973 72360 74280 5 10 1920
1974 75120 77040 10 5 1920
1975 77160 79320 5 4 2160
1976 79440 81660 4 3 2220
1977 81780 82500 3 6 720
1978 82620 83760 6 2 1140
1979 65820 66840 12 7 1020
1980 66960 68700 7 4 1740
1981 68820 71040 4 3 2220
1982 71700 73920 3 4 2220
1983 74040 75780 4 7 1740
1984 75900 76920 7 12 1020
1985 72120 74340 9 12 2220
1986 74460 75480 12 7 1020
1987 75600 77340 7 4 1740
1988 77460 79440 4 14 1980
1989 80760 82740 14 4 1980
1990 82860 84600 4 7 1740
1991 72180 75180 8 2 3000
1992 75300 76440 2 6 1140
1993 78420 79560 6 2 1140
1994 72300 74220 1 2 1920
1995 74340 75480 2 6 1140
1996 75600 76320 6 3 720
1997 76440 79620 3 14 3180
1998 81000 84180 14 3 3180
1999 84300 85020 3 6 720
2000 85140 86280 6 2 1140
2001 73020 74040 12 7 1020
2002 74160 75900 7 4 1740
2003 76020 78240 4 3 2220
2004 78900 81120 3 4 2220
2005 81240 82980 4 7 1740
2006 73260 74820 2 3 1560
2007 74940 77940 3 9 3000
2008 78060 80280 9 12 2220
2009 81420 83640 12 9 2220
2010 83760 86760 9 3 3000
2011 87000 88560 3 2 1560
2012 73500 75420 10 5 1920
2013 75540 76620 5 7 1080
2014 76740 78480 7 4 1740
2015 78600 80820 4 3 2220
2016 81420 83640 3 4 2220
2017 83880 85620 4 7 1740
2018 85740 86820 7 5 1080
2019 76440 77580 2 6 1140
2020 77700 78420 6 3 720
2021 78540 80760 3 4 2220
2022 80880 83040 4 5 2160
2023 83160 85080 5 10 1920
2024 85920 87840 10 5 1920
2025 87960 90120 5 4 2160
2026 90240 92460 4 3 2220
2027 92580 93300 3 6 720
2028 93420 94560 6 2 1140
