0 2 19
2 6 19
3 6 12
1 8 19
3 4 37
7 12 17
5 7 18
5 10 32
4 14 33
2 0 19
6 2 19
6 3 12
8 1 19
4 3 37
12 7 17
7 5 18
10 5 32
14 4 33
0 6 20
6 0 20
3 9 50
9 3 50
2 3 26
3 2 26
1 2 32
2 1 32
8 15 14
15 8 14
4 17 6
17 4 6
0 18 7
18 0 7
16 18 5
18 16 5
14 19 7
19 14 7
7 20 13
20 7 13
17 20 6
20 17 6
2 21 26
21 2 26
15 21 6
21 15 6
1 22 6
22 1 6
13 22 9
22 13 9
3 23 8
23 3 8
9 24 7
24 9 7
5 25 12
25 5 12
4 25 22
25 4 22
19 26 8
26 19 8
23 26 24
26 23 24
13 27 8
27 13 8
16 27 7
27 16 7
8 28 6
28 8 6
11 28 42
28 11 42
12 29 10
29 12 10
24 29 16
29 24 16
