0 23940 25560 1 2 1620
1 27060 28680 2 1 1620
2 28800 30960 1 3 2160
3 34260 35880 2 1 1620
4 36000 38160 1 3 2160
5 41460 43080 2 1 1620
6 43200 45360 1 3 2160
7 48660 50280 2 1 1620
8 50400 52560 1 3 2160
9 55860 57480 2 1 1620
10 57600 59760 1 3 2160
11 63060 64680 2 1 1620
12 64800 66960 1 3 2160
13 70260 71880 2 1 1620
14 72000 74160 1 3 2160
15 77460 79080 2 1 1620
16 21960 23580 1 2 1620
17 23820 27420 2 3 3600
18 29220 32940 3 2 3720
19 33060 34680 2 1 1620
20 36420 40140 3 2 3720
21 40260 41880 2 1 1620
22 43620 47340 3 2 3720
23 47460 49080 2 1 1620
24 50820 54540 3 2 3720
25 54660 56280 2 1 1620
26 58020 61740 3 2 3720
27 61860 63480 2 1 1620
28 65220 68940 3 2 3720
29 69060 70680 2 1 1620
30 72420 76140 3 2 3720
31 76260 77880 2 1 1620
32 25860 27480 2 1 1620
33 29160 30780 1 2 1620
34 31020 34620 2 3 3600
35 36360 37980 1 2 1620
36 38220 41820 2 3 3600
37 43560 45180 1 2 1620
38 45420 49020 2 3 3600
39 50760 52380 1 2 1620
40 52620 56220 2 3 3600
41 57960 59580 1 2 1620
42 59820 63420 2 3 3600
43 65160 66780 1 2 1620
44 67020 70620 2 3 3600
45 72360 73980 1 2 1620
46 25200 26460 0 1 1260
47 28380 29640 1 0 1260
48 29880 32520 0 3 2640
49 33780 35040 1 0 1260
50 35280 37920 0 3 2640
51 39180 40440 1 0 1260
52 40680 43320 0 3 2640
53 44580 45840 1 0 1260
54 46080 48720 0 3 2640
55 49980 51240 1 0 1260
56 51480 54120 0 3 2640
57 55380 56640 1 0 1260
58 56880 59520 0 3 2640
59 60780 62040 1 0 1260
60 62280 64920 0 3 2640
61 66180 67440 1 0 1260
62 67680 70320 0 3 2640
63 71580 72840 1 0 1260
64 73080 75720 0 3 2640
65 76980 78240 1 0 1260
66 22980 24240 1 0 1260
67 24480 27120 0 3 2640
68 27840 30480 3 0 2640
69 30600 31860 0 1 1260
70 33240 35880 3 0 2640
71 36000 37260 0 1 1260
72 38640 41280 3 0 2640
73 41400 42660 0 1 1260
74 44040 46680 3 0 2640
75 46800 48060 0 1 1260
76 49440 52080 3 0 2640
77 52200 53460 0 1 1260
78 54840 57480 3 0 2640
79 57600 58860 0 1 1260
80 60240 62880 3 0 2640
81 63000 64260 0 1 1260
82 65640 68280 3 0 2640
83 68400 69660 0 1 1260
84 71040 73680 3 0 2640
85 73800 75060 0 1 1260
86 76440 79080 3 0 2640
87 79200 80460 0 1 1260
88 25200 27360 1 3 2160
89 28860 31020 3 1 2160
90 31140 32760 1 2 1620
91 36060 38220 3 1 2160
92 38340 39960 1 2 1620
93 43260 45420 3 1 2160
94 45540 47160 1 2 1620
95 50460 52620 3 1 2160
96 52740 54360 1 2 1620
97 57660 59820 3 1 2160
98 59940 61560 1 2 1620
99 64860 67020 3 1 2160
100 67140 68760 1 2 1620
101 72060 74220 3 1 2160
102 74340 75960 1 2 1620
103 23760 25380 1 2 1620
104 25620 29220 2 3 3600
105 31020 34740 3 2 3720
106 34860 36480 2 1 1620
107 38220 41940 3 2 3720
108 42060 43680 2 1 1620
109 45420 49140 3 2 3720
110 49260 50880 2 1 1620
111 52620 56340 3 2 3720
112 56460 58080 2 1 1620
113 59820 63540 3 2 3720
114 63660 65280 2 1 1620
115 67020 70740 3 2 3720
116 70860 72480 2 1 1620
117 74220 77940 3 2 3720
118 78060 79680 2 1 1620
119 27660 29280 2 1 1620
120 30960 32580 1 2 1620
121 32820 36420 2 3 3600
122 38160 39780 1 2 1620
123 40020 43620 2 3 3600
124 45360 46980 1 2 1620
125 47220 50820 2 3 3600
126 52560 54180 1 2 1620
127 54420 58020 2 3 3600
128 59760 61380 1 2 1620
129 61620 65220 2 3 3600
130 66960 68580 1 2 1620
131 68820 72420 2 3 3600
132 74160 75780 1 2 1620
133 27000 28260 0 1 1260
134 30180 31440 1 0 1260
135 31680 34320 0 3 2640
136 35580 36840 1 0 1260
137 37080 39720 0 3 2640
138 40980 42240 1 0 1260
139 42480 45120 0 3 2640
140 46380 47640 1 0 1260
141 47880 50520 0 3 2640
142 51780 53040 1 0 1260
143 53280 55920 0 3 2640
144 57180 58440 1 0 1260
145 58680 61320 0 3 2640
146 62580 63840 1 0 1260
147 64080 66720 0 3 2640
148 67980 69240 1 0 1260
149 69480 72120 0 3 2640
150 73380 74640 1 0 1260
151 74880 77520 0 3 2640
152 78780 80040 1 0 1260
153 24780 26040 1 0 1260
154 26280 28920 0 3 2640
155 29640 32280 3 0 2640
156 32400 33660 0 1 1260
157 35040 37680 3 0 2640
158 37800 39060 0 1 1260
159 40440 43080 3 0 2640
160 43200 44460 0 1 1260
161 45840 48480 3 0 2640
162 48600 49860 0 1 1260
163 51240 53880 3 0 2640
164 54000 55260 0 1 1260
165 56640 59280 3 0 2640
166 59400 60660 0 1 1260
167 62040 64680 3 0 2640
168 64800 66060 0 1 1260
169 67440 70080 3 0 2640
170 70200 71460 0 1 1260
171 72840 75480 3 0 2640
172 75600 76860 0 1 1260
173 78240 80880 3 0 2640
174 81000 82260 0 1 1260
175 27540 29160 1 2 1620
176 30660 32280 2 1 1620
177 32400 34560 1 3 2160
178 37860 39480 2 1 1620
179 39600 41760 1 3 2160
180 45060 46680 2 1 1620
181 46800 48960 1 3 2160
182 52260 53880 2 1 1620
183 54000 56160 1 3 2160
184 59460 61080 2 1 1620
185 61200 63360 1 3 2160
186 66660 68280 2 1 1620
187 68400 70560 1 3 2160
188 73860 75480 2 1 1620
189 25560 27180 1 2 1620
190 27420 31020 2 3 3600
191 32820 36540 3 2 3720
192 36660 38280 2 1 1620
193 40020 43740 3 2 3720
194 43860 45480 2 1 1620
195 47220 50940 3 2 3720
196 51060 52680 2 1 1620
197 54420 58140 3 2 3720
198 58260 59880 2 1 1620
199 61620 65340 3 2 3720
200 65460 67080 2 1 1620
201 68820 72540 3 2 3720
202 72660 74280 2 1 1620
203 76020 79740 3 2 3720
204 79860 81480 2 1 1620
205 29460 31080 2 1 1620
206 32760 34380 1 2 1620
207 34620 38220 2 3 3600
208 39960 41580 1 2 1620
209 41820 45420 2 3 3600
210 47160 48780 1 2 1620
211 49020 52620 2 3 3600
212 54360 55980 1 2 1620
213 56220 59820 2 3 3600
214 61560 63180 1 2 1620
215 63420 67020 2 3 3600
216 68760 70380 1 2 1620
217 70620 74220 2 3 3600
218 75960 77580 1 2 1620
219 28800 30060 0 1 1260
220 31980 33240 1 0 1260
221 33480 36120 0 3 2640
222 37380 38640 1 0 1260
223 38880 41520 0 3 2640
224 42780 44040 1 0 1260
225 44280 46920 0 3 2640
226 48180 49440 1 0 1260
227 49680 52320 0 3 2640
228 53580 54840 1 0 1260
229 55080 57720 0 3 2640
230 58980 60240 1 0 1260
231 60480 63120 0 3 2640
232 64380 65640 1 0 1260
233 65880 68520 0 3 2640
234 69780 71040 1 0 1260
235 71280 73920 0 3 2640
236 75180 76440 1 0 1260
237 26580 27840 1 0 1260
238 28080 30720 0 3 2640
239 31440 34080 3 0 2640
240 34200 35460 0 1 1260
241 36840 39480 3 0 2640
242 39600 40860 0 1 1260
243 42240 44880 3 0 2640
244 45000 46260 0 1 1260
245 47640 50280 3 0 2640
246 50400 51660 0 1 1260
247 53040 55680 3 0 2640
248 55800 57060 0 1 1260
249 58440 61080 3 0 2640
250 61200 62460 0 1 1260
251 63840 66480 3 0 2640
252 66600 67860 0 1 1260
253 69240 71880 3 0 2640
254 72000 73260 0 1 1260
255 74640 77280 3 0 2640
256 77400 78660 0 1 1260
257 27360 28980 1 2 1620
258 29220 32820 2 3 3600
259 34620 38340 3 2 3720
260 38460 40080 2 1 1620
261 41820 45540 3 2 3720
262 45660 47280 2 1 1620
263 49020 52740 3 2 3720
264 52860 54480 2 1 1620
265 56220 59940 3 2 3720
266 60060 61680 2 1 1620
267 63420 67140 3 2 3720
268 67260 68880 2 1 1620
269 70620 74340 3 2 3720
270 74460 76080 2 1 1620
271 77820 81540 3 2 3720
272 81660 83280 2 1 1620
273 31260 32880 2 1 1620
274 34560 36180 1 2 1620
275 36420 40020 2 3 3600
276 41760 43380 1 2 1620
277 43620 47220 2 3 3600
278 48960 50580 1 2 1620
279 50820 54420 2 3 3600
280 56160 57780 1 2 1620
281 58020 61620 2 3 3600
282 63360 64980 1 2 1620
283 65220 68820 2 3 3600
284 70560 72180 1 2 1620
285 72420 76020 2 3 3600
286 77760 79380 1 2 1620
287 32460 34620 3 1 2160
288 34740 36360 1 2 1620
289 37860 39480 2 1 1620
290 39600 41760 1 3 2160
291 39660 41820 3 1 2160
292 41940 43560 1 2 1620
293 45060 46680 2 1 1620
294 46800 48960 1 3 2160
295 46860 49020 3 1 2160
296 49140 50760 1 2 1620
297 52260 53880 2 1 1620
298 54000 56160 1 3 2160
299 54060 56220 3 1 2160
300 56340 57960 1 2 1620
301 59460 61080 2 1 1620
302 61200 63360 1 3 2160
303 61260 63420 3 1 2160
304 63540 65160 1 2 1620
305 66660 68280 2 1 1620
306 68400 70560 1 3 2160
307 68460 70620 3 1 2160
308 70740 72360 1 2 1620
309 73860 75480 2 1 1620
310 75660 77820 3 1 2160
311 77940 79560 1 2 1620
312 81060 82680 2 1 1620
