4 31860 33060 0 4 1200
5 33180 34620 4 5 1440
6 34740 36000 5 6 1260
7 36120 38220 6 9 2100
8 39060 40260 0 4 1200
9 40380 41820 4 5 1440
10 41940 43200 5 6 1260
11 43320 45420 6 9 2100
12 46260 47460 0 4 1200
13 47580 49020 4 5 1440
14 49140 50400 5 6 1260
15 50520 52620 6 9 2100
16 53460 54660 0 4 1200
17 54780 56220 4 5 1440
18 56340 57600 5 6 1260
19 57720 59820 6 9 2100
20 60660 61860 0 4 1200
21 61980 63420 4 5 1440
22 63540 64800 5 6 1260
23 64920 67020 6 9 2100
24 67860 69060 0 4 1200
25 69180 70620 4 5 1440
26 70740 72000 5 6 1260
27 72120 74220 6 9 2100
28 75060 76260 0 4 1200
29 76380 77820 4 5 1440
33 23700 26580 1 3 2880
34 30240 33120 3 1 2880
35 33240 35100 1 5 1860
36 37440 40320 3 1 2880
37 40440 42300 1 5 1860
38 44640 47520 3 1 2880
39 47640 49500 1 5 1860
40 51840 54720 3 1 2880
41 54840 56700 1 5 1860
42 59040 61920 3 1 2880
43 62040 63900 1 5 1860
44 66240 69120 3 1 2880
45 69240 71100 1 5 1860
46 73440 76320 3 1 2880
47 76440 78300 1 5 1860
48 79200 81060 5 1 1860
49 81300 84180 1 3 2880
50 87840 90720 3 1 2880
53 24780 27780 1 9 3000
54 31260 34260 9 1 3000
55 34380 37260 1 3 2880
56 38460 41460 9 1 3000
57 41580 44460 1 3 2880
58 45660 48660 9 1 3000
59 48780 51660 1 3 2880
60 52860 55860 9 1 3000
61 55980 58860 1 3 2880
62 60060 63060 9 1 3000
63 63180 66060 1 3 2880
64 67260 70260 9 1 3000
65 70380 73260 1 3 2880
66 74460 77460 9 1 3000
73 31140 32400 5 6 1260
74 33480 34860 8 4 1380
75 34980 36420 4 5 1440
76 36540 37800 5 6 1260
77 38880 40260 8 4 1380
78 40380 41820 4 5 1440
79 41940 43200 5 6 1260
80 44280 45660 8 4 1380
81 45780 47220 4 5 1440
82 47340 48600 5 6 1260
83 49680 51060 8 4 1380
84 51180 52620 4 5 1440
85 52740 54000 5 6 1260
86 55080 56460 8 4 1380
87 56580 58020 4 5 1440
88 58140 59400 5 6 1260
89 60480 61860 8 4 1380
90 61980 63420 4 5 1440
91 63540 64800 5 6 1260
92 65880 67260 8 4 1380
93 67380 68820 4 5 1440
94 68940 70200 5 6 1260
95 71280 72660 8 4 1380
96 72780 74220 4 5 1440
97 74340 75600 5 6 1260
98 76680 78060 8 4 1380
106 32400 34140 3 2 1740
107 35760 36960 4 0 1200
108 37080 39480 0 3 2400
109 39600 41340 3 2 1740
110 42960 44160 4 0 1200
111 44280 46680 0 3 2400
112 46800 48540 3 2 1740
113 50160 51360 4 0 1200
114 51480 53880 0 3 2400
115 54000 55740 3 2 1740
116 57360 58560 4 0 1200
117 58680 61080 0 3 2400
118 61200 62940 3 2 1740
119 64560 65760 4 0 1200
120 65880 68280 0 3 2400
121 68400 70140 3 2 1740
122 71760 72960 4 0 1200
123 73080 75480 0 3 2400
124 75600 77340 3 2 1740
125 78960 80160 4 0 1200
126 80280 82680 0 3 2400
132 32400 33960 5 0 1560
133 34080 36480 0 3 2400
134 38220 39480 6 5 1260
135 39600 41160 5 0 1560
136 41280 43680 0 3 2400
137 45420 46680 6 5 1260
138 46800 48360 5 0 1560
139 48480 50880 0 3 2400
140 52620 53880 6 5 1260
141 54000 55560 5 0 1560
142 55680 58080 0 3 2400
143 59820 61080 6 5 1260
144 61200 62760 5 0 1560
145 62880 65280 0 3 2400
146 67020 68280 6 5 1260
147 68400 69960 5 0 1560
148 70080 72480 0 3 2400
149 74220 75480 6 5 1260
150 75600 77160 5 0 1560
154 26160 28680 1 2 2520
155 28800 30300 2 7 1500
156 32340 33840 7 2 1500
157 33960 36480 2 1 2520
158 36600 38460 1 5 1860
159 38580 40140 5 0 1560
160 41340 42840 7 2 1500
161 42960 45480 2 1 2520
162 45600 47460 1 5 1860
163 47580 49140 5 0 1560
164 50340 51840 7 2 1500
165 51960 54480 2 1 2520
166 54600 56460 1 5 1860
167 56580 58140 5 0 1560
168 59340 60840 7 2 1500
169 60960 63480 2 1 2520
170 63600 65460 1 5 1860
171 65580 67140 5 0 1560
172 68340 69840 7 2 1500
173 69960 72480 2 1 2520
174 72600 74460 1 5 1860
175 74580 76140 5 0 1560
176 77340 78840 7 2 1500
177 78960 81480 2 1 2520
184 30600 32040 5 4 1440
185 32160 33540 4 8 1380
186 34620 35880 6 5 1260
187 36000 37440 5 4 1440
188 37560 38940 4 8 1380
189 40020 41280 6 5 1260
190 41400 42840 5 4 1440
191 42960 44340 4 8 1380
192 45420 46680 6 5 1260
193 46800 48240 5 4 1440
194 48360 49740 4 8 1380
195 50820 52080 6 5 1260
196 52200 53640 5 4 1440
197 53760 55140 4 8 1380
198 56220 57480 6 5 1260
199 57600 59040 5 4 1440
200 59160 60540 4 8 1380
201 61620 62880 6 5 1260
202 63000 64440 5 4 1440
203 64560 65940 4 8 1380
204 67020 68280 6 5 1260
205 68400 69840 5 4 1440
206 69960 71340 4 8 1380
207 72420 73680 6 5 1260
208 73800 75240 5 4 1440
210 77820 79080 6 5 1260
214 26040 27900 1 5 1860
215 28800 30660 5 1 1860
216 30900 33780 1 3 2880
217 36000 37860 5 1 1860
218 38100 40980 1 3 2880
219 43200 45060 5 1 1860
220 45300 48180 1 3 2880
221 50400 52260 5 1 1860
222 52500 55380 1 3 2880
223 57600 59460 5 1 1860
224 59700 62580 1 3 2880
225 64800 66660 5 1 1860
226 66900 69780 1 3 2880
227 72000 73860 5 1 1860
232 29340 31080 2 3 1740
233 31200 33600 3 0 2400
234 33720 34920 0 4 1200
235 36540 38280 2 3 1740
236 38400 40800 3 0 2400
237 40920 42120 0 4 1200
238 43740 45480 2 3 1740
239 45600 48000 3 0 2400
240 48120 49320 0 4 1200
241 50940 52680 2 3 1740
242 52800 55200 3 0 2400
243 55320 56520 0 4 1200
244 58140 59880 2 3 1740
245 60000 62400 3 0 2400
246 62520 63720 0 4 1200
247 65340 67080 2 3 1740
248 67200 69600 3 0 2400
249 69720 70920 0 4 1200
250 72540 74280 2 3 1740
251 74400 76800 3 0 2400
252 76920 78120 0 4 1200
255 27600 29460 1 5 1860
256 29580 31140 5 0 1560
257 33300 34860 0 5 1560
258 34980 36840 5 1 1860
259 36960 39480 1 2 2520
260 39600 41100 2 7 1500
261 42300 43860 0 5 1560
262 43980 45840 5 1 1860
263 45960 48480 1 2 2520
264 48600 50100 2 7 1500
265 51300 52860 0 5 1560
266 52980 54840 5 1 1860
267 54960 57480 1 2 2520
268 57600 59100 2 7 1500
269 60300 61860 0 5 1560
270 61980 63840 5 1 1860
271 63960 66480 1 2 2520
272 66600 68100 2 7 1500
273 69300 70860 0 5 1560
274 70980 72840 5 1 1860
275 72960 75480 1 2 2520
276 75600 77100 2 7 1500
277 78300 79860 0 5 1560
278 79980 81840 5 1 1860
283 31620 33720 9 6 2100
284 33960 37020 6 8 3060
285 38820 40920 9 6 2100
286 41160 44220 6 8 3060
287 46020 48120 9 6 2100
288 48360 51420 6 8 3060
289 53220 55320 9 6 2100
290 55560 58620 6 8 3060
291 60420 62520 9 6 2100
292 62760 65820 6 8 3060
293 67620 69720 9 6 2100
294 69960 73020 6 8 3060
295 74820 76920 9 6 2100
301 31380 32820 4 5 1440
302 32940 34200 5 6 1260
303 35280 36660 8 4 1380
304 36780 38220 4 5 1440
305 38340 39600 5 6 1260
306 40680 42060 8 4 1380
307 42180 43620 4 5 1440
308 43740 45000 5 6 1260
309 46080 47460 8 4 1380
310 47580 49020 4 5 1440
311 49140 50400 5 6 1260
312 51480 52860 8 4 1380
313 52980 54420 4 5 1440
314 54540 55800 5 6 1260
315 56880 58260 8 4 1380
316 58380 59820 4 5 1440
317 59940 61200 5 6 1260
318 62280 63660 8 4 1380
319 63780 65220 4 5 1440
320 65340 66600 5 6 1260
321 67680 69060 8 4 1380
322 69180 70620 4 5 1440
323 70740 72000 5 6 1260
324 73080 74460 8 4 1380
325 74580 76020 4 5 1440
333 33240 35640 3 0 2400
334 35760 37320 0 5 1560
335 37560 38820 5 6 1260
336 40440 42840 3 0 2400
337 42960 44520 0 5 1560
338 44760 46020 5 6 1260
339 47640 50040 3 0 2400
340 50160 51720 0 5 1560
341 51960 53220 5 6 1260
342 54840 57240 3 0 2400
343 57360 58920 0 5 1560
344 59160 60420 5 6 1260
345 62040 64440 3 0 2400
346 64560 66120 0 5 1560
347 66360 67620 5 6 1260
348 69240 71640 3 0 2400
349 71760 73320 0 5 1560
350 73560 74820 5 6 1260
351 76440 78840 3 0 2400
358 31680 34080 0 3 2400
359 34200 35940 3 2 1740
360 37560 38760 4 0 1200
361 38880 41280 0 3 2400
362 41400 43140 3 2 1740
363 44760 45960 4 0 1200
364 46080 48480 0 3 2400
365 48600 50340 3 2 1740
366 51960 53160 4 0 1200
367 53280 55680 0 3 2400
368 55800 57540 3 2 1740
369 59160 60360 4 0 1200
370 60480 62880 0 3 2400
371 63000 64740 3 2 1740
372 66360 67560 4 0 1200
373 67680 70080 0 3 2400
374 70200 71940 3 2 1740
375 73560 74760 4 0 1200
376 74880 77280 0 3 2400
377 77400 79140 3 2 1740
379 27180 30060 1 3 2880
380 32580 35460 3 1 2880
381 35580 38580 1 9 3000
382 39780 42660 3 1 2880
383 42780 45780 1 9 3000
384 46980 49860 3 1 2880
385 49980 52980 1 9 3000
386 54180 57060 3 1 2880
387 57180 60180 1 9 3000
388 61380 64260 3 1 2880
389 64380 67380 1 9 3000
390 68580 71460 3 1 2880
391 71580 74580 1 9 3000
392 75780 78660 3 1 2880
396 27960 30480 1 2 2520
397 30600 32100 2 7 1500
398 34140 35640 7 2 1500
399 35760 38280 2 1 2520
400 38400 40260 1 5 1860
401 40380 41940 5 0 1560
402 43140 44640 7 2 1500
403 44760 47280 2 1 2520
404 47400 49260 1 5 1860
405 49380 50940 5 0 1560
406 52140 53640 7 2 1500
407 53760 56280 2 1 2520
408 56400 58260 1 5 1860
409 58380 59940 5 0 1560
410 61140 62640 7 2 1500
411 62760 65280 2 1 2520
412 65400 67260 1 5 1860
413 67380 68940 5 0 1560
414 70140 71640 7 2 1500
415 71760 74280 2 1 2520
416 74400 76260 1 5 1860
417 76380 77940 5 0 1560
418 79140 80640 7 2 1500
419 80760 83280 2 1 2520
425 33840 35940 6 9 2100
426 37860 40920 8 6 3060
427 41040 43140 6 9 2100
428 45060 48120 8 6 3060
429 48240 50340 6 9 2100
430 52260 55320 8 6 3060
431 55440 57540 6 9 2100
432 59460 62520 8 6 3060
433 62640 64740 6 9 2100
434 66660 69720 8 6 3060
435 69840 71940 6 9 2100
436 73860 76920 8 6 3060
442 32400 33840 5 4 1440
443 33960 35340 4 8 1380
444 36420 37680 6 5 1260
445 37800 39240 5 4 1440
446 39360 40740 4 8 1380
447 41820 43080 6 5 1260
448 43200 44640 5 4 1440
449 44760 46140 4 8 1380
450 47220 48480 6 5 1260
451 48600 50040 5 4 1440
452 50160 51540 4 8 1380
453 52620 53880 6 5 1260
454 54000 55440 5 4 1440
455 55560 56940 4 8 1380
456 58020 59280 6 5 1260
457 59400 60840 5 4 1440
458 60960 62340 4 8 1380
459 63420 64680 6 5 1260
460 64800 66240 5 4 1440
461 66360 67740 4 8 1380
462 68820 70080 6 5 1260
463 70200 71640 5 4 1440
464 71760 73140 4 8 1380
465 74220 75480 6 5 1260
466 75600 77040 5 4 1440
472 32400 34500 9 6 2100
473 34620 35880 6 5 1260
474 36000 37440 5 4 1440
475 37560 38760 4 0 1200
476 39600 41700 9 6 2100
477 41820 43080 6 5 1260
478 43200 44640 5 4 1440
479 44760 45960 4 0 1200
480 46800 48900 9 6 2100
481 49020 50280 6 5 1260
482 50400 51840 5 4 1440
483 51960 53160 4 0 1200
484 54000 56100 9 6 2100
485 56220 57480 6 5 1260
486 57600 59040 5 4 1440
487 59160 60360 4 0 1200
488 61200 63300 9 6 2100
489 63420 64680 6 5 1260
490 64800 66240 5 4 1440
491 66360 67560 4 0 1200
492 68400 70500 9 6 2100
493 70620 71880 6 5 1260
494 72000 73440 5 4 1440
495 73560 74760 4 0 1200
496 75600 77700 9 6 2100
497 77820 79080 6 5 1260
502 28800 30540 3 2 1740
503 31140 32880 2 3 1740
504 33000 35400 3 0 2400
505 35520 36720 0 4 1200
506 38340 40080 2 3 1740
507 40200 42600 3 0 2400
508 42720 43920 0 4 1200
509 45540 47280 2 3 1740
510 47400 49800 3 0 2400
511 49920 51120 0 4 1200
512 52740 54480 2 3 1740
513 54600 57000 3 0 2400
514 57120 58320 0 4 1200
515 59940 61680 2 3 1740
516 61800 64200 3 0 2400
517 64320 65520 0 4 1200
518 67140 68880 2 3 1740
519 69000 71400 3 0 2400
520 71520 72720 0 4 1200
521 74340 76080 2 3 1740
522 76200 78600 3 0 2400
526 29400 31260 1 5 1860
527 31380 32940 5 0 1560
528 35100 36660 0 5 1560
529 36780 38640 5 1 1860
530 38760 41280 1 2 2520
531 41400 42900 2 7 1500
532 44100 45660 0 5 1560
533 45780 47640 5 1 1860
534 47760 50280 1 2 2520
535 50400 51900 2 7 1500
536 53100 54660 0 5 1560
537 54780 56640 5 1 1860
538 56760 59280 1 2 2520
539 59400 60900 2 7 1500
540 62100 63660 0 5 1560
541 63780 65640 5 1 1860
542 65760 68280 1 2 2520
543 68400 69900 2 7 1500
544 71100 72660 0 5 1560
545 72780 74640 5 1 1860
546 74760 77280 1 2 2520
550 28800 30240 5 4 1440
551 30360 31560 4 0 1200
552 35460 36660 0 4 1200
553 36780 38220 4 5 1440
554 38340 39600 5 6 1260
555 39720 41820 6 9 2100
556 42660 43860 0 4 1200
557 43980 45420 4 5 1440
558 45540 46800 5 6 1260
559 46920 49020 6 9 2100
560 49860 51060 0 4 1200
561 51180 52620 4 5 1440
562 52740 54000 5 6 1260
563 54120 56220 6 9 2100
564 57060 58260 0 4 1200
565 58380 59820 4 5 1440
566 59940 61200 5 6 1260
567 61320 63420 6 9 2100
568 64260 65460 0 4 1200
569 65580 67020 4 5 1440
570 67140 68400 5 6 1260
571 68520 70620 6 9 2100
572 71460 72660 0 4 1200
573 72780 74220 4 5 1440
574 74340 75600 5 6 1260
581 27300 30180 1 3 2880
582 33840 36720 3 1 2880
583 36840 38700 1 5 1860
584 41040 43920 3 1 2880
585 44040 45900 1 5 1860
586 48240 51120 3 1 2880
587 51240 53100 1 5 1860
588 55440 58320 3 1 2880
589 58440 60300 1 5 1860
590 62640 65520 3 1 2880
591 65640 67500 1 5 1860
592 69840 72720 3 1 2880
593 72840 74700 1 5 1860
594 77040 79920 3 1 2880
597 28380 31380 1 9 3000
598 34860 37860 9 1 3000
599 37980 40860 1 3 2880
600 42060 45060 9 1 3000
601 45180 48060 1 3 2880
602 49260 52260 9 1 3000
603 52380 55260 1 3 2880
604 56460 59460 9 1 3000
605 59580 62460 1 3 2880
606 63660 66660 9 1 3000
607 66780 69660 1 3 2880
608 70860 73860 9 1 3000
610 78060 81060 9 1 3000
611 81180 84060 1 3 2880
616 33180 34620 4 5 1440
617 34740 36000 5 6 1260
618 37080 38460 8 4 1380
619 38580 40020 4 5 1440
620 40140 41400 5 6 1260
621 42480 43860 8 4 1380
622 43980 45420 4 5 1440
623 45540 46800 5 6 1260
624 47880 49260 8 4 1380
625 49380 50820 4 5 1440
626 50940 52200 5 6 1260
627 53280 54660 8 4 1380
628 54780 56220 4 5 1440
629 56340 57600 5 6 1260
630 58680 60060 8 4 1380
631 60180 61620 4 5 1440
632 61740 63000 5 6 1260
633 64080 65460 8 4 1380
634 65580 67020 4 5 1440
635 67140 68400 5 6 1260
636 69480 70860 8 4 1380
637 70980 72420 4 5 1440
638 72540 73800 5 6 1260
639 74880 76260 8 4 1380
640 76380 77820 4 5 1440
643 27600 30000 3 0 2400
644 30120 31320 0 4 1200
645 32160 33360 4 0 1200
646 33480 35880 0 3 2400
647 36000 37740 3 2 1740
648 39360 40560 4 0 1200
649 40680 43080 0 3 2400
650 43200 44940 3 2 1740
651 46560 47760 4 0 1200
652 47880 50280 0 3 2400
653 50400 52140 3 2 1740
654 53760 54960 4 0 1200
655 55080 57480 0 3 2400
656 57600 59340 3 2 1740
657 60960 62160 4 0 1200
658 62280 64680 0 3 2400
659 64800 66540 3 2 1740
660 68160 69360 4 0 1200
661 69480 71880 0 3 2400
662 72000 73740 3 2 1740
663 75360 76560 4 0 1200
668 30360 31620 5 6 1260
669 34620 35880 6 5 1260
670 36000 37560 5 0 1560
671 37680 40080 0 3 2400
672 41820 43080 6 5 1260
673 43200 44760 5 0 1560
674 44880 47280 0 3 2400
675 49020 50280 6 5 1260
676 50400 51960 5 0 1560
677 52080 54480 0 3 2400
678 56220 57480 6 5 1260
679 57600 59160 5 0 1560
680 59280 61680 0 3 2400
681 63420 64680 6 5 1260
682 64800 66360 5 0 1560
683 66480 68880 0 3 2400
684 70620 71880 6 5 1260
685 72000 73560 5 0 1560
686 73680 76080 0 3 2400
687 77820 79080 6 5 1260
688 79200 80760 5 0 1560
689 80880 83280 0 3 2400
692 29760 32280 1 2 2520
693 32400 33900 2 7 1500
694 35940 37440 7 2 1500
695 37560 40080 2 1 2520
696 40200 42060 1 5 1860
697 42180 43740 5 0 1560
698 44940 46440 7 2 1500
699 46560 49080 2 1 2520
700 49200 51060 1 5 1860
701 51180 52740 5 0 1560
702 53940 55440 7 2 1500
703 55560 58080 2 1 2520
704 58200 60060 1 5 1860
705 60180 61740 5 0 1560
706 62940 64440 7 2 1500
707 64560 67080 2 1 2520
708 67200 69060 1 5 1860
709 69180 70740 5 0 1560
710 71940 73440 7 2 1500
711 73560 76080 2 1 2520
712 76200 78060 1 5 1860
713 78180 79740 5 0 1560
716 29340 30600 5 6 1260
717 32820 34080 6 5 1260
718 34200 35640 5 4 1440
719 35760 37140 4 8 1380
720 38220 39480 6 5 1260
721 39600 41040 5 4 1440
722 41160 42540 4 8 1380
723 43620 44880 6 5 1260
724 45000 46440 5 4 1440
725 46560 47940 4 8 1380
726 49020 50280 6 5 1260
727 50400 51840 5 4 1440
728 51960 53340 4 8 1380
729 54420 55680 6 5 1260
730 55800 57240 5 4 1440
731 57360 58740 4 8 1380
732 59820 61080 6 5 1260
733 61200 62640 5 4 1440
734 62760 64140 4 8 1380
735 65220 66480 6 5 1260
736 66600 68040 5 4 1440
737 68160 69540 4 8 1380
738 70620 71880 6 5 1260
739 72000 73440 5 4 1440
740 73560 74940 4 8 1380
741 76020 77280 6 5 1260
745 29640 31500 1 5 1860
746 32400 34260 5 1 1860
747 34500 37380 1 3 2880
748 39600 41460 5 1 1860
749 41700 44580 1 3 2880
750 46800 48660 5 1 1860
751 48900 51780 1 3 2880
752 54000 55860 5 1 1860
753 56100 58980 1 3 2880
754 61200 63060 5 1 1860
755 63300 66180 1 3 2880
756 68400 70260 5 1 1860
757 70500 73380 1 3 2880
758 75600 77460 5 1 1860
762 30600 32340 3 2 1740
763 32940 34680 2 3 1740
764 34800 37200 3 0 2400
765 37320 38520 0 4 1200
766 40140 41880 2 3 1740
767 42000 44400 3 0 2400
768 44520 45720 0 4 1200
769 47340 49080 2 3 1740
770 49200 51600 3 0 2400
771 51720 52920 0 4 1200
772 54540 56280 2 3 1740
773 56400 58800 3 0 2400
774 58920 60120 0 4 1200
775 61740 63480 2 3 1740
776 63600 66000 3 0 2400
777 66120 67320 0 4 1200
778 68940 70680 2 3 1740
779 70800 73200 3 0 2400
780 73320 74520 0 4 1200
786 31200 33060 1 5 1860
787 33180 34740 5 0 1560
788 36900 38460 0 5 1560
789 38580 40440 5 1 1860
790 40560 43080 1 2 2520
791 43200 44700 2 7 1500
792 45900 47460 0 5 1560
793 47580 49440 5 1 1860
794 49560 52080 1 2 2520
795 52200 53700 2 7 1500
796 54900 56460 0 5 1560
797 56580 58440 5 1 1860
798 58560 61080 1 2 2520
799 61200 62700 2 7 1500
800 63900 65460 0 5 1560
801 65580 67440 5 1 1860
802 67560 70080 1 2 2520
803 70200 71700 2 7 1500
804 72900 74460 0 5 1560
805 74580 76440 5 1 1860
806 76560 79080 1 2 2520
810 35220 37320 9 6 2100
811 37560 40620 6 8 3060
812 42420 44520 9 6 2100
813 44760 47820 6 8 3060
814 49620 51720 9 6 2100
815 51960 55020 6 8 3060
816 56820 58920 9 6 2100
817 59160 62220 6 8 3060
818 64020 66120 9 6 2100
819 66360 69420 6 8 3060
820 71220 73320 9 6 2100
825 28800 30240 5 4 1440
826 30360 31740 4 8 1380
827 33480 34860 8 4 1380
828 34980 36420 4 5 1440
829 36540 37800 5 6 1260
831 28800 30360 5 0 1560
832 30480 32880 0 3 2400
833 36840 39240 3 0 2400
834 39360 40920 0 5 1560
835 41160 42420 5 6 1260
836 44040 46440 3 0 2400
837 46560 48120 0 5 1560
838 48360 49620 5 6 1260
839 51240 53640 3 0 2400
840 53760 55320 0 5 1560
841 55560 56820 5 6 1260
842 58440 60840 3 0 2400
843 60960 62520 0 5 1560
844 62760 64020 5 6 1260
845 65640 68040 3 0 2400
846 68160 69720 0 5 1560
847 69960 71220 5 6 1260
848 72840 75240 3 0 2400
849 75360 76920 0 5 1560
852 29400 31800 3 0 2400
853 31920 33120 0 4 1200
854 33960 35160 4 0 1200
855 35280 37680 0 3 2400
856 37800 39540 3 2 1740
857 41160 42360 4 0 1200
858 42480 44880 0 3 2400
859 45000 46740 3 2 1740
860 48360 49560 4 0 1200
861 49680 52080 0 3 2400
862 52200 53940 3 2 1740
863 55560 56760 4 0 1200
864 56880 59280 0 3 2400
865 59400 61140 3 2 1740
866 62760 63960 4 0 1200
867 64080 66480 0 3 2400
868 66600 68340 3 2 1740
869 69960 71160 4 0 1200
870 71280 73680 0 3 2400
871 73800 75540 3 2 1740
872 77160 78360 4 0 1200
873 78480 80880 0 3 2400
876 30780 33660 1 3 2880
877 36180 39060 3 1 2880
878 39180 42180 1 9 3000
879 43380 46260 3 1 2880
880 46380 49380 1 9 3000
881 50580 53460 3 1 2880
882 53580 56580 1 9 3000
883 57780 60660 3 1 2880
884 60780 63780 1 9 3000
885 64980 67860 3 1 2880
886 67980 70980 1 9 3000
887 72180 75060 3 1 2880
890 29580 31440 5 1 1860
891 31560 34080 1 2 2520
892 34200 35700 2 7 1500
893 37740 39240 7 2 1500
894 39360 41880 2 1 2520
895 42000 43860 1 5 1860
896 43980 45540 5 0 1560
897 46740 48240 7 2 1500
898 48360 50880 2 1 2520
899 51000 52860 1 5 1860
900 52980 54540 5 0 1560
901 55740 57240 7 2 1500
902 57360 59880 2 1 2520
903 60000 61860 1 5 1860
904 61980 63540 5 0 1560
905 64740 66240 7 2 1500
906 66360 68880 2 1 2520
907 69000 70860 1 5 1860
908 70980 72540 5 0 1560
909 73740 75240 7 2 1500
910 75360 77880 2 1 2520
915 34260 37320 8 6 3060
916 37440 39540 6 9 2100
917 41460 44520 8 6 3060
918 44640 46740 6 9 2100
919 48660 51720 8 6 3060
920 51840 53940 6 9 2100
921 55860 58920 8 6 3060
922 59040 61140 6 9 2100
923 63060 66120 8 6 3060
924 66240 68340 6 9 2100
925 70260 73320 8 6 3060
926 73440 75540 6 9 2100
931 31140 32400 5 6 1260
932 32520 34620 6 9 2100
933 36000 38100 9 6 2100
934 38220 39480 6 5 1260
935 39600 41040 5 4 1440
936 41160 42360 4 0 1200
937 43200 45300 9 6 2100
938 45420 46680 6 5 1260
939 46800 48240 5 4 1440
940 48360 49560 4 0 1200
941 50400 52500 9 6 2100
942 52620 53880 6 5 1260
943 54000 55440 5 4 1440
944 55560 56760 4 0 1200
945 57600 59700 9 6 2100
946 59820 61080 6 5 1260
947 61200 62640 5 4 1440
948 62760 63960 4 0 1200
949 64800 66900 9 6 2100
950 67020 68280 6 5 1260
951 68400 69840 5 4 1440
952 69960 71160 4 0 1200
953 72000 74100 9 6 2100
954 74220 75480 6 5 1260
955 75600 77040 5 4 1440
956 77160 78360 4 0 1200
962 30360 32880 2 1 2520
963 33000 34860 1 5 1860
964 34980 36540 5 0 1560
965 38700 40260 0 5 1560
966 40380 42240 5 1 1860
967 42360 44880 1 2 2520
968 45000 46500 2 7 1500
969 47700 49260 0 5 1560
970 49380 51240 5 1 1860
971 51360 53880 1 2 2520
972 54000 55500 2 7 1500
973 56700 58260 0 5 1560
974 58380 60240 5 1 1860
975 60360 62880 1 2 2520
976 63000 64500 2 7 1500
977 65700 67260 0 5 1560
978 67380 69240 5 1 1860
979 69360 71880 1 2 2520
980 72000 73500 2 7 1500
981 74700 76260 0 5 1560
982 76380 78240 5 1 1860
985 28800 30900 9 6 2100
986 31020 32280 6 5 1260
987 32400 33840 5 4 1440
988 33960 35160 4 0 1200
989 39060 40260 0 4 1200
990 40380 41820 4 5 1440
991 41940 43200 5 6 1260
992 43320 45420 6 9 2100
993 28980 31860 3 1 2880
994 31980 34980 1 9 3000
995 38460 41460 9 1 3000
996 41580 44460 1 3 2880
997 29640 32040 3 0 2400
998 32160 33720 0 5 1560
999 33960 35220 5 6 1260
1000 38220 39480 6 5 1260
1001 39600 41160 5 0 1560
1002 41280 43680 0 3 2400
1004 31380 33240 5 1 1860
1005 33360 35880 1 2 2520
1006 36000 37500 2 7 1500
1007 39540 41040 7 2 1500
1008 41160 43680 2 1 2520
1009 43800 45660 1 5 1860
1010 45780 47340 5 0 1560
1011 48540 50040 7 2 1500
1012 50160 52680 2 1 2520
1013 52800 54660 1 5 1860
1014 54780 56340 5 0 1560
1015 57540 59040 7 2 1500
1016 59160 61680 2 1 2520
1017 61800 63660 1 5 1860
1018 63780 65340 5 0 1560
1019 66540 68040 7 2 1500
1020 68160 70680 2 1 2520
1021 70800 72660 1 5 1860
1022 72780 74340 5 0 1560
1023 75540 77040 7 2 1500
1024 77160 79680 2 1 2520
1028 32160 34680 2 1 2520
1029 34800 36660 1 5 1860
1030 36780 38340 5 0 1560
1031 40500 42060 0 5 1560
1032 42180 44040 5 1 1860
1033 44160 46680 1 2 2520
1034 46800 48300 2 7 1500
1035 49500 51060 0 5 1560
1036 51180 53040 5 1 1860
1037 53160 55680 1 2 2520
1038 55800 57300 2 7 1500
1039 58500 60060 0 5 1560
1040 60180 62040 5 1 1860
1041 62160 64680 1 2 2520
1042 64800 66300 2 7 1500
1043 67500 69060 0 5 1560
1044 69180 71040 5 1 1860
1045 71160 73680 1 2 2520
1046 73800 75300 2 7 1500
1047 76500 78060 0 5 1560
1048 78180 80040 5 1 1860
1051 31500 33060 0 5 1560
1052 33180 35040 5 1 1860
1053 35160 37680 1 2 2520
1054 37800 39300 2 7 1500
1055 41340 42840 7 2 1500
1056 42960 45480 2 1 2520
1057 45600 47460 1 5 1860
1058 47580 49140 5 0 1560
1059 34740 36480 2 3 1740
1060 36600 39000 3 0 2400
1061 39120 40320 0 4 1200
1062 41160 42360 4 0 1200
1063 42480 44880 0 3 2400
1064 45000 46740 3 2 1740
1065 41940 43680 2 3 1740
1066 43800 46200 3 0 2400
1067 46320 47520 0 4 1200
1068 48360 49560 4 0 1200
1069 49680 52080 0 3 2400
1070 52200 53940 3 2 1740
1071 49140 50880 2 3 1740
1072 51000 53400 3 0 2400
1073 53520 54720 0 4 1200
1074 55560 56760 4 0 1200
1075 56880 59280 0 3 2400
1076 59400 61140 3 2 1740
1077 56340 58080 2 3 1740
1078 58200 60600 3 0 2400
1079 60720 61920 0 4 1200
1080 62760 63960 4 0 1200
1081 64080 66480 0 3 2400
1082 66600 68340 3 2 1740
1083 63540 65280 2 3 1740
1084 65400 67800 3 0 2400
1085 67920 69120 0 4 1200
1086 69960 71160 4 0 1200
1087 71280 73680 0 3 2400
1088 73800 75540 3 2 1740
1089 70740 72480 2 3 1740
1090 72600 75000 3 0 2400
1091 75120 76320 0 4 1200
1092 77160 78360 4 0 1200
1093 78480 80880 0 3 2400
