0 26700 27780 15 0 1080
1 28560 29640 0 15 1080
2 29760 32160 15 4 2400
3 32280 34680 4 6 2400
4 35760 36840 0 15 1080
5 36960 39360 15 4 2400
6 39480 41880 4 6 2400
7 42960 44040 0 15 1080
8 44160 46560 15 4 2400
9 46680 49080 4 6 2400
10 50160 51240 0 15 1080
11 51360 53760 15 4 2400
12 53880 56280 4 6 2400
13 57360 58440 0 15 1080
14 58560 60960 15 4 2400
15 61080 63480 4 6 2400
16 64560 65640 0 15 1080
17 65760 68160 15 4 2400
18 68280 70680 4 6 2400
19 71760 72840 0 15 1080
20 72960 75360 15 4 2400
21 78960 80040 0 15 1080
22 34740 37200 11 12 2460
23 37320 38280 12 8 960
24 38400 39000 8 17 600
25 39120 41520 17 9 2400
26 41640 43560 9 4 1920
27 43680 46080 4 6 2400
28 47340 49800 11 12 2460
29 49920 50880 12 8 960
30 51000 51600 8 17 600
31 51720 54120 17 9 2400
32 54240 56160 9 4 1920
33 56280 58680 4 6 2400
34 59940 62400 11 12 2460
35 62520 63480 12 8 960
36 63600 64200 8 17 600
37 64320 66720 17 9 2400
38 66840 68760 9 4 1920
39 68880 71280 4 6 2400
40 72540 75000 11 12 2460
41 75120 76080 12 8 960
42 76200 76800 8 17 600
43 76920 79320 17 9 2400
44 27360 28440 15 0 1080
45 28560 30300 0 7 1740
46 30420 33600 7 13 3180
47 34200 37380 13 7 3180
48 37500 39240 7 0 1740
49 39360 40440 0 15 1080
50 40560 41520 15 2 960
51 41640 44820 2 17 3180
52 44940 45900 17 12 960
53 48600 51780 13 7 3180
54 51900 53640 7 0 1740
55 53760 54840 0 15 1080
56 54960 55920 15 2 960
57 56040 59220 2 17 3180
58 59340 60300 17 12 960
59 63000 66180 13 7 3180
60 66300 68040 7 0 1740
61 68160 69240 0 15 1080
62 69360 70320 15 2 960
63 70440 73620 2 17 3180
64 73740 74700 17 12 960
65 77400 80580 13 7 3180
66 80700 82440 7 0 1740
67 82560 83640 0 15 1080
68 83760 84720 15 2 960
69 28680 30420 0 7 1740
70 30540 33120 7 10 2580
71 33240 34260 10 16 1020
72 35880 37620 0 7 1740
73 37740 40320 7 10 2580
74 40440 41460 10 16 1020
75 43080 44820 0 7 1740
76 44940 47520 7 10 2580
77 47640 48660 10 16 1020
78 50280 52020 0 7 1740
79 52140 54720 7 10 2580
80 54840 55860 10 16 1020
81 57480 59220 0 7 1740
82 59340 61920 7 10 2580
83 62040 63060 10 16 1020
84 64680 66420 0 7 1740
85 66540 69120 7 10 2580
86 69240 70260 10 16 1020
87 71880 73620 0 7 1740
88 73740 76320 7 10 2580
89 76440 77460 10 16 1020
90 79080 80820 0 7 1740
91 28500 31200 1 3 2700
92 35040 37740 3 1 2700
93 37860 41040 1 4 3180
94 41160 43080 4 9 1920
95 43200 44160 9 5 960
96 45840 48540 3 1 2700
97 48660 51840 1 4 3180
98 51960 53880 4 9 1920
99 54000 54960 9 5 960
100 56640 59340 3 1 2700
101 59460 62640 1 4 3180
102 62760 64680 4 9 1920
103 64800 65760 9 5 960
104 67440 70140 3 1 2700
105 70260 73440 1 4 3180
106 73560 75480 4 9 1920
107 75600 76560 9 5 960
108 28740 30360 0 2 1620
109 30480 33660 2 17 3180
110 33780 34380 17 8 600
111 35940 37560 0 2 1620
112 37680 40860 2 17 3180
113 40980 41580 17 8 600
114 43140 44760 0 2 1620
115 44880 48060 2 17 3180
116 48180 48780 17 8 600
117 50340 51960 0 2 1620
118 52080 55260 2 17 3180
119 55380 55980 17 8 600
120 57540 59160 0 2 1620
121 59280 62460 2 17 3180
122 62580 63180 17 8 600
123 64740 66360 0 2 1620
124 66480 69660 2 17 3180
125 69780 70380 17 8 600
126 71940 73560 0 2 1620
127 73680 76860 2 17 3180
128 76980 77580 17 8 600
129 79140 80760 0 2 1620
130 80880 84060 2 17 3180
131 31560 33900 0 1 2340
132 36780 39120 1 0 2340
133 39240 40980 0 7 1740
134 41100 43680 7 10 2580
135 43800 45240 10 13 1440
136 45420 48840 13 18 3420
137 51180 53520 1 0 2340
138 53640 55380 0 7 1740
139 55500 58080 7 10 2580
140 58200 59640 10 13 1440
141 59820 63240 13 18 3420
142 65580 67920 1 0 2340
143 68040 69780 0 7 1740
144 69900 72480 7 10 2580
145 72600 74040 10 13 1440
146 29040 30960 9 4 1920
147 31080 33480 4 6 2400
148 34260 36660 6 4 2400
149 36780 38700 4 9 1920
150 38820 41220 9 17 2400
151 41340 41940 17 8 600
152 42060 43020 8 12 960
153 43140 45600 12 11 2460
154 46860 49260 6 4 2400
155 49380 51300 4 9 1920
156 51420 53820 9 17 2400
157 53940 54540 17 8 600
158 54660 55620 8 12 960
159 55740 58200 12 11 2460
160 59460 61860 6 4 2400
161 61980 63900 4 9 1920
162 64020 66420 9 17 2400
163 66540 67140 17 8 600
164 67260 68220 8 12 960
165 68340 70800 12 11 2460
166 72060 74460 6 4 2400
167 74580 76500 4 9 1920
168 76620 79020 9 17 2400
169 79140 79740 17 8 600
170 79860 80820 8 12 960
171 23340 25920 15 9 2580
172 26040 27000 9 5 960
173 27120 29280 5 17 2160
174 31860 34020 17 5 2160
175 34260 35340 5 9 1080
176 35580 38160 9 15 2580
177 38280 39240 15 2 960
178 42660 44820 17 5 2160
179 45060 46140 5 9 1080
180 46380 48960 9 15 2580
181 49080 50040 15 2 960
182 53460 55620 17 5 2160
183 55860 56940 5 9 1080
184 57180 59760 9 15 2580
185 59880 60840 15 2 960
186 64260 66420 17 5 2160
187 66660 67740 5 9 1080
188 67980 70560 9 15 2580
189 70680 71640 15 2 960
190 75060 77220 17 5 2160
191 77460 78540 5 9 1080
192 78780 81360 9 15 2580
193 81480 82440 15 2 960
194 39840 41280 13 10 1440
195 41400 43980 10 7 2580
196 44100 45840 7 0 1740
197 45960 48300 0 1 2340
198 50940 54120 18 13 3180
199 54240 55680 13 10 1440
200 55800 58380 10 7 2580
201 58500 60240 7 0 1740
202 60360 62700 0 1 2340
203 65340 68520 18 13 3180
204 68640 70080 13 10 1440
205 70200 72780 10 7 2580
206 72900 74640 7 0 1740
207 74760 77100 0 1 2340
208 25380 27600 15 1 2220
209 29880 32100 1 15 2220
210 32220 33180 15 2 960
211 33360 34980 2 0 1620
212 37080 39300 1 15 2220
213 39420 40380 15 2 960
214 40560 42180 2 0 1620
215 44280 46500 1 15 2220
216 46620 47580 15 2 960
217 47760 49380 2 0 1620
218 51480 53700 1 15 2220
219 53820 54780 15 2 960
220 54960 56580 2 0 1620
221 58680 60900 1 15 2220
222 61020 61980 15 2 960
223 62160 63780 2 0 1620
224 65880 68100 1 15 2220
225 68220 69180 15 2 960
226 69360 70980 2 0 1620
227 73080 75300 1 15 2220
228 75420 76380 15 2 960
229 76560 78180 2 0 1620
230 28560 30900 0 1 2340
231 31020 33720 1 3 2700
232 35760 38100 0 1 2340
233 38220 40920 1 3 2700
234 42960 45300 0 1 2340
235 45420 48120 1 3 2700
236 50160 52500 0 1 2340
237 52620 55320 1 3 2700
238 57360 59700 0 1 2340
239 59820 62520 1 3 2700
240 64560 66900 0 1 2340
241 67020 69720 1 3 2700
242 71760 74100 0 1 2340
243 25560 28140 15 9 2580
244 28260 29220 9 5 960
245 30900 31860 5 9 960
246 31980 34560 9 15 2580
247 34680 35760 15 0 1080
248 35880 37620 0 7 1740
249 41700 42660 5 9 960
250 42780 45360 9 15 2580
251 45480 46560 15 0 1080
252 46680 48420 0 7 1740
253 52500 53460 5 9 960
254 53580 56160 9 15 2580
255 56280 57360 15 0 1080
256 57480 59220 0 7 1740
257 63300 64260 5 9 960
258 64380 66960 9 15 2580
259 67080 68160 15 0 1080
260 68280 70020 0 7 1740
261 74100 75060 5 9 960
262 75180 77760 9 15 2580
263 77880 78960 15 0 1080
264 79080 80820 0 7 1740
265 25020 25980 15 2 960
266 26160 27780 2 0 1620
267 29640 31260 0 2 1620
268 31500 32460 2 15 960
269 32580 34800 15 1 2220
270 36840 38460 0 2 1620
271 38700 39660 2 15 960
272 39780 42000 15 1 2220
273 44040 45660 0 2 1620
274 45900 46860 2 15 960
275 46980 49200 15 1 2220
276 51240 52860 0 2 1620
277 53100 54060 2 15 960
278 54180 56400 15 1 2220
279 58440 60060 0 2 1620
280 60300 61260 2 15 960
281 61380 63600 15 1 2220
282 65640 67260 0 2 1620
283 67500 68460 2 15 960
284 68580 70800 15 1 2220
285 72840 74460 0 2 1620
286 74700 75660 2 15 960
287 75780 78000 15 1 2220
288 32280 34020 0 7 1740
289 34140 37320 7 13 3180
290 37440 40620 13 18 3180
291 43080 44820 0 7 1740
292 44940 48120 7 13 3180
293 48240 51420 13 18 3180
294 53880 55620 0 7 1740
295 55740 58920 7 13 3180
296 59040 62220 13 18 3180
297 64680 66420 0 7 1740
298 66540 69720 7 13 3180
299 69840 73020 13 18 3180
300 75480 77220 0 7 1740
301 77340 80520 7 13 3180
302 24360 26760 15 4 2400
303 26880 29280 4 6 2400
304 30660 33060 6 4 2400
305 33180 35580 4 15 2400
306 35700 36780 15 0 1080
307 37860 40260 6 4 2400
308 40380 42780 4 15 2400
309 42900 43980 15 0 1080
310 45060 47460 6 4 2400
311 47580 49980 4 15 2400
312 50100 51180 15 0 1080
313 52260 54660 6 4 2400
314 54780 57180 4 15 2400
315 57300 58380 15 0 1080
316 59460 61860 6 4 2400
317 61980 64380 4 15 2400
318 64500 65580 15 0 1080
319 66660 69060 6 4 2400
320 69180 71580 4 15 2400
321 71700 72780 15 0 1080
322 73860 76260 6 4 2400
323 76380 78780 4 15 2400
324 78900 79980 15 0 1080
325 34920 36660 7 0 1740
326 38280 39300 16 10 1020
327 39420 42000 10 7 2580
328 42120 43860 7 0 1740
329 45480 46500 16 10 1020
330 46620 49200 10 7 2580
331 49320 51060 7 0 1740
332 52680 53700 16 10 1020
333 53820 56400 10 7 2580
334 56520 58260 7 0 1740
335 59880 60900 16 10 1020
336 61020 63600 10 7 2580
337 63720 65460 7 0 1740
338 67080 68100 16 10 1020
339 68220 70800 10 7 2580
340 70920 72660 7 0 1740
341 74280 75300 16 10 1020
342 75420 78000 10 7 2580
343 78120 79860 7 0 1740
344 28560 29640 0 15 1080
345 29760 30720 15 2 960
346 30840 34020 2 17 3180
347 34140 35100 17 12 960
348 36300 37260 12 17 960
349 37380 40560 17 2 3180
350 40680 41640 2 15 960
351 41760 42840 15 0 1080
352 42960 44700 0 7 1740
353 44820 48000 7 13 3180
354 50700 51660 12 17 960
355 51780 54960 17 2 3180
356 55080 56040 2 15 960
357 56160 57240 15 0 1080
358 57360 59100 0 7 1740
359 59220 62400 7 13 3180
360 65100 66060 12 17 960
361 66180 69360 17 2 3180
362 69480 70440 2 15 960
363 70560 71640 15 0 1080
364 71760 73500 0 7 1740
365 73620 76800 7 13 3180
366 28500 29580 15 0 1080
367 30360 31440 0 15 1080
368 31560 33960 15 4 2400
369 34080 36480 4 6 2400
370 37560 38640 0 15 1080
371 38760 41160 15 4 2400
372 41280 43680 4 6 2400
373 44760 45840 0 15 1080
374 45960 48360 15 4 2400
375 48480 50880 4 6 2400
376 51960 53040 0 15 1080
377 53160 55560 15 4 2400
378 55680 58080 4 6 2400
379 59160 60240 0 15 1080
380 60360 62760 15 4 2400
381 62880 65280 4 6 2400
382 66360 67440 0 15 1080
383 67560 69960 15 4 2400
384 70080 72480 4 6 2400
385 73560 74640 0 15 1080
386 74760 77160 15 4 2400
387 25800 26760 15 2 960
388 26880 30060 2 17 3180
389 30180 30780 17 8 600
390 30900 31860 8 12 960
391 31980 34440 12 11 2460
392 34620 37200 11 14 2580
393 38160 40740 14 11 2580
394 40860 43320 11 12 2460
395 43440 44400 12 8 960
396 44520 45120 8 17 600
397 45240 48420 17 2 3180
398 48540 49500 2 15 960
399 49620 51840 15 1 2220
400 52560 55140 14 11 2580
401 55260 57720 11 12 2460
402 57840 58800 12 8 960
403 58920 59520 8 17 600
404 59640 62820 17 2 3180
405 62940 63900 2 15 960
406 64020 66240 15 1 2220
407 66960 69540 14 11 2580
408 69660 72120 11 12 2460
409 72240 73200 12 8 960
410 73320 73920 8 17 600
411 74040 77220 17 2 3180
412 77340 78300 2 15 960
413 30000 33180 1 4 3180
414 35880 39060 4 1 3180
415 39300 42000 1 3 2700
416 42120 45720 3 16 3600
417 46680 49860 4 1 3180
418 50100 52800 1 3 2700
419 52920 56520 3 16 3600
420 57480 60660 4 1 3180
421 60900 63600 1 3 2700
422 63720 67320 3 16 3600
423 68280 71460 4 1 3180
424 71700 74400 1 3 2700
425 74520 78120 3 16 3600
426 28020 30420 9 17 2400
427 30540 31140 17 8 600
428 31260 32220 8 12 960
429 32340 34800 12 11 2460
430 36540 39000 11 12 2460
431 39120 40080 12 8 960
432 40200 40800 8 17 600
433 40920 43320 17 9 2400
434 43440 45360 9 4 1920
435 45480 47880 4 6 2400
436 49140 51600 11 12 2460
437 51720 52680 12 8 960
438 52800 53400 8 17 600
439 53520 55920 17 9 2400
440 56040 57960 9 4 1920
441 58080 60480 4 6 2400
442 61740 64200 11 12 2460
443 64320 65280 12 8 960
444 65400 66000 8 17 600
445 66120 68520 17 9 2400
446 68640 70560 9 4 1920
447 70680 73080 4 6 2400
448 74340 76800 11 12 2460
449 76920 77880 12 8 960
450 78000 78600 8 17 600
451 78720 81120 17 9 2400
452 27480 28560 15 0 1080
453 28680 30420 0 7 1740
454 33300 35040 7 0 1740
455 35160 36240 0 15 1080
456 36360 38940 15 9 2580
457 39060 40020 9 5 960
458 44100 45840 7 0 1740
459 45960 47040 0 15 1080
460 47160 49740 15 9 2580
461 49860 50820 9 5 960
462 54900 56640 7 0 1740
463 56760 57840 0 15 1080
464 57960 60540 15 9 2580
465 60660 61620 9 5 960
466 65700 67440 7 0 1740
467 67560 68640 0 15 1080
468 68760 71340 15 9 2580
469 71460 72420 9 5 960
470 76500 78240 7 0 1740
471 78360 79440 0 15 1080
472 79560 82140 15 9 2580
473 82260 83220 9 5 960
474 30720 32340 2 0 1620
475 35940 37560 0 2 1620
476 37680 40860 2 17 3180
477 40980 41940 17 12 960
478 42060 44520 12 11 2460
479 46740 48360 0 2 1620
480 48480 51660 2 17 3180
481 51780 52740 17 12 960
482 52860 55320 12 11 2460
483 57540 59160 0 2 1620
484 59280 62460 2 17 3180
485 62580 63540 17 12 960
486 63660 66120 12 11 2460
487 68340 69960 0 2 1620
488 70080 73260 2 17 3180
489 73380 74340 17 12 960
490 74460 76920 12 11 2460
491 79140 80760 0 2 1620
492 80880 84060 2 17 3180
493 30840 34020 17 2 3180
494 34140 35100 2 15 960
495 35220 37440 15 1 2220
496 41460 43680 1 15 2220
497 43800 44760 15 2 960
498 44880 48060 2 17 3180
499 48180 48780 17 8 600
500 48900 49860 8 12 960
501 49980 52440 12 11 2460
502 52620 55200 11 14 2580
503 55860 58080 1 15 2220
504 58200 59160 15 2 960
505 59280 62460 2 17 3180
506 62580 63180 17 8 600
507 63300 64260 8 12 960
508 64380 66840 12 11 2460
509 67020 69600 11 14 2580
510 70260 72480 1 15 2220
511 72600 73560 15 2 960
512 73680 76860 2 17 3180
513 76980 77580 17 8 600
514 77700 78660 8 12 960
515 30480 32220 0 7 1740
516 32340 34920 7 10 2580
517 35040 36060 10 16 1020
518 37680 39420 0 7 1740
519 39540 42120 7 10 2580
520 42240 43260 10 16 1020
521 44880 46620 0 7 1740
522 46740 49320 7 10 2580
523 49440 50460 10 16 1020
524 52080 53820 0 7 1740
525 53940 56520 7 10 2580
526 56640 57660 10 16 1020
527 59280 61020 0 7 1740
528 61140 63720 7 10 2580
529 63840 64860 10 16 1020
530 66480 68220 0 7 1740
531 68340 70920 7 10 2580
532 71040 72060 10 16 1020
533 73680 75420 0 7 1740
534 75540 78120 7 10 2580
535 34920 38100 13 18 3180
536 39420 40440 16 10 1020
537 40560 42000 10 13 1440
538 42120 45300 13 18 3180
539 46620 47640 16 10 1020
540 47760 49200 10 13 1440
541 49320 52500 13 18 3180
542 53820 54840 16 10 1020
543 54960 56400 10 13 1440
544 56520 59700 13 18 3180
545 61020 62040 16 10 1020
546 62160 63600 10 13 1440
547 63720 66900 13 18 3180
548 68220 69240 16 10 1020
549 69360 70800 10 13 1440
550 70920 74100 13 18 3180
551 75420 76440 16 10 1020
552 76560 78000 10 13 1440
553 30840 32760 9 4 1920
554 32880 35280 4 6 2400
555 36060 38460 6 4 2400
556 38580 40500 4 9 1920
557 40620 43020 9 17 2400
558 43140 43740 17 8 600
559 43860 44820 8 12 960
560 44940 47400 12 11 2460
561 48660 51060 6 4 2400
562 51180 53100 4 9 1920
563 53220 55620 9 17 2400
564 55740 56340 17 8 600
565 56460 57420 8 12 960
566 57540 60000 12 11 2460
567 61260 63660 6 4 2400
568 63780 65700 4 9 1920
569 65820 68220 9 17 2400
570 68340 68940 17 8 600
571 69060 70020 8 12 960
572 70140 72600 12 11 2460
573 73860 76260 6 4 2400
574 76380 78300 4 9 1920
575 78420 80820 9 17 2400
576 80940 81540 17 8 600
577 32400 33000 8 17 600
578 34920 35880 12 8 960
579 36000 36600 8 17 600
580 38520 39480 12 8 960
581 39600 40200 8 17 600
582 42120 43080 12 8 960
583 43200 43800 8 17 600
584 45720 46680 12 8 960
585 46800 47400 8 17 600
586 49320 50280 12 8 960
587 50400 51000 8 17 600
588 52920 53880 12 8 960
589 54000 54600 8 17 600
590 56520 57480 12 8 960
591 57600 58200 8 17 600
592 60120 61080 12 8 960
593 61200 61800 8 17 600
594 63720 64680 12 8 960
595 64800 65400 8 17 600
596 67320 68280 12 8 960
597 68400 69000 8 17 600
598 70920 71880 12 8 960
599 72000 72600 8 17 600
600 74520 75480 12 8 960
601 75600 76200 8 17 600
602 78120 79080 12 8 960
603 79200 79800 8 17 600
604 31140 31740 17 8 600
605 31860 32820 8 12 960
606 34740 35340 17 8 600
607 35460 36420 8 12 960
608 38340 38940 17 8 600
609 39060 40020 8 12 960
610 41940 42540 17 8 600
611 42660 43620 8 12 960
612 45540 46140 17 8 600
613 46260 47220 8 12 960
614 49140 49740 17 8 600
615 49860 50820 8 12 960
616 52740 53340 17 8 600
617 53460 54420 8 12 960
618 56340 56940 17 8 600
619 57060 58020 8 12 960
620 59940 60540 17 8 600
621 60660 61620 8 12 960
622 63540 64140 17 8 600
623 64260 65220 8 12 960
624 67140 67740 17 8 600
625 67860 68820 8 12 960
626 70740 71340 17 8 600
627 71460 72420 8 12 960
628 74340 74940 17 8 600
629 75060 76020 8 12 960
630 77940 78540 17 8 600
631 78660 79620 8 12 960
632 30360 32280 4 9 1920
633 32400 33360 9 5 960
634 36480 37440 5 9 960
635 37560 39480 9 4 1920
636 39600 42780 4 1 3180
637 42900 45600 1 3 2700
638 47280 48240 5 9 960
639 48360 50280 9 4 1920
640 50400 53580 4 1 3180
641 53700 56400 1 3 2700
642 58080 59040 5 9 960
643 59160 61080 9 4 1920
644 61200 64380 4 1 3180
645 64500 67200 1 3 2700
646 68880 69840 5 9 960
647 69960 71880 9 4 1920
648 72000 75180 4 1 3180
649 28380 30960 9 15 2580
650 31080 32040 15 2 960
651 33060 34020 2 15 960
652 34140 36720 15 9 2580
653 36840 37800 9 5 960
654 37920 40080 5 17 2160
655 43860 44820 2 15 960
656 44940 47520 15 9 2580
657 47640 48600 9 5 960
658 48720 50880 5 17 2160
659 54660 55620 2 15 960
660 55740 58320 15 9 2580
661 58440 59400 9 5 960
662 59520 61680 5 17 2160
663 65460 66420 2 15 960
664 66540 69120 15 9 2580
665 69240 70200 9 5 960
666 70320 72480 5 17 2160
667 76260 77220 2 15 960
668 77340 79920 15 9 2580
669 80040 81000 9 5 960
670 81120 83280 5 17 2160
671 26160 28560 15 4 2400
672 28680 31080 4 6 2400
673 32460 34860 6 4 2400
674 34980 37380 4 15 2400
675 37500 38580 15 0 1080
676 39660 42060 6 4 2400
677 42180 44580 4 15 2400
678 44700 45780 15 0 1080
679 46860 49260 6 4 2400
680 49380 51780 4 15 2400
681 51900 52980 15 0 1080
682 54060 56460 6 4 2400
683 56580 58980 4 15 2400
684 59100 60180 15 0 1080
685 61260 63660 6 4 2400
686 63780 66180 4 15 2400
687 66300 67380 15 0 1080
688 68460 70860 6 4 2400
689 70980 73380 4 15 2400
690 73500 74580 15 0 1080
691 75660 78060 6 4 2400
692 78180 80580 4 15 2400
693 80700 81780 15 0 1080
694 33300 36000 3 1 2700
695 36120 38460 1 0 2340
696 40500 43200 3 1 2700
697 43320 45660 1 0 2340
698 47700 50400 3 1 2700
699 50520 52860 1 0 2340
700 54900 57600 3 1 2700
701 57720 60060 1 0 2340
702 62100 64800 3 1 2700
703 64920 67260 1 0 2340
704 69300 72000 3 1 2700
705 72120 74460 1 0 2340
706 76500 79200 3 1 2700
707 79320 81660 1 0 2340
708 37980 39420 13 10 1440
709 39540 40560 10 16 1020
710 41880 45060 18 13 3180
711 45180 46620 13 10 1440
712 46740 47760 10 16 1020
713 49080 52260 18 13 3180
714 52380 53820 13 10 1440
715 53940 54960 10 16 1020
716 56280 59460 18 13 3180
717 59580 61020 13 10 1440
718 61140 62160 10 16 1020
719 63480 66660 18 13 3180
720 66780 68220 13 10 1440
721 68340 69360 10 16 1020
722 70680 73860 18 13 3180
723 73980 75420 13 10 1440
724 75540 76560 10 16 1020
725 77880 81060 18 13 3180
726 81180 82620 13 10 1440
727 34020 36600 10 7 2580
728 36720 38460 7 0 1740
729 40080 41100 16 10 1020
730 41220 43800 10 7 2580
731 43920 45660 7 0 1740
732 47280 48300 16 10 1020
733 48420 51000 10 7 2580
734 51120 52860 7 0 1740
735 54480 55500 16 10 1020
736 55620 58200 10 7 2580
737 58320 60060 7 0 1740
738 61680 62700 16 10 1020
739 62820 65400 10 7 2580
740 65520 67260 7 0 1740
741 68880 69900 16 10 1020
742 70020 72600 10 7 2580
743 72720 74460 7 0 1740
744 76080 77100 16 10 1020
745 77220 79800 10 7 2580
746 79920 81660 7 0 1740
747 40620 43800 13 7 3180
748 43920 45660 7 0 1740
749 48120 51300 18 13 3180
750 51420 54600 13 7 3180
751 54720 56460 7 0 1740
752 58920 62100 18 13 3180
753 62220 65400 13 7 3180
754 65520 67260 7 0 1740
755 69720 72900 18 13 3180
756 73020 76200 13 7 3180
757 76320 78060 7 0 1740
758 79080 80820 0 7 1740
759 80940 84120 7 13 3180
760 28500 31200 1 3 2700
761 31320 34920 3 16 3600
762 37860 41460 16 3 3600
763 41580 44280 3 1 2700
764 44400 47580 1 4 3180
765 48660 52260 16 3 3600
766 52380 55080 3 1 2700
767 55200 58380 1 4 3180
768 59460 63060 16 3 3600
769 63180 65880 3 1 2700
770 66000 69180 1 4 3180
771 70260 73860 16 3 3600
772 73980 76680 3 1 2700
773 76800 79980 1 4 3180
774 26880 30060 2 17 3180
775 30180 30780 17 8 600
776 32940 33540 8 17 600
777 33660 36840 17 2 3180
778 36960 38580 2 0 1620
779 40140 40740 8 17 600
780 40860 44040 17 2 3180
781 44160 45780 2 0 1620
782 47340 47940 8 17 600
783 48060 51240 17 2 3180
784 51360 52980 2 0 1620
785 54540 55140 8 17 600
786 55260 58440 17 2 3180
787 58560 60180 2 0 1620
788 61740 62340 8 17 600
789 62460 65640 17 2 3180
790 65760 67380 2 0 1620
791 68940 69540 8 17 600
792 69660 72840 17 2 3180
793 72960 74580 2 0 1620
794 76140 76740 8 17 600
795 76860 80040 17 2 3180
796 80160 81780 2 0 1620
797 26880 30060 2 17 3180
798 30180 31140 17 12 960
799 31260 33720 12 11 2460
800 34560 37020 11 12 2460
801 37140 38100 12 17 960
802 38220 41400 17 2 3180
803 41520 43140 2 0 1620
804 45360 47820 11 12 2460
805 47940 48900 12 17 960
806 49020 52200 17 2 3180
807 52320 53940 2 0 1620
808 56160 58620 11 12 2460
809 58740 59700 12 17 960
810 59820 63000 17 2 3180
811 63120 64740 2 0 1620
812 66960 69420 11 12 2460
813 69540 70500 12 17 960
814 70620 73800 17 2 3180
815 73920 75540 2 0 1620
816 77760 80220 11 12 2460
817 80340 81300 12 17 960
818 81420 84600 17 2 3180
819 84720 86340 2 0 1620
820 27780 30180 4 15 2400
821 30300 31380 15 0 1080
822 32160 33240 0 15 1080
823 33360 35760 15 4 2400
824 35880 38280 4 6 2400
825 39360 40440 0 15 1080
826 40560 42960 15 4 2400
827 43080 45480 4 6 2400
828 46560 47640 0 15 1080
829 47760 50160 15 4 2400
830 50280 52680 4 6 2400
831 53760 54840 0 15 1080
832 54960 57360 15 4 2400
833 57480 59880 4 6 2400
834 60960 62040 0 15 1080
835 62160 64560 15 4 2400
836 64680 67080 4 6 2400
837 68160 69240 0 15 1080
838 69360 71760 15 4 2400
839 71880 74280 4 6 2400
840 75360 76440 0 15 1080
841 76560 78960 15 4 2400
842 27780 29700 4 9 1920
843 29820 32220 9 17 2400
844 32340 32940 17 8 600
845 33060 34020 8 12 960
846 34140 36600 12 11 2460
847 38340 40800 11 12 2460
848 40920 41880 12 8 960
849 42000 42600 8 17 600
850 42720 45120 17 9 2400
851 45240 47160 9 4 1920
852 47280 49680 4 6 2400
853 50940 53400 11 12 2460
854 53520 54480 12 8 960
855 54600 55200 8 17 600
856 55320 57720 17 9 2400
857 57840 59760 9 4 1920
858 59880 62280 4 6 2400
859 63540 66000 11 12 2460
860 66120 67080 12 8 960
861 67200 67800 8 17 600
862 67920 70320 17 9 2400
863 70440 72360 9 4 1920
864 72480 74880 4 6 2400
865 76140 78600 11 12 2460
866 78720 79680 12 8 960
867 79800 80400 8 17 600
868 80520 82920 17 9 2400
869 29880 30840 2 15 960
870 30960 32040 15 0 1080
871 32160 33900 0 7 1740
872 34020 37200 7 13 3180
873 37800 40980 13 7 3180
874 41100 42840 7 0 1740
875 42960 44040 0 15 1080
876 44160 45120 15 2 960
877 45240 48420 2 17 3180
878 48540 49500 17 12 960
879 52200 55380 13 7 3180
880 55500 57240 7 0 1740
881 57360 58440 0 15 1080
882 58560 59520 15 2 960
883 59640 62820 2 17 3180
884 62940 63900 17 12 960
885 66600 69780 13 7 3180
886 69900 71640 7 0 1740
887 71760 72840 0 15 1080
888 72960 73920 15 2 960
889 74040 77220 2 17 3180
890 77340 78300 17 12 960
891 32280 34020 0 7 1740
892 34140 36720 7 10 2580
893 36840 37860 10 16 1020
894 39480 41220 0 7 1740
895 41340 43920 7 10 2580
896 44040 45060 10 16 1020
897 46680 48420 0 7 1740
898 48540 51120 7 10 2580
899 51240 52260 10 16 1020
900 53880 55620 0 7 1740
901 55740 58320 7 10 2580
902 58440 59460 10 16 1020
903 61080 62820 0 7 1740
904 62940 65520 7 10 2580
905 65640 66660 10 16 1020
906 68280 70020 0 7 1740
907 70140 72720 7 10 2580
908 72840 73860 10 16 1020
909 75480 77220 0 7 1740
910 77340 79920 7 10 2580
911 26760 28680 9 4 1920
912 28800 31980 4 1 3180
913 32100 34800 1 3 2700
914 38640 41340 3 1 2700
915 41460 44640 1 4 3180
916 44760 46680 4 9 1920
917 46800 47760 9 5 960
918 49440 52140 3 1 2700
919 52260 55440 1 4 3180
920 55560 57480 4 9 1920
921 57600 58560 9 5 960
922 60240 62940 3 1 2700
923 63060 66240 1 4 3180
924 66360 68280 4 9 1920
925 68400 69360 9 5 960
926 71040 73740 3 1 2700
927 73860 77040 1 4 3180
928 77160 79080 4 9 1920
929 79200 80160 9 5 960
930 29760 31380 2 0 1620
931 32340 33960 0 2 1620
932 34080 37260 2 17 3180
933 37380 37980 17 8 600
934 39540 41160 0 2 1620
935 41280 44460 2 17 3180
936 44580 45180 17 8 600
937 46740 48360 0 2 1620
938 48480 51660 2 17 3180
939 51780 52380 17 8 600
940 53940 55560 0 2 1620
941 55680 58860 2 17 3180
942 58980 59580 17 8 600
943 61140 62760 0 2 1620
944 62880 66060 2 17 3180
945 66180 66780 17 8 600
946 68340 69960 0 2 1620
947 70080 73260 2 17 3180
948 73380 73980 17 8 600
949 75540 77160 0 2 1620
950 77280 80460 2 17 3180
951 80580 81180 17 8 600
952 33300 35040 7 0 1740
953 35160 37500 0 1 2340
954 40380 42720 1 0 2340
955 42840 44580 0 7 1740
956 44700 47280 7 10 2580
957 47400 48840 10 13 1440
958 49020 52440 13 18 3420
959 54780 57120 1 0 2340
960 57240 58980 0 7 1740
961 59100 61680 7 10 2580
962 61800 63240 10 13 1440
963 63420 66840 13 18 3420
964 69180 71520 1 0 2340
965 71640 73380 0 7 1740
966 73500 76080 7 10 2580
967 76200 77640 10 13 1440
968 30120 32520 17 9 2400
969 32640 34560 9 4 1920
970 34680 37080 4 6 2400
971 37860 40260 6 4 2400
972 40380 42300 4 9 1920
973 42420 44820 9 17 2400
974 44940 45540 17 8 600
975 45660 46620 8 12 960
976 46740 49200 12 11 2460
977 50460 52860 6 4 2400
978 52980 54900 4 9 1920
979 55020 57420 9 17 2400
980 57540 58140 17 8 600
981 58260 59220 8 12 960
982 59340 61800 12 11 2460
983 63060 65460 6 4 2400
984 65580 67500 4 9 1920
985 67620 70020 9 17 2400
986 70140 70740 17 8 600
987 70860 71820 8 12 960
988 71940 74400 12 11 2460
989 75660 78060 6 4 2400
990 78180 80100 4 9 1920
991 80220 82620 9 17 2400
992 82740 83340 17 8 600
993 26940 29520 15 9 2580
994 29640 30600 9 5 960
995 30720 32880 5 17 2160
996 35460 37620 17 5 2160
997 37860 38940 5 9 1080
998 39180 41760 9 15 2580
999 41880 42840 15 2 960
1000 46260 48420 17 5 2160
1001 48660 49740 5 9 1080
1002 49980 52560 9 15 2580
1003 52680 53640 15 2 960
1004 57060 59220 17 5 2160
1005 59460 60540 5 9 1080
1006 60780 63360 9 15 2580
1007 63480 64440 15 2 960
1008 67860 70020 17 5 2160
1009 70260 71340 5 9 1080
1010 71580 74160 9 15 2580
1011 74280 75240 15 2 960
1012 78660 80820 17 5 2160
1013 81060 82140 5 9 1080
1014 82380 84960 9 15 2580
1015 85080 86040 15 2 960
1016 28440 30180 0 7 1740
1017 30300 32880 7 10 2580
1018 33000 34440 10 13 1440
1019 34620 38040 13 18 3420
1020 40140 43320 18 13 3180
1021 43440 44880 13 10 1440
1022 45000 47580 10 7 2580
1023 47700 49440 7 0 1740
1024 49560 51900 0 1 2340
1025 54540 57720 18 13 3180
1026 57840 59280 13 10 1440
1027 59400 61980 10 7 2580
1028 62100 63840 7 0 1740
1029 63960 66300 0 1 2340
1030 68940 72120 18 13 3180
1031 72240 73680 13 10 1440
1032 73800 76380 10 7 2580
1033 76500 78240 7 0 1740
1034 27900 28860 2 15 960
1035 28980 31200 15 1 2220
1036 33480 35700 1 15 2220
1037 35820 36780 15 2 960
1038 36960 38580 2 0 1620
1039 40680 42900 1 15 2220
1040 43020 43980 15 2 960
1041 44160 45780 2 0 1620
1042 47880 50100 1 15 2220
1043 50220 51180 15 2 960
1044 51360 52980 2 0 1620
1045 55080 57300 1 15 2220
1046 57420 58380 15 2 960
1047 58560 60180 2 0 1620
1048 62280 64500 1 15 2220
1049 64620 65580 15 2 960
1050 65760 67380 2 0 1620
1051 69480 71700 1 15 2220
1052 71820 72780 15 2 960
1053 72960 74580 2 0 1620
1054 76680 78900 1 15 2220
1055 79020 79980 15 2 960
1056 80160 81780 2 0 1620
1057 28920 31260 1 0 2340
1058 32160 34500 0 1 2340
1059 34620 37320 1 3 2700
1060 39360 41700 0 1 2340
1061 41820 44520 1 3 2700
1062 46560 48900 0 1 2340
1063 49020 51720 1 3 2700
1064 53760 56100 0 1 2340
1065 56220 58920 1 3 2700
1066 60960 63300 0 1 2340
1067 63420 66120 1 3 2700
1068 68160 70500 0 1 2340
1069 70620 73320 1 3 2700
1070 75360 77700 0 1 2340
1071 29160 31740 15 9 2580
1072 31860 32820 9 5 960
1073 34500 35460 5 9 960
1074 35580 38160 9 15 2580
1075 38280 39360 15 0 1080
1076 39480 41220 0 7 1740
1077 45300 46260 5 9 960
1078 46380 48960 9 15 2580
1079 49080 50160 15 0 1080
1080 50280 52020 0 7 1740
1081 56100 57060 5 9 960
1082 57180 59760 9 15 2580
1083 59880 60960 15 0 1080
1084 61080 62820 0 7 1740
1085 66900 67860 5 9 960
1086 67980 70560 9 15 2580
1087 70680 71760 15 0 1080
1088 71880 73620 0 7 1740
1089 77700 78660 5 9 960
1090 78780 81360 9 15 2580
1091 81480 82560 15 0 1080
1092 82680 84420 0 7 1740
1093 28620 29580 15 2 960
1094 29760 31380 2 0 1620
1095 33240 34860 0 2 1620
1096 35100 36060 2 15 960
1097 36180 38400 15 1 2220
1098 40440 42060 0 2 1620
1099 42300 43260 2 15 960
1100 43380 45600 15 1 2220
1101 47640 49260 0 2 1620
1102 49500 50460 2 15 960
1103 50580 52800 15 1 2220
1104 54840 56460 0 2 1620
1105 56700 57660 2 15 960
1106 57780 60000 15 1 2220
1107 62040 63660 0 2 1620
1108 63900 64860 2 15 960
1109 64980 67200 15 1 2220
1110 69240 70860 0 2 1620
1111 71100 72060 2 15 960
1112 72180 74400 15 1 2220
1113 76440 78060 0 2 1620
1114 78300 79260 2 15 960
1115 33120 34860 7 0 1740
1116 35880 37620 0 7 1740
1117 37740 40920 7 13 3180
1118 41040 44220 13 18 3180
1119 46680 48420 0 7 1740
1120 48540 51720 7 13 3180
1121 51840 55020 13 18 3180
1122 57480 59220 0 7 1740
1123 59340 62520 7 13 3180
1124 62640 65820 13 18 3180
1125 68280 70020 0 7 1740
1126 70140 73320 7 13 3180
1127 73440 76620 13 18 3180
1128 27960 30360 15 4 2400
1129 30480 32880 4 6 2400
1130 34260 36660 6 4 2400
1131 36780 39180 4 15 2400
1132 39300 40380 15 0 1080
1133 41460 43860 6 4 2400
1134 43980 46380 4 15 2400
1135 46500 47580 15 0 1080
1136 48660 51060 6 4 2400
1137 51180 53580 4 15 2400
1138 53700 54780 15 0 1080
1139 55860 58260 6 4 2400
1140 58380 60780 4 15 2400
1141 60900 61980 15 0 1080
1142 63060 65460 6 4 2400
1143 65580 67980 4 15 2400
1144 68100 69180 15 0 1080
1145 70260 72660 6 4 2400
1146 72780 75180 4 15 2400
1147 75300 76380 15 0 1080
1148 77460 79860 6 4 2400
1149 79980 82380 4 15 2400
1150 82500 83580 15 0 1080
1151 35820 38400 10 7 2580
1152 38520 40260 7 0 1740
1153 41880 42900 16 10 1020
1154 43020 45600 10 7 2580
1155 45720 47460 7 0 1740
1156 49080 50100 16 10 1020
1157 50220 52800 10 7 2580
1158 52920 54660 7 0 1740
1159 56280 57300 16 10 1020
1160 57420 60000 10 7 2580
1161 60120 61860 7 0 1740
1162 63480 64500 16 10 1020
1163 64620 67200 10 7 2580
1164 67320 69060 7 0 1740
1165 70680 71700 16 10 1020
1166 71820 74400 10 7 2580
1167 74520 76260 7 0 1740
1168 77880 78900 16 10 1020
1169 79020 81600 10 7 2580
1170 81720 83460 7 0 1740
1171 32160 33240 0 15 1080
1172 33360 34320 15 2 960
1173 34440 37620 2 17 3180
1174 37740 38700 17 12 960
1175 39900 40860 12 17 960
1176 40980 44160 17 2 3180
1177 44280 45240 2 15 960
1178 45360 46440 15 0 1080
1179 46560 48300 0 7 1740
1180 48420 51600 7 13 3180
1181 54300 55260 12 17 960
1182 55380 58560 17 2 3180
1183 58680 59640 2 15 960
1184 59760 60840 15 0 1080
1185 60960 62700 0 7 1740
1186 62820 66000 7 13 3180
1187 68700 69660 12 17 960
1188 69780 72960 17 2 3180
1189 73080 74040 2 15 960
1190 74160 75240 15 0 1080
1191 75360 77100 0 7 1740
1192 77220 80400 7 13 3180
1193 29580 31980 4 15 2400
1194 32100 33180 15 0 1080
1195 33960 35040 0 15 1080
1196 35160 37560 15 4 2400
1197 37680 40080 4 6 2400
1198 41160 42240 0 15 1080
1199 42360 44760 15 4 2400
1200 44880 47280 4 6 2400
1201 48360 49440 0 15 1080
1202 49560 51960 15 4 2400
1203 52080 54480 4 6 2400
1204 55560 56640 0 15 1080
1205 56760 59160 15 4 2400
1206 59280 61680 4 6 2400
1207 62760 63840 0 15 1080
1208 63960 66360 15 4 2400
1209 66480 68880 4 6 2400
1210 69960 71040 0 15 1080
1211 71160 73560 15 4 2400
1212 73680 76080 4 6 2400
1213 77160 78240 0 15 1080
1214 29400 30360 15 2 960
1215 30480 33660 2 17 3180
1216 33780 34380 17 8 600
1217 34500 35460 8 12 960
1218 35580 38040 12 11 2460
1219 38220 40800 11 14 2580
1220 41760 44340 14 11 2580
1221 44460 46920 11 12 2460
1222 47040 48000 12 8 960
1223 48120 48720 8 17 600
1224 48840 52020 17 2 3180
1225 52140 53100 2 15 960
1226 53220 55440 15 1 2220
1227 56160 58740 14 11 2580
1228 58860 61320 11 12 2460
1229 61440 62400 12 8 960
1230 62520 63120 8 17 600
1231 63240 66420 17 2 3180
1232 66540 67500 2 15 960
1233 67620 69840 15 1 2220
1234 70560 73140 14 11 2580
1235 73260 75720 11 12 2460
1236 75840 76800 12 8 960
1237 76920 77520 8 17 600
1238 77640 80820 17 2 3180
1239 80940 81900 2 15 960
1240 33600 36780 1 4 3180
1241 39480 42660 4 1 3180
1242 42900 45600 1 3 2700
1243 45720 49320 3 16 3600
1244 50280 53460 4 1 3180
1245 53700 56400 1 3 2700
1246 56520 60120 3 16 3600
1247 61080 64260 4 1 3180
1248 64500 67200 1 3 2700
1249 67320 70920 3 16 3600
1250 71880 75060 4 1 3180
1251 29580 31500 4 9 1920
1252 31620 34020 9 17 2400
1253 34140 34740 17 8 600
1254 34860 35820 8 12 960
1255 35940 38400 12 11 2460
1256 40140 42600 11 12 2460
1257 42720 43680 12 8 960
1258 43800 44400 8 17 600
1259 44520 46920 17 9 2400
1260 47040 48960 9 4 1920
1261 49080 51480 4 6 2400
1262 52740 55200 11 12 2460
1263 55320 56280 12 8 960
1264 56400 57000 8 17 600
1265 57120 59520 17 9 2400
1266 59640 61560 9 4 1920
1267 61680 64080 4 6 2400
1268 65340 67800 11 12 2460
1269 67920 68880 12 8 960
1270 69000 69600 8 17 600
1271 69720 72120 17 9 2400
1272 72240 74160 9 4 1920
1273 74280 76680 4 6 2400
1274 77940 80400 11 12 2460
1275 80520 81480 12 8 960
1276 81600 82200 8 17 600
1277 82320 84720 17 9 2400
1278 28380 30960 9 15 2580
1279 31080 32160 15 0 1080
1280 32280 34020 0 7 1740
1281 36900 38640 7 0 1740
1282 38760 39840 0 15 1080
1283 39960 42540 15 9 2580
1284 42660 43620 9 5 960
1285 47700 49440 7 0 1740
1286 49560 50640 0 15 1080
1287 50760 53340 15 9 2580
1288 53460 54420 9 5 960
1289 58500 60240 7 0 1740
1290 60360 61440 0 15 1080
1291 61560 64140 15 9 2580
1292 64260 65220 9 5 960
1293 69300 71040 7 0 1740
1294 71160 72240 0 15 1080
1295 72360 74940 15 9 2580
1296 75060 76020 9 5 960
1297 31020 34200 17 2 3180
1298 34320 35940 2 0 1620
1299 39540 41160 0 2 1620
1300 41280 44460 2 17 3180
1301 44580 45540 17 12 960
1302 45660 48120 12 11 2460
1303 50340 51960 0 2 1620
1304 52080 55260 2 17 3180
1305 55380 56340 17 12 960
1306 56460 58920 12 11 2460
1307 61140 62760 0 2 1620
1308 62880 66060 2 17 3180
1309 66180 67140 17 12 960
1310 67260 69720 12 11 2460
1311 71940 73560 0 2 1620
1312 73680 76860 2 17 3180
1313 76980 77940 17 12 960
1314 32640 33600 12 8 960
1315 33720 34320 8 17 600
1316 34440 37620 17 2 3180
1317 37740 38700 2 15 960
1318 38820 41040 15 1 2220
1319 45060 47280 1 15 2220
1320 47400 48360 15 2 960
1321 48480 51660 2 17 3180
1322 51780 52380 17 8 600
1323 52500 53460 8 12 960
1324 53580 56040 12 11 2460
1325 56220 58800 11 14 2580
1326 59460 61680 1 15 2220
1327 61800 62760 15 2 960
1328 62880 66060 2 17 3180
1329 66180 66780 17 8 600
1330 66900 67860 8 12 960
1331 67980 70440 12 11 2460
1332 70620 73200 11 14 2580
1333 73860 76080 1 15 2220
1334 76200 77160 15 2 960
1335 77280 80460 2 17 3180
1336 80580 81180 17 8 600
1337 81300 82260 8 12 960
1338 31320 33060 7 0 1740
1339 34080 35820 0 7 1740
1340 35940 38520 7 10 2580
1341 38640 39660 10 16 1020
1342 41280 43020 0 7 1740
1343 43140 45720 7 10 2580
1344 45840 46860 10 16 1020
1345 48480 50220 0 7 1740
1346 50340 52920 7 10 2580
1347 53040 54060 10 16 1020
1348 55680 57420 0 7 1740
1349 57540 60120 7 10 2580
1350 60240 61260 10 16 1020
1351 62880 64620 0 7 1740
1352 64740 67320 7 10 2580
1353 67440 68460 10 16 1020
1354 70080 71820 0 7 1740
1355 71940 74520 7 10 2580
1356 74640 75660 10 16 1020
1357 77280 79020 0 7 1740
1358 79140 81720 7 10 2580
1359 35820 36840 16 10 1020
1360 36960 38400 10 13 1440
1361 38520 41700 13 18 3180
1362 43020 44040 16 10 1020
1363 44160 45600 10 13 1440
1364 45720 48900 13 18 3180
1365 50220 51240 16 10 1020
1366 51360 52800 10 13 1440
1367 52920 56100 13 18 3180
1368 57420 58440 16 10 1020
1369 58560 60000 10 13 1440
1370 60120 63300 13 18 3180
1371 64620 65640 16 10 1020
1372 65760 67200 10 13 1440
1373 67320 70500 13 18 3180
1374 71820 72840 16 10 1020
1375 72960 74400 10 13 1440
1376 79020 80040 16 10 1020
1377 80160 81600 10 13 1440
1378 31920 34320 17 9 2400
1379 34440 36360 9 4 1920
1380 36480 38880 4 6 2400
1381 39660 42060 6 4 2400
1382 42180 44100 4 9 1920
1383 44220 46620 9 17 2400
1384 46740 47340 17 8 600
1385 47460 48420 8 12 960
1386 48540 51000 12 11 2460
1387 52260 54660 6 4 2400
1388 54780 56700 4 9 1920
1389 56820 59220 9 17 2400
1390 59340 59940 17 8 600
1391 60060 61020 8 12 960
1392 61140 63600 12 11 2460
1393 64860 67260 6 4 2400
1394 67380 69300 4 9 1920
1395 69420 71820 9 17 2400
1396 71940 72540 17 8 600
1397 72660 73620 8 12 960
1398 73740 76200 12 11 2460
1399 77460 79860 6 4 2400
1400 79980 81900 4 9 1920
1401 30660 33840 1 4 3180
1402 33960 35880 4 9 1920
1403 36000 36960 9 5 960
1404 40080 41040 5 9 960
1405 41160 43080 9 4 1920
1406 43200 46380 4 1 3180
1407 46500 49200 1 3 2700
1408 50880 51840 5 9 960
1409 51960 53880 9 4 1920
1410 54000 57180 4 1 3180
1411 57300 60000 1 3 2700
1412 61680 62640 5 9 960
1413 62760 64680 9 4 1920
1414 64800 67980 4 1 3180
1415 68100 70800 1 3 2700
1416 72480 73440 5 9 960
1417 73560 75480 9 4 1920
1418 30660 31740 5 9 1080
1419 31980 34560 9 15 2580
1420 34680 35640 15 2 960
1421 36660 37620 2 15 960
1422 37740 40320 15 9 2580
1423 40440 41400 9 5 960
1424 41520 43680 5 17 2160
1425 47460 48420 2 15 960
1426 48540 51120 15 9 2580
1427 51240 52200 9 5 960
1428 52320 54480 5 17 2160
1429 58260 59220 2 15 960
1430 59340 61920 15 9 2580
1431 62040 63000 9 5 960
1432 63120 65280 5 17 2160
1433 69060 70020 2 15 960
1434 70140 72720 15 9 2580
1435 72840 73800 9 5 960
1436 73920 76080 5 17 2160
1437 38280 41460 18 13 3180
1438 41580 43020 13 10 1440
1439 43140 44160 10 16 1020
1440 45480 48660 18 13 3180
1441 48780 50220 13 10 1440
1442 50340 51360 10 16 1020
1443 52680 55860 18 13 3180
1444 55980 57420 13 10 1440
1445 57540 58560 10 16 1020
1446 59880 63060 18 13 3180
1447 63180 64620 13 10 1440
1448 64740 65760 10 16 1020
1449 67080 70260 18 13 3180
1450 70380 71820 13 10 1440
1451 71940 72960 10 16 1020
1452 74280 77460 18 13 3180
1453 77580 79020 13 10 1440
1454 28680 30420 0 7 1740
1455 30540 33720 7 13 3180
1456 33840 37020 13 18 3180
1457 40920 44100 18 13 3180
1458 44220 47400 13 7 3180
1459 47520 49260 7 0 1740
1460 51720 54900 18 13 3180
1461 55020 58200 13 7 3180
1462 58320 60060 7 0 1740
1463 62520 65700 18 13 3180
1464 65820 69000 13 7 3180
1465 69120 70860 7 0 1740
1466 73320 76500 18 13 3180
1467 76620 79800 13 7 3180
1468 79920 81660 7 0 1740
1469 28680 31860 4 1 3180
1470 32100 34800 1 3 2700
1471 34920 38520 3 16 3600
1472 41460 45060 16 3 3600
1473 45180 47880 3 1 2700
1474 48000 51180 1 4 3180
1475 52260 55860 16 3 3600
1476 55980 58680 3 1 2700
1477 58800 61980 1 4 3180
1478 63060 66660 16 3 3600
1479 66780 69480 3 1 2700
1480 69600 72780 1 4 3180
1481 28740 30360 0 2 1620
1482 30480 33660 2 17 3180
1483 33780 34740 17 12 960
1484 34860 37320 12 11 2460
1485 38160 40620 11 12 2460
1486 40740 41700 12 17 960
1487 41820 45000 17 2 3180
1488 45120 46740 2 0 1620
1489 48960 51420 11 12 2460
1490 51540 52500 12 17 960
1491 52620 55800 17 2 3180
1492 55920 57540 2 0 1620
1493 59760 62220 11 12 2460
1494 62340 63300 12 17 960
1495 63420 66600 17 2 3180
1496 66720 68340 2 0 1620
1497 70560 73020 11 12 2460
1498 73140 74100 12 17 960
1499 74220 77400 17 2 3180
1500 77520 79140 2 0 1620
1501 31380 33780 4 15 2400
1502 33900 34980 15 0 1080
1503 35760 36840 0 15 1080
1504 36960 39360 15 4 2400
1505 39480 41880 4 6 2400
1506 31380 33300 4 9 1920
1507 33420 35820 9 17 2400
1508 35940 36540 17 8 600
1509 36660 37620 8 12 960
1510 37740 40200 12 11 2460
1511 41940 44400 11 12 2460
1512 44520 45480 12 8 960
1513 45600 46200 8 17 600
1514 46320 48720 17 9 2400
1515 48840 50760 9 4 1920
1516 50880 53280 4 6 2400
1517 54540 57000 11 12 2460
1518 57120 58080 12 8 960
1519 58200 58800 8 17 600
1520 58920 61320 17 9 2400
1521 61440 63360 9 4 1920
1522 63480 65880 4 6 2400
1523 67140 69600 11 12 2460
1524 69720 70680 12 8 960
1525 70800 71400 8 17 600
1526 71520 73920 17 9 2400
1527 74040 75960 9 4 1920
1528 30180 33360 17 2 3180
1529 33480 34440 2 15 960
1530 34560 35640 15 0 1080
1531 35760 37500 0 7 1740
1532 37620 40800 7 13 3180
1533 41400 44580 13 7 3180
1534 44700 46440 7 0 1740
1535 46560 47640 0 15 1080
1536 47760 48720 15 2 960
1537 48840 52020 2 17 3180
1538 52140 53100 17 12 960
1539 55800 58980 13 7 3180
1540 59100 60840 7 0 1740
1541 60960 62040 0 15 1080
1542 62160 63120 15 2 960
1543 63240 66420 2 17 3180
1544 66540 67500 17 12 960
1545 70200 73380 13 7 3180
1546 73500 75240 7 0 1740
1547 75360 76440 0 15 1080
1548 76560 77520 15 2 960
1549 77640 80820 2 17 3180
1550 80940 81900 17 12 960
1551 33120 34860 7 0 1740
1552 35880 37620 0 7 1740
1553 37740 40320 7 10 2580
1554 40440 41460 10 16 1020
1555 29280 30240 5 9 960
1556 30360 32280 9 4 1920
1557 32400 35580 4 1 3180
1558 35700 38400 1 3 2700
1559 42240 44940 3 1 2700
1560 45060 48240 1 4 3180
1561 48360 50280 4 9 1920
1562 50400 51360 9 5 960
1563 53040 55740 3 1 2700
1564 55860 59040 1 4 3180
1565 59160 61080 4 9 1920
1566 61200 62160 9 5 960
1567 63840 66540 3 1 2700
1568 66660 69840 1 4 3180
1569 69960 71880 4 9 1920
1570 72000 72960 9 5 960
1571 74640 77340 3 1 2700
1572 77460 80640 1 4 3180
1573 80760 82680 4 9 1920
1574 82800 83760 9 5 960
1575 30060 33240 17 2 3180
1576 33360 34980 2 0 1620
1577 35940 37560 0 2 1620
1578 37680 40860 2 17 3180
1579 40980 41580 17 8 600
1580 34200 36780 10 7 2580
1581 36900 38640 7 0 1740
1582 38760 41100 0 1 2340
1583 43980 46320 1 0 2340
1584 46440 48180 0 7 1740
1585 48300 50880 7 10 2580
1586 51000 52440 10 13 1440
1587 52620 56040 13 18 3420
1588 58380 60720 1 0 2340
1589 60840 62580 0 7 1740
1590 62700 65280 7 10 2580
1591 65400 66840 10 13 1440
1592 67020 70440 13 18 3420
1593 72780 75120 1 0 2340
1594 75240 76980 0 7 1740
1595 77100 79680 7 10 2580
1596 79800 81240 10 13 1440
1597 31920 32880 12 8 960
1598 33000 33600 8 17 600
1599 33720 36120 17 9 2400
1600 36240 38160 9 4 1920
1601 38280 40680 4 6 2400
1602 41460 43860 6 4 2400
1603 43980 45900 4 9 1920
1604 46020 48420 9 17 2400
1605 48540 49140 17 8 600
1606 49260 50220 8 12 960
1607 50340 52800 12 11 2460
1608 54060 56460 6 4 2400
1609 56580 58500 4 9 1920
1610 58620 61020 9 17 2400
1611 61140 61740 17 8 600
1612 61860 62820 8 12 960
1613 62940 65400 12 11 2460
1614 66660 69060 6 4 2400
1615 69180 71100 4 9 1920
1616 71220 73620 9 17 2400
1617 73740 74340 17 8 600
1618 74460 75420 8 12 960
1619 75540 78000 12 11 2460
1620 29460 30420 2 15 960
1621 30540 33120 15 9 2580
1622 33240 34200 9 5 960
1623 34320 36480 5 17 2160
1624 39060 41220 17 5 2160
1625 41460 42540 5 9 1080
1626 42780 45360 9 15 2580
1627 45480 46440 15 2 960
1628 49860 52020 17 5 2160
1629 52260 53340 5 9 1080
1630 53580 56160 9 15 2580
1631 56280 57240 15 2 960
1632 60660 62820 17 5 2160
1633 63060 64140 5 9 1080
1634 64380 66960 9 15 2580
1635 67080 68040 15 2 960
1636 71460 73620 17 5 2160
1637 73860 74940 5 9 1080
1638 75180 77760 9 15 2580
1639 77880 78840 15 2 960
1640 29580 31920 1 0 2340
1641 32040 33780 0 7 1740
1642 33900 36480 7 10 2580
1643 36600 38040 10 13 1440
1644 38220 41640 13 18 3420
1645 43740 46920 18 13 3180
1646 47040 48480 13 10 1440
1647 48600 51180 10 7 2580
1648 51300 53040 7 0 1740
1649 53160 55500 0 1 2340
1650 58140 61320 18 13 3180
1651 61440 62880 13 10 1440
1652 63000 65580 10 7 2580
1653 65700 67440 7 0 1740
1654 67560 69900 0 1 2340
1655 72540 75720 18 13 3180
1656 75840 77280 13 10 1440
1657 77400 79980 10 7 2580
1658 80100 81840 7 0 1740
1659 32520 34860 1 0 2340
1660 35760 38100 0 1 2340
1661 38220 40920 1 3 2700
1662 31560 32640 0 15 1080
1663 32760 35340 15 9 2580
1664 35460 36420 9 5 960
1665 38100 39060 5 9 960
1666 39180 41760 9 15 2580
1667 41880 42960 15 0 1080
1668 43080 44820 0 7 1740
1669 48900 49860 5 9 960
1670 49980 52560 9 15 2580
1671 52680 53760 15 0 1080
1672 53880 55620 0 7 1740
1673 59700 60660 5 9 960
1674 60780 63360 9 15 2580
1675 63480 64560 15 0 1080
1676 64680 66420 0 7 1740
1677 70500 71460 5 9 960
1678 71580 74160 9 15 2580
1679 74280 75360 15 0 1080
1680 75480 77220 0 7 1740
1681 36720 38460 7 0 1740
1682 39480 41220 0 7 1740
1683 41340 44520 7 13 3180
1684 44640 47820 13 18 3180
1685 50280 52020 0 7 1740
1686 52140 55320 7 13 3180
1687 55440 58620 13 18 3180
1688 61080 62820 0 7 1740
1689 62940 66120 7 13 3180
1690 66240 69420 13 18 3180
1691 71880 73620 0 7 1740
1692 73740 76920 7 13 3180
1693 33900 35640 7 0 1740
1694 35760 36840 0 15 1080
1695 36960 37920 15 2 960
1696 38040 41220 2 17 3180
1697 41340 42300 17 12 960
1698 43500 44460 12 17 960
1699 44580 47760 17 2 3180
1700 47880 48840 2 15 960
1701 48960 50040 15 0 1080
1702 50160 51900 0 7 1740
1703 52020 55200 7 13 3180
1704 57900 58860 12 17 960
1705 58980 62160 17 2 3180
1706 62280 63240 2 15 960
1707 63360 64440 15 0 1080
1708 64560 66300 0 7 1740
1709 66420 69600 7 13 3180
1710 72300 73260 12 17 960
1711 73380 76560 17 2 3180
1712 76680 77640 2 15 960
1713 77760 78840 15 0 1080
1714 78960 80700 0 7 1740
1715 80820 84000 7 13 3180
1716 30660 32880 1 15 2220
1717 33000 33960 15 2 960
1718 34080 37260 2 17 3180
1719 37380 37980 17 8 600
1720 38100 39060 8 12 960
1721 39180 41640 12 11 2460
1722 41820 44400 11 14 2580
1723 45360 47940 14 11 2580
1724 48060 50520 11 12 2460
1725 50640 51600 12 8 960
1726 51720 52320 8 17 600
1727 52440 55620 17 2 3180
1728 55740 56700 2 15 960
1729 56820 59040 15 1 2220
1730 59760 62340 14 11 2580
1731 62460 64920 11 12 2460
1732 65040 66000 12 8 960
1733 66120 66720 8 17 600
1734 66840 70020 17 2 3180
1735 70140 71100 2 15 960
1736 71220 73440 15 1 2220
1737 74160 76740 14 11 2580
1738 76860 79320 11 12 2460
1739 79440 80400 12 8 960
1740 80520 81120 8 17 600
1741 81240 84420 17 2 3180
1742 84540 85500 2 15 960
1743 34380 37080 3 1 2700
1744 37200 40380 1 4 3180
1745 43080 46260 4 1 3180
1746 46500 49200 1 3 2700
1747 49320 52920 3 16 3600
1748 53880 57060 4 1 3180
1749 57300 60000 1 3 2700
1750 60120 63720 3 16 3600
1751 64680 67860 4 1 3180
1752 68100 70800 1 3 2700
1753 70920 74520 3 16 3600
1754 75480 78660 4 1 3180
1755 30660 33060 6 4 2400
1756 33180 35100 4 9 1920
1757 35220 37620 9 17 2400
1758 37740 38340 17 8 600
1759 38460 39420 8 12 960
1760 39540 42000 12 11 2460
1761 43740 46200 11 12 2460
1762 46320 47280 12 8 960
1763 47400 48000 8 17 600
1764 48120 50520 17 9 2400
1765 50640 52560 9 4 1920
1766 52680 55080 4 6 2400
1767 56340 58800 11 12 2460
1768 58920 59880 12 8 960
1769 60000 60600 8 17 600
1770 60720 63120 17 9 2400
1771 63240 65160 9 4 1920
1772 65280 67680 4 6 2400
1773 68940 71400 11 12 2460
1774 71520 72480 12 8 960
1775 72600 73200 8 17 600
1776 73320 75720 17 9 2400
1777 75840 77760 9 4 1920
1778 33540 34500 12 17 960
1779 34620 37800 17 2 3180
1780 37920 39540 2 0 1620
1781 43140 44760 0 2 1620
1782 44880 48060 2 17 3180
1783 48180 49140 17 12 960
1784 49260 51720 12 11 2460
1785 53940 55560 0 2 1620
1786 55680 58860 2 17 3180
1787 58980 59940 17 12 960
1788 60060 62520 12 11 2460
1789 64740 66360 0 2 1620
1790 66480 69660 2 17 3180
1791 69780 70740 17 12 960
1792 70860 73320 12 11 2460
1793 75540 77160 0 2 1620
1794 77280 80460 2 17 3180
1795 80580 81540 17 12 960
1796 36240 37200 12 8 960
1797 37320 37920 8 17 600
1798 38040 41220 17 2 3180
1799 41340 42300 2 15 960
1800 42420 44640 15 1 2220
1801 48660 50880 1 15 2220
1802 51000 51960 15 2 960
1803 52080 55260 2 17 3180
1804 55380 55980 17 8 600
1805 56100 57060 8 12 960
1806 57180 59640 12 11 2460
1807 59820 62400 11 14 2580
1808 63060 65280 1 15 2220
1809 65400 66360 15 2 960
1810 66480 69660 2 17 3180
1811 69780 70380 17 8 600
1812 70500 71460 8 12 960
1813 71580 74040 12 11 2460
1814 74220 76800 11 14 2580
1815 77460 79680 1 15 2220
1816 79800 80760 15 2 960
1817 80880 84060 2 17 3180
1818 34380 35820 13 10 1440
1819 35940 36960 10 16 1020
1820 39420 40440 16 10 1020
1821 40560 42000 10 13 1440
1822 42120 45300 13 18 3180
1823 33720 34680 12 8 960
1824 34800 35400 8 17 600
1825 35520 37920 17 9 2400
1826 38040 39960 9 4 1920
1827 40080 42480 4 6 2400
1828 43260 45660 6 4 2400
1829 45780 47700 4 9 1920
1830 47820 50220 9 17 2400
1831 50340 50940 17 8 600
1832 51060 52020 8 12 960
1833 52140 54600 12 11 2460
1834 55860 58260 6 4 2400
1835 58380 60300 4 9 1920
1836 60420 62820 9 17 2400
1837 62940 63540 17 8 600
1838 63660 64620 8 12 960
1839 64740 67200 12 11 2460
1840 68460 70860 6 4 2400
1841 70980 72900 4 9 1920
1842 73020 75420 9 17 2400
1843 75540 76140 17 8 600
1844 76260 77220 8 12 960
1845 77340 79800 12 11 2460
1846 34260 37440 1 4 3180
1847 37560 39480 4 9 1920
1848 39600 40560 9 5 960
1849 43680 44640 5 9 960
1850 44760 46680 9 4 1920
1851 46800 49980 4 1 3180
1852 50100 52800 1 3 2700
1853 54480 55440 5 9 960
1854 55560 57480 9 4 1920
1855 57600 60780 4 1 3180
1856 60900 63600 1 3 2700
1857 65280 66240 5 9 960
1858 66360 68280 9 4 1920
1859 68400 71580 4 1 3180
1860 71700 74400 1 3 2700
1861 76080 77040 5 9 960
1862 77160 79080 9 4 1920
1863 32280 35460 4 1 3180
1864 35700 38400 1 3 2700
1865 38520 42120 3 16 3600
1866 45060 48660 16 3 3600
1867 48780 51480 3 1 2700
1868 51600 54780 1 4 3180
1869 55860 59460 16 3 3600
1870 59580 62280 3 1 2700
1871 62400 65580 1 4 3180
1872 66660 70260 16 3 3600
1873 70380 73080 3 1 2700
1874 73200 76380 1 4 3180
1875 32340 33960 0 2 1620
1876 34080 37260 2 17 3180
1877 37380 38340 17 12 960
1878 38460 40920 12 11 2460
1879 41760 44220 11 12 2460
1880 44340 45300 12 17 960
1881 45420 48600 17 2 3180
1882 48720 50340 2 0 1620
1883 52560 55020 11 12 2460
1884 55140 56100 12 17 960
1885 56220 59400 17 2 3180
1886 59520 61140 2 0 1620
1887 63360 65820 11 12 2460
1888 65940 66900 12 17 960
1889 67020 70200 17 2 3180
1890 70320 71940 2 0 1620
1891 74160 76620 11 12 2460
1892 76740 77700 12 17 960
1893 77820 81000 17 2 3180
1894 81120 82740 2 0 1620
1895 32460 34860 6 4 2400
1896 34980 36900 4 9 1920
1897 37020 39420 9 17 2400
1898 39540 40140 17 8 600
1899 40260 41220 8 12 960
1900 41340 43800 12 11 2460
1901 45540 48000 11 12 2460
1902 48120 49080 12 8 960
1903 49200 49800 8 17 600
1904 49920 52320 17 9 2400
1905 52440 54360 9 4 1920
1906 54480 56880 4 6 2400
1907 58140 60600 11 12 2460
1908 60720 61680 12 8 960
1909 61800 62400 8 17 600
1910 62520 64920 17 9 2400
1911 65040 66960 9 4 1920
1912 67080 69480 4 6 2400
1913 70740 73200 11 12 2460
1914 73320 74280 12 8 960
1915 74400 75000 8 17 600
1916 75120 77520 17 9 2400
1917 77640 79560 9 4 1920
1918 32700 33660 12 17 960
1919 33780 36960 17 2 3180
1920 37080 38040 2 15 960
1921 38160 39240 15 0 1080
1922 39360 41100 0 7 1740
1923 41220 44400 7 13 3180
1924 45000 48180 13 7 3180
1925 48300 50040 7 0 1740
1926 50160 51240 0 15 1080
1927 51360 52320 15 2 960
1928 52440 55620 2 17 3180
1929 55740 56700 17 12 960
1930 59400 62580 13 7 3180
1931 62700 64440 7 0 1740
1932 64560 65640 0 15 1080
1933 65760 66720 15 2 960
1934 66840 70020 2 17 3180
1935 70140 71100 17 12 960
1936 73800 76980 13 7 3180
1937 77100 78840 7 0 1740
1938 78960 80040 0 15 1080
1939 80160 81120 15 2 960
1940 32880 33840 5 9 960
1941 33960 35880 9 4 1920
1942 36000 39180 4 1 3180
1943 39300 42000 1 3 2700
1944 45840 48540 3 1 2700
1945 48660 51840 1 4 3180
1946 51960 53880 4 9 1920
1947 54000 54960 9 5 960
1948 36240 37680 13 10 1440
1949 37800 40380 10 7 2580
1950 40500 42240 7 0 1740
1951 42360 44700 0 1 2340
1952 47580 49920 1 0 2340
1953 50040 51780 0 7 1740
1954 51900 54480 7 10 2580
1955 54600 56040 10 13 1440
1956 56220 59640 13 18 3420
1957 61980 64320 1 0 2340
1958 64440 66180 0 7 1740
1959 66300 68880 7 10 2580
1960 69000 70440 10 13 1440
1961 70620 74040 13 18 3420
1962 76380 78720 1 0 2340
1963 78840 80580 0 7 1740
1964 80700 83280 7 10 2580
1965 83400 84840 10 13 1440
1966 35520 36480 12 8 960
1967 36600 37200 8 17 600
1968 37320 39720 17 9 2400
1969 39840 41760 9 4 1920
1970 41880 44280 4 6 2400
1971 45060 47460 6 4 2400
1972 47580 49500 4 9 1920
1973 49620 52020 9 17 2400
1974 52140 52740 17 8 600
1975 52860 53820 8 12 960
1976 53940 56400 12 11 2460
1977 57660 60060 6 4 2400
1978 60180 62100 4 9 1920
1979 62220 64620 9 17 2400
1980 64740 65340 17 8 600
1981 65460 66420 8 12 960
1982 66540 69000 12 11 2460
1983 70260 72660 6 4 2400
1984 72780 74700 4 9 1920
1985 74820 77220 9 17 2400
1986 77340 77940 17 8 600
1987 78060 79020 8 12 960
1988 33180 35520 1 0 2340
1989 35640 37380 0 7 1740
1990 37500 40080 7 10 2580
1991 40200 41640 10 13 1440
1992 41820 45240 13 18 3420
1993 47340 50520 18 13 3180
1994 50640 52080 13 10 1440
1995 52200 54780 10 7 2580
1996 54900 56640 7 0 1740
1997 56760 59100 0 1 2340
1998 61740 64920 18 13 3180
1999 65040 66480 13 10 1440
2000 66600 69180 10 7 2580
2001 69300 71040 7 0 1740
2002 71160 73500 0 1 2340
2003 76140 79320 18 13 3180
2004 79440 80880 13 10 1440
2005 81000 83580 10 7 2580
2006 83700 85440 7 0 1740
2007 37020 40200 13 7 3180
2008 40320 42060 7 0 1740
2009 43080 44820 0 7 1740
2010 44940 48120 7 13 3180
2011 48240 51420 13 18 3180
2012 34260 36480 1 15 2220
2013 36600 37560 15 2 960
2014 37680 40860 2 17 3180
2015 40980 41580 17 8 600
2016 41700 42660 8 12 960
2017 42780 45240 12 11 2460
2018 45420 48000 11 14 2580
2019 48960 51540 14 11 2580
2020 51660 54120 11 12 2460
2021 54240 55200 12 8 960
2022 55320 55920 8 17 600
2023 56040 59220 17 2 3180
2024 59340 60300 2 15 960
2025 60420 62640 15 1 2220
2026 63360 65940 14 11 2580
2027 66060 68520 11 12 2460
2028 68640 69600 12 8 960
2029 69720 70320 8 17 600
2030 70440 73620 17 2 3180
2031 73740 74700 2 15 960
2032 74820 77040 15 1 2220
2033 77760 80340 14 11 2580
2034 80460 82920 11 12 2460
2035 83040 84000 12 8 960
2036 84120 84720 8 17 600
2037 84840 88020 17 2 3180
2038 88140 89100 2 15 960
2039 37980 40680 3 1 2700
2040 40800 43980 1 4 3180
2041 46680 49860 4 1 3180
2042 50100 52800 1 3 2700
2043 52920 56520 3 16 3600
2044 37260 39720 11 12 2460
2045 39840 40800 12 8 960
2046 40920 41520 8 17 600
2047 41640 44820 17 2 3180
2048 44940 45900 2 15 960
2049 46020 48240 15 1 2220
2050 52260 54480 1 15 2220
2051 54600 55560 15 2 960
2052 55680 58860 2 17 3180
2053 58980 59580 17 8 600
2054 59700 60660 8 12 960
2055 60780 63240 12 11 2460
2056 63420 66000 11 14 2580
2057 66660 68880 1 15 2220
2058 69000 69960 15 2 960
2059 70080 73260 2 17 3180
2060 73380 73980 17 8 600
2061 74100 75060 8 12 960
2062 75180 77640 12 11 2460
2063 36060 38460 6 4 2400
2064 38580 40980 4 15 2400
2065 41100 42180 15 0 1080
2066 42960 44040 0 15 1080
2067 44160 46560 15 4 2400
2068 46680 49080 4 6 2400
2069 36480 37500 16 10 1020
2070 37620 40200 10 7 2580
2071 40320 42060 7 0 1740
2072 43080 44820 0 7 1740
2073 44940 47520 7 10 2580
2074 47640 48660 10 16 1020
2075 36540 37140 8 17 600
2076 37260 40440 17 2 3180
2077 40560 42180 2 0 1620
2078 43140 44760 0 2 1620
2079 44880 48060 2 17 3180
2080 48180 48780 17 8 600
2081 36900 39600 3 1 2700
2082 39720 42060 1 0 2340
2083 42960 45300 0 1 2340
2084 45420 48120 1 3 2700
2085 37860 40080 1 15 2220
2086 40200 41160 15 2 960
2087 41280 44460 2 17 3180
2088 44580 45180 17 8 600
2089 45300 46260 8 12 960
2090 46380 48840 12 11 2460
2091 49020 51600 11 14 2580
2092 52560 55140 14 11 2580
2093 55260 57720 11 12 2460
2094 57840 58800 12 8 960
2095 58920 59520 8 17 600
2096 59640 62820 17 2 3180
2097 62940 63900 2 15 960
2098 64020 66240 15 1 2220
2099 40260 41220 2 15 960
2100 41340 43920 15 9 2580
2101 44040 45000 9 5 960
2102 45120 47280 5 17 2160
2103 49860 52020 17 5 2160
2104 52260 53340 5 9 1080
2105 53580 56160 9 15 2580
2106 56280 57240 15 2 960
2107 40500 42240 7 0 1740
2108 42360 43440 0 15 1080
2109 43560 46140 15 9 2580
2110 46260 47220 9 5 960
2111 48900 49860 5 9 960
2112 49980 52560 9 15 2580
2113 52680 53760 15 0 1080
2114 53880 55620 0 7 1740
2115 43260 45660 6 4 2400
2116 45780 48180 4 15 2400
2117 48300 49380 15 0 1080
2118 50160 51240 0 15 1080
2119 51360 53760 15 4 2400
2120 53880 56280 4 6 2400
2121 43680 44700 16 10 1020
2122 44820 47400 10 7 2580
2123 47520 49260 7 0 1740
2124 50280 52020 0 7 1740
2125 52140 54720 7 10 2580
2126 54840 55860 10 16 1020
2127 43740 44340 8 17 600
2128 44460 47640 17 2 3180
2129 47760 49380 2 0 1620
2130 50340 51960 0 2 1620
2131 52080 55260 2 17 3180
2132 55380 55980 17 8 600
2133 44100 46800 3 1 2700
2134 46920 49260 1 0 2340
2135 50160 52500 0 1 2340
2136 52620 55320 1 3 2700
2137 44520 47700 18 13 3180
2138 47820 51000 13 7 3180
2139 51120 52860 7 0 1740
2140 53880 55620 0 7 1740
2141 55740 58920 7 13 3180
2142 59040 62220 13 18 3180
2143 47100 48060 12 17 960
2144 48180 51360 17 2 3180
2145 51480 52440 2 15 960
2146 52560 53640 15 0 1080
2147 53760 55500 0 7 1740
2148 55620 58800 7 13 3180
2149 59400 62580 13 7 3180
2150 62700 64440 7 0 1740
2151 64560 65640 0 15 1080
2152 65760 66720 15 2 960
2153 66840 70020 2 17 3180
2154 70140 71100 17 12 960
2155 50460 52860 6 4 2400
2156 52980 55380 4 15 2400
2157 55500 56580 15 0 1080
2158 57360 58440 0 15 1080
2159 58560 60960 15 4 2400
2160 61080 63480 4 6 2400
2161 50880 51900 16 10 1020
2162 52020 54600 10 7 2580
2163 54720 56460 7 0 1740
2164 57480 59220 0 7 1740
2165 59340 61920 7 10 2580
2166 62040 63060 10 16 1020
2167 50940 51540 8 17 600
2168 51660 54840 17 2 3180
2169 54960 56580 2 0 1620
2170 57540 59160 0 2 1620
2171 59280 62460 2 17 3180
2172 62580 63180 17 8 600
2173 51060 52020 2 15 960
2174 52140 54720 15 9 2580
2175 54840 55800 9 5 960
2176 55920 58080 5 17 2160
2177 60660 62820 17 5 2160
2178 63060 64140 5 9 1080
2179 64380 66960 9 15 2580
2180 67080 68040 15 2 960
2181 51300 54000 3 1 2700
2182 54120 56460 1 0 2340
2183 57360 59700 0 1 2340
2184 59820 62520 1 3 2700
2185 51300 53040 7 0 1740
2186 53160 54240 0 15 1080
2187 54360 56940 15 9 2580
2188 57060 58020 9 5 960
2189 59700 60660 5 9 960
2190 60780 63360 9 15 2580
2191 63480 64560 15 0 1080
2192 64680 66420 0 7 1740
2193 55320 58500 18 13 3180
2194 58620 61800 13 7 3180
2195 61920 63660 7 0 1740
2196 64680 66420 0 7 1740
2197 66540 69720 7 13 3180
2198 69840 73020 13 18 3180
2199 57660 60060 6 4 2400
2200 60180 62580 4 15 2400
2201 62700 63780 15 0 1080
2202 64560 65640 0 15 1080
2203 65760 68160 15 4 2400
2204 68280 70680 4 6 2400
2205 58080 59100 16 10 1020
2206 59220 61800 10 7 2580
2207 61920 63660 7 0 1740
2208 64680 66420 0 7 1740
2209 66540 69120 7 10 2580
2210 69240 70260 10 16 1020
2211 58140 58740 8 17 600
2212 58860 62040 17 2 3180
2213 62160 63780 2 0 1620
2214 64740 66360 0 2 1620
2215 66480 69660 2 17 3180
2216 69780 70380 17 8 600
2217 58500 61200 3 1 2700
2218 61320 63660 1 0 2340
2219 64560 66900 0 1 2340
2220 67020 69720 1 3 2700
2221 61500 62460 12 17 960
2222 62580 65760 17 2 3180
2223 65880 66840 2 15 960
2224 66960 68040 15 0 1080
2225 68160 69900 0 7 1740
2226 70020 73200 7 13 3180
2227 73800 76980 13 7 3180
2228 77100 78840 7 0 1740
2229 78960 80040 0 15 1080
2230 80160 81120 15 2 960
2231 61860 62820 2 15 960
2232 62940 65520 15 9 2580
2233 65640 66600 9 5 960
2234 66720 68880 5 17 2160
2235 71460 73620 17 5 2160
2236 73860 74940 5 9 1080
2237 75180 77760 9 15 2580
2238 77880 78840 15 2 960
2239 62100 63840 7 0 1740
2240 63960 65040 0 15 1080
2241 65160 67740 15 9 2580
2242 67860 68820 9 5 960
2243 70500 71460 5 9 960
2244 71580 74160 9 15 2580
2245 74280 75360 15 0 1080
2246 75480 77220 0 7 1740
2247 64860 67260 6 4 2400
2248 67380 69780 4 15 2400
2249 69900 70980 15 0 1080
2250 71760 72840 0 15 1080
2251 72960 75360 15 4 2400
2252 65280 66300 16 10 1020
2253 66420 69000 10 7 2580
2254 69120 70860 7 0 1740
2255 71880 73620 0 7 1740
2256 73740 76320 7 10 2580
2257 76440 77460 10 16 1020
2258 65340 65940 8 17 600
2259 66060 69240 17 2 3180
2260 69360 70980 2 0 1620
2261 71940 73560 0 2 1620
2262 73680 76860 2 17 3180
2263 76980 77580 17 8 600
2264 65700 68400 3 1 2700
2265 68520 70860 1 0 2340
2266 71760 74100 0 1 2340
2267 66120 69300 18 13 3180
2268 69420 72600 13 7 3180
2269 72720 74460 7 0 1740
2270 75480 77220 0 7 1740
2271 77340 80520 7 13 3180
2272 72060 74460 6 4 2400
2273 74580 76980 4 15 2400
2274 77100 78180 15 0 1080
2275 78960 80040 0 15 1080
2276 72480 73500 16 10 1020
2277 73620 76200 10 7 2580
2278 76320 78060 7 0 1740
2279 79080 80820 0 7 1740
2280 72540 73140 8 17 600
2281 73260 76440 17 2 3180
2282 76560 78180 2 0 1620
2283 79140 80760 0 2 1620
2284 80880 84060 2 17 3180
2285 72660 73620 2 15 960
2286 73740 76320 15 9 2580
2287 76440 77400 9 5 960
2288 77520 79680 5 17 2160
2289 82260 84420 17 5 2160
2290 84660 85740 5 9 1080
2291 85980 88560 9 15 2580
2292 72900 75600 3 1 2700
2293 75720 78060 1 0 2340
2294 72900 74640 7 0 1740
2295 74760 75840 0 15 1080
2296 75960 78540 15 9 2580
2297 78660 79620 9 5 960
2298 81300 82260 5 9 960
2299 82380 84960 9 15 2580
2300 85080 86160 15 0 1080
2301 86280 88020 0 7 1740
2302 75900 76860 12 17 960
2303 76980 80160 17 2 3180
2304 80280 81240 2 15 960
2305 81360 82440 15 0 1080
2306 82560 84300 0 7 1740
2307 84420 87600 7 13 3180
2308 88200 91380 13 7 3180
2309 91500 93240 7 0 1740
2310 93360 94440 0 15 1080
2311 76920 80100 18 13 3180
2312 80220 83400 13 7 3180
2313 83520 85260 7 0 1740
2314 86280 88020 0 7 1740
