0 15 18
2 15 16
10 16 17
10 13 24
4 15 40
4 9 32
5 17 36
8 17 10
11 14 43
15 0 18
15 2 16
16 10 17
13 10 24
15 4 40
9 4 32
17 5 36
17 8 10
14 11 43
2 17 53
17 2 53
9 15 43
15 9 43
12 17 16
17 12 16
0 2 27
2 0 27
7 13 53
13 7 53
9 17 40
17 9 40
1 15 37
15 1 37
1 19 37
19 1 37
3 19 6
19 3 6
4 20 13
20 4 13
18 21 11
21 18 11
4 22 7
22 4 7
20 23 5
23 20 5
12 24 11
24 12 11
0 25 12
25 0 12
1 25 25
25 1 25
6 27 11
27 6 11
22 27 18
27 22 18
1 28 24
28 1 24
23 28 5
28 23 5
26 29 7
29 26 7
5 30 7
30 5 7
9 30 7
30 9 7
3 31 9
31 3 9
16 31 49
31 16 49
21 32 6
32 21 6
29 32 7
32 29 7
0 33 7
33 0 7
7 33 20
33 7 20
13 34 5
34 13 5
26 34 7
34 26 7
7 35 11
35 7 11
10 35 30
35 10 30
11 36 10
36 11 10
24 36 16
36 24 16
8 37 7
37 8 7
12 37 7
37 12 7
