0 27600 30600 1 3 3000
1 32340 35340 3 1 3000
2 35460 38760 1 0 3300
3 38880 40440 0 2 1560
4 41940 44940 3 1 3000
5 45060 48360 1 0 3300
6 48480 50040 0 2 1560
7 51540 54540 3 1 3000
8 54660 57960 1 0 3300
9 58080 59640 0 2 1560
10 61140 64140 3 1 3000
11 64260 67560 1 0 3300
12 67680 69240 0 2 1560
13 70740 73740 3 1 3000
14 73860 77160 1 0 3300
15 25860 29160 1 0 3300
16 29280 30840 0 2 1560
17 32100 33660 2 0 1560
18 33780 37080 0 1 3300
19 37200 40200 1 3 3000
20 41700 43260 2 0 1560
21 43380 46680 0 1 3300
22 46800 49800 1 3 3000
23 51300 52860 2 0 1560
24 52980 56280 0 1 3300
25 56400 59400 1 3 3000
26 60900 62460 2 0 1560
27 62580 65880 0 1 3300
28 66000 69000 1 3 3000
29 70500 72060 2 0 1560
30 72180 75480 0 1 3300
31 28500 31320 1 2 2820
32 31440 33000 2 0 1560
33 35700 38520 1 2 2820
34 38640 40200 2 0 1560
35 42900 45720 1 2 2820
36 45840 47400 2 0 1560
37 50100 52920 1 2 2820
38 53040 54600 2 0 1560
39 57300 60120 1 2 2820
40 60240 61800 2 0 1560
41 64500 67320 1 2 2820
42 67440 69000 2 0 1560
43 71700 74520 1 2 2820
44 74640 76200 2 0 1560
45 28800 31800 1 3 3000
46 33540 36540 3 1 3000
47 36660 39960 1 0 3300
48 40080 41640 0 2 1560
49 43140 46140 3 1 3000
50 46260 49560 1 0 3300
51 49680 51240 0 2 1560
52 52740 55740 3 1 3000
53 55860 59160 1 0 3300
54 59280 60840 0 2 1560
55 62340 65340 3 1 3000
56 65460 68760 1 0 3300
57 68880 70440 0 2 1560
58 71940 74940 3 1 3000
59 75060 78360 1 0 3300
60 27060 30360 1 0 3300
61 30480 32040 0 2 1560
62 33300 34860 2 0 1560
63 34980 38280 0 1 3300
64 38400 41400 1 3 3000
65 42900 44460 2 0 1560
66 44580 47880 0 1 3300
67 48000 51000 1 3 3000
68 52500 54060 2 0 1560
69 54180 57480 0 1 3300
70 57600 60600 1 3 3000
71 62100 63660 2 0 1560
72 63780 67080 0 1 3300
73 67200 70200 1 3 3000
74 71700 73260 2 0 1560
75 73380 76680 0 1 3300
76 24900 27720 1 2 2820
77 27840 29400 2 0 1560
78 30600 32160 0 2 1560
79 32280 35100 2 1 2820
80 37800 39360 0 2 1560
81 39480 42300 2 1 2820
82 45000 46560 0 2 1560
83 46680 49500 2 1 2820
84 52200 53760 0 2 1560
85 53880 56700 2 1 2820
86 59400 60960 0 2 1560
87 61080 63900 2 1 2820
88 66600 68160 0 2 1560
89 68280 71100 2 1 2820
90 73800 75360 0 2 1560
91 75480 78300 2 1 2820
92 30000 33000 1 3 3000
93 34740 37740 3 1 3000
94 37860 41160 1 0 3300
95 41280 42840 0 2 1560
96 44340 47340 3 1 3000
97 47460 50760 1 0 3300
98 50880 52440 0 2 1560
99 53940 56940 3 1 3000
100 57060 60360 1 0 3300
101 60480 62040 0 2 1560
102 63540 66540 3 1 3000
103 66660 69960 1 0 3300
104 70080 71640 0 2 1560
105 73140 76140 3 1 3000
106 76260 79560 1 0 3300
107 28260 31560 1 0 3300
108 31680 33240 0 2 1560
109 34500 36060 2 0 1560
110 36180 39480 0 1 3300
111 39600 42600 1 3 3000
112 44100 45660 2 0 1560
113 45780 49080 0 1 3300
114 49200 52200 1 3 3000
115 53700 55260 2 0 1560
116 55380 58680 0 1 3300
117 58800 61800 1 3 3000
118 63300 64860 2 0 1560
119 64980 68280 0 1 3300
120 68400 71400 1 3 3000
121 72900 74460 2 0 1560
122 74580 77880 0 1 3300
123 31200 34200 1 3 3000
124 35940 38940 3 1 3000
125 39060 42360 1 0 3300
126 42480 44040 0 2 1560
127 45540 48540 3 1 3000
128 48660 51960 1 0 3300
129 52080 53640 0 2 1560
130 55140 58140 3 1 3000
131 58260 61560 1 0 3300
132 61680 63240 0 2 1560
133 64740 67740 3 1 3000
134 67860 71160 1 0 3300
135 71280 72840 0 2 1560
136 74340 77340 3 1 3000
137 29460 32760 1 0 3300
138 32880 34440 0 2 1560
139 35700 37260 2 0 1560
140 37380 40680 0 1 3300
141 40800 43800 1 3 3000
142 45300 46860 2 0 1560
143 46980 50280 0 1 3300
144 50400 53400 1 3 3000
145 54900 56460 2 0 1560
146 56580 59880 0 1 3300
147 60000 63000 1 3 3000
148 64500 66060 2 0 1560
149 66180 69480 0 1 3300
150 69600 72600 1 3 3000
151 74100 75660 2 0 1560
152 75780 79080 0 1 3300
153 28680 31500 2 1 2820
154 32100 34920 1 2 2820
155 35040 36600 2 0 1560
156 39300 42120 1 2 2820
157 42240 43800 2 0 1560
158 46500 49320 1 2 2820
159 49440 51000 2 0 1560
160 53700 56520 1 2 2820
161 56640 58200 2 0 1560
162 60900 63720 1 2 2820
163 63840 65400 2 0 1560
164 68100 70920 1 2 2820
165 71040 72600 2 0 1560
166 75300 78120 1 2 2820
167 78240 79800 2 0 1560
168 32400 35400 1 3 3000
169 37140 40140 3 1 3000
170 40260 43560 1 0 3300
171 43680 45240 0 2 1560
172 46740 49740 3 1 3000
173 49860 53160 1 0 3300
174 53280 54840 0 2 1560
175 56340 59340 3 1 3000
176 59460 62760 1 0 3300
177 62880 64440 0 2 1560
178 65940 68940 3 1 3000
179 69060 72360 1 0 3300
180 72480 74040 0 2 1560
181 75540 78540 3 1 3000
182 30660 33960 1 0 3300
183 34080 35640 0 2 1560
184 36900 38460 2 0 1560
185 38580 41880 0 1 3300
186 42000 45000 1 3 3000
187 46500 48060 2 0 1560
188 48180 51480 0 1 3300
189 51600 54600 1 3 3000
190 56100 57660 2 0 1560
191 57780 61080 0 1 3300
192 61200 64200 1 3 3000
193 65700 67260 2 0 1560
194 67380 70680 0 1 3300
195 70800 73800 1 3 3000
196 75300 76860 2 0 1560
197 76980 80280 0 1 3300
198 28500 30060 2 0 1560
199 30180 33480 0 1 3300
200 33600 36600 1 3 3000
201 38340 41340 3 1 3000
202 41460 44760 1 0 3300
203 44880 46440 0 2 1560
204 47940 50940 3 1 3000
205 51060 54360 1 0 3300
206 54480 56040 0 2 1560
207 57540 60540 3 1 3000
208 60660 63960 1 0 3300
209 64080 65640 0 2 1560
210 67140 70140 3 1 3000
211 70260 73560 1 0 3300
212 73680 75240 0 2 1560
213 76740 79740 3 1 3000
214 31860 35160 1 0 3300
215 35280 36840 0 2 1560
216 38100 39660 2 0 1560
217 39780 43080 0 1 3300
218 43200 46200 1 3 3000
219 47700 49260 2 0 1560
220 49380 52680 0 1 3300
221 52800 55800 1 3 3000
222 57300 58860 2 0 1560
223 58980 62280 0 1 3300
224 62400 65400 1 3 3000
225 66900 68460 2 0 1560
226 68580 71880 0 1 3300
227 72000 75000 1 3 3000
228 76500 78060 2 0 1560
229 78180 81480 0 1 3300
230 29700 31260 2 0 1560
231 31380 34680 0 1 3300
232 34800 37800 1 3 3000
233 39540 42540 3 1 3000
234 42660 45960 1 0 3300
235 46080 47640 0 2 1560
236 49140 52140 3 1 3000
237 52260 55560 1 0 3300
238 55680 57240 0 2 1560
239 58740 61740 3 1 3000
240 61860 65160 1 0 3300
241 65280 66840 0 2 1560
242 68340 71340 3 1 3000
243 71460 74760 1 0 3300
244 74880 76440 0 2 1560
245 77940 80940 3 1 3000
246 33060 36360 1 0 3300
247 36480 38040 0 2 1560
248 39300 40860 2 0 1560
249 40980 44280 0 1 3300
250 44400 47400 1 3 3000
251 48900 50460 2 0 1560
252 50580 53880 0 1 3300
253 54000 57000 1 3 3000
254 58500 60060 2 0 1560
255 60180 63480 0 1 3300
256 63600 66600 1 3 3000
257 68100 69660 2 0 1560
258 69780 73080 0 1 3300
259 73200 76200 1 3 3000
260 77700 79260 2 0 1560
261 79380 82680 0 1 3300
262 30900 32460 2 0 1560
263 32580 35880 0 1 3300
264 36000 39000 1 3 3000
265 40740 43740 3 1 3000
266 43860 47160 1 0 3300
267 47280 48840 0 2 1560
268 50340 53340 3 1 3000
269 53460 56760 1 0 3300
270 56880 58440 0 2 1560
271 59940 62940 3 1 3000
272 63060 66360 1 0 3300
273 66480 68040 0 2 1560
274 69540 72540 3 1 3000
275 72660 75960 1 0 3300
276 76080 77640 0 2 1560
277 79140 82140 3 1 3000
278 34260 37560 1 0 3300
279 37680 39240 0 2 1560
280 40500 42060 2 0 1560
281 42180 45480 0 1 3300
282 45600 48600 1 3 3000
283 50100 51660 2 0 1560
284 51780 55080 0 1 3300
285 55200 58200 1 3 3000
286 59700 61260 2 0 1560
287 61380 64680 0 1 3300
288 64800 67800 1 3 3000
289 69300 70860 2 0 1560
290 70980 74280 0 1 3300
291 74400 77400 1 3 3000
292 78900 80460 2 0 1560
293 80580 83880 0 1 3300
294 34200 35760 0 2 1560
295 35880 38700 2 1 2820
296 39300 42120 1 2 2820
297 42240 43800 2 0 1560
298 41400 42960 0 2 1560
299 43080 45900 2 1 2820
300 46500 49320 1 2 2820
301 49440 51000 2 0 1560
302 48600 50160 0 2 1560
303 50280 53100 2 1 2820
304 53700 56520 1 2 2820
305 56640 58200 2 0 1560
306 55800 57360 0 2 1560
307 57480 60300 2 1 2820
308 60900 63720 1 2 2820
309 63840 65400 2 0 1560
310 63000 64560 0 2 1560
311 64680 67500 2 1 2820
312 68100 70920 1 2 2820
313 71040 72600 2 0 1560
314 70200 71760 0 2 1560
315 71880 74700 2 1 2820
316 75300 78120 1 2 2820
317 78240 79800 2 0 1560
318 77400 78960 0 2 1560
319 79080 81900 2 1 2820
