3 30120 32460 4 3 2340
4 32580 33600 3 2 1020
5 33720 36720 2 1 3000
6 37320 39660 4 3 2340
7 39780 40800 3 2 1020
8 40920 43920 2 1 3000
9 44520 46860 4 3 2340
10 46980 48000 3 2 1020
11 48120 51120 2 1 3000
12 51720 54060 4 3 2340
13 54180 55200 3 2 1020
14 55320 58320 2 1 3000
15 58920 61260 4 3 2340
16 61380 62400 3 2 1020
17 62520 65520 2 1 3000
18 66120 68460 4 3 2340
19 68580 69600 3 2 1020
20 69720 72720 2 1 3000
21 73320 75660 4 3 2340
22 75780 76800 3 2 1020
26 25200 27960 0 1 2760
27 29760 32520 1 0 2760
28 32640 33660 0 7 1020
29 33900 35760 7 6 1860
30 36960 39720 1 0 2760
31 39840 40860 0 7 1020
32 41100 42960 7 6 1860
33 44160 46920 1 0 2760
34 47040 48060 0 7 1020
35 48300 50160 7 6 1860
36 51360 54120 1 0 2760
37 54240 55260 0 7 1020
38 55500 57360 7 6 1860
39 58560 61320 1 0 2760
40 61440 62460 0 7 1020
41 62700 64560 7 6 1860
42 65760 68520 1 0 2760
43 68640 69660 0 7 1020
44 69900 71760 7 6 1860
45 72960 75720 1 0 2760
46 75840 76860 0 7 1020
47 77100 78960 7 6 1860
50 25440 26460 0 7 1020
51 27060 28080 7 0 1020
52 28200 30420 0 2 2220
53 30540 31560 2 3 1020
54 33060 34080 7 0 1020
55 34200 36420 0 2 2220
56 36540 37560 2 3 1020
57 39060 40080 7 0 1020
58 40200 42420 0 2 2220
59 42540 43560 2 3 1020
60 45060 46080 7 0 1020
61 46200 48420 0 2 2220
62 48540 49560 2 3 1020
63 51060 52080 7 0 1020
64 52200 54420 0 2 2220
65 54540 55560 2 3 1020
66 57060 58080 7 0 1020
67 58200 60420 0 2 2220
68 60540 61560 2 3 1020
69 63060 64080 7 0 1020
70 64200 66420 0 2 2220
71 66540 67560 2 3 1020
72 69060 70080 7 0 1020
73 70200 72420 0 2 2220
74 72540 73560 2 3 1020
75 75060 76080 7 0 1020
76 76200 78420 0 2 2220
81 28320 30660 3 4 2340
82 30780 32520 4 6 1740
83 32640 33840 6 5 1200
84 35520 37860 3 4 2340
85 37980 39720 4 6 1740
86 39840 41040 6 5 1200
87 42720 45060 3 4 2340
88 45180 46920 4 6 1740
89 47040 48240 6 5 1200
90 49920 52260 3 4 2340
91 52380 54120 4 6 1740
92 54240 55440 6 5 1200
93 57120 59460 3 4 2340
94 59580 61320 4 6 1740
95 61440 62640 6 5 1200
96 64320 66660 3 4 2340
97 66780 68520 4 6 1740
98 68640 69840 6 5 1200
99 71520 73860 3 4 2340
100 73980 75720 4 6 1740
101 75840 77040 6 5 1200
106 23400 25620 0 2 2220
107 25740 26760 2 3 1020
108 27960 28980 3 2 1020
109 29100 31320 2 0 2220
110 31440 32460 0 7 1020
111 33960 34980 3 2 1020
112 35100 37320 2 0 2220
113 37440 38460 0 7 1020
114 39960 40980 3 2 1020
115 41100 43320 2 0 2220
116 43440 44460 0 7 1020
117 45960 46980 3 2 1020
118 47100 49320 2 0 2220
119 49440 50460 0 7 1020
120 51960 52980 3 2 1020
121 53100 55320 2 0 2220
122 55440 56460 0 7 1020
123 57960 58980 3 2 1020
124 59100 61320 2 0 2220
125 61440 62460 0 7 1020
126 63960 64980 3 2 1020
127 65100 67320 2 0 2220
128 67440 68460 0 7 1020
129 69960 70980 3 2 1020
130 71100 73320 2 0 2220
131 73440 74460 0 7 1020
132 75960 76980 3 2 1020
133 77100 79320 2 0 2220
136 25440 26460 0 7 1020
137 26700 28560 7 6 1860
138 30840 32700 6 7 1860
139 32940 33960 7 0 1020
140 34200 36960 0 1 2760
141 38040 39900 6 7 1860
142 40140 41160 7 0 1020
143 41400 44160 0 1 2760
144 45240 47100 6 7 1860
145 47340 48360 7 0 1020
146 48600 51360 0 1 2760
147 52440 54300 6 7 1860
148 54540 55560 7 0 1020
149 55800 58560 0 1 2760
150 59640 61500 6 7 1860
151 61740 62760 7 0 1020
152 63000 65760 0 1 2760
153 66840 68700 6 7 1860
154 68940 69960 7 0 1020
155 70200 72960 0 1 2760
156 74040 75900 6 7 1860
157 76140 77160 7 0 1020
160 24420 26100 0 6 1680
161 26220 27420 6 5 1200
162 27540 29340 5 8 1800
163 30180 31980 8 5 1800
164 32100 33300 5 6 1200
165 33420 35100 6 0 1680
166 35220 36780 0 4 1560
167 37380 39180 8 5 1800
168 39300 40500 5 6 1200
169 40620 42300 6 0 1680
170 42420 43980 0 4 1560
171 44580 46380 8 5 1800
172 46500 47700 5 6 1200
173 47820 49500 6 0 1680
174 49620 51180 0 4 1560
175 51780 53580 8 5 1800
176 53700 54900 5 6 1200
177 55020 56700 6 0 1680
178 56820 58380 0 4 1560
179 58980 60780 8 5 1800
180 60900 62100 5 6 1200
181 62220 63900 6 0 1680
182 64020 65580 0 4 1560
183 66180 67980 8 5 1800
184 68100 69300 5 6 1200
185 69420 71100 6 0 1680
186 71220 72780 0 4 1560
187 73380 75180 8 5 1800
188 75300 76500 5 6 1200
189 76620 78300 6 0 1680
193 26520 29520 2 1 3000
194 32400 35400 1 2 3000
195 35520 36540 2 3 1020
196 36660 39000 3 4 2340
197 39600 42600 1 2 3000
198 42720 43740 2 3 1020
199 43860 46200 3 4 2340
200 46800 49800 1 2 3000
201 49920 50940 2 3 1020
202 51060 53400 3 4 2340
203 54000 57000 1 2 3000
204 57120 58140 2 3 1020
205 58260 60600 3 4 2340
206 61200 64200 1 2 3000
207 64320 65340 2 3 1020
208 65460 67800 3 4 2340
209 68400 71400 1 2 3000
210 71520 72540 2 3 1020
211 72660 75000 3 4 2340
212 75600 78600 1 2 3000
217 27240 28440 6 5 1200
218 29280 30480 5 6 1200
219 30600 32340 6 4 1740
220 32460 34800 4 3 2340
221 36480 37680 5 6 1200
222 37800 39540 6 4 1740
223 39660 42000 4 3 2340
224 43680 44880 5 6 1200
225 45000 46740 6 4 1740
226 46860 49200 4 3 2340
227 50880 52080 5 6 1200
228 52200 53940 6 4 1740
229 54060 56400 4 3 2340
230 58080 59280 5 6 1200
231 59400 61140 6 4 1740
232 61260 63600 4 3 2340
233 65280 66480 5 6 1200
234 66600 68340 6 4 1740
235 68460 70800 4 3 2340
236 72480 73680 5 6 1200
237 73800 75540 6 4 1740
242 28020 29580 0 4 1560
243 31740 33300 4 0 1560
244 33420 35100 0 6 1680
245 35220 36420 6 5 1200
246 36540 38340 5 8 1800
247 38940 40500 4 0 1560
248 40620 42300 0 6 1680
249 42420 43620 6 5 1200
250 43740 45540 5 8 1800
251 46140 47700 4 0 1560
252 47820 49500 0 6 1680
253 49620 50820 6 5 1200
254 50940 52740 5 8 1800
255 53340 54900 4 0 1560
256 55020 56700 0 6 1680
257 56820 58020 6 5 1200
258 58140 59940 5 8 1800
259 60540 62100 4 0 1560
260 62220 63900 0 6 1680
261 64020 65220 6 5 1200
262 65340 67140 5 8 1800
263 67740 69300 4 0 1560
264 69420 71100 0 6 1680
265 71220 72420 6 5 1200
266 72540 74340 5 8 1800
267 74940 76500 4 0 1560
268 76620 78300 0 6 1680
269 78420 79620 6 5 1200
273 26640 27660 0 7 1020
274 28260 29280 7 0 1020
275 29400 31620 0 2 2220
276 31740 32760 2 3 1020
277 34260 35280 7 0 1020
278 35400 37620 0 2 2220
279 37740 38760 2 3 1020
280 40260 41280 7 0 1020
281 41400 43620 0 2 2220
282 43740 44760 2 3 1020
283 46260 47280 7 0 1020
284 47400 49620 0 2 2220
285 49740 50760 2 3 1020
286 52260 53280 7 0 1020
287 53400 55620 0 2 2220
288 55740 56760 2 3 1020
289 58260 59280 7 0 1020
290 59400 61620 0 2 2220
291 61740 62760 2 3 1020
292 64260 65280 7 0 1020
293 65400 67620 0 2 2220
294 67740 68760 2 3 1020
295 70260 71280 7 0 1020
296 71400 73620 0 2 2220
297 73740 74760 2 3 1020
298 76260 77280 7 0 1020
302 24600 26820 0 2 2220
303 26940 27960 2 3 1020
304 29160 30180 3 2 1020
305 30300 32520 2 0 2220
306 32640 33660 0 7 1020
307 35160 36180 3 2 1020
308 36300 38520 2 0 2220
309 38640 39660 0 7 1020
310 41160 42180 3 2 1020
311 42300 44520 2 0 2220
312 44640 45660 0 7 1020
313 47160 48180 3 2 1020
314 48300 50520 2 0 2220
315 50640 51660 0 7 1020
316 53160 54180 3 2 1020
317 54300 56520 2 0 2220
318 56640 57660 0 7 1020
319 59160 60180 3 2 1020
320 60300 62520 2 0 2220
321 62640 63660 0 7 1020
322 65160 66180 3 2 1020
323 66300 68520 2 0 2220
324 68640 69660 0 7 1020
325 71160 72180 3 2 1020
326 72300 74520 2 0 2220
327 74640 75660 0 7 1020
328 77160 78180 3 2 1020
329 78300 80520 2 0 2220
333 27000 29760 0 1 2760
334 31560 34320 1 0 2760
335 34440 35460 0 7 1020
336 35700 37560 7 6 1860
337 38760 41520 1 0 2760
338 41640 42660 0 7 1020
339 42900 44760 7 6 1860
340 45960 48720 1 0 2760
341 48840 49860 0 7 1020
342 50100 51960 7 6 1860
343 53160 55920 1 0 2760
344 56040 57060 0 7 1020
345 57300 59160 7 6 1860
346 60360 63120 1 0 2760
347 63240 64260 0 7 1020
348 64500 66360 7 6 1860
349 67560 70320 1 0 2760
350 70440 71460 0 7 1020
351 71700 73560 7 6 1860
352 74760 77520 1 0 2760
353 77640 78660 0 7 1020
354 78900 80760 7 6 1860
358 30120 32460 3 4 2340
359 32580 34320 4 6 1740
360 34440 35640 6 5 1200
361 37320 39660 3 4 2340
362 39780 41520 4 6 1740
363 41640 42840 6 5 1200
364 44520 46860 3 4 2340
365 46980 48720 4 6 1740
366 48840 50040 6 5 1200
367 51720 54060 3 4 2340
368 54180 55920 4 6 1740
369 56040 57240 6 5 1200
370 58920 61260 3 4 2340
371 61380 63120 4 6 1740
372 63240 64440 6 5 1200
373 66120 68460 3 4 2340
374 68580 70320 4 6 1740
375 70440 71640 6 5 1200
376 73320 75660 3 4 2340
377 75780 77520 4 6 1740
378 77640 78840 6 5 1200
381 27840 28860 0 7 1020
382 29460 30480 7 0 1020
383 30600 32820 0 2 2220
384 32940 33960 2 3 1020
385 35460 36480 7 0 1020
386 36600 38820 0 2 2220
387 38940 39960 2 3 1020
388 41460 42480 7 0 1020
389 42600 44820 0 2 2220
390 44940 45960 2 3 1020
391 47460 48480 7 0 1020
392 48600 50820 0 2 2220
393 50940 51960 2 3 1020
394 53460 54480 7 0 1020
395 54600 56820 0 2 2220
396 56940 57960 2 3 1020
397 59460 60480 7 0 1020
398 60600 62820 0 2 2220
399 62940 63960 2 3 1020
400 65460 66480 7 0 1020
401 66600 68820 0 2 2220
402 68940 69960 2 3 1020
403 71460 72480 7 0 1020
404 72600 74820 0 2 2220
405 74940 75960 2 3 1020
406 77460 78480 7 0 1020
410 27240 28260 0 7 1020
411 28500 30360 7 6 1860
412 32640 34500 6 7 1860
413 34740 35760 7 0 1020
414 36000 38760 0 1 2760
415 39840 41700 6 7 1860
416 41940 42960 7 0 1020
417 43200 45960 0 1 2760
418 47040 48900 6 7 1860
419 49140 50160 7 0 1020
420 50400 53160 0 1 2760
421 54240 56100 6 7 1860
422 56340 57360 7 0 1020
423 57600 60360 0 1 2760
424 61440 63300 6 7 1860
425 63540 64560 7 0 1020
426 64800 67560 0 1 2760
427 68640 70500 6 7 1860
428 70740 71760 7 0 1020
429 72000 74760 0 1 2760
430 75840 77700 6 7 1860
431 77940 78960 7 0 1020
434 26220 27900 0 6 1680
435 28020 29220 6 5 1200
436 29340 31140 5 8 1800
437 31980 33780 8 5 1800
438 33900 35100 5 6 1200
439 35220 36900 6 0 1680
440 37020 38580 0 4 1560
441 39180 40980 8 5 1800
442 41100 42300 5 6 1200
443 42420 44100 6 0 1680
444 44220 45780 0 4 1560
445 46380 48180 8 5 1800
446 48300 49500 5 6 1200
447 49620 51300 6 0 1680
448 51420 52980 0 4 1560
449 53580 55380 8 5 1800
450 55500 56700 5 6 1200
451 56820 58500 6 0 1680
452 58620 60180 0 4 1560
453 60780 62580 8 5 1800
454 62700 63900 5 6 1200
455 64020 65700 6 0 1680
456 65820 67380 0 4 1560
457 67980 69780 8 5 1800
458 69900 71100 5 6 1200
459 71220 72900 6 0 1680
460 73020 74580 0 4 1560
461 75180 76980 8 5 1800
462 77100 78300 5 6 1200
463 78420 80100 6 0 1680
466 25800 28020 0 2 2220
467 28140 29160 2 3 1020
468 30360 31380 3 2 1020
469 31500 33720 2 0 2220
470 33840 34860 0 7 1020
471 36360 37380 3 2 1020
472 37500 39720 2 0 2220
473 39840 40860 0 7 1020
474 42360 43380 3 2 1020
475 43500 45720 2 0 2220
476 45840 46860 0 7 1020
477 48360 49380 3 2 1020
478 49500 51720 2 0 2220
479 51840 52860 0 7 1020
480 54360 55380 3 2 1020
481 55500 57720 2 0 2220
482 57840 58860 0 7 1020
483 60360 61380 3 2 1020
484 61500 63720 2 0 2220
485 63840 64860 0 7 1020
486 66360 67380 3 2 1020
487 67500 69720 2 0 2220
488 69840 70860 0 7 1020
489 72360 73380 3 2 1020
490 73500 75720 2 0 2220
491 75840 76860 0 7 1020
492 78360 79380 3 2 1020
493 79500 81720 2 0 2220
497 29040 30240 6 5 1200
498 31080 32280 5 6 1200
499 32400 34140 6 4 1740
500 34260 36600 4 3 2340
501 38280 39480 5 6 1200
502 39600 41340 6 4 1740
503 41460 43800 4 3 2340
504 45480 46680 5 6 1200
505 46800 48540 6 4 1740
506 48660 51000 4 3 2340
507 52680 53880 5 6 1200
508 54000 55740 6 4 1740
509 55860 58200 4 3 2340
510 59880 61080 5 6 1200
511 61200 62940 6 4 1740
512 63060 65400 4 3 2340
513 67080 68280 5 6 1200
514 68400 70140 6 4 1740
515 70260 72600 4 3 2340
516 74280 75480 5 6 1200
517 75600 77340 6 4 1740
521 28020 29700 6 0 1680
522 29820 31380 0 4 1560
523 33540 35100 4 0 1560
524 35220 36900 0 6 1680
525 37020 38220 6 5 1200
526 38340 40140 5 8 1800
527 40740 42300 4 0 1560
528 42420 44100 0 6 1680
529 44220 45420 6 5 1200
530 45540 47340 5 8 1800
531 47940 49500 4 0 1560
532 49620 51300 0 6 1680
533 51420 52620 6 5 1200
534 52740 54540 5 8 1800
535 55140 56700 4 0 1560
536 56820 58500 0 6 1680
537 58620 59820 6 5 1200
538 59940 61740 5 8 1800
539 62340 63900 4 0 1560
540 64020 65700 0 6 1680
541 65820 67020 6 5 1200
542 67140 68940 5 8 1800
543 69540 71100 4 0 1560
544 71220 72900 0 6 1680
545 73020 74220 6 5 1200
546 74340 76140 5 8 1800
547 76740 78300 4 0 1560
548 78420 80100 0 6 1680
552 28320 29340 2 3 1020
553 29460 31800 3 4 2340
554 33720 36060 4 3 2340
555 36180 37200 3 2 1020
556 37320 40320 2 1 3000
557 40920 43260 4 3 2340
558 43380 44400 3 2 1020
559 44520 47520 2 1 3000
560 48120 50460 4 3 2340
561 50580 51600 3 2 1020
562 51720 54720 2 1 3000
563 55320 57660 4 3 2340
564 57780 58800 3 2 1020
565 58920 61920 2 1 3000
566 62520 64860 4 3 2340
567 64980 66000 3 2 1020
568 66120 69120 2 1 3000
569 69720 72060 4 3 2340
570 72180 73200 3 2 1020
571 73320 76320 2 1 3000
576 27540 28560 7 0 1020
577 28800 31560 0 1 2760
578 33360 36120 1 0 2760
579 36240 37260 0 7 1020
580 37500 39360 7 6 1860
581 40560 43320 1 0 2760
582 43440 44460 0 7 1020
583 44700 46560 7 6 1860
584 47760 50520 1 0 2760
585 50640 51660 0 7 1020
586 51900 53760 7 6 1860
587 54960 57720 1 0 2760
588 57840 58860 0 7 1020
589 59100 60960 7 6 1860
590 62160 64920 1 0 2760
591 65040 66060 0 7 1020
592 66300 68160 7 6 1860
593 69360 72120 1 0 2760
594 72240 73260 0 7 1020
595 73500 75360 7 6 1860
596 76560 79320 1 0 2760
600 26700 28920 2 0 2220
601 29040 30060 0 7 1020
602 30660 31680 7 0 1020
603 31800 34020 0 2 2220
604 34140 35160 2 3 1020
605 36660 37680 7 0 1020
606 37800 40020 0 2 2220
607 40140 41160 2 3 1020
608 42660 43680 7 0 1020
609 43800 46020 0 2 2220
610 46140 47160 2 3 1020
611 48660 49680 7 0 1020
612 49800 52020 0 2 2220
613 52140 53160 2 3 1020
614 54660 55680 7 0 1020
615 55800 58020 0 2 2220
616 58140 59160 2 3 1020
617 60660 61680 7 0 1020
618 61800 64020 0 2 2220
619 64140 65160 2 3 1020
620 66660 67680 7 0 1020
621 67800 70020 0 2 2220
622 70140 71160 2 3 1020
623 72660 73680 7 0 1020
624 73800 76020 0 2 2220
625 76140 77160 2 3 1020
626 78660 79680 7 0 1020
630 27000 28740 6 4 1740
631 28860 31200 4 3 2340
632 31920 34260 3 4 2340
633 34380 36120 4 6 1740
634 36240 37440 6 5 1200
635 39120 41460 3 4 2340
636 41580 43320 4 6 1740
637 43440 44640 6 5 1200
638 46320 48660 3 4 2340
639 48780 50520 4 6 1740
640 50640 51840 6 5 1200
641 53520 55860 3 4 2340
642 55980 57720 4 6 1740
643 57840 59040 6 5 1200
644 60720 63060 3 4 2340
645 63180 64920 4 6 1740
646 65040 66240 6 5 1200
647 67920 70260 3 4 2340
648 70380 72120 4 6 1740
649 72240 73440 6 5 1200
650 75120 77460 3 4 2340
651 77580 79320 4 6 1740
654 27000 29220 0 2 2220
655 29340 30360 2 3 1020
656 31560 32580 3 2 1020
657 32700 34920 2 0 2220
658 35040 36060 0 7 1020
659 37560 38580 3 2 1020
660 38700 40920 2 0 2220
661 41040 42060 0 7 1020
662 43560 44580 3 2 1020
663 44700 46920 2 0 2220
664 47040 48060 0 7 1020
665 49560 50580 3 2 1020
666 50700 52920 2 0 2220
667 53040 54060 0 7 1020
668 55560 56580 3 2 1020
669 56700 58920 2 0 2220
670 59040 60060 0 7 1020
671 61560 62580 3 2 1020
672 62700 64920 2 0 2220
673 65040 66060 0 7 1020
674 67560 68580 3 2 1020
675 68700 70920 2 0 2220
676 71040 72060 0 7 1020
677 73560 74580 3 2 1020
678 74700 76920 2 0 2220
679 77040 78060 0 7 1020
681 29040 30060 0 7 1020
682 30300 32160 7 6 1860
683 34440 36300 6 7 1860
684 36540 37560 7 0 1020
685 37800 40560 0 1 2760
686 41640 43500 6 7 1860
687 43740 44760 7 0 1020
688 45000 47760 0 1 2760
689 48840 50700 6 7 1860
690 50940 51960 7 0 1020
691 52200 54960 0 1 2760
692 56040 57900 6 7 1860
693 58140 59160 7 0 1020
694 59400 62160 0 1 2760
695 63240 65100 6 7 1860
696 65340 66360 7 0 1020
697 66600 69360 0 1 2760
698 70440 72300 6 7 1860
699 72540 73560 7 0 1020
700 73800 76560 0 1 2760
701 77640 79500 6 7 1860
702 79740 80760 7 0 1020
705 28020 29700 0 6 1680
706 29820 31020 6 5 1200
707 31140 32940 5 8 1800
708 33780 35580 8 5 1800
709 35700 36900 5 6 1200
710 37020 38700 6 0 1680
711 38820 40380 0 4 1560
712 40980 42780 8 5 1800
713 42900 44100 5 6 1200
714 44220 45900 6 0 1680
715 46020 47580 0 4 1560
716 48180 49980 8 5 1800
717 50100 51300 5 6 1200
718 51420 53100 6 0 1680
719 53220 54780 0 4 1560
720 55380 57180 8 5 1800
721 57300 58500 5 6 1200
722 58620 60300 6 0 1680
723 60420 61980 0 4 1560
724 62580 64380 8 5 1800
725 64500 65700 5 6 1200
726 65820 67500 6 0 1680
727 67620 69180 0 4 1560
728 69780 71580 8 5 1800
729 71700 72900 5 6 1200
730 73020 74700 6 0 1680
731 74820 76380 0 4 1560
732 76980 78780 8 5 1800
733 78900 80100 5 6 1200
734 80220 81900 6 0 1680
737 28980 30000 3 2 1020
738 30120 33120 2 1 3000
739 36000 39000 1 2 3000
740 39120 40140 2 3 1020
741 40260 42600 3 4 2340
742 43200 46200 1 2 3000
743 46320 47340 2 3 1020
744 47460 49800 3 4 2340
745 50400 53400 1 2 3000
746 53520 54540 2 3 1020
747 54660 57000 3 4 2340
748 57600 60600 1 2 3000
749 60720 61740 2 3 1020
750 61860 64200 3 4 2340
751 64800 67800 1 2 3000
752 67920 68940 2 3 1020
753 69060 71400 3 4 2340
754 72000 75000 1 2 3000
755 75120 76140 2 3 1020
756 76260 78600 3 4 2340
762 30840 32040 6 5 1200
763 32880 34080 5 6 1200
764 34200 35940 6 4 1740
765 36060 38400 4 3 2340
766 40080 41280 5 6 1200
767 41400 43140 6 4 1740
768 43260 45600 4 3 2340
769 47280 48480 5 6 1200
770 48600 50340 6 4 1740
771 50460 52800 4 3 2340
772 54480 55680 5 6 1200
773 55800 57540 6 4 1740
774 57660 60000 4 3 2340
775 61680 62880 5 6 1200
776 63000 64740 6 4 1740
777 64860 67200 4 3 2340
778 68880 70080 5 6 1200
779 70200 71940 6 4 1740
780 72060 74400 4 3 2340
781 76080 77280 5 6 1200
785 28500 29700 5 6 1200
786 29820 31500 6 0 1680
787 31620 33180 0 4 1560
788 35340 36900 4 0 1560
789 37020 38700 0 6 1680
790 38820 40020 6 5 1200
791 40140 41940 5 8 1800
792 42540 44100 4 0 1560
793 44220 45900 0 6 1680
794 46020 47220 6 5 1200
795 47340 49140 5 8 1800
796 49740 51300 4 0 1560
797 51420 53100 0 6 1680
798 53220 54420 6 5 1200
799 54540 56340 5 8 1800
800 56940 58500 4 0 1560
801 58620 60300 0 6 1680
802 60420 61620 6 5 1200
803 61740 63540 5 8 1800
804 64140 65700 4 0 1560
805 65820 67500 0 6 1680
806 67620 68820 6 5 1200
807 68940 70740 5 8 1800
808 71340 72900 4 0 1560
809 73020 74700 0 6 1680
810 74820 76020 6 5 1200
811 76140 77940 5 8 1800
812 78540 80100 4 0 1560
817 27900 30120 2 0 2220
818 30240 31260 0 7 1020
819 31860 32880 7 0 1020
820 33000 35220 0 2 2220
821 35340 36360 2 3 1020
822 37860 38880 7 0 1020
823 39000 41220 0 2 2220
824 41340 42360 2 3 1020
825 43860 44880 7 0 1020
826 45000 47220 0 2 2220
827 47340 48360 2 3 1020
828 49860 50880 7 0 1020
829 51000 53220 0 2 2220
830 53340 54360 2 3 1020
831 55860 56880 7 0 1020
832 57000 59220 0 2 2220
833 59340 60360 2 3 1020
834 61860 62880 7 0 1020
835 63000 65220 0 2 2220
836 65340 66360 2 3 1020
837 67860 68880 7 0 1020
838 69000 71220 0 2 2220
839 71340 72360 2 3 1020
840 73860 74880 7 0 1020
841 75000 77220 0 2 2220
843 27240 29100 6 7 1860
844 29340 30360 7 0 1020
845 30600 33360 0 1 2760
846 35160 37920 1 0 2760
847 38040 39060 0 7 1020
848 39300 41160 7 6 1860
849 42360 45120 1 0 2760
850 45240 46260 0 7 1020
851 46500 48360 7 6 1860
852 49560 52320 1 0 2760
853 52440 53460 0 7 1020
854 53700 55560 7 6 1860
855 56760 59520 1 0 2760
856 59640 60660 0 7 1020
857 60900 62760 7 6 1860
858 63960 66720 1 0 2760
859 66840 67860 0 7 1020
860 68100 69960 7 6 1860
861 71160 73920 1 0 2760
862 74040 75060 0 7 1020
863 75300 77160 7 6 1860
864 78360 81120 1 0 2760
868 28800 30540 6 4 1740
869 30660 33000 4 3 2340
870 33720 36060 3 4 2340
871 36180 37920 4 6 1740
872 38040 39240 6 5 1200
873 40920 43260 3 4 2340
874 43380 45120 4 6 1740
875 45240 46440 6 5 1200
876 48120 50460 3 4 2340
877 50580 52320 4 6 1740
878 52440 53640 6 5 1200
879 55320 57660 3 4 2340
880 57780 59520 4 6 1740
881 59640 60840 6 5 1200
882 62520 64860 3 4 2340
883 64980 66720 4 6 1740
884 66840 68040 6 5 1200
885 69720 72060 3 4 2340
886 72180 73920 4 6 1740
887 74040 75240 6 5 1200
888 76920 79260 3 4 2340
889 79380 81120 4 6 1740
892 30840 31860 0 7 1020
893 32100 33960 7 6 1860
894 36240 38100 6 7 1860
895 38340 39360 7 0 1020
896 39600 42360 0 1 2760
897 43440 45300 6 7 1860
898 45540 46560 7 0 1020
899 46800 49560 0 1 2760
900 50640 52500 6 7 1860
901 52740 53760 7 0 1020
902 54000 56760 0 1 2760
903 57840 59700 6 7 1860
904 59940 60960 7 0 1020
905 61200 63960 0 1 2760
906 65040 66900 6 7 1860
907 67140 68160 7 0 1020
908 68400 71160 0 1 2760
909 72240 74100 6 7 1860
910 74340 75360 7 0 1020
913 29820 31500 0 6 1680
914 31620 32820 6 5 1200
915 32940 34740 5 8 1800
916 35580 37380 8 5 1800
917 37500 38700 5 6 1200
918 38820 40500 6 0 1680
919 40620 42180 0 4 1560
920 42780 44580 8 5 1800
921 44700 45900 5 6 1200
922 46020 47700 6 0 1680
923 47820 49380 0 4 1560
924 49980 51780 8 5 1800
925 51900 53100 5 6 1200
926 53220 54900 6 0 1680
927 55020 56580 0 4 1560
928 57180 58980 8 5 1800
929 59100 60300 5 6 1200
930 60420 62100 6 0 1680
931 62220 63780 0 4 1560
932 64380 66180 8 5 1800
933 66300 67500 5 6 1200
934 67620 69300 6 0 1680
935 69420 70980 0 4 1560
936 71580 73380 8 5 1800
937 73500 74700 5 6 1200
938 74820 76500 6 0 1680
939 76620 78180 0 4 1560
940 78780 80580 8 5 1800
941 80700 81900 5 6 1200
942 82020 83700 6 0 1680
945 30300 31500 5 6 1200
946 31620 33300 6 0 1680
947 33420 34980 0 4 1560
948 37140 38700 4 0 1560
949 38820 40500 0 6 1680
950 40620 41820 6 5 1200
951 41940 43740 5 8 1800
952 44340 45900 4 0 1560
953 46020 47700 0 6 1680
954 47820 49020 6 5 1200
955 49140 50940 5 8 1800
956 51540 53100 4 0 1560
957 53220 54900 0 6 1680
958 55020 56220 6 5 1200
959 56340 58140 5 8 1800
960 58740 60300 4 0 1560
961 60420 62100 0 6 1680
962 62220 63420 6 5 1200
963 63540 65340 5 8 1800
964 65940 67500 4 0 1560
965 67620 69300 0 6 1680
966 69420 70620 6 5 1200
967 70740 72540 5 8 1800
968 73140 74700 4 0 1560
969 74820 76500 0 6 1680
970 76620 77820 6 5 1200
972 28800 31800 1 2 3000
973 31920 32940 2 3 1020
974 33060 35400 3 4 2340
975 37320 39660 4 3 2340
976 39780 40800 3 2 1020
977 40920 43920 2 1 3000
978 29040 30900 6 7 1860
979 31140 32160 7 0 1020
980 32400 35160 0 1 2760
981 36960 39720 1 0 2760
982 39840 40860 0 7 1020
983 41100 42960 7 6 1860
984 29940 31500 4 0 1560
985 31620 33300 0 6 1680
986 33420 34620 6 5 1200
987 34740 36540 5 8 1800
988 37380 39180 8 5 1800
989 39300 40500 5 6 1200
990 40620 42300 6 0 1680
991 42420 43980 0 4 1560
992 32760 33780 3 2 1020
993 33900 36120 2 0 2220
994 36240 37260 0 7 1020
995 37860 38880 7 0 1020
996 39000 41220 0 2 2220
997 41340 42360 2 3 1020
998 34680 35880 5 6 1200
999 36000 37740 6 4 1740
1000 37860 40200 4 3 2340
1001 40920 43260 3 4 2340
1002 43380 45120 4 6 1740
1003 45240 46440 6 5 1200
1004 38760 39780 3 2 1020
1005 39900 42120 2 0 2220
1006 42240 43260 0 7 1020
1007 43860 44880 7 0 1020
1008 45000 47220 0 2 2220
1009 47340 48360 2 3 1020
1010 41880 43080 5 6 1200
1011 43200 44940 6 4 1740
1012 45060 47400 4 3 2340
1013 48120 50460 3 4 2340
1014 50580 52320 4 6 1740
1015 52440 53640 6 5 1200
1016 44760 45780 3 2 1020
1017 45900 48120 2 0 2220
1018 48240 49260 0 7 1020
1019 49860 50880 7 0 1020
1020 51000 53220 0 2 2220
1021 53340 54360 2 3 1020
1022 49080 50280 5 6 1200
1023 50400 52140 6 4 1740
1024 52260 54600 4 3 2340
1025 55320 57660 3 4 2340
1026 57780 59520 4 6 1740
1027 59640 60840 6 5 1200
1028 50760 51780 3 2 1020
1029 51900 54120 2 0 2220
1030 54240 55260 0 7 1020
1031 55860 56880 7 0 1020
1032 57000 59220 0 2 2220
1033 59340 60360 2 3 1020
1034 56280 57480 5 6 1200
1035 57600 59340 6 4 1740
1036 59460 61800 4 3 2340
1037 62520 64860 3 4 2340
1038 64980 66720 4 6 1740
1039 66840 68040 6 5 1200
1040 56760 57780 3 2 1020
1041 57900 60120 2 0 2220
1042 60240 61260 0 7 1020
1043 61860 62880 7 0 1020
1044 63000 65220 0 2 2220
1045 65340 66360 2 3 1020
1046 62760 63780 3 2 1020
1047 63900 66120 2 0 2220
1048 66240 67260 0 7 1020
1049 67860 68880 7 0 1020
1050 69000 71220 0 2 2220
1051 71340 72360 2 3 1020
1052 63480 64680 5 6 1200
1053 64800 66540 6 4 1740
1054 66660 69000 4 3 2340
1055 69720 72060 3 4 2340
1056 72180 73920 4 6 1740
1057 74040 75240 6 5 1200
1058 68760 69780 3 2 1020
1059 69900 72120 2 0 2220
1060 72240 73260 0 7 1020
1061 73860 74880 7 0 1020
1062 75000 77220 0 2 2220
1064 70680 71880 5 6 1200
1065 72000 73740 6 4 1740
1066 73860 76200 4 3 2340
1067 76920 79260 3 4 2340
1068 79380 81120 4 6 1740
1070 74760 75780 3 2 1020
1071 75900 78120 2 0 2220
1072 78240 79260 0 7 1020
1073 79860 80880 7 0 1020
1076 77880 79080 5 6 1200
