3 30540 32400 4 0 1860
4 33120 34740 0 4 1620
5 34980 37980 4 1 3000
6 38100 40200 1 3 2100
7 40320 43560 3 13 3240
8 47520 49140 0 4 1620
9 49380 52380 4 1 3000
10 52500 54600 1 3 2100
11 54720 57960 3 13 3240
12 61920 63540 0 4 1620
13 63780 66780 4 1 3000
14 66900 69000 1 3 2100
15 69120 72360 3 13 3240
16 76320 77940 0 4 1620
17 78180 81180 4 1 3000
24 32460 35400 14 17 2940
25 35520 36600 17 0 1080
26 37200 39420 9 14 2220
27 39660 42600 14 17 2940
28 42720 43800 17 0 1080
29 44400 46620 9 14 2220
30 46860 49800 14 17 2940
31 49920 51000 17 0 1080
32 51600 53820 9 14 2220
33 54060 57000 14 17 2940
34 57120 58200 17 0 1080
35 58800 61020 9 14 2220
36 61260 64200 14 17 2940
37 64320 65400 17 0 1080
38 66000 68220 9 14 2220
39 68460 71400 14 17 2940
40 71520 72600 17 0 1080
41 73200 75420 9 14 2220
42 75660 78600 14 17 2940
43 78720 79800 17 0 1080
47 31200 32820 4 0 1620
48 32940 34020 0 17 1080
49 34140 34860 17 2 720
50 38220 38940 2 17 720
51 39060 40140 17 0 1080
52 40260 41880 0 4 1620
53 42000 45120 4 6 3120
54 45240 48300 6 10 3060
55 48420 50880 10 12 2460
56 52620 53340 2 17 720
57 53460 54540 17 0 1080
58 54660 56280 0 4 1620
59 56400 59520 4 6 3120
60 59640 62700 6 10 3060
61 62820 65280 10 12 2460
62 67020 67740 2 17 720
63 67860 68940 17 0 1080
64 69060 70680 0 4 1620
65 70800 73920 4 6 3120
66 74040 77100 6 10 3060
72 34800 37020 14 9 2220
73 37140 39420 9 3 2280
74 42000 44220 14 9 2220
75 44340 46620 9 3 2280
76 49200 51420 14 9 2220
77 51540 53820 9 3 2280
78 56400 58620 14 9 2220
79 58740 61020 9 3 2280
80 63600 65820 14 9 2220
81 65940 68220 9 3 2280
82 70800 73020 14 9 2220
83 73140 75420 9 3 2280
89 31680 33000 7 8 1320
90 33120 36720 8 2 3600
91 36840 39480 2 14 2640
92 42480 43800 7 8 1320
93 43920 47520 8 2 3600
94 47640 50280 2 14 2640
95 53280 54600 7 8 1320
96 54720 58320 8 2 3600
97 58440 61080 2 14 2640
98 64080 65400 7 8 1320
99 65520 69120 8 2 3600
100 69240 71880 2 14 2640
101 74880 76200 7 8 1320
102 76320 79920 8 2 3600
108 30000 30900 8 15 900
109 31680 32580 15 8 900
110 32700 36300 8 2 3600
111 36420 37140 2 17 720
112 37260 38100 17 1 840
113 38220 40320 1 3 2100
114 42480 43380 15 8 900
115 43500 47100 8 2 3600
116 47220 47940 2 17 720
117 48060 48900 17 1 840
118 49020 51120 1 3 2100
119 53280 54180 15 8 900
120 54300 57900 8 2 3600
121 58020 58740 2 17 720
122 58860 59700 17 1 840
123 59820 61920 1 3 2100
124 64080 64980 15 8 900
125 65100 68700 8 2 3600
126 68820 69540 2 17 720
127 69660 70500 17 1 840
128 70620 72720 1 3 2100
129 74880 75780 15 8 900
130 75900 79500 8 2 3600
131 79620 80340 2 17 720
132 80460 81300 17 1 840
138 34440 35160 16 9 720
139 35400 37680 9 3 2280
140 41640 42360 16 9 720
141 42600 44880 9 3 2280
142 48840 49560 16 9 720
143 49800 52080 9 3 2280
144 56040 56760 16 9 720
145 57000 59280 9 3 2280
146 63240 63960 16 9 720
147 64200 66480 9 3 2280
148 70440 71160 16 9 720
149 71400 73680 9 3 2280
150 77640 78360 16 9 720
151 78600 80880 9 3 2280
157 39480 41580 3 1 2100
158 41700 44700 1 4 3000
159 44940 46800 4 0 1860
160 50520 53760 13 3 3240
161 53880 55980 3 1 2100
162 56100 59100 1 4 3000
163 59340 61200 4 0 1860
164 64920 68160 13 3 3240
165 68280 70380 3 1 2100
166 70500 73500 1 4 3000
167 73740 75600 4 0 1860
170 27540 30540 5 8 3000
171 30660 31560 8 15 900
172 32220 33120 15 8 900
173 33240 36240 8 5 3000
174 36360 38160 5 4 1800
175 38280 41400 4 6 3120
176 43020 43920 15 8 900
177 44040 47040 8 5 3000
178 47160 48960 5 4 1800
179 49080 52200 4 6 3120
180 53820 54720 15 8 900
181 54840 57840 8 5 3000
182 57960 59760 5 4 1800
183 59880 63000 4 6 3120
184 64620 65520 15 8 900
185 65640 68640 8 5 3000
186 68760 70560 5 4 1800
187 70680 73800 4 6 3120
188 75420 76320 15 8 900
189 76440 79440 8 5 3000
190 79560 81360 5 4 1800
191 81480 84600 4 6 3120
198 33720 34560 1 17 840
199 34680 35760 17 0 1080
200 37380 38100 16 9 720
201 38220 40800 9 1 2580
202 40920 41760 1 17 840
203 41880 42960 17 0 1080
204 44580 45300 16 9 720
205 45420 48000 9 1 2580
206 48120 48960 1 17 840
207 49080 50160 17 0 1080
208 51780 52500 16 9 720
209 52620 55200 9 1 2580
210 55320 56160 1 17 840
211 56280 57360 17 0 1080
212 58980 59700 16 9 720
213 59820 62400 9 1 2580
214 62520 63360 1 17 840
215 63480 64560 17 0 1080
216 66180 66900 16 9 720
217 67020 69600 9 1 2580
218 69720 70560 1 17 840
219 70680 71760 17 0 1080
220 73380 74100 16 9 720
221 74220 76800 9 1 2580
222 76920 77760 1 17 840
223 77880 78960 17 0 1080
228 34200 37200 4 1 3000
229 37320 38160 1 17 840
230 41760 44880 6 4 3120
231 45000 48000 4 1 3000
232 48120 48960 1 17 840
233 52560 55680 6 4 3120
234 55800 58800 4 1 3000
235 58920 59760 1 17 840
236 63360 66480 6 4 3120
237 66600 69600 4 1 3000
238 69720 70560 1 17 840
239 74160 77280 6 4 3120
240 77400 80400 4 1 3000
241 80520 81360 1 17 840
244 28320 29400 17 0 1080
245 30960 32040 0 17 1080
246 32160 35100 17 14 2940
247 35220 37440 14 9 2220
248 38160 39240 0 17 1080
249 39360 42300 17 14 2940
250 42420 44640 14 9 2220
251 45360 46440 0 17 1080
252 46560 49500 17 14 2940
253 49620 51840 14 9 2220
254 52560 53640 0 17 1080
255 53760 56700 17 14 2940
256 56820 59040 14 9 2220
257 59760 60840 0 17 1080
258 60960 63900 17 14 2940
259 64020 66240 14 9 2220
260 66960 68040 0 17 1080
261 68160 71100 17 14 2940
262 71220 73440 14 9 2220
263 74160 75240 0 17 1080
264 75360 78300 17 14 2940
270 29700 30780 0 17 1080
271 30900 31740 17 1 840
272 31860 34440 1 9 2580
273 34560 35280 9 16 720
274 36900 37980 0 17 1080
275 38100 38940 17 1 840
276 39060 41640 1 9 2580
277 41760 42480 9 16 720
278 44100 45180 0 17 1080
279 45300 46140 17 1 840
280 46260 48840 1 9 2580
281 48960 49680 9 16 720
282 51300 52380 0 17 1080
283 52500 53340 17 1 840
284 53460 56040 1 9 2580
285 56160 56880 9 16 720
286 58500 59580 0 17 1080
287 59700 60540 17 1 840
288 60660 63240 1 9 2580
289 63360 64080 9 16 720
290 65700 66780 0 17 1080
291 66900 67740 17 1 840
292 67860 70440 1 9 2580
293 70560 71280 9 16 720
294 72900 73980 0 17 1080
295 74100 74940 17 1 840
296 75060 77640 1 9 2580
301 32040 33840 4 5 1800
302 33960 35640 5 0 1680
303 38280 39960 0 5 1680
304 40080 41880 5 4 1800
305 42000 45120 4 6 3120
306 45240 48300 6 10 3060
307 48420 50880 10 12 2460
308 52680 54360 0 5 1680
309 54480 56280 5 4 1800
310 56400 59520 4 6 3120
311 59640 62700 6 10 3060
312 62820 65280 10 12 2460
313 67080 68760 0 5 1680
314 68880 70680 5 4 1800
315 70800 73920 4 6 3120
316 74040 77100 6 10 3060
321 32820 34440 4 0 1620
322 34560 35640 0 17 1080
323 35760 36480 17 2 720
324 38520 39240 2 17 720
325 39360 40440 17 0 1080
326 40560 42180 0 4 1620
327 42300 45420 4 6 3120
328 45660 48960 6 10 3300
329 49200 51840 10 11 2640
330 52920 53640 2 17 720
331 53760 54840 17 0 1080
332 54960 56580 0 4 1620
333 56700 59820 4 6 3120
334 60060 63360 6 10 3300
335 63600 66240 10 11 2640
336 67320 68040 2 17 720
337 68160 69240 17 0 1080
338 69360 70980 0 4 1620
339 71100 74220 4 6 3120
340 74460 77760 6 10 3300
343 24360 26040 5 0 1680
344 26160 27240 0 17 1080
345 27360 28200 17 1 840
346 28320 30900 1 9 2580
347 31140 31860 9 16 720
348 34860 35580 16 9 720
349 35700 38280 9 1 2580
350 38400 39240 1 17 840
351 39360 40440 17 0 1080
352 40560 42240 0 5 1680
353 42360 43140 5 18 780
354 45660 46380 16 9 720
355 46500 49080 9 1 2580
356 49200 50040 1 17 840
357 50160 51240 17 0 1080
358 51360 53040 0 5 1680
359 53160 53940 5 18 780
360 56460 57180 16 9 720
361 57300 59880 9 1 2580
362 60000 60840 1 17 840
363 60960 62040 17 0 1080
364 62160 63840 0 5 1680
365 63960 64740 5 18 780
366 67260 67980 16 9 720
367 68100 70680 9 1 2580
368 70800 71640 1 17 840
369 71760 72840 17 0 1080
370 72960 74640 0 5 1680
371 74760 75540 5 18 780
372 78060 78780 16 9 720
373 78900 81480 9 1 2580
374 81600 82440 1 17 840
375 82560 83640 17 0 1080
376 83760 85440 0 5 1680
381 29400 33000 2 8 3600
382 33120 34020 8 15 900
383 35520 36420 15 8 900
384 36540 40140 8 2 3600
385 40260 42900 2 14 2640
386 43020 45240 14 9 2220
387 45360 46080 9 16 720
388 49920 50820 15 8 900
389 50940 54540 8 2 3600
390 54660 57300 2 14 2640
391 57420 59640 14 9 2220
392 59760 60480 9 16 720
393 64320 65220 15 8 900
394 65340 68940 8 2 3600
395 69060 71700 2 14 2640
396 71820 74040 14 9 2220
397 74160 74880 9 16 720
398 78720 79620 15 8 900
406 31860 32580 9 16 720
407 36660 38940 3 9 2280
408 39060 39780 9 16 720
409 43860 46140 3 9 2280
410 46260 46980 9 16 720
411 51060 53340 3 9 2280
412 53460 54180 9 16 720
413 58260 60540 3 9 2280
414 60660 61380 9 16 720
415 65460 67740 3 9 2280
416 67860 68580 9 16 720
417 72660 74940 3 9 2280
418 75060 75780 9 16 720
422 28380 30060 5 0 1680
423 31260 32940 0 5 1680
424 33060 35160 5 7 2100
425 35280 36600 7 8 1320
426 36720 37620 8 15 900
427 38460 40140 0 5 1680
428 40260 42360 5 7 2100
429 42480 43800 7 8 1320
430 43920 44820 8 15 900
431 45660 47340 0 5 1680
432 47460 49560 5 7 2100
433 49680 51000 7 8 1320
434 51120 52020 8 15 900
435 52860 54540 0 5 1680
436 54660 56760 5 7 2100
437 56880 58200 7 8 1320
438 58320 59220 8 15 900
439 60060 61740 0 5 1680
440 61860 63960 5 7 2100
441 64080 65400 7 8 1320
442 65520 66420 8 15 900
443 67260 68940 0 5 1680
444 69060 71160 5 7 2100
445 71280 72600 7 8 1320
446 72720 73620 8 15 900
447 74460 76140 0 5 1680
448 76260 78360 5 7 2100
449 78480 79800 7 8 1320
450 79920 80820 8 15 900
454 31800 34020 9 14 2220
455 34260 37200 14 17 2940
456 37320 38400 17 0 1080
457 39000 41220 9 14 2220
458 41460 44400 14 17 2940
459 44520 45600 17 0 1080
460 46200 48420 9 14 2220
461 48660 51600 14 17 2940
462 51720 52800 17 0 1080
463 53400 55620 9 14 2220
464 55860 58800 14 17 2940
465 58920 60000 17 0 1080
466 60600 62820 9 14 2220
467 63060 66000 14 17 2940
468 66120 67200 17 0 1080
469 67800 70020 9 14 2220
470 70260 73200 14 17 2940
471 73320 74400 17 0 1080
472 75000 77220 9 14 2220
473 77460 80400 14 17 2940
474 80520 81600 17 0 1080
477 30120 30960 1 17 840
478 33540 34380 17 1 840
479 34500 37500 1 4 3000
480 37620 40740 4 6 3120
481 44340 45180 17 1 840
482 45300 48300 1 4 3000
483 48420 51540 4 6 3120
484 55140 55980 17 1 840
485 56100 59100 1 4 3000
486 59220 62340 4 6 3120
487 65940 66780 17 1 840
488 66900 69900 1 4 3000
489 70020 73140 4 6 3120
490 76740 77580 17 1 840
491 77700 80700 1 4 3000
492 80820 83940 4 6 3120
495 26340 28140 5 4 1800
496 28260 31380 4 6 3120
497 31500 34560 6 10 3060
498 34800 37440 10 11 2640
499 38820 41460 11 10 2640
500 41580 44640 10 6 3060
501 44760 47880 6 4 3120
502 48000 49800 4 5 1800
503 49920 50700 5 18 780
504 50820 52380 18 7 1560
505 53220 55860 11 10 2640
506 55980 59040 10 6 3060
507 59160 62280 6 4 3120
508 62400 64200 4 5 1800
509 64320 65100 5 18 780
510 65220 66780 18 7 1560
511 67620 70260 11 10 2640
512 70380 73440 10 6 3060
513 73560 76680 6 4 3120
514 76800 78600 4 5 1800
515 78720 79500 5 18 780
516 79620 81180 18 7 1560
519 28500 31260 5 17 2760
520 31380 32100 17 2 720
521 35700 38460 5 17 2760
522 38580 39300 17 2 720
523 42900 45660 5 17 2760
524 45780 46500 17 2 720
525 50100 52860 5 17 2760
526 52980 53700 17 2 720
527 57300 60060 5 17 2760
528 60180 60900 17 2 720
529 64500 67260 5 17 2760
530 67380 68100 17 2 720
531 71700 74460 5 17 2760
532 74580 75300 17 2 720
533 78900 81660 5 17 2760
534 81780 82500 17 2 720
541 40200 42660 12 10 2460
542 42780 45840 10 6 3060
543 45960 49080 6 4 3120
544 49200 50820 4 0 1620
545 50940 52020 0 17 1080
546 52140 52860 17 2 720
547 54600 57060 12 10 2460
548 57180 60240 10 6 3060
549 60360 63480 6 4 3120
550 63600 65220 4 0 1620
551 65340 66420 0 17 1080
552 66540 67260 17 2 720
553 69000 71460 12 10 2460
554 71580 74640 10 6 3060
555 74760 77880 6 4 3120
556 78000 79620 4 0 1620
557 79740 80820 0 17 1080
558 80940 81660 17 2 720
560 25680 27480 5 4 1800
561 27600 30720 4 6 3120
562 30840 33900 6 10 3060
563 34020 36480 10 12 2460
564 37440 39900 12 10 2460
565 40020 43080 10 6 3060
566 43200 46320 6 4 3120
567 46440 48240 4 5 1800
568 48360 50040 5 0 1680
569 51840 54300 12 10 2460
570 54420 57480 10 6 3060
571 57600 60720 6 4 3120
572 60840 62640 4 5 1800
573 62760 64440 5 0 1680
574 66240 68700 12 10 2460
575 68820 71880 10 6 3060
576 72000 75120 6 4 3120
577 75240 77040 4 5 1800
578 77160 78840 5 0 1680
580 24900 27660 5 17 2760
581 28260 31020 17 5 2760
582 31140 31920 5 18 780
583 35460 38220 17 5 2760
584 38340 39120 5 18 780
585 42660 45420 17 5 2760
586 45540 46320 5 18 780
587 49860 52620 17 5 2760
588 52740 53520 5 18 780
589 57060 59820 17 5 2760
590 59940 60720 5 18 780
591 64260 67020 17 5 2760
592 67140 67920 5 18 780
593 71460 74220 17 5 2760
594 74340 75120 5 18 780
595 78660 81420 17 5 2760
600 31800 34020 9 14 2220
601 36600 38880 3 9 2280
602 39000 41220 9 14 2220
603 43800 46080 3 9 2280
604 46200 48420 9 14 2220
605 51000 53280 3 9 2280
606 53400 55620 9 14 2220
607 58200 60480 3 9 2280
608 60600 62820 9 14 2220
609 65400 67680 3 9 2280
610 67800 70020 9 14 2220
611 72600 74880 3 9 2280
612 75000 77220 9 14 2220
614 25860 27960 5 7 2100
615 28080 29400 7 8 1320
616 29520 30420 8 15 900
617 34500 35400 15 8 900
618 35520 36840 8 7 1320
619 36960 39060 7 5 2100
620 39180 40860 5 0 1680
621 41700 42600 15 8 900
622 42720 44040 8 7 1320
623 44160 46260 7 5 2100
624 46380 48060 5 0 1680
625 48900 49800 15 8 900
626 49920 51240 8 7 1320
627 51360 53460 7 5 2100
628 53580 55260 5 0 1680
629 56100 57000 15 8 900
630 57120 58440 8 7 1320
631 58560 60660 7 5 2100
632 60780 62460 5 0 1680
633 63300 64200 15 8 900
634 64320 65640 8 7 1320
635 65760 67860 7 5 2100
636 67980 69660 5 0 1680
637 70500 71400 15 8 900
638 71520 72840 8 7 1320
639 72960 75060 7 5 2100
640 75180 76860 5 0 1680
641 77700 78600 15 8 900
642 78720 80040 8 7 1320
643 80160 82260 7 5 2100
644 82380 84060 5 0 1680
646 26280 29040 5 17 2760
647 31860 34620 17 5 2760
648 34740 36840 5 7 2100
649 39060 41820 17 5 2760
650 41940 44040 5 7 2100
651 46260 49020 17 5 2760
652 49140 51240 5 7 2100
653 53460 56220 17 5 2760
654 56340 58440 5 7 2100
655 60660 63420 17 5 2760
656 63540 65640 5 7 2100
657 67860 70620 17 5 2760
658 70740 72840 5 7 2100
659 75060 77820 17 5 2760
660 77940 80040 5 7 2100
664 28560 29640 17 0 1080
665 29760 31440 0 5 1680
666 31560 32340 5 18 780
667 34260 35040 18 5 780
668 35160 36840 5 0 1680
669 36960 38040 0 17 1080
670 38160 39000 17 1 840
671 39120 41700 1 9 2580
672 41940 42660 9 16 720
673 45060 45840 18 5 780
674 45960 47640 5 0 1680
675 47760 48840 0 17 1080
676 48960 49800 17 1 840
677 49920 52500 1 9 2580
678 52740 53460 9 16 720
679 55860 56640 18 5 780
680 56760 58440 5 0 1680
681 58560 59640 0 17 1080
682 59760 60600 17 1 840
683 60720 63300 1 9 2580
684 63540 64260 9 16 720
685 66660 67440 18 5 780
686 67560 69240 5 0 1680
687 69360 70440 0 17 1080
688 70560 71400 17 1 840
689 71520 74100 1 9 2580
690 74340 75060 9 16 720
691 77460 78240 18 5 780
692 78360 80040 5 0 1680
693 80160 81240 0 17 1080
694 81360 82200 17 1 840
702 34800 37440 10 11 2640
703 41280 43920 11 10 2640
704 44160 47340 10 6 3180
705 47460 50580 6 4 3120
706 50820 52440 4 0 1620
707 52560 53640 0 17 1080
708 53760 54480 17 2 720
709 55680 58320 11 10 2640
710 58560 61740 10 6 3180
711 61860 64980 6 4 3120
712 65220 66840 4 0 1620
713 66960 68040 0 17 1080
714 68160 68880 17 2 720
715 70080 72720 11 10 2640
716 72960 76140 10 6 3180
717 76260 79380 6 4 3120
718 79620 81240 4 0 1620
719 81360 82440 0 17 1080
727 38580 40860 3 9 2280
728 40980 43560 9 1 2580
729 43680 44520 1 17 840
730 44640 45360 17 2 720
731 46020 49260 13 3 3240
732 49380 51660 3 9 2280
733 51780 54360 9 1 2580
734 54480 55320 1 17 840
735 55440 56160 17 2 720
736 56820 60060 13 3 3240
737 60180 62460 3 9 2280
738 62580 65160 9 1 2580
739 65280 66120 1 17 840
740 66240 66960 17 2 720
741 67620 70860 13 3 3240
742 70980 73260 3 9 2280
743 73380 75960 9 1 2580
744 76080 76920 1 17 840
745 77040 77760 17 2 720
754 32880 33720 1 17 840
755 33840 34560 17 2 720
756 38520 39240 2 17 720
757 39360 40200 17 1 840
758 40320 42900 1 9 2580
759 43020 45300 9 3 2280
760 45420 48660 3 13 3240
761 49320 50040 2 17 720
762 50160 51000 17 1 840
763 51120 53700 1 9 2580
764 53820 56100 9 3 2280
765 56220 59460 3 13 3240
766 60120 60840 2 17 720
767 60960 61800 17 1 840
768 61920 64500 1 9 2580
769 64620 66900 9 3 2280
770 67020 70260 3 13 3240
771 70920 71640 2 17 720
772 71760 72600 17 1 840
773 72720 75300 1 9 2580
774 75420 77700 9 3 2280
779 33600 35400 4 5 1800
780 35520 36300 5 18 780
781 36420 37980 18 7 1560
782 41760 43320 7 18 1560
783 43440 44220 18 5 780
784 44340 46140 5 4 1800
785 46260 49380 4 6 3120
786 49500 52560 6 10 3060
787 52800 55440 10 11 2640
788 56160 57720 7 18 1560
789 57840 58620 18 5 780
790 58740 60540 5 4 1800
791 60660 63780 4 6 3120
792 63900 66960 6 10 3060
793 67200 69840 10 11 2640
794 70560 72120 7 18 1560
795 72240 73020 18 5 780
796 73140 74940 5 4 1800
797 75060 78180 4 6 3120
802 29640 32280 2 14 2640
803 33060 35700 14 2 2640
804 35820 39420 2 8 3600
805 39540 40860 8 7 1320
806 43860 46500 14 2 2640
807 46620 50220 2 8 3600
808 50340 51660 8 7 1320
809 54660 57300 14 2 2640
810 57420 61020 2 8 3600
811 61140 62460 8 7 1320
812 65460 68100 14 2 2640
813 68220 71820 2 8 3600
814 71940 73260 8 7 1320
815 76260 78900 14 2 2640
816 79020 82620 2 8 3600
820 29220 29940 2 17 720
821 30060 30900 17 1 840
822 31020 33120 1 3 2100
823 36660 38760 3 1 2100
824 38880 39720 1 17 840
825 39840 40560 17 2 720
826 40680 44280 2 8 3600
827 44400 45300 8 15 900
828 47460 49560 3 1 2100
829 49680 50520 1 17 840
830 50640 51360 17 2 720
831 51480 55080 2 8 3600
832 55200 56100 8 15 900
833 58260 60360 3 1 2100
834 60480 61320 1 17 840
835 61440 62160 17 2 720
836 62280 65880 2 8 3600
837 66000 66900 8 15 900
838 69060 71160 3 1 2100
839 71280 72120 1 17 840
840 72240 72960 17 2 720
841 73080 76680 2 8 3600
842 76800 77700 8 15 900
843 78480 79380 15 8 900
844 79500 83100 8 2 3600
845 83220 83940 2 17 720
855 30120 30960 1 17 840
856 31080 32160 17 0 1080
857 35940 37020 0 17 1080
858 37140 37980 17 1 840
859 38100 40200 1 3 2100
860 40320 43560 3 13 3240
861 46740 47820 0 17 1080
862 47940 48780 17 1 840
863 48900 51000 1 3 2100
864 51120 54360 3 13 3240
865 57540 58620 0 17 1080
866 58740 59580 17 1 840
867 59700 61800 1 3 2100
868 61920 65160 3 13 3240
869 68340 69420 0 17 1080
870 69540 70380 17 1 840
871 70500 72600 1 3 2100
873 79140 80220 0 17 1080
874 80340 81180 17 1 840
879 30120 31200 17 0 1080
880 32760 33840 0 17 1080
881 33960 36900 17 14 2940
882 37020 39240 14 9 2220
883 39960 41040 0 17 1080
884 41160 44100 17 14 2940
885 44220 46440 14 9 2220
886 47160 48240 0 17 1080
887 48360 51300 17 14 2940
888 51420 53640 14 9 2220
889 54360 55440 0 17 1080
890 55560 58500 17 14 2940
891 58620 60840 14 9 2220
892 61560 62640 0 17 1080
893 62760 65700 17 14 2940
894 65820 68040 14 9 2220
895 68760 69840 0 17 1080
896 69960 72900 17 14 2940
897 73020 75240 14 9 2220
898 75960 77040 0 17 1080
899 77160 80100 17 14 2940
902 27540 28320 5 18 780
903 31200 31980 18 5 780
904 32100 34860 5 17 2760
905 38400 39180 18 5 780
906 39300 42060 5 17 2760
907 45600 46380 18 5 780
908 46500 49260 5 17 2760
909 52800 53580 18 5 780
910 53700 56460 5 17 2760
911 60000 60780 18 5 780
912 60900 63660 5 17 2760
913 67200 67980 18 5 780
914 68100 70860 5 17 2760
915 74400 75180 18 5 780
916 75300 78060 5 17 2760
918 27540 29640 5 7 2100
919 31260 33360 7 5 2100
920 33480 36240 5 17 2760
921 38460 40560 7 5 2100
922 40680 43440 5 17 2760
923 45660 47760 7 5 2100
924 47880 50640 5 17 2760
925 52860 54960 7 5 2100
926 55080 57840 5 17 2760
927 60060 62160 7 5 2100
928 62280 65040 5 17 2760
929 67260 69360 7 5 2100
930 69480 72240 5 17 2760
931 74460 76560 7 5 2100
932 76680 79440 5 17 2760
935 29460 32100 2 14 2640
936 32220 34440 14 9 2220
937 34560 35280 9 16 720
938 37860 38580 16 9 720
939 38700 40920 9 14 2220
940 41040 43680 14 2 2640
941 43800 47400 2 8 3600
942 47520 48420 8 15 900
943 52260 52980 16 9 720
944 53100 55320 9 14 2220
945 55440 58080 14 2 2640
946 58200 61800 2 8 3600
947 61920 62820 8 15 900
948 66660 67380 16 9 720
949 67500 69720 9 14 2220
950 69840 72480 14 2 2640
951 72600 76200 2 8 3600
952 76320 77220 8 15 900
953 24900 27660 5 17 2760
954 27780 28500 17 2 720
955 31020 31740 2 17 720
956 31860 34620 17 5 2760
957 38220 38940 2 17 720
958 39060 41820 17 5 2760
959 45420 46140 2 17 720
960 46260 49020 17 5 2760
961 52620 53340 2 17 720
962 53460 56220 17 5 2760
963 59820 60540 2 17 720
964 60660 63420 17 5 2760
965 67020 67740 2 17 720
966 67860 70620 17 5 2760
967 74220 74940 2 17 720
968 75060 77820 17 5 2760
971 29160 30960 5 4 1800
972 31080 34200 4 6 3120
973 36780 39900 6 4 3120
974 40020 41820 4 5 1800
975 41940 44940 5 8 3000
976 45060 45960 8 15 900
977 47580 50700 6 4 3120
978 50820 52620 4 5 1800
979 52740 55740 5 8 3000
980 55860 56760 8 15 900
981 58380 61500 6 4 3120
982 61620 63420 4 5 1800
983 63540 66540 5 8 3000
984 66660 67560 8 15 900
985 69180 72300 6 4 3120
986 72420 74220 4 5 1800
987 74340 77340 5 8 3000
988 77460 78360 8 15 900
989 79020 79920 15 8 900
990 80040 83040 8 5 3000
991 83160 84960 5 4 1800
992 85080 88200 4 6 3120
993 90780 93900 6 4 3120
994 94020 95820 4 5 1800
999 30120 32220 1 3 2100
1000 35880 37980 3 1 2100
1001 38100 41100 1 4 3000
1002 41220 42840 4 0 1620
1003 46680 48780 3 1 2100
1004 48900 51900 1 4 3000
1005 52020 53640 4 0 1620
1006 57480 59580 3 1 2100
1007 59700 62700 1 4 3000
1008 62820 64440 4 0 1620
1009 68280 70380 3 1 2100
1010 70500 73500 1 4 3000
1011 73620 75240 4 0 1620
1012 79080 81180 3 1 2100
1013 81300 84300 1 4 3000
1014 84420 86040 4 0 1620
1017 30420 32040 4 0 1620
1018 35880 37500 0 4 1620
1019 37740 40740 4 1 3000
1020 40920 43020 1 3 2100
1021 46680 48300 0 4 1620
1022 48540 51540 4 1 3000
1023 51720 53820 1 3 2100
1024 57480 59100 0 4 1620
1025 59340 62340 4 1 3000
1026 62520 64620 1 3 2100
1027 68280 69900 0 4 1620
1028 70140 73140 4 1 3000
1029 73320 75420 1 3 2100
1030 79080 80700 0 4 1620
1038 38700 40800 3 1 2100
1039 40920 41760 1 17 840
1040 41880 42960 17 0 1080
1041 46140 49380 13 3 3240
1042 49500 51600 3 1 2100
1043 51720 52560 1 17 840
1044 52680 53760 17 0 1080
1045 56940 60180 13 3 3240
1046 60300 62400 3 1 2100
1047 62520 63360 1 17 840
1048 63480 64560 17 0 1080
1049 67740 70980 13 3 3240
1050 71100 73200 3 1 2100
1051 73320 74160 1 17 840
1052 74280 75360 17 0 1080
1053 78540 81780 13 3 3240
1054 81900 84000 3 1 2100
1055 84120 84960 1 17 840
1056 85080 86160 17 0 1080
1059 30900 33900 1 4 3000
1060 34140 36000 4 0 1860
1061 36720 38340 0 4 1620
1062 38580 41580 4 1 3000
1063 41700 43800 1 3 2100
1064 43920 47160 3 13 3240
1065 51120 52740 0 4 1620
1066 52980 55980 4 1 3000
1067 56100 58200 1 3 2100
1068 58320 61560 3 13 3240
1069 65520 67140 0 4 1620
1070 67380 70380 4 1 3000
1071 70500 72600 1 3 2100
1076 33600 35820 9 14 2220
1077 36060 39000 14 17 2940
1078 39120 40200 17 0 1080
1079 40800 43020 9 14 2220
1080 43260 46200 14 17 2940
1081 46320 47400 17 0 1080
1082 48000 50220 9 14 2220
1083 50460 53400 14 17 2940
1084 53520 54600 17 0 1080
1085 55200 57420 9 14 2220
1086 57660 60600 14 17 2940
1087 60720 61800 17 0 1080
1088 62400 64620 9 14 2220
1089 64860 67800 14 17 2940
1090 67920 69000 17 0 1080
1091 69600 71820 9 14 2220
1092 72060 75000 14 17 2940
1093 75120 76200 17 0 1080
1094 76800 79020 9 14 2220
1095 79260 82200 14 17 2940
1096 82320 83400 17 0 1080
1099 31560 34680 6 4 3120
1100 34800 36420 4 0 1620
1101 36540 37620 0 17 1080
1102 37740 38460 17 2 720
1103 41820 42540 2 17 720
1104 42660 43740 17 0 1080
1105 43860 45480 0 4 1620
1106 45600 48720 4 6 3120
1107 48840 51900 6 10 3060
1108 52020 54480 10 12 2460
1109 56220 56940 2 17 720
1110 57060 58140 17 0 1080
1111 58260 59880 0 4 1620
1112 60000 63120 4 6 3120
1113 63240 66300 6 10 3060
1114 66420 68880 10 12 2460
1115 70620 71340 2 17 720
1116 71460 72540 17 0 1080
1117 72660 74280 0 4 1620
1118 74400 77520 4 6 3120
1124 33540 35820 9 3 2280
1125 38400 40620 14 9 2220
1126 40740 43020 9 3 2280
1127 45600 47820 14 9 2220
1128 47940 50220 9 3 2280
1129 52800 55020 14 9 2220
1130 55140 57420 9 3 2280
1131 60000 62220 14 9 2220
1132 62340 64620 9 3 2280
1133 67200 69420 14 9 2220
1134 69540 71820 9 3 2280
1135 74400 76620 14 9 2220
1136 76740 79020 9 3 2280
1139 32340 33660 8 7 1320
1140 35280 36600 7 8 1320
1141 36720 40320 8 2 3600
1142 40440 43080 2 14 2640
1143 46080 47400 7 8 1320
1144 47520 51120 8 2 3600
1145 51240 53880 2 14 2640
1146 56880 58200 7 8 1320
1147 58320 61920 8 2 3600
1148 62040 64680 2 14 2640
1149 67680 69000 7 8 1320
1150 69120 72720 8 2 3600
1151 72840 75480 2 14 2640
1152 78480 79800 7 8 1320
1157 29040 29760 17 2 720
1158 29880 33480 2 8 3600
1159 33600 34500 8 15 900
1160 35280 36180 15 8 900
1161 36300 39900 8 2 3600
1162 40020 40740 2 17 720
1163 40860 41700 17 1 840
1164 41820 43920 1 3 2100
1165 46080 46980 15 8 900
1166 47100 50700 8 2 3600
1167 50820 51540 2 17 720
1168 51660 52500 17 1 840
1169 52620 54720 1 3 2100
1170 56880 57780 15 8 900
1171 57900 61500 8 2 3600
1172 61620 62340 2 17 720
1173 62460 63300 17 1 840
1174 63420 65520 1 3 2100
1175 67680 68580 15 8 900
1176 68700 72300 8 2 3600
1177 72420 73140 2 17 720
1178 73260 74100 17 1 840
1179 74220 76320 1 3 2100
1183 31800 34080 9 3 2280
1184 38040 38760 16 9 720
1185 39000 41280 9 3 2280
1186 45240 45960 16 9 720
1187 46200 48480 9 3 2280
1188 52440 53160 16 9 720
1189 53400 55680 9 3 2280
1190 59640 60360 16 9 720
1191 60600 62880 9 3 2280
1192 66840 67560 16 9 720
1193 67800 70080 9 3 2280
1194 74040 74760 16 9 720
1195 75000 77280 9 3 2280
1198 30900 33000 1 3 2100
1199 33120 36360 3 13 3240
1200 39720 42960 13 3 3240
1201 43080 45180 3 1 2100
1202 45300 48300 1 4 3000
1203 48540 50400 4 0 1860
1204 54120 57360 13 3 3240
1205 57480 59580 3 1 2100
1206 59700 62700 1 4 3000
1207 62940 64800 4 0 1860
1208 68520 71760 13 3 3240
1209 71880 73980 3 1 2100
1210 74100 77100 1 4 3000
1211 77340 79200 4 0 1860
1213 29220 31020 4 5 1800
1214 31140 34140 5 8 3000
1215 34260 35160 8 15 900
1216 35820 36720 15 8 900
1217 36840 39840 8 5 3000
1218 39960 41760 5 4 1800
1219 41880 45000 4 6 3120
1220 46620 47520 15 8 900
1221 47640 50640 8 5 3000
1222 50760 52560 5 4 1800
1223 52680 55800 4 6 3120
1224 57420 58320 15 8 900
1225 58440 61440 8 5 3000
1226 61560 63360 5 4 1800
1227 63480 66600 4 6 3120
1228 68220 69120 15 8 900
1229 69240 72240 8 5 3000
1230 72360 74160 5 4 1800
1231 74280 77400 4 6 3120
1236 33780 34500 16 9 720
1237 34620 37200 9 1 2580
1238 37320 38160 1 17 840
1239 38280 39360 17 0 1080
1240 40980 41700 16 9 720
1241 41820 44400 9 1 2580
1242 44520 45360 1 17 840
1243 45480 46560 17 0 1080
1244 48180 48900 16 9 720
1245 49020 51600 9 1 2580
1246 51720 52560 1 17 840
1247 52680 53760 17 0 1080
1248 55380 56100 16 9 720
1249 56220 58800 9 1 2580
1250 58920 59760 1 17 840
1251 59880 60960 17 0 1080
1252 62580 63300 16 9 720
1253 63420 66000 9 1 2580
1254 66120 66960 1 17 840
1255 67080 68160 17 0 1080
1256 69780 70500 16 9 720
1257 70620 73200 9 1 2580
1258 73320 74160 1 17 840
1259 74280 75360 17 0 1080
1260 76980 77700 16 9 720
1261 77820 80400 9 1 2580
1262 80520 81360 1 17 840
1263 81480 82560 17 0 1080
1266 30420 33540 4 6 3120
1267 34560 37680 6 4 3120
1268 37800 40800 4 1 3000
1269 40920 41760 1 17 840
1270 45360 48480 6 4 3120
1271 48600 51600 4 1 3000
1272 51720 52560 1 17 840
1273 56160 59280 6 4 3120
1274 59400 62400 4 1 3000
1275 62520 63360 1 17 840
1276 66960 70080 6 4 3120
1277 70200 73200 4 1 3000
1278 73320 74160 1 17 840
1279 77760 80880 6 4 3120
1284 31920 33000 17 0 1080
1285 34560 35640 0 17 1080
1286 35760 38700 17 14 2940
1287 38820 41040 14 9 2220
1288 41760 42840 0 17 1080
1289 42960 45900 17 14 2940
1290 46020 48240 14 9 2220
1291 48960 50040 0 17 1080
1292 50160 53100 17 14 2940
1293 53220 55440 14 9 2220
1294 56160 57240 0 17 1080
1295 57360 60300 17 14 2940
1296 60420 62640 14 9 2220
1297 63360 64440 0 17 1080
1298 64560 67500 17 14 2940
1299 67620 69840 14 9 2220
1300 70560 71640 0 17 1080
1301 71760 74700 17 14 2940
1302 74820 77040 14 9 2220
1303 77760 78840 0 17 1080
1308 30120 30960 1 17 840
1309 31080 32160 17 0 1080
1310 33300 34380 0 17 1080
1311 34500 35340 17 1 840
1312 35460 38040 1 9 2580
1313 38160 38880 9 16 720
1314 40500 41580 0 17 1080
1315 41700 42540 17 1 840
1316 42660 45240 1 9 2580
1317 45360 46080 9 16 720
1318 47700 48780 0 17 1080
1319 48900 49740 17 1 840
1320 49860 52440 1 9 2580
1321 52560 53280 9 16 720
1322 54900 55980 0 17 1080
1323 56100 56940 17 1 840
1324 57060 59640 1 9 2580
1325 59760 60480 9 16 720
1326 62100 63180 0 17 1080
1327 63300 64140 17 1 840
1328 64260 66840 1 9 2580
1329 66960 67680 9 16 720
1330 69300 70380 0 17 1080
1331 70500 71340 17 1 840
1332 71460 74040 1 9 2580
1333 74160 74880 9 16 720
1334 76500 77580 0 17 1080
1335 77700 78540 17 1 840
1340 32400 35520 6 4 3120
1341 35640 37440 4 5 1800
1342 37560 39240 5 0 1680
1343 41880 43560 0 5 1680
1344 43680 45480 5 4 1800
1345 45600 48720 4 6 3120
1346 48840 51900 6 10 3060
1347 52020 54480 10 12 2460
1348 56280 57960 0 5 1680
1349 58080 59880 5 4 1800
1350 60000 63120 4 6 3120
1351 63240 66300 6 10 3060
1352 66420 68880 10 12 2460
1353 70680 72360 0 5 1680
1354 72480 74280 5 4 1800
1355 74400 77520 4 6 3120
1360 33060 36180 6 4 3120
1361 36420 38040 4 0 1620
1362 38160 39240 0 17 1080
1363 39360 40080 17 2 720
1364 42120 42840 2 17 720
1365 42960 44040 17 0 1080
1366 44160 45780 0 4 1620
1367 45900 49020 4 6 3120
1368 49260 52560 6 10 3300
1369 52800 55440 10 11 2640
1370 56520 57240 2 17 720
1371 57360 58440 17 0 1080
1372 58560 60180 0 4 1620
1373 60300 63420 4 6 3120
1374 63660 66960 6 10 3300
1375 67200 69840 10 11 2640
1376 70920 71640 2 17 720
1377 71760 72840 17 0 1080
1378 72960 74580 0 4 1620
1379 74700 77820 4 6 3120
1383 27960 29640 5 0 1680
1384 29760 30840 0 17 1080
1385 30960 31800 17 1 840
1386 31920 34500 1 9 2580
1387 34740 35460 9 16 720
1388 38460 39180 16 9 720
1389 39300 41880 9 1 2580
1390 42000 42840 1 17 840
1391 42960 44040 17 0 1080
1392 44160 45840 0 5 1680
1393 45960 46740 5 18 780
1394 49260 49980 16 9 720
1395 50100 52680 9 1 2580
1396 52800 53640 1 17 840
1397 53760 54840 17 0 1080
1398 54960 56640 0 5 1680
1399 56760 57540 5 18 780
1400 60060 60780 16 9 720
1401 60900 63480 9 1 2580
1402 63600 64440 1 17 840
1403 64560 65640 17 0 1080
1404 65760 67440 0 5 1680
1405 67560 68340 5 18 780
1406 70860 71580 16 9 720
1407 71700 74280 9 1 2580
1408 74400 75240 1 17 840
1409 75360 76440 17 0 1080
1410 76560 78240 0 5 1680
1415 33000 36600 2 8 3600
1416 36720 37620 8 15 900
1417 39120 40020 15 8 900
1418 40140 43740 8 2 3600
1419 43860 46500 2 14 2640
1420 46620 48840 14 9 2220
1421 48960 49680 9 16 720
1422 53520 54420 15 8 900
1423 54540 58140 8 2 3600
1424 58260 60900 2 14 2640
1425 61020 63240 14 9 2220
1426 63360 64080 9 16 720
1427 67920 68820 15 8 900
1428 68940 72540 8 2 3600
1429 72660 75300 2 14 2640
1430 75420 77640 14 9 2220
1434 29760 31860 7 5 2100
1435 31980 33660 5 0 1680
1436 34860 36540 0 5 1680
1437 36660 38760 5 7 2100
1438 38880 40200 7 8 1320
1439 40320 41220 8 15 900
1440 42060 43740 0 5 1680
1441 43860 45960 5 7 2100
1442 46080 47400 7 8 1320
1443 47520 48420 8 15 900
1444 49260 50940 0 5 1680
1445 51060 53160 5 7 2100
1446 53280 54600 7 8 1320
1447 54720 55620 8 15 900
1448 56460 58140 0 5 1680
1449 58260 60360 5 7 2100
1450 60480 61800 7 8 1320
1451 61920 62820 8 15 900
1452 63660 65340 0 5 1680
1453 65460 67560 5 7 2100
1454 67680 69000 7 8 1320
1455 69120 70020 8 15 900
1456 70860 72540 0 5 1680
1457 72660 74760 5 7 2100
1458 74880 76200 7 8 1320
1459 76320 77220 8 15 900
1460 78060 79740 0 5 1680
1461 79860 81960 5 7 2100
1462 82080 83400 7 8 1320
1463 83520 84420 8 15 900
1464 27360 28440 0 17 1080
1465 28560 31500 17 14 2940
1466 31620 33840 14 9 2220
1467 35400 37620 9 14 2220
1468 37860 40800 14 17 2940
1469 40920 42000 17 0 1080
1470 42600 44820 9 14 2220
1471 45060 48000 14 17 2940
1472 48120 49200 17 0 1080
1473 49800 52020 9 14 2220
1474 52260 55200 14 17 2940
1475 55320 56400 17 0 1080
1476 57000 59220 9 14 2220
1477 59460 62400 14 17 2940
1478 62520 63600 17 0 1080
1479 64200 66420 9 14 2220
1480 66660 69600 14 17 2940
1481 69720 70800 17 0 1080
1482 71400 73620 9 14 2220
1483 73860 76800 14 17 2940
1484 76920 78000 17 0 1080
1485 78600 80820 9 14 2220
1486 81060 84000 14 17 2940
1487 84120 85200 17 0 1080
1489 30600 33600 4 1 3000
1490 33720 34560 1 17 840
1491 37140 37980 17 1 840
1492 38100 41100 1 4 3000
1493 41220 44340 4 6 3120
1494 47940 48780 17 1 840
1495 48900 51900 1 4 3000
1496 52020 55140 4 6 3120
1497 58740 59580 17 1 840
1498 59700 62700 1 4 3000
1499 62820 65940 4 6 3120
1500 69540 70380 17 1 840
1501 70500 73500 1 4 3000
1502 73620 76740 4 6 3120
1504 29040 29820 18 5 780
1505 29940 31740 5 4 1800
1506 31860 34980 4 6 3120
1507 35100 38160 6 10 3060
1508 38400 41040 10 11 2640
1509 42420 45060 11 10 2640
1510 45180 48240 10 6 3060
1511 48360 51480 6 4 3120
1512 51600 53400 4 5 1800
1513 53520 54300 5 18 780
1514 54420 55980 18 7 1560
1515 56820 59460 11 10 2640
1516 59580 62640 10 6 3060
1517 62760 65880 6 4 3120
1518 66000 67800 4 5 1800
1519 67920 68700 5 18 780
1520 68820 70380 18 7 1560
1521 71220 73860 11 10 2640
1522 73980 77040 10 6 3060
1523 77160 80280 6 4 3120
1524 80400 82200 4 5 1800
1528 28260 31020 17 5 2760
1529 32100 34860 5 17 2760
1530 34980 35700 17 2 720
1531 39300 42060 5 17 2760
1532 42180 42900 17 2 720
1533 46500 49260 5 17 2760
1534 49380 50100 17 2 720
1535 53700 56460 5 17 2760
1536 56580 57300 17 2 720
1537 60900 63660 5 17 2760
1538 63780 64500 17 2 720
1539 68100 70860 5 17 2760
1540 70980 71700 17 2 720
1541 75300 78060 5 17 2760
1542 78180 78900 17 2 720
1544 28260 29340 17 0 1080
1545 29460 31080 0 4 1620
1546 31200 34320 4 6 3120
1547 34440 37500 6 10 3060
1548 37620 40080 10 12 2460
1549 43800 46260 12 10 2460
1550 46380 49440 10 6 3060
1551 49560 52680 6 4 3120
1552 52800 54420 4 0 1620
1553 54540 55620 0 17 1080
1554 55740 56460 17 2 720
1555 58200 60660 12 10 2460
1556 60780 63840 10 6 3060
1557 63960 67080 6 4 3120
1558 67200 68820 4 0 1620
1559 68940 70020 0 17 1080
1560 70140 70860 17 2 720
1561 72600 75060 12 10 2460
1562 75180 78240 10 6 3060
1563 78360 81480 6 4 3120
1564 81600 83220 4 0 1620
1565 83340 84420 0 17 1080
1567 27480 29160 0 5 1680
1568 29280 31080 5 4 1800
1569 31200 34320 4 6 3120
1570 34440 37500 6 10 3060
1571 37620 40080 10 12 2460
1572 41040 43500 12 10 2460
1573 43620 46680 10 6 3060
1574 46800 49920 6 4 3120
1575 50040 51840 4 5 1800
1576 51960 53640 5 0 1680
1577 55440 57900 12 10 2460
1578 58020 61080 10 6 3060
1579 61200 64320 6 4 3120
1580 64440 66240 4 5 1800
1581 66360 68040 5 0 1680
1582 69840 72300 12 10 2460
1583 72420 75480 10 6 3060
1584 75600 78720 6 4 3120
1585 78840 80640 4 5 1800
1586 80760 82440 5 0 1680
1588 28500 31260 5 17 2760
1589 31860 34620 17 5 2760
1590 34740 35520 5 18 780
1591 39060 41820 17 5 2760
1592 41940 42720 5 18 780
1593 46260 49020 17 5 2760
1594 49140 49920 5 18 780
1595 53460 56220 17 5 2760
1596 56340 57120 5 18 780
1597 60660 63420 17 5 2760
1598 63540 64320 5 18 780
1599 67860 70620 17 5 2760
1600 70740 71520 5 18 780
1601 75060 77820 17 5 2760
1602 77940 78720 5 18 780
1603 27660 29340 0 5 1680
1604 29460 31560 5 7 2100
1605 31680 33000 7 8 1320
1606 33120 34020 8 15 900
1607 38100 39000 15 8 900
1608 39120 40440 8 7 1320
1609 40560 42660 7 5 2100
1610 42780 44460 5 0 1680
1611 45300 46200 15 8 900
1612 46320 47640 8 7 1320
1613 47760 49860 7 5 2100
1614 49980 51660 5 0 1680
1615 52500 53400 15 8 900
1616 53520 54840 8 7 1320
1617 54960 57060 7 5 2100
1618 57180 58860 5 0 1680
1619 59700 60600 15 8 900
1620 60720 62040 8 7 1320
1621 62160 64260 7 5 2100
1622 64380 66060 5 0 1680
1623 66900 67800 15 8 900
1624 67920 69240 8 7 1320
1625 69360 71460 7 5 2100
1626 71580 73260 5 0 1680
1627 74100 75000 15 8 900
1628 75120 76440 8 7 1320
1629 76560 78660 7 5 2100
1630 78780 80460 5 0 1680
1632 29880 32640 5 17 2760
1633 35460 38220 17 5 2760
1634 38340 40440 5 7 2100
1635 42660 45420 17 5 2760
1636 45540 47640 5 7 2100
1637 49860 52620 17 5 2760
1638 52740 54840 5 7 2100
1639 57060 59820 17 5 2760
1640 59940 62040 5 7 2100
1641 64260 67020 17 5 2760
1642 67140 69240 5 7 2100
1643 71460 74220 17 5 2760
1644 74340 76440 5 7 2100
1645 78660 81420 17 5 2760
1649 31200 32040 1 17 840
1650 32160 33240 17 0 1080
1651 33360 35040 0 5 1680
1652 35160 35940 5 18 780
1653 37860 38640 18 5 780
1654 38760 40440 5 0 1680
1655 40560 41640 0 17 1080
1656 41760 42600 17 1 840
1657 42720 45300 1 9 2580
1658 45540 46260 9 16 720
1659 48660 49440 18 5 780
1660 49560 51240 5 0 1680
1661 51360 52440 0 17 1080
1662 52560 53400 17 1 840
1663 53520 56100 1 9 2580
1664 56340 57060 9 16 720
1665 59460 60240 18 5 780
1666 60360 62040 5 0 1680
1667 62160 63240 0 17 1080
1668 63360 64200 17 1 840
1669 64320 66900 1 9 2580
1670 67140 67860 9 16 720
1671 70260 71040 18 5 780
1672 71160 72840 5 0 1680
1673 72960 74040 0 17 1080
1674 74160 75000 17 1 840
1675 75120 77700 1 9 2580
1678 28560 29640 17 0 1080
1679 29760 31380 0 4 1620
1680 31500 34620 4 6 3120
1681 34860 38160 6 10 3300
1682 38400 41040 10 11 2640
1683 44880 47520 11 10 2640
1684 47760 50940 10 6 3180
1685 51060 54180 6 4 3120
1686 54420 56040 4 0 1620
1687 56160 57240 0 17 1080
1688 57360 58080 17 2 720
1689 59280 61920 11 10 2640
1690 62160 65340 10 6 3180
1691 65460 68580 6 4 3120
1692 68820 70440 4 0 1620
1693 70560 71640 0 17 1080
1694 71760 72480 17 2 720
1695 73680 76320 11 10 2640
1696 76560 79740 10 6 3180
1697 79860 82980 6 4 3120
1698 83220 84840 4 0 1620
1702 28560 29400 17 1 840
1703 29520 32100 1 9 2580
1704 32220 34500 9 3 2280
1705 34620 37860 3 13 3240
1706 38820 42060 13 3 3240
1707 42180 44460 3 9 2280
1708 44580 47160 9 1 2580
1709 47280 48120 1 17 840
1710 48240 48960 17 2 720
1711 49620 52860 13 3 3240
1712 52980 55260 3 9 2280
1713 55380 57960 9 1 2580
1714 58080 58920 1 17 840
1715 59040 59760 17 2 720
1716 60420 63660 13 3 3240
1717 63780 66060 3 9 2280
1718 66180 68760 9 1 2580
1719 68880 69720 1 17 840
1720 69840 70560 17 2 720
1721 71220 74460 13 3 3240
1722 74580 76860 3 9 2280
1723 76980 79560 9 1 2580
1724 79680 80520 1 17 840
1725 80640 81360 17 2 720
1728 33780 36360 9 1 2580
1729 36480 37320 1 17 840
1730 37440 38160 17 2 720
1731 42120 42840 2 17 720
1732 42960 43800 17 1 840
1733 43920 46500 1 9 2580
1734 46620 48900 9 3 2280
1735 49020 52260 3 13 3240
1736 52920 53640 2 17 720
1737 53760 54600 17 1 840
1738 54720 57300 1 9 2580
1739 57420 59700 9 3 2280
1740 59820 63060 3 13 3240
1741 63720 64440 2 17 720
1742 64560 65400 17 1 840
1743 65520 68100 1 9 2580
1744 68220 70500 9 3 2280
1745 70620 73860 3 13 3240
1746 74520 75240 2 17 720
1747 75360 76200 17 1 840
1748 76320 78900 1 9 2580
1749 79020 81300 9 3 2280
1753 33960 37080 6 4 3120
1754 37200 39000 4 5 1800
1755 39120 39900 5 18 780
1756 40020 41580 18 7 1560
1757 45360 46920 7 18 1560
1758 47040 47820 18 5 780
1759 47940 49740 5 4 1800
1760 49860 52980 4 6 3120
1761 53100 56160 6 10 3060
1762 56400 59040 10 11 2640
1763 59760 61320 7 18 1560
1764 61440 62220 18 5 780
1765 62340 64140 5 4 1800
1766 64260 67380 4 6 3120
1767 67500 70560 6 10 3060
1768 70800 73440 10 11 2640
1769 74160 75720 7 18 1560
1770 75840 76620 18 5 780
1771 76740 78540 5 4 1800
1772 78660 81780 4 6 3120
1777 33240 35880 2 14 2640
1778 36660 39300 14 2 2640
1779 39420 43020 2 8 3600
1780 43140 44460 8 7 1320
1781 47460 50100 14 2 2640
1782 50220 53820 2 8 3600
1783 53940 55260 8 7 1320
1784 58260 60900 14 2 2640
1785 61020 64620 2 8 3600
1786 64740 66060 8 7 1320
1787 69060 71700 14 2 2640
1788 71820 75420 2 8 3600
1789 75540 76860 8 7 1320
1792 32820 33540 2 17 720
1793 33660 34500 17 1 840
1794 34620 36720 1 3 2100
1795 40260 42360 3 1 2100
1796 42480 43320 1 17 840
1797 43440 44160 17 2 720
1798 44280 47880 2 8 3600
1799 48000 48900 8 15 900
1800 51060 53160 3 1 2100
1801 53280 54120 1 17 840
1802 54240 54960 17 2 720
1803 55080 58680 2 8 3600
1804 58800 59700 8 15 900
1805 61860 63960 3 1 2100
1806 64080 64920 1 17 840
1807 65040 65760 17 2 720
1808 65880 69480 2 8 3600
1809 69600 70500 8 15 900
1810 72660 74760 3 1 2100
1811 74880 75720 1 17 840
1812 75840 76560 17 2 720
1813 76680 80280 2 8 3600
1814 80400 81300 8 15 900
1817 33720 34560 1 17 840
1818 34680 35760 17 0 1080
1819 39540 40620 0 17 1080
1820 40740 41580 17 1 840
1821 41700 43800 1 3 2100
1822 43920 47160 3 13 3240
1823 50340 51420 0 17 1080
1824 51540 52380 17 1 840
1825 52500 54600 1 3 2100
1826 54720 57960 3 13 3240
1827 61140 62220 0 17 1080
1828 62340 63180 17 1 840
1829 63300 65400 1 3 2100
1830 65520 68760 3 13 3240
1831 71940 73020 0 17 1080
1832 73140 73980 17 1 840
1833 74100 76200 1 3 2100
1837 33720 34800 17 0 1080
1838 36360 37440 0 17 1080
1839 37560 40500 17 14 2940
1840 40620 42840 14 9 2220
1841 43560 44640 0 17 1080
1842 44760 47700 17 14 2940
1843 47820 50040 14 9 2220
1844 50760 51840 0 17 1080
1845 51960 54900 17 14 2940
1846 55020 57240 14 9 2220
1847 57960 59040 0 17 1080
1848 59160 62100 17 14 2940
1849 62220 64440 14 9 2220
1850 65160 66240 0 17 1080
1851 66360 69300 17 14 2940
1852 69420 71640 14 9 2220
1853 72360 73440 0 17 1080
1854 73560 76500 17 14 2940
1855 76620 78840 14 9 2220
1856 28260 31020 17 5 2760
1857 31140 33240 5 7 2100
1858 34860 36960 7 5 2100
1859 37080 39840 5 17 2760
1860 42060 44160 7 5 2100
1861 44280 47040 5 17 2760
1862 49260 51360 7 5 2100
1863 51480 54240 5 17 2760
1864 56460 58560 7 5 2100
1865 58680 61440 5 17 2760
1866 63660 65760 7 5 2100
1867 65880 68640 5 17 2760
1868 70860 72960 7 5 2100
1869 73080 75840 5 17 2760
1870 78060 80160 7 5 2100
1871 80280 83040 5 17 2760
1874 33060 35700 2 14 2640
1875 35820 38040 14 9 2220
1876 38160 38880 9 16 720
1877 41460 42180 16 9 720
1878 42300 44520 9 14 2220
1879 44640 47280 14 2 2640
1880 47400 51000 2 8 3600
1881 51120 52020 8 15 900
1882 55860 56580 16 9 720
1883 56700 58920 9 14 2220
1884 59040 61680 14 2 2640
1885 61800 65400 2 8 3600
1886 65520 66420 8 15 900
1887 70260 70980 16 9 720
1888 71100 73320 9 14 2220
1889 73440 76080 14 2 2640
1890 76200 79800 2 8 3600
1891 79920 80820 8 15 900
1894 32760 34560 5 4 1800
1895 34680 37800 4 6 3120
1896 40380 43500 6 4 3120
1897 43620 45420 4 5 1800
1898 45540 48540 5 8 3000
1899 48660 49560 8 15 900
1900 51180 54300 6 4 3120
1901 54420 56220 4 5 1800
1902 56340 59340 5 8 3000
1903 59460 60360 8 15 900
1904 61980 65100 6 4 3120
1905 65220 67020 4 5 1800
1906 67140 70140 5 8 3000
1907 70260 71160 8 15 900
1908 72780 75900 6 4 3120
1909 76020 77820 4 5 1800
1910 77940 80940 5 8 3000
1911 81060 81960 8 15 900
1912 28680 30300 0 4 1620
1913 30540 33540 4 1 3000
1914 33720 35820 1 3 2100
1915 39480 41580 3 1 2100
1916 41700 44700 1 4 3000
1917 44820 46440 4 0 1620
1918 50280 52380 3 1 2100
1919 52500 55500 1 4 3000
1920 55620 57240 4 0 1620
1921 61080 63180 3 1 2100
1922 63300 66300 1 4 3000
1923 66420 68040 4 0 1620
1924 71880 73980 3 1 2100
1925 74100 77100 1 4 3000
1926 77220 78840 4 0 1620
1928 30900 33900 1 4 3000
1929 34020 35640 4 0 1620
1930 39480 41100 0 4 1620
1931 41340 44340 4 1 3000
1932 44520 46620 1 3 2100
1933 50280 51900 0 4 1620
1934 52140 55140 4 1 3000
1935 55320 57420 1 3 2100
1936 61080 62700 0 4 1620
1937 62940 65940 4 1 3000
1938 66120 68220 1 3 2100
1939 71880 73500 0 4 1620
1940 73740 76740 4 1 3000
1941 76920 79020 1 3 2100
1942 28740 29820 0 17 1080
1943 29940 30780 17 1 840
1944 30900 33000 1 3 2100
1945 33120 36360 3 13 3240
1946 38940 42180 13 3 3240
1947 42300 44400 3 1 2100
1948 44520 45360 1 17 840
1949 45480 46560 17 0 1080
1950 49740 52980 13 3 3240
1951 53100 55200 3 1 2100
1952 55320 56160 1 17 840
1953 56280 57360 17 0 1080
1954 60540 63780 13 3 3240
1955 63900 66000 3 1 2100
1956 66120 66960 1 17 840
1957 67080 68160 17 0 1080
1958 71340 74580 13 3 3240
1959 74700 76800 3 1 2100
1960 76920 77760 1 17 840
1961 77880 78960 17 0 1080
1964 34500 37500 1 4 3000
1965 37740 39600 4 0 1860
1966 40320 41940 0 4 1620
1967 42180 45180 4 1 3000
1968 45300 47400 1 3 2100
1969 47520 50760 3 13 3240
1970 54720 56340 0 4 1620
1971 56580 59580 4 1 3000
1972 59700 61800 1 3 2100
1973 61920 65160 3 13 3240
1974 69120 70740 0 4 1620
1975 70980 73980 4 1 3000
1976 74100 76200 1 3 2100
1978 29160 30240 0 17 1080
1979 30360 33300 17 14 2940
1980 33420 35640 14 9 2220
1981 37200 39420 9 14 2220
1982 39660 42600 14 17 2940
1983 42720 43800 17 0 1080
1986 35160 38280 6 4 3120
1987 38400 40020 4 0 1620
1988 40140 41220 0 17 1080
1989 41340 42060 17 2 720
1990 45420 46140 2 17 720
1991 46260 47340 17 0 1080
1992 47460 49080 0 4 1620
1993 49200 52320 4 6 3120
1994 52440 55500 6 10 3060
1995 55620 58080 10 12 2460
1996 59820 60540 2 17 720
1997 60660 61740 17 0 1080
1998 61860 63480 0 4 1620
1999 63600 66720 4 6 3120
2000 66840 69900 6 10 3060
2001 70020 72480 10 12 2460
2002 74220 74940 2 17 720
2003 75060 76140 17 0 1080
2004 76260 77880 0 4 1620
2005 78000 81120 4 6 3120
2009 32220 35820 2 8 3600
2010 35940 37260 8 7 1320
2011 38880 40200 7 8 1320
2012 40320 43920 8 2 3600
2013 44040 46680 2 14 2640
2014 49680 51000 7 8 1320
2015 51120 54720 8 2 3600
2016 54840 57480 2 14 2640
2017 60480 61800 7 8 1320
2018 61920 65520 8 2 3600
2019 65640 68280 2 14 2640
2020 71280 72600 7 8 1320
2021 72720 76320 8 2 3600
2022 76440 79080 2 14 2640
2024 31680 32520 1 17 840
2025 32640 33360 17 2 720
2026 33480 37080 2 8 3600
2027 37200 38100 8 15 900
2028 38880 39780 15 8 900
2029 39900 43500 8 2 3600
2030 43620 44340 2 17 720
2031 44460 45300 17 1 840
2032 45420 47520 1 3 2100
2033 49680 50580 15 8 900
2034 50700 54300 8 2 3600
2035 54420 55140 2 17 720
2036 55260 56100 17 1 840
2037 56220 58320 1 3 2100
2038 60480 61380 15 8 900
2039 61500 65100 8 2 3600
2040 65220 65940 2 17 720
2041 66060 66900 17 1 840
2042 67020 69120 1 3 2100
2043 71280 72180 15 8 900
2044 72300 75900 8 2 3600
2045 76020 76740 2 17 720
2046 76860 77700 17 1 840
2047 77820 79920 1 3 2100
2048 29520 31140 0 4 1620
2049 31380 34380 4 1 3000
2050 34500 36600 1 3 2100
2051 36720 39960 3 13 3240
2052 43320 46560 13 3 3240
2053 46680 48780 3 1 2100
2054 48900 51900 1 4 3000
2055 52140 54000 4 0 1860
2056 57720 60960 13 3 3240
2057 61080 63180 3 1 2100
2058 63300 66300 1 4 3000
2059 66540 68400 4 0 1860
2060 72120 75360 13 3 3240
2061 75480 77580 3 1 2100
2062 77700 80700 1 4 3000
2063 80940 82800 4 0 1860
2065 32820 34620 4 5 1800
2066 34740 37740 5 8 3000
2067 37860 38760 8 15 900
2068 39420 40320 15 8 900
2069 40440 43440 8 5 3000
2070 43560 45360 5 4 1800
2071 45480 48600 4 6 3120
2072 50220 51120 15 8 900
2073 51240 54240 8 5 3000
2074 54360 56160 5 4 1800
2075 56280 59400 4 6 3120
2076 61020 61920 15 8 900
2077 62040 65040 8 5 3000
2078 65160 66960 5 4 1800
2079 67080 70200 4 6 3120
2080 71820 72720 15 8 900
2081 72840 75840 8 5 3000
2082 75960 77760 5 4 1800
2083 77880 81000 4 6 3120
2084 29940 30780 17 1 840
2085 30900 33900 1 4 3000
2086 34020 37140 4 6 3120
2087 38160 41280 6 4 3120
2088 41400 44400 4 1 3000
2089 44520 45360 1 17 840
2090 48960 52080 6 4 3120
2091 52200 55200 4 1 3000
2092 55320 56160 1 17 840
2093 59760 62880 6 4 3120
2094 63000 66000 4 1 3000
2095 66120 66960 1 17 840
2096 70560 73680 6 4 3120
2097 73800 76800 4 1 3000
2098 76920 77760 1 17 840
2101 36000 39120 6 4 3120
2102 39240 41040 4 5 1800
2103 41160 42840 5 0 1680
2104 45480 47160 0 5 1680
2105 47280 49080 5 4 1800
2106 49200 52320 4 6 3120
2107 52440 55500 6 10 3060
2108 55620 58080 10 12 2460
2109 59880 61560 0 5 1680
2110 61680 63480 5 4 1800
2111 63600 66720 4 6 3120
2112 66840 69900 6 10 3060
2113 70020 72480 10 12 2460
2114 74280 75960 0 5 1680
2115 76080 77880 5 4 1800
2116 78000 81120 4 6 3120
2121 36660 39780 6 4 3120
2122 40020 41640 4 0 1620
2123 41760 42840 0 17 1080
2124 42960 43680 17 2 720
2125 45720 46440 2 17 720
2126 46560 47640 17 0 1080
2127 47760 49380 0 4 1620
2128 49500 52620 4 6 3120
2129 52860 56160 6 10 3300
2130 56400 59040 10 11 2640
2131 60120 60840 2 17 720
2132 60960 62040 17 0 1080
2133 62160 63780 0 4 1620
2134 63900 67020 4 6 3120
2135 67260 70560 6 10 3300
2136 70800 73440 10 11 2640
2137 74520 75240 2 17 720
2138 75360 76440 17 0 1080
2139 76560 78180 0 4 1620
2140 78300 81420 4 6 3120
2143 30660 31440 18 5 780
2144 31560 33240 5 0 1680
2145 33360 34440 0 17 1080
2146 34560 35400 17 1 840
2147 35520 38100 1 9 2580
2148 38340 39060 9 16 720
2149 42060 42780 16 9 720
2150 42900 45480 9 1 2580
2151 45600 46440 1 17 840
2152 46560 47640 17 0 1080
2153 47760 49440 0 5 1680
2154 49560 50340 5 18 780
2155 52860 53580 16 9 720
2156 53700 56280 9 1 2580
2157 56400 57240 1 17 840
2158 57360 58440 17 0 1080
2159 58560 60240 0 5 1680
2160 60360 61140 5 18 780
2161 63660 64380 16 9 720
2162 64500 67080 9 1 2580
2163 67200 68040 1 17 840
2164 68160 69240 17 0 1080
2165 69360 71040 0 5 1680
2166 71160 71940 5 18 780
2167 74460 75180 16 9 720
2168 75300 77880 9 1 2580
2169 78000 78840 1 17 840
2170 78960 80040 17 0 1080
2171 80160 81840 0 5 1680
2174 31500 33720 9 14 2220
2175 33840 36480 14 2 2640
2176 36600 40200 2 8 3600
2177 40320 41220 8 15 900
2178 42720 43620 15 8 900
2179 43740 47340 8 2 3600
2180 47460 50100 2 14 2640
2181 50220 52440 14 9 2220
2182 52560 53280 9 16 720
2183 57120 58020 15 8 900
2184 58140 61740 8 2 3600
2185 61860 64500 2 14 2640
2186 64620 66840 14 9 2220
2187 66960 67680 9 16 720
2188 71520 72420 15 8 900
2189 72540 76140 8 2 3600
2190 76260 78900 2 14 2640
2194 31920 33240 8 7 1320
2195 33360 35460 7 5 2100
2196 35580 37260 5 0 1680
2197 38460 40140 0 5 1680
2198 40260 42360 5 7 2100
2199 42480 43800 7 8 1320
2200 43920 44820 8 15 900
2201 30960 32520 7 18 1560
2202 32640 33420 18 5 780
2203 33540 35340 5 4 1800
2204 35460 38580 4 6 3120
2205 38700 41760 6 10 3060
2206 42000 44640 10 11 2640
2207 46020 48660 11 10 2640
2208 48780 51840 10 6 3060
2209 51960 55080 6 4 3120
2210 55200 57000 4 5 1800
2211 57120 57900 5 18 780
2212 58020 59580 18 7 1560
2213 60420 63060 11 10 2640
2214 63180 66240 10 6 3060
2215 66360 69480 6 4 3120
2216 69600 71400 4 5 1800
2217 71520 72300 5 18 780
2218 72420 73980 18 7 1560
2219 74820 77460 11 10 2640
2220 77580 80640 10 6 3060
2221 80760 83880 6 4 3120
2222 84000 85800 4 5 1800
2225 31020 31740 2 17 720
2226 31860 32940 17 0 1080
2227 33060 34680 0 4 1620
2228 34800 37920 4 6 3120
2229 38040 41100 6 10 3060
2230 41220 43680 10 12 2460
2231 47400 49860 12 10 2460
2232 49980 53040 10 6 3060
2233 53160 56280 6 4 3120
2234 56400 58020 4 0 1620
2235 58140 59220 0 17 1080
2236 59340 60060 17 2 720
2237 61800 64260 12 10 2460
2238 64380 67440 10 6 3060
2239 67560 70680 6 4 3120
2240 70800 72420 4 0 1620
2241 72540 73620 0 17 1080
2242 73740 74460 17 2 720
2243 76200 78660 12 10 2460
2244 78780 81840 10 6 3060
2245 81960 85080 6 4 3120
2249 31080 32760 0 5 1680
2250 32880 34680 5 4 1800
2251 34800 37920 4 6 3120
2252 38040 41100 6 10 3060
2253 41220 43680 10 12 2460
2254 44640 47100 12 10 2460
2255 47220 50280 10 6 3060
2256 50400 53520 6 4 3120
2257 53640 55440 4 5 1800
2258 55560 57240 5 0 1680
2259 59040 61500 12 10 2460
2260 61620 64680 10 6 3060
2261 64800 67920 6 4 3120
2262 68040 69840 4 5 1800
2263 69960 71640 5 0 1680
2264 73440 75900 12 10 2460
2265 76020 79080 10 6 3060
2266 79200 82320 6 4 3120
2267 82440 84240 4 5 1800
2268 84360 86040 5 0 1680
2270 32100 34680 9 1 2580
2271 34800 35640 1 17 840
2272 35760 36840 17 0 1080
2273 36960 38640 0 5 1680
2274 38760 39540 5 18 780
2275 41460 42240 18 5 780
2276 42360 44040 5 0 1680
2277 44160 45240 0 17 1080
2278 45360 46200 17 1 840
2279 46320 48900 1 9 2580
2280 49140 49860 9 16 720
2281 52260 53040 18 5 780
2282 53160 54840 5 0 1680
2283 54960 56040 0 17 1080
2284 56160 57000 17 1 840
2285 57120 59700 1 9 2580
2286 59940 60660 9 16 720
2287 63060 63840 18 5 780
2288 63960 65640 5 0 1680
2289 65760 66840 0 17 1080
2290 66960 67800 17 1 840
2291 67920 70500 1 9 2580
2292 70740 71460 9 16 720
2293 73860 74640 18 5 780
2294 74760 76440 5 0 1680
2295 76560 77640 0 17 1080
2296 77760 78600 17 1 840
2299 31320 32040 2 17 720
2300 32160 33240 17 0 1080
2301 33360 34980 0 4 1620
2302 35100 38220 4 6 3120
2303 38460 41760 6 10 3300
2304 42000 44640 10 11 2640
2305 48480 51120 11 10 2640
2306 51360 54540 10 6 3180
2307 54660 57780 6 4 3120
2308 58020 59640 4 0 1620
2309 59760 60840 0 17 1080
2310 60960 61680 17 2 720
2311 62880 65520 11 10 2640
2312 65760 68940 10 6 3180
2313 69060 72180 6 4 3120
2314 72420 74040 4 0 1620
2315 74160 75240 0 17 1080
2316 75360 76080 17 2 720
2317 77280 79920 11 10 2640
2318 80160 83340 10 6 3180
2319 83460 86580 6 4 3120
2323 31320 32040 2 17 720
2324 32160 33000 17 1 840
2325 33120 35700 1 9 2580
2326 35820 38100 9 3 2280
2327 38220 41460 3 13 3240
2328 42420 45660 13 3 3240
2329 45780 48060 3 9 2280
2330 48180 50760 9 1 2580
2331 50880 51720 1 17 840
2332 51840 52560 17 2 720
2333 53220 56460 13 3 3240
2334 56580 58860 3 9 2280
2335 58980 61560 9 1 2580
2336 61680 62520 1 17 840
2337 62640 63360 17 2 720
2338 64020 67260 13 3 3240
2339 67380 69660 3 9 2280
2340 69780 72360 9 1 2580
2341 72480 73320 1 17 840
2342 73440 74160 17 2 720
2343 74820 78060 13 3 3240
2344 78180 80460 3 9 2280
2345 80580 83160 9 1 2580
2346 83280 84120 1 17 840
2349 34980 37260 3 9 2280
2350 37380 39960 9 1 2580
2351 40080 40920 1 17 840
2352 41040 41760 17 2 720
2353 45720 46440 2 17 720
2354 46560 47400 17 1 840
2355 47520 50100 1 9 2580
2356 50220 52500 9 3 2280
2357 52620 55860 3 13 3240
2358 56520 57240 2 17 720
2359 57360 58200 17 1 840
2360 58320 60900 1 9 2580
2361 61020 63300 9 3 2280
2362 63420 66660 3 13 3240
2363 67320 68040 2 17 720
2364 68160 69000 17 1 840
2365 69120 71700 1 9 2580
2366 71820 74100 9 3 2280
2368 78120 78840 2 17 720
2369 78960 79800 17 1 840
2375 37560 40680 6 4 3120
2376 40800 42600 4 5 1800
2377 42720 43500 5 18 780
2378 43620 45180 18 7 1560
2379 48960 50520 7 18 1560
2380 50640 51420 18 5 780
2381 51540 53340 5 4 1800
2382 53460 56580 4 6 3120
2383 56700 59760 6 10 3060
2384 60000 62640 10 11 2640
2385 63360 64920 7 18 1560
2386 65040 65820 18 5 780
2387 65940 67740 5 4 1800
2388 67860 70980 4 6 3120
2389 71100 74160 6 10 3060
2390 74400 77040 10 11 2640
2391 77760 79320 7 18 1560
2392 79440 80220 18 5 780
2393 80340 82140 5 4 1800
2394 82260 85380 4 6 3120
2398 35100 37200 3 1 2100
2399 37320 38160 1 17 840
2400 38280 39360 17 0 1080
2401 43140 44220 0 17 1080
2402 44340 45180 17 1 840
2403 45300 47400 1 3 2100
2404 47520 50760 3 13 3240
2405 53940 55020 0 17 1080
2406 55140 55980 17 1 840
2407 56100 58200 1 3 2100
2408 58320 61560 3 13 3240
2409 64740 65820 0 17 1080
2410 65940 66780 17 1 840
2411 66900 69000 1 3 2100
2412 69120 72360 3 13 3240
2413 75540 76620 0 17 1080
2414 76740 77580 17 1 840
2415 77700 79800 1 3 2100
2417 31920 32820 15 8 900
2418 32940 36540 8 2 3600
2419 36660 39300 2 14 2640
2420 39420 41640 14 9 2220
2421 41760 42480 9 16 720
2422 45060 45780 16 9 720
2423 45900 48120 9 14 2220
2424 48240 50880 14 2 2640
2425 51000 54600 2 8 3600
2426 54720 55620 8 15 900
2427 59460 60180 16 9 720
2428 60300 62520 9 14 2220
2429 62640 65280 14 2 2640
2430 65400 69000 2 8 3600
2431 69120 70020 8 15 900
2432 73860 74580 16 9 720
2433 74700 76920 9 14 2220
2434 77040 79680 14 2 2640
2435 79800 83400 2 8 3600
2436 83520 84420 8 15 900
2437 32280 33900 0 4 1620
2438 34140 37140 4 1 3000
2439 37320 39420 1 3 2100
2440 43080 45180 3 1 2100
2441 45300 48300 1 4 3000
2442 48420 50040 4 0 1620
2443 53880 55980 3 1 2100
2444 56100 59100 1 4 3000
2445 59220 60840 4 0 1620
2446 64680 66780 3 1 2100
2447 66900 69900 1 4 3000
2448 70020 71640 4 0 1620
2449 75480 77580 3 1 2100
2450 77700 80700 1 4 3000
2451 80820 82440 4 0 1620
2453 34500 37500 1 4 3000
2454 37620 39240 4 0 1620
2455 43080 44700 0 4 1620
2456 44940 47940 4 1 3000
2457 48120 50220 1 3 2100
2458 53880 55500 0 4 1620
2459 55740 58740 4 1 3000
2460 58920 61020 1 3 2100
2461 64680 66300 0 4 1620
2462 66540 69540 4 1 3000
2463 69720 71820 1 3 2100
2464 75480 77100 0 4 1620
2465 77340 80340 4 1 3000
2467 32340 33420 0 17 1080
2468 33540 34380 17 1 840
2469 34500 36600 1 3 2100
2470 36720 39960 3 13 3240
2471 42540 45780 13 3 3240
2472 45900 48000 3 1 2100
2473 48120 48960 1 17 840
2474 49080 50160 17 0 1080
2475 53340 56580 13 3 3240
2476 56700 58800 3 1 2100
2477 58920 59760 1 17 840
2478 59880 60960 17 0 1080
2479 64140 67380 13 3 3240
2480 67500 69600 3 1 2100
2481 69720 70560 1 17 840
2482 70680 71760 17 0 1080
2483 74940 78180 13 3 3240
2484 78300 80400 3 1 2100
2485 80520 81360 1 17 840
2486 81480 82560 17 0 1080
2488 35880 37980 3 1 2100
2489 38100 41100 1 4 3000
2490 41340 43200 4 0 1860
2491 43920 45540 0 4 1620
2492 45780 48780 4 1 3000
2493 48900 51000 1 3 2100
2494 51120 54360 3 13 3240
2495 58320 59940 0 4 1620
2496 60180 63180 4 1 3000
2497 63300 65400 1 3 2100
2498 65520 68760 3 13 3240
2499 72720 74340 0 4 1620
2500 74580 77580 4 1 3000
2501 77700 79800 1 3 2100
2504 35580 38640 10 6 3060
2505 38760 41880 6 4 3120
2506 42000 43620 4 0 1620
2507 43740 44820 0 17 1080
2508 44940 45660 17 2 720
2509 49020 49740 2 17 720
2510 49860 50940 17 0 1080
2511 51060 52680 0 4 1620
2512 52800 55920 4 6 3120
2513 56040 59100 6 10 3060
2514 59220 61680 10 12 2460
2515 63420 64140 2 17 720
2516 64260 65340 17 0 1080
2517 65460 67080 0 4 1620
2518 67200 70320 4 6 3120
2519 70440 73500 6 10 3060
2520 73620 76080 10 12 2460
2521 77820 78540 2 17 720
2522 78660 79740 17 0 1080
2523 79860 81480 0 4 1620
2524 81600 84720 4 6 3120
2527 33000 35280 3 9 2280
2528 35400 37620 9 14 2220
2529 38400 40620 14 9 2220
2530 40740 43020 9 3 2280
2531 33060 35160 3 1 2100
2532 35280 36120 1 17 840
2533 36240 36960 17 2 720
2534 37080 40680 2 8 3600
2535 40800 41700 8 15 900
2536 42480 43380 15 8 900
2537 43500 47100 8 2 3600
2538 47220 47940 2 17 720
2539 48060 48900 17 1 840
2540 49020 51120 1 3 2100
2541 33060 35340 3 9 2280
2542 35460 36180 9 16 720
2543 38040 38760 16 9 720
2544 39000 41280 9 3 2280
2545 33180 36300 6 4 3120
2546 36420 38220 4 5 1800
2547 38340 41340 5 8 3000
2548 41460 42360 8 15 900
2549 43020 43920 15 8 900
2550 44040 47040 8 5 3000
2551 47160 48960 5 4 1800
2552 49080 52200 4 6 3120
2554 36420 39480 10 6 3060
2555 39600 42720 6 4 3120
2556 42840 44640 4 5 1800
2557 44760 46440 5 0 1680
2558 49080 50760 0 5 1680
2559 50880 52680 5 4 1800
2560 52800 55920 4 6 3120
2561 56040 59100 6 10 3060
2562 59220 61680 10 12 2460
2563 63480 65160 0 5 1680
2564 65280 67080 5 4 1800
2565 67200 70320 4 6 3120
2566 70440 73500 6 10 3060
2567 73620 76080 10 12 2460
2568 77880 79560 0 5 1680
2569 79680 81480 5 4 1800
2570 81600 84720 4 6 3120
2574 36960 40140 10 6 3180
2575 40260 43380 6 4 3120
2576 43620 45240 4 0 1620
2577 45360 46440 0 17 1080
2578 46560 47280 17 2 720
2579 49320 50040 2 17 720
2580 50160 51240 17 0 1080
2581 51360 52980 0 4 1620
2582 53100 56220 4 6 3120
2583 56460 59760 6 10 3300
2584 60000 62640 10 11 2640
2585 63720 64440 2 17 720
2586 64560 65640 17 0 1080
2587 65760 67380 0 4 1620
2588 67500 70620 4 6 3120
2589 70860 74160 6 10 3300
2590 74400 77040 10 11 2640
2591 78120 78840 2 17 720
2592 78960 80040 17 0 1080
2593 80160 81780 0 4 1620
2594 81900 85020 4 6 3120
2597 34260 34980 16 9 720
2598 35100 37320 9 14 2220
2599 37440 40080 14 2 2640
2600 40200 43800 2 8 3600
2601 43920 44820 8 15 900
2602 46320 47220 15 8 900
2603 47340 50940 8 2 3600
2604 51060 53700 2 14 2640
2605 53820 56040 14 9 2220
2606 56160 56880 9 16 720
2607 60720 61620 15 8 900
2608 61740 65340 8 2 3600
2609 65460 68100 2 14 2640
2610 68220 70440 14 9 2220
2611 70560 71280 9 16 720
2612 75120 76020 15 8 900
2613 76140 79740 8 2 3600
2617 34560 36120 7 18 1560
2618 36240 37020 18 5 780
2619 37140 38940 5 4 1800
2620 39060 42180 4 6 3120
2621 42300 45360 6 10 3060
2622 45600 48240 10 11 2640
2623 49620 52260 11 10 2640
2624 52380 55440 10 6 3060
2625 55560 58680 6 4 3120
2626 58800 60600 4 5 1800
2627 60720 61500 5 18 780
2628 61620 63180 18 7 1560
2629 64020 66660 11 10 2640
2630 66780 69840 10 6 3060
2631 69960 73080 6 4 3120
2632 73200 75000 4 5 1800
2633 75120 75900 5 18 780
2634 76020 77580 18 7 1560
2635 78420 81060 11 10 2640
2636 81180 84240 10 6 3060
2637 84360 87480 6 4 3120
2638 87600 89400 4 5 1800
2641 34620 35340 2 17 720
2642 35460 38220 17 5 2760
2643 39300 42060 5 17 2760
2644 42180 42900 17 2 720
2645 34620 35340 2 17 720
2646 35460 36540 17 0 1080
2647 36660 38280 0 4 1620
2648 38400 41520 4 6 3120
2649 41640 44700 6 10 3060
2650 44820 47280 10 12 2460
2651 51000 53460 12 10 2460
2652 53580 56640 10 6 3060
2653 56760 59880 6 4 3120
2654 60000 61620 4 0 1620
2655 61740 62820 0 17 1080
2656 62940 63660 17 2 720
2657 65400 67860 12 10 2460
2658 67980 71040 10 6 3060
2659 71160 74280 6 4 3120
2660 74400 76020 4 0 1620
2661 76140 77220 0 17 1080
2662 77340 78060 17 2 720
2663 34680 36360 0 5 1680
2664 36480 38280 5 4 1800
2665 38400 41520 4 6 3120
2666 41640 44700 6 10 3060
2667 44820 47280 10 12 2460
2668 48240 50700 12 10 2460
2669 50820 53880 10 6 3060
2670 54000 57120 6 4 3120
2671 57240 59040 4 5 1800
2672 59160 60840 5 0 1680
2673 62640 65100 12 10 2460
2674 65220 68280 10 6 3060
2675 68400 71520 6 4 3120
2676 71640 73440 4 5 1800
2677 73560 75240 5 0 1680
2678 77040 79500 12 10 2460
2679 79620 82680 10 6 3060
2680 82800 85920 6 4 3120
2681 86040 87840 4 5 1800
2683 34800 35580 18 5 780
2684 35700 38460 5 17 2760
2685 39060 41820 17 5 2760
2686 41940 42720 5 18 780
2687 34920 35640 2 17 720
2688 35760 36840 17 0 1080
2689 36960 38580 0 4 1620
2690 38700 41820 4 6 3120
2691 42060 45360 6 10 3300
2692 45600 48240 10 11 2640
2693 52080 54720 11 10 2640
2694 54960 58140 10 6 3180
2695 58260 61380 6 4 3120
2696 61620 63240 4 0 1620
2697 63360 64440 0 17 1080
2698 64560 65280 17 2 720
2699 66480 69120 11 10 2640
2700 69360 72540 10 6 3180
2701 72660 75780 6 4 3120
2702 76020 77640 4 0 1620
2703 77760 78840 0 17 1080
2704 78960 79680 17 2 720
2705 34920 35640 2 17 720
2706 35760 36600 17 1 840
2707 36720 39300 1 9 2580
2708 39420 41700 9 3 2280
2709 41820 45060 3 13 3240
2710 46020 49260 13 3 3240
2711 49380 51660 3 9 2280
2712 51780 54360 9 1 2580
2713 54480 55320 1 17 840
2714 55440 56160 17 2 720
2716 37980 41040 10 6 3060
2717 41160 44280 6 4 3120
2718 44400 46200 4 5 1800
2719 46320 47100 5 18 780
2720 47220 48780 18 7 1560
2721 52560 54120 7 18 1560
2722 54240 55020 18 5 780
2723 55140 56940 5 4 1800
2724 57060 60180 4 6 3120
2725 60300 63360 6 10 3060
2726 63600 66240 10 11 2640
2727 66960 68520 7 18 1560
2728 68640 69420 18 5 780
2729 69540 71340 5 4 1800
2730 71460 74580 4 6 3120
2731 74700 77760 6 10 3060
2734 39180 42240 10 6 3060
2735 42360 45480 6 4 3120
2736 45600 47220 4 0 1620
2737 47340 48420 0 17 1080
2738 48540 49260 17 2 720
2739 52620 53340 2 17 720
2740 53460 54540 17 0 1080
2741 54660 56280 0 4 1620
2742 56400 59520 4 6 3120
2743 59640 62700 6 10 3060
2744 62820 65280 10 12 2460
2746 40560 43740 10 6 3180
2747 43860 46980 6 4 3120
2748 47220 48840 4 0 1620
2749 48960 50040 0 17 1080
2750 50160 50880 17 2 720
2751 52920 53640 2 17 720
2752 53760 54840 17 0 1080
2753 54960 56580 0 4 1620
2754 56700 59820 4 6 3120
2755 60060 63360 6 10 3300
2756 63600 66240 10 11 2640
2757 38160 39720 7 18 1560
2758 39840 40620 18 5 780
2759 40740 42540 5 4 1800
2760 42660 45780 4 6 3120
2761 45900 48960 6 10 3060
2762 49200 51840 10 11 2640
2763 53220 55860 11 10 2640
2764 55980 59040 10 6 3060
2765 59160 62280 6 4 3120
2766 62400 64200 4 5 1800
2767 64320 65100 5 18 780
2768 65220 66780 18 7 1560
2769 40200 42480 3 9 2280
2770 42600 44820 9 14 2220
2771 45600 47820 14 9 2220
2772 47940 50220 9 3 2280
2773 40260 42900 14 2 2640
2774 43020 46620 2 8 3600
2775 46740 48060 8 7 1320
2776 49680 51000 7 8 1320
2777 51120 54720 8 2 3600
2778 54840 57480 2 14 2640
2779 40260 42540 3 9 2280
2780 42660 43380 9 16 720
2781 45240 45960 16 9 720
2782 46200 48480 9 3 2280
2783 40740 41580 17 1 840
2784 41700 44700 1 4 3000
2785 44820 47940 4 6 3120
2786 48960 52080 6 4 3120
2787 52200 55200 4 1 3000
2788 55320 56160 1 17 840
2789 41820 42540 2 17 720
2790 42660 45420 17 5 2760
2791 46500 49260 5 17 2760
2792 49380 50100 17 2 720
2793 42000 42780 18 5 780
2794 42900 45660 5 17 2760
2795 46260 49020 17 5 2760
2796 49140 49920 5 18 780
2797 43860 45960 3 1 2100
2798 46080 46920 1 17 840
2799 47040 47760 17 2 720
2800 47880 51480 2 8 3600
2801 51600 52500 8 15 900
2802 53280 54180 15 8 900
2803 54300 57900 8 2 3600
2804 58020 58740 2 17 720
2805 58860 59700 17 1 840
2806 59820 61920 1 3 2100
2807 43980 47100 6 4 3120
2808 47220 49020 4 5 1800
2809 49140 52140 5 8 3000
2810 52260 53160 8 15 900
2811 53820 54720 15 8 900
2812 54840 57840 8 5 3000
2813 57960 59760 5 4 1800
2814 59880 63000 4 6 3120
2815 46920 50160 13 3 3240
2816 50280 52380 3 1 2100
2817 52500 55500 1 4 3000
2818 55740 57600 4 0 1860
2819 58320 59940 0 4 1620
2820 60180 63180 4 1 3000
2821 63300 65400 1 3 2100
2822 65520 68760 3 13 3240
2823 47400 49680 3 9 2280
2824 49800 52020 9 14 2220
2825 52800 55020 14 9 2220
2826 55140 57420 9 3 2280
2827 47460 49740 3 9 2280
2828 49860 50580 9 16 720
2829 52440 53160 16 9 720
2830 53400 55680 9 3 2280
2831 48660 49380 16 9 720
2832 49500 51720 9 14 2220
2833 51840 54480 14 2 2640
2834 54600 58200 2 8 3600
2835 58320 59220 8 15 900
2836 60720 61620 15 8 900
2837 61740 65340 8 2 3600
2838 65460 68100 2 14 2640
2839 68220 70440 14 9 2220
2840 70560 71280 9 16 720
2841 49020 49740 2 17 720
2842 49860 52620 17 5 2760
2843 53700 56460 5 17 2760
2844 56580 57300 17 2 720
2845 49200 49980 18 5 780
2846 50100 52860 5 17 2760
2847 53460 56220 17 5 2760
2848 56340 57120 5 18 780
2849 51060 53700 14 2 2640
2850 53820 57420 2 8 3600
2851 57540 58860 8 7 1320
2852 60480 61800 7 8 1320
2853 61920 65520 8 2 3600
2854 65640 68280 2 14 2640
2855 51540 52380 17 1 840
2856 52500 55500 1 4 3000
2857 55620 58740 4 6 3120
2858 59760 62880 6 4 3120
2859 63000 66000 4 1 3000
2860 66120 66960 1 17 840
2861 54600 56880 3 9 2280
2862 57000 59220 9 14 2220
2863 60000 62220 14 9 2220
2864 62340 64620 9 3 2280
2865 54660 56760 3 1 2100
2866 56880 57720 1 17 840
2867 57840 58560 17 2 720
2868 58680 62280 2 8 3600
2869 62400 63300 8 15 900
2870 64080 64980 15 8 900
2871 65100 68700 8 2 3600
2872 68820 69540 2 17 720
2873 69660 70500 17 1 840
2874 70620 72720 1 3 2100
2875 54660 56940 3 9 2280
2876 57060 57780 9 16 720
2877 59640 60360 16 9 720
2878 60600 62880 9 3 2280
2879 54780 57900 6 4 3120
2880 58020 59820 4 5 1800
2881 59940 62940 5 8 3000
2882 63060 63960 8 15 900
2883 64620 65520 15 8 900
2884 65640 68640 8 5 3000
2885 68760 70560 5 4 1800
2886 70680 73800 4 6 3120
2887 56220 56940 2 17 720
2888 57060 59820 17 5 2760
2889 60900 63660 5 17 2760
2890 63780 64500 17 2 720
2891 56400 57180 18 5 780
2892 57300 60060 5 17 2760
2893 60660 63420 17 5 2760
2894 63540 64320 5 18 780
2895 61320 64560 13 3 3240
2896 64680 66780 3 1 2100
2897 66900 69900 1 4 3000
2898 70140 72000 4 0 1860
2899 72720 74340 0 4 1620
2900 74580 77580 4 1 3000
2901 77700 79800 1 3 2100
2903 61800 64080 3 9 2280
2904 64200 66420 9 14 2220
2905 67200 69420 14 9 2220
2906 69540 71820 9 3 2280
2907 61860 64500 14 2 2640
2908 64620 68220 2 8 3600
2909 68340 69660 8 7 1320
2910 71280 72600 7 8 1320
2911 72720 76320 8 2 3600
2912 76440 79080 2 14 2640
2913 61860 64140 3 9 2280
2914 64260 64980 9 16 720
2915 66840 67560 16 9 720
2916 67800 70080 9 3 2280
2917 62340 63180 17 1 840
2918 63300 66300 1 4 3000
2919 66420 69540 4 6 3120
2920 70560 73680 6 4 3120
2921 73800 76800 4 1 3000
2922 76920 77760 1 17 840
2923 63060 63780 16 9 720
2924 63900 66120 9 14 2220
2925 66240 68880 14 2 2640
2926 69000 72600 2 8 3600
2927 72720 73620 8 15 900
2928 75120 76020 15 8 900
2929 76140 79740 8 2 3600
2933 63420 64140 2 17 720
2934 64260 67020 17 5 2760
2935 68100 70860 5 17 2760
2936 70980 71700 17 2 720
2937 63600 64380 18 5 780
2938 64500 67260 5 17 2760
2939 67860 70620 17 5 2760
2940 70740 71520 5 18 780
2941 65460 67560 3 1 2100
2942 67680 68520 1 17 840
2943 68640 69360 17 2 720
2944 69480 73080 2 8 3600
2945 73200 74100 8 15 900
2946 74880 75780 15 8 900
2947 75900 79500 8 2 3600
2948 79620 80340 2 17 720
2949 80460 81300 17 1 840
2951 65580 68700 6 4 3120
2952 68820 70620 4 5 1800
2953 70740 73740 5 8 3000
2954 73860 74760 8 15 900
2955 75420 76320 15 8 900
2956 76440 79440 8 5 3000
2957 79560 81360 5 4 1800
2958 81480 84600 4 6 3120
2959 69000 71280 3 9 2280
2960 71400 73620 9 14 2220
2961 74400 76620 14 9 2220
2962 76740 79020 9 3 2280
2963 69060 71340 3 9 2280
2964 71460 72180 9 16 720
2965 74040 74760 16 9 720
2966 75000 77280 9 3 2280
2967 70620 71340 2 17 720
2968 71460 74220 17 5 2760
2969 75300 78060 5 17 2760
2970 78180 78900 17 2 720
2971 70800 71580 18 5 780
2972 71700 74460 5 17 2760
2973 75060 77820 17 5 2760
2974 77940 78720 5 18 780
2975 72660 75300 14 2 2640
2976 75420 79020 2 8 3600
2977 79140 80460 8 7 1320
2978 82080 83400 7 8 1320
2981 73140 73980 17 1 840
2982 74100 77100 1 4 3000
2983 77220 80340 4 6 3120
2984 81360 84480 6 4 3120
2987 75720 78960 13 3 3240
2988 79080 81180 3 1 2100
2989 81300 84300 1 4 3000
2990 84540 86400 4 0 1860
2991 87120 88740 0 4 1620
2995 76200 78480 3 9 2280
2999 76260 78360 3 1 2100
3000 78480 79320 1 17 840
3001 79440 80160 17 2 720
3002 80280 83880 2 8 3600
3003 84000 84900 8 15 900
3004 85680 86580 15 8 900
3009 76260 78540 3 9 2280
3013 76380 79500 6 4 3120
3014 79620 81420 4 5 1800
3015 81540 84540 5 8 3000
3016 84660 85560 8 15 900
3017 86220 87120 15 8 900
3018 87240 90240 8 5 3000
3019 90360 92160 5 4 1800
3021 77460 78180 16 9 720
3031 77820 78540 2 17 720
3032 78660 81420 17 5 2760
3035 78000 78780 18 5 780
3036 78900 81660 5 17 2760
3037 82260 85020 17 5 2760
