3 26460 28620 4 7 2160
4 29400 31560 7 4 2160
5 31680 33420 4 0 1740
6 33540 35100 0 1 1560
7 35220 36360 1 3 1140
8 38400 40560 7 4 2160
9 40680 42420 4 0 1740
10 42540 44100 0 1 1560
11 44220 45360 1 3 1140
12 47400 49560 7 4 2160
13 49680 51420 4 0 1740
14 51540 53100 0 1 1560
15 53220 54360 1 3 1140
16 56400 58560 7 4 2160
17 58680 60420 4 0 1740
18 60540 62100 0 1 1560
19 62220 63360 1 3 1140
20 65400 67560 7 4 2160
21 67680 69420 4 0 1740
22 69540 71100 0 1 1560
23 71220 72360 1 3 1140
24 74400 76560 7 4 2160
25 76680 78420 4 0 1740
31 29640 30600 5 0 960
32 30720 32280 0 1 1560
33 32400 35100 1 2 2700
34 36840 37800 5 0 960
35 37920 39480 0 1 1560
36 39600 42300 1 2 2700
37 44040 45000 5 0 960
38 45120 46680 0 1 1560
39 46800 49500 1 2 2700
40 51240 52200 5 0 960
41 52320 53880 0 1 1560
42 54000 56700 1 2 2700
43 58440 59400 5 0 960
44 59520 61080 0 1 1560
45 61200 63900 1 2 2700
46 65640 66600 5 0 960
47 66720 68280 0 1 1560
48 68400 71100 1 2 2700
49 72840 73800 5 0 960
50 73920 75480 0 1 1560
56 29160 30900 0 8 1740
57 31020 33180 8 6 2160
58 35280 36240 5 0 960
59 36360 38100 0 8 1740
60 38220 40380 8 6 2160
61 42480 43440 5 0 960
62 43560 45300 0 8 1740
63 45420 47580 8 6 2160
64 49680 50640 5 0 960
65 50760 52500 0 8 1740
66 52620 54780 8 6 2160
67 56880 57840 5 0 960
68 57960 59700 0 8 1740
69 59820 61980 8 6 2160
70 64080 65040 5 0 960
71 65160 66900 0 8 1740
72 67020 69180 8 6 2160
73 71280 72240 5 0 960
74 72360 74100 0 8 1740
75 74220 76380 8 6 2160
76 78480 79440 5 0 960
80 24480 26220 4 0 1740
81 26340 27900 0 1 1560
82 28020 29160 1 3 1140
83 30660 31800 3 1 1140
84 31920 33480 1 0 1560
85 33600 35340 0 4 1740
86 35460 37620 4 7 2160
87 39660 40800 3 1 1140
88 40920 42480 1 0 1560
89 42600 44340 0 4 1740
90 44460 46620 4 7 2160
91 48660 49800 3 1 1140
92 49920 51480 1 0 1560
93 51600 53340 0 4 1740
94 53460 55620 4 7 2160
95 57660 58800 3 1 1140
96 58920 60480 1 0 1560
97 60600 62340 0 4 1740
98 62460 64620 4 7 2160
99 66660 67800 3 1 1140
100 67920 69480 1 0 1560
101 69600 71340 0 4 1740
102 71460 73620 4 7 2160
103 75660 76800 3 1 1140
104 76920 78480 1 0 1560
105 78600 80340 0 4 1740
108 24600 26460 4 8 1860
109 26580 27960 8 3 1380
110 30060 31440 3 8 1380
111 31560 33420 8 4 1860
112 33540 35700 4 7 2160
113 37260 38640 3 8 1380
114 38760 40620 8 4 1860
115 40740 42900 4 7 2160
116 44460 45840 3 8 1380
117 45960 47820 8 4 1860
118 47940 50100 4 7 2160
119 51660 53040 3 8 1380
120 53160 55020 8 4 1860
121 55140 57300 4 7 2160
122 58860 60240 3 8 1380
123 60360 62220 8 4 1860
124 62340 64500 4 7 2160
125 66060 67440 3 8 1380
126 67560 69420 8 4 1860
127 69540 71700 4 7 2160
128 73260 74640 3 8 1380
129 74760 76620 8 4 1860
130 76740 78900 4 7 2160
135 32100 33660 1 0 1560
136 33780 34740 0 5 960
137 36480 39180 2 1 2700
138 39300 40860 1 0 1560
139 40980 41940 0 5 960
140 43680 46380 2 1 2700
141 46500 48060 1 0 1560
142 48180 49140 0 5 960
143 50880 53580 2 1 2700
144 53700 55260 1 0 1560
145 55380 56340 0 5 960
146 58080 60780 2 1 2700
147 60900 62460 1 0 1560
148 62580 63540 0 5 960
149 65280 67980 2 1 2700
150 68100 69660 1 0 1560
151 69780 70740 0 5 960
152 72480 75180 2 1 2700
153 75300 76860 1 0 1560
160 34740 35880 1 3 1140
161 36000 37380 3 8 1380
162 37500 39660 8 6 2160
163 42720 45420 2 1 2700
164 45540 46680 1 3 1140
165 46800 48180 3 8 1380
166 48300 50460 8 6 2160
167 53520 56220 2 1 2700
168 56340 57480 1 3 1140
169 57600 58980 3 8 1380
170 59100 61260 8 6 2160
171 64320 67020 2 1 2700
172 67140 68280 1 3 1140
173 68400 69780 3 8 1380
174 69900 72060 8 6 2160
175 75120 77820 2 1 2700
181 26340 28500 4 7 2160
182 29520 31680 7 4 2160
183 31800 33660 4 8 1860
184 33780 35160 8 3 1380
185 36720 38880 7 4 2160
186 39000 40860 4 8 1860
187 40980 42360 8 3 1380
188 43920 46080 7 4 2160
189 46200 48060 4 8 1860
190 48180 49560 8 3 1380
191 51120 53280 7 4 2160
192 53400 55260 4 8 1860
193 55380 56760 8 3 1380
194 58320 60480 7 4 2160
195 60600 62460 4 8 1860
196 62580 63960 8 3 1380
197 65520 67680 7 4 2160
198 67800 69660 4 8 1860
199 69780 71160 8 3 1380
200 72720 74880 7 4 2160
201 75000 76860 4 8 1860
206 28260 30420 4 7 2160
207 31200 33360 7 4 2160
208 33480 35220 4 0 1740
209 35340 36900 0 1 1560
210 37020 38160 1 3 1140
211 40200 42360 7 4 2160
212 42480 44220 4 0 1740
213 44340 45900 0 1 1560
214 46020 47160 1 3 1140
215 49200 51360 7 4 2160
216 51480 53220 4 0 1740
217 53340 54900 0 1 1560
218 55020 56160 1 3 1140
219 58200 60360 7 4 2160
220 60480 62220 4 0 1740
221 62340 63900 0 1 1560
222 64020 65160 1 3 1140
223 67200 69360 7 4 2160
224 69480 71220 4 0 1740
225 71340 72900 0 1 1560
226 73020 74160 1 3 1140
227 76200 78360 7 4 2160
232 27360 28920 4 5 1560
233 31200 32760 5 4 1560
234 32880 36180 4 6 3300
235 38400 39960 5 4 1560
236 40080 43380 4 6 3300
237 45600 47160 5 4 1560
238 47280 50580 4 6 3300
239 52800 54360 5 4 1560
240 54480 57780 4 6 3300
241 60000 61560 5 4 1560
242 61680 64980 4 6 3300
243 67200 68760 5 4 1560
244 68880 72180 4 6 3300
245 74400 75960 5 4 1560
248 25680 28980 4 6 3300
249 31140 34440 6 4 3300
250 34560 36120 4 5 1560
251 38340 41640 6 4 3300
252 41760 43320 4 5 1560
253 45540 48840 6 4 3300
254 48960 50520 4 5 1560
255 52740 56040 6 4 3300
256 56160 57720 4 5 1560
257 59940 63240 6 4 3300
258 63360 64920 4 5 1560
259 67140 70440 6 4 3300
260 70560 72120 4 5 1560
261 74340 77640 6 4 3300
264 26280 28020 4 0 1740
265 28140 29700 0 1 1560
266 29820 30960 1 3 1140
267 32460 33600 3 1 1140
268 33720 35280 1 0 1560
269 35400 37140 0 4 1740
270 37260 39420 4 7 2160
271 41460 42600 3 1 1140
272 42720 44280 1 0 1560
273 44400 46140 0 4 1740
274 46260 48420 4 7 2160
275 50460 51600 3 1 1140
276 51720 53280 1 0 1560
277 53400 55140 0 4 1740
278 55260 57420 4 7 2160
279 59460 60600 3 1 1140
280 60720 62280 1 0 1560
281 62400 64140 0 4 1740
282 64260 66420 4 7 2160
283 68460 69600 3 1 1140
284 69720 71280 1 0 1560
285 71400 73140 0 4 1740
286 73260 75420 4 7 2160
287 77460 78600 3 1 1140
288 78720 80280 1 0 1560
289 80400 82140 0 4 1740
292 26400 28260 4 8 1860
293 28380 29760 8 3 1380
294 31860 33240 3 8 1380
295 33360 35220 8 4 1860
296 35340 37500 4 7 2160
297 39060 40440 3 8 1380
298 40560 42420 8 4 1860
299 42540 44700 4 7 2160
300 46260 47640 3 8 1380
301 47760 49620 8 4 1860
302 49740 51900 4 7 2160
303 53460 54840 3 8 1380
304 54960 56820 8 4 1860
305 56940 59100 4 7 2160
306 60660 62040 3 8 1380
307 62160 64020 8 4 1860
308 64140 66300 4 7 2160
309 67860 69240 3 8 1380
310 69360 71220 8 4 1860
311 71340 73500 4 7 2160
312 75060 76440 3 8 1380
313 76560 78420 8 4 1860
314 78540 80700 4 7 2160
317 27420 29580 8 6 2160
318 33000 35160 6 8 2160
319 35280 37020 8 0 1740
320 37140 38100 0 5 960
321 40200 42360 6 8 2160
322 42480 44220 8 0 1740
323 44340 45300 0 5 960
324 47400 49560 6 8 2160
325 49680 51420 8 0 1740
326 51540 52500 0 5 960
327 54600 56760 6 8 2160
328 56880 58620 8 0 1740
329 58740 59700 0 5 960
330 61800 63960 6 8 2160
331 64080 65820 8 0 1740
332 65940 66900 0 5 960
333 69000 71160 6 8 2160
334 71280 73020 8 0 1740
335 73140 74100 0 5 960
336 76200 78360 6 8 2160
341 28140 30300 4 7 2160
342 31320 33480 7 4 2160
343 33600 35460 4 8 1860
344 35580 36960 8 3 1380
345 38520 40680 7 4 2160
346 40800 42660 4 8 1860
347 42780 44160 8 3 1380
348 45720 47880 7 4 2160
349 48000 49860 4 8 1860
350 49980 51360 8 3 1380
351 52920 55080 7 4 2160
352 55200 57060 4 8 1860
353 57180 58560 8 3 1380
354 60120 62280 7 4 2160
355 62400 64260 4 8 1860
356 64380 65760 8 3 1380
357 67320 69480 7 4 2160
358 69600 71460 4 8 1860
359 71580 72960 8 3 1380
360 74520 76680 7 4 2160
361 76800 78660 4 8 1860
365 28800 30180 3 8 1380
366 30300 32460 8 6 2160
367 33480 35640 6 8 2160
368 35760 37140 8 3 1380
369 37260 38400 3 1 1140
370 38520 41220 1 2 2700
371 44280 46440 6 8 2160
372 46560 47940 8 3 1380
373 48060 49200 3 1 1140
374 49320 52020 1 2 2700
375 55080 57240 6 8 2160
376 57360 58740 8 3 1380
377 58860 60000 3 1 1140
378 60120 62820 1 2 2700
379 65880 68040 6 8 2160
380 68160 69540 8 3 1380
381 69660 70800 3 1 1140
382 70920 73620 1 2 2700
383 76680 78840 6 8 2160
389 28200 29940 0 4 1740
390 30060 32220 4 7 2160
391 33000 35160 7 4 2160
392 35280 37020 4 0 1740
393 37140 38700 0 1 1560
394 38820 39960 1 3 1140
395 42000 44160 7 4 2160
396 44280 46020 4 0 1740
397 46140 47700 0 1 1560
398 47820 48960 1 3 1140
399 51000 53160 7 4 2160
400 53280 55020 4 0 1740
401 55140 56700 0 1 1560
402 56820 57960 1 3 1140
403 60000 62160 7 4 2160
404 62280 64020 4 0 1740
405 64140 65700 0 1 1560
406 65820 66960 1 3 1140
407 69000 71160 7 4 2160
408 71280 73020 4 0 1740
409 73140 74700 0 1 1560
410 74820 75960 1 3 1140
411 78000 80160 7 4 2160
416 28500 30060 1 0 1560
417 30180 31140 0 5 960
418 33240 34200 5 0 960
419 34320 35880 0 1 1560
420 36000 38700 1 2 2700
421 40440 41400 5 0 960
422 41520 43080 0 1 1560
423 43200 45900 1 2 2700
424 47640 48600 5 0 960
425 48720 50280 0 1 1560
426 50400 53100 1 2 2700
427 54840 55800 5 0 960
428 55920 57480 0 1 1560
429 57600 60300 1 2 2700
430 62040 63000 5 0 960
431 63120 64680 0 1 1560
432 64800 67500 1 2 2700
433 69240 70200 5 0 960
434 70320 71880 0 1 1560
436 76440 77400 5 0 960
440 28080 29820 8 0 1740
441 29940 30900 0 5 960
442 31680 32640 5 0 960
443 32760 34500 0 8 1740
444 34620 36780 8 6 2160
445 38880 39840 5 0 960
446 39960 41700 0 8 1740
447 41820 43980 8 6 2160
448 46080 47040 5 0 960
449 47160 48900 0 8 1740
450 49020 51180 8 6 2160
451 53280 54240 5 0 960
452 54360 56100 0 8 1740
453 56220 58380 8 6 2160
454 60480 61440 5 0 960
455 61560 63300 0 8 1740
456 63420 65580 8 6 2160
457 67680 68640 5 0 960
458 68760 70500 0 8 1740
459 70620 72780 8 6 2160
460 74880 75840 5 0 960
461 75960 77700 0 8 1740
464 28080 29820 4 0 1740
465 29940 31500 0 1 1560
466 31620 32760 1 3 1140
467 34260 35400 3 1 1140
468 35520 37080 1 0 1560
469 37200 38940 0 4 1740
470 39060 41220 4 7 2160
471 43260 44400 3 1 1140
472 44520 46080 1 0 1560
473 46200 47940 0 4 1740
474 48060 50220 4 7 2160
475 52260 53400 3 1 1140
476 53520 55080 1 0 1560
477 55200 56940 0 4 1740
478 57060 59220 4 7 2160
479 61260 62400 3 1 1140
480 62520 64080 1 0 1560
481 64200 65940 0 4 1740
482 66060 68220 4 7 2160
483 70260 71400 3 1 1140
484 71520 73080 1 0 1560
485 73200 74940 0 4 1740
486 75060 77220 4 7 2160
488 28200 30060 4 8 1860
489 30180 31560 8 3 1380
490 33660 35040 3 8 1380
491 35160 37020 8 4 1860
492 37140 39300 4 7 2160
493 40860 42240 3 8 1380
494 42360 44220 8 4 1860
495 44340 46500 4 7 2160
496 48060 49440 3 8 1380
497 49560 51420 8 4 1860
498 51540 53700 4 7 2160
499 55260 56640 3 8 1380
500 56760 58620 8 4 1860
501 58740 60900 4 7 2160
502 62460 63840 3 8 1380
503 63960 65820 8 4 1860
504 65940 68100 4 7 2160
505 69660 71040 3 8 1380
506 71160 73020 8 4 1860
507 73140 75300 4 7 2160
508 76860 78240 3 8 1380
509 78360 80220 8 4 1860
512 27120 28680 0 1 1560
513 28800 31500 1 2 2700
514 32880 35580 2 1 2700
515 35700 37260 1 0 1560
516 37380 38340 0 5 960
517 40080 42780 2 1 2700
518 42900 44460 1 0 1560
519 44580 45540 0 5 960
520 47280 49980 2 1 2700
521 50100 51660 1 0 1560
522 51780 52740 0 5 960
523 54480 57180 2 1 2700
524 57300 58860 1 0 1560
525 58980 59940 0 5 960
526 61680 64380 2 1 2700
527 64500 66060 1 0 1560
528 66180 67140 0 5 960
529 68880 71580 2 1 2700
530 71700 73260 1 0 1560
531 73380 74340 0 5 960
536 28560 29940 8 3 1380
537 30060 31200 3 1 1140
538 31320 34020 1 2 2700
539 35520 38220 2 1 2700
540 38340 39480 1 3 1140
541 39600 40980 3 8 1380
542 41100 43260 8 6 2160
543 46320 49020 2 1 2700
544 49140 50280 1 3 1140
545 50400 51780 3 8 1380
546 51900 54060 8 6 2160
547 57120 59820 2 1 2700
548 59940 61080 1 3 1140
549 61200 62580 3 8 1380
550 62700 64860 8 6 2160
551 67920 70620 2 1 2700
552 70740 71880 1 3 1140
553 72000 73380 3 8 1380
554 73500 75660 8 6 2160
560 27960 29820 8 4 1860
561 29940 32100 4 7 2160
562 33120 35280 7 4 2160
563 35400 37260 4 8 1860
564 37380 38760 8 3 1380
565 40320 42480 7 4 2160
566 42600 44460 4 8 1860
567 44580 45960 8 3 1380
568 47520 49680 7 4 2160
569 49800 51660 4 8 1860
570 51780 53160 8 3 1380
571 54720 56880 7 4 2160
572 57000 58860 4 8 1860
573 58980 60360 8 3 1380
574 61920 64080 7 4 2160
575 64200 66060 4 8 1860
576 66180 67560 8 3 1380
577 69120 71280 7 4 2160
578 71400 73260 4 8 1860
579 73380 74760 8 3 1380
580 76320 78480 7 4 2160
585 30000 31740 0 4 1740
586 31860 34020 4 7 2160
587 34800 36960 7 4 2160
588 37080 38820 4 0 1740
589 38940 40500 0 1 1560
590 40620 41760 1 3 1140
591 43800 45960 7 4 2160
592 46080 47820 4 0 1740
593 47940 49500 0 1 1560
594 49620 50760 1 3 1140
595 52800 54960 7 4 2160
596 55080 56820 4 0 1740
597 56940 58500 0 1 1560
598 58620 59760 1 3 1140
599 61800 63960 7 4 2160
600 64080 65820 4 0 1740
601 65940 67500 0 1 1560
602 67620 68760 1 3 1140
603 70800 72960 7 4 2160
604 73080 74820 4 0 1740
605 74940 76500 0 1 1560
606 76620 77760 1 3 1140
608 30960 32520 4 5 1560
609 34800 36360 5 4 1560
610 36480 39780 4 6 3300
611 42000 43560 5 4 1560
612 43680 46980 4 6 3300
613 49200 50760 5 4 1560
614 50880 54180 4 6 3300
615 56400 57960 5 4 1560
616 58080 61380 4 6 3300
617 63600 65160 5 4 1560
618 65280 68580 4 6 3300
619 70800 72360 5 4 1560
620 72480 75780 4 6 3300
621 78000 79560 5 4 1560
624 29280 32580 4 6 3300
625 34740 38040 6 4 3300
626 38160 39720 4 5 1560
627 41940 45240 6 4 3300
628 45360 46920 4 5 1560
629 49140 52440 6 4 3300
630 52560 54120 4 5 1560
631 56340 59640 6 4 3300
632 59760 61320 4 5 1560
633 63540 66840 6 4 3300
634 66960 68520 4 5 1560
635 70740 74040 6 4 3300
636 74160 75720 4 5 1560
637 77940 81240 6 4 3300
640 29880 31620 4 0 1740
641 31740 33300 0 1 1560
642 33420 34560 1 3 1140
643 36060 37200 3 1 1140
644 37320 38880 1 0 1560
645 39000 40740 0 4 1740
646 40860 43020 4 7 2160
647 45060 46200 3 1 1140
648 46320 47880 1 0 1560
649 48000 49740 0 4 1740
650 49860 52020 4 7 2160
651 54060 55200 3 1 1140
652 55320 56880 1 0 1560
653 57000 58740 0 4 1740
654 58860 61020 4 7 2160
655 63060 64200 3 1 1140
656 64320 65880 1 0 1560
657 66000 67740 0 4 1740
658 67860 70020 4 7 2160
659 72060 73200 3 1 1140
660 73320 74880 1 0 1560
661 75000 76740 0 4 1740
662 76860 79020 4 7 2160
664 30000 31860 4 8 1860
665 31980 33360 8 3 1380
666 35460 36840 3 8 1380
667 36960 38820 8 4 1860
668 38940 41100 4 7 2160
669 42660 44040 3 8 1380
670 44160 46020 8 4 1860
671 46140 48300 4 7 2160
672 49860 51240 3 8 1380
673 51360 53220 8 4 1860
674 53340 55500 4 7 2160
675 57060 58440 3 8 1380
676 58560 60420 8 4 1860
677 60540 62700 4 7 2160
678 64260 65640 3 8 1380
679 65760 67620 8 4 1860
680 67740 69900 4 7 2160
681 71460 72840 3 8 1380
682 72960 74820 8 4 1860
683 74940 77100 4 7 2160
684 78660 80040 3 8 1380
685 80160 82020 8 4 1860
688 29760 31620 8 4 1860
689 31740 33900 4 7 2160
690 34920 37080 7 4 2160
691 37200 39060 4 8 1860
692 39180 40560 8 3 1380
693 42120 44280 7 4 2160
694 44400 46260 4 8 1860
695 46380 47760 8 3 1380
696 49320 51480 7 4 2160
697 51600 53460 4 8 1860
698 53580 54960 8 3 1380
699 56520 58680 7 4 2160
700 58800 60660 4 8 1860
701 60780 62160 8 3 1380
702 63720 65880 7 4 2160
703 66000 67860 4 8 1860
704 67980 69360 8 3 1380
705 70920 73080 7 4 2160
706 73200 75060 4 8 1860
707 75180 76560 8 3 1380
708 78120 80280 7 4 2160
712 31140 32280 1 3 1140
713 32400 33780 3 8 1380
714 33900 36060 8 6 2160
715 37080 39240 6 8 2160
716 39360 40740 8 3 1380
717 40860 42000 3 1 1140
718 42120 44820 1 2 2700
719 47880 50040 6 8 2160
720 50160 51540 8 3 1380
721 51660 52800 3 1 1140
722 52920 55620 1 2 2700
723 58680 60840 6 8 2160
724 60960 62340 8 3 1380
725 62460 63600 3 1 1140
726 63720 66420 1 2 2700
727 69480 71640 6 8 2160
728 71760 73140 8 3 1380
729 73260 74400 3 1 1140
731 28860 30000 3 1 1140
732 30120 31680 1 0 1560
733 31800 33540 0 4 1740
734 33660 35820 4 7 2160
735 36600 38760 7 4 2160
736 38880 40620 4 0 1740
737 40740 42300 0 1 1560
738 42420 43560 1 3 1140
739 45600 47760 7 4 2160
740 47880 49620 4 0 1740
741 49740 51300 0 1 1560
742 51420 52560 1 3 1140
743 54600 56760 7 4 2160
744 56880 58620 4 0 1740
745 58740 60300 0 1 1560
746 60420 61560 1 3 1140
747 63600 65760 7 4 2160
748 65880 67620 4 0 1740
749 67740 69300 0 1 1560
750 69420 70560 1 3 1140
751 72600 74760 7 4 2160
752 74880 76620 4 0 1740
756 31680 33420 8 0 1740
757 33540 34500 0 5 960
758 35280 36240 5 0 960
759 36360 38100 0 8 1740
760 38220 40380 8 6 2160
761 29880 32040 6 8 2160
762 32160 33540 8 3 1380
763 33660 34800 3 1 1140
764 34920 37620 1 2 2700
765 39120 41820 2 1 2700
766 41940 43080 1 3 1140
767 43200 44580 3 8 1380
768 44700 46860 8 6 2160
769 49920 52620 2 1 2700
770 52740 53880 1 3 1140
771 54000 55380 3 8 1380
772 55500 57660 8 6 2160
773 60720 63420 2 1 2700
774 63540 64680 1 3 1140
775 64800 66180 3 8 1380
776 66300 68460 8 6 2160
777 71520 74220 2 1 2700
778 74340 75480 1 3 1140
779 75600 76980 3 8 1380
781 36600 38760 6 8 2160
782 38880 40620 8 0 1740
783 40740 41700 0 5 960
784 42480 43440 5 0 960
785 43560 45300 0 8 1740
786 45420 47580 8 6 2160
787 37860 39000 3 1 1140
788 39120 40680 1 0 1560
789 40800 42540 0 4 1740
790 42660 44820 4 7 2160
791 45600 47760 7 4 2160
792 47880 49620 4 0 1740
793 49740 51300 0 1 1560
794 51420 52560 1 3 1140
795 40680 42840 6 8 2160
796 42960 44340 8 3 1380
797 44460 45600 3 1 1140
798 45720 48420 1 2 2700
799 49920 52620 2 1 2700
800 52740 53880 1 3 1140
801 54000 55380 3 8 1380
802 55500 57660 8 6 2160
803 43800 45960 6 8 2160
804 46080 47820 8 0 1740
805 47940 48900 0 5 960
806 49680 50640 5 0 960
807 50760 52500 0 8 1740
808 52620 54780 8 6 2160
809 46860 48000 3 1 1140
810 48120 49680 1 0 1560
811 49800 51540 0 4 1740
812 51660 53820 4 7 2160
813 54600 56760 7 4 2160
814 56880 58620 4 0 1740
815 58740 60300 0 1 1560
816 60420 61560 1 3 1140
817 51000 53160 6 8 2160
818 53280 55020 8 0 1740
819 55140 56100 0 5 960
820 56880 57840 5 0 960
821 57960 59700 0 8 1740
822 59820 61980 8 6 2160
823 51480 53640 6 8 2160
824 53760 55140 8 3 1380
825 55260 56400 3 1 1140
826 56520 59220 1 2 2700
827 60720 63420 2 1 2700
828 63540 64680 1 3 1140
829 64800 66180 3 8 1380
830 66300 68460 8 6 2160
831 55860 57000 3 1 1140
832 57120 58680 1 0 1560
833 58800 60540 0 4 1740
834 60660 62820 4 7 2160
835 63600 65760 7 4 2160
836 65880 67620 4 0 1740
837 67740 69300 0 1 1560
838 69420 70560 1 3 1140
839 58200 60360 6 8 2160
840 60480 62220 8 0 1740
841 62340 63300 0 5 960
842 64080 65040 5 0 960
843 65160 66900 0 8 1740
844 67020 69180 8 6 2160
845 62280 64440 6 8 2160
846 64560 65940 8 3 1380
847 66060 67200 3 1 1140
848 67320 70020 1 2 2700
849 71520 74220 2 1 2700
850 74340 75480 1 3 1140
851 75600 76980 3 8 1380
853 64860 66000 3 1 1140
854 66120 67680 1 0 1560
855 67800 69540 0 4 1740
856 69660 71820 4 7 2160
857 72600 74760 7 4 2160
858 74880 76620 4 0 1740
861 65400 67560 6 8 2160
862 67680 69420 8 0 1740
863 69540 70500 0 5 960
864 71280 72240 5 0 960
865 72360 74100 0 8 1740
866 74220 76380 8 6 2160
867 72600 74760 6 8 2160
868 74880 76620 8 0 1740
869 76740 77700 0 5 960
870 78480 79440 5 0 960
873 73080 75240 6 8 2160
874 75360 76740 8 3 1380
875 76860 78000 3 1 1140
881 73860 75000 3 1 1140
882 75120 76680 1 0 1560
883 76800 78540 0 4 1740
884 78660 80820 4 7 2160
885 81600 83760 7 4 2160
