0 24420 26640 3 1 2220
1 29580 31800 1 3 2220
2 32040 34860 3 0 2820
3 36780 39000 1 3 2220
4 39240 42060 3 0 2820
5 43980 46200 1 3 2220
6 46440 49260 3 0 2820
7 51180 53400 1 3 2220
8 53640 56460 3 0 2820
9 58380 60600 1 3 2220
10 60840 63660 3 0 2820
11 65580 67800 1 3 2220
12 68040 70860 3 0 2820
13 72780 75000 1 3 2220
14 75240 78060 3 0 2820
15 79200 81780 0 3 2580
16 82020 84240 3 1 2220
17 87180 89400 1 3 2220
18 34980 36360 9 6 1380
19 36600 38520 6 2 1920
20 42180 43560 9 6 1380
21 43800 45720 6 2 1920
22 49380 50760 9 6 1380
23 51000 52920 6 2 1920
24 56580 57960 9 6 1380
25 58200 60120 6 2 1920
26 63780 65160 9 6 1380
27 65400 67320 6 2 1920
28 70980 72360 9 6 1380
29 72600 74520 6 2 1920
30 78180 79560 9 6 1380
31 79800 81720 6 2 1920
32 25500 26160 3 4 660
33 26280 28740 4 5 2460
34 28860 31020 5 7 2160
35 31140 32340 7 12 1200
36 35340 36540 12 7 1200
37 36660 38820 7 5 2160
38 38940 41400 5 4 2460
39 41520 42180 4 3 660
40 42300 44520 3 1 2220
41 44640 46020 1 19 1380
42 49740 50940 12 7 1200
43 51060 53220 7 5 2160
44 53340 55800 5 4 2460
45 55920 56580 4 3 660
46 56700 58920 3 1 2220
47 59040 60420 1 19 1380
48 64140 65340 12 7 1200
49 65460 67620 7 5 2160
50 67740 70200 5 4 2460
51 70320 70980 4 3 660
52 71100 73320 3 1 2220
53 73440 74820 1 19 1380
54 78540 79740 12 7 1200
55 79860 82020 7 5 2160
56 82140 84600 5 4 2460
57 84720 85380 4 3 660
58 36300 38520 18 6 2220
59 38640 41820 6 16 3180
60 41940 43380 16 1 1440
61 43500 44880 1 19 1380
62 45000 46680 19 0 1680
63 50700 52920 18 6 2220
64 53040 56220 6 16 3180
65 56340 57780 16 1 1440
66 57900 59280 1 19 1380
67 59400 61080 19 0 1680
68 65100 67320 18 6 2220
69 67440 70620 6 16 3180
70 70740 72180 16 1 1440
71 72300 73680 1 19 1380
72 73800 75480 19 0 1680
73 27540 28980 16 1 1440
74 29100 30480 1 19 1380
75 30600 32280 19 0 1680
76 36300 37980 0 19 1680
77 38100 39480 19 1 1380
78 39600 41040 1 16 1440
79 41160 44340 16 6 3180
80 44460 46680 6 18 2220
81 50700 52380 0 19 1680
82 52500 53880 19 1 1380
83 54000 55440 1 16 1440
84 55560 58740 16 6 3180
85 58860 61080 6 18 2220
86 65100 66780 0 19 1680
87 66900 68280 19 1 1380
88 68400 69840 1 16 1440
89 69960 73140 16 6 3180
90 73260 75480 6 18 2220
91 30600 32040 16 1 1440
92 32160 33540 1 19 1380
93 35520 36180 9 17 660
94 36300 37680 17 16 1380
95 37800 39240 16 1 1440
96 39360 40740 1 19 1380
97 42720 43380 9 17 660
98 43500 44880 17 16 1380
99 45000 46440 16 1 1440
100 46560 47940 1 19 1380
101 49920 50580 9 17 660
102 50700 52080 17 16 1380
103 52200 53640 16 1 1440
104 53760 55140 1 19 1380
105 57120 57780 9 17 660
106 57900 59280 17 16 1380
107 59400 60840 16 1 1440
108 60960 62340 1 19 1380
109 64320 64980 9 17 660
110 65100 66480 17 16 1380
111 66600 68040 16 1 1440
112 68160 69540 1 19 1380
113 71520 72180 9 17 660
114 72300 73680 17 16 1380
115 73800 75240 16 1 1440
116 75360 76740 1 19 1380
117 78720 79380 9 17 660
118 79500 80880 17 16 1380
119 81000 82440 16 1 1440
120 33180 35580 7 11 2400
121 35700 37560 11 13 1860
122 37680 40620 13 15 2940
123 42660 43860 12 7 1200
124 43980 46380 7 11 2400
125 46500 48360 11 13 1860
126 48480 51420 13 15 2940
127 53460 54660 12 7 1200
128 54780 57180 7 11 2400
129 57300 59160 11 13 1860
130 59280 62220 13 15 2940
131 64260 65460 12 7 1200
132 65580 67980 7 11 2400
133 68100 69960 11 13 1860
134 70080 73020 13 15 2940
135 75060 76260 12 7 1200
136 76380 78780 7 11 2400
137 27120 29700 3 0 2580
138 33720 36540 0 3 2820
139 36780 39420 3 10 2640
140 39540 41640 10 8 2100
141 44520 47340 0 3 2820
142 47580 50220 3 10 2640
143 50340 52440 10 8 2100
144 55320 58140 0 3 2820
145 58380 61020 3 10 2640
146 61140 63240 10 8 2100
147 66120 68940 0 3 2820
148 69180 71820 3 10 2640
149 71940 74040 10 8 2100
150 76920 79740 0 3 2820
151 26760 29400 3 10 2640
152 29520 31620 10 8 2100
153 34620 36720 8 10 2100
154 36840 39480 10 3 2640
155 39600 42600 3 16 3000
156 42720 44100 16 17 1380
157 45420 47520 8 10 2100
158 47640 50280 10 3 2640
159 50400 53400 3 16 3000
160 53520 54900 16 17 1380
161 56220 58320 8 10 2100
162 58440 61080 10 3 2640
163 61200 64200 3 16 3000
164 64320 65700 16 17 1380
165 67020 69120 8 10 2100
166 69240 71880 10 3 2640
167 72000 75000 3 16 3000
168 75120 76500 16 17 1380
169 77820 79920 8 10 2100
170 80040 82680 10 3 2640
171 27540 30000 4 5 2460
172 30120 32280 5 7 2160
173 35100 37260 7 5 2160
174 37380 39840 5 4 2460
175 39960 42240 4 10 2280
176 42360 45060 10 0 2700
177 45900 48060 7 5 2160
178 48180 50640 5 4 2460
179 50760 53040 4 10 2280
180 53160 55860 10 0 2700
181 56700 58860 7 5 2160
182 58980 61440 5 4 2460
183 61560 63840 4 10 2280
184 63960 66660 10 0 2700
185 67500 69660 7 5 2160
186 69780 72240 5 4 2460
187 72360 74640 4 10 2280
188 74760 77460 10 0 2700
189 78300 80460 7 5 2160
190 80580 83040 5 4 2460
191 25080 27300 3 1 2220
192 27420 28680 1 14 1260
193 30240 31500 14 1 1260
194 31620 33840 1 3 2220
195 33960 36600 3 10 2640
196 37440 38700 14 1 1260
197 38820 41040 1 3 2220
198 41160 43800 3 10 2640
199 44640 45900 14 1 1260
200 46020 48240 1 3 2220
201 48360 51000 3 10 2640
202 51840 53100 14 1 1260
203 53220 55440 1 3 2220
204 55560 58200 3 10 2640
205 59040 60300 14 1 1260
206 60420 62640 1 3 2220
207 62760 65400 3 10 2640
208 66240 67500 14 1 1260
209 67620 69840 1 3 2220
210 69960 72600 3 10 2640
211 73440 74700 14 1 1260
212 74820 77040 1 3 2220
213 24840 27660 3 0 2820
214 28800 31380 0 3 2580
215 31620 33840 3 1 2220
216 36000 38580 0 3 2580
217 38820 41040 3 1 2220
218 43200 45780 0 3 2580
219 46020 48240 3 1 2220
220 50400 52980 0 3 2580
221 53220 55440 3 1 2220
222 57600 60180 0 3 2580
223 60420 62640 3 1 2220
224 64800 67380 0 3 2580
225 67620 69840 3 1 2220
226 72000 74580 0 3 2580
227 74820 77040 3 1 2220
228 25080 27780 3 2 2700
229 27900 29820 2 6 1920
230 29940 32160 6 18 2220
231 35520 37740 18 6 2220
232 37860 39780 6 2 1920
233 39900 42600 2 3 2700
234 42720 45300 3 0 2580
235 46320 48540 18 6 2220
236 48660 50580 6 2 1920
237 50700 53400 2 3 2700
238 53520 56100 3 0 2580
239 57120 59340 18 6 2220
240 59460 61380 6 2 1920
241 61500 64200 2 3 2700
242 64320 66900 3 0 2580
243 67920 70140 18 6 2220
244 70260 72180 6 2 1920
245 72300 75000 2 3 2700
246 75120 77700 3 0 2580
247 78720 80940 18 6 2220
248 81060 82980 6 2 1920
249 83100 85800 2 3 2700
250 22380 25080 3 2 2700
251 25200 26340 2 16 1140
252 27060 28200 16 2 1140
253 28320 31020 2 3 2700
254 34260 35400 16 2 1140
255 35520 38220 2 3 2700
256 41460 42600 16 2 1140
257 42720 45420 2 3 2700
258 48660 49800 16 2 1140
259 49920 52620 2 3 2700
260 55860 57000 16 2 1140
261 57120 59820 2 3 2700
262 63060 64200 16 2 1140
263 64320 67020 2 3 2700
264 70260 71400 16 2 1140
265 71520 74220 2 3 2700
266 77460 78600 16 2 1140
267 78720 81420 2 3 2700
268 25500 26160 3 4 660
269 26340 28620 4 10 2280
270 31080 33360 10 4 2280
271 33600 34260 4 3 660
272 34380 36960 3 0 2580
273 38280 40560 10 4 2280
274 40800 41460 4 3 660
275 41580 44160 3 0 2580
276 45480 47760 10 4 2280
277 48000 48660 4 3 660
278 48780 51360 3 0 2580
279 52680 54960 10 4 2280
280 55200 55860 4 3 660
281 55980 58560 3 0 2580
282 59880 62160 10 4 2280
283 62400 63060 4 3 660
284 63180 65760 3 0 2580
285 67080 69360 10 4 2280
286 69600 70260 4 3 660
287 70380 72960 3 0 2580
288 74280 76560 10 4 2280
289 76800 77460 4 3 660
290 30300 33000 10 0 2700
291 33120 34800 0 19 1680
292 35700 37380 19 0 1680
293 37500 40200 0 10 2700
294 40320 42660 10 15 2340
295 42780 45720 15 13 2940
296 45840 47700 13 11 1860
297 50100 51780 19 0 1680
298 51900 54600 0 10 2700
299 54720 57060 10 15 2340
300 57180 60120 15 13 2940
301 60240 62100 13 11 1860
302 64500 66180 19 0 1680
303 66300 69000 0 10 2700
304 69120 71460 10 15 2340
305 71580 74520 15 13 2940
306 74640 76500 13 11 1860
307 25980 28620 3 10 2640
308 28740 30840 10 8 2100
309 32940 35040 8 10 2100
310 35160 37800 10 3 2640
311 37920 40500 3 0 2580
312 43740 45840 8 10 2100
313 45960 48600 10 3 2640
314 48720 51300 3 0 2580
315 54540 56640 8 10 2100
316 56760 59400 10 3 2640
317 59520 62100 3 0 2580
318 65340 67440 8 10 2100
319 67560 70200 10 3 2640
320 70320 72900 3 0 2580
321 76140 78240 8 10 2100
322 78360 81000 10 3 2640
323 30600 32040 1 16 1440
324 32160 33540 16 17 1380
325 33660 34320 17 9 660
326 36300 37680 19 1 1380
327 37800 39240 1 16 1440
328 39360 40740 16 17 1380
329 40860 41520 17 9 660
330 43500 44880 19 1 1380
331 45000 46440 1 16 1440
332 46560 47940 16 17 1380
333 48060 48720 17 9 660
334 50700 52080 19 1 1380
335 52200 53640 1 16 1440
336 53760 55140 16 17 1380
337 55260 55920 17 9 660
338 57900 59280 19 1 1380
339 59400 60840 1 16 1440
340 60960 62340 16 17 1380
341 62460 63120 17 9 660
342 65100 66480 19 1 1380
343 66600 68040 1 16 1440
344 68160 69540 16 17 1380
345 69660 70320 17 9 660
346 72300 73680 19 1 1380
347 73800 75240 1 16 1440
348 75360 76740 16 17 1380
349 76860 77520 17 9 660
350 37080 39420 15 10 2340
351 39540 42240 10 0 2700
352 44820 47760 13 15 2940
353 47880 50220 15 10 2340
354 50340 53040 10 0 2700
355 55620 58560 13 15 2940
356 58680 61020 15 10 2340
357 61140 63840 10 0 2700
358 66420 69360 13 15 2940
359 69480 71820 15 10 2340
360 71940 74640 10 0 2700
361 30900 32280 19 1 1380
362 32400 33660 1 14 1260
363 33780 34620 14 16 840
364 34740 35880 16 2 1140
365 38100 39480 19 1 1380
366 39600 40860 1 14 1260
367 40980 41820 14 16 840
368 41940 43080 16 2 1140
369 45300 46680 19 1 1380
370 46800 48060 1 14 1260
371 48180 49020 14 16 840
372 49140 50280 16 2 1140
373 52500 53880 19 1 1380
374 54000 55260 1 14 1260
375 55380 56220 14 16 840
376 56340 57480 16 2 1140
377 59700 61080 19 1 1380
378 61200 62460 1 14 1260
379 62580 63420 14 16 840
380 63540 64680 16 2 1140
381 66900 68280 19 1 1380
382 68400 69660 1 14 1260
383 69780 70620 14 16 840
384 70740 71880 16 2 1140
385 74100 75480 19 1 1380
386 75600 76860 1 14 1260
387 76980 77820 14 16 840
388 77940 79080 16 2 1140
389 26760 29400 3 10 2640
390 33120 35760 10 3 2640
391 35880 38100 3 1 2220
392 38220 39480 1 14 1260
393 40320 42960 10 3 2640
394 43080 45300 3 1 2220
395 45420 46680 1 14 1260
396 47520 50160 10 3 2640
397 50280 52500 3 1 2220
398 52620 53880 1 14 1260
399 54720 57360 10 3 2640
400 57480 59700 3 1 2220
401 59820 61080 1 14 1260
402 61920 64560 10 3 2640
403 64680 66900 3 1 2220
404 67020 68280 1 14 1260
405 69120 71760 10 3 2640
406 71880 74100 3 1 2220
407 74220 75480 1 14 1260
408 76320 78960 10 3 2640
409 79080 81300 3 1 2220
410 29940 30600 4 3 660
411 30720 33300 3 0 2580
412 35280 37860 0 3 2580
413 37980 38640 3 4 660
414 38760 41220 4 5 2460
415 41340 45360 5 12 4020
416 46080 48660 0 3 2580
417 48780 49440 3 4 660
418 49560 52020 4 5 2460
419 52140 56160 5 12 4020
420 56880 59460 0 3 2580
421 59580 60240 3 4 660
422 60360 62820 4 5 2460
423 62940 66960 5 12 4020
424 67680 70260 0 3 2580
425 70380 71040 3 4 660
426 71160 73620 4 5 2460
427 73740 77760 5 12 4020
428 78480 81060 0 3 2580
429 81180 81840 3 4 660
430 81960 84420 4 5 2460
431 84540 88560 5 12 4020
432 33780 36480 0 10 2700
433 36720 39060 10 15 2340
434 39180 42120 15 13 2940
435 44580 47280 0 10 2700
436 47520 49860 10 15 2340
437 49980 52920 15 13 2940
438 55380 58080 0 10 2700
439 58320 60660 10 15 2340
440 60780 63720 15 13 2940
441 66180 68880 0 10 2700
442 69120 71460 10 15 2340
443 71580 74520 15 13 2940
444 30780 31440 4 3 660
445 31560 34260 3 2 2700
446 34380 36300 2 6 1920
447 39420 41340 6 2 1920
448 41460 44160 2 3 2700
449 44280 44940 3 4 660
450 45060 47520 4 5 2460
451 47640 49800 5 7 2160
452 49920 52320 7 11 2400
453 53820 55740 6 2 1920
454 55860 58560 2 3 2700
455 58680 59340 3 4 660
456 59460 61920 4 5 2460
457 62040 64200 5 7 2160
458 64320 66720 7 11 2400
459 68220 70140 6 2 1920
460 70260 72960 2 3 2700
461 73080 73740 3 4 660
462 73860 76320 4 5 2460
463 76440 78600 5 7 2160
464 29580 32280 3 2 2700
465 32400 33540 2 16 1140
466 36780 39480 3 2 2700
467 39600 40740 2 16 1140
468 43980 46680 3 2 2700
469 46800 47940 2 16 1140
470 51180 53880 3 2 2700
471 54000 55140 2 16 1140
472 58380 61080 3 2 2700
473 61200 62340 2 16 1140
474 65580 68280 3 2 2700
475 68400 69540 2 16 1140
476 72780 75480 3 2 2700
477 75600 76740 2 16 1140
478 32220 33600 6 9 1380
479 33720 34380 9 17 660
480 34500 35880 17 16 1380
481 36000 37140 16 2 1140
482 39420 40800 6 9 1380
483 40920 41580 9 17 660
484 41700 43080 17 16 1380
485 43200 44340 16 2 1140
486 46620 48000 6 9 1380
487 48120 48780 9 17 660
488 48900 50280 17 16 1380
489 50400 51540 16 2 1140
490 53820 55200 6 9 1380
491 55320 55980 9 17 660
492 56100 57480 17 16 1380
493 57600 58740 16 2 1140
494 61020 62400 6 9 1380
495 62520 63180 9 17 660
496 63300 64680 17 16 1380
497 64800 65940 16 2 1140
498 68220 69600 6 9 1380
499 69720 70380 9 17 660
500 70500 71880 17 16 1380
501 72000 73140 16 2 1140
502 75420 76800 6 9 1380
503 76920 77580 9 17 660
504 77700 79080 17 16 1380
505 79200 80340 16 2 1140
506 28800 29460 3 4 660
507 32280 32940 4 3 660
508 33180 35820 3 10 2640
509 35940 38280 10 15 2340
510 39480 40140 4 3 660
511 40380 43020 3 10 2640
512 43140 45480 10 15 2340
513 46680 47340 4 3 660
514 47580 50220 3 10 2640
515 50340 52680 10 15 2340
516 53880 54540 4 3 660
517 54780 57420 3 10 2640
518 57540 59880 10 15 2340
519 61080 61740 4 3 660
520 61980 64620 3 10 2640
521 64740 67080 10 15 2340
522 68280 68940 4 3 660
523 69180 71820 3 10 2640
524 71940 74280 10 15 2340
525 75480 76140 4 3 660
526 76380 79020 3 10 2640
527 27540 28680 16 2 1140
528 30240 31380 2 16 1140
529 31500 32340 16 14 840
530 32580 33840 14 1 1260
531 33960 35340 1 19 1380
532 37440 38580 2 16 1140
533 38700 39540 16 14 840
534 39780 41040 14 1 1260
535 41160 42540 1 19 1380
536 44640 45780 2 16 1140
537 45900 46740 16 14 840
538 46980 48240 14 1 1260
539 48360 49740 1 19 1380
540 51840 52980 2 16 1140
541 53100 53940 16 14 840
542 54180 55440 14 1 1260
543 55560 56940 1 19 1380
544 59040 60180 2 16 1140
545 60300 61140 16 14 840
546 61380 62640 14 1 1260
547 62760 64140 1 19 1380
548 66240 67380 2 16 1140
549 67500 68340 16 14 840
550 68580 69840 14 1 1260
551 69960 71340 1 19 1380
552 73440 74580 2 16 1140
553 74700 75540 16 14 840
554 75780 77040 14 1 1260
555 77160 78540 1 19 1380
556 30900 32280 17 16 1380
557 32400 33840 16 1 1440
558 33960 35340 1 19 1380
559 37320 37980 9 17 660
560 38100 39480 17 16 1380
561 39600 41040 16 1 1440
562 41160 42540 1 19 1380
563 44520 45180 9 17 660
564 45300 46680 17 16 1380
565 46800 48240 16 1 1440
566 48360 49740 1 19 1380
567 51720 52380 9 17 660
568 52500 53880 17 16 1380
569 54000 55440 16 1 1440
570 55560 56940 1 19 1380
571 58920 59580 9 17 660
572 59700 61080 17 16 1380
573 61200 62640 16 1 1440
574 62760 64140 1 19 1380
575 66120 66780 9 17 660
576 66900 68280 17 16 1380
577 68400 69840 16 1 1440
578 69960 71340 1 19 1380
579 73320 73980 9 17 660
580 74100 75480 17 16 1380
581 75600 77040 16 1 1440
582 77160 78540 1 19 1380
583 28320 28980 4 3 660
584 29100 31800 3 2 2700
585 35100 37800 2 3 2700
586 37920 38580 3 4 660
587 38700 40980 4 10 2280
588 41100 43200 10 8 2100
589 45900 48600 2 3 2700
590 48720 49380 3 4 660
591 49500 51780 4 10 2280
592 51900 54000 10 8 2100
593 56700 59400 2 3 2700
594 59520 60180 3 4 660
595 60300 62580 4 10 2280
596 62700 64800 10 8 2100
597 67500 70200 2 3 2700
598 70320 70980 3 4 660
599 71100 73380 4 10 2280
600 73500 75600 10 8 2100
601 78300 81000 2 3 2700
602 81120 81780 3 4 660
603 29160 29820 3 4 660
604 29940 32400 4 5 2460
605 32520 36540 5 12 4020
606 38400 42420 12 5 4020
607 42540 45000 5 4 2460
608 45120 45780 4 3 660
609 45900 48900 3 16 3000
610 49020 50400 16 17 1380
611 50520 51180 17 9 660
612 52800 56820 12 5 4020
613 56940 59400 5 4 2460
614 59520 60180 4 3 660
615 60300 63300 3 16 3000
616 63420 64800 16 17 1380
617 64920 65580 17 9 660
618 67200 71220 12 5 4020
619 71340 73800 5 4 2460
620 73920 74580 4 3 660
621 74700 77700 3 16 3000
622 28800 31800 3 16 3000
623 31920 33300 16 17 1380
624 36540 37920 17 16 1380
625 38040 41040 16 3 3000
626 41160 43800 3 10 2640
627 43920 46020 10 8 2100
628 47340 48720 17 16 1380
629 48840 51840 16 3 3000
630 51960 54600 3 10 2640
631 54720 56820 10 8 2100
632 58140 59520 17 16 1380
633 59640 62640 16 3 3000
634 62760 65400 3 10 2640
635 65520 67620 10 8 2100
636 68940 70320 17 16 1380
637 70440 73440 16 3 3000
638 73560 76200 3 10 2640
639 27180 29760 3 0 2580
640 33600 36180 0 3 2580
641 36300 36960 3 4 660
642 37140 39420 4 10 2280
643 40800 43380 0 3 2580
644 43500 44160 3 4 660
645 44340 46620 4 10 2280
646 48000 50580 0 3 2580
647 50700 51360 3 4 660
648 51540 53820 4 10 2280
649 55200 57780 0 3 2580
650 57900 58560 3 4 660
651 58740 61020 4 10 2280
652 62400 64980 0 3 2580
653 65100 65760 3 4 660
654 65940 68220 4 10 2280
655 69600 72180 0 3 2580
656 72300 72960 3 4 660
657 73140 75420 4 10 2280
658 76800 79380 0 3 2580
659 79500 80160 3 4 660
660 30720 31380 4 3 660
661 31500 34500 3 16 3000
662 34620 36000 16 17 1380
663 36120 36780 17 9 660
664 38160 38820 9 17 660
665 38940 40320 17 16 1380
666 40440 43440 16 3 3000
667 43560 44220 3 4 660
668 44340 46800 4 5 2460
669 46920 50940 5 12 4020
670 52560 53220 9 17 660
671 53340 54720 17 16 1380
672 54840 57840 16 3 3000
673 57960 58620 3 4 660
674 58740 61200 4 5 2460
675 61320 65340 5 12 4020
676 66960 67620 9 17 660
677 67740 69120 17 16 1380
678 69240 72240 16 3 3000
679 72360 73020 3 4 660
680 73140 75600 4 5 2460
681 75720 79740 5 12 4020
682 28800 30720 2 6 1920
683 30840 32220 6 9 1380
684 36000 37920 2 6 1920
685 38040 39420 6 9 1380
686 43200 45120 2 6 1920
687 45240 46620 6 9 1380
688 50400 52320 2 6 1920
689 52440 53820 6 9 1380
690 57600 59520 2 6 1920
691 59640 61020 6 9 1380
692 64800 66720 2 6 1920
693 66840 68220 6 9 1380
694 72000 73920 2 6 1920
695 74040 75420 6 9 1380
696 31620 32280 4 3 660
697 32400 35400 3 16 3000
698 35520 36360 16 14 840
699 39420 40260 14 16 840
700 40380 43380 16 3 3000
701 43500 44160 3 4 660
702 44280 46740 4 5 2460
703 46860 49020 5 7 2160
704 49140 51540 7 11 2400
705 53820 54660 14 16 840
706 54780 57780 16 3 3000
707 57900 58560 3 4 660
708 58680 61140 4 5 2460
709 61260 63420 5 7 2160
710 63540 65940 7 11 2400
711 68220 69060 14 16 840
712 69180 72180 16 3 3000
713 72300 72960 3 4 660
714 73080 75540 4 5 2460
715 75660 77820 5 7 2160
716 77940 80340 7 11 2400
717 29160 31440 4 10 2280
718 31560 34260 10 0 2700
719 36720 39420 0 10 2700
720 39540 41820 10 4 2280
721 41940 44400 4 5 2460
722 44520 46680 5 7 2160
723 47520 50220 0 10 2700
724 50340 52620 10 4 2280
725 52740 55200 4 5 2460
726 55320 57480 5 7 2160
727 58320 61020 0 10 2700
728 61140 63420 10 4 2280
729 63540 66000 4 5 2460
730 66120 68280 5 7 2160
731 69120 71820 0 10 2700
732 71940 74220 10 4 2280
733 74340 76800 4 5 2460
734 76920 79080 5 7 2160
735 27120 27780 3 4 660
736 27900 30180 4 10 2280
737 30300 32400 10 8 2100
738 34500 36600 8 10 2100
739 36720 39000 10 4 2280
740 39120 39780 4 3 660
741 39900 42600 3 2 2700
742 45300 47400 8 10 2100
743 47520 49800 10 4 2280
744 49920 50580 4 3 660
745 50700 53400 3 2 2700
746 56100 58200 8 10 2100
747 58320 60600 10 4 2280
748 60720 61380 4 3 660
749 61500 64200 3 2 2700
750 66900 69000 8 10 2100
751 69120 71400 10 4 2280
752 71520 72180 4 3 660
753 72300 75000 3 2 2700
754 77700 79800 8 10 2100
755 79920 82200 10 4 2280
756 82320 82980 4 3 660
757 27180 27840 3 4 660
758 27960 30420 4 5 2460
759 30540 34560 5 12 4020
760 37620 41640 12 5 4020
761 41760 44220 5 4 2460
762 44340 45000 4 3 660
763 45120 47700 3 0 2580
764 48420 52440 12 5 4020
765 52560 55020 5 4 2460
766 55140 55800 4 3 660
767 55920 58500 3 0 2580
768 59220 63240 12 5 4020
769 63360 65820 5 4 2460
770 65940 66600 4 3 660
771 66720 69300 3 0 2580
772 70020 74040 12 5 4020
773 74160 76620 5 4 2460
774 76740 77400 4 3 660
775 30720 31380 4 3 660
776 31500 33720 3 1 2220
777 33840 35220 1 19 1380
778 36060 37440 19 1 1380
779 37560 39780 1 3 2220
780 39900 40560 3 4 660
781 40680 43140 4 5 2460
782 43260 45420 5 7 2160
783 45540 46740 7 12 1200
784 50460 51840 19 1 1380
785 51960 54180 1 3 2220
786 54300 54960 3 4 660
787 55080 57540 4 5 2460
788 57660 59820 5 7 2160
789 59940 61140 7 12 1200
790 64860 66240 19 1 1380
791 66360 68580 1 3 2220
792 68700 69360 3 4 660
793 69480 71940 4 5 2460
794 72060 74220 5 7 2160
795 74340 75540 7 12 1200
796 36360 39300 15 13 2940
797 39420 41280 13 11 1860
798 41400 43800 11 7 2400
799 43980 45180 7 12 1200
800 47160 50100 15 13 2940
801 50220 52080 13 11 1860
802 52200 54600 11 7 2400
803 54780 55980 7 12 1200
804 57960 60900 15 13 2940
805 61020 62880 13 11 1860
806 63000 65400 11 7 2400
807 65580 66780 7 12 1200
808 68760 71700 15 13 2940
809 71820 73680 13 11 1860
810 73800 76200 11 7 2400
811 76380 77580 7 12 1200
812 78660 79860 12 7 1200
813 28020 29460 1 16 1440
814 29580 30420 16 14 840
815 32220 33060 14 16 840
816 33180 34620 16 1 1440
817 34740 36120 1 19 1380
818 36240 37920 19 0 1680
819 39420 40260 14 16 840
820 40380 41820 16 1 1440
821 41940 43320 1 19 1380
822 43440 45120 19 0 1680
823 46620 47460 14 16 840
824 47580 49020 16 1 1440
825 49140 50520 1 19 1380
826 50640 52320 19 0 1680
827 53820 54660 14 16 840
828 54780 56220 16 1 1440
829 56340 57720 1 19 1380
830 57840 59520 19 0 1680
831 61020 61860 14 16 840
832 61980 63420 16 1 1440
833 63540 64920 1 19 1380
834 65040 66720 19 0 1680
835 68220 69060 14 16 840
836 69180 70620 16 1 1440
837 70740 72120 1 19 1380
838 72240 73920 19 0 1680
839 75420 76260 14 16 840
840 76380 77820 16 1 1440
841 77940 79320 1 19 1380
842 29100 31800 2 3 2700
843 31920 34500 3 0 2580
844 36780 39360 0 3 2580
845 39480 42180 3 2 2700
846 42300 44220 2 6 1920
847 44340 46560 6 18 2220
848 47580 50160 0 3 2580
849 50280 52980 3 2 2700
850 53100 55020 2 6 1920
851 55140 57360 6 18 2220
852 58380 60960 0 3 2580
853 61080 63780 3 2 2700
854 63900 65820 2 6 1920
855 65940 68160 6 18 2220
856 69180 71760 0 3 2580
857 71880 74580 3 2 2700
858 74700 76620 2 6 1920
859 27000 28440 16 1 1440
860 28560 29940 1 19 1380
861 30900 32280 19 1 1380
862 32400 33840 1 16 1440
863 33960 35340 16 17 1380
864 35460 36120 17 9 660
865 38100 39480 19 1 1380
866 39600 41040 1 16 1440
867 41160 42540 16 17 1380
868 42660 43320 17 9 660
869 45300 46680 19 1 1380
870 46800 48240 1 16 1440
871 48360 49740 16 17 1380
872 49860 50520 17 9 660
873 52500 53880 19 1 1380
874 54000 55440 1 16 1440
875 55560 56940 16 17 1380
876 57060 57720 17 9 660
877 59700 61080 19 1 1380
878 61200 62640 1 16 1440
879 62760 64140 16 17 1380
880 64260 64920 17 9 660
881 66900 68280 19 1 1380
882 68400 69840 1 16 1440
883 69960 71340 16 17 1380
884 71460 72120 17 9 660
885 74100 75480 19 1 1380
886 75600 77040 1 16 1440
887 77160 78540 16 17 1380
888 29520 31860 10 15 2340
889 31980 34920 15 13 2940
890 35040 36900 13 11 1860
891 40800 42660 11 13 1860
892 42780 45720 13 15 2940
893 45840 48180 15 10 2340
894 48300 51000 10 0 2700
895 51120 52800 0 19 1680
896 55200 57060 11 13 1860
897 57180 60120 13 15 2940
898 60240 62580 15 10 2340
899 62700 65400 10 0 2700
900 65520 67200 0 19 1680
901 69600 71460 11 13 1860
902 71580 74520 13 15 2940
903 74640 76980 15 10 2340
904 27540 28920 1 19 1380
905 29040 30720 19 0 1680
906 31920 33600 0 19 1680
907 33720 35100 19 1 1380
908 35220 36660 1 16 1440
909 36780 37620 16 14 840
910 39120 40800 0 19 1680
911 40920 42300 19 1 1380
912 42420 43860 1 16 1440
913 43980 44820 16 14 840
914 46320 48000 0 19 1680
915 48120 49500 19 1 1380
916 49620 51060 1 16 1440
917 51180 52020 16 14 840
918 53520 55200 0 19 1680
919 55320 56700 19 1 1380
920 56820 58260 1 16 1440
921 58380 59220 16 14 840
922 60720 62400 0 19 1680
923 62520 63900 19 1 1380
924 64020 65460 1 16 1440
925 65580 66420 16 14 840
926 67920 69600 0 19 1680
927 69720 71100 19 1 1380
928 71220 72660 1 16 1440
929 72780 73620 16 14 840
930 75120 76800 0 19 1680
931 76920 78300 19 1 1380
932 78420 79860 1 16 1440
933 29100 29760 3 4 660
934 29880 32340 4 5 2460
935 32460 34620 5 7 2160
936 34740 37140 7 11 2400
937 38640 41040 11 7 2400
938 41160 43320 7 5 2160
939 43440 45900 5 4 2460
940 46020 46680 4 3 660
941 46800 49800 3 16 3000
942 49920 50760 16 14 840
943 53040 55440 11 7 2400
944 55560 57720 7 5 2160
945 57840 60300 5 4 2460
946 60420 61080 4 3 660
947 61200 64200 3 16 3000
948 64320 65160 16 14 840
949 67440 69840 11 7 2400
950 69960 72120 7 5 2160
951 72240 74700 5 4 2460
952 74820 75480 4 3 660
953 75600 78600 3 16 3000
954 28800 29940 16 2 1140
955 30660 31800 2 16 1140
956 31920 33300 16 17 1380
957 33420 34080 17 9 660
958 34200 35580 9 6 1380
959 37860 39000 2 16 1140
960 39120 40500 16 17 1380
961 40620 41280 17 9 660
962 41400 42780 9 6 1380
963 45060 46200 2 16 1140
964 46320 47700 16 17 1380
965 47820 48480 17 9 660
966 48600 49980 9 6 1380
967 52260 53400 2 16 1140
968 53520 54900 16 17 1380
969 55020 55680 17 9 660
970 55800 57180 9 6 1380
971 59460 60600 2 16 1140
972 60720 62100 16 17 1380
973 62220 62880 17 9 660
974 63000 64380 9 6 1380
975 66660 67800 2 16 1140
976 67920 69300 16 17 1380
977 69420 70080 17 9 660
978 70200 71580 9 6 1380
979 73860 75000 2 16 1140
980 75120 76500 16 17 1380
981 76620 77280 17 9 660
982 77400 78780 9 6 1380
983 27060 29760 2 3 2700
984 29880 30540 3 4 660
985 30660 33120 4 5 2460
986 33240 35400 5 7 2160
987 35520 37920 7 11 2400
988 41400 43800 11 7 2400
989 43920 46080 7 5 2160
990 46200 48660 5 4 2460
991 48780 49440 4 3 660
992 49560 52260 3 2 2700
993 52380 54300 2 6 1920
994 55800 58200 11 7 2400
995 58320 60480 7 5 2160
996 60600 63060 5 4 2460
997 63180 63840 4 3 660
998 63960 66660 3 2 2700
999 66780 68700 2 6 1920
1000 70200 72600 11 7 2400
1001 72720 74880 7 5 2160
1002 75000 77460 5 4 2460
1003 77580 78240 4 3 660
1004 78360 81060 3 2 2700
1005 25980 28620 3 10 2640
1006 28740 31080 10 15 2340
1007 34380 36720 15 10 2340
1008 36840 39480 10 3 2640
1009 39600 40260 3 4 660
1010 41580 43920 15 10 2340
1011 44040 46680 10 3 2640
1012 46800 47460 3 4 660
1013 48780 51120 15 10 2340
1014 51240 53880 10 3 2640
1015 54000 54660 3 4 660
1016 55980 58320 15 10 2340
1017 58440 61080 10 3 2640
1018 61200 61860 3 4 660
1019 63180 65520 15 10 2340
1020 65640 68280 10 3 2640
1021 68400 69060 3 4 660
1022 70380 72720 15 10 2340
1023 72840 75480 10 3 2640
1024 75600 76260 3 4 660
1025 77580 79920 15 10 2340
1026 80040 82680 10 3 2640
1027 82800 83460 3 4 660
1028 28020 30240 3 1 2220
1029 33180 35400 1 3 2220
1030 35640 38460 3 0 2820
1031 40380 42600 1 3 2220
1032 42840 45660 3 0 2820
1033 47580 49800 1 3 2220
1034 50040 52860 3 0 2820
1035 54780 57000 1 3 2220
1036 57240 60060 3 0 2820
1037 61980 64200 1 3 2220
1038 64440 67260 3 0 2820
1039 69180 71400 1 3 2220
1040 71640 74460 3 0 2820
1041 76380 78600 1 3 2220
1042 31380 32760 9 6 1380
1043 33000 34920 6 2 1920
1044 38580 39960 9 6 1380
1045 40200 42120 6 2 1920
1046 45780 47160 9 6 1380
1047 47400 49320 6 2 1920
1048 52980 54360 9 6 1380
1049 54600 56520 6 2 1920
1050 60180 61560 9 6 1380
1051 61800 63720 6 2 1920
1052 67380 68760 9 6 1380
1053 69000 70920 6 2 1920
1054 74580 75960 9 6 1380
1055 76200 78120 6 2 1920
1056 29100 29760 3 4 660
1057 29880 32340 4 5 2460
1058 32460 34620 5 7 2160
1059 34740 35940 7 12 1200
1060 38940 40140 12 7 1200
1061 40260 42420 7 5 2160
1062 42540 45000 5 4 2460
1063 45120 45780 4 3 660
1064 45900 48120 3 1 2220
1065 48240 49620 1 19 1380
1066 53340 54540 12 7 1200
1067 54660 56820 7 5 2160
1068 56940 59400 5 4 2460
1069 59520 60180 4 3 660
1070 60300 62520 3 1 2220
1071 62640 64020 1 19 1380
1072 67740 68940 12 7 1200
1073 69060 71220 7 5 2160
1074 71340 73800 5 4 2460
1075 73920 74580 4 3 660
1076 74700 76920 3 1 2220
1077 77040 78420 1 19 1380
1078 28800 30240 1 16 1440
1079 30360 33540 16 6 3180
1080 33660 35880 6 18 2220
1081 39900 42120 18 6 2220
1082 42240 45420 6 16 3180
1083 45540 46980 16 1 1440
1084 47100 48480 1 19 1380
1085 48600 50280 19 0 1680
1086 54300 56520 18 6 2220
1087 56640 59820 6 16 3180
1088 59940 61380 16 1 1440
1089 61500 62880 1 19 1380
1090 63000 64680 19 0 1680
1091 68700 70920 18 6 2220
1092 71040 74220 6 16 3180
1093 74340 75780 16 1 1440
1094 75900 77280 1 19 1380
1095 31140 32580 16 1 1440
1096 32700 34080 1 19 1380
1097 34200 35880 19 0 1680
1098 39900 41580 0 19 1680
1099 41700 43080 19 1 1380
1100 43200 44640 1 16 1440
1101 44760 47940 16 6 3180
1102 48060 50280 6 18 2220
1103 54300 55980 0 19 1680
1104 56100 57480 19 1 1380
1105 57600 59040 1 16 1440
1106 59160 62340 16 6 3180
1107 62460 64680 6 18 2220
1108 68700 70380 0 19 1680
1109 70500 71880 19 1 1380
1110 72000 73440 1 16 1440
1111 73560 76740 16 6 3180
1112 28560 29940 16 17 1380
1113 30060 30720 17 9 660
1114 31920 32580 9 17 660
1115 32700 34080 17 16 1380
1116 34200 35640 16 1 1440
1117 35760 37140 1 19 1380
1118 39120 39780 9 17 660
1119 39900 41280 17 16 1380
1120 41400 42840 16 1 1440
1121 42960 44340 1 19 1380
1122 46320 46980 9 17 660
1123 47100 48480 17 16 1380
1124 48600 50040 16 1 1440
1125 50160 51540 1 19 1380
1126 53520 54180 9 17 660
1127 54300 55680 17 16 1380
1128 55800 57240 16 1 1440
1129 57360 58740 1 19 1380
1130 60720 61380 9 17 660
1131 61500 62880 17 16 1380
1132 63000 64440 16 1 1440
1133 64560 65940 1 19 1380
1134 67920 68580 9 17 660
1135 68700 70080 17 16 1380
1136 70200 71640 16 1 1440
1137 71760 73140 1 19 1380
1138 75120 75780 9 17 660
1139 75900 77280 17 16 1380
1140 33180 34380 7 12 1200
1141 35460 36660 12 7 1200
1142 36780 39180 7 11 2400
1143 39300 41160 11 13 1860
1144 41280 44220 13 15 2940
1145 46260 47460 12 7 1200
1146 47580 49980 7 11 2400
1147 50100 51960 11 13 1860
1148 52080 55020 13 15 2940
1149 57060 58260 12 7 1200
1150 58380 60780 7 11 2400
1151 60900 62760 11 13 1860
1152 62880 65820 13 15 2940
1153 67860 69060 12 7 1200
1154 69180 71580 7 11 2400
1155 71700 73560 11 13 1860
1156 73680 76620 13 15 2940
1157 30720 33300 3 0 2580
1158 37320 40140 0 3 2820
1159 40380 43020 3 10 2640
1160 43140 45240 10 8 2100
1161 48120 50940 0 3 2820
1162 51180 53820 3 10 2640
1163 53940 56040 10 8 2100
1164 58920 61740 0 3 2820
1165 61980 64620 3 10 2640
1166 64740 66840 10 8 2100
1167 69720 72540 0 3 2820
1168 72780 75420 3 10 2640
1169 27240 30240 16 3 3000
1170 30360 33000 3 10 2640
1171 33120 35220 10 8 2100
1172 38220 40320 8 10 2100
1173 40440 43080 10 3 2640
1174 43200 46200 3 16 3000
1175 46320 47700 16 17 1380
1176 49020 51120 8 10 2100
1177 51240 53880 10 3 2640
1178 54000 57000 3 16 3000
1179 57120 58500 16 17 1380
1180 59820 61920 8 10 2100
1181 62040 64680 10 3 2640
1182 64800 67800 3 16 3000
1183 67920 69300 16 17 1380
1184 70620 72720 8 10 2100
1185 72840 75480 10 3 2640
1186 75600 78600 3 16 3000
1187 31140 33600 4 5 2460
1188 33720 35880 5 7 2160
1189 38700 40860 7 5 2160
1190 40980 43440 5 4 2460
1191 43560 45840 4 10 2280
1192 45960 48660 10 0 2700
1193 49500 51660 7 5 2160
1194 51780 54240 5 4 2460
1195 54360 56640 4 10 2280
1196 56760 59460 10 0 2700
1197 60300 62460 7 5 2160
1198 62580 65040 5 4 2460
1199 65160 67440 4 10 2280
1200 67560 70260 10 0 2700
1201 71100 73260 7 5 2160
1202 73380 75840 5 4 2460
1203 75960 78240 4 10 2280
1204 28680 30900 3 1 2220
1205 31020 32280 1 14 1260
1206 33840 35100 14 1 1260
1207 35220 37440 1 3 2220
1208 37560 40200 3 10 2640
1209 41040 42300 14 1 1260
1210 42420 44640 1 3 2220
1211 44760 47400 3 10 2640
1212 48240 49500 14 1 1260
1213 49620 51840 1 3 2220
1214 51960 54600 3 10 2640
1215 55440 56700 14 1 1260
1216 56820 59040 1 3 2220
1217 59160 61800 3 10 2640
1218 62640 63900 14 1 1260
1219 64020 66240 1 3 2220
1220 66360 69000 3 10 2640
1221 69840 71100 14 1 1260
1222 71220 73440 1 3 2220
1223 73560 76200 3 10 2640
1224 77040 78300 14 1 1260
1225 78420 80640 1 3 2220
1226 28440 31260 3 0 2820
1227 32400 34980 0 3 2580
1228 35220 37440 3 1 2220
1229 39600 42180 0 3 2580
1230 42420 44640 3 1 2220
1231 46800 49380 0 3 2580
1232 49620 51840 3 1 2220
1233 54000 56580 0 3 2580
1234 56820 59040 3 1 2220
1235 61200 63780 0 3 2580
1236 64020 66240 3 1 2220
1237 68400 70980 0 3 2580
1238 71220 73440 3 1 2220
1239 75600 78180 0 3 2580
1240 78420 80640 3 1 2220
1241 28680 31380 3 2 2700
1242 31500 33420 2 6 1920
1243 33540 35760 6 18 2220
1244 39120 41340 18 6 2220
1245 41460 43380 6 2 1920
1246 43500 46200 2 3 2700
1247 46320 48900 3 0 2580
1248 49920 52140 18 6 2220
1249 52260 54180 6 2 1920
1250 54300 57000 2 3 2700
1251 57120 59700 3 0 2580
1252 60720 62940 18 6 2220
1253 63060 64980 6 2 1920
1254 65100 67800 2 3 2700
1255 67920 70500 3 0 2580
1256 71520 73740 18 6 2220
1257 73860 75780 6 2 1920
1258 75900 78600 2 3 2700
1259 25980 28680 3 2 2700
1260 28800 29940 2 16 1140
1261 30660 31800 16 2 1140
1262 31920 34620 2 3 2700
1263 37860 39000 16 2 1140
1264 39120 41820 2 3 2700
1265 45060 46200 16 2 1140
1266 46320 49020 2 3 2700
1267 52260 53400 16 2 1140
1268 53520 56220 2 3 2700
1269 59460 60600 16 2 1140
1270 60720 63420 2 3 2700
1271 66660 67800 16 2 1140
1272 67920 70620 2 3 2700
1273 73860 75000 16 2 1140
1274 75120 77820 2 3 2700
1275 29100 29760 3 4 660
1276 29940 32220 4 10 2280
1277 34680 36960 10 4 2280
1278 37200 37860 4 3 660
1279 37980 40560 3 0 2580
1280 41880 44160 10 4 2280
1281 44400 45060 4 3 660
1282 45180 47760 3 0 2580
1283 49080 51360 10 4 2280
1284 51600 52260 4 3 660
1285 52380 54960 3 0 2580
1286 56280 58560 10 4 2280
1287 58800 59460 4 3 660
1288 59580 62160 3 0 2580
1289 63480 65760 10 4 2280
1290 66000 66660 4 3 660
1291 66780 69360 3 0 2580
1292 70680 72960 10 4 2280
1293 73200 73860 4 3 660
1294 73980 76560 3 0 2580
1295 77880 80160 10 4 2280
1296 80400 81060 4 3 660
1297 33900 36600 10 0 2700
1298 36720 38400 0 19 1680
1299 39300 40980 19 0 1680
1300 41100 43800 0 10 2700
1301 43920 46260 10 15 2340
1302 46380 49320 15 13 2940
1303 49440 51300 13 11 1860
1304 53700 55380 19 0 1680
1305 55500 58200 0 10 2700
1306 58320 60660 10 15 2340
1307 60780 63720 15 13 2940
1308 63840 65700 13 11 1860
1309 68100 69780 19 0 1680
1310 69900 72600 0 10 2700
1311 72720 75060 10 15 2340
1312 75180 78120 15 13 2940
1313 78240 80100 13 11 1860
1314 29580 32220 3 10 2640
1315 32340 34440 10 8 2100
1316 36540 38640 8 10 2100
1317 38760 41400 10 3 2640
1318 41520 44100 3 0 2580
1319 47340 49440 8 10 2100
1320 49560 52200 10 3 2640
1321 52320 54900 3 0 2580
1322 58140 60240 8 10 2100
1323 60360 63000 10 3 2640
1324 63120 65700 3 0 2580
1325 68940 71040 8 10 2100
1326 71160 73800 10 3 2640
1327 73920 76500 3 0 2580
1328 28800 30240 16 1 1440
1329 30360 31740 1 19 1380
1330 32700 34080 19 1 1380
1331 34200 35640 1 16 1440
1332 35760 37140 16 17 1380
1333 37260 37920 17 9 660
1334 39900 41280 19 1 1380
1335 41400 42840 1 16 1440
1336 42960 44340 16 17 1380
1337 44460 45120 17 9 660
1338 47100 48480 19 1 1380
1339 48600 50040 1 16 1440
1340 50160 51540 16 17 1380
1341 51660 52320 17 9 660
1342 54300 55680 19 1 1380
1343 55800 57240 1 16 1440
1344 57360 58740 16 17 1380
1345 58860 59520 17 9 660
1346 61500 62880 19 1 1380
1347 63000 64440 1 16 1440
1348 64560 65940 16 17 1380
1349 66060 66720 17 9 660
1350 68700 70080 19 1 1380
1351 70200 71640 1 16 1440
1352 71760 73140 16 17 1380
1353 73260 73920 17 9 660
1354 75900 77280 19 1 1380
1355 77400 78840 1 16 1440
1356 29520 31860 10 15 2340
1357 31980 34920 15 13 2940
1358 37620 40560 13 15 2940
1359 40680 43020 15 10 2340
1360 43140 45840 10 0 2700
1361 48420 51360 13 15 2940
1362 51480 53820 15 10 2340
1363 53940 56640 10 0 2700
1364 59220 62160 13 15 2940
1365 62280 64620 15 10 2340
1366 64740 67440 10 0 2700
1367 70020 72960 13 15 2940
1368 73080 75420 15 10 2340
1369 75540 78240 10 0 2700
1370 26640 27780 2 16 1140
1371 27900 28740 16 14 840
1372 28980 30240 14 1 1260
1373 30360 31740 1 19 1380
1374 34500 35880 19 1 1380
1375 36000 37260 1 14 1260
1376 37380 38220 14 16 840
1377 38340 39480 16 2 1140
1378 41700 43080 19 1 1380
1379 43200 44460 1 14 1260
1380 44580 45420 14 16 840
1381 45540 46680 16 2 1140
1382 48900 50280 19 1 1380
1383 50400 51660 1 14 1260
1384 51780 52620 14 16 840
1385 52740 53880 16 2 1140
1386 56100 57480 19 1 1380
1387 57600 58860 1 14 1260
1388 58980 59820 14 16 840
1389 59940 61080 16 2 1140
1390 63300 64680 19 1 1380
1391 64800 66060 1 14 1260
1392 66180 67020 14 16 840
1393 67140 68280 16 2 1140
1394 70500 71880 19 1 1380
1395 72000 73260 1 14 1260
1396 73380 74220 14 16 840
1397 74340 75480 16 2 1140
1398 28020 30240 1 3 2220
1399 30360 33000 3 10 2640
1400 36720 39360 10 3 2640
1401 39480 41700 3 1 2220
1402 41820 43080 1 14 1260
1403 43920 46560 10 3 2640
1404 46680 48900 3 1 2220
1405 49020 50280 1 14 1260
1406 51120 53760 10 3 2640
1407 53880 56100 3 1 2220
1408 56220 57480 1 14 1260
1409 58320 60960 10 3 2640
1410 61080 63300 3 1 2220
1411 63420 64680 1 14 1260
1412 65520 68160 10 3 2640
1413 68280 70500 3 1 2220
1414 70620 71880 1 14 1260
1415 72720 75360 10 3 2640
1416 75480 77700 3 1 2220
1417 30960 33420 5 4 2460
1418 33540 34200 4 3 660
1419 34320 36900 3 0 2580
1420 38880 41460 0 3 2580
1421 41580 42240 3 4 660
1422 42360 44820 4 5 2460
1423 44940 48960 5 12 4020
1424 49680 52260 0 3 2580
1425 52380 53040 3 4 660
1426 53160 55620 4 5 2460
1427 55740 59760 5 12 4020
1428 60480 63060 0 3 2580
1429 63180 63840 3 4 660
1430 63960 66420 4 5 2460
1431 66540 70560 5 12 4020
1432 71280 73860 0 3 2580
1433 73980 74640 3 4 660
1434 74760 77220 4 5 2460
1435 77340 81360 5 12 4020
1436 32340 35040 10 0 2700
1437 37380 40080 0 10 2700
1438 40320 42660 10 15 2340
1439 42780 45720 15 13 2940
1440 48180 50880 0 10 2700
1441 51120 53460 10 15 2340
1442 53580 56520 15 13 2940
1443 58980 61680 0 10 2700
1444 61920 64260 10 15 2340
1445 64380 67320 15 13 2940
1446 69780 72480 0 10 2700
1447 72720 75060 10 15 2340
1448 75180 78120 15 13 2940
1449 31800 34260 5 4 2460
1450 34380 35040 4 3 660
1451 35160 37860 3 2 2700
1452 37980 39900 2 6 1920
1453 43020 44940 6 2 1920
1454 45060 47760 2 3 2700
1455 47880 48540 3 4 660
1456 48660 51120 4 5 2460
1457 51240 53400 5 7 2160
1458 53520 55920 7 11 2400
1459 57420 59340 6 2 1920
1460 59460 62160 2 3 2700
1461 62280 62940 3 4 660
1462 63060 65520 4 5 2460
1463 65640 67800 5 7 2160
1464 67920 70320 7 11 2400
1465 71820 73740 6 2 1920
1466 73860 76560 2 3 2700
1467 76680 77340 3 4 660
1468 77460 79920 4 5 2460
1469 80040 82200 5 7 2160
1470 27060 28200 2 16 1140
1471 28320 29700 16 17 1380
1472 29820 30480 17 9 660
1473 30600 31980 9 6 1380
1474 35820 37200 6 9 1380
1475 37320 37980 9 17 660
1476 38100 39480 17 16 1380
1477 39600 40740 16 2 1140
1478 43020 44400 6 9 1380
1479 44520 45180 9 17 660
1480 45300 46680 17 16 1380
1481 46800 47940 16 2 1140
1482 50220 51600 6 9 1380
1483 51720 52380 9 17 660
1484 52500 53880 17 16 1380
1485 54000 55140 16 2 1140
1486 57420 58800 6 9 1380
1487 58920 59580 9 17 660
1488 59700 61080 17 16 1380
1489 61200 62340 16 2 1140
1490 64620 66000 6 9 1380
1491 66120 66780 9 17 660
1492 66900 68280 17 16 1380
1493 68400 69540 16 2 1140
1494 71820 73200 6 9 1380
1495 73320 73980 9 17 660
1496 74100 75480 17 16 1380
1497 75600 76740 16 2 1140
1498 29640 32280 10 3 2640
1499 32400 33060 3 4 660
1500 35880 36540 4 3 660
1501 36780 39420 3 10 2640
1502 39540 41880 10 15 2340
1503 43080 43740 4 3 660
1504 43980 46620 3 10 2640
1505 46740 49080 10 15 2340
1506 50280 50940 4 3 660
1507 51180 53820 3 10 2640
1508 53940 56280 10 15 2340
1509 57480 58140 4 3 660
1510 58380 61020 3 10 2640
1511 61140 63480 10 15 2340
1512 64680 65340 4 3 660
1513 65580 68220 3 10 2640
1514 68340 70680 10 15 2340
1515 71880 72540 4 3 660
1516 72780 75420 3 10 2640
1517 79080 79740 4 3 660
1518 28800 30060 1 14 1260
1519 30180 31020 14 16 840
1520 31140 32280 16 2 1140
1521 33840 34980 2 16 1140
1522 35100 35940 16 14 840
1523 36180 37440 14 1 1260
1524 37560 38940 1 19 1380
1525 41040 42180 2 16 1140
1526 42300 43140 16 14 840
1527 43380 44640 14 1 1260
1528 44760 46140 1 19 1380
1529 48240 49380 2 16 1140
1530 49500 50340 16 14 840
1531 50580 51840 14 1 1260
1532 51960 53340 1 19 1380
1533 55440 56580 2 16 1140
1534 56700 57540 16 14 840
1535 57780 59040 14 1 1260
1536 59160 60540 1 19 1380
1537 62640 63780 2 16 1140
1538 63900 64740 16 14 840
1539 64980 66240 14 1 1260
1540 66360 67740 1 19 1380
1541 69840 70980 2 16 1140
1542 71100 71940 16 14 840
1543 72180 73440 14 1 1260
1544 73560 74940 1 19 1380
1545 77040 78180 2 16 1140
1546 78300 79140 16 14 840
1547 79380 80640 14 1 1260
1548 28800 30240 1 16 1440
1549 30360 31740 16 17 1380
1550 31860 32520 17 9 660
1551 33720 34380 9 17 660
1552 34500 35880 17 16 1380
1553 36000 37440 16 1 1440
1554 37560 38940 1 19 1380
1555 40920 41580 9 17 660
1556 41700 43080 17 16 1380
1557 43200 44640 16 1 1440
1558 44760 46140 1 19 1380
1559 48120 48780 9 17 660
1560 48900 50280 17 16 1380
1561 50400 51840 16 1 1440
1562 51960 53340 1 19 1380
1563 55320 55980 9 17 660
1564 56100 57480 17 16 1380
1565 57600 59040 16 1 1440
1566 59160 60540 1 19 1380
1567 62520 63180 9 17 660
1568 63300 64680 17 16 1380
1569 64800 66240 16 1 1440
1570 66360 67740 1 19 1380
1571 69720 70380 9 17 660
1572 70500 71880 17 16 1380
1573 72000 73440 16 1 1440
1574 73560 74940 1 19 1380
1575 76920 77580 9 17 660
1576 77700 79080 17 16 1380
1577 79200 80640 16 1 1440
1578 29520 31800 10 4 2280
1579 31920 32580 4 3 660
1580 32700 35400 3 2 2700
1581 38700 41400 2 3 2700
1582 41520 42180 3 4 660
1583 42300 44580 4 10 2280
1584 44700 46800 10 8 2100
1585 49500 52200 2 3 2700
1586 52320 52980 3 4 660
1587 53100 55380 4 10 2280
1588 55500 57600 10 8 2100
1589 60300 63000 2 3 2700
1590 63120 63780 3 4 660
1591 63900 66180 4 10 2280
1592 66300 68400 10 8 2100
1593 71100 73800 2 3 2700
1594 73920 74580 3 4 660
1595 74700 76980 4 10 2280
1596 29640 32640 16 3 3000
1597 32760 33420 3 4 660
1598 33540 36000 4 5 2460
1599 36120 40140 5 12 4020
1600 42000 46020 12 5 4020
1601 46140 48600 5 4 2460
1602 48720 49380 4 3 660
1603 49500 52500 3 16 3000
1604 52620 54000 16 17 1380
1605 54120 54780 17 9 660
1606 56400 60420 12 5 4020
1607 60540 63000 5 4 2460
1608 63120 63780 4 3 660
1609 63900 66900 3 16 3000
1610 67020 68400 16 17 1380
1611 68520 69180 17 9 660
1612 70800 74820 12 5 4020
1613 74940 77400 5 4 2460
1614 77520 78180 4 3 660
1615 29640 32280 10 3 2640
1616 32400 35400 3 16 3000
1617 35520 36900 16 17 1380
1618 40140 41520 17 16 1380
1619 41640 44640 16 3 3000
1620 44760 47400 3 10 2640
1621 47520 49620 10 8 2100
1622 50940 52320 17 16 1380
1623 52440 55440 16 3 3000
1624 55560 58200 3 10 2640
1625 58320 60420 10 8 2100
1626 61740 63120 17 16 1380
1627 63240 66240 16 3 3000
1628 66360 69000 3 10 2640
1629 69120 71220 10 8 2100
1630 72540 73920 17 16 1380
1631 74040 77040 16 3 3000
1632 30000 30660 4 3 660
1633 30780 33360 3 0 2580
1634 37200 39780 0 3 2580
1635 39900 40560 3 4 660
1636 40740 43020 4 10 2280
1637 44400 46980 0 3 2580
1638 47100 47760 3 4 660
1639 47940 50220 4 10 2280
1640 51600 54180 0 3 2580
1641 54300 54960 3 4 660
1642 55140 57420 4 10 2280
1643 58800 61380 0 3 2580
1644 61500 62160 3 4 660
1645 62340 64620 4 10 2280
1646 66000 68580 0 3 2580
1647 68700 69360 3 4 660
1648 69540 71820 4 10 2280
1649 73200 75780 0 3 2580
1650 75900 76560 3 4 660
1651 76740 79020 4 10 2280
1652 31740 34200 5 4 2460
1653 34320 34980 4 3 660
1654 35100 38100 3 16 3000
1655 38220 39600 16 17 1380
1656 39720 40380 17 9 660
1657 41760 42420 9 17 660
1658 42540 43920 17 16 1380
1659 44040 47040 16 3 3000
1660 47160 47820 3 4 660
1661 47940 50400 4 5 2460
1662 50520 54540 5 12 4020
1663 56160 56820 9 17 660
1664 56940 58320 17 16 1380
1665 58440 61440 16 3 3000
1666 61560 62220 3 4 660
1667 62340 64800 4 5 2460
1668 64920 68940 5 12 4020
1669 70560 71220 9 17 660
1670 71340 72720 17 16 1380
1671 72840 75840 16 3 3000
1672 75960 76620 3 4 660
1673 76740 79200 4 5 2460
1674 79320 83340 5 12 4020
1675 32640 35100 5 4 2460
1676 35220 35880 4 3 660
1677 36000 39000 3 16 3000
1678 39120 39960 16 14 840
1679 43020 43860 14 16 840
1680 43980 46980 16 3 3000
1681 47100 47760 3 4 660
1682 47880 50340 4 5 2460
1683 50460 52620 5 7 2160
1684 52740 55140 7 11 2400
1685 57420 58260 14 16 840
1686 58380 61380 16 3 3000
1687 61500 62160 3 4 660
1688 62280 64740 4 5 2460
1689 64860 67020 5 7 2160
1690 67140 69540 7 11 2400
1691 71820 72660 14 16 840
1692 72780 75780 16 3 3000
1693 75900 76560 3 4 660
1694 76680 79140 4 5 2460
1695 79260 81420 5 7 2160
1696 30180 32640 5 4 2460
1697 32760 35040 4 10 2280
1698 35160 37860 10 0 2700
1699 40320 43020 0 10 2700
1700 43140 45420 10 4 2280
1701 45540 48000 4 5 2460
1702 48120 50280 5 7 2160
1703 51120 53820 0 10 2700
1704 53940 56220 10 4 2280
1705 56340 58800 4 5 2460
1706 58920 61080 5 7 2160
1707 61920 64620 0 10 2700
1708 64740 67020 10 4 2280
1709 67140 69600 4 5 2460
1710 69720 71880 5 7 2160
1711 72720 75420 0 10 2700
1712 75540 77820 10 4 2280
1713 77940 80400 4 5 2460
1714 80520 82680 5 7 2160
1715 27900 30600 2 3 2700
1716 30720 31380 3 4 660
1717 31500 33780 4 10 2280
1718 33900 36000 10 8 2100
1719 38100 40200 8 10 2100
1720 40320 42600 10 4 2280
1721 42720 43380 4 3 660
1722 43500 46200 3 2 2700
1723 48900 51000 8 10 2100
1724 51120 53400 10 4 2280
1725 53520 54180 4 3 660
1726 54300 57000 3 2 2700
1727 59700 61800 8 10 2100
1728 61920 64200 10 4 2280
1729 64320 64980 4 3 660
1730 65100 67800 3 2 2700
1731 70500 72600 8 10 2100
1732 72720 75000 10 4 2280
1733 75120 75780 4 3 660
1734 75900 78600 3 2 2700
1735 30780 31440 3 4 660
1736 31560 34020 4 5 2460
1737 34140 38160 5 12 4020
1738 41220 45240 12 5 4020
1739 45360 47820 5 4 2460
1740 47940 48600 4 3 660
1741 48720 51300 3 0 2580
1742 52020 56040 12 5 4020
1743 56160 58620 5 4 2460
1744 58740 59400 4 3 660
1745 59520 62100 3 0 2580
1746 62820 66840 12 5 4020
1747 66960 69420 5 4 2460
1748 69540 70200 4 3 660
1749 70320 72900 3 0 2580
1750 73620 77640 12 5 4020
1751 77760 80220 5 4 2460
1752 80340 81000 4 3 660
1753 31740 34200 5 4 2460
1754 34320 34980 4 3 660
1755 35100 37320 3 1 2220
1756 37440 38820 1 19 1380
1757 39660 41040 19 1 1380
1758 41160 43380 1 3 2220
1759 43500 44160 3 4 660
1760 44280 46740 4 5 2460
1761 46860 49020 5 7 2160
1762 49140 50340 7 12 1200
1763 54060 55440 19 1 1380
1764 55560 57780 1 3 2220
1765 57900 58560 3 4 660
1766 58680 61140 4 5 2460
1767 61260 63420 5 7 2160
1768 63540 64740 7 12 1200
1769 68460 69840 19 1 1380
1770 69960 72180 1 3 2220
1771 72300 72960 3 4 660
1772 73080 75540 4 5 2460
1773 75660 77820 5 7 2160
1774 77940 79140 7 12 1200
1775 39960 42900 15 13 2940
1776 43020 44880 13 11 1860
1777 45000 47400 11 7 2400
1778 47580 48780 7 12 1200
1779 50760 53700 15 13 2940
1780 53820 55680 13 11 1860
1781 55800 58200 11 7 2400
1782 58380 59580 7 12 1200
1783 61560 64500 15 13 2940
1784 64620 66480 13 11 1860
1785 66600 69000 11 7 2400
1786 69180 70380 7 12 1200
1787 72360 75300 15 13 2940
1788 75420 77280 13 11 1860
1789 77400 79800 11 7 2400
1790 79980 81180 7 12 1200
1791 28320 30000 0 19 1680
1792 30120 31500 19 1 1380
1793 31620 33060 1 16 1440
1794 33180 34020 16 14 840
1795 35820 36660 14 16 840
1796 36780 38220 16 1 1440
1797 38340 39720 1 19 1380
1798 39840 41520 19 0 1680
1799 43020 43860 14 16 840
1800 43980 45420 16 1 1440
1801 45540 46920 1 19 1380
1802 47040 48720 19 0 1680
1803 50220 51060 14 16 840
1804 51180 52620 16 1 1440
1805 52740 54120 1 19 1380
1806 54240 55920 19 0 1680
1807 57420 58260 14 16 840
1808 58380 59820 16 1 1440
1809 59940 61320 1 19 1380
1810 61440 63120 19 0 1680
1811 64620 65460 14 16 840
1812 65580 67020 16 1 1440
1813 67140 68520 1 19 1380
1814 68640 70320 19 0 1680
1815 71820 72660 14 16 840
1816 72780 74220 16 1 1440
1817 74340 75720 1 19 1380
1818 75840 77520 19 0 1680
1819 79020 79860 14 16 840
1820 79980 81420 16 1 1440
1821 30660 32580 6 2 1920
1822 32700 35400 2 3 2700
1823 35520 38100 3 0 2580
1824 40380 42960 0 3 2580
1825 43080 45780 3 2 2700
1826 45900 47820 2 6 1920
1827 47940 50160 6 18 2220
1828 51180 53760 0 3 2580
1829 53880 56580 3 2 2700
1830 56700 58620 2 6 1920
1831 58740 60960 6 18 2220
1832 61980 64560 0 3 2580
1833 64680 67380 3 2 2700
1834 67500 69420 2 6 1920
1835 69540 71760 6 18 2220
1836 72780 75360 0 3 2580
1837 75480 78180 3 2 2700
1838 78300 80220 2 6 1920
1839 30300 33000 0 10 2700
1840 33120 35460 10 15 2340
1841 35580 38520 15 13 2940
1842 38640 40500 13 11 1860
1843 44400 46260 11 13 1860
1844 46380 49320 13 15 2940
1845 49440 51780 15 10 2340
1846 51900 54600 10 0 2700
1847 54720 56400 0 19 1680
1848 58800 60660 11 13 1860
1849 60780 63720 13 15 2940
1850 63840 66180 15 10 2340
1851 66300 69000 10 0 2700
1852 69120 70800 0 19 1680
1853 29580 31020 16 1 1440
1854 31140 32520 1 19 1380
1855 32640 34320 19 0 1680
1856 35520 37200 0 19 1680
1857 37320 38700 19 1 1380
1858 38820 40260 1 16 1440
1859 40380 41220 16 14 840
1860 42720 44400 0 19 1680
1861 44520 45900 19 1 1380
1862 46020 47460 1 16 1440
1863 47580 48420 16 14 840
1864 49920 51600 0 19 1680
1865 51720 53100 19 1 1380
1866 53220 54660 1 16 1440
1867 54780 55620 16 14 840
1868 57120 58800 0 19 1680
1869 58920 60300 19 1 1380
1870 60420 61860 1 16 1440
1871 61980 62820 16 14 840
1872 64320 66000 0 19 1680
1873 66120 67500 19 1 1380
1874 67620 69060 1 16 1440
1875 69180 70020 16 14 840
1876 71520 73200 0 19 1680
1877 73320 74700 19 1 1380
1878 74820 76260 1 16 1440
1879 76380 77220 16 14 840
1880 78720 80400 0 19 1680
1881 80520 81900 19 1 1380
1882 29580 32580 16 3 3000
1883 32700 33360 3 4 660
1884 33480 35940 4 5 2460
1885 36060 38220 5 7 2160
1886 38340 40740 7 11 2400
1887 42240 44640 11 7 2400
1888 44760 46920 7 5 2160
1889 47040 49500 5 4 2460
1890 49620 50280 4 3 660
1891 50400 53400 3 16 3000
1892 53520 54360 16 14 840
1893 56640 59040 11 7 2400
1894 59160 61320 7 5 2160
1895 61440 63900 5 4 2460
1896 64020 64680 4 3 660
1897 64800 67800 3 16 3000
1898 67920 68760 16 14 840
1899 71040 73440 11 7 2400
1900 73560 75720 7 5 2160
1901 75840 78300 5 4 2460
1902 78420 79080 4 3 660
1903 30900 32280 17 16 1380
1904 32400 33540 16 2 1140
1905 34260 35400 2 16 1140
1906 35520 36900 16 17 1380
1907 37020 37680 17 9 660
1908 37800 39180 9 6 1380
1909 41460 42600 2 16 1140
1910 42720 44100 16 17 1380
1911 44220 44880 17 9 660
1912 45000 46380 9 6 1380
1913 48660 49800 2 16 1140
1914 49920 51300 16 17 1380
1915 51420 52080 17 9 660
1916 52200 53580 9 6 1380
1917 55860 57000 2 16 1140
1918 57120 58500 16 17 1380
1919 58620 59280 17 9 660
1920 59400 60780 9 6 1380
1921 63060 64200 2 16 1140
1922 64320 65700 16 17 1380
1923 65820 66480 17 9 660
1924 66600 67980 9 6 1380
1925 70260 71400 2 16 1140
1926 71520 72900 16 17 1380
1927 73020 73680 17 9 660
1928 73800 75180 9 6 1380
1929 77460 78600 2 16 1140
1930 30660 33360 2 3 2700
1931 33480 34140 3 4 660
1932 34260 36720 4 5 2460
1933 36840 39000 5 7 2160
1934 39120 41520 7 11 2400
1935 45000 47400 11 7 2400
1936 47520 49680 7 5 2160
1937 49800 52260 5 4 2460
1938 52380 53040 4 3 660
1939 53160 55860 3 2 2700
1940 55980 57900 2 6 1920
1941 59400 61800 11 7 2400
1942 61920 64080 7 5 2160
1943 64200 66660 5 4 2460
1944 66780 67440 4 3 660
1945 67560 70260 3 2 2700
1946 70380 72300 2 6 1920
1947 73800 76200 11 7 2400
1948 76320 78480 7 5 2160
1949 78600 81060 5 4 2460
1950 81180 81840 4 3 660
1951 28680 29340 4 3 660
1952 29580 32220 3 10 2640
1953 32340 34680 10 15 2340
1954 37980 40320 15 10 2340
1955 40440 43080 10 3 2640
1956 43200 43860 3 4 660
1957 45180 47520 15 10 2340
1958 47640 50280 10 3 2640
1959 50400 51060 3 4 660
1960 52380 54720 15 10 2340
1961 54840 57480 10 3 2640
1962 57600 58260 3 4 660
1963 59580 61920 15 10 2340
1964 62040 64680 10 3 2640
1965 64800 65460 3 4 660
1966 66780 69120 15 10 2340
1967 69240 71880 10 3 2640
1968 72000 72660 3 4 660
1969 73980 76320 15 10 2340
1970 76440 79080 10 3 2640
1971 79200 79860 3 4 660
1972 30360 32580 1 3 2220
1973 32700 33360 3 4 660
1974 33480 35940 4 5 2460
1975 36060 38220 5 7 2160
1976 38340 39540 7 12 1200
1977 42540 43740 12 7 1200
1978 43860 46020 7 5 2160
1979 46140 48600 5 4 2460
1980 48720 49380 4 3 660
1981 49500 51720 3 1 2220
1982 51840 53220 1 19 1380
1983 56940 58140 12 7 1200
1984 58260 60420 7 5 2160
1985 60540 63000 5 4 2460
1986 63120 63780 4 3 660
1987 63900 66120 3 1 2220
1988 66240 67620 1 19 1380
1989 71340 72540 12 7 1200
1990 72660 74820 7 5 2160
1991 74940 77400 5 4 2460
1992 77520 78180 4 3 660
1993 78300 80520 3 1 2220
1994 29100 30780 0 19 1680
1995 30900 32280 19 1 1380
1996 32400 33840 1 16 1440
1997 33960 37140 16 6 3180
1998 37260 39480 6 18 2220
1999 43500 45720 18 6 2220
2000 45840 49020 6 16 3180
2001 49140 50580 16 1 1440
2002 50700 52080 1 19 1380
2003 52200 53880 19 0 1680
2004 57900 60120 18 6 2220
2005 60240 63420 6 16 3180
2006 63540 64980 16 1 1440
2007 65100 66480 1 19 1380
2008 66600 68280 19 0 1680
2009 72300 74520 18 6 2220
2010 74640 77820 6 16 3180
2011 31440 34620 6 16 3180
2012 34740 36180 16 1 1440
2013 36300 37680 1 19 1380
2014 37800 39480 19 0 1680
2015 43500 45180 0 19 1680
2016 45300 46680 19 1 1380
2017 46800 48240 1 16 1440
2018 48360 51540 16 6 3180
2019 51660 53880 6 18 2220
2020 57900 59580 0 19 1680
2021 59700 61080 19 1 1380
2022 61200 62640 1 16 1440
2023 62760 65940 16 6 3180
2024 66060 68280 6 18 2220
2025 72300 73980 0 19 1680
2026 74100 75480 19 1 1380
2027 75600 77040 1 16 1440
2028 77160 80340 16 6 3180
2029 36780 37980 7 12 1200
2030 39060 40260 12 7 1200
2031 40380 42780 7 11 2400
2032 42900 44760 11 13 1860
2033 44880 47820 13 15 2940
2034 49860 51060 12 7 1200
2035 51180 53580 7 11 2400
2036 53700 55560 11 13 1860
2037 55680 58620 13 15 2940
2038 60660 61860 12 7 1200
2039 61980 64380 7 11 2400
2040 64500 66360 11 13 1860
2041 66480 69420 13 15 2940
2042 71460 72660 12 7 1200
2043 72780 75180 7 11 2400
2044 75300 77160 11 13 1860
2045 31560 34200 10 3 2640
2046 34320 36900 3 0 2580
2047 40920 43740 0 3 2820
2048 43980 46620 3 10 2640
2049 46740 48840 10 8 2100
2050 51720 54540 0 3 2820
2051 54780 57420 3 10 2640
2052 57540 59640 10 8 2100
2053 62520 65340 0 3 2820
2054 65580 68220 3 10 2640
2055 68340 70440 10 8 2100
2056 73320 76140 0 3 2820
2057 76380 79020 3 10 2640
2058 30840 33840 16 3 3000
2059 33960 36600 3 10 2640
2060 36720 38820 10 8 2100
2061 41820 43920 8 10 2100
2062 44040 46680 10 3 2640
2063 46800 49800 3 16 3000
2064 49920 51300 16 17 1380
2065 52620 54720 8 10 2100
2066 54840 57480 10 3 2640
2067 57600 60600 3 16 3000
2068 60720 62100 16 17 1380
2069 63420 65520 8 10 2100
2070 65640 68280 10 3 2640
2071 68400 71400 3 16 3000
2072 71520 72900 16 17 1380
2073 74220 76320 8 10 2100
2074 76440 79080 10 3 2640
2075 29520 32220 0 10 2700
2076 32340 34620 10 4 2280
2077 34740 37200 4 5 2460
2078 37320 39480 5 7 2160
2079 42300 44460 7 5 2160
2080 44580 47040 5 4 2460
2081 47160 49440 4 10 2280
2082 49560 52260 10 0 2700
2083 53100 55260 7 5 2160
2084 55380 57840 5 4 2460
2085 57960 60240 4 10 2280
2086 60360 63060 10 0 2700
2087 63900 66060 7 5 2160
2088 66180 68640 5 4 2460
2089 68760 71040 4 10 2280
2090 71160 73860 10 0 2700
2091 74700 76860 7 5 2160
2092 76980 79440 5 4 2460
2093 29520 32160 10 3 2640
2094 32280 34500 3 1 2220
2095 34620 35880 1 14 1260
2096 37440 38700 14 1 1260
2097 38820 41040 1 3 2220
2098 41160 43800 3 10 2640
2099 29580 32160 0 3 2580
2100 32280 34980 3 2 2700
2101 35100 37020 2 6 1920
2102 37140 39360 6 18 2220
2103 42720 44940 18 6 2220
2104 45060 46980 6 2 1920
2105 47100 49800 2 3 2700
2106 49920 52500 3 0 2580
2107 53520 55740 18 6 2220
2108 55860 57780 6 2 1920
2109 57900 60600 2 3 2700
2110 60720 63300 3 0 2580
2111 64320 66540 18 6 2220
2112 66660 68580 6 2 1920
2113 68700 71400 2 3 2700
2114 71520 74100 3 0 2580
2115 75120 77340 18 6 2220
2116 77460 79380 6 2 1920
2117 79500 82200 2 3 2700
2118 30000 32580 0 3 2580
2119 32700 33360 3 4 660
2120 33540 35820 4 10 2280
2121 38280 40560 10 4 2280
2122 40800 41460 4 3 660
2123 41580 44160 3 0 2580
2124 35040 37380 15 10 2340
2125 37500 40200 10 0 2700
2126 40320 42000 0 19 1680
2127 42900 44580 19 0 1680
2128 44700 47400 0 10 2700
2129 47520 49860 10 15 2340
2130 49980 52920 15 13 2940
2131 53040 54900 13 11 1860
2132 57300 58980 19 0 1680
2133 59100 61800 0 10 2700
2134 61920 64260 10 15 2340
2135 64380 67320 15 13 2940
2136 67440 69300 13 11 1860
2137 71700 73380 19 0 1680
2138 73500 76200 0 10 2700
2139 30120 32940 0 3 2820
2140 33180 35820 3 10 2640
2141 35940 38040 10 8 2100
2142 40140 42240 8 10 2100
2143 42360 45000 10 3 2640
2144 45120 47700 3 0 2580
2145 50940 53040 8 10 2100
2146 53160 55800 10 3 2640
2147 55920 58500 3 0 2580
2148 61740 63840 8 10 2100
2149 63960 66600 10 3 2640
2150 66720 69300 3 0 2580
2151 72540 74640 8 10 2100
2152 74760 77400 10 3 2640
2153 30180 32880 0 10 2700
2154 33120 35460 10 15 2340
2155 35580 38520 15 13 2940
2156 41220 44160 13 15 2940
2157 44280 46620 15 10 2340
2158 46740 49440 10 0 2700
2159 52020 54960 13 15 2940
2160 55080 57420 15 10 2340
2161 57540 60240 10 0 2700
2162 62820 65760 13 15 2940
2163 65880 68220 15 10 2340
2164 68340 71040 10 0 2700
2165 73620 76560 13 15 2940
2166 76680 79020 15 10 2340
2167 34560 37020 5 4 2460
2168 37140 37800 4 3 660
2169 37920 40500 3 0 2580
2170 42480 45060 0 3 2580
2171 45180 45840 3 4 660
2172 45960 48420 4 5 2460
2173 48540 52560 5 12 4020
2174 53280 55860 0 3 2580
2175 55980 56640 3 4 660
2176 56760 59220 4 5 2460
2177 59340 63360 5 12 4020
2178 64080 66660 0 3 2580
2179 66780 67440 3 4 660
2180 67560 70020 4 5 2460
2181 70140 74160 5 12 4020
2182 74880 77460 0 3 2580
2183 77580 78240 3 4 660
2184 78360 80820 4 5 2460
2185 80940 84960 5 12 4020
2186 33480 35820 15 10 2340
2187 35940 38640 10 0 2700
2188 40980 43680 0 10 2700
2189 43920 46260 10 15 2340
2190 46380 49320 15 13 2940
2191 51780 54480 0 10 2700
2192 54720 57060 10 15 2340
2193 57180 60120 15 13 2940
2194 62580 65280 0 10 2700
2195 65520 67860 10 15 2340
2196 67980 70920 15 13 2940
2197 73380 76080 0 10 2700
2198 33120 35280 7 5 2160
2199 35400 37860 5 4 2460
2200 37980 38640 4 3 660
2201 38760 41460 3 2 2700
2202 41580 43500 2 6 1920
2203 46620 48540 6 2 1920
2204 48660 51360 2 3 2700
2205 51480 52140 3 4 660
2206 52260 54720 4 5 2460
2207 54840 57000 5 7 2160
2208 57120 59520 7 11 2400
2209 61020 62940 6 2 1920
2210 63060 65760 2 3 2700
2211 65880 66540 3 4 660
2212 66660 69120 4 5 2460
2213 69240 71400 5 7 2160
2214 71520 73920 7 11 2400
2215 75420 77340 6 2 1920
2216 77460 80160 2 3 2700
2217 80280 80940 3 4 660
2218 81060 83520 4 5 2460
2219 83640 85800 5 7 2160
2220 33240 35880 10 3 2640
2221 36000 36660 3 4 660
2222 39480 40140 4 3 660
2223 40380 43020 3 10 2640
2224 43140 45480 10 15 2340
2225 33120 35400 10 4 2280
2226 35520 36180 4 3 660
2227 36300 39000 3 2 2700
2228 42300 45000 2 3 2700
2229 45120 45780 3 4 660
2230 45900 48180 4 10 2280
2231 48300 50400 10 8 2100
2232 53100 55800 2 3 2700
2233 55920 56580 3 4 660
2234 56700 58980 4 10 2280
2235 59100 61200 10 8 2100
2236 63900 66600 2 3 2700
2237 66720 67380 3 4 660
2238 67500 69780 4 10 2280
2239 69900 72000 10 8 2100
2240 74700 77400 2 3 2700
2241 77520 78180 3 4 660
2242 31740 33120 17 16 1380
2243 33240 36240 16 3 3000
2244 36360 37020 3 4 660
2245 37140 39600 4 5 2460
2246 39720 43740 5 12 4020
2247 45600 49620 12 5 4020
2248 49740 52200 5 4 2460
2249 52320 52980 4 3 660
2250 53100 56100 3 16 3000
2251 56220 57600 16 17 1380
2252 57720 58380 17 9 660
2253 60000 64020 12 5 4020
2254 64140 66600 5 4 2460
2255 66720 67380 4 3 660
2256 67500 70500 3 16 3000
2257 70620 72000 16 17 1380
2258 72120 72780 17 9 660
2259 74400 78420 12 5 4020
2260 78540 81000 5 4 2460
2261 81120 81780 4 3 660
2262 33240 35880 10 3 2640
2263 36000 39000 3 16 3000
2264 39120 40500 16 17 1380
2265 43740 45120 17 16 1380
2266 45240 48240 16 3 3000
2267 48360 51000 3 10 2640
2268 51120 53220 10 8 2100
2269 54540 55920 17 16 1380
2270 56040 59040 16 3 3000
2271 59160 61800 3 10 2640
2272 61920 64020 10 8 2100
2273 65340 66720 17 16 1380
2274 66840 69840 16 3 3000
2275 69960 72600 3 10 2640
2276 72720 74820 10 8 2100
2277 76140 77520 17 16 1380
2278 77640 80640 16 3 3000
2279 35340 37800 5 4 2460
2280 37920 38580 4 3 660
2281 38700 41700 3 16 3000
2282 41820 43200 16 17 1380
2283 43320 43980 17 9 660
2284 45360 46020 9 17 660
2285 46140 47520 17 16 1380
2286 47640 50640 16 3 3000
2287 50760 51420 3 4 660
2288 51540 54000 4 5 2460
2289 54120 58140 5 12 4020
2290 59760 60420 9 17 660
2291 60540 61920 17 16 1380
2292 62040 65040 16 3 3000
2293 65160 65820 3 4 660
2294 65940 68400 4 5 2460
2295 68520 72540 5 12 4020
2296 74160 74820 9 17 660
2297 74940 76320 17 16 1380
2298 76440 79440 16 3 3000
2299 79560 80220 3 4 660
2300 80340 82800 4 5 2460
2301 82920 86940 5 12 4020
2302 33960 36120 7 5 2160
2303 36240 38700 5 4 2460
2304 38820 39480 4 3 660
2305 39600 42600 3 16 3000
2306 42720 43560 16 14 840
2307 46620 47460 14 16 840
2308 47580 50580 16 3 3000
2309 50700 51360 3 4 660
2310 51480 53940 4 5 2460
2311 54060 56220 5 7 2160
2312 56340 58740 7 11 2400
2313 61020 61860 14 16 840
2314 61980 64980 16 3 3000
2315 65100 65760 3 4 660
2316 65880 68340 4 5 2460
2317 68460 70620 5 7 2160
2318 70740 73140 7 11 2400
2319 75420 76260 14 16 840
2320 76380 79380 16 3 3000
2321 79500 80160 3 4 660
2322 80280 82740 4 5 2460
2323 82860 85020 5 7 2160
2324 33780 36240 5 4 2460
2325 36360 38640 4 10 2280
2326 38760 41460 10 0 2700
2327 43920 46620 0 10 2700
2328 46740 49020 10 4 2280
2329 49140 51600 4 5 2460
2330 51720 53880 5 7 2160
2331 54720 57420 0 10 2700
2332 57540 59820 10 4 2280
2333 59940 62400 4 5 2460
2334 62520 64680 5 7 2160
2335 65520 68220 0 10 2700
2336 68340 70620 10 4 2280
2337 70740 73200 4 5 2460
2338 73320 75480 5 7 2160
2339 76320 79020 0 10 2700
2340 79140 81420 10 4 2280
2341 81540 84000 4 5 2460
2342 84120 86280 5 7 2160
2343 31500 34200 2 3 2700
2344 34320 34980 3 4 660
2345 35100 37380 4 10 2280
2346 37500 39600 10 8 2100
2347 41700 43800 8 10 2100
2348 43920 46200 10 4 2280
2349 46320 46980 4 3 660
2350 47100 49800 3 2 2700
2351 52500 54600 8 10 2100
2352 54720 57000 10 4 2280
2353 57120 57780 4 3 660
2354 57900 60600 3 2 2700
2355 63300 65400 8 10 2100
2356 65520 67800 10 4 2280
2357 67920 68580 4 3 660
2358 68700 71400 3 2 2700
2359 74100 76200 8 10 2100
2360 76320 78600 10 4 2280
2361 78720 79380 4 3 660
2362 79500 82200 3 2 2700
2363 31680 34260 0 3 2580
2364 34380 35040 3 4 660
2365 35160 37620 4 5 2460
2366 37740 41760 5 12 4020
2367 44820 48840 12 5 4020
2368 48960 51420 5 4 2460
2369 51540 52200 4 3 660
2370 52320 54900 3 0 2580
2371 55620 59640 12 5 4020
2372 59760 62220 5 4 2460
2373 62340 63000 4 3 660
2374 63120 65700 3 0 2580
2375 66420 70440 12 5 4020
2376 70560 73020 5 4 2460
2377 73140 73800 4 3 660
2378 73920 76500 3 0 2580
2379 77220 81240 12 5 4020
2380 81360 83820 5 4 2460
2381 83940 84600 4 3 660
2382 33060 35220 7 5 2160
2383 35340 37800 5 4 2460
2384 37920 38580 4 3 660
2385 38700 40920 3 1 2220
2386 41040 42420 1 19 1380
2387 43260 44640 19 1 1380
2388 44760 46980 1 3 2220
2389 47100 47760 3 4 660
2390 47880 50340 4 5 2460
2391 50460 52620 5 7 2160
2392 52740 53940 7 12 1200
2393 57660 59040 19 1 1380
2394 59160 61380 1 3 2220
2395 61500 62160 3 4 660
2396 62280 64740 4 5 2460
2397 64860 67020 5 7 2160
2398 67140 68340 7 12 1200
2399 72060 73440 19 1 1380
2400 73560 75780 1 3 2220
2401 75900 76560 3 4 660
2402 76680 79140 4 5 2460
2403 79260 81420 5 7 2160
2404 81540 82740 7 12 1200
2405 34260 36180 6 2 1920
2406 36300 39000 2 3 2700
2407 39120 41700 3 0 2580
2408 43980 46560 0 3 2580
2409 46680 49380 3 2 2700
2410 49500 51420 2 6 1920
2411 51540 53760 6 18 2220
2412 54780 57360 0 3 2580
2413 57480 60180 3 2 2700
2414 60300 62220 2 6 1920
2415 62340 64560 6 18 2220
2416 65580 68160 0 3 2580
2417 68280 70980 3 2 2700
2418 71100 73020 2 6 1920
2419 73140 75360 6 18 2220
2420 76380 78960 0 3 2580
2421 79080 81780 3 2 2700
2422 32100 33780 19 0 1680
2423 33900 36600 0 10 2700
2424 36720 39060 10 15 2340
2425 39180 42120 15 13 2940
2426 42240 44100 13 11 1860
2427 48000 49860 11 13 1860
2428 49980 52920 13 15 2940
2429 53040 55380 15 10 2340
2430 55500 58200 10 0 2700
2431 58320 60000 0 19 1680
2432 62400 64260 11 13 1860
2433 64380 67320 13 15 2940
2434 67440 69780 15 10 2340
2435 69900 72600 10 0 2700
2436 72720 74400 0 19 1680
2437 32220 33060 14 16 840
2438 33180 36180 16 3 3000
2439 36300 36960 3 4 660
2440 37080 39540 4 5 2460
2441 39660 41820 5 7 2160
2442 41940 44340 7 11 2400
2443 45840 48240 11 7 2400
2444 48360 50520 7 5 2160
2445 50640 53100 5 4 2460
2446 53220 53880 4 3 660
2447 54000 57000 3 16 3000
2448 57120 57960 16 14 840
2449 60240 62640 11 7 2400
2450 62760 64920 7 5 2160
2451 65040 67500 5 4 2460
2452 67620 68280 4 3 660
2453 68400 71400 3 16 3000
2454 71520 72360 16 14 840
2455 74640 77040 11 7 2400
2456 77160 79320 7 5 2160
2457 79440 81900 5 4 2460
2458 82020 82680 4 3 660
2459 32220 34140 6 2 1920
2460 34260 36960 2 3 2700
2461 37080 37740 3 4 660
2462 37860 40320 4 5 2460
2463 40440 42600 5 7 2160
2464 42720 45120 7 11 2400
2465 48600 51000 11 7 2400
2466 51120 53280 7 5 2160
2467 53400 55860 5 4 2460
2468 55980 56640 4 3 660
2469 56760 59460 3 2 2700
2470 59580 61500 2 6 1920
2471 63000 65400 11 7 2400
2472 65520 67680 7 5 2160
2473 67800 70260 5 4 2460
2474 70380 71040 4 3 660
2475 71160 73860 3 2 2700
2476 73980 75900 2 6 1920
2477 77400 79800 11 7 2400
2478 79920 82080 7 5 2160
2479 82200 84660 5 4 2460
2480 84780 85440 4 3 660
2481 32400 34320 2 6 1920
2482 34440 35820 6 9 1380
2483 38580 39960 9 6 1380
2484 40200 42120 6 2 1920
2485 32460 33840 19 1 1380
2486 33960 36180 1 3 2220
2487 36300 36960 3 4 660
2488 37080 39540 4 5 2460
2489 39660 41820 5 7 2160
2490 41940 43140 7 12 1200
2491 46140 47340 12 7 1200
2492 47460 49620 7 5 2160
2493 49740 52200 5 4 2460
2494 52320 52980 4 3 660
2495 53100 55320 3 1 2220
2496 55440 56820 1 19 1380
2497 60540 61740 12 7 1200
2498 61860 64020 7 5 2160
2499 64140 66600 5 4 2460
2500 66720 67380 4 3 660
2501 67500 69720 3 1 2220
2502 69840 71220 1 19 1380
2503 74940 76140 12 7 1200
2504 76260 78420 7 5 2160
2505 78540 81000 5 4 2460
2506 81120 81780 4 3 660
2507 81900 84120 3 1 2220
2508 32700 34380 0 19 1680
2509 34500 35880 19 1 1380
2510 36000 37440 1 16 1440
2511 37560 40740 16 6 3180
2512 40860 43080 6 18 2220
2513 47100 49320 18 6 2220
2514 49440 52620 6 16 3180
2515 52740 54180 16 1 1440
2516 54300 55680 1 19 1380
2517 55800 57480 19 0 1680
2518 61500 63720 18 6 2220
2519 63840 67020 6 16 3180
2520 67140 68580 16 1 1440
2521 68700 70080 1 19 1380
2522 70200 71880 19 0 1680
2523 75900 78120 18 6 2220
2524 78240 81420 6 16 3180
2525 81540 82980 16 1 1440
2526 35040 38220 6 16 3180
2527 38340 39780 16 1 1440
2528 39900 41280 1 19 1380
2529 41400 43080 19 0 1680
2530 47100 48780 0 19 1680
2531 48900 50280 19 1 1380
2532 50400 51840 1 16 1440
2533 51960 55140 16 6 3180
2534 55260 57480 6 18 2220
2535 61500 63180 0 19 1680
2536 63300 64680 19 1 1380
2537 64800 66240 1 16 1440
2538 66360 69540 16 6 3180
2539 69660 71880 6 18 2220
2540 75900 77580 0 19 1680
2541 77700 79080 19 1 1380
2542 79200 80640 1 16 1440
2543 32760 35700 15 13 2940
2544 35820 37680 13 11 1860
2545 37800 40200 11 7 2400
2546 40380 41580 7 12 1200
2547 42660 43860 12 7 1200
2548 43980 46380 7 11 2400
2549 46500 48360 11 13 1860
2550 48480 51420 13 15 2940
2551 32940 34320 17 16 1380
2552 34440 37440 16 3 3000
2553 37560 40200 3 10 2640
2554 40320 42420 10 8 2100
2555 45420 47520 8 10 2100
2556 47640 50280 10 3 2640
2557 50400 53400 3 16 3000
2558 53520 54900 16 17 1380
2559 33120 35820 0 10 2700
2560 35940 38220 10 4 2280
2561 38340 40800 4 5 2460
2562 40920 43080 5 7 2160
2563 45900 48060 7 5 2160
2564 48180 50640 5 4 2460
2565 50760 53040 4 10 2280
2566 53160 55860 10 0 2700
2567 33180 35760 0 3 2580
2568 35880 38580 3 2 2700
2569 38700 40620 2 6 1920
2570 40740 42960 6 18 2220
2571 46320 48540 18 6 2220
2572 48660 50580 6 2 1920
2573 50700 53400 2 3 2700
2574 53520 56100 3 0 2580
2575 33180 35880 3 2 2700
2576 36000 37140 2 16 1140
2577 37860 39000 16 2 1140
2578 39120 41820 2 3 2700
2579 35580 38520 13 15 2940
2580 38640 40980 15 10 2340
2581 41100 43800 10 0 2700
2582 43920 45600 0 19 1680
2583 46500 48180 19 0 1680
2584 48300 51000 0 10 2700
2585 51120 53460 10 15 2340
2586 53580 56520 15 13 2940
2587 56640 58500 13 11 1860
2588 60900 62580 19 0 1680
2589 62700 65400 0 10 2700
2590 65520 67860 10 15 2340
2591 67980 70920 15 13 2940
2592 71040 72900 13 11 1860
2593 75300 76980 19 0 1680
2594 34020 38040 12 5 4020
2595 38160 40620 5 4 2460
2596 40740 41400 4 3 660
2597 41520 44100 3 0 2580
2598 46080 48660 0 3 2580
2599 48780 49440 3 4 660
2600 49560 52020 4 5 2460
2601 52140 56160 5 12 4020
2602 36720 38880 7 5 2160
2603 39000 41460 5 4 2460
2604 41580 42240 4 3 660
2605 42360 45060 3 2 2700
2606 45180 47100 2 6 1920
2607 50220 52140 6 2 1920
2608 52260 54960 2 3 2700
2609 55080 55740 3 4 660
2610 55860 58320 4 5 2460
2611 58440 60600 5 7 2160
2612 60720 63120 7 11 2400
2613 64620 66540 6 2 1920
2614 66660 69360 2 3 2700
2615 69480 70140 3 4 660
2616 70260 72720 4 5 2460
2617 72840 75000 5 7 2160
2618 75120 77520 7 11 2400
2619 79020 80940 6 2 1920
2620 81060 83760 2 3 2700
2621 83880 84540 3 4 660
2622 84660 87120 4 5 2460
2623 87240 89400 5 7 2160
2624 34500 35880 19 1 1380
2625 36000 37440 1 16 1440
2626 37560 38940 16 17 1380
2627 39060 39720 17 9 660
2628 40920 41580 9 17 660
2629 41700 43080 17 16 1380
2630 43200 44640 16 1 1440
2631 44760 46140 1 19 1380
2632 34560 35220 9 17 660
2633 35340 36720 17 16 1380
2634 36840 39840 16 3 3000
2635 39960 40620 3 4 660
2636 40740 43200 4 5 2460
2637 43320 47340 5 12 4020
2638 49200 53220 12 5 4020
2639 53340 55800 5 4 2460
2640 55920 56580 4 3 660
2641 56700 59700 3 16 3000
2642 59820 61200 16 17 1380
2643 61320 61980 17 9 660
2644 63600 67620 12 5 4020
2645 67740 70200 5 4 2460
2646 70320 70980 4 3 660
2647 71100 74100 3 16 3000
2648 74220 75600 16 17 1380
2649 75720 76380 17 9 660
2650 78000 82020 12 5 4020
2651 82140 84600 5 4 2460
2652 84720 85380 4 3 660
2653 34800 38820 12 5 4020
2654 38940 41400 5 4 2460
2655 41520 42180 4 3 660
2656 42300 45300 3 16 3000
2657 45420 46800 16 17 1380
2658 46920 47580 17 9 660
2659 48960 49620 9 17 660
2660 49740 51120 17 16 1380
2661 51240 54240 16 3 3000
2662 54360 55020 3 4 660
2663 55140 57600 4 5 2460
2664 57720 61740 5 12 4020
2665 63360 64020 9 17 660
2666 64140 65520 17 16 1380
2667 65640 68640 16 3 3000
2668 68760 69420 3 4 660
2669 69540 72000 4 5 2460
2670 72120 76140 5 12 4020
2671 77760 78420 9 17 660
2672 78540 79920 17 16 1380
2673 80040 83040 16 3 3000
2674 83160 83820 3 4 660
2675 83940 86400 4 5 2460
2676 37560 39720 7 5 2160
2677 39840 42300 5 4 2460
2678 42420 43080 4 3 660
2679 43200 46200 3 16 3000
2680 46320 47160 16 14 840
2681 50220 51060 14 16 840
2682 51180 54180 16 3 3000
2683 54300 54960 3 4 660
2684 55080 57540 4 5 2460
2685 57660 59820 5 7 2160
2686 59940 62340 7 11 2400
2687 64620 65460 14 16 840
2688 65580 68580 16 3 3000
2689 68700 69360 3 4 660
2690 69480 71940 4 5 2460
2691 72060 74220 5 7 2160
2692 74340 76740 7 11 2400
2693 79020 79860 14 16 840
2694 79980 82980 16 3 3000
2695 83100 83760 3 4 660
2696 83880 86340 4 5 2460
2697 86460 88620 5 7 2160
2698 35820 36660 14 16 840
2699 36780 39780 16 3 3000
2700 39900 40560 3 4 660
2701 40680 43140 4 5 2460
2702 43260 45420 5 7 2160
2703 45540 47940 7 11 2400
2704 49440 51840 11 7 2400
2705 51960 54120 7 5 2160
2706 54240 56700 5 4 2460
2707 56820 57480 4 3 660
2708 57600 60600 3 16 3000
2709 60720 61560 16 14 840
2710 63840 66240 11 7 2400
2711 66360 68520 7 5 2160
2712 68640 71100 5 4 2460
2713 71220 71880 4 3 660
2714 72000 75000 3 16 3000
2715 75120 75960 16 14 840
2716 78240 80640 11 7 2400
2717 80760 82920 7 5 2160
2718 83040 85500 5 4 2460
2719 85620 86280 4 3 660
2720 35820 37740 6 2 1920
2721 37860 40560 2 3 2700
2722 40680 41340 3 4 660
2723 41460 43920 4 5 2460
2724 44040 46200 5 7 2160
2725 46320 48720 7 11 2400
2726 52200 54600 11 7 2400
2727 54720 56880 7 5 2160
2728 57000 59460 5 4 2460
2729 59580 60240 4 3 660
2730 60360 63060 3 2 2700
2731 63180 65100 2 6 1920
2732 66600 69000 11 7 2400
2733 69120 71280 7 5 2160
2734 71400 73860 5 4 2460
2735 73980 74640 4 3 660
2736 74760 77460 3 2 2700
2737 77580 79500 2 6 1920
2738 37200 39060 11 13 1860
2739 39180 42120 13 15 2940
2740 42240 44580 15 10 2340
2741 44700 47400 10 0 2700
2742 47520 49200 0 19 1680
2743 50100 51780 19 0 1680
2744 51900 54600 0 10 2700
2745 54720 57060 10 15 2340
2746 57180 60120 15 13 2940
2747 60240 62100 13 11 1860
2748 37800 40200 11 7 2400
2749 40320 42480 7 5 2160
2750 42600 45060 5 4 2460
2751 45180 45840 4 3 660
2752 45960 48660 3 2 2700
2753 48780 50700 2 6 1920
2754 53820 55740 6 2 1920
2755 55860 58560 2 3 2700
2756 58680 59340 3 4 660
2757 59460 61920 4 5 2460
2758 62040 64200 5 7 2160
2759 64320 66720 7 11 2400
2760 39600 41520 2 6 1920
2761 41640 43020 6 9 1380
2762 45780 47160 9 6 1380
2763 47400 49320 6 2 1920
2764 40380 43080 3 2 2700
2765 43200 44340 2 16 1140
2766 45060 46200 16 2 1140
2767 46320 49020 2 3 2700
2768 41700 43080 19 1 1380
2769 43200 44640 1 16 1440
2770 44760 46140 16 17 1380
2771 46260 46920 17 9 660
2772 48120 48780 9 17 660
2773 48900 50280 17 16 1380
2774 50400 51840 16 1 1440
2775 51960 53340 1 19 1380
2776 43560 46500 15 13 2940
2777 46620 48480 13 11 1860
2778 48600 51000 11 7 2400
2779 51180 52380 7 12 1200
2780 53460 54660 12 7 1200
2781 54780 57180 7 11 2400
2782 57300 59160 11 13 1860
2783 59280 62220 13 15 2940
2784 46800 48720 2 6 1920
2785 48840 50220 6 9 1380
2786 52980 54360 9 6 1380
2787 54600 56520 6 2 1920
2788 46860 48240 19 1 1380
2789 48360 50580 1 3 2220
2790 50700 51360 3 4 660
2791 51480 53940 4 5 2460
2792 54060 56220 5 7 2160
2793 56340 57540 7 12 1200
2794 60540 61740 12 7 1200
2795 61860 64020 7 5 2160
2796 64140 66600 5 4 2460
2797 66720 67380 4 3 660
2798 67500 69720 3 1 2220
2799 69840 71220 1 19 1380
2800 47580 50280 3 2 2700
2801 50400 51540 2 16 1140
2802 52260 53400 16 2 1140
2803 53520 56220 2 3 2700
2804 48900 50280 19 1 1380
2805 50400 51840 1 16 1440
2806 51960 53340 16 17 1380
2807 53460 54120 17 9 660
2808 55320 55980 9 17 660
2809 56100 57480 17 16 1380
2810 57600 59040 16 1 1440
2811 59160 60540 1 19 1380
2812 51600 53460 11 13 1860
2813 53580 56520 13 15 2940
2814 56640 58980 15 10 2340
2815 59100 61800 10 0 2700
2816 61920 63600 0 19 1680
2817 64500 66180 19 0 1680
2818 66300 69000 0 10 2700
2819 69120 71460 10 15 2340
2820 71580 74520 15 13 2940
2821 74640 76500 13 11 1860
2822 54000 55920 2 6 1920
2823 56040 57420 6 9 1380
2824 60180 61560 9 6 1380
2825 61800 63720 6 2 1920
2826 54360 57300 15 13 2940
2827 57420 59280 13 11 1860
2828 59400 61800 11 7 2400
2829 61980 63180 7 12 1200
2830 64260 65460 12 7 1200
2831 65580 67980 7 11 2400
2832 68100 69960 11 13 1860
2833 70080 73020 13 15 2940
2834 54780 57480 3 2 2700
2835 57600 58740 2 16 1140
2836 59460 60600 16 2 1140
2837 60720 63420 2 3 2700
2838 56100 57480 19 1 1380
2839 57600 59040 1 16 1440
2840 59160 60540 16 17 1380
2841 60660 61320 17 9 660
2842 62520 63180 9 17 660
2843 63300 64680 17 16 1380
2844 64800 66240 16 1 1440
2845 66360 67740 1 19 1380
2846 61200 63120 2 6 1920
2847 63240 64620 6 9 1380
2848 67380 68760 9 6 1380
2849 69000 70920 6 2 1920
2850 61260 62640 19 1 1380
2851 62760 64980 1 3 2220
2852 65100 65760 3 4 660
2853 65880 68340 4 5 2460
2854 68460 70620 5 7 2160
2855 70740 71940 7 12 1200
2856 74940 76140 12 7 1200
2857 76260 78420 7 5 2160
2858 78540 81000 5 4 2460
2859 81120 81780 4 3 660
2860 81900 84120 3 1 2220
2861 61980 64680 3 2 2700
2862 64800 65940 2 16 1140
2863 66660 67800 16 2 1140
2864 67920 70620 2 3 2700
2865 63300 64680 19 1 1380
2866 64800 66240 1 16 1440
2867 66360 67740 16 17 1380
2868 67860 68520 17 9 660
2869 69720 70380 9 17 660
2870 70500 71880 17 16 1380
2871 72000 73440 16 1 1440
2872 73560 74940 1 19 1380
2873 65160 68100 15 13 2940
2874 68220 70080 13 11 1860
2875 70200 72600 11 7 2400
2876 72780 73980 7 12 1200
2877 75060 76260 12 7 1200
2878 76380 78780 7 11 2400
2879 66000 67860 11 13 1860
2880 67980 70920 13 15 2940
2881 71040 73380 15 10 2340
2882 73500 76200 10 0 2700
2883 76320 78000 0 19 1680
2884 68400 70320 2 6 1920
2885 70440 71820 6 9 1380
2886 74580 75960 9 6 1380
2887 76200 78120 6 2 1920
2888 69180 71880 3 2 2700
2889 72000 73140 2 16 1140
2890 73860 75000 16 2 1140
2891 75120 77820 2 3 2700
2892 70500 71880 19 1 1380
2893 72000 73440 1 16 1440
2894 73560 74940 16 17 1380
2895 75060 75720 17 9 660
2896 76920 77580 9 17 660
2897 77700 79080 17 16 1380
2898 79200 80640 16 1 1440
2899 75600 77520 2 6 1920
2900 75660 77040 19 1 1380
2901 77160 79380 1 3 2220
2902 79500 80160 3 4 660
2903 80280 82740 4 5 2460
2904 82860 85020 5 7 2160
2905 85140 86340 7 12 1200
2906 89340 90540 12 7 1200
2907 90660 92820 7 5 2160
2908 92940 95400 5 4 2460
2909 95520 96180 4 3 660
2910 75960 78900 15 13 2940
2911 79020 80880 13 11 1860
2912 81000 83400 11 7 2400
2913 83580 84780 7 12 1200
2914 85860 87060 12 7 1200
2915 76380 79080 3 2 2700
2916 79200 80340 2 16 1140
2917 81060 82200 16 2 1140
2918 82320 85020 2 3 2700
2919 77700 79080 19 1 1380
2920 79200 80640 1 16 1440
