0 19 28
1 14 21
14 16 14
2 16 19
16 17 23
9 17 11
3 4 11
6 18 37
4 10 38
8 10 35
5 7 36
7 12 20
10 15 39
19 0 28
14 1 21
16 14 14
16 2 19
17 16 23
17 9 11
4 3 11
18 6 37
10 4 38
10 8 35
7 5 36
12 7 20
15 10 39
3 16 50
16 3 50
1 3 37
3 1 37
0 10 45
10 0 45
2 20 6
20 2 6
3 20 37
20 3 37
11 21 7
21 11 7
1 22 14
22 1 14
19 22 7
22 19 7
6 23 12
23 6 12
9 23 9
23 9 9
5 24 11
24 5 11
16 25 18
25 16 18
15 26 8
26 15 8
11 27 11
27 11 11
13 27 18
27 13 18
2 28 8
28 2 8
6 28 22
28 6 22
25 29 6
29 25 6
6 29 25
29 6 25
12 30 9
30 12 9
30 31 11
31 30 11
3 32 15
32 3 15
10 32 27
32 10 27
24 33 21
33 24 21
31 33 7
33 31 7
7 34 23
34 7 23
21 34 6
34 21 6
4 35 12
35 4 12
5 35 27
35 5 27
13 36 26
36 13 26
26 36 11
36 26 11
1 37 12
37 1 12
16 37 10
37 16 10
3 38 12
38 3 12
0 39 11
39 0 11
38 39 16
39 38 16
