0 21660 25080 0 2 3420
1 25200 26520 2 1 1320
2 27360 28680 1 2 1320
3 28800 32220 2 0 3420
4 33660 34980 1 2 1320
5 35100 38520 2 0 3420
6 39960 41280 1 2 1320
7 41400 44820 2 0 3420
8 46260 47580 1 2 1320
9 47700 51120 2 0 3420
10 52560 53880 1 2 1320
11 54000 57420 2 0 3420
12 58860 60180 1 2 1320
13 60300 63720 2 0 3420
14 65160 66480 1 2 1320
15 66600 70020 2 0 3420
16 71460 72780 1 2 1320
17 72900 76320 2 0 3420
18 77760 79080 1 2 1320
19 79200 82620 2 0 3420
20 27960 31380 0 2 3420
21 31500 32820 2 1 1320
22 34260 37680 0 2 3420
23 37800 39120 2 1 1320
24 40560 43980 0 2 3420
25 44100 45420 2 1 1320
26 46860 50280 0 2 3420
27 50400 51720 2 1 1320
28 53160 56580 0 2 3420
29 56700 58020 2 1 1320
30 59460 62880 0 2 3420
31 63000 64320 2 1 1320
32 65760 69180 0 2 3420
33 69300 70620 2 1 1320
34 72060 75480 0 2 3420
35 75600 76920 2 1 1320
36 78360 81780 0 2 3420
37 22560 25980 0 2 3420
38 26100 27420 2 1 1320
39 28260 29580 1 2 1320
40 29700 33120 2 0 3420
41 34560 35880 1 2 1320
42 36000 39420 2 0 3420
43 40860 42180 1 2 1320
44 42300 45720 2 0 3420
45 47160 48480 1 2 1320
46 48600 52020 2 0 3420
47 53460 54780 1 2 1320
48 54900 58320 2 0 3420
49 59760 61080 1 2 1320
50 61200 64620 2 0 3420
51 66060 67380 1 2 1320
52 67500 70920 2 0 3420
53 72360 73680 1 2 1320
54 73800 77220 2 0 3420
55 78660 79980 1 2 1320
56 80100 83520 2 0 3420
57 28860 32280 0 2 3420
58 32400 33720 2 1 1320
59 35160 38580 0 2 3420
60 38700 40020 2 1 1320
61 41460 44880 0 2 3420
62 45000 46320 2 1 1320
63 47760 51180 0 2 3420
64 51300 52620 2 1 1320
65 54060 57480 0 2 3420
66 57600 58920 2 1 1320
67 60360 63780 0 2 3420
68 63900 65220 2 1 1320
69 66660 70080 0 2 3420
70 70200 71520 2 1 1320
71 72960 76380 0 2 3420
72 76500 77820 2 1 1320
73 23460 26880 0 2 3420
74 27000 28320 2 1 1320
75 29160 30480 1 2 1320
76 30600 34020 2 0 3420
77 35460 36780 1 2 1320
78 36900 40320 2 0 3420
79 41760 43080 1 2 1320
80 43200 46620 2 0 3420
81 48060 49380 1 2 1320
82 49500 52920 2 0 3420
83 54360 55680 1 2 1320
84 55800 59220 2 0 3420
85 60660 61980 1 2 1320
86 62100 65520 2 0 3420
87 66960 68280 1 2 1320
88 68400 71820 2 0 3420
89 73260 74580 1 2 1320
90 74700 78120 2 0 3420
91 29760 33180 0 2 3420
92 33300 34620 2 1 1320
93 36060 39480 0 2 3420
94 39600 40920 2 1 1320
95 42360 45780 0 2 3420
96 45900 47220 2 1 1320
97 48660 52080 0 2 3420
98 52200 53520 2 1 1320
99 54960 58380 0 2 3420
100 58500 59820 2 1 1320
101 61260 64680 0 2 3420
102 64800 66120 2 1 1320
103 67560 70980 0 2 3420
104 71100 72420 2 1 1320
105 73860 77280 0 2 3420
106 77400 78720 2 1 1320
107 24360 27780 0 2 3420
108 27900 29220 2 1 1320
109 30060 31380 1 2 1320
110 31500 34920 2 0 3420
111 36360 37680 1 2 1320
112 37800 41220 2 0 3420
113 42660 43980 1 2 1320
114 44100 47520 2 0 3420
115 48960 50280 1 2 1320
116 50400 53820 2 0 3420
117 55260 56580 1 2 1320
118 56700 60120 2 0 3420
119 61560 62880 1 2 1320
120 63000 66420 2 0 3420
121 67860 69180 1 2 1320
122 69300 72720 2 0 3420
123 74160 75480 1 2 1320
124 75600 79020 2 0 3420
125 26100 29520 2 0 3420
126 30660 34080 0 2 3420
127 34200 35520 2 1 1320
128 36960 40380 0 2 3420
129 40500 41820 2 1 1320
130 43260 46680 0 2 3420
131 46800 48120 2 1 1320
132 49560 52980 0 2 3420
133 53100 54420 2 1 1320
134 55860 59280 0 2 3420
135 59400 60720 2 1 1320
136 62160 65580 0 2 3420
137 65700 67020 2 1 1320
138 68460 71880 0 2 3420
139 72000 73320 2 1 1320
140 74760 78180 0 2 3420
141 78300 79620 2 1 1320
142 25260 28680 0 2 3420
143 28800 30120 2 1 1320
144 30960 32280 1 2 1320
145 32400 35820 2 0 3420
146 37260 38580 1 2 1320
147 38700 42120 2 0 3420
148 43560 44880 1 2 1320
149 45000 48420 2 0 3420
150 49860 51180 1 2 1320
151 51300 54720 2 0 3420
152 56160 57480 1 2 1320
153 57600 61020 2 0 3420
154 62460 63780 1 2 1320
155 63900 67320 2 0 3420
156 68760 70080 1 2 1320
157 70200 73620 2 0 3420
158 75060 76380 1 2 1320
159 76500 79920 2 0 3420
160 27000 30420 2 0 3420
161 31560 34980 0 2 3420
162 35100 36420 2 1 1320
163 37860 41280 0 2 3420
164 41400 42720 2 1 1320
165 44160 47580 0 2 3420
166 47700 49020 2 1 1320
167 50460 53880 0 2 3420
168 54000 55320 2 1 1320
169 56760 60180 0 2 3420
170 60300 61620 2 1 1320
171 63060 66480 0 2 3420
172 66600 67920 2 1 1320
173 69360 72780 0 2 3420
174 72900 74220 2 1 1320
175 75660 79080 0 2 3420
176 79200 80520 2 1 1320
177 26160 29580 0 2 3420
178 29700 31020 2 1 1320
179 31860 33180 1 2 1320
180 33300 36720 2 0 3420
181 38160 39480 1 2 1320
182 39600 43020 2 0 3420
183 44460 45780 1 2 1320
184 45900 49320 2 0 3420
185 50760 52080 1 2 1320
186 52200 55620 2 0 3420
187 57060 58380 1 2 1320
188 58500 61920 2 0 3420
189 63360 64680 1 2 1320
190 64800 68220 2 0 3420
191 69660 70980 1 2 1320
192 71100 74520 2 0 3420
193 75960 77280 1 2 1320
194 77400 80820 2 0 3420
195 27900 31320 2 0 3420
196 32460 35880 0 2 3420
197 36000 37320 2 1 1320
198 38760 42180 0 2 3420
199 42300 43620 2 1 1320
200 45060 48480 0 2 3420
201 48600 49920 2 1 1320
202 51360 54780 0 2 3420
203 54900 56220 2 1 1320
204 57660 61080 0 2 3420
205 61200 62520 2 1 1320
206 63960 67380 0 2 3420
207 67500 68820 2 1 1320
208 70260 73680 0 2 3420
209 73800 75120 2 1 1320
210 76560 79980 0 2 3420
211 80100 81420 2 1 1320
212 27060 30480 0 2 3420
213 30600 31920 2 1 1320
214 32760 34080 1 2 1320
215 34200 37620 2 0 3420
216 39060 40380 1 2 1320
217 40500 43920 2 0 3420
218 45360 46680 1 2 1320
219 46800 50220 2 0 3420
220 51660 52980 1 2 1320
221 53100 56520 2 0 3420
222 57960 59280 1 2 1320
223 59400 62820 2 0 3420
224 64260 65580 1 2 1320
225 65700 69120 2 0 3420
226 70560 71880 1 2 1320
227 72000 75420 2 0 3420
228 76860 78180 1 2 1320
229 78300 81720 2 0 3420
230 33360 36780 0 2 3420
231 36900 38220 2 1 1320
232 39060 40380 1 2 1320
233 40500 43920 2 0 3420
234 39660 43080 0 2 3420
235 43200 44520 2 1 1320
236 45360 46680 1 2 1320
237 46800 50220 2 0 3420
238 45960 49380 0 2 3420
239 49500 50820 2 1 1320
240 51660 52980 1 2 1320
241 53100 56520 2 0 3420
242 52260 55680 0 2 3420
243 55800 57120 2 1 1320
244 57960 59280 1 2 1320
245 59400 62820 2 0 3420
246 58560 61980 0 2 3420
247 62100 63420 2 1 1320
248 64260 65580 1 2 1320
249 65700 69120 2 0 3420
250 64860 68280 0 2 3420
251 68400 69720 2 1 1320
252 70560 71880 1 2 1320
253 72000 75420 2 0 3420
254 71160 74580 0 2 3420
255 74700 76020 2 1 1320
256 76860 78180 1 2 1320
257 78300 81720 2 0 3420
258 77460 80880 0 2 3420
259 81000 82320 2 1 1320
260 83160 84480 1 2 1320
261 84600 88020 2 0 3420
