46 2242 2453 2577 2650 2862 2927 2939 2940 
25 1139 1390 1677 1860 2159 2234 2511 2704 2812 2856 
1 81 186 427 617 900 973 1252 1448 1587 1676 
39 1874 2085 2209 2283 2561 2751 2904 2928 
38 1825 2023 2307 2397 2656 2829 2889 2919 
1 79 147 255 316 573 756 1055 1130 1409 1668 
0 66 155 379 560 851 933 1187 1398 1522 1619 
4 132 278 395 467 721 919 1203 1293 1556 1814 
8 286 461 737 811 1089 1284 1423 1505 
37 1777 2029 2291 2506 2776 2827 2930 2940 
7 240 410 540 605 884 1080 1226 1489 1638 1766 1890 1987 
44 2143 2342 2625 2712 2884 2935 2939 2940 
0 71 270 524 711 835 932 
5 164 362 624 880 1358 1538 1693 1765 
34 1620 1815 1941 2089 2372 2445 2717 2858 2911 2929 
9 332 507 638 703 990 1170 1332 1603 1744 1873 
6 194 370 491 565 819 1030 1163 1447 1573 1717 1841 1922 
22 992 1244 1506 1721 2004 2077 2356 2552 2688 2762 
23 1039 1235 1374 1439 1734 2126 2413 2593 2732 2794 
45 2193 2391 2672 2756 2920 2938 2939 2940 
2 94 181 443 516 770 981 1105 1186 
42 2045 2226 2429 2496 2834 2918 2939 2940 
31 1457 1652 1792 1906 2063 2187 2478 2543 2801 2898 2931 2936 
2 96 232 475 662 794 1078 
15 622 802 957 1022 1317 1709 1988 2184 2323 2412 
0 64 124 211 327 589 654 941 1121 1268 1348 
34 1620 1816 1955 2040 2462 2643 2843 2883 
3 109 224 347 419 671 867 1015 1308 
2 94 178 302 413 687 763 1091 1349 1473 1554 
43 2094 2276 2527 2605 2901 2937 2939 2940 
40 1923 2134 2258 2351 2763 2880 2922 2934 
37 1775 1971 2110 2178 2609 2795 2869 2900 
