54 2069 2244 2313 2457 2524 2599 2929 2978 3036 3131 3145 3179 
60 2302 2477 2546 2690 2757 2854 3110 3137 3157 3183 
42 1603 1778 1847 1991 2058 2155 2465 2516 2576 2737 2768 2941 3004 3106 3140 3162 3185 
1 101 148 194 291 601 652 724 873 904 1079 1148 1292 1359 1455 1676 
50 1956 2232 2283 2355 2504 2535 2710 2779 2921 2985 3061 3178 3184 
0 92 186 258 407 438 613 682 826 893 990 1300 1351 1423 1583 
2 113 368 419 479 640 671 846 915 1059 1126 1201 1533 1584 1656 1816 
0 90 156 216 360 427 502 834 885 957 1106 1137 1312 1381 1525 1592 1688 1914 
1 102 174 205 380 449 593 660 757 1067 1118 1178 1339 1370 1557 
47 1748 1857 1943 2033 2136 2437 2556 2642 2732 2830 2903 3012 3076 3128 3163 3174 3186 
29 1049 1158 1244 1334 1432 1507 1692 1727 1889 2187 2331 2401 2491 2624 2659 2809 2913 3058 
46 1740 1925 1960 2113 2420 2564 2634 2723 2842 2886 3018 3071 3124 3167 3173 3184 
43 1614 1758 1825 1898 2098 2168 2258 2391 2426 2585 2682 2860 3084 3153 3169 3180 3186 
48 1836 2011 2080 2224 2291 2388 2698 2749 2821 2966 2995 3117 3148 3183 
58 2205 2381 2670 2789 2875 2961 3043 3094 3151 3170 3182 3185 
1 105 294 329 488 584 745 789 933 1003 1092 1225 
4 129 279 323 467 537 627 760 795 949 1261 1411 1515 1624 1710 1801 1999 2050 2122 2282 
2 111 234 304 393 517 556 700 770 860 996 1255 1399 1469 1558 1677 1721 1865 1935 2024 2152 
0 91 169 267 340 459 545 635 737 1028 1187 1282 1391 1477 1568 1766 1817 1877 2049 
5 138 226 312 402 505 573 692 778 868 966 1041 1229 1488 1632 1702 1791 1924 
59 2214 2323 2409 2499 2606 2892 3028 3101 3165 3172 3185 
3 117 246 352 532 806 925 1011 1101 1204 1273 1453 
15 562 712 817 978 1022 1166 1236 1326 1459 1494 1649 1973 2158 2193 2343 2448 2623 
53 1981 2090 2176 2266 2367 2653 2797 2867 2954 3063 3088 3160 3177 3187 
