135 17042 18406 19342 19972 21326 21990 24528 24820 24853 24855 24856 
141 17810 18840 20068 20991 22059 22657 23420 23885 24449 24853 24855 24856 
3 283 1324 2612 4547 5312 6610 7727 8301 9746 10933 
0 216 274 1467 3274 4648 5381 6599 7765 8585 9155 
114 14214 15260 16469 17412 18489 19579 21744 23193 24636 24836 24850 24852 
142 17945 19259 20327 20884 22235 23295 23845 24531 24749 24854 
150 19019 19742 20458 21476 23825 24646 24827 24855 24856 
61 7088 8528 9105 10403 11017 12372 13066 15828 17259 18026 19271 20362 21147 21743 
76 9116 9882 10579 11568 15058 16583 18456 20149 21030 22482 23588 24162 
123 15439 16166 16868 17885 20450 21964 24329 24659 24817 24845 
138 17330 18054 19034 20091 20917 22844 23320 24163 24458 24770 24819 24853 24855 24856 
121 15212 16603 17630 18222 19551 20239 22925 23997 24401 24730 24851 24854 
140 17642 18329 19250 20774 22018 22823 23854 24550 24690 24851 24854 
143 17958 19331 19890 21181 21796 23072 23926 24360 24729 24851 24854 
136 17056 18476 18988 21286 22082 22547 24061 24412 24698 24823 24840 24851 24854 
153 19424 20374 21013 21636 23160 23695 24215 24509 24724 24853 24855 24856 
154 19595 20750 21940 22462 23833 24258 24498 24675 24835 24856 
152 19234 19832 21493 22154 22668 23279 23984 24494 24716 24798 24835 24856 
110 13639 14372 15042 16068 18761 20591 21607 22267 23973 24371 24609 24817 24845 
0 216 267 412 1190 2353 3151 4407 5840 6348 8693 9521 10057 
145 18246 18905 19941 21111 21693 22913 23403 24291 24549 24853 24855 24856 
2 258 922 1360 2014 2906 3919 4731 5343 6090 7128 8385 9606 
115 14338 15675 16737 17313 20102 20728 21754 23053 23569 24241 24519 24673 24838 24848 
19 1620 2290 3095 4531 5817 6684 7999 9510 10026 12312 13107 13927 14513 15760 16422 
19 1620 2292 3530 4469 5171 6160 7567 8550 9221 12261 12949 13846 15344 16614 17533 
0 216 268 522 1146 1794 3727 4382 5110 6085 8886 10715 11704 12435 
139 17435 18076 19700 20410 22359 23542 24206 24471 24774 24820 24853 24855 24856 
130 16326 17031 17754 18721 21480 23139 23898 24324 24828 24849 24855 24856 
1 239 963 1495 2499 4586 5300 5986 7024 9813 11587 12637 13305 
97 12011 12662 13677 14740 15582 16207 16973 19480 20165 20719 22322 23000 23468 23916 24456 24806 
122 15233 18003 18726 19765 20932 21918 22867 23459 24025 24385 24631 24826 
7 431 774 1466 2839 4042 4877 6174 7657 8185 10520 11336 11857 
0 216 273 1383 2268 3228 4225 4850 5921 6571 7199 8903 9645 
126 15848 16549 17451 18925 20213 21094 23175 24140 24431 24743 24807 24847 24856 
112 13830 14456 16095 16781 18803 20202 21170 21773 23036 23567 24676 24817 24845 
15 1086 2747 3469 4430 5612 6555 9156 10795 13382 15168 16229 16910 
96 11819 12555 13232 14268 17890 19673 20703 21426 22372 23605 23957 24590 24750 24806 
74 8930 10344 10935 12228 12820 14201 16388 17981 20451 22471 23549 24139 
116 14350 15749 16314 17594 18205 20967 21645 22592 23729 24110 24593 24725 24804 24850 24852 
1 235 578 1013 1940 3094 4515 5759 6655 8968 10282 11359 11927 
26 2606 3689 4393 5748 6767 7381 8777 11008 12567 15180 17019 18039 18720 
120 15091 16287 17042 18408 19412 20021 21380 22044 24230 24699 24802 24843 24851 24854 
83 10058 10799 11477 12485 16122 17922 18880 19620 20631 22048 22521 23664 24172 24448 
137 17244 17934 18623 19645 22227 23536 24785 24837 24855 24856 
47 5273 6671 7256 8539 9188 10559 11237 14068 15475 16244 17462 18611 19388 19924 
147 18672 19863 20801 21520 22193 23117 24608 24853 24855 24856 
86 10448 11148 12058 13586 14846 17080 18294 19211 20338 20956 21846 22407 23119 23875 24541 24740 
1 237 675 3078 3660 5257 5950 6779 7488 8431 10004 11244 12156 
0 216 267 414 1913 5239 7044 8075 8832 9845 11223 12168 12819 
0 217 328 691 1074 1748 2630 6024 7580 9556 10212 11066 11682 12463 13962 
125 15659 16258 17907 18594 20617 21975 22855 23384 24302 24682 24794 24844 24851 24854 
98 12067 12653 14323 15003 15558 16267 17291 19781 20553 21571 22714 23489 24195 24603 24731 24826 
109 13439 14897 15407 17742 18511 18998 21215 21904 22771 23946 24541 24740 
117 14549 15249 15979 16961 20603 22337 23256 23764 24366 24741 24805 24851 24854 
95 11630 13095 13603 14956 15497 16919 18957 19753 21051 22181 22890 23343 24434 24650 24799 24831 
23 2094 2719 3401 4330 7057 8918 9933 10674 13426 14830 15872 16714 17243 
128 16139 17534 18113 19353 19996 21704 22348 23028 24485 24723 24834 24849 24855 24856 
100 12436 13474 14716 15628 16751 17798 19963 21566 23718 24679 24821 24846 
21 1889 3173 3716 4911 5539 6948 8034 9284 10231 12788 15360 16680 17569 
132 16566 17135 18777 19517 21400 22394 23441 24078 24554 24715 24840 24851 24854 
4 304 840 1587 2079 4999 5692 6589 8137 9487 10379 
0 216 267 413 1643 2936 5126 5792 6836 7529 8091 9830 10558 
1 234 421 876 1764 2385 3333 3969 4505 6144 6874 8968 10284 11408 12204 12761 
7 431 780 2672 3632 4282 5312 6609 7716 8300 
91 11113 11729 12764 14172 14872 17164 18149 18792 19535 20548 23149 24349 24667 24784 
90 10971 11654 12392 13379 16987 18749 19804 20475 21544 22844 23323 24235 24561 24697 
0 216 269 729 1435 3767 5296 7931 9801 10849 11519 
107 13330 14388 15604 16527 17607 18648 19291 21669 22941 23504 24099 24679 24821 24846 
2 255 294 507 1008 4246 5729 7669 8748 9453 10492 11187 11720 13399 14143 
0 216 272 1035 1978 2580 3565 4900 5453 6731 7355 8808 10003 
131 16503 17144 18173 19129 20044 20680 21461 23673 24087 24407 24772 24842 24853 24855 24856 
103 12722 13463 14156 15141 18639 20182 21993 22974 23515 23910 24639 24764 24810 24846 
6 368 753 1840 2730 3895 4784 7323 8953 11599 13414 14440 15139 
0 216 270 816 1521 2696 4076 4578 6824 7692 8230 
45 4999 5692 6588 8122 9797 13248 14809 16673 18941 20269 21146 
146 18369 18896 20576 21259 21822 22443 23363 24275 24534 24797 24855 24856 
13 986 2034 2684 4007 4945 5566 6911 7650 10472 11858 12624 13856 14966 15546 
1 240 1126 2131 3589 6126 7963 9020 9743 
29 2866 3542 4209 5198 7826 9414 13654 14428 15688 16799 17570 18148 
7 431 776 1862 2769 3451 5465 6198 6931 7926 10727 12520 13514 14265 
1 236 600 1475 2444 2949 4264 6296 7075 8457 9607 10380 10970 
5 353 545 953 2997 3947 4922 5635 6466 7146 7903 8980 10165 11407 
0 219 454 790 1162 2657 3294 3848 4485 5516 7804 8478 9580 10245 10878 12505 13219 
1 234 420 658 1610 2165 3381 4068 6803 8253 9035 10271 11370 11952 
129 16177 17472 18535 19079 20508 22493 23204 24106 24574 24705 24832 24849 24855 24856 
2 255 296 1047 1702 2245 2794 3786 6003 6621 7777 8440 9069 10744 11446 
8 534 1486 2477 3194 3755 7268 7975 8732 9768 12488 14294 15300 16042 
7 432 896 1450 2005 3515 4170 4707 5405 6395 7453 8370 10595 11268 12324 12966 13550 15197 15938 
1 234 423 1406 1956 2634 3593 4753 5670 6751 8997 9773 10810 11991 13585 
11 706 1172 2455 3361 4017 5035 5710 6267 7948 8716 10772 12157 12713 14144 14932 15438 
9 556 1543 2060 3184 3799 5090 5786 8644 10094 10864 12095 13130 13724 
3 282 806 1554 2140 3425 5425 6160 7568 8609 9238 10827 11544 12584 13773 15002 
119 14791 15316 17004 17726 19925 20654 21366 22307 24355 24789 24838 24848 
7 435 1206 1917 3115 4197 4956 5489 8327 9342 10425 11137 11964 12601 13360 15402 
7 431 774 1469 3988 5886 6513 7405 8052 8858 9893 11093 12709 
3 282 808 1663 2421 2889 5646 6277 7332 8350 9260 9910 10687 11665 12896 14512 
94 11616 13004 13998 14619 16052 18087 19140 19841 20841 21893 22692 23227 23801 24378 24718 24826 
0 218 390 851 1728 2379 4979 6417 7184 8467 9545 10141 
2 255 294 507 1007 3498 5226 6250 6983 9307 9958 10988 12352 13038 14116 
19 1620 2291 3492 5977 7546 9481 12241 14011 15277 16074 17533 
113 14044 14751 15650 17190 18418 19315 21531 22779 24185 24463 24777 24845 
108 13426 14829 15794 16423 17770 18444 21239 22568 23245 24100 24569 24704 
1 235 580 1304 2410 2860 5023 5851 6357 8620 9365 10261 11748 13015 13926 
94 11616 13003 13963 14596 15939 16640 19447 20862 21622 22787 23634 24011 24615 24826 
64 7464 8100 9169 10615 11293 12983 14890 17666 19056 19819 21038 22116 22656 
1 242 1349 2194 3647 4838 5874 6440 7854 9104 
2 255 299 1874 2516 3250 3930 4816 6324 7624 8527 
4 304 839 1236 3321 4110 4603 6524 7208 8233 9671 10297 11806 
106 13307 14465 15456 16847 17484 18566 20617 21977 22963 23614 23960 24691 24792 24838 24848 
69 8192 8957 9655 10712 14306 16110 17119 17836 18816 20292 20789 22105 22633 
88 10759 12087 14033 14645 16002 18164 19738 22310 23817 24393 24628 
0 216 267 415 2335 4087 4696 5589 6228 7000 8035 9430 10343 
118 14668 15325 16366 17401 18270 18857 19660 22134 23746 24417 24654 24816 24851 24854 
4 312 1993 3104 4133 4670 6035 7229 7986 9420 10414 11065 
134 16935 17986 19187 20126 21193 22206 22798 23682 24658 24823 24840 24851 24854 
4 306 1243 3032 3669 4634 6891 7599 8665 9382 9949 11572 12311 
102 12571 13868 15030 15806 16703 17213 19468 20303 20816 22531 23194 23719 24486 24758 24814 24848 
6 367 612 1564 2234 2975 3610 4307 5325 6498 9047 10074 11302 11808 13220 13974 14548 
93 11523 12929 14587 16163 19685 21508 22428 23092 23785 24419 24710 24826 
11 706 1171 2109 3021 3872 4447 5203 6210 7429 8420 11313 11953 12868 13491 14274 15911 
104 12844 13529 14567 15959 16646 17696 19716 21585 22284 23215 24039 24515 24786 24845 
0 221 631 1062 2324 3217 3822 5157 7506 8561 9331 10145 11447 12107 13192 
104 12845 13807 14908 15547 16446 17097 17872 20665 21869 22736 23645 24054 24476 24663 24786 24845 
16 1266 1928 2566 4369 5365 6057 6950 8166 10638 12035 13142 13796 14700 16365 
101 12533 14405 15145 16190 17377 18346 19371 21354 23382 24676 24817 24845 
55 6379 7116 7835 8881 11471 14383 16838 18386 20244 21325 
2 256 481 709 1675 2307 2785 4353 5075 7308 8023 8792 10262 11764 13072 13962 
7 433 1108 2211 3064 5529 7111 9646 11203 13038 14116 
7 431 775 1835 4335 6113 7169 7887 10188 10887 11883 13257 13882 15748 
6 367 611 1283 2541 3124 4143 4799 5395 7028 7746 9697 11165 12183 13638 
20 1813 2813 3553 4827 5909 6707 7289 9869 12915 13752 15067 15699 16837 
129 16177 17473 18546 19104 20532 22494 23329 23865 24284 24718 24824 24841 24852 
179 22755 23271 24340 24580 24752 24813 24855 24856 
111 13727 14768 15771 16492 17355 18318 19167 20428 21070 23319 
