175 20629 21567 23807 26484 28535 30359 30981 31870 31992 
134 15783 16748 20294 22963 24507 25364 28099 28718 29510 31209 31841 32041 
217 25867 28122 28947 29713 31093 31881 32014 32045 32076 32082 32089 
136 15828 16763 18482 19129 20722 21434 23770 24768 27523 28160 29280 30491 31502 31977 
180 21116 22059 24379 25971 26786 27450 30759 31141 31455 31880 32001 32064 
173 20583 21543 23236 23922 25590 26318 28498 29418 31153 31456 31734 32042 32067 32078 32086 
191 22970 24346 25292 26089 28080 29204 29929 30565 31390 31592 32014 32045 32076 32082 32089 
196 23201 25155 25917 26857 29068 30317 30814 31406 31610 31822 32073 32082 32089 
174 20606 21555 26224 28372 29729 30949 31682 31918 
157 18272 19191 21467 25354 26910 27757 30152 30590 31063 31865 32042 32069 
28 2115 2718 5070 8075 8568 9533 13733 14396 15295 18078 20300 22612 
121 13901 15911 17677 18227 19703 21993 24885 27762 29181 29877 30834 31517 31788 31992 
116 13401 14347 16627 19328 21414 23712 26825 29318 30828 31784 
170 20387 21046 24275 24960 26731 28322 29381 30582 31236 31936 32064 
183 21998 22810 23445 26706 27389 29302 30662 30937 32001 32064 
164 19598 20483 21071 24146 25898 28445 30140 30890 31297 31602 31924 32042 32069 
216 25609 26338 28897 30604 31377 31800 31898 31984 32076 32082 32089 
181 21181 23084 24944 26254 28337 29998 31091 31977 
193 23015 23960 25666 26354 27948 28555 30386 30994 31856 31930 32012 32082 32089 
162 18828 20740 22633 23835 27792 28669 30484 31655 31972 32059 
156 18248 19184 20866 21536 23152 23901 26186 27229 29677 30172 30938 31584 
205 24707 27021 28196 30099 30942 31642 31884 31980 32076 32082 32089 
139 16009 17643 18177 19161 22035 23733 24730 27635 28274 29138 30808 31486 31721 31832 32009 
115 13378 14340 16048 16722 18765 19583 20253 24291 25134 25912 29006 29601 30782 31584 
107 12408 14203 16087 17631 20206 21934 25632 27122 28839 29695 30208 30969 31584 
6 523 1064 1762 3321 5115 6318 8614 9551 14289 16568 
8 607 1018 2153 2711 4157 4827 6956 8009 10640 11322 12667 14248 
4 405 957 2137 3376 6568 7407 8322 10582 13279 15473 17768 
112 13182 13846 15751 16434 18454 21748 24599 26885 29500 30701 31639 
126 14817 15623 16288 19511 20187 21918 23544 24789 28368 30127 31087 31786 32000 
13 802 1309 3675 5768 6707 9699 10181 13035 14736 17017 18344 
159 18666 20701 22480 22992 23954 26837 28408 29360 31191 31471 31741 32042 32069 
3 381 500 1667 3951 5450 6188 8891 9580 10469 13371 14913 16606 18882 
2 337 695 2957 4104 6412 7107 9763 12065 
145 17191 18567 19456 21356 22416 25234 25944 26889 29083 30317 30812 31094 31711 31879 32000 
12 704 1586 2006 2787 6529 7187 8144 10854 13114 15373 
122 13919 14858 17174 18766 20267 22539 23432 26542 27041 29163 31057 31497 31992 
12 702 1415 3170 6456 8206 9914 12264 13614 
30 2400 4067 5823 7023 9164 11072 13025 16359 17542 19155 21644 23450 24122 
5 426 1353 1962 2752 4250 4846 6377 7080 9335 10350 13140 13794 15071 16678 
5 424 1134 1722 2231 3312 6394 7385 8751 10416 11000 11991 14838 16605 
1 318 357 2434 4217 5858 7522 9809 11120 
3 382 856 1503 3803 4465 5330 7564 9121 9964 10588 12392 
1 318 353 1328 1873 3523 3984 6826 8361 9049 10921 11656 13674 14880 15729 17998 
6 521 789 1895 2435 5744 6798 9056 10064 11411 13812 15069 
0 301 373 2692 4700 5655 6674 9723 11462 12144 
161 18740 20366 22721 25191 27464 29515 30231 31661 31844 32000 
26 1984 2767 4801 7293 9409 11725 13475 16459 17559 18920 20905 22166 
2 338 827 1539 2759 3902 5711 6285 9210 11024 11997 13691 14316 15971 16700 19014 
1 321 491 2247 2971 3746 5928 8444 10614 12998 
0 301 368 1672 3578 4428 7728 8591 9536 11239 11959 13511 14269 16532 
12 702 1417 3634 5221 8836 10326 12493 15277 16413 18686 19812 
106 12237 13161 15501 18170 19814 21394 23653 26801 27613 28211 30622 31441 31654 
160 18711 19671 21976 23562 24386 25015 28974 29737 30253 31708 31936 32064 
1 322 574 812 3014 3786 5472 7652 10451 11607 14479 
12 701 1004 3196 5045 6680 7254 8345 10198 13638 15088 17306 19417 21001 
14 842 2051 3654 4765 6783 8679 10535 13967 15147 16791 19368 21077 21705 
12 701 1002 2914 5678 6259 7184 11298 12022 12956 15682 17857 20167 
2 340 979 4001 4888 8294 10775 13081 15336 
106 12237 13162 15778 18525 19209 20127 24167 26298 28461 29391 30354 31402 31756 
12 706 1832 4174 4854 7360 9626 10876 11696 13713 14969 
11 670 1055 4808 6919 7979 9240 11279 12574 
32 3116 4331 5130 5975 8296 10938 12518 13366 16123 16804 18388 19110 21876 22774 24047 
1 318 356 2414 4438 5363 6638 8796 10261 12147 13278 
5 422 737 1180 2566 3461 6034 6719 7656 9957 11564 12393 13055 14778 
0 301 375 2790 3574 6178 7685 8531 10010 12310 
5 429 2030 3288 5358 8109 9143 11419 12608 
0 301 366 1263 2215 4737 7468 8772 9506 12194 15276 
0 301 366 1261 1708 5156 5996 6647 8514 9200 11222 12486 13300 15241 
2 345 2099 2935 4134 4853 7335 9596 11184 12904 
3 383 892 1852 2439 4282 7762 8637 9561 11895 14566 16679 18977 
28 2117 3490 3958 4879 7632 9299 10702 12705 16033 18622 21019 22303 
1 319 438 1303 3557 4871 6113 8041 8552 11754 12808 13882 15004 
1 323 773 1385 2358 3174 5267 6762 7571 8242 9956 
15 1176 1741 3669 6070 8268 10473 11445 14891 16235 18604 19901 
15 1176 1742 3943 5311 6861 7965 10739 11510 12465 14779 16380 19062 21258 
124 14646 15546 17826 20568 22088 22958 25725 26417 27345 29872 30869 31238 31727 31954 
190 22892 23675 25706 26933 27769 28662 30105 30545 31364 31590 32055 32066 32086 
15 1177 2459 3389 4643 6520 10144 11048 12004 14309 16930 19089 21355 
37 3767 5506 7434 8692 10953 11968 14796 17728 20462 22695 24924 
118 13447 14380 17181 17831 19550 20539 23354 24232 25096 27490 29810 31109 31830 
5 420 555 796 2833 4398 4972 6215 7143 11828 14063 
7 540 1449 4196 5521 7796 8996 11393 12751 
138 15874 16797 19651 21259 22368 25056 25749 27057 28597 30215 31333 31680 31919 31992 
14 843 2384 3412 5804 7502 11262 12859 15428 17132 19437 20789 
0 301 372 2673 4664 5617 6898 8871 10143 
9 628 1025 2667 5006 7060 9261 10289 13555 15506 16146 17431 19061 
15 1178 2495 3436 5935 6551 7834 9451 11205 12683 14524 15681 
2 344 2067 4023 4901 6472 7124 8728 9430 11827 
120 13615 14323 16951 20041 21105 24486 25838 28175 29319 30831 31784 
139 16007 16728 19390 21623 24410 25213 25883 28859 30264 30932 31680 31919 31992 
125 14801 16633 18429 19921 22111 23407 25637 29020 30311 30973 31594 31875 32031 
5 421 723 2190 3222 4023 4901 6479 9378 11661 13204 15023 17789 19061 
5 425 1335 2299 4367 5539 7622 11587 12768 14366 15753 16972 19288 
1 319 447 3614 5204 6745 7936 9523 10922 12167 14441 
208 25120 27892 28918 30178 30726 31130 31840 32073 32082 32089 
203 24394 26246 28175 29317 30820 31420 31684 31850 32081 32084 32087 32090 
182 21832 22749 24998 27672 29647 31065 31449 31995 32052 32086 
213 25416 26386 29118 30439 30999 31451 31757 31891 31983 32082 32089 
86 9824 10680 13108 15768 17281 18165 20924 21599 22534 25274 28575 30438 
189 22794 24632 26632 27917 30082 31015 31244 31596 32050 32082 32089 
146 17210 19015 20832 22305 24125 25076 25766 27149 30069 30711 31352 31593 32001 32064 
6 521 791 2998 4545 6654 7708 8989 13019 14248 
158 18408 19838 22649 24339 28012 29301 30638 31262 31597 32042 32069 
198 23502 25783 26647 27544 29673 31242 31767 31882 32047 32060 32084 32087 32090 
200 23606 25994 27158 28688 29860 30352 31389 32002 32070 32079 32089 
108 12424 13220 13854 17060 17769 19535 23133 24210 25491 27259 27815 28695 30835 31707 
142 16332 17251 19591 21160 21985 23313 24004 24886 28879 30509 31532 31793 32000 
137 15851 16770 19082 21706 23880 26126 29099 29757 30256 31670 31992 
68 7579 8384 9023 12311 12999 14730 18348 19965 22055 24867 26026 28239 29269 
135 15806 17141 18102 19347 20326 20947 22247 25572 26610 27971 29464 29975 30587 31727 31954 
127 15110 16297 17393 18630 20888 22434 26048 28045 29612 30786 31682 31918 
19 1517 2325 2854 3783 4458 6160 6821 8857 10563 12354 16087 17627 19692 20505 22479 
168 20002 22203 23418 25820 27082 29090 30490 31831 31977 
149 17604 18645 19724 21036 23258 24747 27405 29032 31386 31786 32000 
123 14007 15899 18464 19967 22613 24329 27892 28916 30031 30550 31675 31992 
3 381 500 1666 3839 5902 8149 9014 12629 13837 16032 18505 19778 
51 5290 6091 6675 9852 10544 12337 13971 17109 19438 21143 22341 23946 25314 27326 
103 11537 12499 15499 18000 20576 22680 26675 27990 28651 30691 31625 
2 337 691 1634 2643 6237 7155 9372 12088 14250 17108 
39 3884 5384 6193 7131 8814 9498 11163 11922 14163 15193 18046 19635 21473 23391 24679 
188 22772 23471 25339 26587 28768 29952 30569 31569 32073 32082 32089 
1 320 453 650 1231 1854 2892 3725 4313 5494 8660 9787 11121 11942 14584 16846 
4 405 958 2174 3473 5353 7449 8186 9905 13492 14611 16199 
154 18201 19174 23859 26054 27600 29295 30721 31351 
171 20409 22256 24260 25539 27838 28706 31562 31945 
132 15607 17493 19437 20757 23061 23985 26294 30679 31570 31962 
1 318 354 1617 3048 6493 8025 10030 12939 13985 16262 17392 
186 22388 24565 25464 26399 28638 31176 32043 32073 32082 32089 
3 381 501 1914 4291 4925 5763 8539 10085 10945 12445 14102 
144 17032 17904 20293 22869 25030 27350 28263 30663 31122 31419 31785 31977 
15 1179 2532 3785 4934 6018 7874 11262 12856 14887 17711 18806 21053 22202 
194 23038 23968 26794 28301 29075 29633 31604 31978 32073 32082 32089 
4 407 1457 3114 3860 4392 7231 9028 9677 12785 14103 16104 17358 
4 405 959 2282 3335 5662 8301 8914 10245 11894 
3 389 1202 1777 2345 3925 4569 8126 9179 11492 12609 13828 16031 17446 19327 
10 649 1042 3150 4607 5586 8407 9076 10034 12401 13946 14786 15458 19510 
0 301 370 2602 4572 5996 6647 8517 10057 10898 12938 
176 20652 21593 24431 26148 27206 29777 30286 30854 31837 32036 
5 423 1101 1940 2741 6994 9868 10718 11484 14544 16293 16906 
224 27175 28801 29884 30555 31724 32016 32065 32084 32087 32090 
214 25440 26392 28058 28644 30051 30527 31547 31794 31929 31993 32044 32085 32088 32090 
139 16008 17414 20168 21912 25689 27246 29581 30780 31682 31918 
104 11626 13532 16217 17508 20025 22832 23517 24459 27497 29548 30275 31181 31625 
172 20531 21724 22223 24452 27327 28348 30239 30911 31324 31963 32023 32064 
87 9972 11849 13656 15132 17247 20117 23635 25649 26878 27693 29431 29907 30807 
141 16314 18021 18639 21866 24925 26723 28936 30003 31139 31918 
212 25393 26753 27717 28837 29270 30852 31820 31935 32053 32086 
133 15707 16908 17886 19348 20346 21002 22329 25512 27423 28604 30335 31336 31831 31977 
201 23620 25524 28027 29373 30864 31225 31810 31909 32059 
165 19619 21454 23218 24680 26503 27587 29292 31438 31775 32020 32064 
9 628 1027 3106 3700 5227 6148 8934 10303 11483 13346 14022 16070 17274 18125 20461 
140 16243 18364 19137 21771 24051 25369 26367 30466 31503 31851 31992 
130 15569 16280 18145 18843 20849 22081 22914 24810 27565 28206 30752 31083 31710 31977 
48 4530 6302 8226 9462 11641 13539 15419 18788 19980 21586 22939 24186 26461 
1 318 351 1153 2800 3882 5025 5955 6605 7926 11145 12216 13793 
17 1284 1797 2353 5187 5839 7508 9103 10365 11989 16853 20074 20675 21975 
148 17582 18704 20551 21218 23279 24979 26748 30134 31012 31740 31875 32025 32046 32069 
1 318 355 1649 3054 4512 5636 7179 12066 13859 14520 
184 22019 23814 25689 27244 29156 29843 31036 31288 31967 32054 32086 
33 3135 4757 6622 7882 9988 10797 11457 14715 17805 19541 21817 23132 
3 384 923 1516 2308 3256 4426 7311 7817 10509 12328 14631 15970 
117 13424 14373 17226 18883 19949 22728 23336 24618 27073 28936 30005 31218 31654 
50 5274 7015 8969 10213 13326 14521 15013 19699 22516 23584 25846 27000 
22 1855 3202 4383 6437 7851 9701 10660 11339 12758 15989 16996 18549 19904 21518 
178 20808 21521 24480 26462 28218 29166 30225 31831 31977 
100 11183 12650 15378 17548 21196 23479 24535 26011 27883 29592 30508 
131 15591 17467 19437 20750 22778 24852 27861 29036 29829 30886 31680 31919 31992 
150 17926 19853 21818 23544 24783 26379 27744 30347 31845 32000 
13 802 1307 3099 4491 5259 5877 7531 8477 11359 12841 15526 16200 17478 19061 
69 7600 9400 11262 12858 15393 17125 20790 21795 23170 23929 26564 28761 
16 1269 2622 4232 5602 7678 8489 10381 10984 14138 16398 18296 20225 21518 
128 15163 16438 18511 21297 23304 27001 28190 30214 30951 31725 31870 31992 
12 703 1555 1919 3067 3885 5425 7966 10853 
44 4045 4908 7100 9744 11903 14686 17944 19252 
5 421 722 1437 4077 5093 6352 7230 
