81 4278 4457 4913 5229 5478 5753 6127 6153 
89 4691 5211 5491 5699 5784 6024 6147 6157 
18 902 1280 1857 2161 2290 2579 2701 2900 3641 3975 4537 4832 5080 
62 3257 3412 3910 4205 4717 4891 5355 5649 5858 5952 6127 6153 
87 4590 4746 5249 5677 5792 5954 6088 6137 6145 6157 
86 4495 4986 5284 5501 5567 5917 6122 6157 
65 3378 3557 4023 4336 4874 5091 5539 5760 5938 6037 6143 6156 
56 2943 3109 3580 3901 4441 4636 5112 5338 5603 5755 6045 6126 
7 274 399 873 1186 1478 1640 2247 2553 3092 3298 3766 4022 
4 201 405 656 851 1323 1662 1909 2078 2883 3130 
1 144 229 382 569 1071 1306 1604 1776 2563 2882 
78 4151 4309 4803 5101 5591 5836 5920 6067 6135 6151 6155 6157 
0 129 245 674 979 1118 1441 1563 1756 2512 2803 2928 3220 3339 3670 
3 178 513 639 967 1104 1407 1735 1935 2008 2756 3069 3297 
3 176 379 934 1241 1379 1695 1825 1989 2743 3040 3175 3487 3597 3893 
4 199 291 744 1054 1283 1520 1972 2235 2814 2973 3471 3765 
84 4425 4631 5113 5455 5556 5822 6005 6093 6112 6157 
0 131 341 467 761 888 1087 1620 1898 2022 2663 3131 3452 
7 275 501 612 814 1394 1706 1841 2150 2262 2451 3190 3498 3623 3895 4166 4401 
11 525 688 1202 1525 1758 1951 2433 2676 3272 3519 3611 4111 4412 4630 
61 3242 3407 3916 4568 4677 4871 5409 5688 5804 5987 6050 6124 
8 369 552 627 1168 1493 1717 1813 2201 2961 3417 3710 4039 4330 
88 4605 4852 4941 5312 5814 5996 6058 6129 6144 6157 
6 261 609 1149 1452 1591 1956 2203 2413 3131 3452 
0 130 296 541 796 904 1424 1749 2263 2530 2829 3068 
72 3785 4233 4733 5014 5159 5523 5739 5894 6143 6156 
1 141 171 422 710 991 1163 1686 2337 2467 2774 3079 3297 
76 3981 4363 4506 4674 5188 5466 5580 5896 6034 6150 6154 6157 
73 3826 3996 4803 5096 5315 5518 5908 6039 6120 6153 
2 158 319 817 1044 1542 1887 1992 2319 2601 2855 
5 214 352 439 949 1252 1503 1577 2081 2378 2904 3231 3363 3671 3798 4110 
48 2496 2792 2902 3089 3640 3937 4074 4820 4928 5128 5619 5972 6099 6139 
64 3351 3782 4297 4751 5059 5555 5736 6063 6132 6146 6156 
69 3693 3871 4347 4647 5131 5552 5947 6078 6117 6153 
50 2631 2857 3474 3926 4043 4579 4702 5003 5144 5421 5716 5878 5926 6124 
17 838 1230 1364 1644 1925 2182 2275 2629 3394 3682 3812 4194 4658 4912 
51 2647 2861 3321 3745 4216 4467 5025 5201 5665 5895 6025 6126 
1 142 188 254 773 918 1219 1338 1557 2063 2348 2482 2882 
7 277 575 834 1049 1541 1780 2031 2221 3012 3318 
3 177 483 785 1017 1091 1561 2305 2590 2728 3029 3160 3453 3735 3974 
2 159 330 453 727 1038 1564 1870 2172 2384 2454 2994 
23 1133 1300 1797 2099 2359 2527 3319 3565 3948 4176 4251 4768 5081 5311 
2 156 224 591 861 1463 1634 2134 2432 
82 4407 4957 5262 5370 5633 5868 6013 6054 6148 
55 2915 3335 3858 4140 4265 4648 5172 5331 5774 5962 6084 6142 
77 4051 4422 4972 5273 5393 5630 6108 6142 
6 262 693 1006 1262 1356 2116 2401 2611 2715 3203 3509 3734 
40 2047 2224 2686 3001 3548 4129 4237 4550 4843 5145 5438 5726 5891 
74 3842 3999 4479 4786 5040 5209 5980 6104 6140 6156 
60 3146 3538 4080 4374 4521 4793 5384 5847 5930 6072 6114 6149 
