117 4971 5322 5586 5918 6402 6655 6896 7089 7109 7113 
126 5382 6229 6569 6692 6871 7075 7109 7113 
122 5168 5787 6193 6536 6641 6983 7081 7113 
128 5456 6041 6445 6729 6831 7052 7105 7114 
125 5344 5507 5810 6413 6791 6929 7045 7108 
2 203 772 1162 1331 1643 2336 2943 3318 
121 5116 5975 6354 6489 6715 7024 7099 7111 
116 4941 5532 5965 6312 6455 6872 7035 7111 
101 4314 4477 4780 5433 5907 6167 6389 6958 7062 7090 7109 7113 
78 3320 3925 4664 5276 5684 6067 6203 6717 6944 7060 
89 3799 3962 4265 4893 5392 5646 5897 6669 6901 6975 7071 7103 
96 4048 4221 4521 5156 5635 5934 6143 6833 7005 7048 7099 7111 
108 4563 4736 5036 5671 6146 6422 6601 7038 7094 7111 
93 3940 4210 4747 5098 5744 6010 6507 6772 6966 7046 7099 7111 
2 205 1024 1420 1598 1912 2581 3060 3384 
1 190 256 425 1284 1671 1855 2173 2834 3458 3833 
8 319 1089 1514 1916 2047 2697 3109 3517 
76 3169 3446 3847 4101 4352 5207 5593 5766 6063 6635 6979 7070 
4 219 843 1274 1647 1815 2434 2876 3261 
16 643 818 1113 1766 2294 2567 3284 3435 3727 4378 4877 5155 
10 402 806 1213 1487 1733 2632 3018 3191 3491 4126 4605 4929 
1 189 233 452 730 943 1820 2246 2409 2720 3349 3973 4348 
0 185 597 985 1380 1524 2177 2594 3002 
9 324 654 908 1225 1754 2108 2509 3262 3528 4198 
69 2910 3180 3717 4068 4714 4992 5518 5872 6249 6499 6865 7017 
14 496 866 996 1736 2064 2484 3295 3623 4242 4654 5062 
6 246 463 702 1530 1940 2140 2430 3071 3575 3887 
3 207 379 490 1352 1805 2200 2358 2953 3386 3776 
2 201 528 897 1069 1464 1778 1994 2909 
124 5229 5496 6031 6367 6683 6856 7091 7108 
20 797 1140 1412 1761 2287 2610 3006 3777 4041 4373 4870 5206 
113 4807 4980 5272 5923 6391 6614 6785 7083 7106 7113 
119 5077 5837 6098 6408 6787 6950 7061 7108 
5 223 344 713 959 1201 2086 2495 2676 2976 3612 4232 4597 
2 199 302 706 1002 1407 2224 2488 2828 3336 3661 
32 1310 1682 1959 2305 2810 3125 3521 4292 4556 4888 5385 5721 
100 4199 4466 5003 5362 6000 6334 6563 6799 7018 7087 
105 4456 4818 5082 5403 5900 6209 6557 6971 7071 7102 7112 7114 
84 3533 3694 3983 4616 5120 5408 5631 6460 6760 6860 7050 7098 
7 308 620 767 1619 2054 2457 2604 3234 
9 323 571 948 1242 1460 2363 2769 2932 3235 3889 4488 4863 
88 3684 3950 4362 4628 4867 5722 6105 6269 6533 6939 7071 7103 
94 4035 4725 5262 5604 5959 6516 6824 6997 
6 245 333 593 1230 1743 2009 2284 3168 
1 189 234 583 925 1576 1867 2420 2781 3119 3753 
64 2654 2920 3325 3586 3836 4670 5063 5239 5528 6158 6707 6919 
1 193 430 796 1057 1609 1966 2348 2746 
11 410 560 839 1475 1998 2310 2540 3343 3842 4454 
22 897 1068 1376 2035 2545 2845 3055 3858 4355 4694 5175 5577 
6 245 335 829 1180 1845 2152 2687 3052 
87 3630 4010 4149 4768 5694 6289 6646 6882 6949 7093 
103 4415 5013 5446 5815 6092 6700 6922 7027 7088 7108 
92 3911 4498 4931 5300 5580 6259 6604 6802 6920 7085 
1 191 280 550 807 1342 1712 2387 2665 3202 3567 
97 4086 4949 5485 5755 6279 6582 6846 7004 
5 227 678 1046 1320 1878 2280 
81 3425 3705 4090 4390 4601 5461 5859 6020 6308 6817 7019 7079 
2 200 506 891 1587 2163 2514 2870 3468 3901 4291 
12 421 724 1205 1553 1954 2747 3013 3663 4139 4547 
11 410 562 1079 1440 2130 2397 2817 3085 3396 3987 4421 4806 
85 3568 4155 4550 5251 5777 6118 6480 6746 6899 7085 
0 184 356 756 1117 1268 1898 2805 3424 
