87 18558 20292 21157 21641 23061 24780 25625 26410 26444 26453 
91 19184 20341 21045 22427 24209 25620 26206 26369 26450 26455 
2 193 380 627 3251 4849 6211 8325 10418 11281 12490 13171 
91 19191 22171 22642 23272 24229 25111 26195 26330 26430 26444 26453 
105 22686 23859 25958 26322 26378 26428 26439 26447 
0 142 251 417 939 1350 2427 3348 3784 4331 4930 7323 8844 
83 17844 19544 20367 21399 23488 24695 25441 25774 26411 26450 26455 
100 21152 22877 24087 25016 25688 26024 26342 26455 
94 20096 21277 22151 22969 24160 25288 25766 26196 26356 26405 26455 
37 7155 9293 10267 13346 14818 17596 18962 21065 23038 23805 24575 25044 
107 23217 24732 25580 26073 26308 26412 26443 26458 
66 14331 17923 21140 22383 23544 24952 25876 26263 26439 26447 
65 13752 15062 15827 16711 18005 19593 20467 21674 22849 23387 25600 25814 26159 26272 26410 26444 26453 
0 142 251 416 895 1510 2255 2905 3954 4573 6356 8038 
0 140 150 304 880 3057 4557 6822 8242 9978 11395 12981 13578 
82 17126 18282 19019 20390 22245 24013 25168 25776 26411 26450 26455 
0 140 149 226 539 798 3196 3667 4289 5412 6572 8910 9849 11194 12160 13126 
97 20654 22349 23241 23662 24843 25957 26433 26450 26455 
3 274 1349 2025 4760 6178 8986 10438 12682 14786 16139 16994 
2 193 381 823 1253 2233 5178 6453 7578 8303 9717 11797 13065 15129 
55 11506 13731 14657 17506 18927 21722 23057 24883 25977 26222 26343 26390 
0 142 251 418 961 2973 4413 5026 6363 8103 
78 16540 18193 19129 19574 20989 22980 24163 25334 26330 26430 26444 26453 
79 16995 18233 20006 20864 23697 24846 25627 26411 26450 26455 
69 14977 16693 18457 22112 23343 24340 24892 25732 26298 26411 26450 26455 
75 15913 17094 17935 18827 20106 21613 22529 23706 24652 25081 26291 26338 26428 26439 26447 
108 23223 24677 25518 26188 26370 26419 26448 26458 
0 140 153 405 859 1712 3812 5099 6991 7934 8546 
70 14988 18784 20527 24055 25004 25718 26003 26411 26450 26455 
77 16474 18308 19039 19484 19957 20854 23065 24218 25365 26339 26433 26450 26455 
2 198 1269 1698 4115 5605 6534 7105 8399 10266 
0 140 149 227 573 1950 2610 3375 4217 5764 7044 9343 11014 
0 140 150 309 1451 2825 5805 7121 8581 9162 10619 13828 
68 14462 16427 17052 18143 19326 21627 22548 23740 25680 26018 26347 26450 26455 
62 12820 14611 16396 20028 21223 22433 23131 24335 25636 26130 26390 
74 15807 17894 18801 21664 24189 25104 26276 26410 26444 26453 
81 17015 18765 20087 21808 22616 23578 24071 25095 25643 25830 26060 26427 
4 293 738 1370 2051 3226 4747 5667 6904 7992 8574 11366 12593 13193 15272 17093 
0 142 251 419 976 1395 2759 3628 4908 5740 6755 7520 8397 
35 6368 7561 9384 10309 12625 13963 15599 18541 19874 21331 21908 
65 13753 15615 16399 17023 17815 18372 22223 23780 24858 26000 26376 26439 26447 
2 193 382 1044 2109 4002 5317 8596 9597 10057 10717 11328 13829 15420 
9 757 1600 2412 2957 4252 5982 7153 8846 9782 10803 13888 14390 15363 16139 16994 
47 9406 10732 11615 12513 13917 15456 18082 19302 20256 20629 21967 22516 24859 25749 26086 
9 757 1599 2163 3435 5378 7246 8733 11106 12620 14415 15745 17175 17787 
10 1330 3145 3990 5647 7416 9030 12540 13948 16798 18218 19104 
58 12200 13532 16785 20110 20581 21188 22300 23468 25292 25770 26201 26331 26417 
0 140 150 314 2113 2868 3726 4715 6162 7853 9178 10807 11442 
21 3623 6000 7294 8491 9362 10293 11703 13338 16076 17189 18157 18619 19807 20867 21506 
63 12884 15700 16368 19348 20713 21300 22131 22958 24158 25292 25770 26201 26331 26417 
0 140 149 225 512 773 1757 2897 6119 7635 8351 8808 9624 10596 
4 293 738 1370 2058 5355 6930 8238 10472 12574 13482 14672 15314 
2 193 380 620 2133 3518 4313 5764 7046 10373 12022 12754 13251 14097 14975 
3 273 1170 1858 2359 3713 4936 8174 9751 10548 11054 11638 12527 14255 15509 16381 17284 
4 293 738 1377 3292 4864 8154 9495 11821 14835 16279 17093 
2 195 1166 4020 5575 6290 6734 7225 8117 9826 11167 12375 12972 15420 
59 12267 15082 15638 18870 20396 21087 21545 22092 22948 24425 25299 25899 26101 26427 
0 140 151 323 485 729 2651 3753 5461 6379 6822 8243 10010 11443 12995 13652 
2 194 999 2350 5277 5777 6410 7480 8666 11139 12117 13385 14335 15269 
17 2243 3412 4687 5630 7630 10320 11715 15202 17239 18677 19873 
0 140 150 302 594 2719 4099 6882 7768 8648 9905 12457 
4 293 738 1375 2782 3931 6135 6719 9471 11217 12459 13537 14491 15129 
46 9272 11574 12487 15496 16859 19684 20984 23085 24799 25367 25853 26086 
55 11504 13269 14134 16058 17610 20609 21912 23962 24419 25990 26325 26390 
0 140 151 326 804 1382 4036 4881 5853 6469 7812 9100 11597 13248 
10 1328 3101 3951 6869 8259 11246 12649 14864 16795 17627 18589 19217 
0 140 150 307 1113 2104 4144 6197 8751 10623 12421 
2 193 383 1229 2028 2546 4248 7304 8511 9723 10530 12653 14212 15129 
6 458 1888 2929 3608 6239 7662 8478 9097 12558 14184 14908 15383 16139 16994 
72 14997 16175 17432 18336 19239 19795 22997 24365 24901 25224 25539 25940 26330 26430 26444 26453 
4 293 738 1373 2732 3830 4386 7341 7825 8454 9582 10914 13299 14255 15509 16381 17284 
2 193 380 618 1570 3696 4977 8192 8788 10918 12425 13584 15129 
67 14374 15668 17959 19830 20513 23488 24696 25475 25965 26157 26411 26450 26455 
2 193 380 622 2518 3892 5042 5707 8618 10124 11671 12214 13174 14097 14975 
8 668 2007 3167 4343 5235 6075 7370 8881 11772 13009 14037 14435 15781 16739 17353 
89 19111 20770 21996 23633 24390 25032 25808 26438 26450 26455 
104 22599 25569 26065 26320 26406 26434 26449 26458 
96 20569 21834 24097 25242 25843 26311 26385 26450 26455 
88 19106 20804 22039 23832 24479 25200 25531 26114 26302 26345 26393 26455 
84 17974 19771 20543 21507 22018 22924 25296 25989 26430 26444 26453 
50 10087 11887 12856 14023 15220 17485 20199 21345 22314 22727 23330 23854 25588 26181 
73 15099 17744 18431 22204 23753 24706 25281 25986 26339 26433 26450 26455 
55 11509 13867 14710 16850 18125 19739 22670 23918 25085 25432 26032 26368 
67 14376 16252 16947 17411 17984 18843 20993 22261 23790 25827 26252 26406 26437 
78 16543 18513 19160 20243 22279 23404 24237 24600 25045 25405 26374 26442 26450 26455 
75 15914 17654 18476 19511 21772 23292 24038 24747 25599 26195 26330 26430 26444 26453 
2 193 384 1296 1689 5331 6943 8056 8889 10442 12241 13606 15164 15744 
68 14460 16149 17022 17685 18252 19333 22048 23528 25408 25711 26121 26411 26450 26455 
59 12258 14064 15039 16099 17305 19607 20488 21709 24262 24932 26035 26315 26422 
5 443 1220 3084 4609 5835 9104 9692 10881 13783 15319 16650 17787 
68 14465 16814 17402 21021 22926 23544 24953 25924 26285 26396 26439 26447 
19 3039 5256 6088 7709 9538 11262 14719 16024 18944 20282 21133 
63 12880 14152 14897 18060 19698 20823 21838 22408 23731 24459 25130 25778 26353 
29 5168 6433 7204 8104 9467 11130 13985 15585 16841 18966 20965 21781 22699 23329 
54 10760 13653 14316 17211 18645 19252 19727 21258 22340 23179 24941 25696 26146 
73 15102 18010 18886 19466 21366 22788 23890 24457 26265 26418 26450 26455 
0 140 154 415 673 1045 2490 3858 4390 4871 6355 
18 2343 3465 4168 5541 7462 9315 10949 12146 15848 17317 19217 
73 15101 17788 18443 21417 22820 23357 23797 25389 25788 26042 26193 26411 26450 26455 
0 140 150 306 1090 1717 2473 4367 7077 7752 10498 12050 12914 
4 293 738 1372 2451 4476 5938 7040 10338 11994 12726 13211 14088 14955 
0 140 148 208 669 3177 4363 5549 6268 7627 9517 10850 12914 
59 12264 14753 15349 18039 20181 21765 24541 25464 26254 26343 26390 
56 11662 13505 14346 15008 15477 16846 18852 20148 23453 25112 25866 26242 26390 
64 13709 15421 16203 17286 19393 20792 21940 22589 25548 26149 26354 26400 26431 26447 
64 13712 15892 16724 19622 21394 23682 25629 26116 26336 26428 26439 26447 
6 457 1770 2285 3334 4541 6856 7729 8959 10194 12345 12947 13461 14955 
55 11507 13762 14660 16323 17519 18690 19277 21568 23230 24296 25191 26033 26353 
0 141 168 657 1555 3638 4259 4940 5518 6576 8690 10157 10770 11266 12801 
64 13710 15644 16663 17461 18914 20913 24176 25335 25913 26231 26319 26430 26444 26453 
73 15095 16226 16929 18990 20423 21211 21831 24789 25734 26005 26167 26274 26410 26444 26453 
4 293 739 1536 2214 3767 7049 7604 8674 11527 13132 14553 15130 15604 16994 
3 273 1172 1978 2700 4087 6100 7381 10824 11849 12317 12915 13527 15875 17392 
0 140 150 308 1129 2389 2832 4523 5722 9435 
80 17007 18718 19905 21584 22489 23391 23946 24961 26278 26394 26441 26450 26455 
59 12259 14297 16197 18109 19979 21476 23862 24319 25161 26135 26358 26437 
0 140 150 305 1063 1920 2382 4999 5690 8274 10027 10716 
86 18500 19798 22075 23560 24550 25663 26057 26430 26444 26451 26456 26458 
14 1804 4055 4628 6641 8043 9211 9896 13921 15557 16664 17690 18804 19465 
56 11661 12927 13846 14694 15994 17493 18401 19672 22374 23197 24504 25406 26266 26427 
0 140 150 303 837 1483 1833 3004 3549 6596 7963 8547 9034 10596 
43 8404 9669 11077 12087 15997 17568 18738 19928 20453 23107 24753 25199 
71 14990 16577 19117 20328 22603 23470 24473 25932 26288 26398 26439 26447 
57 12155 14537 16472 17682 20922 22459 23148 23612 24112 24776 25770 26201 26331 26417 
84 17973 19218 20047 20890 22201 23687 24438 25318 25781 26220 26439 26447 
3 276 1391 2064 3562 4773 5954 6527 9133 9872 11961 14004 15226 17093 
13 1759 3491 4188 4669 5740 6754 7273 8129 11158 14276 15531 16619 17166 19543 
0 140 152 349 640 1813 5074 6050 6698 8415 10156 
2 193 380 626 3230 5396 7395 8999 10219 11475 12289 12914 
2 199 1423 2076 2595 5120 6669 7534 8769 9659 10616 
3 272 1013 1579 2811 4082 6215 8225 10979 12815 15963 
0 140 149 230 703 1469 2486 4739 7437 8936 9909 10913 
8 667 1902 3037 5214 6072 8927 12095 13359 14582 15154 17392 
11 1412 2322 3123 3977 5306 6848 9563 11834 13031 15464 16344 17545 18460 19392 
20 3167 4344 5452 6320 7901 9634 10682 13407 14780 16902 18945 20530 21461 
4 294 1197 1729 2562 3389 4589 5148 6549 7494 7882 10390 11036 13034 14523 15968 17093 
0 140 149 228 597 929 4235 5496 6799 8134 9049 10270 10995 
64 13714 16113 16512 17114 17677 20072 21866 22571 25142 25884 26087 26211 26384 
19 3036 5147 6047 8923 10458 13448 14831 16902 18942 19745 20685 21256 
16 2238 3904 5169 7017 7784 8423 9240 9815 13473 16455 17713 19287 19873 
3 272 1014 1652 2309 2864 5197 6782 9995 11333 14738 17392 
98 21134 22802 23991 25257 25764 26411 26450 26454 26457 26458 
5 445 1625 2183 2630 3150 4821 6020 7175 7700 11728 13420 14629 15673 16484 17093 
54 10753 11967 12706 14178 16042 17867 19442 23011 23598 25117 26106 26251 
68 14463 16591 17355 18183 19078 22757 24514 24992 25641 26300 26410 26444 26453 
60 12802 14112 15923 16727 18379 19635 20742 21327 24130 24817 25218 26130 26390 
1 183 360 1158 2841 3642 4647 5487 6624 7781 11573 
64 13709 15423 16307 18276 20222 21426 24274 25058 25560 25955 26330 26430 26444 26453 
53 10629 11913 13271 14241 16874 18598 20938 21527 23426 24625 25055 25357 26127 
54 10753 11970 13313 14804 16770 20160 21736 22898 24272 24966 25499 25941 26146 
0 140 150 307 1116 3310 4427 5426 5881 6496 9436 9951 11016 11876 12801 
4 293 738 1370 2053 3584 4799 5731 9073 9920 10641 11336 11936 13090 15226 17093 
2 193 380 618 1569 3273 4448 5909 6500 6980 11305 12171 12827 13682 14491 15129 
10 1326 2669 3441 4506 6986 10355 11758 15179 16116 17142 17615 19085 
