181 44697 49370 55151 60169 64963 65523 65576 65578 
206 52929 56721 61322 63117 64910 65341 65576 65578 
204 51931 53740 55855 57724 60118 65061 65547 65573 65578 
133 32652 34697 37531 40159 44059 48107 59790 63823 65201 65547 65573 65578 
57 11534 13563 16695 19407 23498 27553 41126 45343 49180 53604 57283 58489 
185 46814 49848 51367 56926 59376 60416 62962 65525 
195 48953 51119 52531 59335 61534 62426 65256 65541 65579 
192 48756 54917 56415 58731 61426 64430 65401 65564 65578 
158 38741 44221 50139 55454 62684 64774 65441 65562 65571 65578 
25 2904 7697 13271 18265 24399 34112 37980 44754 47444 
7 526 2215 4072 5526 6665 12940 16657 19535 25139 26556 33341 
219 54687 62849 64853 65320 65473 65576 65578 
186 47791 51785 61518 63370 63959 65164 65565 
200 49707 58604 62207 63541 64298 65213 65415 65540 65579 
197 49425 52793 54545 55724 58766 60689 61858 65197 65521 65555 
176 43847 45959 47307 54581 56959 58113 64564 65511 65571 65578 
162 39406 44638 52109 57235 58301 62016 63522 65420 65524 65562 65571 65578 
116 28219 32326 34796 37550 41956 45812 51373 60196 63076 64970 65403 65527 
179 44489 48456 55659 58685 62562 63483 64944 65349 65477 65562 65571 65578 
205 51971 54823 56331 61337 63139 64927 65345 65576 65578 
177 43922 52614 56868 59624 60962 64533 65268 65428 
174 43714 47581 48782 52316 53791 59398 60449 62975 64076 64709 65528 65573 65578 
153 37813 39896 41846 43093 49527 52909 55472 60553 61714 63482 65256 65541 65579 
136 33411 38001 41892 44237 46403 48514 54842 59155 64581 65474 65548 65578 
196 48989 51247 52565 59157 62432 64099 64585 65128 65523 65576 65578 
134 33250 37453 40081 42929 47102 50975 56208 63823 65201 65547 65573 65578 
182 44896 48203 53452 54733 57963 59805 64004 64814 65528 65573 65578 
104 23915 29228 33342 38672 39859 45898 48818 54568 58152 63532 64723 
149 37571 39649 41828 44227 48129 51162 52225 56209 57848 60122 65060 65528 65573 65578 
21 2504 3837 6193 8752 13813 17768 24502 33990 
133 32652 34688 36159 38120 41965 45084 46364 47950 54462 59888 64430 65401 65564 65578 
193 48853 57492 61468 63467 64201 65501 65566 65574 
166 41691 43502 45765 48337 55419 59097 63823 65201 65547 65573 65578 
173 43597 48017 54514 57707 59420 60518 63006 64146 64713 65528 65573 65578 
175 43759 48228 51841 54310 56590 57756 60209 65201 65547 65573 65578 
0 293 698 2447 5623 14041 18170 22773 25107 28883 30765 32264 
167 41731 44679 46241 52027 54621 55799 59501 65102 65542 65578 
60 12314 17119 20912 23529 25930 27161 29975 34989 44385 48209 54899 57491 
152 37776 39804 42214 43826 46003 47066 50335 53171 57132 63823 65201 65547 65573 65578 
157 38652 43187 46984 49386 51482 57773 60067 62387 65060 65528 65573 65578 
118 28349 32858 36433 40514 42302 43348 51038 54135 55209 56668 58365 59542 60655 61599 64066 65197 65521 65555 
16 1623 3537 4843 10298 12946 14246 17802 23655 32383 36358 41584 44103 
130 32421 34479 36586 39035 43050 47195 52811 55408 60165 62896 65377 65565 
0 293 698 2454 7675 11905 14296 20952 22175 24241 27603 32918 34400 
169 42757 44773 46326 48727 51922 56706 60250 63778 65523 65576 65578 
168 42700 46637 56726 59050 62348 63615 64821 65490 65564 65578 
148 37511 41579 46639 49204 53134 55044 60373 61898 62680 64573 65357 65464 65564 65578 
119 28439 34222 40328 49200 55535 59088 63345 64548 65181 65379 65510 
108 26089 28027 30817 33478 34734 40998 48536 51000 52340 55007 58146 61750 62785 63759 65116 65505 
0 289 448 1511 4050 6517 10586 19577 23480 27792 30240 34045 35314 
8 555 2599 8960 12458 14372 21287 26926 
43 7406 11742 15458 18348 20754 21962 24793 29908 39232 43075 49924 52613 
172 42985 44975 46441 48396 56188 58943 60078 61287 62580 63411 64027 64566 65442 65562 65571 65578 
5 414 857 4277 6254 7387 9256 15831 21763 
169 42757 44775 46905 48100 54539 57810 60183 63991 64597 65541 65579 
165 40456 43565 47115 48626 50260 58074 59889 61149 62484 65256 65541 65579 
149 37571 39648 41807 43022 48679 54020 55126 60839 61969 63388 65050 65496 65556 65576 65578 
2 326 467 1125 3023 7939 12659 17263 19943 26168 27449 
5 417 1396 2172 3418 6517 10585 19557 23426 27626 30093 32264 
22 2816 6255 8730 11512 15911 20036 25623 35037 38892 43104 45460 47534 
114 27507 29578 32402 34965 38984 43072 54962 59043 62427 64672 65453 65527 
127 31393 33173 35442 37391 40141 45274 53942 58040 61384 62317 63597 64969 65552 65569 
1 309 599 3820 8859 17394 22835 25209 26595 
146 36380 38348 40728 42601 45239 53643 58490 60616 61718 63228 64759 65260 65426 65561 65578 
190 48066 51684 52849 55490 63076 64970 65405 65539 65576 65578 
0 291 608 3595 7729 13546 23788 27608 34459 37161 
178 44124 47483 49533 50799 53965 55961 57328 63265 64964 65450 65509 65576 65578 
0 298 2010 5416 8240 9697 15599 18514 19926 
4 379 781 1703 7051 9277 10592 12699 16342 18430 19892 
39 6576 8505 11284 13884 18160 22470 29515 38946 43028 47264 51290 52687 
145 35261 39551 41182 46870 49614 50872 54125 61941 64506 65307 65461 65577 65579 
155 38503 42664 45184 46927 48153 57001 61670 62560 65528 65573 65578 
7 525 2119 3440 12229 16774 19825 22043 26067 31259 33767 
132 32592 34600 37609 41348 45163 48040 52259 60201 63110 65024 65423 65548 65578 
2 326 467 1125 3022 7336 13648 18240 27240 31162 36567 39314 40666 
6 503 2097 2807 6764 8096 11399 13437 16112 17890 20529 21575 22896 29488 32815 38019 39446 
172 42988 46463 47692 49642 56044 60167 64430 65401 65564 65578 
0 289 455 4236 7785 9063 11248 15388 20895 23479 
0 293 698 2447 5624 14538 20397 24773 28644 33021 36923 38303 
8 557 3236 8257 12799 19091 28932 32790 39628 42438 
20 2376 3756 5487 7735 11577 14672 15851 19427 21158 22498 36654 43933 45029 47171 
2 327 722 1020 1716 4660 7516 8676 10067 12893 14900 16466 18610 28145 
138 33549 35636 37040 44406 47810 50460 54293 63115 64963 65523 65576 65578 
5 414 844 1731 5697 7493 9466 10475 12144 15408 20831 24855 28843 30189 
7 521 1087 3000 3916 10515 13686 15064 16849 19966 26487 31023 32820 35314 
7 523 1797 3203 6107 8000 9184 12410 14627 16083 23807 26313 27545 34085 38450 
144 34574 37930 43208 45742 47109 49807 53886 58819 59866 64227 64851 65528 65573 65578 
5 414 846 1838 3050 3923 5233 7823 9658 11091 13104 23067 
112 27316 29404 30991 34897 36626 37924 44357 47772 50514 55833 57170 59585 62871 65145 65434 65510 
114 27509 30643 31991 34288 38406 44104 48108 52503 59241 61167 62115 63405 64892 65492 65545 
0 289 449 1744 3275 5028 11209 13770 15659 17037 23759 27221 29933 33015 
172 42987 46045 47318 49745 53781 60201 63113 65528 65573 65578 
0 293 698 2447 5622 13959 18087 22499 24894 27183 28295 32106 
19 2341 3716 6232 8898 13905 19504 24658 33406 40064 44220 
2 326 482 3314 4375 6312 10121 15392 18159 
12 762 3227 8487 13920 22818 27980 30447 31822 
11 717 3556 10420 15987 17243 21836 24113 30726 32142 
5 414 850 2153 4111 8816 12309 19273 28749 
8 555 2591 5336 7869 9996 11186 14542 19499 28278 34779 39028 
3 362 1832 6294 8884 14355 15921 18748 26356 31733 33480 36000 36923 38303 
5 416 1147 1920 3489 11606 16204 20316 21764 23870 27919 
18 2287 3675 6234 10141 12726 15251 16577 19603 28080 33796 37881 42326 46111 47534 
8 564 6001 10274 13254 14939 21099 23847 25099 
9 575 2081 3372 4441 7434 16304 21043 24060 25617 31490 34172 35419 
21 2504 3838 6330 8824 12649 17015 30808 35117 38967 43997 47221 48535 
5 414 845 1761 2845 5326 10101 14063 18188 20354 21814 28692 32143 34090 35347 
5 414 843 1337 2551 7930 11266 13945 19970 21391 24020 31570 36841 38720 41262 42262 43457 
4 379 781 1702 6864 9145 11829 13127 14425 15708 20101 23337 24457 26008 27845 30189 
16 1626 4474 5668 8197 12266 17841 19045 21942 23900 30623 36721 41601 44151 46869 
147 36514 40671 42152 48644 52970 56055 57336 59505 65060 65528 65573 65578 
0 293 698 2447 5619 9365 14808 24701 28545 32744 35178 37390 
2 326 475 2323 5188 6789 9956 11165 13088 20125 26467 31594 34007 36122 38303 
1 315 2592 5558 7745 9792 12073 14564 18864 21725 
5 414 859 4564 5745 7905 11129 13033 14320 17913 21098 
0 292 653 4620 7379 12970 17095 24137 26887 
5 416 1147 1920 3490 11626 17773 23136 27472 31341 32591 
0 293 698 2450 6992 11018 13303 20145 23289 28188 32519 36470 37738 
1 320 4195 5897 7494 9828 10798 11983 14141 17678 21397 22966 24591 
0 293 697 2411 4311 5857 6912 14781 17995 19351 20857 22690 23920 25250 26381 30709 33688 36923 38303 
5 414 851 2268 4130 7665 11604 24304 28672 32723 37053 41050 42475 
0 293 698 2447 5619 9366 18970 23508 27576 31956 35963 37390 
9 575 2080 3350 4408 7341 9420 10715 18472 21118 22399 28146 33431 34641 38172 40513 
21 2506 4765 5946 8132 12128 18105 22427 26739 33898 36566 
2 326 467 1125 3021 7313 11476 14201 16242 17311 25520 28500 29778 31222 32941 35314 
15 1548 2751 5377 6539 8464 11700 17197 18667 22326 24328 30190 32009 33059 36698 39947 41190 44274 45557 
14 962 3503 6405 8376 10746 12384 13603 22405 25314 26407 28089 31291 36337 40381 44274 45557 
2 326 467 1134 6479 9098 10878 11951 15784 19150 20452 22120 25969 27713 30189 
1 315 2593 5822 10183 11437 13477 17090 22647 24059 
61 12416 16599 19283 22213 26507 30486 35869 45323 49162 53348 55585 57564 
171 42852 44872 51079 54091 59328 62480 65318 65526 
2 326 481 3168 5087 6918 8152 9369 10465 14603 17948 19229 20798 23603 25578 26998 
159 39201 42584 44467 45724 54001 58208 61587 63267 64329 65062 65410 65568 
198 49658 53784 55326 58689 61486 62878 64787 65125 65513 65558 65579 
202 50069 53392 57212 58572 59988 63509 65565 
213 53904 57646 58726 62536 63445 64874 65332 65576 65578 
203 50699 53805 58278 59589 62389 63656 64352 65143 65348 65576 65578 
166 41692 44556 45816 46975 51102 54197 60922 62076 63410 65541 65579 
199 49681 53551 56743 58537 60878 62204 65257 65506 65562 65571 65578 
188 47905 50009 56822 58001 59828 62487 65011 65302 65546 65578 
194 48864 53440 59729 61914 64844 65486 65577 65579 
72 16773 18883 20578 24592 27450 31722 35513 44919 50528 54224 58161 60280 62106 
143 34401 39029 44965 50492 58442 62722 64037 64634 65249 65536 65567 65575 
133 32654 35721 37090 39447 43558 49246 57102 61353 63195 64361 64816 65397 65519 65571 65578 
187 47866 49943 51549 55361 56980 58143 63323 64835 65396 65575 
191 48702 52770 53845 58219 59507 62256 63588 65439 65571 65578 
92 22082 24156 25755 28257 31383 36346 45364 52181 56783 59202 61207 63161 64176 64745 
51 10234 12071 14376 16538 19389 24721 29923 40219 43754 50318 54461 
201 49867 55497 58242 60339 62184 64433 65489 65579 
146 36381 39466 40779 41909 45926 53657 55902 57176 59098 62000 63326 63945 65129 65443 65571 65578 
150 37627 39704 42833 45760 52200 56629 58244 60777 61866 65197 65521 65555 
141 34196 38495 43247 44660 53023 54967 57350 58866 61038 61813 62692 63909 65114 65549 65568 
85 18805 23681 29560 34999 43398 47535 49883 52376 54861 57950 61968 
112 27316 29406 31529 33998 37904 42123 47673 50394 55401 58743 63719 65207 
7 521 1087 3001 4725 5631 8772 10395 12334 13501 16557 18543 25356 31682 36681 39044 41225 43457 
183 45500 48723 53492 54792 58887 63824 64689 65317 65576 65578 
137 33504 39338 42950 45558 47385 48395 56129 58898 60017 61243 62583 64123 64711 65528 65573 65578 
180 44534 53850 57909 59744 61085 63289 63927 65142 65565 
2 326 470 1304 2749 4882 7492 8589 15887 19305 20613 23115 26209 31202 35138 39083 40513 
133 32656 36183 38539 41681 46615 50624 54384 56293 57576 62897 64982 65490 65564 65578 
20 2376 3755 4971 7292 10224 15368 19664 25162 27128 33997 37855 40865 41927 46244 47672 
0 293 703 4600 10542 15718 18281 20493 22920 25541 26962 
190 48065 51645 52829 54674 60773 64579 65490 65564 65578 
153 37818 41484 43733 46804 51764 57030 59165 61019 64824 65387 65507 65562 65571 65578 
0 289 453 3654 5965 11304 13348 15029 18386 20720 23565 24964 
190 48061 50149 51622 53343 59323 62167 63815 65429 65563 
7 526 2213 3031 4491 10562 15290 17162 20185 21621 28954 32901 38304 40690 42101 
172 42990 46578 48401 49763 50977 52149 56115 59011 63973 64998 65478 65564 65578 
172 42989 46501 47712 50552 58590 63115 64963 65523 65576 65578 
189 47963 50044 56097 58748 63344 65201 65547 65573 65578 
2 326 466 1041 2153 4117 11962 16395 18822 21504 23266 24449 30513 33623 34742 36922 
0 297 1981 7257 10315 12290 16442 17740 22604 23998 
69 15418 17534 19988 21923 24662 29882 40235 45225 48811 55247 59153 
9 575 2083 4161 9260 10680 13211 17638 24512 25793 27357 32106 
4 379 781 1697 3265 6621 10629 11787 17489 20063 21478 28169 32207 33281 36817 38387 40026 
128 31434 34342 35922 41754 44363 45615 53809 56895 59642 63263 65377 65565 
146 36380 38349 40969 43887 49555 53332 61352 64430 65401 65564 65578 
2 326 468 1187 2046 3394 6954 10234 12075 14862 16359 18569 27105 29036 30376 
1 310 884 1876 3613 6212 8053 14762 21264 26390 28766 30903 33127 
39 6576 8504 11145 13821 19469 23159 29749 39046 42621 45384 47336 48932 51500 52446 53738 
96 22365 25376 26762 29129 33214 40306 48477 52728 55939 57021 60830 63081 64648 65073 
121 29087 35420 36812 42719 45310 50910 52310 54783 61577 64613 65161 65469 65521 65555 
153 37815 40906 42196 44537 48620 54302 61651 64469 65237 65480 65564 65578 
4 380 986 2892 10904 15541 18787 20393 26277 28992 30306 
101 23321 29059 32631 36801 40775 46189 55431 58988 62444 63859 64758 
0 289 451 2449 6725 13337 20653 23299 25158 31704 37199 
161 39385 43629 48247 49724 57829 61239 64436 65202 65543 65578 
2 326 469 1222 2268 4132 8847 17745 22234 24988 26828 27834 31658 34818 36087 39168 41806 
7 521 1086 2610 6671 9003 11210 13841 15735 17117 28926 32364 35012 37270 39291 40591 
156 38588 40823 42185 49573 52046 53260 58639 62905 63643 65227 65457 65534 
38 6442 8417 9879 13665 16714 21230 25247 34525 40279 43979 48157 50660 52687 
33 5289 8152 9369 10464 14585 18049 22678 29816 34938 38583 45067 49369 
2 327 722 1029 4929 5779 7013 9040 12137 15927 17583 19196 22991 26276 
6 504 3093 6352 9511 10727 13107 17580 29955 33670 37935 40417 42475 
13 821 2545 5674 7137 8641 12164 15564 17659 21882 23030 32876 34341 
8 555 2597 8316 10943 16676 20852 26072 28643 
14 964 3561 6576 8497 10036 11645 18424 22023 24760 30381 31782 37495 42523 44635 
0 289 451 2452 7610 11650 14103 16514 23089 27044 28251 31823 33221 34896 
5 414 844 1724 2923 3886 9579 12450 18453 22475 29385 32068 
153 37817 41445 43571 46671 51761 55547 58750 60552 65377 65565 
5 419 1474 2638 3443 4542 5549 9602 12571 16638 19483 27923 33128 35516 36922 
36 6349 8339 11707 14715 16094 18648 22959 30041 38247 43356 45674 49293 51328 52723 
5 414 843 1338 2631 9394 12496 13609 15330 17316 18702 20040 21222 25458 28455 29703 31822 
20 2376 3757 5505 6615 15760 21423 24369 30687 33520 38560 42951 46762 48039 
10 674 2672 5288 7100 9713 15616 18272 22448 25479 26519 29835 31548 33432 35348 38042 40513 
2 326 486 4496 6846 12023 14451 15951 18321 21905 23765 25064 
5 414 851 2275 7956 10350 11573 21181 26620 28416 30941 31894 33127 
2 326 465 921 1837 2629 5575 8594 9750 11382 16285 26219 29271 30804 36363 38945 
17 2250 5268 10125 12612 16814 20272 21632 24006 33069 37288 39591 43148 45557 
96 22363 24414 27259 29884 33786 37879 50092 54295 58133 61874 64249 64813 
5 414 848 1920 3484 7154 12678 17016 21666 28808 31489 
123 29124 34360 38452 45022 53266 56003 57046 58593 61871 64062 65318 65526 
164 39741 43100 48306 49835 58803 62528 64469 65240 65504 65560 65579 
139 33586 35764 37108 42476 44728 50929 53477 58323 60490 63779 64555 65145 65434 65510 
75 16945 19105 22063 24681 28662 32696 39699 50603 54275 58328 61813 62721 
5 418 1433 2192 4181 12546 17042 19698 21992 25675 27067 29101 33015 
163 39573 46539 48271 51204 52542 54773 62427 64673 65462 65571 65578 
14 961 2802 6821 8204 11534 13552 15188 17306 21243 25727 31507 32691 39227 43691 
1 309 600 3959 8939 15499 16906 19021 22544 27690 29184 
21 2504 3830 5168 7445 8544 11185 13981 19549 24738 33768 38129 40599 44314 46149 47637 
12 762 3228 8713 12766 18583 22743 30132 33241 38077 39550 
15 1548 2748 4846 6073 8067 11866 15423 19097 20694 23227 25878 31613 35807 38804 40103 41541 43271 45557 
0 289 451 2448 6644 10839 14506 21140 23687 27554 30580 31628 35926 37269 
33 5288 7099 9620 10981 13057 17357 22270 24279 30399 32265 34949 41987 46722 49454 52026 
4 379 779 1268 3127 4807 6039 8093 17607 23734 27104 29014 30341 
154 38476 44445 45655 54644 58402 61427 62759 64203 64746 65276 65557 65572 
21 2508 5126 6233 9558 15809 21204 23696 25847 31489 
2 327 722 1020 1715 4643 7576 14425 15709 20168 23383 26667 27979 
3 361 1471 5470 8023 9220 12481 19619 22564 29185 30490 31612 35614 38759 40028 42101 
114 27510 31085 32285 35078 36986 38719 41009 42035 46207 52068 54467 58115 60732 61606 62843 64672 65453 65527 
111 27278 29346 31846 34419 37411 40340 42214 43827 46282 47239 52871 55263 57902 62687 65074 65434 65510 
29 3438 8199 15684 21343 22627 26999 29322 35886 41306 43897 47482 
113 27373 29451 32305 35553 40229 48788 53098 55682 57401 59934 64069 65165 65369 65510 
131 32479 34534 36986 38717 39941 46089 49071 50357 51786 53515 54691 56949 62647 64544 65528 65573 65578 
38 6442 8419 10375 12805 16988 20229 21312 25631 29534 35574 38623 43634 47830 51881 53097 
160 39359 43541 46240 51824 54239 57862 59710 64249 64801 65285 65570 65579 
135 33364 37333 38533 42156 43540 45142 53187 55071 57738 59442 62295 64481 64897 65333 65568 
3 361 1470 5272 7629 11342 13410 19758 21552 22764 26444 29623 30864 32461 36262 39121 41088 42581 
142 34239 39509 43693 50197 57083 59940 60965 62245 64397 64995 65416 65559 65578 
211 53224 55157 56530 58318 64169 65181 65378 65484 65564 65578 
130 32421 34480 36604 37851 46950 52263 54066 55203 61639 64274 65022 65528 65573 65578 
124 29289 33991 39885 45284 53288 57418 60571 62110 65074 65434 65510 
89 21004 23921 26295 28756 32702 36864 42738 45253 50452 53961 60055 63262 
151 37739 39766 42641 45877 50480 58672 62294 63886 64680 65165 65368 65482 65564 65578 
26 2967 5438 7225 11068 12204 17220 18755 23164 25272 26713 34134 38103 43458 45839 47171 
105 24080 29996 31845 33479 35679 36770 41146 46887 49377 53305 56147 57138 60820 63532 64723 
114 27507 29570 31062 32810 41872 48884 50115 56335 57669 59476 62618 64446 65085 65453 65527 
117 28317 32325 33530 35438 42016 50567 53924 56863 61278 63843 65139 65525 
5 414 843 1342 3975 5045 6387 9917 12854 15215 17791 24814 26780 28414 29614 35597 38851 42262 43457 
2 326 471 1585 2468 3798 6719 11805 13233 22043 26068 31275 33850 
133 32657 36220 37431 40949 47025 52132 54476 56511 62136 62966 64724 65499 65574 
100 23200 27671 31304 35215 36963 38123 45937 49025 50281 51725 54098 55852 61661 64733 
133 32658 36306 40182 43231 49130 55766 59282 61551 63264 64960 65445 65508 65576 65578 
153 37816 41404 42620 44512 47829 50722 52423 53591 60674 63037 63689 64413 65036 65448 65571 65578 
7 522 1645 2866 6124 7250 10686 12111 13735 17721 25891 27143 30377 36744 42400 
51 10234 12074 14814 17888 19142 25441 28579 36044 38633 40667 47045 51582 53398 55658 
5 414 849 1938 2708 4353 7244 11760 13174 16868 18996 25418 28283 33383 37665 41640 42928 
33 5288 7097 9317 12387 15141 16165 18933 22313 28750 34679 41520 45425 49488 50798 
153 37813 39895 41383 43346 47001 50202 51423 53013 60210 61770 62944 63688 65442 65562 65571 65578 
1 312 1358 2558 4683 5886 12990 15635 16982 23068 28371 30447 31822 
176 43853 47733 48826 50906 57115 61115 62496 64380 65033 65300 65571 65578 
79 17821 22584 26130 29760 35065 44041 48348 50846 56256 57529 59453 62645 
140 33933 37274 41181 46655 49277 58654 62056 62838 64984 65288 65544 65578 
10 675 2783 4022 8464 11699 17138 18613 22138 24218 30726 32142 
114 27511 31125 33287 36420 41532 51061 55445 62891 64892 65492 65545 
117 28312 30536 31941 39251 41808 43779 44941 51376 52950 57601 59656 62129 64567 65208 65466 65555 
184 46681 48596 54347 56552 58366 60340 62807 64517 65107 65529 65568 
170 42795 44830 50411 52090 55281 56461 60124 61564 63725 64312 64873 65565 
114 27512 31165 32940 34244 35489 36672 40810 48391 52161 56372 57283 58452 60319 62801 64598 65093 65367 
1 311 1016 5607 14005 17684 20993 26046 30055 33851 35829 37234 
4 379 780 1677 2538 7203 14980 16037 17430 24965 28209 31832 38244 
15 1548 2747 4620 7377 12208 16750 24614 26334 27596 34084 37491 40256 43345 
11 719 7163 11305 14177 19735 22987 27749 29270 
7 521 1085 1858 6146 8294 14944 17450 19802 23109 26596 28062 29701 
24 2884 6746 10447 12815 15106 17537 20429 27772 32164 35516 36922 
