171 33313 34751 36702 38235 40473 40854 41156 41442 41486 41501 41507 41508 41510 41511 
135 26223 29423 34443 38466 40566 41386 41476 
115 21629 23355 25966 28711 30720 31600 36789 39277 39876 40393 41193 41437 
35 4733 5834 6520 8469 10436 12731 14506 17110 21181 22261 24964 27666 28631 30235 32380 
155 30145 31671 35387 37479 38252 39505 40913 41312 41501 41507 41508 41510 41511 
154 30111 31564 33643 36271 37841 39795 40759 41197 41368 41502 41507 41508 41510 41511 
1 241 382 2155 4570 8603 11262 15258 17822 
80 13924 15080 15762 17753 19872 23941 25679 26805 28513 33255 34090 35090 37535 38969 39832 40491 
146 28080 29004 29717 33564 35359 36907 37898 40467 41449 41489 41506 
145 27973 29902 31147 32937 36614 38358 39533 40192 41379 41488 
133 25505 27519 28677 30810 32546 34037 34939 36460 38429 40798 41203 41489 41506 
36 5067 6472 9255 11688 12747 13815 15797 20885 22769 24771 25667 27918 29865 32828 
95 17353 18922 20976 22573 24339 25397 26443 28536 33498 35342 37348 38180 39647 40245 40865 41319 
126 23788 25228 27250 28917 30863 31835 33404 35467 39167 40143 41152 41449 41489 41506 
101 18528 19481 20215 24006 25849 27477 28568 32312 34458 37673 39013 40334 40669 41306 41460 
170 33278 34732 37466 39551 40210 40645 41313 41458 41501 41507 41508 41510 41511 
159 31101 32844 35407 38842 39687 40097 40959 41339 41502 41507 41508 41510 41511 
131 24827 25782 26534 30353 32271 33831 34861 38408 39957 41183 41389 41477 41498 
150 29427 32919 33981 35738 37797 40303 40985 41370 41501 41507 41508 41510 41511 
1 249 1004 2405 4214 5547 8192 12069 14726 
103 19192 21030 23305 25099 26302 27876 29993 31640 32741 37929 39385 40506 41228 41460 
173 33807 36457 39820 40968 41401 41469 41508 41510 41511 
22 2286 3513 5385 6957 8645 9680 10674 12654 17636 19562 21166 22256 26648 29610 
7 516 1235 1917 3017 4066 4721 8290 10116 12112 13049 17190 18283 19876 22533 23401 26088 
175 34305 35955 38465 40288 41003 41262 41445 41501 41507 41508 41510 41511 
77 13601 15633 16782 18372 20517 22159 23221 28603 30415 32467 34867 35625 36674 38770 40504 
130 24753 26477 29134 32949 34104 34782 36728 38587 40890 41283 41397 41470 41499 41504 
111 20645 22175 25894 28166 28972 30629 35057 36869 38667 39457 40721 41077 41341 41481 
136 26235 28591 30502 32502 34363 37728 39119 40074 40955 41282 41449 41489 41506 
139 26545 27719 28446 30485 32561 36535 38201 39081 40150 41094 41418 41481 
160 31240 32234 33443 34679 35771 38824 39638 40569 41204 41432 41501 41507 41508 41510 41511 
66 11143 12612 14647 16192 17970 19046 20150 22184 27095 29042 31119 32078 34252 36118 38761 
1 241 380 1151 2767 3698 4630 6554 11391 13288 15357 16168 18366 20364 23304 
0 223 282 353 770 3965 4999 6565 9649 10365 11458 13947 14928 
10 632 1287 3289 5602 6653 7651 9643 14473 16323 18435 19368 21566 23527 26427 
0 233 1093 1652 2697 5179 9014 11550 
21 2095 3474 4445 7725 8810 10506 12021 17572 19545 21685 22560 24512 25414 26999 29213 
117 22371 24201 26428 28377 29489 31044 33142 34718 35825 40228 40941 41330 41464 41476 
129 24739 26685 28005 31943 34062 35667 36922 37902 38784 40146 41146 41481 
92 16735 19208 21389 23858 24995 26843 31277 34139 35276 36509 37408 38242 40071 40970 
1 241 380 1152 2936 3736 5183 7181 9194 12526 13657 16996 18113 
3 308 437 601 2481 4102 5571 6595 10175 12321 15601 17221 20109 
2 271 1225 1865 6162 8614 9758 10724 13456 
0 223 282 357 1614 2736 4187 5162 6263 8044 12264 15116 16614 17698 20124 22937 
141 26908 28492 31319 36179 37214 38589 40268 41031 41338 41449 41489 41506 
119 22640 25445 26489 28930 30179 30958 33028 35218 38437 39226 39972 40786 41438 41495 41498 
116 21768 22705 23413 27159 29059 30666 31752 36119 39148 39681 40323 41153 41385 41474 
122 23102 26517 27638 29452 31028 36552 38341 39860 40354 41139 41286 41470 41499 41504 
143 27433 30231 34243 36758 39827 40662 41435 41493 41506 
156 30272 32090 33680 34710 36891 37947 38777 40377 40832 41066 41378 41501 41507 41508 41510 41511 
149 28956 31527 32625 37248 39470 40823 41450 41491 41501 41507 41508 41510 41511 
118 22423 24365 25220 30574 34259 36244 37776 38725 40197 40899 41320 41461 41474 
67 11177 12644 16368 18580 19464 24268 26344 27302 29157 30213 31352 33242 36058 38745 
152 29457 31725 32530 33630 35944 38506 40673 41041 41209 41433 41484 41502 41507 41508 41510 41511 
19 1874 3783 5741 7343 8731 9728 11266 13318 14771 19921 24728 27344 
12 1031 2009 4158 6762 8864 9523 11468 13552 17555 19406 20542 22193 25029 25636 
94 17024 18168 18877 20962 23048 27078 28888 30043 31701 36316 37138 38127 39967 40732 41123 41319 
109 20228 21427 22080 24116 26185 30336 32116 33207 34825 37604 38135 39502 40995 41329 
162 31918 33889 34739 38079 39512 40613 40967 41449 41489 41505 41509 41511 
10 633 1483 2050 3714 5424 6446 7509 12256 17473 21793 24324 26183 
107 19940 21462 24928 27785 30886 32012 34604 35518 37339 39625 40267 41329 
147 28661 30516 32829 34653 35782 37150 39923 41062 41460 
92 16728 18215 21805 24592 27753 28797 31427 32409 34291 36154 37643 38618 40665 41030 
81 14253 15712 17710 19380 21196 22284 23320 25292 30384 32297 34379 35187 37253 38917 40635 
140 26850 28402 30461 32102 33863 34893 35907 37838 40971 41423 41460 
123 23116 24678 28117 30942 34323 35231 38568 39902 40417 40672 41438 41495 41498 
108 19974 23113 28105 30649 31825 32895 37004 38038 39464 40641 41178 41460 
157 30638 33401 37460 39525 40241 40663 41304 41416 41500 41508 41510 41511 
132 25455 27290 29655 31470 32716 36008 39358 40454 41106 41281 41449 41489 41506 
0 223 282 359 1832 5973 7980 9553 10578 12776 14571 16563 18714 19339 
0 223 282 353 766 1818 5243 6929 8006 9611 12698 13521 14607 17048 18057 
52 8074 9569 12300 14839 15873 16907 18975 24038 25877 28024 28876 31038 33051 35906 
85 15269 17164 18464 20219 25565 27444 29528 30528 32327 33384 34544 36305 38891 40630 
107 19946 22387 24483 26146 29926 30990 32564 34996 37052 38557 39792 40707 41374 
1 241 380 1157 4885 5921 7389 9784 11802 13537 15013 15919 17476 19688 
0 223 282 353 766 1817 3682 5275 7236 9342 9882 13591 16996 18113 
104 19435 22361 23367 25822 26942 27815 32466 34578 35102 36885 39244 41104 41437 
151 29440 32142 33348 34165 36102 39763 40546 41251 41444 41501 41507 41508 41510 41511 
113 21138 23874 27907 30554 36340 37792 39947 41091 41379 41488 
0 223 282 362 2240 4586 6030 7685 10217 
96 17386 18952 22784 24902 25758 29770 32200 33822 36823 39296 39889 40396 41329 
100 18421 20401 21651 23418 28736 30609 32676 33697 35428 36439 37547 39111 40687 41372 
112 20773 22521 24155 25157 26284 31076 33734 38663 40665 41027 41349 41481 
0 226 470 755 2116 2851 4430 6624 8428 9419 13399 
124 23425 24551 25258 27275 29384 33467 35130 36271 37847 40173 40536 41175 41355 41446 41498 
0 223 282 356 1599 3177 3933 7914 8979 10441 12834 14985 16599 18143 19104 20736 22880 
142 27036 28837 31387 33089 34413 37258 39041 40117 40624 41233 41428 41482 41499 41504 
123 23121 25342 26124 27223 29751 30770 36018 37106 37749 39419 40545 41233 41428 41482 41499 41504 
110 20610 22127 24129 25719 27492 28573 29622 31682 36644 38383 39542 40195 41379 41488 
125 23754 25209 28151 30696 31780 32855 34816 39331 40443 40993 41225 41489 41506 
1 242 574 1031 2013 5466 8107 9575 11499 13111 15219 17128 20589 22054 
11 736 1508 2600 3502 4456 9209 11656 12824 13855 18086 
31 4018 6670 7698 10302 12080 14064 15391 18324 20492 22112 23215 25380 27126 29273 31403 32049 
138 26289 29699 30837 32629 34197 37505 39726 41040 41384 41452 41481 
1 249 1003 2214 3557 4528 6636 8321 10330 12390 13016 
28 3232 4066 4723 8385 10159 12172 13100 16413 17956 19632 20714 21895 23722 27345 30288 31209 
2 267 424 782 1788 3242 6420 7497 10477 15420 17940 19869 
20 1905 4272 5259 6971 9293 10919 12145 15226 17257 18906 20049 22313 24070 26089 28265 28835 
2 267 428 2034 3450 4493 5889 7778 10047 11631 13964 16878 
0 223 282 363 2276 5341 7121 9130 9954 12031 14026 16906 
5 408 802 3401 4243 6018 8782 9768 11551 13791 16302 18782 
2 271 1227 2749 3726 4677 7298 8232 9914 11485 13520 
7 520 1710 2440 3916 6247 7889 9103 12037 14117 15698 16818 19076 20916 22938 25029 25636 
2 269 842 1868 3009 8354 10132 11673 12724 15494 18318 20327 23277 
25 2698 5587 7356 9184 10079 10772 16037 17911 19985 21016 22829 24643 26191 29213 
1 241 381 1638 3309 6388 7943 9926 10737 12766 15584 16532 
3 308 437 603 2660 5219 6073 6986 10408 12236 15659 16764 20198 21386 
0 223 282 358 1740 3377 3899 7754 9426 10481 13879 14984 
1 246 939 3256 5865 7030 7744 11577 14417 15330 
3 308 438 714 1068 2094 2973 3571 5410 7385 11344 13123 14182 15804 18689 19299 
0 223 282 355 1345 5494 8248 9154 10031 12515 13616 18355 21069 
164 32185 34970 35965 38317 39196 39738 40706 41467 41485 41502 41507 41508 41510 41511 
0 223 282 360 2135 4033 5558 7817 10608 12094 13804 16411 
0 223 282 357 1615 3419 4937 6891 7717 11774 12869 14686 16944 19775 
91 16713 18825 20014 21572 23657 25195 26342 31809 33596 35576 37872 38544 39415 40684 41022 
102 19167 21220 22072 27383 30314 31538 32665 35780 39921 40995 41329 
1 244 663 925 1470 3327 4913 6137 9031 11048 12597 13730 15902 17603 19776 21930 22520 
1 248 978 2708 4773 8051 8897 9903 12415 13427 
118 22424 24537 25597 28198 32437 33482 35200 36686 37665 38622 41104 41437 
1 241 381 1639 3677 7138 9275 12483 14143 16138 16982 19066 21954 22908 
1 241 380 1153 3072 4849 7618 11303 13057 14633 16657 
121 23087 25368 27233 28342 32381 35031 36949 37985 39600 40525 41035 41244 41418 41481 
1 252 1293 3842 5532 7554 8497 10944 11983 13557 16468 
0 223 282 353 769 3343 5038 9221 11926 13224 13914 17823 20789 21737 
9 612 894 1259 2587 4394 8273 9965 11074 12667 15852 18201 19300 21881 24455 
2 272 1386 2021 3992 5134 6600 7327 8418 10804 11773 
3 310 683 979 2721 4532 5453 7152 8174 9309 11111 15457 18227 19483 20813 21767 
2 267 426 1181 1681 3111 5686 6711 8484 10713 14929 15960 17770 20250 21308 
8 533 2631 5098 6478 8445 9997 13346 14359 15524 17318 20291 23732 25098 
7 519 1574 2372 3041 4832 8631 9675 13303 15432 16223 17902 21070 23916 24826 
123 23123 25531 27691 29345 33114 34208 35689 38049 39665 40540 41035 41244 41418 41481 
1 241 381 1643 5796 6680 8196 10245 11646 14822 15950 16969 19775 
10 643 3078 4973 6457 7549 9710 11422 13457 15558 16109 
144 27955 29615 33723 36372 37806 39440 40357 40996 41238 41376 41482 41499 41504 
16 1453 2620 4755 5660 7433 9453 10545 12558 17863 21476 23017 24106 26594 27608 
1 247 951 1539 2457 3205 4734 6338 7423 10751 11877 
6 489 1349 1773 2577 4808 5770 7483 9699 12381 16533 17513 19394 20999 22057 24200 
2 270 869 2286 3513 5392 9478 11010 13069 13897 15890 17736 18785 21069 
2 271 1225 1864 6005 8509 11147 13761 
123 23122 25471 27553 29323 30704 34621 36208 38156 39570 40094 41268 41470 41499 41504 
106 19925 22003 23155 24700 27426 31978 33793 35827 36776 38989 40021 40743 41276 41460 
3 309 544 1014 4397 6727 8704 10381 11829 12792 14381 17331 18876 
42 6104 7030 7742 11360 13262 14807 15841 19616 21862 25128 27421 29791 32774 
14 1127 1538 2082 5309 7094 9384 10972 13017 13875 19521 21413 22482 24981 27637 
3 308 437 602 2511 4129 6048 6921 10218 11245 12339 14220 17669 20454 23250 
17 1525 4349 6105 7512 8915 14539 16342 18906 20048 22268 23972 25995 28240 28795 
153 29729 30900 31609 33667 35684 39315 40363 40766 41215 41461 41474 
127 23956 25709 28290 29214 31093 35315 36404 37184 38874 40397 40992 41438 41495 41498 
90 16208 19094 20137 22613 23822 24611 26578 30681 31757 34513 37081 37957 39247 40789 41196 
19 1868 3005 6199 8928 11714 12910 15038 16665 20425 21531 23053 25637 26506 29272 
23 2340 3602 6235 9025 10882 13772 17927 20733 24890 27462 29381 
137 26251 28436 33757 37293 39061 40130 40625 41233 41428 41482 41499 41504 
89 16011 17996 18957 22458 26778 28476 29523 31764 33530 35484 37579 38109 39823 41026 
10 638 2318 2959 3876 6321 7270 9086 13149 14323 15147 18114 19827 21309 22329 23878 25937 
105 19911 23380 24456 26249 27769 32989 35854 37323 38762 40468 41257 41460 
87 15331 16256 17013 20854 22743 24307 25336 29113 31340 35242 36860 39477 40879 41113 
166 32614 35545 36495 38192 39434 40530 41114 41292 41448 41508 41510 41511 
163 32172 35640 37435 38281 38836 40930 41395 41468 41507 41508 41510 41511 
134 25735 28621 29675 33954 35722 37922 40015 40492 41105 41385 41474 
78 13620 15173 18611 22236 24863 27924 30018 31655 32743 34922 36582 38515 39997 40330 
34 4462 6508 9843 11616 13667 14679 19040 21843 24689 26649 30090 31469 
9 612 894 1261 3648 8537 11319 12196 13175 15687 16774 21604 24200 
7 517 1376 4617 7067 8140 8948 10824 13191 14793 17065 20081 
15 1429 2791 3544 6820 8587 10582 11570 16412 17454 18656 20575 23466 26885 28376 
2 267 425 1165 2190 3146 5045 5820 6853 9367 10287 15283 16956 19716 
65 10782 12434 14288 15743 18572 23566 25125 26740 28848 29685 31798 34528 36153 37374 38436 
120 22656 25445 26493 30782 31902 33713 36042 36982 38624 40227 41171 41329 
128 24282 26996 31265 33847 35529 39271 40331 40966 41329 
28 3234 4706 6366 8670 9509 12945 14779 16823 17785 21856 22671 24293 26614 30312 31239 
0 224 329 532 2064 2908 4459 5958 10846 14230 15066 16070 18642 21359 
10 635 1953 3820 5834 6520 8469 10438 14442 16110 17287 19590 21971 23619 26399 
13 1052 2879 3767 5441 7638 10005 11211 11951 14012 18797 21112 24227 27052 28079 
0 223 282 354 1312 3652 4378 5375 7800 8764 12885 14866 15978 18981 21930 22520 
9 612 894 1260 3609 6297 6865 9062 10666 14376 18553 21151 23016 
9 613 1199 1854 4689 5715 7460 11120 11878 12978 15508 17170 19811 20952 23448 24427 
4 386 811 1397 2824 4337 5967 7853 10646 14457 16182 18739 19717 21615 23595 25194 
165 32600 35991 37030 38633 39718 41430 41479 41501 41507 41508 41510 41511 
87 15334 17419 18252 20271 23038 26711 27835 29387 31867 34009 35612 37288 38943 40640 
92 16734 19134 21256 22979 25938 26977 28207 30080 34477 37162 38814 40045 40592 41163 41273 
0 223 282 353 767 2541 4305 6786 8837 10400 14089 15184 16681 19340 20187 22937 
78 13623 15750 19241 21123 23190 24217 27870 29828 32775 34980 36745 38861 39624 
10 636 1980 3123 4664 7210 10491 12458 13705 16850 18403 20110 22826 
66 11143 12617 16470 19017 20680 21499 23512 28307 29954 32050 32905 34912 37629 38494 
137 26254 28542 29308 30451 32972 33933 38021 40062 40567 41437 
10 632 1288 4144 6174 6998 8584 14727 17529 18499 19926 22303 25055 26058 
22 2287 3942 5632 7583 9820 11892 12566 14617 16675 20837 22587 23683 25309 29582 
107 19940 21467 27190 29087 31495 33168 35158 35977 37703 38696 40007 41174 
