358 48979 57804 62857 67302 71537 73641 74222 74365 74381 
337 45918 50413 55855 60792 69681 73393 73860 74245 74378 
249 33184 38457 43345 44674 50582 59060 60349 65213 69832 71995 72756 74197 74326 
458 62831 65925 70244 72483 74047 74308 74367 74392 74394 74396 
469 64705 67831 69088 71749 73855 74228 74327 74380 74393 74395 
345 47037 52101 55168 57909 64518 68329 72855 73498 73932 74187 74342 74366 74383 
263 35632 37743 43593 48530 50868 53945 57083 63805 66562 70599 71860 73855 74238 
361 49115 52198 54584 61102 66199 70107 74120 
306 41539 46569 51564 54773 55859 60799 63778 70742 72410 73672 74330 74378 
287 38949 44121 48834 50201 56189 64503 65834 70164 73111 74021 74171 74366 74383 
346 47045 51441 58136 60689 64692 67411 70353 71840 74241 74342 74366 74383 
355 48404 55180 58098 62465 64055 68813 72241 73515 74275 74370 
227 30327 34082 36319 41172 48216 50734 54618 59737 63198 68366 71155 72936 
332 44923 47107 48959 53530 60102 67823 71702 73835 74291 74363 
411 56640 61877 64781 70623 73103 74269 74390 74392 74394 74396 
433 59701 66171 67577 72244 73876 74329 74390 74392 74394 74396 
328 44535 50614 52135 58636 63604 68391 73892 74284 74330 74378 
429 59078 62535 64154 67434 71593 73230 73802 74306 74389 74391 74393 74395 
445 61427 64964 68576 71189 72193 73437 73961 74361 74393 74395 
426 58513 62040 66100 69790 72093 72904 74121 74272 74392 74394 74396 
444 61394 67359 68686 72951 74138 74375 74391 74393 74395 
64 6686 8190 11936 15273 19756 24398 29318 39370 43496 44652 50622 52357 
359 48987 50879 53116 55746 59520 61939 64494 70767 73357 74342 74366 74383 
278 37783 46497 51617 56111 61522 66386 69941 73064 73696 
2 637 1249 6358 10469 12277 20269 23121 26623 28828 
25 1960 8408 12976 17278 22374 27248 31212 36458 38591 
448 61792 64081 65861 69809 73713 74338 74392 74394 74396 
266 35872 39731 42179 46588 54124 56375 59049 65310 68597 72307 73697 74165 
25 1957 6049 7185 12365 17346 20201 24545 30571 
305 41505 45759 52604 55072 59105 61900 64447 66680 68180 72363 73173 74096 74342 74366 74383 
384 52873 57032 62720 65095 67441 69642 73568 74366 74383 
10 847 6168 10429 11628 17331 21227 25988 
318 42933 49508 52390 58891 63549 67638 72215 73265 73919 74293 74368 74386 
7 741 2193 3264 5571 6686 8189 11761 14909 16803 22699 24175 
367 50100 51985 56012 59415 62334 67368 69866 72743 73523 74364 74386 
327 43706 45410 49323 53556 56828 58245 63535 68198 73092 73550 74242 74369 74386 
387 53107 57689 60811 65703 69648 70695 73289 74220 74372 
33 2582 4310 5754 13409 18292 22627 27807 32654 36748 42049 44205 
7 737 817 1890 2927 9686 12390 15790 17919 19439 23473 30143 35081 
87 10127 17353 18825 25020 29974 34886 44969 49066 50175 55277 
404 54924 56561 60136 66017 70898 73131 73985 74166 74381 
320 43409 52217 57316 61780 66998 71098 73195 74204 74314 
360 49010 51163 52855 56311 61629 65008 66861 71070 73471 74284 74330 74378 
333 45435 50607 53613 58157 64169 65880 68943 70783 72554 73475 74316 74377 
382 52765 56613 58927 61971 65743 71428 72815 73497 74358 
13 910 6082 9950 16148 17491 23094 28156 31134 
303 40504 44910 50204 55162 64894 70362 71606 73309 74303 
311 41928 46718 51861 61836 65819 66945 71030 73560 74141 74283 74377 
291 39329 41566 43389 47779 54565 62385 67328 71540 73584 73956 74200 74342 74366 74383 
3 661 928 5144 6834 8537 10596 14671 22646 27888 
6 728 3010 5714 7506 8800 12682 19250 23899 28054 30704 
377 51600 55296 59161 66587 70973 73268 74358 
1 611 985 3518 11971 15860 16935 21768 26777 28453 33709 37400 
238 31397 38224 39606 50048 55278 60113 61518 67312 70639 73288 
267 35893 40220 46835 49424 53541 56321 58899 61282 62773 69364 70750 71841 72968 73927 74211 
232 30600 35400 40595 50565 54672 60777 65966 70851 73118 74020 
19 1177 5203 10491 14643 21105 28681 36442 43151 44888 
7 742 2254 3317 5852 8166 11115 15622 20006 21265 26062 
7 737 815 1215 2794 5676 7312 14708 17718 21182 23202 24625 28901 35670 40791 
290 39025 40805 47847 51028 54644 56896 58344 61932 69853 71917 73508 74050 74225 74366 74383 
351 47942 53423 55576 57291 60241 66836 69162 70662 74120 
261 34831 38471 41796 46009 48732 50125 51995 56025 63691 65950 68734 70579 73711 74297 
246 32391 35283 37694 43321 51152 56194 61551 66076 67707 69698 71751 73038 74072 74268 
31 2416 3696 7013 10182 14217 19016 23780 33683 37910 39084 45012 46478 
6 722 972 4244 7785 10585 13070 16281 21109 25421 26696 31596 
11 871 3366 4983 9448 15915 21519 25440 28897 
188 24604 28462 30705 35372 39702 45997 48200 50702 54306 56413 59513 63844 68504 71656 72814 
1 611 988 5826 10047 14689 20956 22285 25734 29465 32999 
4 690 791 1161 2377 5188 7063 9301 11348 12727 18393 20287 23853 27641 31422 33848 36416 38770 40373 43318 
297 40336 43167 44593 48047 52005 55434 57060 62875 64937 69626 71461 73576 74241 74342 74366 74383 
341 46041 49056 51862 55192 60108 65900 66969 71076 72682 74003 74168 74370 
291 39331 41708 43417 45207 47323 50037 53955 56284 58830 61210 62684 68392 69974 72427 73801 74241 74342 74366 74383 
8 764 2961 5473 7262 9928 13725 16176 20119 22788 25277 27611 
20 1348 3073 4220 7095 14843 17635 20853 22869 25866 30091 32571 36618 39518 42187 44493 
27 1988 5488 6907 13896 18706 21753 26472 27803 33668 37752 42847 
19 1178 5271 9579 12636 18267 21337 23873 27234 32014 36401 37820 42922 
7 737 815 1212 2711 8089 11875 14244 15958 17662 19977 22251 28030 31274 33409 35517 
15 1084 3255 8727 10923 14653 17407 19952 22046 23706 29317 
315 42515 46177 50079 56151 59378 61657 63640 69445 72637 74275 74370 
371 51125 56249 59188 63823 69274 70716 73127 74316 74377 
283 37980 40936 43325 48811 56749 61192 66279 70211 73609 73938 74347 74372 
7 737 815 1211 2412 6994 9892 11745 17690 20063 22724 25141 28939 32001 
6 722 970 2454 5927 8649 10746 13392 15633 25236 30179 34611 40016 
275 37152 43805 45265 54709 59150 65687 71090 73185 74201 74312 
7 737 815 1211 2413 9524 12022 14399 16597 18153 20867 22260 23975 27916 31386 
11 864 1732 2416 3695 6860 9818 11531 17361 18916 28653 33743 36747 
62 6642 11031 15614 16926 22639 26651 27789 38336 41203 47658 50640 53327 
11 867 2003 3673 6249 10437 14452 15712 20635 30572 35188 38360 41319 45685 
215 28627 33735 36680 41486 47369 49226 50998 53365 56348 58977 62797 65425 66895 68569 71593 73264 
0 608 3904 8832 13480 18183 21321 22345 28163 29662 
8 756 937 2546 5076 6643 11978 13322 19220 24774 26533 28323 30581 33147 36994 39452 42066 44421 
7 737 816 1719 2818 6078 11902 14984 17061 19032 21348 25524 32907 38335 
8 761 2828 4559 7101 9360 12869 15367 16837 20392 23985 27453 
80 9174 13296 16259 18991 25340 29120 34887 36821 40695 44558 50454 53835 55986 58024 
13 904 2577 11954 16960 21496 23067 25321 27682 33576 36864 39211 41317 
19 1176 4057 8068 17289 21211 22317 27136 32302 34073 39395 43059 
1 613 2142 6714 11044 15892 17628 25626 30090 
24 1924 3193 4405 8490 12909 15819 16901 21714 24427 32222 34983 39444 41167 
3 665 1231 2960 4801 8479 12257 19199 21696 25467 28179 30713 33000 34635 37521 
239 31599 38372 43338 47582 48931 54041 59131 65517 66919 69999 72473 73718 74039 74268 
11 872 3519 5011 8070 11519 15053 17466 21160 27612 30323 
21 1441 4809 6541 7840 10350 11587 14899 18608 21976 23488 29243 
248 32445 34140 36384 39491 43060 45197 48180 51779 58126 60910 65718 67644 71681 73330 74068 74268 
348 47342 52418 57383 67323 70685 71501 73651 74289 74363 
286 38057 39787 42231 44562 49189 50912 58177 63051 67122 69467 70834 71899 73083 73908 74188 74345 74372 
281 37892 42361 48810 56739 61843 67003 70817 71864 73035 73927 74207 74353 74372 
7 737 825 4668 7738 10260 11562 13190 17034 20436 22227 28171 29824 
6 722 969 1879 6456 10929 15046 24263 
7 739 999 2013 3883 5651 10426 17839 21957 27123 
7 737 823 3602 6970 9227 10775 12311 14424 16828 22578 25744 27889 29973 
289 39001 40793 44994 48466 53134 57937 63025 71692 73534 74240 
1 612 1569 4862 7930 9778 14391 18959 25884 28220 30761 38910 41707 
309 41892 46596 51639 54799 55884 60824 65992 67654 73166 73948 74295 
7 737 815 1213 2739 4749 10149 13609 18465 28081 32069 37079 
350 47809 51370 53004 57045 63847 69603 72620 74241 74342 74366 74383 
262 34847 39358 44678 49646 59259 64424 66473 69072 71885 73591 74212 74344 
291 39332 41973 43682 45375 47552 50073 54910 56533 63844 68504 71659 72971 73577 73951 74196 74342 74366 74383 
7 737 815 1216 2817 5181 8739 13144 21420 24176 26462 33690 39183 
1 614 2154 4105 7591 12843 15834 18468 21726 26452 30789 32138 37151 
5 709 1864 2608 5363 13225 18218 21909 26206 28017 
269 36024 40228 45997 48203 55783 61759 64974 67071 68835 71475 72469 73855 74238 
414 57194 59947 61444 63152 67095 70062 73524 74218 74384 74390 74392 74394 74396 
370 51099 56242 60660 62068 68272 71652 74315 74376 
153 19730 24082 27208 32006 33276 39413 43533 52371 57281 60333 61527 66461 
425 58434 64774 69015 70616 73316 74130 74387 74391 74393 74395 
48 4574 8605 12995 22664 26670 32678 37679 42261 43566 48402 
268 35925 41180 46067 49040 50151 56232 57743 67732 71717 73139 74158 74344 
270 36145 41231 46074 56171 60288 65127 70795 71863 73898 74255 
436 60188 62036 64307 67516 69732 72286 73519 74090 74299 74374 74391 74393 74395 
363 49202 50938 53239 56257 58758 62647 65915 68480 71084 73472 74284 74330 74378 
27 1987 4890 14492 19352 23671 26576 32359 38080 42323 45756 
272 36635 40084 41779 45161 53734 56587 59838 62026 65087 69009 70970 73100 73913 74193 74321 
420 57365 61082 63876 68145 70375 71959 74134 74387 74391 74393 74395 
201 26516 30937 37675 45533 50587 55909 60486 62232 64634 67384 69535 72203 73392 
325 43646 45336 50547 54221 57167 60227 63027 66364 70576 73513 73823 74298 74364 74386 
7 737 818 1911 5863 10246 12140 15018 18386 24514 27261 32034 34062 39184 42723 
335 45799 48905 54165 57623 64320 68829 74084 74284 74330 74378 
214 28052 30412 32166 36602 47642 54396 56039 59713 66375 68901 73063 
221 29024 33565 39055 49627 53757 58944 61684 65290 71721 72553 
276 37248 43998 46686 53328 57880 65108 67466 69659 71316 72260 73401 73815 74314 
9 777 1494 3705 6390 7720 13963 15740 20112 28122 33408 
369 50426 52933 54756 59855 63298 65693 70574 73982 74316 74377 
58 5809 9607 16507 21620 25877 35316 42923 49396 50867 
314 42376 46076 48011 51967 55787 60449 62145 68384 70215 71787 73090 74248 74370 
323 43549 47837 55414 60695 65194 72569 74086 74365 74381 
95 10778 13624 15875 18730 21116 26449 34277 38681 43919 48304 55043 56528 
288 38984 42603 46284 49774 51458 57091 59308 64633 66890 70812 71859 73676 74273 74363 
264 35704 40936 43329 53448 58537 62732 65609 66932 70096 73158 73965 74278 74344 
14 1059 1948 5380 8224 12748 16396 22627 27808 34267 39377 44759 
379 51645 54320 55792 57581 61860 65338 68292 70442 71972 73907 74358 
8 756 938 2672 5414 9200 13609 18467 28140 32274 37232 
230 30484 33811 40812 44278 45777 51787 53701 57459 61422 66043 69037 71174 73481 74154 
7 737 815 1211 2410 5912 7300 12899 15028 17435 19996 26725 32469 36573 40594 
13 904 2575 11259 16182 20676 27009 28431 
10 850 6262 8621 12541 13904 18060 24565 29423 
250 33219 35084 40814 45328 53682 56666 60259 62395 64023 68118 72731 74107 
17 1128 3979 7777 10650 11635 16319 21438 23007 31191 35617 
416 57253 60024 61469 63162 67095 70058 73487 74215 74373 74390 74392 74394 74396 
2 637 1248 3968 7323 13776 18493 22598 24687 26517 31818 33564 
338 45937 48562 50083 53825 57590 61120 62624 68201 69921 73073 73770 74080 74258 74328 74383 
9 777 1495 4896 7413 10541 12472 13880 17373 25622 28465 32057 37275 40908 
7 737 815 1211 2411 5947 8717 11140 15641 17617 25534 28555 32112 34743 
248 32445 34142 37416 39663 42734 46000 52646 55381 60147 62165 67346 70288 72295 73358 73808 74238 
33 2583 4431 5788 7272 9184 11995 14320 18097 21030 22301 25859 35097 39759 42217 45167 47748 
308 41868 45210 48867 55718 58441 60251 68759 72949 74112 74341 74358 
282 37925 39674 41955 44524 48314 50760 53465 55647 57345 62950 64861 68465 71464 73879 74226 74333 74363 
36 3290 5743 11490 14034 15756 21591 22935 32241 36609 44259 49507 
66 7481 11987 14727 20365 25302 27676 32408 34055 41428 43913 47790 50670 53336 55575 
190 24659 29825 34664 37866 39073 49614 54575 55851 61821 65753 70163 
1 611 985 3517 11921 15675 20536 26611 32542 34051 
210 27651 32773 37686 39049 44953 48888 57888 62790 65819 66948 71726 72619 
29 2029 2936 5664 10714 15337 17567 20509 23511 30104 32805 37720 39711 44787 48169 
136 17180 19661 21368 24444 26759 29663 32026 42091 46948 51510 54788 57480 61892 63534 
12 889 2182 6760 10798 12338 14508 17379 19874 23640 26297 27703 29445 33436 36973 
236 31152 34962 38979 43669 45319 52656 57502 61794 64346 66052 67685 70593 73796 74184 
33 2584 4494 5810 10335 11788 15211 21702 24384 36371 42959 46381 
273 36773 42253 50010 52689 54633 63319 69101 72514 73904 74120 
324 43628 46479 48818 58857 65595 67233 70268 73648 74136 74366 74383 
7 737 820 2522 3994 5697 9542 20046 24922 29043 31817 
356 48914 53495 64618 69106 72219 73436 73820 74314 
262 34847 39362 49846 55083 60315 64736 71245 73640 
72 7870 10613 15238 18633 23762 27374 33565 39053 44010 47994 53406 55380 
24 1923 3133 4373 7701 12902 19240 21924 26493 28445 36662 39815 43447 47322 
45 4236 8295 11019 13512 20021 22116 23735 26405 32421 34111 36352 38975 44889 48057 50285 52503 
41 3483 6340 9431 11171 14181 17690 20062 22255 26800 28435 35618 38253 42277 45071 49322 
6 724 1658 3431 5502 6670 9808 13200 16526 18076 23519 25649 30740 33751 36249 40266 43150 
23 1634 6156 8513 14525 18244 23781 25698 29426 33215 39309 42613 44760 46682 
41 3483 6339 9103 12918 15534 16877 18599 22681 26120 29153 36063 39912 45029 47934 
6 722 969 1882 9327 15352 17087 20700 27124 29875 36474 38909 
17 1128 3979 7776 10570 11603 16270 19102 23288 28909 31833 33245 36855 42473 45531 
18 1153 3796 6181 10692 12268 20337 23013 25269 29841 35660 38491 43369 46834 
26 1967 2828 4557 6633 9960 12076 14467 16668 18203 25066 26813 28494 31726 33935 36987 41441 46273 
1 619 3728 7895 11240 13809 18127 21255 26090 29563 
0 605 2115 2853 7490 16306 21128 22370 28115 32258 33308 38456 
422 58211 62608 69043 72435 73881 74174 74336 74385 74388 74395 
13 904 2571 6710 11007 14795 19858 21860 28997 32786 35728 40314 45917 
1 611 987 5762 10000 19422 22779 28097 31653 34745 37597 
19 1176 4060 10623 15071 21313 29752 
56 5751 10895 12176 17787 22708 25552 30124 36173 38034 39759 42213 45037 47446 51479 54563 
252 33260 36976 42491 45345 47518 52363 59536 61997 64592 66754 68343 70506 71488 72471 73855 74238 
29 2029 2934 4760 6665 10764 13766 16406 21136 22996 31135 34195 37796 40668 
6 722 969 1878 5641 12462 17296 22379 26837 28524 30775 33906 36499 40429 43150 
1 615 2165 4077 9458 11557 15946 17607 24524 27039 30989 33780 36327 38769 
16 1113 2733 9703 12287 15664 21389 26935 31034 34357 
208 26813 28493 30739 33209 38021 41418 44217 53382 61354 63950 65780 70945 71838 
84 9726 13096 16832 21460 22984 29014 31407 33820 37401 39652 42727 46887 51887 56123 58432 
193 24992 29852 34867 37866 39058 44025 49092 58872 61418 67216 70004 71580 72680 
223 29077 32233 37958 47573 54837 60510 64665 68044 69341 73011 73769 
60 5924 7329 9347 12118 16076 20145 23336 24757 28214 36802 41349 44567 46274 50312 53944 
243 32183 33946 36127 38938 42744 45099 48842 50921 59170 62261 65790 67902 69229 73011 73744 74043 74268 
389 53504 56964 58609 63559 68379 70732 71520 73906 74358 
316 42571 47526 49866 51536 54412 55817 59368 63172 66606 68129 72316 73207 74193 74317 74349 74372 
349 47750 51233 54115 63276 66462 70586 71535 73886 74275 74370 
292 39886 45021 47865 52625 58272 60171 65503 67147 70227 73669 74155 74344 
29 2032 4131 5895 8390 10444 15611 23191 27454 32584 37998 39721 44787 48169 
5 708 1343 9759 14596 16438 19637 22880 25051 28251 30805 34775 37673 
391 53589 57384 59334 63131 66829 70109 71733 73480 74364 74386 
1 611 986 5644 9509 10665 15139 20182 26222 27686 31264 35092 38680 
4 690 791 1161 2378 5343 11553 17158 20402 22454 24293 26596 31910 33667 
74 7911 11861 16931 21741 25681 30920 32857 40242 43514 49157 55042 
2 638 1256 2315 3348 7999 9732 14442 20727 24079 
10 840 2696 4913 8780 14105 15767 17577 19739 22214 25900 28282 30878 33073 34808 40083 
302 40487 44244 48546 50342 54891 57785 60121 65689 71988 73893 74332 
265 35720 40912 44049 49133 50932 59277 62174 64440 68809 72729 73676 74273 74363 
8 756 941 5044 7385 9501 13499 20686 22842 25411 32327 38223 
254 34169 39429 42401 46857 53036 54814 56424 58663 61384 65200 67491 69711 71372 72271 73365 74076 74268 
213 27728 29456 33713 39484 47970 50969 54292 56402 59502 63794 66273 69816 71769 73073 73795 
2 639 1277 3466 8859 10493 15519 17207 20759 27222 29990 34427 
312 42292 45544 47020 50631 56214 60942 64251 70030 71444 73665 74330 74378 
395 54142 60897 65710 66994 71700 73544 73832 74370 
42 3498 6956 11631 16294 20320 25252 27314 34582 37881 40678 48303 
280 37851 43834 48192 57720 64292 68653 71022 72630 74197 74322 74351 74372 
33 2585 4600 5958 7359 10458 16739 19283 21171 27018 32691 35417 42107 45968 48715 
229 30384 35385 40364 43469 44625 49519 52504 56782 62704 66545 69591 71106 72899 74154 
11 865 1798 2439 5066 8199 11277 12703 19784 21473 23041 26190 28313 31387 34874 37233 39550 43804 
253 33465 35953 37848 42356 53775 58960 61012 64267 67547 69430 71442 73269 73922 74197 74326 
136 17178 19499 21293 25512 32003 39939 44976 50210 55759 61884 63461 
299 40403 43485 46151 49530 54569 60211 61494 66353 68923 72044 72764 74240 
343 46932 52537 55834 59492 64909 67658 70344 71839 74241 74342 74366 74383 
203 26594 30949 38600 48716 50474 54194 60775 63576 69605 71260 72229 73392 
336 45826 49653 52799 60170 64653 70573 73979 74315 74376 
7 737 819 2050 4834 7665 13936 18968 23726 26556 27753 32667 35521 40217 
117 14615 17988 19471 24276 29103 32206 33295 44035 48827 53391 54727 59700 
237 31229 36127 38939 42759 45127 47615 49938 51585 58681 60462 62203 64473 66886 71672 73216 73849 74154 
380 51677 54700 60394 65412 67541 70102 72730 74241 74342 74366 74383 
6 722 969 1881 7030 11659 15985 19154 25483 28759 
8 757 1504 2390 7055 8348 17813 22717 27014 31508 
2 634 1203 6607 8927 10510 18754 24844 29567 32772 
310 41919 46385 49543 54869 56542 64846 67756 70667 72142 72938 74240 
29 2029 2938 5980 9551 12765 14813 19944 24269 31509 33880 37709 44494 47250 
180 23591 28018 33279 38348 42551 47598 49694 57222 59872 62359 67376 69916 
285 38034 39761 43353 48430 52051 60426 62158 69961 72689 73570 74251 74355 74372 
301 40460 43243 44609 48174 56213 59786 65934 69825 73711 74297 
29 2029 2934 4764 7157 9476 11419 12947 15443 16853 18588 22480 25806 32099 41025 
34 2986 7048 9616 13737 15705 22186 24877 31007 34501 37305 44023 46735 51369 
22 1464 3588 7133 10826 15844 20137 30905 37431 39308 
385 52906 59553 65791 67973 69252 72623 74330 74378 
15 1084 3253 7766 9936 12053 16004 20083 23424 28967 31817 
369 50428 53162 54950 58025 60376 63298 65697 73022 74256 74340 
126 15792 18311 20362 25211 27475 30349 34568 40298 46877 49741 54596 56549 61629 65084 
0 603 947 2143 6737 11128 13695 17870 23483 26573 29325 35186 
0 604 1374 4202 8995 10519 12150 14200 16766 20519 22755 26861 30961 34497 
79 9087 12104 17314 20783 23614 26584 31636 39436 41031 47081 54040 
7 737 815 1214 2765 4778 6475 7819 12996 14866 18575 22817 26483 33158 35868 
360 49014 51703 53806 60585 64754 70374 71465 73679 74185 74363 
1 616 2688 3818 8772 10616 16776 19596 26068 33726 35282 
6 722 973 4734 6274 9070 13538 15845 20941 22577 
