83 2847 3048 3190 3455 3555 3697 4190 4256 4368 4719 4799 4913 5010 5050 5080 
81 2806 2912 3272 3366 3531 4024 4073 4210 4410 4759 4892 4971 5017 5051 5080 
3 196 441 486 603 905 1044 1228 1359 1635 1746 1887 2403 2453 2578 2875 3042 3249 
78 2678 2853 2971 3250 3406 3581 3700 4007 4114 4267 4732 4778 4870 4995 5072 5080 
64 2231 2558 2612 2735 3070 3222 3412 3543 3819 3930 4071 4586 4636 4752 4967 5004 5053 5078 
51 1733 1978 2119 2320 2462 2727 2827 2961 3473 3534 3671 3978 4134 4309 4427 4700 4830 4955 
105 3632 3732 3879 4057 4397 4565 4725 4814 4908 5036 5056 5073 5083 
1 170 286 361 496 933 997 1109 1441 1528 1720 2025 
2 181 245 350 595 689 816 1289 1350 1487 1794 1950 2125 2243 2543 
61 2086 2342 2494 2684 2815 3091 3202 3343 3837 3909 4014 4331 4498 4680 4790 4956 5024 5062 
59 2072 2184 2544 2638 2800 3004 3151 3332 4044 4221 4360 4460 4608 4865 4929 4996 5071 
3 197 529 652 808 1050 1169 1419 1587 1860 2058 
5 209 428 510 666 1118 1161 1278 1497 1772 1898 2169 2256 2448 2764 
76 2620 2933 2963 3142 3434 3575 3776 3918 4183 4283 4417 4877 4918 4976 5066 5076 
74 2551 2658 2787 2954 3316 3493 3633 3751 3891 4064 4504 4644 4851 4941 5026 5055 5080 
9 341 461 756 838 1007 1455 1503 1642 1873 2213 2402 
42 1450 1653 1725 1830 2147 2315 2588 2765 2907 3296 3345 3463 3798 3950 4140 4270 4546 
1 169 266 380 554 678 926 1024 1157 1548 1697 1999 2118 
6 239 386 498 735 878 1138 1309 1449 1567 1707 1880 2341 
0 162 220 338 789 818 975 1150 1397 1516 1823 1930 2081 2313 
6 240 469 631 763 858 987 1271 1371 1512 1929 
92 3185 3639 3687 3828 4162 4303 4505 4674 4835 4923 5035 
4 200 294 575 708 883 1011 1250 1391 1599 2059 2225 2500 2626 2897 3003 
98 3353 3603 3770 3956 4082 4353 4440 4632 4982 4998 5049 5079 5082 5083 
84 2905 3023 3163 3335 3659 3857 4000 4094 4245 4547 4655 4788 5038 5052 5074 5081 5083 
1 171 303 436 612 669 769 1072 1223 1475 1673 1818 2193 2235 2371 2606 2874 
84 2906 3098 3175 3287 3625 3712 3905 4377 4419 4554 4769 4978 5044 5067 5078 
7 324 481 778 953 1101 1202 1332 1614 1766 1964 2436 2726 
0 161 187 407 548 714 827 1094 1182 1347 1840 1889 2028 2363 2493 
63 2176 2276 2423 2601 2921 3118 3279 3386 3515 3683 4142 4361 4479 4618 4773 4944 5001 5065 
