245 44626 45687 49757 53152 57502 61425 64098 65555 68583 69018 69116 69149 
307 56470 57645 61580 64270 67361 68581 69027 69131 69154 69155 69156 69157 
313 57985 65356 67459 68554 69007 69131 69154 69155 69156 69157 
204 36357 37340 41262 48616 50387 53961 61687 64884 66827 68321 68935 69102 69147 
255 46477 50587 55679 58952 62794 67782 68501 68812 69089 69152 
230 41710 42742 46348 53072 56331 60361 64249 67818 68485 
289 53474 57079 60444 62371 65133 65726 67616 68568 69150 69155 69156 69157 
257 47019 47993 51781 58267 61132 64165 65121 67608 69029 69117 
288 53436 58441 60509 63246 64010 65615 67788 68135 68956 69148 69154 69155 69156 69157 
191 33836 34879 38996 42457 46778 50880 54111 56261 64313 66220 68453 68954 
287 52658 53618 57426 64040 65276 67144 68402 69064 69092 69142 69154 69155 69156 69157 
259 47173 48181 52082 59342 61030 63983 66444 67752 69106 
301 55546 56501 60472 63419 66281 67897 68824 69154 69155 69156 69157 
290 53597 57969 63046 65890 66621 67501 68262 69009 69152 
324 60268 62744 63560 66033 67623 68282 68878 68979 69113 69148 69154 69155 69156 69157 
15 1008 2292 5799 12984 17806 21865 31320 34736 
226 41032 46352 50594 54462 61111 64547 66771 68199 68916 69098 69145 
278 50727 54745 63174 65367 67301 68002 68815 69037 69106 
291 53783 59141 61433 64394 65481 67725 68074 68819 69148 69154 69155 69156 69157 
273 50083 51208 55813 60003 63309 67380 67948 68553 69009 69152 
220 39382 40367 44391 47809 52089 56050 59418 61419 66884 68587 69011 69138 
240 43894 48165 51310 60638 64364 66364 68051 68334 69011 69138 
4 505 2112 6536 7511 11366 14744 21249 23423 27152 30258 36441 40201 
211 38234 44985 49371 53162 56855 63597 65972 67784 68775 69097 
267 49296 53378 56624 64206 66339 68251 68610 68825 69152 
223 39998 43924 52875 55902 59619 60808 64651 66581 68209 68496 68949 
2 463 5093 8960 9910 13623 21169 22914 26631 30776 
0 413 531 2602 6506 7457 11349 14731 19245 22944 26716 30879 
17 1558 6946 10945 14780 18662 25977 29732 33947 37318 43142 
3 485 3610 6536 7511 11366 14741 20389 26599 30703 
197 34849 36859 40703 48090 51639 56627 60519 66194 68510 68992 
265 48916 56915 61101 64289 67397 68583 69018 69116 69149 
30 2907 4528 9247 12757 14006 23374 28327 29371 33527 41225 47592 51308 
30 2906 3805 7993 11811 15260 24108 28575 32614 38218 42585 47680 51363 
275 50143 51186 55210 58552 62427 66692 68109 68612 69152 
148 25178 26279 30271 37820 39805 43618 46634 56440 60069 65170 66674 67969 
281 51836 58458 61803 62899 67989 68896 68993 69115 69154 69155 69156 69157 
209 37894 46210 50479 54370 59732 63544 66090 68195 
266 49037 54308 56886 60118 62271 65879 68730 69029 69117 
93 15112 18858 22318 24481 28251 29319 33498 36931 43302 45315 49059 52070 58050 61579 
2 454 1536 3193 5057 7109 10704 12340 14713 16929 23889 28113 29341 34229 
282 51894 55789 60968 63728 66468 68666 69133 69143 69153 69155 69156 69157 
0 416 906 1854 3767 5348 7444 8405 14857 20281 22467 24630 28850 
4 508 3868 7478 8557 12536 15902 20469 24455 27996 32146 
0 414 722 1594 4352 6124 8521 10500 12606 13703 20431 25718 28029 30298 35277 
13 957 1194 3458 9296 12434 16507 21290 28391 31012 
23 2158 2885 6197 9423 13750 17616 21185 25247 30619 31640 35507 42044 45014 48765 
234 42775 48785 51090 52109 58648 63359 64978 66224 67941 69009 69152 
66 9737 13273 16811 19078 22685 23673 27880 31441 37837 40075 43650 46640 52626 56312 
21 1802 5298 11843 14280 19007 22938 28429 31937 
263 48280 52695 59839 62643 65665 66291 68006 68916 69098 69145 
232 41859 42885 46651 53908 55767 59278 63893 66916 68247 69009 69152 
3 480 1975 3595 6716 9007 13505 17611 25586 29053 
151 26303 30946 35157 44687 49128 51442 52770 54851 57567 59481 61600 62482 65261 67297 
260 47210 55872 60086 63425 65961 67947 68725 69018 69116 69149 
246 44656 45710 49775 53202 58594 63957 66926 68951 
0 414 722 1592 3165 5365 6378 12556 17297 18332 22373 30209 36742 40441 
5 551 1124 3176 6889 10270 14226 15230 19790 27272 31757 
56 7254 11249 13869 15954 21311 29805 34230 38195 43565 47884 53104 56699 
196 34459 38583 43586 47974 52206 55935 59398 65780 66500 68667 
174 30782 39708 43948 47786 51568 58738 62057 65179 66974 68667 
34 4045 8137 12103 16016 20493 29555 35797 40306 43927 49682 
146 25093 26148 31362 35027 36345 45258 50239 51236 55239 63458 67122 68390 
165 28710 32981 42278 45446 49415 54151 60932 63010 66095 68620 
7 601 2341 7532 10925 16684 20949 28904 
10 754 2322 6684 9813 13951 23040 27480 31477 35279 39771 43257 47321 
8 627 1716 8873 12485 16658 19631 20691 25661 27935 31285 32276 34804 
206 37291 40948 44566 46708 49109 51428 56830 58228 60202 62314 65046 66244 67369 68184 68579 68914 69106 
15 1006 1294 7277 12373 15683 17894 21562 24609 30880 34687 
214 38775 41539 45593 48934 57552 61186 64056 66547 67022 68477 69029 69117 
5 551 1124 3178 7103 10318 13551 16945 20978 26063 31303 33516 36727 39516 41991 
0 413 532 2778 6612 7618 11395 19157 25537 29445 
5 550 679 5178 8742 11708 12649 16839 20372 24747 28657 32314 36440 
5 551 1124 3177 6977 12940 16027 20506 28574 
0 415 850 2906 3803 7281 15001 18729 22782 26256 32199 
37 4164 4856 8392 15605 17434 21100 25043 30913 31960 35830 43240 44950 48548 52535 
2 457 2383 5824 9471 13093 20615 24173 28358 31938 37673 
233 42615 46236 49793 51981 55576 56522 60490 63450 67182 67841 68685 69052 69090 69152 
26 2261 3012 6257 13575 20143 23780 25007 34567 
4 503 1838 4200 10333 11521 13631 16095 19984 22098 24135 25751 30576 
5 550 678 5146 8679 9699 14620 16876 20174 21132 23534 
4 502 1179 2958 10351 13767 16980 22191 27017 29884 32071 
139 23226 27446 33979 38426 41368 45410 53241 59358 63582 66747 68171 
2 460 3222 7120 10922 20050 23071 26998 
17 1555 6015 11739 12703 16857 20384 26749 28905 32691 35810 41812 45543 
277 50612 54735 61613 64532 67561 68647 69152 
210 38123 44703 47546 49703 51940 56776 65160 66876 68949 
202 36253 40963 45072 49014 53280 57502 61427 66830 68673 69051 
30 2910 5009 5933 10423 13206 15294 23617 24762 29054 32449 37064 42641 46142 51308 
24 2187 2937 6213 9432 14802 21068 24952 27675 32978 
4 502 1179 2959 11490 16148 18536 19918 21986 24788 26815 29220 30278 34123 38194 
5 551 1124 3182 9612 13106 17256 21867 27747 
90 14129 16347 17905 21924 28317 32761 40601 46617 51103 54748 60340 
227 41144 49406 55668 59944 62586 65558 67192 67861 68701 69063 
7 600 2328 5488 9532 13733 17938 24584 31256 35023 
2 458 2683 5770 9764 12754 22716 25919 31446 33821 35937 40599 
3 486 3716 5567 7775 9515 11915 16795 21632 24903 
5 550 684 6294 10049 11107 15893 18791 20939 
178 31797 35466 39287 41331 43678 45988 51490 52837 54934 57262 60703 62537 64343 65881 66856 67835 68736 
39 4685 8029 11321 13374 17050 18143 22302 25712 32360 34568 38274 41251 47224 51021 
19 1638 4712 7563 17081 21652 24060 25469 27748 30483 32557 34806 36991 39553 43405 
184 32907 37131 40443 50173 53322 58562 60828 62569 65400 67363 68667 
2 456 2245 4390 6144 8245 12962 21469 24904 28228 
6 575 1124 3175 6771 10201 14097 19734 20753 24620 32200 34142 37674 41671 
7 609 4834 10100 14127 15155 19206 26701 28504 32246 36323 
31 3507 8112 12028 16070 18881 22974 32624 37080 41286 45048 48650 52625 
173 30704 35481 39614 43555 47877 56752 62452 65715 67458 68790 
3 476 1368 3569 9356 12832 14163 22734 25509 27769 30087 36006 39286 
5 550 675 3310 6642 9895 18405 22549 23733 29121 
217 39134 40283 44345 47713 54081 56021 59764 62460 66535 68013 68796 69051 
28 2543 6811 10806 14582 21712 23311 25791 27974 32539 35195 37536 39988 43729 45405 
94 15232 20643 26877 35371 39697 43578 49141 53360 57317 60577 63919 
3 483 3533 6229 8316 12221 16554 19347 21378 
168 29264 30458 34737 38017 45972 49025 53290 57126 61852 65066 65748 67893 
113 18948 24326 28692 32707 40028 44792 45792 49822 57390 63264 65815 
314 58076 59042 62476 67225 67942 69027 69131 69154 69155 69156 69157 
298 55001 57864 58898 62204 64863 66150 67754 68093 68820 69087 69150 69155 69156 69157 
307 56471 58513 62024 65560 67235 68001 69027 69131 69154 69155 69156 69157 
311 57763 62234 65322 67356 68581 69027 69131 69154 69155 69156 69157 
251 45336 53575 59226 62905 63704 66221 68668 68916 69098 69145 
318 59021 62958 67399 68361 68960 69030 69132 69155 69156 69157 
254 46391 51786 55795 59780 65526 67452 68611 69029 69117 
319 59116 63794 65454 67408 67976 68859 68973 69112 69155 69156 69157 
244 44596 45764 50431 54630 58435 64424 65509 67083 67970 68750 68946 69152 
247 44775 49926 54170 61962 65461 67881 68762 69152 
5 550 673 2013 8290 11454 15436 16756 21487 24227 26376 
239 43812 47623 51713 53750 61444 66057 66895 67634 68261 69009 69152 
303 55642 57915 58925 62221 65046 66244 67369 68185 68729 68835 69026 69152 
312 57784 60879 63764 67099 68454 68623 69025 69154 69155 69156 69157 
225 40336 42432 46094 53501 56978 61634 64847 66794 68294 69078 69138 
182 32648 37907 40716 42931 45305 49150 50642 53184 55285 62126 65355 68453 68954 
284 52401 54661 56068 61062 64454 66730 68757 68947 69118 69135 69151 69155 69156 69157 
166 28741 33005 39473 43806 51416 54391 58712 62257 66028 68620 
242 44170 48897 55711 58121 62412 65397 67813 68620 
3 477 1575 3670 7204 10892 15139 18278 26999 30577 33917 
0 413 519 805 1576 4258 5858 7928 9391 15023 19580 20583 24294 31133 34272 38076 
0 413 534 3593 5279 7846 9059 11033 13788 15787 18130 19229 22894 26944 
0 413 520 831 1418 5317 13179 17516 21530 27100 31550 36829 40547 
258 47160 56159 60903 61781 64913 68569 69100 69146 
4 502 1184 5669 8602 12670 13845 18120 26180 29833 34024 38596 43893 
218 39317 40448 45083 49315 53065 59870 61261 65441 67488 68326 68736 
287 52660 55606 59001 63920 66506 66977 68307 69150 69155 69156 69157 
22 2088 6180 8993 12966 14399 16591 18995 25346 27513 29766 31391 35427 37121 39051 41056 44364 46554 
205 37253 42318 44411 47577 50280 52706 57277 61165 66685 67918 68738 68877 69117 
3 475 1309 2532 5633 7151 12191 16402 25414 28617 32511 
1 438 2461 5933 10424 13290 15387 19133 25678 29501 
264 48360 55969 59745 64216 65920 67592 68264 69029 69117 
12 938 3462 6867 10572 14915 19213 23212 31499 37757 41793 
2 455 1723 4991 12136 16039 21432 24078 26455 28924 32843 36028 38013 
17 1556 6596 9191 11211 13488 18534 28282 31582 36937 39367 41388 45971 
3 477 1577 4324 5969 8226 10309 15805 17113 19261 21597 25441 27589 30070 34052 36535 
293 54404 59463 61936 64690 66002 66814 68601 69041 69140 69156 69157 
333 61239 64543 67358 68761 69027 69131 69154 69155 69156 69157 
285 52536 57096 61059 67812 68761 69027 69131 69154 69155 69156 69157 
7 600 2332 9542 14637 18354 19684 26598 
249 45209 49348 58406 61462 64577 67253 68497 68957 69126 69145 
327 60612 62972 65093 65693 67609 68552 69027 69131 69154 69155 69156 69157 
274 50113 51165 55194 58506 62590 66928 68238 69105 
283 52381 57145 61208 64298 66891 68316 68945 69150 69155 69156 69157 
207 37364 41849 49187 52325 57222 63332 65817 66503 68667 
297 54962 59610 62141 63824 66107 68774 69084 69141 69155 69156 69157 
187 33249 36049 40251 43483 47953 51957 55299 59966 64473 66911 68357 68858 
271 49602 52263 56313 59601 63519 66125 67643 68653 69095 69152 
231 41797 50190 52902 55028 57301 61914 67778 68582 69089 69152 
280 51135 53404 57121 63291 65590 67554 68813 69152 
222 39815 43912 49006 57383 65219 67396 68317 69018 69116 69149 
3 474 1087 3372 4932 8168 14666 18468 19770 28586 33016 37621 
27 2512 5868 8435 10658 14438 16619 19037 22857 25314 34429 38557 44900 48256 
201 36169 37147 40990 47631 50924 54888 59524 65222 66588 68621 69106 
30 2906 3804 7894 12114 15652 19801 20830 25217 32769 35920 39574 44273 46979 49003 
134 22580 23650 27863 31410 35904 39899 47819 53923 57819 60395 64276 66040 67052 
177 31761 37925 40270 41276 47915 53209 55531 57533 61170 64319 66082 68531 69006 
221 39443 40473 44422 52033 58377 61729 62841 67988 68773 69117 
28 2542 5789 11880 15179 19565 28300 31161 33277 35699 43698 48164 
25 2216 3037 6911 10518 11635 16793 19910 26833 28045 30315 32724 36564 38665 43766 45416 48350 
261 48026 53394 55248 57249 63118 65408 67359 68737 69009 69152 
243 44207 48944 54593 56205 60846 62847 63678 66739 67631 68528 68697 68959 
60 8660 13320 17458 22814 27332 35133 41213 45627 49350 54850 
177 31758 36781 39031 42232 44530 46680 49092 52808 54925 56939 58491 63630 66472 67424 67944 68951 
224 40086 46284 47983 49841 51862 55399 57464 59820 61900 63487 67375 68196 68486 68791 69036 
2 459 3113 6566 7641 12046 16317 20194 27233 28772 31420 33565 38892 
145 25073 29984 37447 46321 50576 54380 58704 62494 65299 67202 68452 
18 1609 4449 8046 9970 13433 21852 27090 31540 35955 41109 44482 49295 
270 49565 54247 57011 59068 63776 66544 68754 69036 
156 27423 31823 35024 43338 46796 51745 54496 56762 58616 60994 64791 66388 67355 
0 413 521 1037 3506 6863 14588 18012 22061 26851 31027 33141 37252 
0 413 530 2572 4567 6329 10482 13056 15350 17884 21665 23310 
5 550 677 4418 7568 9867 14179 18277 26779 30413 33741 
192 33918 34900 39013 42468 48633 50409 54021 58835 62250 66732 68035 
279 50886 55093 57606 60430 63494 66798 67666 69009 69152 
7 605 2826 6088 10449 17326 19853 24428 28652 36698 39737 43544 
208 37510 42414 44465 51364 55430 56550 61540 64721 66402 66906 68949 
2 461 3345 6881 14194 18061 22143 27392 
179 31863 36325 40624 48823 54515 56866 58320 60342 62685 64228 65654 66275 67835 68736 
228 41677 50495 55957 59724 63538 66281 67894 68713 69077 
3 479 1966 3274 4549 8077 10672 12950 14841 17420 24788 26815 29222 32377 33652 35840 39987 
0 416 905 1521 4286 5905 8215 14371 16544 18691 20312 24257 26000 27945 30033 33454 35635 
7 602 2350 5437 6433 11653 15930 21036 30007 35514 40678 
0 416 917 4497 7047 10603 15769 18553 20852 23217 27291 28984 
193 33991 34950 39041 46592 52998 56572 57753 65933 67974 68951 
181 32595 39181 42070 44069 46373 51439 59449 62602 65013 67257 68667 
15 1007 1656 2653 5815 11770 16200 23944 30233 34818 38561 44031 
5 554 1471 2548 7291 11153 16244 17645 23483 
11 780 3437 6793 10638 17527 21888 25768 29699 34631 37742 39591 43173 47152 
272 49981 55460 59536 64603 67521 68794 69152 
7 598 1709 9097 11994 15715 17030 22007 25282 29679 31097 34630 
0 420 1839 4600 9440 11619 13716 18653 
8 627 1713 5498 10591 14926 20250 23858 30104 34306 39485 42861 
3 478 1872 3489 7788 15823 19425 22664 
15 1018 4095 4814 9634 13966 14968 18877 25628 29219 
0 413 524 1225 2024 4451 10750 12384 17943 22229 24827 27848 32819 36128 
154 27123 33636 36536 38626 41014 45982 55332 59858 61916 63060 64636 66951 68411 68772 
157 27627 32512 35332 36882 40909 42716 44431 46422 52969 55130 57358 59437 62040 63189 64768 66176 67623 68293 
213 38538 42726 45866 54344 57624 60762 64258 67260 68206 68637 69037 69106 
140 23342 27455 34090 37385 41700 51507 56128 60064 65248 67021 
8 627 1714 6675 13600 18176 26255 
212 38515 44514 46661 50757 54714 58819 61778 67324 68357 68858 
253 45733 46954 51071 54363 61894 66218 68091 68951 
0 417 1180 3847 6451 10460 15490 20831 26062 
0 414 731 3688 5553 9219 11285 13532 15703 18674 20077 22164 24535 27897 30208 
9 657 3401 4637 6266 8194 11557 13659 16110 18519 20419 27221 29581 32347 35177 36659 38897 42715 
9 656 1906 3827 5382 10032 17753 21540 26796 29596 31983 34419 38352 39895 
0 418 1235 4064 4728 8132 14507 18910 24023 
7 604 2730 6068 10837 12315 17609 22825 26255 
9 656 1907 4208 8272 16459 21507 25878 30401 37178 40849 45865 
13 957 1195 4458 7668 8845 17836 21833 26129 29446 38087 41518 44772 
17 1561 7791 12193 17468 21749 25621 32781 34489 36911 39087 46067 
13 957 1205 6878 10584 19183 23696 27459 33136 
162 28229 33158 36473 40748 43294 48803 50015 52140 54482 58291 60230 62327 64087 66716 67166 68047 
30 2907 4527 7895 12300 16061 19195 25152 32985 39679 43629 48516 
0 413 522 1095 2073 5536 12886 17180 18250 22979 27393 31354 35397 37508 
40 4813 8860 14330 18585 21235 24024 25374 27561 30057 36631 38738 41090 43288 45998 48579 51070 
235 42910 47258 52243 57042 58760 60529 62303 66641 67507 68263 68835 69026 69152 
219 39347 44052 47377 53263 55748 59554 63861 66821 67640 68667 
26 2264 3995 5508 10981 16298 20556 23833 32525 38340 40679 42006 44033 46953 
149 26068 32739 35145 37943 39197 41303 43661 47386 49452 51596 53138 58770 62804 64487 65471 67893 
22 2088 6181 9574 14749 17209 19327 23106 27166 34164 38253 43142 
256 47003 55347 58171 61370 64305 67914 68775 69097 
20 1775 3943 4648 9329 11384 14532 15568 17969 25131 34244 39672 
0 413 523 1150 4760 8806 9780 13369 20201 23585 
5 550 673 2011 6976 10624 13612 19716 28682 34820 39672 
0 413 525 1520 2874 3753 6752 10367 15332 23178 
237 43432 51669 55860 59717 64292 66867 68620 
17 1554 5330 7863 9933 12291 16208 18929 23954 33618 37023 42366 45208 
64 8960 9910 13624 21218 23179 27143 30251 40311 45131 50317 53692 
0 413 525 1523 5210 7342 11792 17253 20729 26545 
5 550 680 5246 8917 11780 12811 16887 25818 32216 36252 
92 15075 20573 22382 24394 28083 30343 32739 35144 37014 43716 46068 47491 53046 55227 58359 59305 61539 
200 36152 43446 46107 48428 50805 54537 56096 58535 60564 65853 67701 68132 68951 
1 430 1162 2057 7721 11589 13845 18110 21496 25958 30132 33586 38507 
16 1350 6350 8415 11964 16427 20330 24049 31673 35297 39416 43949 48427 
58 8165 13347 17591 21572 24313 34334 38206 42575 46761 50554 54050 58049 
286 52562 61332 65192 65758 67629 69150 69155 69156 69157 
238 43596 48766 51459 53693 56057 59907 61301 63405 64944 68172 68840 69058 69091 69152 
4 502 1183 5587 9278 10237 13825 15856 24367 29974 36798 40250 
183 32877 36773 40883 44309 46573 48706 54127 55363 57435 59806 63220 64819 66183 67247 68212 68504 68949 
8 627 1713 5499 10744 18458 21518 25886 29953 35131 
199 35637 40994 45137 49068 51813 60052 64285 66863 68321 68935 69102 69147 
15 1014 3062 4149 11505 14343 16472 20233 22362 25568 26663 29170 
14 997 7965 11953 16008 24572 29234 34229 
175 30795 31840 35828 48682 50815 54447 57414 62936 65565 67530 68390 
262 48063 51696 55166 57170 61218 64530 68493 68926 69105 
189 33772 34926 39795 44823 52062 60872 64358 66265 68265 68826 69097 
3 484 3552 6401 8463 10672 12949 14825 17398 22230 24926 27089 
215 38804 43406 47414 49499 51883 58199 60155 62090 63388 66316 67264 68048 68308 68914 69106 
30 2906 3803 7273 10433 14895 19053 22433 26430 33801 38673 41407 44272 46878 48889 
241 44141 46816 50905 54238 59794 62472 68092 68952 69108 69145 
150 26102 29869 33742 35866 38302 40611 42499 44934 49740 52761 58632 61013 64790 66353 67694 
250 45238 49462 52222 54871 58113 64115 64987 66231 67367 68509 68817 69089 69152 
15 1006 1286 3661 10154 11931 15538 19508 20530 24216 31229 34398 
167 28985 33380 36131 38951 41997 47857 50370 55094 57724 59677 64746 67332 68248 68646 
198 35558 39674 47520 50520 54256 55512 60165 62622 64131 67055 68646 
128 21752 27188 32679 40818 44975 50269 54529 58684 62346 64949 67082 
186 33212 38077 40780 42397 46843 49683 52287 54326 56427 57525 64381 65903 66653 67581 68352 68949 
232 41861 44832 48264 56704 61656 62719 65638 67329 68583 69018 69116 69149 
37 4165 5688 6986 10912 17286 21702 24716 28918 36968 43143 47101 
15 1011 2961 3931 12246 18217 19483 23586 27026 31621 35712 39101 43091 
3 475 1311 3593 5280 7911 9153 11079 13478 20115 22266 24553 26767 29715 31189 33351 35736 38968 41212 
29 2653 5816 12619 16406 21951 30600 35537 42862 48516 
0 413 528 1939 3538 9125 11070 13141 14695 18822 21613 23956 25841 28462 32448 
157 27629 33185 35678 38969 42312 49206 50827 56031 62170 63620 64916 66111 67623 68293 
6 574 697 2413 5740 9349 16160 17670 23189 27523 30436 33162 38436 41619 
5 550 673 2008 4489 9493 15627 21797 27807 32577 37705 40152 
194 34402 41481 43465 45615 47848 54574 57670 62283 66081 68530 68951 
161 28144 29297 33481 36903 42554 46451 49893 53832 60733 61710 65326 67449 68646 
76 11588 12727 17557 21379 22668 29914 31695 33536 35668 42202 44311 47663 49831 53028 53983 56426 
65 9700 14958 16894 18975 22519 24677 27202 29563 31527 38321 41426 45663 50211 54769 59225 
26 2261 3018 10169 14029 17224 18195 22345 25809 30381 34312 37788 41942 
185 33048 37869 42126 44114 46441 54429 60651 63091 64662 66100 68357 68858 
21 1805 7016 9405 11441 18764 23029 27112 32635 37091 42335 45919 
236 43018 47768 49870 53865 60033 63666 65816 68730 69029 69117 
188 33314 38105 42164 44244 46557 50052 52169 54496 56766 62004 63143 64699 66120 67695 68311 68949 
59 8262 12096 17363 20781 26392 35866 38302 40612 43321 45614 46746 50349 54235 
180 32076 38287 42098 44105 46172 47755 53524 58861 63316 64904 67270 67673 68949 
205 37258 43678 45989 51579 52931 55064 57343 60703 62537 64343 65880 66850 67829 68736 
19 1638 4713 8582 13237 16110 18520 21266 22483 24664 33417 35753 37856 40764 43203 45592 
5 550 673 2008 4488 8368 14550 18281 19620 29553 
3 474 1088 5601 8501 11055 16129 19424 
22 2088 6183 10787 13914 22751 23757 27925 35772 42248 45865 
216 38914 43546 46257 49528 51921 54103 59499 60666 62510 64333 66609 67484 68215 68549 69036 
13 957 1197 4879 8791 17097 19956 22025 24350 31013 35159 36594 39906 43016 
0 413 525 1520 2875 4590 10691 13038 14468 17722 20353 22418 29678 
28 2549 7393 11174 15914 20012 22107 24415 31066 33178 38391 41093 44863 47371 
38 4649 9688 11404 13456 17150 19289 21613 23957 25859 28489 35970 38710 41079 47454 50726 
73 11109 16737 19446 21451 23604 24734 29577 39164 42516 47719 49999 52123 56829 
148 25178 26279 30274 42475 48517 52483 
