64 5955 6871 8378 9299 11232 12315 13403 14534 15619 16420 
95 8986 10223 11219 13177 14122 15294 16053 16666 16838 
114 10735 11444 12188 12587 15174 16113 16462 16621 16766 16852 
115 11041 11170 11786 12255 13454 14174 14610 15135 15322 16268 16818 
122 11703 12818 13335 14384 15421 15890 16486 16717 16846 16853 16855 
120 11408 11594 12287 12607 13882 14648 14975 15827 16001 16607 16841 16852 
116 11069 12021 13492 14409 16092 16608 16813 16851 16855 
68 6294 6480 7169 7644 8127 10688 11912 12475 12886 13727 14340 14798 15868 16317 16505 16694 
88 8192 9652 10583 12523 13613 14694 15582 15769 16171 16382 16757 16836 16844 16854 
134 12837 14071 14965 16029 16498 16668 16831 16855 
131 12394 12901 13570 13939 15116 15789 16056 16386 16620 16850 
119 11134 12543 13599 14025 14273 15333 15749 16445 16852 
15 918 2289 3342 3472 4081 4558 5783 6503 6952 8621 9229 9698 10918 11617 12060 12635 
100 9439 10153 10897 11321 13944 15073 15652 15984 16372 16733 16841 16852 
1 202 356 621 1549 2404 2878 4002 5181 5899 6227 7477 8267 8605 9228 
82 7704 8957 9936 11869 12850 14216 15212 15377 15933 16150 16684 16806 16832 16849 
87 8166 8887 9631 10046 12653 13834 14462 14893 15472 16271 16710 16786 16847 16854 
105 9838 10491 11722 12830 14197 14758 15979 16485 16814 
0 200 1122 2272 2930 3378 4012 5121 6309 6778 
129 12343 13269 14780 15596 16434 16752 16852 
117 11105 12452 13070 13538 14740 15399 15754 16153 16282 16756 
2 231 272 427 977 1338 2004 2138 4157 5574 6823 7493 8761 9495 9873 10896 
75 6894 7596 8340 8780 11387 12567 13214 13633 14291 15342 16207 16446 16760 16822 
127 12008 13170 14511 15639 16249 16477 16850 
99 9282 9539 10079 10526 11687 12758 13240 15557 16377 16734 16841 16852 
51 4646 5598 7121 8026 9966 11056 12121 13304 14414 15574 
34 2847 3094 3660 4050 5274 6378 6843 9404 10664 11341 12591 13381 13711 14339 
101 9463 10588 11814 13691 15089 15964 16070 16401 16604 16817 16846 16853 16855 
12 855 2383 3571 4233 4663 6589 7716 8222 9336 10293 11685 
2 231 274 653 1098 1284 3588 4631 4755 5373 5867 7078 7787 8229 8812 
3 248 1523 2720 3841 4356 5506 6453 7855 
88 8190 9304 10541 12408 13851 14871 14989 15539 15907 16569 16745 16800 16840 
62 5621 6330 7057 7473 10096 11277 11930 12350 13006 14113 15194 15602 16360 16596 
126 11984 12710 13471 13876 15680 16455 16729 16844 16854 
96 9146 10261 10778 11830 12674 13145 14264 15515 15725 16440 16795 16853 16855 
1 205 739 1718 2439 3198 3616 6273 7429 8100 8542 
103 9786 10724 12209 13140 15035 15956 16538 16779 16804 16844 16854 
1 212 1301 2531 3519 4801 5927 7031 
4 253 817 1378 1954 3036 3739 4474 4890 7539 8744 9373 9816 
108 10280 11514 12431 14422 15351 16340 16701 16741 16823 16846 16853 16855 
4 263 2041 3171 4125 4378 4939 5342 6572 7361 7748 8455 
93 8579 10242 11227 13177 14123 15308 16088 16640 16798 16838 
10 585 1179 1913 2330 4264 5525 6040 6464 7150 8498 8934 
5 317 367 953 1498 2055 2164 2777 3282 4495 5204 5672 6244 7892 8455 
90 8512 9428 10935 11856 13789 14858 15809 16421 16515 16696 16815 16844 16854 
0 195 223 1251 2157 3526 4618 5757 
0 195 220 694 1705 2902 4109 6020 7469 
2 237 790 1146 1844 2102 3332 3755 4722 5645 6142 
0 195 222 1044 2056 2467 3372 5416 
107 10117 10321 11014 11492 11956 14359 15484 16275 16526 16788 16852 
2 231 272 426 765 1896 2596 3079 3636 3831 5256 7263 8312 
3 246 610 1870 3024 4207 5427 7294 8743 
5 317 366 772 1354 1807 2359 2560 3964 5986 7191 7613 8675 9773 10871 
118 11114 12305 12726 13702 14582 15052 16009 16302 16602 16836 16844 16854 
125 11839 12075 12636 13039 14242 15012 15361 15912 16195 16546 16639 16852 
69 6439 7666 8600 10620 11565 12780 13773 14957 15734 16100 16630 16772 
0 198 550 1632 2487 2973 4956 6163 6798 7259 
0 195 221 720 1573 2911 3866 6180 7215 7643 
2 231 273 543 1746 3809 4732 6143 7201 8339 
2 231 272 432 1649 2078 2753 3851 4992 5482 6610 7521 
0 196 295 1027 1822 2194 3763 4031 5142 5665 6779 7736 9128 
121 11535 12799 13784 15625 16286 16732 16852 
1 203 512 1588 2588 4863 5940 6087 6672 7186 8361 9060 9524 10078 
11 839 929 1479 2204 2642 3305 3437 5083 6066 8063 9010 10412 
2 231 276 861 1437 2550 3718 4183 5314 6646 6882 8031 9272 
98 9184 9703 9851 11302 13280 14001 14719 15111 16478 16793 16836 16844 16854 
4 253 816 1197 2228 3357 4459 6622 7728 9083 9697 
2 232 332 408 1291 1775 2862 3935 4543 6716 6961 7522 7925 9129 9910 10305 11012 
133 12696 13429 13671 14848 15243 16093 16669 16843 16855 
92 8566 9589 9817 11031 11460 12419 13316 13809 14939 16234 16496 16785 16850 
22 1707 3236 4148 5444 6526 7104 9165 10271 11423 11888 13025 13569 
94 8871 9037 9731 10201 10684 13245 14488 15272 15676 16699 16844 16854 
0 197 474 1558 1783 2342 2772 3981 4778 5165 5898 
1 209 1001 2124 3146 3402 4608 5029 6031 6918 7408 
124 11741 12270 13626 14547 15880 16437 16778 16841 16852 
85 7906 8998 9516 10572 11640 12242 14558 15228 15848 16138 16777 
111 10463 11558 12924 13514 14886 15700 16731 16852 
4 254 969 2147 3060 3547 4979 5768 7229 8154 9588 
79 7274 8474 8904 9966 11061 12943 13965 14151 14830 15130 16141 16527 16644 16812 
81 7560 7764 8457 8935 9400 11961 13198 14049 14505 16183 16673 16789 16828 
5 317 366 771 1228 1674 3015 5102 6111 7409 8486 10026 
1 202 360 1756 2247 3422 3889 4590 4910 6204 6984 7322 7955 
5 323 1204 1455 2572 3139 4164 5153 6571 
8 497 629 1080 1473 2704 3787 4260 6847 8083 8784 10027 10824 11154 11785 
113 10711 11861 13098 14946 16125 16610 16718 16759 16852 
6 390 1271 2455 3447 4335 4821 6011 7338 7956 8424 9614 10344 10786 11369 
0 195 224 1396 2423 2619 3287 3677 4894 5710 6073 7056 
120 11410 12146 12374 13588 14018 15035 15957 16577 16852 
91 8543 9748 10169 11145 12032 12498 13664 15251 15705 16218 16559 16683 16850 
1 207 830 2676 3705 4422 4691 5917 6346 7305 8202 8719 
1 202 357 1159 1606 2744 4055 4287 5474 6715 
109 10433 11478 12987 14103 14602 15576 16332 16578 16796 16844 16854 
2 234 445 574 1580 2831 4712 6400 7314 8588 9475 9965 
16 1144 1314 1987 2509 2980 4324 5821 6743 9274 10367 10956 12329 12757 
3 249 1682 2954 3495 3873 4568 5323 6430 7575 8062 
5 317 366 770 1075 2313 3117 3462 5037 5290 6420 6938 8000 8851 9335 
102 9758 9887 10509 11193 11584 13358 13922 14309 15458 16034 16291 16651 16773 16836 16844 16854 
138 13121 14669 14915 15948 16228 16640 16798 16838 
11 839 929 1478 1980 3219 3912 4363 4915 5137 7685 8667 9862 10759 11276 
112 10557 10801 11370 11755 12970 13750 14135 14816 16023 16678 16824 16835 16853 16855 
94 8871 9037 9730 10050 11325 12098 12436 13055 14392 14625 15158 15510 16352 16658 16735 16822 
1 204 519 1428 2795 3026 4512 5466 6731 7810 8423 
49 4299 5013 5800 6220 7988 10444 11546 12052 13128 13980 14440 15496 15932 
9 576 1935 2870 4140 5227 5849 7873 8977 10132 10619 
52 4678 5347 5609 6748 8131 9363 10981 12171 12862 13343 13898 14093 15457 
25 2071 3682 4846 5543 5975 8009 8244 8813 9198 10413 11193 11578 12286 
5 317 369 1069 2988 4217 5061 5572 8830 9986 10639 11099 
13 885 1314 1985 2337 3620 4401 4745 6377 
5 319 668 899 2032 2658 3267 5452 5687 6256 6641 7856 8644 9024 10200 
