87 5132 5619 5908 6242 6709 6836 6856 
77 4497 4908 5200 5862 6266 6491 6744 6848 
89 5264 5728 6136 6461 6651 6771 6828 6840 6856 
85 5019 5497 5838 5966 6322 6534 6608 6795 6837 6856 
80 4645 4902 5286 5603 6363 6614 6785 6851 6855 
72 4193 4656 4920 5607 6012 6276 6635 6838 6847 6855 
76 4484 4876 5354 5761 5987 6176 6576 6765 6853 
54 3130 3612 3860 4535 5446 6107 6470 6671 6811 6848 
82 4783 5383 5562 5972 6225 6712 6820 6845 
68 3977 4376 4669 5340 5772 6043 6434 6792 6854 6856 
73 4237 4357 4766 5000 5314 5924 6075 6441 6645 6831 6852 6855 
3 180 364 726 1329 1449 1903 2200 2571 3211 3583 
2 155 609 872 1647 2194 2640 2922 
0 129 225 783 1043 1502 1748 2100 2358 2478 2958 
6 291 692 861 1240 1526 2165 2586 2880 
1 145 313 411 742 999 1658 2059 2357 
24 1345 1723 2179 2575 2806 3000 3490 3882 4657 5077 5463 5745 6042 
4 209 426 686 1017 1671 1992 2771 3272 
4 211 557 759 935 1420 1789 2541 2802 3459 3899 4192 
1 140 159 279 735 1073 1433 1700 2030 2689 3031 
3 179 336 536 1118 1569 1825 2250 2923 3736 4105 
8 398 709 1150 1550 2034 2225 2703 3543 4036 4406 4675 4978 
0 129 219 348 876 1281 1581 2008 2756 
0 132 352 485 1031 1311 1741 2416 3219 3600 
5 253 524 755 1389 1795 2078 2989 3489 
58 3412 3815 4296 4701 4924 5124 5983 6551 6767 6823 
0 129 226 906 1270 1532 1807 2133 2239 2629 2988 
1 143 195 310 1083 1386 2154 2734 3163 3453 
6 288 423 1139 1694 2112 2467 3035 3454 4263 4644 
3 179 337 665 1020 1256 1472 1932 2304 3045 3502 3888 4135 4447 
1 141 165 254 582 1111 1706 1874 2258 2553 3198 3658 3946 
1 144 298 540 1131 1485 1863 2339 
70 4079 4614 5089 5475 5784 6209 6729 6806 6850 6855 
41 2374 2757 3227 3647 3869 4543 4852 5204 5851 6388 6689 6782 
59 3426 3847 4129 4809 5882 6244 6451 6602 6798 6841 6853 
2 153 498 976 1222 1622 1843 1974 2448 
0 130 237 638 1191 1358 1755 2025 2676 3099 3394 
65 3790 4146 4791 5369 5830 6424 6683 6801 6824 6853 
3 179 344 1163 1558 1771 1961 2449 2821 3129 
1 142 191 654 1177 1611 1951 2530 2782 3141 3395 3532 4035 
46 2617 3043 3317 4006 4417 4724 5182 5916 6300 6502 6596 6797 
50 2881 3273 3769 4151 4398 5059 5375 5756 6346 6722 6826 6846 
11 516 918 1061 1513 1767 2419 2836 3633 3814 4283 4691 4997 
6 290 681 1094 1371 1639 2208 2387 2790 3056 3755 4162 4466 
2 152 231 646 961 1463 2226 2711 3089 3376 3829 4342 
44 2504 3077 3326 3911 4243 4858 5030 5433 5739 6355 6665 6776 
69 3988 4345 4948 5253 6165 6558 6725 6816 6854 6856 
48 2724 3074 3744 4310 4758 5414 5814 6104 6705 6808 
79 4602 5059 5375 5758 6370 6622 6790 6850 6855 
63 3688 4117 4388 5046 5489 6214 6449 6793 6843 6853 
51 2894 3305 3624 4257 5234 5516 6064 6478 6696 6746 6827 6848 
0 135 546 796 1184 1543 2146 2529 
29 1599 2013 2271 2927 3345 3670 4111 4845 5275 5533 5665 6135 
84 4893 5586 5688 6118 6393 6646 6832 6849 
6 286 330 621 831 948 1403 1700 2031 3187 3785 4226 4524 
67 3964 4343 4831 5223 5450 5682 6569 6757 6813 6841 6853 
6 289 455 598 987 1252 1890 2315 3062 3357 3723 3840 4204 4483 
0 129 222 568 813 1232 1885 2665 3242 3711 3963 
16 848 1208 1679 2048 2275 2489 2959 3339 4118 4561 4937 5212 5514 
20 1061 1514 1920 2288 2559 2845 3298 4049 4318 4686 5321 5715 
1 140 158 264 382 472 889 1189 2122 2400 2652 2783 3153 3531 
78 4594 5401 5895 6256 6493 6786 6845 
56 3248 3629 4275 5109 5716 5965 6311 6549 6832 6849 
0 129 220 443 772 1005 1300 2090 2616 
62 3601 3841 4216 4573 4743 5189 5636 6001 6234 6736 6834 6850 6855 
61 3557 4067 4712 4979 5424 6088 6337 6583 6677 6812 6852 6855 
75 4368 5042 5873 6186 6520 6774 
73 4240 4526 5332 6147 6291 6643 6843 6853 
55 3174 3286 3699 4002 4815 5143 5556 6416 6717 6817 6845 
65 3790 4148 4826 5298 5648 5812 6752 6805 6852 6855 
57 3294 3802 4320 5160 5573 5941 6377 6659 6776 
84 4890 5390 5953 6399 6527 6749 6835 6851 6855 
