111 5153 5825 6965 7547 7842 7922 7935 
113 5240 5855 6329 7244 7769 7911 7935 
12 439 789 1117 1566 2183 2845 3941 4638 
7 260 715 978 1590 2258 3353 4025 
69 3093 3693 4192 4543 5840 6468 6918 7370 7826 
100 4639 5255 5792 6114 6752 7777 7918 7937 
38 1596 2344 2985 3407 3750 4704 4972 5382 5905 6688 
98 4554 5225 6375 7121 7690 7909 
114 5283 6064 7163 7680 7890 7931 7936 
14 509 1163 1815 2242 2589 3495 3779 4167 4697 5478 
95 4370 5176 6306 6756 7141 7640 7886 
6 251 747 1801 2235 2570 3108 3580 3940 
63 2783 3535 4153 4608 4949 5897 6183 6611 7105 7700 
8 311 886 1514 1950 2301 2762 3865 4293 4668 5152 
133 6277 6907 7343 7628 7871 7938 
75 3360 4098 4766 5208 5552 6518 6801 7200 7597 7889 
119 5540 6253 6877 7456 7718 7856 7932 
1 201 541 863 1131 1542 2026 2812 
124 5761 6526 7170 7541 7740 7927 7934 7936 
85 3868 4592 4992 5290 5714 6659 7383 7795 7900 7928 
129 6048 6815 7435 7807 7903 7937 
73 3278 3704 4054 4495 5115 6140 6840 7506 7867 
94 4326 5034 6176 6979 7561 7845 7915 
4 223 357 582 1342 1853 2159 2776 3438 
110 5078 5506 5873 6705 7184 7486 7820 7921 
99 4561 5312 5967 6422 6779 7610 7762 7881 7924 7937 
17 670 1272 1901 2631 2909 3313 4234 5023 
19 731 1452 2109 2532 2894 3792 4076 4505 4985 5791 
130 6080 6793 7092 7525 7723 7897 7938 
102 4759 5432 6573 7223 7701 7891 7930 
7 259 691 1210 1869 2513 3736 
122 5669 6319 6786 7511 7857 7937 
84 3850 4494 4956 5346 6497 7265 7732 7910 
4 225 454 910 1530 2002 2376 3439 4041 4529 
135 6370 7401 7788 7914 7936 
11 426 1153 1421 1831 2397 2829 3180 4090 4377 4820 
71 3195 3960 4938 6229 6862 7446 7744 7870 
68 3063 3800 4469 5574 5884 6405 6724 7325 7787 
13 503 1063 1674 2287 2737 3646 4414 
123 5758 7027 7643 7836 7899 7932 
0 188 328 1296 2047 2715 3159 3534 
1 196 282 1009 1749 2475 3238 
120 5582 6390 7419 7801 7894 7934 7936 
4 224 377 647 1326 1939 2441 3187 3482 3978 4325 
5 237 621 1216 1642 1995 2923 3202 3596 4069 4874 
117 5448 6206 6892 7297 7588 7895 7933 7938 
88 4026 4655 5191 5524 6690 7375 7601 7828 7907 7925 7935 
21 822 1475 2094 2702 3120 3471 4281 4782 5304 5589 6005 
12 440 841 1186 1795 2461 3566 3994 4333 4934 
16 592 1303 1983 2673 3772 4590 
87 3947 4712 5368 5808 6152 7112 7358 7654 7872 7930 
149 6972 7617 7887 7937 
82 3737 4415 5048 5681 6107 6486 7286 7668 7863 7904 7930 
10 392 1017 1717 2490 3559 4233 
20 763 1442 1724 2135 2611 3376 4479 4903 5269 5754 
1 197 302 941 1406 1771 2391 3062 
137 6453 7062 7471 7822 7937 
1 197 297 613 871 1258 2189 2953 
7 258 556 834 1739 2033 2411 2902 3691 
25 1003 1650 2273 2875 3405 4735 5361 6047 
15 563 1103 1627 2017 2323 2813 3149 4845 5626 
2 209 400 925 1354 1707 2520 2999 3352 
22 856 1604 2315 3081 4267 5093 5559 5960 
1 195 244 365 796 1387 2079 3152 3849 
18 676 1056 1394 1958 2564 3248 4329 5651 
127 5961 6635 7251 7755 7861 7935 
1 195 246 600 1040 1376 2687 3293 3757 4146 
112 5160 5912 6580 7018 7330 7715 7920 7932 
9 342 777 1232 1689 2219 2550 3654 4362 4683 5127 
44 1893 2639 3263 3881 4516 5479 6095 6594 6964 
121 5652 6293 6717 7085 7815 7917 7938 
1 197 296 479 1095 2336 2618 3015 3503 4264 
3 216 517 1146 1923 2978 3645 
105 4875 5495 6006 6355 7502 7839 7929 7938 
34 1435 2196 2860 3453 3905 5063 5694 6160 6572 
12 441 954 1499 2124 2596 2965 4147 4844 
85 3866 4347 4892 5413 6196 6505 7001 7305 7760 7919 
82 3738 4440 5157 6429 7048 7575 7875 7916 
