79 3167 3527 3724 3939 4109 4567 4688 4776 4825 
87 3493 3605 3845 4046 4447 4678 4789 4808 
95 3856 3984 4183 4391 4535 4608 4743 4801 4820 4830 
82 3321 3431 3656 3868 4058 4575 4730 4778 4807 4829 
62 2464 2831 3022 3216 3396 3910 4194 4302 4526 4666 4748 4782 4817 4828 
2 167 372 520 621 834 1023 1196 1378 1541 1651 1891 2097 
0 132 208 282 729 1012 1117 1356 1552 1730 1858 2058 2285 
48 1902 2006 2247 2447 2607 2877 3053 3540 3823 3968 4096 4417 4631 4706 
56 2258 2374 2593 2804 3204 3536 3833 3948 4258 4563 4735 4777 
76 3033 3361 3634 3760 4173 4331 4413 4763 4805 4828 
2 165 260 591 879 1172 1286 1609 1936 2235 2373 
0 131 180 424 716 978 1099 1433 1770 2035 2179 
3 191 406 653 962 1078 1410 1707 1840 
0 130 157 444 746 1047 1344 1478 
44 1758 2104 2320 2515 2673 3178 3443 3521 3900 4086 4278 4463 4686 
8 286 553 822 932 1334 1491 1571 2105 2387 2503 2827 3104 3242 
13 503 633 710 1051 1257 1445 1621 1940 2229 2555 2678 2999 3298 3430 
2 164 215 352 536 913 1235 1508 1633 1970 2298 2571 2707 
65 2604 2708 2954 3156 3559 3896 4160 4286 4586 4761 4812 4823 
10 362 462 671 857 1041 1401 1598 1813 1984 2484 2754 2904 2993 3382 
30 1195 1305 1530 1741 1904 2146 2345 2839 3116 3256 3400 3702 4005 4130 
69 2787 2921 3127 3338 3735 4062 4357 4468 4697 4803 4826 4829 
59 2331 2639 2942 3058 3464 3790 3927 4237 4515 4601 4770 4823 
18 682 802 1001 1207 1395 1774 1960 2154 2350 2832 3103 
66 2633 3003 3291 3617 3696 4066 4350 4491 4560 4767 4815 4824 
0 130 152 235 436 587 1061 1367 1479 1719 1913 2069 2180 2425 2632 
5 228 328 388 720 902 1090 1268 1580 1873 2209 2292 2660 
46 1801 2112 2413 2525 2937 3272 3355 3707 4028 4131 4369 4545 4658 4758 
1 140 276 490 604 991 1146 1230 1775 2019 2134 2470 2764 2903 
9 344 474 547 883 1164 1319 1523 1680 1766 2302 2584 2720 2816 3203 
74 2965 3075 3312 3579 3754 4229 4436 4595 4695 4804 
83 3350 3901 4143 4223 4568 4714 4759 4822 
6 244 316 510 693 845 949 1186 1453 1629 2133 
7 270 557 816 1130 1274 1576 1879 2005 
4 196 394 659 769 1225 1800 
3 190 398 575 758 925 1239 1522 1669 2047 2192 2286 2660 
78 3141 3504 3667 3777 4018 4270 4458 4681 4786 4811 
72 2857 3173 3470 3588 3998 4314 4407 4682 4797 4809 4827 4830 
1 141 299 650 785 875 1414 1697 1841 1930 2319 
53 2098 2476 2737 2821 3177 3383 3571 3749 4241 4507 4618 4676 4804 
60 2404 2661 2869 3045 3365 3649 3806 3892 4421 4643 4722 4760 4822 
61 2436 2542 2776 2976 3138 3243 3482 3678 3859 4205 4380 4480 4650 4773 4824 
96 3886 4422 4657 4707 4794 4821 
