5 185 342 469 551 729 903 1013 1095 1273 1435 1808 1889 
50 2222 2384 2549 2827 2928 3131 3250 3349 3457 3533 3661 3730 3751 3758 
58 2567 2665 2976 3012 3259 3383 3473 3574 3640 3720 3753 3760 3762 
56 2494 2672 2778 2871 3038 3200 3343 3615 3672 3742 3762 
52 2298 2612 2683 2741 3120 3291 3438 3506 3595 3743 
1 102 123 197 279 457 623 741 823 1001 1172 1536 1617 
0 90 141 244 292 539 666 981 1125 1195 1295 1488 1658 1709 1889 
7 235 363 507 564 811 935 1029 1146 1239 1406 1572 1941 2022 
57 2518 2715 2839 2935 3168 3238 3335 3628 3709 3729 3761 
3 134 267 394 717 800 838 1227 1335 1447 1557 1651 
6 218 400 571 708 779 886 1083 1207 1301 1418 1517 1950 2129 2246 2400 2506 2611 
1 107 379 480 683 791 893 1051 1110 1510 
34 1479 1584 1690 1784 1987 2319 2633 2799 2917 2999 3177 3362 3557 3646 3715 3739 
55 2423 2524 2645 2727 2905 3063 3227 3284 3524 3624 3748 3759 3761 
39 1703 2032 2203 2340 2415 2766 2944 3050 3143 3310 3485 3597 3677 3745 3755 
53 2361 2540 2884 2955 3074 3392 3546 3654 3695 3734 3757 
35 1545 1730 1942 2068 2139 2196 2448 2810 2987 3111 3216 3322 3415 3565 3682 3723 3744 
2 111 226 448 518 636 955 1074 1184 1285 1373 1817 1974 2101 2195 
37 1618 1717 1829 1912 2111 2304 2478 2758 2894 3029 3099 3211 3403 3515 3606 3689 3708 3757 
2 114 298 353 486 614 770 992 1062 1178 1359 1678 1856 1962 2067 
43 1890 2002 2213 2283 2395 2587 2706 2816 2917 3005 3447 3583 3666 3706 3750 3762 
51 2267 2576 2746 2794 3157 3301 3371 3468 3634 3698 3736 3756 3762 
0 91 160 318 496 602 695 862 1045 1397 1467 1578 1760 1931 2080 2161 
20 862 1042 1252 1323 1441 1627 1751 1846 1995 2350 2485 2555 2656 2859 2967 3079 3189 3283 
47 2089 2256 2432 2469 2848 3018 3094 3426 3495 3541 3703 3740 3754 3760 3762 
1 103 174 310 437 581 651 762 944 1114 1162 1524 1595 1652 1899 2023 2117 2234 2339 
4 151 207 330 423 590 751 874 967 1134 1317 1669 1739 1840 2043 2162 2272 2373 2467 
1 105 255 374 672 842 918 1261 1344 1382 1782 
6 219 411 530 642 853 923 1023 1216 1386 1462 1796 1867 1924 2171 2295 2402 2624 2705 
