3 90 129 210 247 300 337 390 434 
4 105 142 195 234 315 359 
2 75 112 165 202 255 294 375 412 465 509 
31 510 547 600 637 690 729 810 844 876 887 
24 405 442 495 532 585 624 705 742 795 831 869 884 
40 645 684 765 802 849 874 888 891 
1 68 97 150 190 285 329 
34 555 594 675 713 780 817 860 880 
5 120 159 240 277 330 367 420 464 
0 61 82 135 172 225 264 345 382 435 472 525 569 
9 180 217 270 307 360 399 480 517 570 607 660 704 
45 720 759 837 866 885 890 
38 615 654 735 772 824 856 881 889 
27 450 487 540 577 630 669 750 794 
