3 112 199 251 455 549 612 741 832 885 1143 1276 1420 1595 1733 1877 
41 1402 1565 1698 1842 2017 2156 2332 2485 2728 2810 2837 2851 
60 2069 2228 2367 2542 2680 2828 2850 2852 
59 2035 2197 2296 2391 2625 2690 2794 2836 2848 
55 1918 1952 2111 2185 2246 2408 2498 2593 2782 2815 2848 
52 1815 1878 2007 2098 2150 2354 2448 2511 2637 2711 2750 2842 2848 
56 1927 2138 2237 2287 2429 2520 2562 2806 2829 2840 2850 2852 
57 1969 2215 2279 2382 2565 2653 2695 2788 2821 2833 2851 
39 1324 1444 1633 1910 2063 2331 2475 2646 2753 2816 2838 2849 
0 89 122 352 441 489 634 708 770 985 1074 1108 1267 1352 
0 92 221 365 540 678 810 906 1150 1224 1319 1516 
4 155 177 319 410 450 666 760 823 939 1043 1085 1418 
30 1014 1173 1311 1452 1535 1669 1849 1962 2251 2340 2374 2533 2606 2662 2778 2818 
4 155 179 375 644 795 962 1100 1244 
0 90 146 256 388 484 728 802 897 1088 1182 1245 1374 1465 1517 1732 
7 230 278 423 497 570 721 854 1000 1277 1428 1596 1786 2006 
43 1496 1544 1689 1763 1836 1987 2121 2274 2543 2683 2757 2834 2846 2852 
1 98 133 169 275 558 652 686 845 919 981 1191 1285 1333 1478 1563 
58 2026 2090 2264 2439 2577 2702 2765 2845 
7 231 306 380 477 774 863 911 1056 1141 
40 1396 1572 1647 1806 1944 2076 2172 2416 2490 2584 2742 2797 2819 2843 2849 
13 442 527 591 694 872 971 1021 1163 1254 1296 1618 1707 1755 1900 1985 
2 106 239 338 402 576 751 889 1030 1125 1361 1435 1532 1835 
1 97 125 212 286 347 509 599 703 961 
47 1613 1776 1909 2052 2165 2457 2551 2598 2721 2772 2804 2847 
6 170 329 468 643 789 1066 1217 1385 1585 1676 1716 1943 
35 1203 1354 1488 1638 1743 2040 2129 2177 2322 2396 2470 2667 2734 2768 2825 2841 
0 91 186 264 401 517 621 662 932 1065 1209 1384 1522 1654 1747 1899 
5 164 299 433 586 855 1005 1116 1310 
46 1607 1793 1858 2018 2205 2309 2350 2619 2729 2813 2848 
