185 33360 34487 35125 35512 35564 35606 
16 1100 3022 4971 5906 7885 8463 14260 15690 16595 19319 22569 24592 
162 29357 31618 33627 34737 35321 35524 35606 
150 26943 29671 32467 34120 34934 35496 35550 35606 
154 27240 29243 30860 31710 33150 34560 35196 35445 35602 35608 35610 
160 29164 31803 33498 34374 35103 35473 35608 35610 
105 17896 20276 22357 26135 28099 28667 30720 31631 34282 34955 35365 
118 20707 23086 25303 26321 28150 29207 30618 33933 34953 35300 35511 
117 20549 23035 26169 27474 31637 33356 34015 34915 35157 35416 35538 
140 25320 27315 29026 31320 32589 34164 34714 34940 35210 35333 35436 35602 35608 35610 
157 28633 31201 31944 33021 34436 35021 35512 35564 35606 
136 24135 26549 29379 31225 33694 34973 35330 35587 35609 35612 
158 29109 31086 31500 33383 33709 34052 34527 34983 35232 35596 35606 
2 281 2338 3928 6543 9657 11517 
2 277 2077 3473 5748 8291 10492 
149 26481 28907 31300 33076 34462 35152 35426 35506 35602 35608 35610 
2 274 1374 1929 3179 3830 4301 5228 7780 11684 13149 15219 18291 20109 
130 23342 25226 26709 27754 29890 32060 33925 34586 35507 35579 35608 35610 
113 19993 22436 22935 25358 26893 27571 31878 33787 35132 35358 35563 
145 26252 28769 31789 32825 34590 35299 35605 35609 35612 
146 26276 29094 31153 32498 33862 35006 35574 35609 35612 
153 27119 29478 33112 34213 35134 35438 35566 35609 35612 
2 271 649 818 3656 4265 4906 5615 6870 8035 11546 13680 14569 16261 
94 15600 17969 21694 26190 28335 29909 31679 33613 34672 35282 35392 
111 19566 21527 23242 25685 27877 29500 32660 33515 34148 34892 35292 35563 
131 23385 25874 29074 30288 33822 35009 35409 35553 35595 35606 
6 380 3543 5099 8124 10721 12500 13923 15720 
108 18468 20799 23968 25217 28595 30049 32132 33691 34915 35157 35416 35538 
106 18370 21056 24624 27167 28553 32379 33463 34445 35143 35538 
138 24216 26582 30982 34820 35453 35563 
121 21248 23659 26505 28473 31862 33763 35418 35542 
9 439 1122 2438 3608 5093 8613 10663 11644 12857 16484 
0 236 1422 4473 6170 7409 8390 9422 10009 11702 12454 13611 
119 20731 23106 25316 29068 30940 31453 33186 33829 35260 35453 35563 
123 21329 23685 25977 29753 30851 31755 33332 34820 35453 35563 
43 6034 8512 10688 11728 13744 14309 19987 21419 22310 25085 28359 30355 
3 292 851 2427 3216 6415 11291 12790 13750 16410 19738 21735 
0 230 579 936 1860 4855 6692 9417 12519 14388 
128 22878 25556 26390 27688 29601 30773 32538 34133 35453 35562 35598 35608 35610 
165 29869 32334 34362 35079 35495 35608 35610 
10 627 1833 4452 6516 7723 9760 12168 16625 17709 19554 20593 21947 23893 
1 250 714 2502 4221 7676 9264 12896 14009 15109 16624 
102 17648 20453 22563 24169 28777 30922 31759 33330 33706 34804 35418 35542 
147 26298 28795 30931 31766 33484 33992 34760 35247 35584 35608 35610 
0 229 529 1336 4193 5277 6384 8189 9026 10345 12428 13638 
0 234 1287 2561 5228 7777 9540 10972 12821 
90 15397 18101 21760 24287 25705 29771 31104 32612 33965 35242 
141 25629 27669 28689 29314 30234 31253 32308 34614 35177 35393 35488 35607 35609 35612 
5 344 2757 6056 8587 12110 14102 
95 15721 17716 19607 23063 25161 26042 27274 30800 32395 34195 35271 35503 
134 23609 26003 28147 31788 34952 35159 35418 35540 35593 35602 35608 35610 
107 18438 20955 21549 23770 24436 25192 25851 27143 28244 31607 34699 35024 35450 35552 
133 23585 25983 28134 29265 30983 31894 33100 34204 35480 35608 35610 
8 416 1306 3085 6598 7784 8782 10997 11950 13407 15299 
1 252 898 2486 3378 5039 6078 7529 9390 
1 255 1058 2640 4000 5826 8266 10806 
112 19859 21860 22905 23498 24471 25579 27708 28582 32783 34194 35271 35503 
28 3250 4932 6494 7629 8913 11469 13706 17084 18581 19507 22120 25507 27516 
0 238 1762 2833 5452 6896 9336 10388 10899 11846 13075 13779 
8 416 1315 5252 7234 9728 11527 12570 13229 
4 314 903 4709 6573 8890 10740 12407 13489 
5 337 917 2498 5935 9278 10573 14129 16291 
4 314 898 2487 4807 5741 9494 10728 11738 13947 14844 16318 18223 
152 27095 29468 32042 33591 35037 35455 35559 35608 35610 
1 247 361 1256 3092 5419 7609 12619 15007 17848 19858 
7 393 1281 3858 4963 8420 9851 10775 13537 16847 18893 
0 233 1166 2155 3675 4639 5165 6450 7078 7820 8531 9804 11444 
8 418 2259 4168 6131 9783 11247 14157 15668 18071 19104 19636 20407 21171 21807 
2 269 509 815 2525 2926 3452 4325 5343 7046 8166 9301 12954 13959 16508 18272 19679 21449 
1 249 550 1806 3392 6919 8336 11254 12748 15152 16217 16716 17504 18314 18985 
8 422 3091 5023 6116 7937 8957 10409 12349 
0 228 462 672 1351 2592 2957 5917 7204 7895 9705 12155 14980 16985 
4 314 902 4684 6548 8861 10931 11408 13835 15469 16128 
7 393 1279 3274 4411 8841 11009 12644 14567 
0 237 1473 2731 3800 6743 8585 
8 429 3806 6010 7847 9446 10518 
125 22361 24363 26114 28990 30399 32091 34809 35332 35564 35606 
19 1565 3771 7285 9072 10317 11326 12382 12947 14593 15982 19394 
3 292 851 2429 5549 6939 7891 10585 13982 15969 
2 269 514 1902 2364 2963 4078 5096 10218 11975 13230 14211 15201 15843 17466 18815 19537 
9 439 1131 4101 5445 8317 9829 12264 13318 13916 14729 15442 16099 
19 1567 4614 5472 8080 9876 15576 17946 20250 23633 25628 
11 743 2141 4373 4998 6769 9206 11780 13033 17550 19715 21272 23181 
14 1015 2388 3704 4664 6847 9232 11608 15333 16515 17490 19703 20619 22739 24930 
1 248 484 1662 3041 3877 4505 8935 11518 14665 15921 18893 
99 17571 19661 20075 23223 23987 24495 25490 28019 31660 32889 34230 34821 35304 35563 
101 17625 20110 22197 23252 26618 27902 28884 32365 33302 33912 34952 35159 35418 35542 
6 373 1392 3905 5651 10823 12876 14609 17376 18896 20974 22168 
0 229 527 770 2616 4152 8363 11081 11997 13276 15225 16457 
89 14955 17356 19550 23265 25266 25792 27913 31301 33589 34907 35425 
30 3356 5675 7875 8791 12231 13490 14476 18224 19395 20393 22533 23473 24958 26827 
83 14269 16915 17803 19125 20779 22423 27859 30261 32264 33202 34404 35365 
0 232 872 3260 7554 10044 12299 13584 
103 17825 20230 22342 27929 33249 33911 34952 35159 35418 35542 
156 28497 30502 31463 31990 32758 33574 34495 34961 35204 35454 35525 35567 35606 
127 22810 25382 25807 28188 29818 30450 32034 34989 35444 35595 35606 
32 3496 5766 7933 11745 15095 16397 19888 22996 25655 27806 
148 26460 29677 31814 33434 33734 34916 35044 35169 35341 35459 35606 
25 2780 4574 5608 7992 8483 9097 10089 11173 12402 16038 21902 22793 25447 27239 
74 12086 14501 16637 20426 22304 22942 25047 28526 31532 33503 34603 
116 20528 23321 25484 27040 28922 31274 32980 33732 35141 35274 35384 
137 24184 25934 26991 28028 29572 30567 31080 32195 32725 33280 33738 34411 34932 35596 35606 
155 28163 30132 31749 33884 34621 35198 35448 35602 35608 35610 
142 25729 28407 29270 30527 32571 33641 35098 35368 35606 
144 26210 28060 29650 30671 32638 34000 34865 35200 35447 35596 35606 
68 11299 14031 14863 16175 18561 19934 24017 26112 28558 29982 32166 33059 33414 33957 34570 34905 
135 24034 26731 30356 31967 32995 33671 34543 34954 35564 35606 
170 30992 32708 33907 35015 35305 35534 35608 35610 
167 29931 31582 32438 32951 34097 35243 35521 35571 35608 35610 
96 16653 18666 20384 22773 24241 26676 27732 28251 29554 30181 32802 33488 34862 35261 35450 35552 
1 254 961 3335 5960 8118 9682 11643 
104 17873 20257 22345 23492 25343 26350 27809 30702 34391 35092 35282 35392 
79 12822 14806 17927 19613 22545 25187 28950 30379 32333 34314 35066 
98 17092 19786 20639 21881 23666 25401 28341 30886 33850 34606 35224 35425 
143 26141 28257 28682 31016 32339 33225 34326 35233 35596 35606 
0 240 2196 2842 5203 6948 9728 11526 12542 13199 
72 11886 14412 16579 17499 20866 22098 23128 26828 28047 29035 31128 31907 33112 34229 
0 231 667 3061 4881 5785 7007 10662 
84 14637 16747 18244 18770 20129 21396 22456 26920 28718 31348 33535 34016 34691 35224 35425 
10 628 2312 4055 6335 8659 12481 13639 14618 18039 19274 21973 23919 
80 13796 15796 17482 20295 21741 24413 25534 26634 28226 28662 31769 32411 32923 34087 35242 
114 20473 22468 22958 26233 26963 27587 29407 32212 33913 34923 35263 35376 
91 15497 17760 18744 19808 21001 25952 27993 28969 30629 33163 34136 35089 
3 292 851 2427 3215 5191 6097 7573 9402 14706 16526 18105 19239 
120 21227 23963 27017 28818 32012 33819 35416 35538 
9 441 1782 3334 5667 8821 10152 14685 16841 18413 20342 
139 24339 26336 30028 31339 33644 34425 35212 35565 35609 35612 
1 247 362 1496 2417 3205 4988 5563 7664 11220 13463 
3 292 851 2427 3214 4994 7709 13704 14625 16787 17689 19190 21054 
10 627 1831 4121 6421 7432 8011 9317 9981 10701 12213 15874 16823 19453 21130 22509 24338 
109 18491 20828 25256 26130 29540 31391 32611 34952 35159 35418 35542 
97 16986 19039 20037 20685 21631 22660 23864 27539 29292 30479 31412 34265 34785 35149 35538 
9 440 1739 2610 5714 7794 8703 9932 10916 14322 14909 15897 16935 18144 21148 22992 
86 14748 17231 21111 22210 26121 28298 29225 30647 32238 33938 34851 35217 35408 
2 270 602 1693 3561 5940 7190 11800 13976 15551 17422 
15 1078 3015 6261 8215 11820 13650 15188 18636 19643 20067 22398 24107 24747 
2 272 694 1144 2177 3726 4837 9118 11568 13780 14796 16641 17669 19146 21029 
88 14930 17336 19538 20633 22383 23454 24931 26787 31429 33554 34069 34724 35224 35425 
26 2860 5300 6147 7457 9442 13129 15624 17044 23134 24646 26753 27965 
1 247 360 1038 2017 5747 7921 8995 10846 11931 13380 15274 
38 5051 7026 8774 11666 13112 16193 17071 21607 23541 24768 25761 26735 27363 29049 29790 30449 
2 272 697 2241 4781 6365 9908 11062 13362 16362 17992 20188 
4 314 899 2807 4734 6970 9012 12770 14176 17047 18541 22023 
1 259 1428 3977 6309 9164 11172 
4 317 1397 3231 7750 9610 12376 15418 17265 
2 269 516 1983 2470 6285 8665 10811 11969 13819 14825 16292 18198 
2 280 2220 2584 3314 3949 4524 6815 8595 9630 10296 
45 6238 8638 10807 14631 16589 17195 23259 25471 26370 27833 29724 
8 417 2034 4023 5695 6715 7365 9883 11919 15745 16873 18013 19537 
12 789 2710 3406 4593 6316 8040 11015 13740 17445 18940 21474 22595 23730 25302 
10 627 1832 4351 6488 9561 12295 17305 19405 20343 21502 23941 25036 
96 16653 18666 20386 23205 24665 26537 30737 32111 33397 35095 35503 
5 337 923 4961 5900 8106 8976 10435 12375 
2 269 511 1515 1960 2646 4981 6651 10537 12187 15032 16768 20880 22340 
168 29963 32102 34752 35234 35513 35575 35609 35612 
0 227 368 1545 3569 5151 10521 13737 15352 16799 18611 
87 14772 17266 19491 20402 23757 25755 27212 30945 33197 34955 35365 
120 21229 24834 25709 28211 33124 33974 35078 35453 35563 
60 9141 11587 13792 17523 19505 24307 25272 27924 31159 32885 
52 7949 9961 11722 14520 16005 19080 19975 24521 26704 29846 31572 
1 247 363 1639 3129 5392 7390 8472 12245 12919 13714 14389 15650 18149 19366 
132 23408 25912 28088 29048 34161 34803 35416 35538 
78 12700 15050 17328 20432 21693 26068 29185 31574 34105 35002 
24 2502 4216 5892 8684 10194 12135 13903 19172 22073 23708 25911 
22 1716 3596 8141 10166 12668 14431 15370 16070 
102 17647 20152 23301 24548 28890 30973 31941 33379 33984 34752 35242 
0 243 2989 6034 8514 11033 13074 
69 11750 13876 15308 16485 17206 18514 19608 24055 25889 29426 31649 33627 34751 
122 21305 24790 25376 26658 27337 28427 29335 30588 32068 33407 35408 
15 1079 3294 5246 6792 8725 11195 13850 14297 18053 18709 19432 20925 21926 22461 23368 24593 25302 
14 1017 2887 3751 4293 5872 6617 7106 8131 13512 15072 16741 20212 23837 25132 
7 393 1280 3519 5364 8265 10298 11404 15134 15819 17287 18342 19015 
0 227 369 2059 3429 4549 5518 6469 7071 8758 10124 13253 14315 16675 17152 19015 
6 374 1879 2692 4763 7161 9467 10618 15527 17920 20755 22711 
2 269 513 1612 2108 4023 5694 6664 7342 11863 14352 17529 18846 22054 
80 13796 15796 17481 19912 21373 23798 27418 28746 30005 31073 33803 34864 35115 35408 
10 627 1830 3200 5854 7307 9214 10959 16345 19294 20845 22992 
2 269 512 1586 2366 3634 5321 6215 7514 10925 14451 16555 17426 19462 21061 22023 
27 3221 5122 5555 7974 8426 9051 10016 11123 13294 14248 18794 20805 22488 25765 27644 
110 18612 20571 22217 23183 24881 27370 29448 31042 34735 35450 35552 
18 1232 3110 5035 8815 10769 11387 13500 17013 19270 
13 986 2543 2918 5074 5577 6193 7130 8244 10363 11278 15850 17738 19016 19939 21584 22851 25160 
125 22361 24364 27188 30102 31055 31496 34178 34514 34879 35161 35399 35535 35596 35606 
169 30078 31920 33258 33831 34475 34929 35274 35377 35548 35611 
73 12062 14482 16625 17710 20024 22842 27209 28105 30762 33503 34603 
17 1212 3776 5980 8062 8476 10858 11357 12019 12977 14064 18686 19768 22274 23920 25010 
2 275 1450 2289 3930 7478 8349 13001 14886 16148 17119 18126 18737 20366 21084 22196 
2 269 510 822 1188 1937 3157 4236 5172 5610 8796 9583 10238 12598 15301 18390 20188 
115 20503 22273 23818 24464 26097 27439 28120 32486 34117 35191 35465 
100 17611 22056 25060 26605 30543 31374 33450 35067 35310 35503 
151 27064 28841 29791 30827 31507 32551 33766 35131 35601 35609 35612 
126 22712 24749 25814 26436 27392 28448 30152 31178 32141 33333 34387 35508 35590 35608 35610 
124 21450 23432 25442 28870 33036 33664 35356 35539 35596 35606 
3 292 853 2663 4425 6831 11101 12040 13340 15014 16694 19941 21836 
151 27064 28845 30304 32289 32751 33896 34289 34835 35291 35606 
81 14103 16131 17202 20906 21556 22640 24383 25423 25845 29008 29725 30210 31137 33253 34304 34941 35320 
40 5489 8018 9513 10068 11445 12725 13872 18916 20662 21839 23563 24865 27292 28385 29513 30972 
10 627 1830 3199 5808 7260 9188 10883 15768 16723 17178 19595 21658 23043 24079 24717 
113 19995 22618 23519 24811 26413 27645 28601 29626 30203 31734 32846 34649 35188 35538 
100 17602 19721 22267 26023 27519 29645 32906 34034 34674 35027 35376 
159 29139 30893 32313 33670 34186 34511 35123 35252 35349 35496 35550 35606 
82 14185 16895 17781 19064 21353 22768 26875 28311 30057 32513 33792 34347 34667 
129 23271 25383 26849 27973 31839 33308 34249 34768 35146 35538 
107 18436 20190 21200 22241 23012 24267 26556 28281 32683 33422 34332 34630 35185 35538 
