110 11498 12226 12317 12358 12403 12409 12415 12420 
97 10512 11213 12007 12299 12369 12392 12411 12420 
25 1872 2741 3081 3651 5253 6141 7630 8433 9313 10361 
50 4728 5666 6044 6652 8257 9145 10568 11264 11887 12301 
96 10408 10812 11330 11555 11910 12038 12337 12399 12419 12420 
85 9262 9718 10576 11042 12267 12395 12412 12416 12419 12420 
103 11140 11464 12092 12222 12333 12387 12409 12415 12420 
76 7776 8710 9955 10652 12039 12254 12355 12413 12417 
45 4464 4902 5500 5816 6313 6613 7620 8439 9057 10491 10797 11354 11718 12058 12252 
42 3729 4653 5017 5611 7243 8144 9635 10362 11152 11963 
36 3495 3898 4514 4809 5316 5578 6642 7411 8024 9563 9886 10605 11303 11728 11930 
79 8578 9033 9645 10133 10689 11459 12174 12408 12418 12420 
72 7606 8533 8849 9340 9599 10556 11245 11725 12326 12361 
80 8609 9216 9816 10292 10746 11055 12138 12321 12395 12412 12416 12419 12420 
92 9703 10437 10917 11180 11481 12118 12244 12350 12412 12416 12419 12420 
11 351 960 2061 2790 3681 4479 5777 6099 
17 997 1808 2120 2698 4272 5144 6656 7431 8306 9432 
89 9606 10192 10768 11323 11537 11897 12037 12337 12399 12419 12420 
33 2804 3696 4061 4631 6248 7147 8633 9451 10274 11244 
63 6591 7379 7993 8336 8989 9685 10028 10565 12015 12309 12374 12396 
55 5585 6213 6826 7327 7598 8623 9433 10023 11362 11611 12033 12298 
83 8754 9836 10147 10701 11026 11760 12325 12395 12412 12416 12419 12420 
91 9679 10591 11292 11621 12002 12268 12338 12397 12418 12420 
95 10238 10641 11519 11951 12176 12292 12366 12407 12419 12420 
82 8665 9580 9942 10201 11062 11437 12036 12167 12257 12412 12416 12419 12420 
53 5467 6939 7255 7931 9589 11111 11788 12077 12361 
81 8656 9476 10039 10320 10677 11573 11821 12323 12412 12416 12419 12420 
84 8804 10092 10446 11119 11411 12302 12373 12409 12415 12420 
50 4729 5860 6184 6816 7875 8245 9737 10785 11316 11765 11995 12252 
66 6682 7586 7937 8231 9517 10082 10431 11426 11989 12146 12319 12353 12391 12417 
87 9494 10163 10908 11417 11808 12096 12344 12418 12420 
0 129 495 703 1213 1826 3007 3773 
1 133 205 830 1110 1679 2437 3193 4023 4784 5080 
68 6788 8113 8507 9278 9920 11384 12258 12384 12413 12417 
62 6477 6913 7511 7802 8320 8603 9621 10369 10931 12020 12145 
86 9297 9728 10713 10959 11390 11835 12108 12282 12332 12418 12420 
69 7295 7711 8647 9171 9795 11386 12048 12305 12413 12417 
17 997 1808 2120 2697 4241 5124 6740 7534 8157 9104 
3 153 309 524 1593 2147 2448 3305 3724 5038 5365 
4 167 748 1442 1832 2523 3680 
1 133 202 374 820 1194 1503 2079 3135 3640 4417 5302 6423 
45 4469 5938 6230 6928 7596 9540 10389 10944 11232 11881 12225 
3 153 309 522 1567 2116 3566 3897 
48 4645 5566 5954 6223 7519 8103 8491 9656 10584 11378 11648 11842 12253 
67 6773 7824 8171 8792 9161 10339 11634 11846 12154 12384 12413 12417 
87 9493 9900 10464 10724 11166 11440 11733 12236 12347 12416 12419 12420 
80 8610 9511 10259 11054 12103 12250 12395 12412 12416 12419 12420 
1 137 453 846 1225 1895 2161 2650 3240 4543 4901 
54 5539 6395 6984 7343 7979 8673 9042 9632 11337 11977 12212 12301 
60 5790 7116 7504 8270 8940 10530 11857 12239 12374 12396 
6 254 740 1988 2306 2951 3606 5525 6450 7074 7410 
4 171 982 1800 2529 3060 3367 
3 153 309 520 889 2324 3164 4621 5427 6298 7410 
0 126 240 532 787 1778 2710 3479 4039 4385 
0 128 469 654 1267 1549 2337 2768 3786 4104 
3 153 309 525 1714 3272 4137 4743 5883 6212 
4 166 558 893 1585 2373 3406 5266 5700 6487 7192 
2 147 286 874 1410 2585 2921 3553 4013 4636 5201 
10 339 942 1233 1764 3542 4444 5051 5406 
16 934 1629 2133 2419 2804 3696 4061 4633 6561 7456 8074 8752 
4 166 557 793 1456 1752 2466 3329 5094 5753 6883 7223 
3 153 309 520 890 2564 3460 4074 4416 
8 303 918 1618 2022 2575 3035 3368 4005 5092 5615 6424 7312 8432 
61 6261 6731 7477 8591 8961 9228 10827 11092 11606 12309 12374 12396 
46 4565 5366 5994 6343 7003 7705 8979 10634 11665 12091 
1 133 203 387 689 871 2675 3441 4053 4810 5483 6571 6912 
4 165 334 1181 1850 3774 4700 5966 6771 
3 153 309 521 1327 1858 2909 3229 4691 5473 6057 6376 
10 340 1063 1346 1884 2245 3051 3656 4180 5635 6469 7040 7378 
13 846 1224 1768 2228 2820 4588 5600 6431 7057 8561 8920 
6 251 511 903 1375 1911 3608 4611 5407 6038 6871 7862 8219 
0 125 210 327 858 1169 1418 2544 3124 3490 4690 
2 146 265 1009 1283 1908 2760 3954 4727 
0 124 191 542 874 1411 2614 2980 3689 4575 4949 5226 6212 
8 301 776 1254 1520 1873 2888 3208 3800 4506 6028 6667 7484 8028 8372 
2 146 262 484 645 1392 1793 2630 2994 3249 4919 5235 6070 6423 
1 136 430 1153 1425 2036 2641 4533 5434 6070 6423 
38 3586 4386 4989 5331 5981 6621 7956 9711 10862 11497 
3 154 415 1246 1919 2387 2645 3968 4771 
71 7554 8012 8781 9404 9976 11192 11679 12059 12203 12384 12413 12417 
6 253 720 998 1940 2260 2843 3519 4105 4487 5658 
5 223 439 800 1043 1489 1718 2664 3416 4034 5548 5908 6675 7669 
22 1726 2291 3286 3913 4585 6541 7441 8726 9871 10190 
3 153 315 1142 2208 2777 3868 4221 
4 165 336 1741 2473 3075 3854 4523 5157 6099 
7 271 636 1086 1976 2274 2718 3596 3941 4234 5923 6513 7568 7909 
5 225 621 911 1705 2048 2301 3925 4255 5170 5767 6518 7107 7644 8203 
3 153 310 607 1032 1361 2105 2829 3114 4562 5008 5628 6496 7040 7378 
7 275 1099 1653 2178 2702 3183 4797 5694 6968 7734 
2 148 591 1021 1828 3629 4423 5030 5803 6553 7223 
47 4594 5218 5838 6329 6706 7067 8600 10210 11004 11467 12011 12253 
74 7677 8498 9061 9371 9766 10613 10935 11416 12324 12400 12413 12417 
46 4566 5378 6011 6377 7017 7685 8042 8644 10472 11269 11745 12090 
71 7557 8373 9001 9354 9990 10982 11309 11528 12144 12352 12417 
70 7492 7910 8526 8828 9326 9595 11403 11966 12207 12353 12391 12417 
7 272 802 1688 2004 2604 3386 3982 4355 5709 6532 7194 8102 
28 2510 2937 3512 3811 4340 4838 5895 6611 8551 9458 10053 10361 
0 123 177 363 808 1297 1613 2725 3496 4194 5081 5453 6168 
4 166 559 966 1671 2963 3256 4158 4773 5488 6102 6801 7105 
26 1909 3134 3506 4285 4937 5576 7544 8459 9080 9765 
5 224 582 1537 2087 2401 3026 4115 4493 4857 5516 6169 7032 7788 8102 
77 8290 8715 9485 10420 10917 11185 12083 12339 12388 12405 12418 12420 
58 5687 6601 6955 7237 8946 9240 10846 11964 12277 12396 
39 3614 4224 5284 6051 7640 9250 10113 10662 11593 11834 
1 134 234 670 899 2492 3097 3715 4961 5737 
75 7736 8870 9190 10302 10881 11770 11996 12132 12361 
72 7604 8220 8815 9532 10182 11422 11988 12210 12297 12349 12417 
73 7671 8695 9671 10521 10853 11087 12158 12262 12374 12396 
98 10540 11077 11865 12053 12308 12418 12420 
78 8478 8923 9805 10453 10972 11290 12070 12315 12363 12404 12412 12416 12419 12420 
12 765 1126 1646 2352 2686 3435 4320 5102 6330 6726 7964 8778 
11 352 1307 1637 1961 2557 2867 3340 3838 4980 6110 6505 7279 8054 8414 
71 7558 8385 9017 9387 9998 10534 11659 12345 
76 7777 9115 9503 9857 10480 10893 11343 11690 11931 12189 12380 12413 12417 
44 4305 4707 5777 6085 6627 7225 7848 8546 9926 10222 11047 11507 11803 12225 
4 165 335 1475 2199 3744 4872 5202 5660 6705 
88 9550 10012 10716 11221 11704 11941 12199 12396 
18 1022 2187 2537 2854 3532 3992 5508 6287 7750 8892 9215 
59 5739 6847 7159 7765 8513 9107 9779 10072 11356 11930 
