1 164 201 304 548 1066 1250 1506 1700 1799 2098 2408 2565 2764 
83 3601 3764 4326 4469 4727 5092 5305 5599 5699 5835 5863 
100 4238 4537 4847 5004 5185 5547 5680 5739 5843 5884 5886 5887 
5 259 440 783 1226 1441 1615 2125 2300 2451 2684 3069 3278 3503 3749 
99 4211 4364 4739 4890 5123 5493 5647 5805 5851 5882 5885 5887 
4 219 362 913 1039 1318 1487 1638 1871 2256 2465 2690 2936 
98 4177 4409 4609 4932 5065 5371 5531 5634 5774 5884 5886 5887 
73 3132 3326 3425 3724 4034 4191 4378 4990 5219 5415 5664 5747 5850 5883 
1 166 287 483 677 828 1102 1299 1587 1730 2076 2214 
79 3364 3597 3984 4461 4924 5034 5278 5523 5757 5830 5871 5883 
14 588 800 995 1278 1422 1722 1905 2043 2296 2802 3171 3645 3874 4065 
88 3751 3926 4077 4310 4695 4905 5224 5383 5766 5811 5881 5884 5886 5887 
91 3841 4133 4422 4596 4786 5432 5557 5785 5825 5870 5884 5886 5887 
4 220 410 968 1177 1362 1596 1952 2440 2645 2831 
72 3028 3321 3614 3802 4009 4627 4769 5106 5243 5722 5809 5858 5875 
93 4026 4169 4515 4635 4853 5402 5567 5852 5877 5886 5887 
90 3814 3958 4344 4482 4735 5237 5420 5581 5775 5844 5864 5879 5884 5886 5887 
1 163 171 334 465 646 927 1195 1369 1569 2143 2394 2580 2897 3060 
95 4066 4271 4439 4654 4946 5233 5573 5819 5883 
103 4433 5019 5331 5471 5695 5777 5820 5869 5884 5886 5887 
0 153 231 366 552 646 929 1449 1652 1877 2104 2215 2507 2796 2970 3170 
13 571 706 820 1350 1527 1975 2138 2700 2843 3101 3466 3682 3945 4158 
0 154 316 572 729 873 1098 1680 1813 2124 2270 2416 2989 3206 
1 163 173 376 494 724 1191 1545 2019 2248 2439 
2 186 250 525 631 951 1080 1317 1466 1772 1926 2485 2611 
4 219 360 693 887 1182 1330 1854 1995 2765 3253 3458 3644 
3 196 612 815 1159 1629 1893 2400 2543 2889 3027 
78 3346 3480 3620 4205 4428 4797 5270 5659 5738 
89 3769 4021 4391 4882 5157 5291 5530 5836 5866 5880 5883 
9 444 580 905 1008 1200 1752 1939 2551 2783 2983 3306 3439 3750 3913 
74 3213 3356 3702 3822 4042 4615 4821 5388 5595 5799 5878 5883 
0 152 182 422 865 1112 1237 1484 2084 2230 2585 2736 3061 3252 
0 152 181 272 534 660 1000 1133 1672 1782 2030 2288 2653 2888 
18 806 960 1270 1389 1602 2170 2493 2631 3228 3796 4119 4270 
71 3001 3145 3531 3669 3923 4523 4668 4973 5140 5370 5507 5612 5858 5875 
0 152 181 271 453 601 772 1381 1516 1832 2018 
80 3398 3552 4111 4220 4458 4687 4860 5051 5345 5605 5711 5798 
6 277 395 685 852 1336 1581 1766 1988 2176 2376 2788 2947 3298 3424 
52 2188 2332 2718 2856 3110 3710 3855 4159 4294 4563 4712 5024 5175 5486 5627 
1 163 172 343 458 981 1146 1738 1971 2358 2833 3100 
78 3347 3513 3656 3914 4279 4495 4758 4953 5129 5359 5724 5793 5883 
101 4316 4545 4839 4982 5323 5444 5701 5803 5857 5884 5886 5887 
69 2938 3113 3264 3497 3882 4092 4414 4575 5084 5248 5458 5677 5807 5855 5873 
5 260 506 747 932 1026 1293 1840 2056 2319 2513 2612 2911 3221 3378 3577 
15 619 756 1058 1207 1408 1694 1983 2157 2346 2956 3208 3595 
59 2533 2667 2807 3391 3609 3783 3972 4582 4834 5203 5628 5754 5818 
