79 2334 2615 2810 2935 3030 3178 
68 2043 2238 2415 2530 2867 3005 3069 3156 3181 3189 
72 2163 2358 2535 2650 2973 3086 3129 3177 
43 1255 1551 1706 1803 2005 2403 2598 2775 2882 3054 3146 3176 
4 164 318 495 610 951 1106 1203 1398 1575 1688 1911 2081 
2 138 266 371 558 735 849 1175 1370 1517 
9 255 364 591 746 843 1038 1215 1329 1655 1842 1997 
70 2085 2511 2666 2763 2949 3078 3132 3179 3188 
3 150 455 650 782 895 1191 1361 
73 2175 2290 2631 2786 2878 3045 3135 3167 3187 3189 
2 136 199 284 695 882 1022 1134 1430 
5 168 245 575 762 902 1002 1295 1482 1637 
75 2214 2495 2682 2822 2927 3119 3175 3189 
58 1723 2031 2186 2283 2478 2655 2770 3061 3141 3165 3185 
0 119 335 522 662 774 1055 1242 1397 
0 118 231 386 491 678 855 970 1311 1466 1563 1774 
0 117 215 402 542 645 1071 1226 1323 1518 1695 1807 2030 
65 1935 2048 2271 2426 2523 2718 2890 2989 3159 3183 3189 
74 2202 2342 2442 2735 2916 3034 3097 3186 
46 1363 1671 1826 1923 2118 2295 2410 2751 2901 2983 3114 3168 3184 
6 179 302 417 831 986 1083 1278 1455 1568 1791 1961 
55 1614 1895 2090 2230 2574 2853 3018 3107 3151 3186 
8 251 438 615 727 935 1122 1269 1602 1742 1855 2151 2321 
67 1977 2391 2546 2643 2838 2995 3073 3161 3182 
1 125 157 351 506 603 798 975 1090 1431 1586 1683 1894 
69 2055 2167 2375 2562 2702 2805 3123 3172 
13 375 484 711 866 963 1158 1335 1449 1775 1962 2117 
11 290 422 534 815 1010 1150 1500 2135 2322 2477 
48 1443 1638 1815 1929 2255 2450 2582 2694 2962 3099 3155 
7 192 471 626 723 918 1095 1209 1535 1730 1877 
