157 26239 27346 30500 32160 36023 37441 38954 39529 39912 40903 41163 41171 41177 
176 29695 31062 31998 33313 36244 36941 38465 40353 40938 41121 41191 41194 41195 41197 41199 41201 
193 33661 34974 35953 36726 39810 40799 40985 41054 41168 41194 41195 41197 41199 41201 
210 35922 37142 37926 38919 40176 41094 41180 41194 41195 41197 41199 41201 
192 32865 34224 35139 36229 39062 39981 41094 41180 41194 41195 41197 41199 41201 
177 30465 31817 33393 33819 36127 38863 40473 40735 41064 41192 41196 41198 41200 41202 
155 25552 27944 32178 34709 35272 37272 38219 40899 41100 41172 41178 
91 13991 15321 16268 17555 19807 23079 25488 30614 33105 34001 35987 37553 38380 39875 40128 40520 
143 24089 25389 26985 27427 29877 35488 38272 40290 40976 41163 41171 41177 
57 7626 9021 9998 11291 13564 16867 19749 20887 27400 29861 31532 32562 34890 35395 36310 
189 31977 34302 38102 39777 40075 40874 41173 41182 41186 41196 41198 41200 41202 
198 34340 38090 39375 40378 40820 40995 41133 41196 41198 41200 41202 
170 28245 31114 32832 33946 36696 38244 40334 40639 40912 41135 41183 41188 41189 41193 
152 25017 27121 31495 35123 37259 40087 40923 41003 
125 20221 21504 22474 23610 27088 28845 31130 36618 38936 40211 40764 41028 41163 41171 41177 
3 334 537 753 923 3706 6537 7035 7856 9467 11513 16402 18267 
178 30547 32466 34080 34960 37254 39153 40555 41047 41187 41190 41194 41195 41197 41199 41201 
131 21753 22841 24579 25535 27985 30424 33363 35645 36853 40105 40709 40973 41163 41171 41177 
10 568 870 2661 4543 6075 8647 11202 12029 16458 18112 19244 22175 22730 23527 
153 25031 28356 34446 35460 36393 36751 38693 40411 41028 41163 41171 41177 
194 33725 35663 36991 37783 39557 40651 41093 41175 41194 41195 41197 41199 41201 
161 27950 32164 34061 38275 40355 41059 41148 41172 41178 
183 31196 32422 33420 33849 36133 37579 38405 40548 41082 41192 41196 41198 41200 41202 
169 28232 30353 34645 37385 38280 39001 39265 40969 41144 41172 41178 
196 34319 37532 39647 40218 40576 40699 41083 41192 41196 41198 41200 41202 
184 31293 32543 35085 37618 38555 39572 40689 41080 41137 41190 41194 41195 41197 41199 41201 
139 22458 24764 29003 31561 32191 34544 35602 37910 40410 40899 41100 41172 41178 
176 29696 31799 34296 37488 38909 41031 41150 41186 41196 41198 41200 41202 
145 24737 28963 30889 35750 36684 39191 40352 40855 41144 41172 41178 
149 24788 25933 28622 31574 32773 34365 38671 40604 40969 41144 41172 41178 
2 297 1297 2028 4561 7454 8541 11755 14276 
185 31327 32590 34198 34874 36636 38348 39571 40651 41096 41191 41194 41195 41197 41199 41201 
147 24769 27259 32724 35206 38467 39216 40683 41087 
168 28197 29381 30243 30701 33233 34040 36006 38046 38781 40162 40787 41178 
175 29530 31088 32027 32652 35065 36567 39893 40144 40521 40842 41188 41189 41193 
167 28194 31635 34173 35091 35687 37798 40051 40431 41022 41073 41148 41172 41178 
156 25979 29644 32682 33706 36678 38558 40683 41086 41155 41183 41188 41189 41193 
200 34508 37629 39669 40247 40588 40704 41088 41138 41190 41194 41195 41197 41199 41201 
41 4648 5938 6843 8057 10374 13747 16067 21125 23554 24342 26537 28303 29228 31710 32246 33152 
154 25117 27590 28990 34512 35557 36449 36820 38769 39350 40371 40914 41036 41165 41172 41178 
182 31193 34820 37196 37954 38442 39926 40622 40983 41142 41191 41194 41195 41197 41199 41201 
150 24919 26038 27013 27454 29976 33056 36313 40187 40969 41144 41172 41178 
10 568 870 2660 4015 6424 7551 10104 12527 16243 18531 21979 24445 
135 21886 25270 27835 28813 29430 31911 35242 36176 38194 39423 40273 40753 41048 41107 41163 41171 41177 
172 28797 31165 34635 36912 39205 40843 41030 41193 
12 836 1643 2467 2782 4830 7771 10477 12885 13433 14210 18552 22018 
108 17098 18426 19343 20624 22832 26210 28639 33789 36109 36846 38601 39730 40177 40929 41004 41079 
134 21852 23000 25529 28384 29617 31245 36368 38681 39333 40371 40914 41036 41165 41172 41178 
115 18671 19823 20734 21183 23647 25088 26575 27585 32718 35842 37696 39092 39971 40952 41016 41091 
181 31180 33474 33909 37514 39312 40679 41169 41182 41186 41196 41198 41200 41202 
10 570 1142 1711 2041 4348 6561 7066 7923 9164 11613 16935 19438 
1 274 331 3455 5674 9480 12279 14729 15509 
3 334 537 756 1526 1830 2294 3150 5326 10716 13273 
108 17098 18426 19342 20311 23908 25600 27931 33597 36316 38262 39404 40263 40952 41016 41091 
165 28089 29209 31926 36023 37441 38953 39487 39856 40899 41100 41172 41178 
175 29528 30529 33756 36085 37243 39049 39589 40837 41110 41188 41189 41193 
125 20221 21504 22476 23748 26031 29458 31942 36774 38756 39347 40371 40914 41036 41165 41172 41178 
185 31327 32588 33447 33879 36311 38822 40234 40948 41170 41186 41196 41198 41200 41202 
158 26447 27809 28766 29940 33493 35448 38420 39921 41144 41172 41178 
190 32613 35879 38494 39221 40900 41129 41196 41198 41200 41202 
116 18705 19875 22446 25169 26336 28005 33012 36494 38220 39116 40943 41010 41085 
187 31437 34275 35910 36948 38069 39627 40439 40906 41116 41193 
10 570 1142 1711 2037 3763 6951 7826 10351 10880 11751 15876 
24 2067 3097 3920 4427 7205 8344 12821 13373 14127 18815 21606 23295 24461 25701 27546 
180 31172 35296 36962 39167 39938 40564 40698 41181 41192 41196 41198 41200 41202 
151 24953 26138 27041 27481 30088 30866 35349 36856 37859 39854 40899 41100 41172 41178 
164 28085 31592 34580 36524 39765 40890 41084 41154 41193 
3 334 537 753 938 4907 5698 7490 10431 12969 15247 16506 17414 
1 275 427 478 1201 1942 3700 7718 9295 11267 12200 12867 14746 16777 17960 20566 
186 31424 33556 35850 38621 39465 39985 40468 41111 41168 41194 41195 41197 41199 41201 
11 649 1092 1683 2414 4205 7424 9866 14892 17261 18105 20290 22033 23019 25348 25878 26814 
11 649 1092 1682 2281 5790 6836 9139 14688 17503 19794 21415 22893 25247 25800 26619 
25 2238 3043 3890 5027 7754 8826 10674 13638 19409 21627 25040 26869 29859 
22 1666 3144 6327 8796 12332 14754 20077 22597 
3 335 681 1198 3558 5883 6803 7394 9845 13284 14082 16570 17133 17956 22116 
99 15611 16661 19273 22075 23233 24871 30129 32489 35715 37883 39826 40395 40852 
163 27970 30455 35784 37991 39982 40923 41002 41162 41178 
205 34593 37224 39156 39747 40065 40724 41157 41193 
0 268 965 3174 5143 5581 9554 12004 
141 23139 24124 27251 29338 31395 33348 36421 36797 38768 40411 41028 41163 41171 41177 
4 364 1592 3097 3920 4425 6767 8311 9929 12185 15295 15994 17848 19730 21090 23553 
0 265 403 1265 2005 2519 2836 4886 10787 12908 14616 16130 18405 20095 20939 
41 4651 6749 9157 11582 14457 16801 18351 22452 24715 28256 29908 33104 
148 24785 28543 33786 37711 39507 40004 40303 41028 41163 41171 41177 
100 15645 16726 17637 18072 20514 23679 29265 30362 34851 35366 36205 37469 39084 40364 
123 20007 21058 24987 26960 27888 28585 30461 34722 35830 38011 39691 40288 41065 
6 381 1425 3351 4314 5114 5552 7921 13915 15877 17724 19279 22117 22699 23444 
3 334 537 753 922 2272 4700 7151 9661 10239 10963 15422 19534 21412 
133 21819 22976 23862 24307 26746 27639 29775 34118 35587 37022 37984 40290 40976 41163 41171 41177 
132 21815 25177 27311 29407 30975 31960 34349 38043 39787 40352 40855 41144 41172 41178 
0 266 502 1026 2238 3044 4088 4788 6270 8304 13318 15176 
3 334 539 1117 1920 2203 2721 6502 9046 10042 10618 13039 16374 17315 19682 21451 23470 
2 298 1628 3953 6039 7196 10828 
107 16899 17908 21692 24249 26726 27605 32277 34679 35616 37759 38169 38839 39567 40866 
129 21663 25131 28158 29283 30215 30672 33155 38561 39843 40619 40969 41144 41172 41178 
131 21753 22839 23808 24220 26592 32494 35000 37120 38528 39127 39761 40736 41003 
137 21935 24723 26434 28022 31143 33651 38521 40039 40877 41038 41103 41163 41171 41177 
13 888 1983 2983 3736 5986 8407 11331 16259 18516 21946 23578 26644 
138 22020 25064 27235 28276 28926 30772 34307 36635 40331 41000 41160 41178 
97 15544 16609 17583 17991 20346 21322 23319 27720 29196 30943 31991 34288 37488 38898 40430 
101 15680 19047 21555 22504 23109 25518 28936 30006 32354 32902 34414 35452 38566 40316 40852 
91 13992 16087 18524 20940 23778 26171 30286 31841 34152 35795 36587 37523 39337 40086 
171 28331 30850 32119 33921 37415 38728 40910 41151 41176 41188 41189 41193 
17 1233 1960 2493 2809 4835 6380 7368 9815 11376 11841 14295 19847 22385 24617 26300 27226 
1 274 333 4490 6911 9435 10980 12347 15876 
63 9261 10409 12145 13597 14513 14948 17433 23251 25329 27130 28735 31623 35170 37384 
117 18739 19920 20761 21212 23719 26775 32446 33569 37735 38145 38801 39715 40634 41065 
159 27263 28678 30187 30643 33123 36261 38326 39857 40112 40484 41153 41188 41189 41193 
125 20222 22321 24756 27227 30160 33032 33982 38133 39356 40199 40636 41163 41171 41177 
3 334 537 757 1548 1860 2318 3167 6996 8907 13738 17081 
48 6137 7283 9990 12726 13898 15449 18018 20415 21345 25862 27615 29308 31753 32294 33182 
108 17101 19309 21684 24047 26934 29960 30845 35743 38304 39956 40789 41010 41085 
42 5336 6628 8169 8674 11218 14302 17415 18205 20003 26063 28703 31014 32739 33633 
127 21021 23046 24510 25371 27937 31448 33294 38356 39025 39278 40503 40914 41036 41165 41172 41178 
3 334 537 753 925 3800 6466 8495 10143 13976 16296 18638 19813 23293 
1 276 454 1233 1960 2497 3650 4119 4923 5999 8455 13846 16358 
0 269 1168 2603 3441 4021 5632 9179 12712 
82 12351 13503 16051 18952 20129 21704 26903 29158 32624 35514 38193 38647 39714 
25 2238 3043 3888 4893 8963 10073 12293 17818 20653 22962 24546 25952 28426 29019 29905 
1 274 328 1397 2901 5413 9886 12320 15706 17287 20590 
26 2625 3775 5056 5494 7898 11120 14181 15077 16896 22863 25414 27787 29582 30423 
3 334 537 764 2755 4814 5587 7697 9511 10380 12844 13403 14180 
3 336 705 1179 2545 2864 6980 9607 10200 15696 18505 20946 21752 
24 2067 3097 3920 4429 7329 8867 10533 11519 15902 20599 24216 28425 
3 334 537 753 922 2274 7566 9684 11485 13654 15217 16750 19127 19650 20542 
41 4648 5938 6843 8060 11102 12005 13841 17006 19029 20867 25988 27162 31669 32216 33011 
11 649 1092 1682 2279 5601 6686 9772 10287 11184 15406 17844 23181 25700 
5 367 782 3486 6787 9152 13357 15822 16441 
3 334 537 753 926 3832 5868 9071 9720 11605 13694 14860 17486 
24 2065 2703 5389 6945 9620 10771 13212 15524 19326 21642 25073 27580 
3 334 538 1059 1626 3138 6293 8023 10603 13864 14695 15754 18846 19475 21279 
3 337 729 1361 2563 6342 10026 12326 15739 18204 
3 334 537 753 933 4756 7128 7661 8557 12767 
11 649 1092 1684 2442 3069 3633 5330 7180 9213 14403 16593 19944 22294 25306 25831 26700 
7 390 951 2190 3217 5336 6627 8142 8620 11047 16633 19212 21483 23199 24046 
3 334 545 2119 2569 3470 5709 8250 8755 12631 15076 
0 267 601 2068 3384 4342 9568 12450 14227 15607 18992 
17 1233 1960 2498 3674 4150 4949 6016 10225 12056 16600 20187 
0 271 1798 2949 4648 5942 7514 8373 9593 12014 13356 
0 264 317 821 1384 1767 4030 5736 10523 13957 
10 570 1142 1711 2042 4377 6585 7097 7957 12307 14567 15005 19518 22066 24054 24918 
10 568 871 2724 4975 6028 11430 11898 16442 18940 20188 21313 
3 334 537 768 3021 4509 5266 6366 8836 10833 12618 13274 15042 
8 441 1741 3318 4230 5085 5523 7904 10157 11147 13489 16953 17784 18897 21330 22682 
25 2238 3043 3888 4888 8269 9960 12772 15578 17544 21580 22274 24083 26119 27367 30087 
74 10849 13112 15442 18828 21010 22600 26520 28055 30104 31035 31692 33655 35541 36727 38755 
10 570 1142 1711 2037 3755 5195 6731 11813 14277 15099 17169 18911 19894 22251 22778 23718 
108 17098 18426 19342 20314 24446 26276 29180 35134 37234 39726 40462 41092 
1 274 330 2100 3989 6171 7311 10734 11549 12645 15085 16365 18171 
10 568 873 3187 5465 7881 8850 13463 15106 16163 19082 20255 21121 25210 
10 570 1142 1711 2039 4255 5237 9703 11691 13314 17191 19439 21921 
35 3417 5227 7574 10680 11700 14794 16361 20204 21786 23724 24663 25235 28883 31394 
17 1233 1960 2495 3619 6239 8118 9097 9795 11619 15835 16988 18584 22222 25638 28157 
11 649 1092 1695 4182 5756 6609 9145 12598 14370 17260 
3 334 537 753 927 3865 5964 9491 11065 16611 18372 20414 
8 440 1449 1774 3285 4211 6715 10937 12545 14433 15346 16034 17854 19730 21090 23553 
3 334 537 753 922 2273 7256 10464 12115 13668 16011 16538 17460 
126 20975 22362 23836 25211 27300 28922 32848 34478 36342 37168 37662 39165 40244 40683 41087 
173 29255 32806 37270 39791 40841 41188 41189 41193 
153 25030 27917 30430 31275 36646 37807 38977 39252 40969 41143 41171 41177 
90 13805 14804 17896 20131 22551 27363 31594 34670 37501 38036 39311 
1 280 1338 3431 5974 8414 9541 10147 11970 
10 568 874 3250 5001 5909 6484 8447 10506 12398 17531 18451 19017 22535 24855 
144 24152 26007 27681 28659 31161 35828 37300 39238 40451 40914 41036 41165 41172 41178 
140 23069 26361 29492 30509 33696 35229 38615 39609 40533 40817 41163 41171 41177 
11 649 1092 1682 2276 5159 6652 8999 10319 11251 15429 17664 18100 22683 25156 25783 
162 27958 30271 30731 35310 37606 38592 39588 40656 40966 41171 41177 
92 14758 16107 17610 18045 20433 26353 28450 30319 31873 34809 38011 39714 
114 18574 22140 24638 25568 26181 28611 32129 32956 35426 37086 37912 40024 40852 
49 6171 7302 8196 8701 11222 12034 14070 18303 19403 21619 25040 26868 29406 30919 33275 
8 439 1192 4071 6410 7010 9399 10552 13108 17189 18773 20686 22699 23444 
9 559 2153 4455 5372 8561 11020 15683 17716 22643 24509 
57 7626 9021 9996 11083 14588 16680 17767 24278 26742 29805 32377 34761 35320 36060 
3 334 537 758 1570 1890 2390 3425 8430 9362 11657 13081 14026 14856 18992 
25 2238 3043 3890 5026 7247 10646 13052 15957 19372 19972 22341 23986 28561 29101 30061 
128 21648 24079 29564 32101 37238 40068 40742 41068 41147 41171 41177 
17 1233 1960 2494 3593 4613 5431 9737 12252 13181 13776 16201 19491 20436 22809 23382 26867 
22 1666 3146 7496 10079 12485 14358 18802 20839 25745 27680 
113 18561 20788 21243 26282 28872 34576 37624 39558 41065 
74 10845 12227 13151 14137 17690 20330 21314 23179 29635 31733 33522 34931 37672 38109 38714 
3 340 918 3532 6205 7344 8223 8728 11241 17207 19704 22117 22699 23444 
130 21672 23889 24336 28290 31472 33634 34401 39560 40600 40859 41124 41177 
142 23331 24690 25607 26558 30736 32944 37054 37987 40290 40976 41163 41171 41177 
93 14824 16814 18270 19823 20734 21183 23646 24457 29487 32790 34784 36530 37832 39444 40089 40450 
10 570 1142 1711 2040 4274 5596 10271 11911 13522 14658 18999 22535 24855 
75 11623 12945 14486 14920 17277 20366 23640 27751 28851 31135 34603 36154 38896 
124 20042 21073 24143 25712 29787 31395 33339 34249 34913 36641 38346 39222 40502 
110 17922 19768 21529 22234 24071 26130 30584 33183 34327 36477 36843 39757 40734 
58 8459 9908 12076 12927 15395 19487 23401 24987 26959 27861 28485 30447 32403 33756 36108 
16 1204 2342 3281 6432 8505 10571 11403 11869 14327 15137 19572 21350 22420 25348 25878 26814 
3 334 537 754 1500 4851 7801 9325 12786 15271 16474 17370 
6 384 2877 6283 9125 11588 12445 
11 650 1626 3137 5300 8100 13145 15385 18827 20963 22920 24185 26725 
10 568 869 2620 4684 6874 9343 13129 15400 18860 21966 22633 24411 
1 274 329 1813 3511 4045 6142 7981 12298 15821 
16 1205 2366 3178 7612 9236 12574 14648 17047 
1 275 428 635 1001 3351 4314 5125 8593 11030 11903 14061 15767 16699 19104 19619 20513 
188 31519 33992 36621 37335 39723 40832 41066 41136 41189 41193 
109 17860 19189 20734 21183 23646 24456 29052 30748 32526 34009 35032 37657 40024 40852 
86 12587 15372 17083 18214 19556 24744 27069 27508 31482 34622 35233 36911 
111 18537 20970 25784 28372 29679 30833 37481 39551 40652 40866 
20 1374 3123 4599 6109 9398 15913 18479 19588 20466 21922 23973 26430 
33 3318 4230 5085 5523 7902 8855 10916 12659 13573 16837 19176 22604 23471 25909 26486 28157 
4 363 1473 3871 5994 10209 12724 17825 18637 
27 2670 4291 5825 7224 8928 10407 11349 11785 14200 20146 22198 23946 26092 28502 29068 30005 
108 17099 19150 21638 26348 32066 36062 37917 39778 40365 40734 
2 287 517 1116 1510 2619 4406 5434 7998 9192 13962 15726 16366 18896 
84 12479 13713 14540 14976 17487 18229 22763 25716 26645 29134 29730 30580 34760 
41 4648 5938 6842 7735 11446 13002 15986 20707 21154 23572 26815 29354 31776 32324 33232 
90 13806 15270 16213 17371 20810 22941 24349 25447 28474 33281 36287 37261 39608 
3 338 788 1411 2939 5307 6313 6936 8780 15545 17260 
32 3286 4730 6035 9628 11719 13541 15192 18670 
