146 12132 12746 13778 14657 15681 16282 16688 17627 19364 19609 19669 19680 19683 19684 
163 13564 14145 15261 16102 17074 17661 18092 18810 19640 19677 19683 19684 
179 15012 15605 16663 17535 18356 19277 19619 19664 19683 19684 
188 15750 16337 17384 18185 18788 19313 19424 19678 19682 
161 13486 14361 15733 17169 18128 19245 19421 19677 19683 19684 
165 13696 14267 15161 16485 16850 17631 18449 18863 19125 19666 19678 19682 
171 14284 14887 15935 16788 17882 18398 19127 19459 19629 19681 
162 13505 14372 14905 16150 17251 18504 19345 19672 19681 
140 11562 12112 12976 14320 14689 15469 17807 18294 18665 19198 19640 19677 19683 19684 
180 15028 15657 16663 17536 18433 18834 19258 19535 19586 19683 19684 
152 12763 13378 14092 14893 15919 16718 17355 18811 19075 19328 19588 19676 
127 10585 11136 12243 13194 13990 14491 15399 17976 18900 19347 19494 19631 19673 
175 14517 15983 17400 18684 19340 19572 19608 19683 19684 
18 889 1592 2001 3470 4838 5427 6574 7442 9390 9959 10828 12148 12505 13344 
154 12850 13475 15774 16751 18265 18953 19368 19648 19673 
128 10604 11477 12833 14308 15332 16901 18937 19240 19506 19612 19672 19681 
156 12886 13479 14500 15367 16400 16951 17376 18262 19560 19666 19678 19682 
141 11596 12527 13008 13544 14457 16387 16697 17860 19389 19613 
3 303 980 1975 3282 4292 5111 5776 7472 7923 8483 9382 10717 11048 11903 
78 6262 6834 8034 9218 10415 12933 14123 15079 15521 16448 17035 18078 18786 
173 14437 14992 15860 17214 17983 18748 19228 19526 19603 19678 19682 
130 10680 11308 12874 13869 15498 15951 16869 19067 19508 19634 19665 
94 7696 8209 9087 10621 10927 12106 14414 15352 16440 17760 18634 19143 19404 19577 
0 257 459 662 1841 2582 3550 4398 5001 6724 7187 7755 8669 10006 10355 11134 
6 393 610 1165 1893 2855 3687 4312 5997 6474 7059 7915 9304 9654 10486 
123 10080 10644 11532 13521 13812 14986 17319 18174 18988 19513 19648 19673 
137 11331 11918 12375 13309 15817 17003 17929 18328 18993 19283 19581 19657 
15 730 1175 2204 3041 4045 4629 5080 6057 8583 9809 10733 11511 12232 
1 271 348 506 1027 3458 4695 5616 6077 7076 7664 8730 9620 
4 320 426 963 2474 2887 3817 6442 7631 8552 9047 
0 256 335 645 1215 2169 2951 3603 5236 5731 6304 7227 8570 8919 9709 
10 490 719 1408 2724 3501 4464 5305 6324 6980 9473 10354 
116 9408 10373 10811 11383 12265 13601 13976 16238 17196 17801 18654 19173 19473 19600 19644 19673 
119 9882 10418 11224 12027 13035 13833 14484 16047 16466 17949 19003 19289 19581 19657 
61 4761 5677 6233 7852 8867 9757 10173 11099 13632 14854 15786 16202 17161 18054 
3 300 713 2813 3720 4830 6196 7236 8087 
136 11313 11904 12702 13447 14464 15311 17180 17769 18654 19174 19518 19641 19668 19676 
12 570 1260 1508 2920 4114 5007 5373 6944 9248 9831 10911 11805 
101 8335 10302 11148 11621 12524 15129 16314 17225 17699 18508 18928 19413 19593 
1 271 348 506 1026 2753 3929 6215 7654 8402 9448 10235 10885 11869 
14 692 1125 1498 2392 4963 6173 7126 7600 8520 9117 10157 11047 
7 409 624 903 3252 4179 4655 5574 6208 7262 8154 
151 12659 14153 15663 16268 16994 17825 18108 18978 19646 19678 19682 
9 444 655 1482 2308 3108 4063 4345 5846 7096 8981 
9 449 1559 2129 3074 3524 4097 4973 6356 6756 7560 
3 308 1628 2764 4108 5590 6614 8308 
14 693 1376 1873 3116 3856 4776 5351 5815 6775 9350 10530 11449 11973 
0 256 337 907 1956 4268 5166 6315 7112 7505 8254 
3 300 710 1861 3982 5071 5931 6372 7873 8941 9653 
1 271 355 1359 1755 2617 3194 3966 4740 5782 6632 7252 7990 
4 325 993 1678 2341 2796 3368 4242 5602 6029 6810 
0 259 579 1243 1820 2194 3135 5634 6909 7837 8625 9149 10355 11134 
184 15244 16167 16586 17150 18017 19037 19187 19484 19617 19682 
7 409 624 898 1705 4197 5404 6394 7176 8495 10157 11047 
6 393 610 1166 1939 2220 3361 5699 6665 7767 9137 10140 11001 
0 262 1079 1905 2428 3242 4016 5039 5877 6531 7406 
4 320 425 819 2020 2373 3163 4122 4736 7100 8089 9743 
4 321 537 1226 1740 2495 3344 3644 4812 7204 8109 9239 10006 10355 11134 
17 827 1300 2103 3404 3766 4581 5478 6060 6900 7737 9363 10748 11811 12800 13249 13967 
164 13582 15097 16136 16818 17309 18767 19302 19499 19584 19677 19683 19684 
160 13250 14248 15909 16604 16972 18403 19118 19436 19548 19668 19676 
0 256 338 1030 1787 2599 3138 3618 4519 7144 8312 9848 10902 11770 
103 8431 9062 9491 11202 12163 12965 14280 16664 17864 18598 19358 19475 19605 
127 10587 11488 12015 13557 14951 15277 16422 18618 19169 19541 19633 19658 19675 
167 13795 14716 15169 15739 16578 17916 18245 18844 19336 19651 
153 12781 13392 13803 14749 17243 18371 19015 19371 19516 19658 19675 
169 14196 14752 15552 16357 17361 18143 18650 19464 19567 19627 19674 19684 
111 9182 9744 10520 11296 12333 13129 13757 15699 15961 17420 18522 19090 19262 19613 
100 8000 8832 9267 10893 11807 14351 15585 16772 17874 18931 19407 19592 
12 569 1047 1417 1963 2838 4794 5089 6298 8646 9574 10655 11436 11819 12637 
147 12181 13663 14707 15431 17092 17683 18389 18967 19136 19537 19666 19678 19682 
159 13077 14538 15770 17576 18002 18496 19072 19546 19594 19662 
30 1983 2593 3628 4486 5496 6141 6565 7524 10038 11539 12461 13968 14820 
29 1924 2775 3297 4941 5911 6811 7278 8174 10780 11974 12915 13377 
19 1146 2735 3208 4027 4614 5395 6280 6590 7749 10098 11002 12123 12902 13290 14044 
13 675 1113 2050 3018 3820 4685 5467 6540 7340 7995 9918 10183 11652 12866 13752 
112 9201 10047 10554 11997 12752 13762 14569 15238 17113 17838 18314 18914 19285 19578 19651 
131 10697 12162 12943 13460 14877 15646 16646 17449 18072 19199 19396 19539 19672 19681 
106 8536 9163 10157 11022 12351 13269 14966 15849 17144 18530 19159 19605 
5 367 1181 2188 3784 4251 4818 5723 7684 8705 9540 10130 10883 
142 11631 13098 14300 15202 15570 17931 18591 19332 19630 19674 19684 
51 3944 5435 6989 7561 8025 8938 11467 12680 13617 14393 14919 16149 16950 
1 271 348 511 2525 3440 3888 4758 5337 6163 6966 7941 8831 
144 12053 12593 13642 14635 15485 16304 17025 18055 18700 19089 19625 19650 19683 19684 
177 14934 15827 16343 17609 18572 18924 19563 19656 19684 
2 286 388 1334 2279 4231 5562 8009 8918 
129 10664 11290 12359 13217 14214 14766 15252 16146 18566 19268 19551 19606 
138 11400 12007 13060 13915 15892 16428 17342 18538 18797 19380 19517 19658 19675 
1 271 348 507 1434 2295 3379 4166 4524 5664 7309 8500 9416 9778 11289 
107 8678 9228 10123 12071 12384 13538 15870 17041 18099 18723 19030 19562 
13 677 1397 2669 4138 5148 6859 8695 9418 9978 10567 11605 12504 
95 7716 8604 9126 10790 11730 14080 15139 16080 16872 17728 18426 19110 19435 
16 746 2033 2442 3326 3833 4320 5749 6678 7779 9837 10836 11683 12324 13193 
11 524 2547 3610 4549 4981 5549 6491 7800 8155 9014 
3 307 1528 2702 3570 4150 4752 5799 6691 7463 8208 
3 301 766 1679 2635 2898 4368 5833 8362 9464 10299 
8 436 845 1329 2985 3419 4908 6048 7025 7288 8798 
0 256 335 646 1346 1687 2396 3326 3833 4318 5215 7905 9094 10019 10519 
10 491 927 1456 2138 2686 3276 4328 5184 6340 6987 9994 10948 12591 
2 286 387 874 1644 2511 4877 5644 7070 8508 9522 11201 
0 256 336 801 2072 3388 3976 5055 5975 7815 9317 10405 11097 
44 3309 4208 4722 6452 7409 8255 8721 9673 12233 13424 14333 14853 
4 320 427 1294 2710 3666 5276 6560 8449 8747 10204 11416 12323 
102 8413 9048 9799 10573 11579 12405 13028 14602 15046 16516 17568 18465 18672 19427 
120 9900 10439 12040 13414 14185 15186 16013 16640 18215 18604 18981 19395 19633 19658 19675 
0 258 480 1466 2241 2848 4431 4856 6411 7784 8396 9473 10354 
94 7697 8593 9953 11424 12440 14062 16372 17282 17788 18794 19226 
22 1311 1887 2871 3744 5566 6499 6886 9288 10069 11395 13060 13934 
8 440 1708 2111 2675 3542 4894 5218 6140 
121 9972 11352 12084 12638 13051 13987 16569 17738 18550 18879 19291 19498 19658 19675 
170 14214 14767 15611 16679 17503 17899 19056 19544 19673 
135 11234 12713 14109 16500 17261 17778 19045 19446 19605 
87 7007 7583 8353 9169 9498 10638 12985 13888 15003 15806 16548 17482 18293 
60 4541 5516 6245 7154 7670 8919 9697 12273 12839 13713 15066 15402 16267 
