93 6582 6990 7381 7916 8615 8957 9981 10198 10245 
0 157 199 265 730 1052 1336 1975 2275 2627 3479 
70 4787 5122 5366 6081 6509 6818 7477 7790 8163 9266 9604 9948 10187 10240 10251 
88 6071 6662 7157 8047 8397 8731 9004 9638 9870 10046 10219 10245 
4 226 465 722 1937 2553 2974 3407 3851 4349 
2 183 298 1198 1840 2265 2684 3102 3608 3895 4519 
9 499 758 969 1627 2026 2309 2936 3226 3570 4439 
3 214 406 683 1064 1394 2244 2571 2892 3113 3828 4218 4485 5151 5619 6051 
101 6916 7408 7705 8245 8868 9170 9854 10055 10148 10224 10254 10259 10260 10261 10262 
2 182 251 365 936 1303 1565 2209 2488 2837 3720 
2 182 251 366 1102 1679 2634 3034 3529 3924 
96 6622 7495 7894 8229 8460 9178 9551 9762 10104 10185 
92 6376 7270 7610 7959 8262 8982 9311 9564 10012 10132 
7 354 736 1000 1454 2038 2365 3175 3800 4111 4372 5093 5452 5780 6457 6804 
3 215 425 701 1156 1793 2135 3390 4012 4440 4890 5609 6196 
60 4030 4357 4583 5332 5747 6083 7032 7325 8028 8338 8705 9281 9617 9959 10185 
83 5797 6200 6884 7716 8130 8433 8802 9435 9751 9909 10164 10227 
66 4520 4853 5138 5856 6239 6565 7395 8747 9372 9721 10005 
10 672 1031 1382 1879 2521 2857 4127 4768 5209 5670 6105 6772 
0 157 199 266 873 1483 1773 2125 2953 3312 3721 4165 
53 3559 4051 4718 5074 6418 7079 7517 7993 8449 8963 9242 9695 10045 
4 227 535 889 1354 1741 2114 2614 3637 3862 4548 4983 5266 5932 6272 
2 182 258 982 1439 1660 2372 2777 3018 3683 4093 4519 
102 6959 7447 8081 8417 9051 9390 9655 9825 10147 10259 10260 10261 10262 
94 6592 6899 7239 7942 8326 8600 9224 9537 9802 10178 10235 10253 10262 
111 7662 8199 8512 9127 9782 9989 10100 10236 10259 10260 10261 10262 
83 5798 6220 6875 7736 8150 8672 9355 9631 10092 10226 
76 5062 5593 6273 6641 7976 8632 9069 9481 9820 10078 10171 10243 10257 
5 242 520 1085 1404 2651 3295 3835 4184 4836 5254 5519 6147 6563 
7 358 1282 1599 1921 2197 2864 3214 3513 4166 4471 
61 4083 4626 5026 5486 5849 7182 7875 8316 8765 9202 9642 9848 10137 
79 5355 5863 6166 6735 7291 7631 8522 8916 9185 9494 9979 10123 10191 10249 10257 
20 1353 1721 2105 2593 3277 3600 4870 5539 6304 6650 7609 
4 224 339 599 1181 1531 1809 2425 3363 3781 4271 4684 
0 157 201 377 650 928 1702 2086 2378 2705 3357 3731 3980 4596 4982 
3 216 629 917 1910 2325 2807 3194 3577 4067 4685 5053 5745 
6 321 545 773 1411 1761 2059 2717 2984 3349 4198 4573 5187 5554 5972 6456 
11 682 942 1252 1904 2297 2538 3125 3492 3821 4645 5044 5577 6391 6853 
78 5323 5950 6338 6691 7251 7527 7934 8815 9140 9450 9669 10076 10180 10228 10255 10258 
73 5024 5338 5692 6384 6805 7063 7692 8713 9126 9579 9862 10069 10218 
77 5303 5653 5919 6684 7550 7828 8473 8848 9159 9710 9932 10119 10218 
5 243 578 958 1417 1691 2227 2756 3073 3925 4299 4808 5464 5837 6508 
95 6611 7118 7645 8020 9341 9833 10084 10154 10246 10259 10260 10261 10262 
80 5398 5908 7046 7465 8222 8565 8888 9504 9729 9971 10177 
72 5014 5430 5827 6358 7011 7375 8294 8650 8989 9212 9803 10032 10133 10240 10251 
1 172 278 760 1264 1543 1896 2735 3052 3374 3669 4350 4705 4996 5705 6016 
115 8120 8543 8935 9409 9806 10006 10213 10259 10260 10261 10262 
93 6581 6970 7355 7811 8177 9040 9887 10073 10243 10257 
105 7344 7757 8168 8688 9324 9626 10209 10247 10261 10262 
71 4825 5409 5807 6088 6475 7176 7562 7843 8500 9440 9774 10052 10174 10231 10251 
7 355 820 1136 1521 1954 2394 2870 3144 3659 4751 5083 6051 
1 175 561 1122 1824 2143 2913 3995 4317 5169 5779 
4 224 342 786 1187 1583 2364 3155 3540 3835 4184 4835 5242 5504 6128 6542 
98 6854 7200 7466 8361 9017 9296 9613 10114 10203 10237 10248 10260 10261 10262 
87 6052 6402 6704 7402 7778 8103 8784 9079 9428 10025 10138 10216 10249 10257 
8 396 803 1315 1620 2467 2843 3331 3959 4309 4961 
2 182 253 611 851 1174 2005 2344 2668 2924 3630 3946 4252 4922 5241 
97 6629 7139 7858 8191 9465 9922 10193 10239 10260 10261 10262 
4 225 445 712 1500 1858 2182 2405 3080 3480 3765 4386 4842 5302 
103 7098 7431 7673 8426 8835 9111 9678 9884 10234 10252 10262 
63 4280 4555 4910 5630 5982 6289 6948 7948 8377 8905 9252 9589 9973 10137 
21 1363 1633 1993 2645 3006 3262 3884 4853 5139 6017 6718 7164 7609 
14 908 1215 1471 2176 2509 2789 3441 3751 4619 5636 6320 6773 7238 
42 2818 3246 3586 4403 5128 6115 6892 7312 7574 8275 8578 8945 9536 
81 5553 5893 6927 7639 8072 8724 9099 9434 9740 9901 10157 10226 
1 173 303 671 1018 2075 2447 2816 3086 3428 4104 4472 4735 5378 5779 
0 157 202 481 841 1231 1649 2154 2441 3652 4231 4538 5121 
