128 13261 14127 14849 15218 16211 18488 19279 19900 20088 20462 20565 20580 20583 20588 
119 12445 13282 14294 14927 16317 19079 19861 20338 20421 20575 20586 
137 14336 15508 17512 18553 20017 20118 20368 20582 
145 15268 16217 17162 17484 18414 18635 19179 19763 20008 20424 20587 20588 
2 247 383 801 2224 3002 4102 4772 5135 6099 6415 8433 9352 10124 10488 
109 11171 12347 14432 15483 16523 16810 17790 19789 20246 20477 20519 20585 
3 272 1331 2370 3784 4608 5735 6431 6742 7749 7998 
3 266 407 2575 3473 4414 4722 5823 7323 7859 8779 
8 425 1204 1547 2040 2777 3108 3711 5133 8072 9118 10163 10489 11447 13140 14244 
134 14043 14916 15688 15995 16856 17794 18663 19312 19947 20350 20504 20586 
100 10207 11040 13738 14656 15515 15888 16852 19559 20159 20489 20573 
3 268 629 1312 2151 2933 3248 4076 5031 5952 6720 8985 10406 
136 14175 14642 15258 15454 16128 16875 17338 19308 20364 20550 20587 20588 
143 14986 15835 17897 18911 19612 19991 20358 20585 
149 15631 16678 17400 19345 20050 20390 20505 20561 20588 
147 15590 16511 17279 17634 18434 19247 19929 20280 20471 20518 20561 20588 
129 13421 14212 16491 17617 18679 19419 20016 20575 20586 
133 14011 15113 15494 16148 16640 17209 18266 19009 19878 20077 20286 20394 20579 
0 220 1102 2909 3174 3796 4627 6754 7853 
84 8413 9294 10274 12711 13608 14557 16666 17298 18051 19682 20197 20330 20510 20571 
87 8722 9338 10110 11553 13439 14477 17188 18131 18829 19106 19741 20227 20474 20549 
95 9547 10741 12844 13897 16541 16822 17708 18511 19372 19826 20294 20506 20562 20576 
112 11647 12588 13390 13679 14596 16922 17848 18720 18995 19750 20521 20585 
102 10500 11454 12380 12724 13336 14703 17602 18591 19470 19717 20224 20551 20582 
103 10586 11855 12506 13604 14974 15788 16935 17590 17932 19708 19842 20175 20425 20493 20585 
123 12766 13918 16586 17662 18731 19621 20038 20551 20582 
88 8871 9803 10807 11134 11797 13138 16024 17083 18142 18424 19242 20316 20549 
118 12426 13325 14138 15290 18171 19132 19936 20381 20523 20585 
1 228 304 570 737 1454 1904 2482 2687 3326 4136 4553 5708 8598 9666 10822 11929 
6 356 1264 2077 2979 3849 6321 7215 8213 
25 1790 2885 3978 5406 6208 7336 7999 8343 9363 9834 11968 12639 14718 15834 
7 393 611 939 1144 1756 2529 2896 4096 6377 8785 9745 10050 10985 11495 12066 12320 
2 249 541 1060 2316 3149 4303 7008 8111 
2 247 389 2432 3382 4457 5359 6112 6443 7292 8221 9177 
91 9225 10098 10895 11227 12088 13038 13970 16428 17359 18223 19542 20044 20441 20552 20579 
113 11666 12598 13474 14962 15771 17268 18352 20083 20406 20544 
0 215 313 1617 4003 5005 5331 6530 7372 8355 9043 
130 13518 14108 15862 16351 17115 17866 18750 19487 19976 20138 20491 20573 
146 15353 16448 17443 18323 19028 19888 20528 20588 
138 14350 15445 17322 17816 18202 18788 19632 20360 20511 20582 
50 4747 5934 8011 9044 10081 10768 11120 12109 15004 16057 17231 18349 
0 222 1193 2162 2493 3413 5386 6485 7176 7510 8153 8680 
1 236 960 1789 2608 3574 4218 5259 6155 6962 7285 
1 229 321 767 1239 1560 2526 5435 6504 7645 8681 9055 9693 10302 
0 217 627 3216 4275 5292 5635 6631 8324 9438 
111 11373 12216 13203 13834 14815 15736 18064 18386 19165 19807 20273 20452 20556 20586 
75 7394 8454 9459 10253 10884 11987 14281 15198 16179 16979 18036 18602 19154 19590 19963 20389 
110 11341 12113 12518 13711 15930 18355 19197 19448 20031 20243 20497 20545 20569 20582 
13 676 1808 2591 3924 4747 5933 7935 10407 11392 11738 12609 13077 13640 13890 
0 218 927 1838 2180 2989 3459 4055 4322 4955 5769 6170 8319 10225 11314 
2 247 384 1473 2553 3204 3542 4566 4784 5418 6256 8930 9843 10769 11720 12065 
6 353 901 1601 2731 4738 7202 8165 8530 
5 330 707 1363 1668 2504 3419 4372 5240 6144 7060 9480 10419 11440 
98 9997 10928 11767 12076 13033 15341 16271 17177 17497 18450 20105 20532 
121 12486 13504 13902 14513 15055 15615 17135 17998 18809 19589 20517 20575 20586 
3 266 405 1969 3027 3893 4523 6308 6771 7101 7817 10142 11269 11991 12332 12971 13503 
49 4590 5071 5675 5879 6549 7311 7734 8891 11162 13630 14867 15229 16109 16957 17940 18590 
127 13242 14116 15052 16574 17382 18466 19038 19339 20418 20457 20534 20577 20581 20588 
131 13691 14602 15575 15903 16800 17041 17688 18455 18802 20263 20567 20585 
10 502 1079 2000 2644 3633 4542 5310 5658 7945 9084 11256 12322 14084 14431 
0 219 988 3137 4204 5726 6810 7531 8318 
2 247 386 1919 2812 3129 5603 6583 6882 7786 8260 8848 9117 
0 215 314 1716 2737 3765 4065 5027 7358 8274 9192 9513 11340 
124 12781 13928 15741 16238 16617 17268 18350 19535 20039 20437 20573 
13 674 1420 2287 4695 5615 6603 7604 8553 9318 9665 
2 248 448 993 1864 2749 3613 4531 5471 7888 8798 9794 
0 216 476 1295 2401 3024 5757 6691 7592 7917 9004 10973 11477 12379 
4 283 590 1250 1574 2210 3522 6471 7498 8565 8858 9795 11558 12671 
1 229 320 719 949 1859 4124 5085 5941 6334 7415 8948 9977 10379 
4 291 1697 2393 3595 4351 5103 6014 6931 7678 8071 
86 8613 9441 12160 13091 13999 14315 16768 17740 18082 18881 19296 19753 20064 20311 20465 20537 20571 
2 247 383 802 3096 3982 4975 5780 6873 8376 9129 9905 
4 284 1025 1626 1987 2922 3443 4400 4707 5371 6737 9534 10630 12129 13223 13602 
117 12196 13460 15318 15982 16321 17347 17550 18293 18847 19500 20401 20538 20558 
82 8112 8896 9280 10520 12756 15186 16160 16462 17370 17837 18870 19265 19910 20303 20530 
90 9204 10315 10997 13140 14228 16600 17406 19524 20151 20397 20515 20573 
92 9245 10036 11073 11855 12506 13605 15876 16780 17759 18532 19436 19870 20186 20373 20487 20573 
6 349 693 1172 1776 2289 2844 3653 4287 4922 5473 6035 7129 9374 9861 10439 10700 
7 393 614 1441 1638 2250 3056 5148 6226 7089 7704 9693 10302 
4 286 1116 2057 2967 3746 4038 6387 7525 9603 10703 12555 12904 
7 393 612 1015 2019 2343 3163 4308 4661 5221 5565 7665 8781 10194 11020 12173 12832 13171 14152 14402 
6 351 857 1468 3725 4859 6000 6348 6988 9875 11824 12930 
6 354 1219 1938 2824 3698 4498 4818 6190 6677 7236 7467 9524 10726 11094 11630 12395 13134 
10 506 1497 2374 2954 4016 4246 4902 5711 6085 7289 10241 12006 12983 13323 
0 215 315 2236 3278 4427 5531 5919 6570 7063 7626 8721 
1 228 302 372 1189 3814 4875 6056 7150 7959 9069 9444 9939 10806 
1 228 303 416 2419 3360 3667 4590 5074 6179 6661 7577 
9 437 1967 4843 5908 6944 7246 8214 9919 11071 
106 10862 11686 12691 13454 14031 15083 17472 18367 19215 19800 20468 20555 20586 
38 3306 4161 5182 5837 6828 7711 8482 8830 11148 12279 12677 13184 13530 14187 16333 17437 
96 9705 10607 11588 12264 14796 15720 16636 18160 18893 19774 20112 20269 20495 20526 
135 14062 14835 15843 16696 17525 18630 20150 20585 
83 8134 9267 10334 11812 12621 13716 14361 14705 15676 15967 18185 18938 20265 20513 
59 5686 6639 7578 7902 8469 10523 14323 15398 16890 17963 18710 19385 19663 
120 12468 13561 15939 17108 19018 19821 20434 20554 20574 
14 784 1491 3524 4632 5545 6136 7875 8394 8734 9406 11700 12859 13936 14700 
109 11171 12349 15018 16083 17248 18254 18986 20025 20232 20369 20513 
114 11838 12673 14941 16037 16753 17100 18942 19356 19891 20255 20482 20559 20581 20588 
83 8133 8957 9957 10645 11956 12579 14245 14776 15140 15766 18112 19089 19636 20094 20418 20461 
99 10016 10951 11874 13408 14200 16900 17578 17914 18817 19050 19549 20049 20551 20582 
15 830 1384 2540 3076 3828 4446 5500 6996 7806 10550 11184 11576 12544 13062 13988 14756 15112 
105 10843 11787 12739 13820 15308 16389 16727 17538 18620 20017 20120 20422 20579 
6 352 875 1589 2672 3062 3555 3913 6204 8531 9617 10338 10712 11361 11903 
140 14525 15375 16370 17026 19402 19998 20319 20413 20533 20582 
91 9226 10449 11442 13351 14448 15561 18017 18860 19507 19722 20192 20450 20573 
70 6848 7774 8651 10181 11005 12657 15128 15707 16559 17893 19567 20174 
125 12931 13775 14736 15412 16409 17311 18064 18397 20100 20455 20537 20570 20584 20588 
7 393 613 1430 1889 2791 3496 4935 5801 6790 7444 10303 10917 12532 12819 
97 9725 10539 10939 12238 13762 14260 15032 15652 16723 18974 19693 20211 20447 20574 
35 2989 3462 4579 5053 5450 6074 7145 8584 9394 12138 12820 13159 14164 14624 15526 16314 
12 655 1396 2132 2459 4188 5579 7023 7823 10573 11509 12416 13372 13678 
3 266 406 2118 4604 6911 8028 9178 9496 10528 11607 11955 
151 15917 17070 17728 18226 18772 19664 20108 20467 20587 20588 
139 14493 15293 15664 17000 18498 18955 19575 19975 20575 20586 
25 1794 3229 3884 5204 5972 6848 7774 8653 11108 12018 13002 13803 15185 
6 350 844 1527 2269 3057 5165 6259 7190 7766 9444 9938 10747 11552 
7 394 804 1342 2097 2716 3347 3851 4477 5279 6288 7046 8908 9561 9906 10961 11226 
126 12951 13753 14575 14885 15753 16261 17459 17979 18305 18909 20439 20547 20586 
9 436 1729 2868 3951 4760 5870 7723 8242 8632 9438 
11 521 1047 1408 2630 4148 4676 5504 6363 7489 9306 9602 
