140 7318 8611 8995 9468 9956 10013 10025 
132 6744 7414 8000 9057 9664 9950 10025 
138 7112 7971 8664 9121 9340 9768 9972 10025 
141 7398 8039 8313 9220 9602 9903 9968 10025 
103 5173 5860 6430 7508 8275 8828 9748 9899 10013 10025 
101 5158 5624 5954 6761 7333 8479 8933 9277 9835 9946 10013 10025 
93 4688 5440 6070 7093 7765 8198 9360 9617 9953 10017 
149 7757 8148 8490 9638 9828 9990 10022 
143 7424 8031 8680 9253 9608 9867 9942 10025 
2 236 804 1598 2200 2655 3008 3950 
21 823 1411 2094 2804 3232 3500 4703 5263 6330 6959 7719 
133 6913 7379 8303 9148 9676 9879 9962 10020 
4 257 689 1121 1508 1808 3142 3483 4050 5147 5782 6553 
136 7021 7684 8328 8986 9527 9891 9965 10025 
4 259 741 1160 1720 2015 2854 3403 4578 5036 
73 3594 4425 4954 5433 6095 7003 7585 7829 8471 9106 9542 9818 9982 
0 217 856 1473 1866 2208 3159 3771 4263 
4 255 468 1581 1912 2479 3576 4211 4980 
6 283 1204 1545 2121 3188 3817 4577 
5 272 420 728 1949 2308 2928 3951 4624 5333 
11 411 1050 1849 2302 3520 3869 4499 5522 6195 6904 
97 4981 5690 6707 7271 8432 8820 9568 9823 9998 10022 
68 3383 4119 5136 5700 6866 7260 8131 8578 9374 9779 9935 
2 237 813 1367 2380 3053 3762 
7 317 716 1293 1814 2290 2883 3861 4470 
127 6608 6986 7911 8724 9401 9731 9853 10007 
8 334 650 885 1643 2217 2694 3300 4226 4668 
127 6609 7230 7541 8881 9327 9706 9830 9983 10018 10025 
50 2391 2931 3198 3978 4681 5880 6274 6834 7901 8525 9244 
84 4265 4862 5165 5996 6537 7721 8628 9245 9579 9775 10001 
4 256 474 974 2005 2638 3126 4310 4891 5592 6340 6806 
16 554 1339 2024 2482 2812 3619 4192 5352 5834 
8 333 578 824 1546 2246 2979 3466 3844 4770 5294 
0 215 518 1062 2153 2548 3565 4127 4927 
144 7518 8013 8962 9428 9620 9887 10004 10023 
64 3106 3764 4472 5346 6662 7037 7641 8657 9287 9767 
134 6924 8230 8587 9171 9850 9990 10022 
121 6241 6849 7811 8345 8595 9212 9697 9918 9996 10021 
147 7552 8443 8924 9312 9856 9973 9997 10025 
0 212 386 1012 1278 2164 2684 3081 3969 4785 5359 5835 6400 
130 6728 7567 8104 8570 9184 9408 9864 10022 
0 214 501 817 1994 2556 3327 3602 4273 4939 5734 
0 216 841 1418 1895 2264 2701 3320 4049 
108 5532 6356 6940 8096 9002 9335 9794 9945 10017 
1 223 357 561 1188 2334 2728 3288 4365 4993 5779 
98 5038 5659 5962 6629 7855 8204 8752 9671 9922 10011 
0 213 397 1491 1942 2755 3376 4116 
88 4391 5057 5908 6556 7287 8186 8698 8970 9493 9875 10002 10019 
4 256 475 1104 1575 2738 3132 3692 4759 5388 6148 
105 5353 6073 6500 7351 7850 9019 9534 9802 9915 10010 10024 
118 5980 6652 7192 8287 9045 9530 9978 10016 10025 
14 484 1005 1690 2605 3905 4299 4859 5936 6564 7350 
23 893 1311 1555 2193 2900 3586 3995 4289 5450 6286 6906 7640 
78 3879 4542 5192 5871 6512 7675 8247 8874 9500 9693 9987 
119 6176 6590 7526 8373 9071 9469 9684 9977 
3 248 623 1260 1661 1922 2509 3223 4612 
1 225 680 1232 1842 2517 2824 3814 
20 796 1381 1636 2450 3206 3638 4169 5497 6348 7119 7756 
10 403 767 1068 1797 2564 2838 3514 4715 5335 6042 6736 7162 
91 4613 5480 6252 7451 7819 8400 9395 9796 9986 
11 410 1041 1756 2031 2719 3370 4502 4930 5899 6706 
17 562 1194 1717 2794 3420 3899 5092 5652 6401 7104 7672 
125 6520 7468 8086 8540 8863 9525 9990 10022 
129 6635 7222 7926 8506 9562 9954 10012 10024 
9 342 945 1628 2124 2399 3271 4669 5208 5460 6114 6833 
79 3962 4513 4777 5548 6160 7406 7944 8213 8782 9416 9784 9936 10006 
109 5540 6014 6264 7441 8070 8907 9352 9843 9988 10014 
89 4409 5081 5621 6719 7496 8081 9175 9652 9958 10008 
13 457 977 1268 2048 2611 3099 3697 4177 5299 6329 
3 247 605 1079 1845 2960 3359 4356 5108 5736 6498 
1 222 290 451 1370 1788 2785 3564 
34 1537 2066 2318 2972 3665 4383 4803 5072 6462 7163 7919 8431 
71 3493 4081 4832 5747 7049 7693 8295 8755 9063 9730 
2 230 349 901 1446 1904 2426 3048 4163 
76 3779 4739 5849 7012 7876 8673 9452 9911 9994 
15 545 919 1167 1748 2406 3017 3476 4063 5046 5591 
4 256 476 1223 1966 2596 3726 4326 4946 5404 5797 6239 
19 734 1130 1482 2351 3044 3447 4376 5236 5947 6440 7306 7810 
120 6185 7064 7760 8790 9080 9756 9926 9993 10015 10024 
128 6618 7204 8179 8834 9093 9630 9900 10009 
