5 185 470 770 1090 1329 1658 1907 2116 
66 2117 2260 2496 2716 3040 3131 3221 3255 
60 1900 2131 2521 2685 2941 3052 3186 3242 
70 2228 2529 2757 2897 3024 3229 3257 3260 
52 1665 1887 2175 2403 2738 2959 3113 3185 3253 
3 143 394 571 738 905 1050 1311 1519 
65 2097 2416 2828 2953 3134 3216 
45 1422 1640 2043 2212 2640 2793 2912 3149 3211 
1 126 206 585 754 1037 1180 1429 1638 
2 133 347 507 794 1107 1291 1415 1672 1873 
21 666 811 1057 1277 1442 1605 1774 2083 2247 2371 2628 2827 
9 283 595 885 1224 1644 1782 2018 2246 
74 2352 2489 2746 2998 3109 3249 3259 3260 
4 157 250 391 853 1069 1235 1376 1712 
0 119 288 456 612 790 925 1194 1395 
58 1855 2292 2447 2725 2847 3062 3175 
14 436 661 971 1206 1361 1524 1839 1998 2136 2385 2594 
75 2378 2597 2987 3141 3202 3243 3258 
72 2279 2426 2575 2884 3070 3160 3219 3258 
7 230 423 721 959 1121 1273 1712 
2 134 356 628 1082 1265 
0 114 150 322 522 688 919 1336 1504 
69 2224 2653 2873 3010 3110 3228 3253 
0 116 190 334 486 648 803 1061 1470 1619 1947 
3 138 223 443 632 831 987 1137 1565 1743 
13 410 551 819 1022 1187 1411 1822 2030 2192 2354 2574 
59 1874 2011 2267 2469 2854 3036 3197 3247 3258 
62 1965 2300 2508 2669 2811 3153 3224 3252 
1 127 266 537 680 946 1146 1486 1814 1982 
44 1396 1533 1789 1983 2143 2367 2778 2969 3089 3176 3235 
23 708 869 1004 1344 1552 1723 2162 2316 2443 2792 
82 2621 2841 3080 3192 3236 3256 3260 
36 1161 1304 1540 1755 1919 2068 2251 2545 2700 2980 3106 
53 1686 1893 2150 2343 2706 2988 3168 3250 
29 932 1156 1456 1751 2177 2476 2614 2861 3035 
81 2605 2928 3057 3182 3250 
73 2333 2770 2917 3122 3183 3245 3258 
0 115 170 302 429 696 895 1267 1588 
8 237 372 502 844 1013 1441 1589 1745 2066 
6 210 315 559 775 939 1176 1573 1801 1963 
