115 23560 25538 26335 26833 27908 28760 28974 29042 29101 29105 29107 29108 29109 
132 27319 28253 28587 29038 29096 29102 29108 29109 
121 25477 27263 27709 28427 28759 29039 29096 29102 29108 29109 
114 23346 25579 27337 28631 28962 29085 29097 29109 
112 23206 24543 25325 26898 28534 28983 29081 29107 29108 29109 
99 20557 22536 25730 26997 28267 28595 28772 29100 29107 29108 29109 
67 13625 15566 16252 16969 17960 20860 24911 27316 28428 28907 29051 
109 22902 25165 26638 27514 28041 28544 28876 29068 29107 29108 29109 
67 13632 16134 17597 19613 20554 24939 26699 27451 27960 28219 28775 28954 29051 
108 22747 23999 25426 26014 26970 28052 28483 28654 28946 29025 29059 29082 29107 29108 29109 
122 25498 26646 27258 28170 28619 28836 28934 29064 29087 29102 29108 29109 
109 22903 25534 27489 28328 28938 29020 29054 29081 29107 29108 29109 
120 25277 26325 27277 27712 28315 28930 29064 29087 29102 29108 29109 
100 20616 22845 24530 25743 26534 27338 28126 28503 28904 29099 29107 29108 29109 
6 308 730 1194 2511 3496 4240 4677 5517 8267 9769 12410 13130 
64 12169 13918 15388 17545 19535 21673 22866 23827 26154 26729 28004 28465 28704 
97 20355 22942 24509 26395 28417 28758 29038 29096 29101 29105 29107 29108 29109 
57 11340 13827 15358 17296 18265 23170 25199 26133 27616 28740 
70 13813 15741 17526 19418 20993 23798 24471 25560 27397 28647 29045 
0 157 429 1099 2358 3193 4472 7535 8803 10325 
73 14106 15396 16240 17723 18820 19675 20135 21071 23250 27496 28335 28948 29045 
111 23181 24880 25604 27611 28568 28814 28925 29048 29083 29094 29108 29109 
101 20663 21859 23151 23877 26244 27757 28201 28505 28737 28986 29099 29107 29108 29109 
96 18980 20207 22022 22731 24827 26574 27874 28593 29095 29104 
98 20431 21585 23132 23844 24997 26510 27229 27567 28139 28760 28979 29096 29101 29105 29107 29108 29109 
83 16389 17639 18465 20005 21141 21970 22445 23398 27088 28115 28636 28852 29036 29086 29098 29104 
76 14480 15724 17415 18055 20533 22206 24347 24968 27865 28745 28916 29051 
109 22901 25112 26613 27552 28070 28557 28884 29043 29107 29108 29109 
0 156 333 564 781 1370 4078 5489 8047 8737 
6 316 2174 2650 3518 4959 6104 6943 8149 
113 23252 24564 25384 26714 27470 27984 28480 28867 29068 29107 29108 29109 
103 20919 22247 23098 24627 25673 26845 27384 28668 28993 29096 29101 29105 29107 29108 29109 
93 18715 21054 23006 24190 25454 26057 27828 28581 29095 29104 
106 21272 22525 23540 24418 25822 26862 27693 28100 28586 29085 29096 29101 29105 29107 29108 29109 
37 7066 9482 10904 12878 13809 18007 19983 21116 21940 22424 23368 25729 
85 16687 18359 19883 23231 24595 26551 27221 28354 28907 29051 
89 18267 20157 22154 24107 25598 28017 28343 28980 29073 29098 29104 
86 16743 17918 19705 20333 22614 24458 26224 27394 28714 28864 
2 216 492 2261 2856 5060 6625 7833 8663 
19 2805 5119 6599 8443 9391 13572 15480 16602 17386 17849 18755 21198 
63 11948 14734 15527 16172 16938 17895 22664 24647 25692 26444 26816 27425 28635 
2 217 662 1321 2450 3209 4576 5594 6380 6835 7662 11480 13131 14385 15233 
9 407 1403 3826 4439 5496 7656 
0 168 923 1732 2869 3954 5304 5943 
0 155 270 727 3324 4522 5973 
10 969 3146 4475 6322 7243 11306 13263 14328 15124 15611 16530 18859 
0 156 332 536 801 1482 2908 4044 4822 5798 6441 10066 11217 12149 13054 
0 157 426 752 2781 4101 5427 6266 6795 7696 11288 12769 14714 
0 167 845 2477 3906 
0 155 272 1647 3058 4384 5238 6596 9699 10972 12476 
15 1321 2450 3208 4558 5944 6938 9636 11584 14796 17667 19225 
0 160 620 1626 2744 4298 4908 8321 10345 11087 12510 
7 357 1868 2586 3219 3864 4769 7470 9404 12559 14527 17016 
7 355 1425 3342 5615 7036 9341 10246 12818 13416 15425 17016 
7 354 1409 3104 4142 5337 5977 8343 9872 12410 13130 
87 18018 19746 20755 21293 22271 24947 26291 27374 28699 28968 29052 29095 29104 
6 308 735 1907 3696 5428 6294 6891 8401 11456 12731 13548 14733 
6 308 731 1390 4940 6734 7972 8599 
1 185 639 1236 1795 3037 3965 5779 9000 10560 13528 14981 17016 
0 162 679 1179 2415 5405 6661 8130 
0 168 924 1851 3018 4719 6535 7779 
1 193 1164 2430 4210 5116 9140 11008 12072 12910 13369 14244 16650 
6 308 732 1488 2203 2610 3402 6137 7579 10217 10868 
16 1443 3519 4982 6182 6994 8003 9223 10378 12970 13610 15970 17580 18892 19789 
75 14409 16914 17897 18670 21851 24010 25132 25969 27914 28250 28892 29045 
0 156 331 508 841 2117 3982 5027 5911 8454 8980 9947 11432 12630 13502 14554 15214 
5 285 859 1793 2670 5330 9017 11817 13774 15502 16868 
3 236 918 2343 3561 5359 6908 7630 11412 13285 14604 
3 242 2061 3925 4635 5849 6450 7898 9090 11796 12447 
0 157 428 1031 1749 2690 3423 7111 8889 10142 10745 12235 13451 14631 15336 
0 170 1165 2889 4598 6035 
105 21219 23277 24201 25298 26622 27937 28985 29091 29107 29108 29109 
69 13796 16413 18860 20381 22544 23420 26363 26782 27448 28363 28775 28954 29051 
1 186 758 1237 2163 3034 6966 8837 9901 10665 11130 11966 14384 
124 25770 28087 28501 29038 29097 29109 
125 25793 27366 27938 28238 28618 28972 29065 29097 29109 
52 9671 10925 11706 13245 15056 16063 20295 22334 23477 24318 24806 25632 27513 
37 7059 8915 9567 10262 11197 15746 17703 18798 19624 20113 21021 23526 
24 3300 4497 5567 6333 6815 7608 10480 11987 15173 15857 18187 19869 21199 22082 
74 14223 16475 18597 21166 22675 24832 25651 27661 28536 29051 
75 14405 16418 17267 17875 19536 22619 24163 27196 28117 28907 29051 
69 13799 17193 19261 20066 20815 21492 22541 26933 28159 28606 28830 29045 
0 159 476 3019 5005 6586 7780 8618 
0 157 426 750 1924 2931 3778 4740 5457 9243 11047 12352 13010 
17 1568 3089 4467 6569 7951 9431 10818 13469 14275 14838 15552 17337 18303 19133 
102 20888 22504 23312 25864 27431 27802 28199 28898 29034 29102 29108 29109 
3 237 1063 2418 3579 4342 5669 7336 8772 11902 13208 14714 
28 4878 7299 8750 10635 11573 16310 18283 19309 21347 23906 
135 27529 28455 29039 29097 29109 
107 22700 24740 25364 26032 27103 28534 28986 29099 29107 29108 29109 
3 241 2040 3437 6408 7020 9320 10891 12149 13054 
8 375 1345 2134 2673 4135 6976 8379 11690 13158 15503 17035 
61 11850 13429 14179 16764 18646 19583 20162 22213 25522 27030 28183 28744 
118 25030 26145 27295 27728 28773 29046 29079 29090 29108 29109 
97 20348 22083 23065 23592 24585 26174 27395 28456 28802 29095 29103 29106 29109 
119 25185 26868 28084 28792 29048 29083 29094 29108 29109 
128 27013 27779 28513 28731 28963 29070 29090 29108 29109 
95 18946 20723 22221 25521 26670 27734 28661 28936 29095 29104 
30 5103 7531 9973 11367 13720 14614 17308 17805 18792 20474 21738 22638 23954 
105 21218 22957 24539 26584 27598 28438 28854 29003 29099 29107 29108 29109 
130 27126 28632 29008 29102 29108 29109 
78 15873 17084 18552 19230 21795 23385 25985 26595 27407 28589 28994 29066 29095 29104 
104 21002 23501 25071 26666 28305 28794 29017 29102 29108 29109 
82 16346 17618 18419 20571 21595 23670 26901 27743 28416 28981 29086 29098 29104 
97 20349 22397 23110 23864 25220 28310 28898 29030 29069 29097 29109 
79 16024 17871 19816 21716 23909 25310 26637 28554 28892 29045 
136 27584 28264 28636 28850 29009 29074 29091 29107 29108 29109 
94 18912 20707 22216 24490 25892 27147 28723 29051 
14 1294 3161 3631 4515 6064 7157 8664 9520 10888 14138 15893 17759 19308 
72 14080 15702 16493 19026 20631 22130 23050 24506 27356 28141 28740 
88 18095 19329 20868 21506 24129 26072 27216 28796 29045 
24 3300 4495 5227 6695 8068 9019 14068 16041 17065 19053 21535 
12 1084 2964 4458 5648 6500 9374 11174 13081 14956 16550 19134 19849 
131 27180 27911 28525 28851 29035 29097 29109 
91 18573 20183 21044 25051 26737 27660 28344 28756 29095 29104 
0 155 273 1668 3347 4192 6513 7413 8746 10869 12280 13842 15214 
57 11333 13323 14007 14669 15737 18535 22915 23986 26320 27815 28399 28849 
0 155 270 726 2397 3675 5169 7672 8226 8877 10646 11630 12351 
80 16114 17257 18552 19227 21695 23306 26472 26963 28390 28865 29095 29104 
26 3598 5189 6620 8702 10087 11596 13011 13977 16557 17094 17743 19654 20683 21426 
33 5382 6633 7403 8859 10387 12802 15916 17927 18772 19362 20054 22000 23026 23772 
84 16453 18737 20915 23527 24978 27060 27682 28808 29045 
77 15823 17477 18476 19001 19940 21629 22811 23784 26398 26799 27421 28786 29018 29095 29104 
6 311 1701 2283 3654 4761 7428 8097 
3 240 1985 3372 5881 6568 
19 2798 4359 5253 5945 7207 8188 10109 11934 15068 15631 16625 18137 19382 20251 21554 
68 13655 14808 16291 16984 19440 21567 24434 25352 26620 28110 28796 29045 
44 7800 9414 10900 13097 15014 18162 19464 20308 21651 22384 24298 25256 25928 
39 7227 9083 10836 12709 14773 17501 18427 19878 22168 23636 25222 26509 
92 18601 19918 20788 22312 23453 24269 24766 26194 27208 28796 29045 
51 9649 11763 12256 13202 15783 17232 20739 22224 24259 26426 27160 27674 
103 20922 23722 24692 25333 26005 26844 28534 28986 29099 29107 29108 29109 
0 155 274 2083 3346 4152 4723 6248 8247 9812 
8 374 1149 2426 4422 5746 7258 9879 10425 11072 12890 13875 14604 
6 308 730 1195 2530 3525 4269 4698 5539 9695 12116 13583 15654 17016 
10 961 2319 3219 3865 5082 6036 7932 11179 13140 15337 16797 18703 
0 157 427 878 1839 5101 6887 8686 9972 
6 308 733 1510 2232 2630 3466 7186 8738 9989 10808 
25 3382 5588 7131 8288 9119 10607 11674 13145 16371 18117 20027 21375 22063 
7 360 2708 3475 4003 4620 6361 7318 8510 8960 9853 12148 
4 252 718 1549 2301 3300 4495 5228 6714 7730 10326 11557 13753 15381 16893 17579 
3 239 1532 3278 5272 5723 6653 8205 9300 12045 12610 13310 15152 16149 16868 
0 157 426 751 1964 2985 3809 6085 6783 8538 9497 10174 11390 12577 14028 14668 
4 250 499 1274 1822 4022 5998 8619 9535 10042 10965 12589 14222 
77 15831 18398 19886 21898 22939 27313 28418 28907 29051 
67 13623 15235 16192 16720 17660 19339 20499 21436 24229 24865 26319 27789 28372 28706 29051 
12 1083 2752 4407 5636 9462 10567 11829 12478 14880 16442 18509 19208 
47 9150 10765 11733 12448 13468 18541 20593 21612 23693 26055 
4 251 701 1441 3444 5502 9050 10193 11199 11992 14501 16066 17456 
31 5204 6256 7449 8100 10502 12522 15296 16224 17593 19850 21319 22972 24388 
3 238 1317 3547 4847 6856 8029 10577 11108 12066 13697 14901 15757 16818 17456 
6 309 1205 1602 2471 4805 6215 7553 8426 10811 12011 13898 15018 16272 16968 
65 12205 14456 15418 17115 18208 19162 21868 22487 24183 26922 27891 28740 
28 4870 6470 7371 7874 8796 10403 11501 12393 15028 15685 17250 20276 21820 23906 
53 9718 10945 11752 13242 14304 15097 16099 17590 20946 22279 24391 25394 25843 26873 28040 
0 158 455 1945 2574 4221 5134 5830 7089 8178 9598 10291 
0 156 334 596 1461 1946 3124 3760 4917 6058 8558 9209 11535 13149 14437 15279 
42 7506 8775 9588 11027 12094 12940 13390 14266 18242 19910 21253 22113 23615 24899 25743 26550 
81 16323 18444 19179 20182 25447 27111 27783 28677 29045 
4 254 947 2830 4772 5548 6635 7700 8482 8947 11718 13676 15502 16868 
69 13794 15734 18881 21773 23966 26760 27636 28228 28745 28916 29051 
49 9377 11898 14352 15802 18326 19799 22579 23430 24052 24728 26426 27160 27674 
62 11874 13179 13995 15459 16579 17357 17835 20800 22767 24669 26097 27105 28635 
4 250 498 1255 1805 2800 4656 5591 9097 10526 12256 13201 14859 15992 17456 
45 7853 9041 10723 11316 13460 15281 17171 18708 21454 22185 23347 25631 
43 7586 9838 12668 15937 16877 19553 20091 21110 22788 24073 24917 26132 
9 406 909 1773 2380 3379 5469 7801 9754 12558 
21 3021 5423 7746 9193 13200 14819 16512 18376 19542 20836 21491 
60 11652 12808 14048 14686 18070 20215 21096 24200 24785 25665 27043 27841 28287 28683 28849 
1 189 823 2006 2756 3728 4321 5701 6932 9617 10294 12687 14199 16668 17475 
55 10016 13055 13948 15355 18626 20452 22359 24031 24716 26426 27160 27674 
54 9815 12028 14132 16658 20414 23502 25091 26259 26939 27674 
0 155 271 1012 2551 3916 7481 9020 9777 12306 14714 
11 992 1898 3257 3878 6160 8155 10043 11244 14157 15096 15593 17137 17982 19082 19745 
34 5498 7694 9263 10445 11268 12851 13933 15393 18625 19951 22131 23345 
13 1129 2124 3238 3847 4871 6759 7359 9924 10694 11152 12031 14934 17036 17784 19260 
40 7278 8405 9598 10274 11334 13348 14300 17963 19500 20966 21910 22467 23907 24694 25929 26509 
