16 954 1354 1958 2509 2993 3547 4218 4726 5384 6841 7204 7896 8574 9155 9689 10498 10878 11620 
30 1976 2458 3071 3643 4122 4699 5396 5904 6569 8079 8436 9102 9771 10366 10967 11769 12141 12853 
44 3089 3574 4200 4780 5298 5876 6581 7099 7776 9299 9627 10313 11080 11661 12200 13021 13377 14078 
168 12897 14254 15020 16205 16450 16526 16565 16567 
169 13056 13750 14934 15587 16082 16530 16558 16563 16569 16570 16571 
157 12180 13009 13727 14399 14854 15492 15963 16303 16439 16565 16567 
145 11409 11853 13156 13637 14365 15035 15657 15981 16532 
135 10309 12548 13891 14296 16150 16295 16494 
122 9177 10545 11376 14340 15177 15688 16176 16458 16532 
153 11720 13042 13827 15395 16128 16371 16467 16565 16567 
173 13613 14023 14718 15762 16095 16321 16488 16540 16560 16569 16570 16571 
48 3293 4537 5408 6051 6874 7583 9261 9607 10453 11206 11939 13126 13987 
176 13871 14554 15330 15746 16037 16324 16500 16549 16569 16570 16571 
3 274 861 1331 2141 3385 4116 5201 5956 
131 10148 10844 11683 12291 12766 13471 15336 16177 16427 16546 16562 
120 9098 11301 12678 13084 15366 15609 16110 16380 16521 
21 1225 1988 2600 3373 4033 4664 5106 5834 7530 8224 9273 10142 11037 
138 10558 11294 12518 13292 14079 14793 15475 15928 16522 16553 16565 16567 
133 10211 10740 11477 12118 12627 13248 14742 15287 15698 16175 16458 16532 
147 11456 12105 12975 13531 13988 14714 15438 15908 16546 16562 
3 267 433 761 1267 1760 2313 2966 3398 3965 5524 6202 6982 7620 8624 
93 6912 7588 8777 9541 10351 12092 12968 13782 14765 15215 16339 
19 1057 1637 2344 2944 3847 4549 5215 6386 8803 10609 11534 
86 6520 7191 8025 8586 9044 9721 11588 13757 15274 15934 16194 16396 
137 10447 11816 12621 14210 15305 15821 16055 16507 16551 16567 
3 269 531 1029 1588 2121 2619 3340 3677 4327 5812 6355 6950 7644 8113 8753 
1 245 366 662 1077 1513 2250 2561 3198 4619 5170 5743 6453 6900 7529 
1 244 289 542 918 1425 2176 2695 3129 3792 5489 7337 
96 7379 7945 8493 9183 9953 10673 12996 14134 14832 15233 15795 16213 16416 16534 
103 7787 8295 8966 9572 10408 11067 11535 12231 14128 15414 15951 16404 16521 
108 8033 9322 10416 11162 11575 13186 13845 14596 15080 15636 16146 16345 16458 16532 
0 240 810 1931 2309 4479 4803 5603 6318 7042 8163 9043 
12 747 1261 2225 3026 4047 5349 5739 8039 8396 9465 9897 
3 268 444 835 1213 1717 2352 2869 3429 4095 4561 5150 6676 8833 
3 266 341 1278 1895 2573 3031 3665 4436 5001 5437 6150 
33 2101 2745 3460 4072 5014 5800 6332 6940 8513 9346 10029 11878 12765 
104 7799 8318 8985 9584 10109 10722 12279 12875 13439 14235 14584 15246 15751 16083 16318 16494 
6 354 913 1831 3049 3425 5641 5969 6827 
4 310 1134 1746 2376 3447 4231 5131 6766 7458 7878 8543 
0 238 422 1097 1676 2056 3524 3885 4278 5294 6969 7838 
4 308 520 1126 1599 2016 2677 4310 6430 
4 308 521 1437 2184 2855 3519 4602 6476 8053 9244 
2 256 477 1163 2269 2987 4019 4759 6539 6924 8231 8689 9464 
51 3716 4491 5193 5783 6268 6990 7685 8448 8926 10689 11134 11554 12541 13735 14532 
14 895 1610 2067 3754 5311 6037 7750 8424 9253 9783 10253 11066 
167 12854 13571 14319 14980 15953 16250 16447 16515 16554 16565 16567 
170 13167 13704 14300 15002 15773 16058 16557 16564 16569 16570 16571 
128 9898 10289 11120 11891 12575 13550 15053 15449 16221 16357 16508 16556 16565 16567 
171 13418 14222 14947 15519 15839 16225 16461 16550 16569 16570 16571 
118 9002 9518 10191 10822 11377 11994 12725 13269 13921 15406 15904 16221 16357 16510 
6 358 1376 2294 2914 4523 5372 6120 
77 5567 6888 7811 8475 9287 9994 11755 12074 12935 13689 14394 15464 16036 
110 8185 8754 9366 10083 10890 11445 13215 13584 14010 15075 15909 16440 16525 
132 10168 10585 12983 13360 14411 14804 15221 15999 16415 
172 13519 14100 14671 15376 15646 16059 16340 16477 16527 16565 16566 16568 16570 16571 
154 11843 12907 13934 14463 15426 15846 16214 16397 16506 16565 16567 
127 9794 10387 10990 11802 12536 14196 14566 15341 15867 16223 16546 16562 
0 242 1537 3215 3873 4611 5247 6201 
63 4473 5700 6593 7270 8066 8795 10484 10858 11726 12457 13180 14327 15176 
125 9668 10531 11286 11957 12414 14165 14899 15515 16153 16437 16529 
124 9424 9968 10589 11349 11829 12438 14043 15708 16431 16525 
14 891 1239 3328 3625 4407 5125 5794 6862 8024 
8 462 789 1243 1856 2282 2826 3495 3997 4587 5988 6481 7073 7858 9770 
7 414 1200 1876 2891 3604 5331 5957 6752 7367 7839 8543 
5 325 499 936 1404 1882 2440 3834 4385 4912 5678 6011 6709 
6 353 855 1789 2481 3412 4444 5082 5479 7169 7672 8294 
3 273 721 1017 1953 2919 4154 4576 6828 7152 8243 8664 
4 308 522 1698 2392 3983 4658 5653 6515 7619 
9 569 1305 1649 2039 3264 3912 4291 4971 6760 8099 8880 10013 10821 
13 873 1466 1913 2531 3256 3811 4259 5270 5712 6300 7865 8961 10058 
0 239 617 2706 3235 3736 4503 4833 5494 6151 6731 7289 7995 
9 568 1169 1781 2364 2757 3468 4135 4846 5463 7121 7925 8625 9385 10059 11119 
4 308 520 1127 1809 2732 4343 5041 5762 6431 7417 
117 8937 9359 10676 11185 11911 12652 14624 15094 15641 16149 16416 16534 
139 10630 11250 11860 12598 13069 13658 14353 14913 15459 16285 16428 16514 
23 1494 2408 2776 3148 4043 5774 7667 9393 10223 10947 11970 12382 
162 12660 13323 14120 14754 15202 15725 16188 16483 16552 16567 
129 9953 10670 11789 12701 13500 15681 16238 16361 16511 16544 16559 16565 16567 
121 9135 10081 10570 11221 11945 12495 13113 14533 15022 15547 16009 16264 16446 16532 
94 7017 7544 8145 8857 9334 9931 11495 12021 12708 13335 13832 14434 15140 15570 16004 16333 
114 8708 9407 10518 11431 12259 14653 15527 15799 16042 16411 16546 16562 
6 355 965 1493 2238 2905 3507 3935 4649 6710 7418 8177 8834 9834 
3 272 673 992 2649 4989 5545 6074 7048 7457 
3 266 336 634 1226 2159 3822 4363 4894 5852 6215 6644 7726 8573 
130 10123 10921 11621 12331 13140 13782 14781 16107 16497 16562 
155 11899 12472 13088 13804 14281 14871 15480 15879 16305 16476 16565 16567 
2 255 394 588 1181 1455 2073 2803 3169 4675 5054 5724 6400 7566 8370 
12 747 1262 2331 3102 3989 5573 6243 6656 7338 8125 8800 9999 10791 
4 308 520 1128 2213 2543 3310 4872 5666 6392 7029 7481 8197 8899 9667 
144 11390 12154 12788 13865 14700 16317 16532 
152 11641 12343 13148 13784 15115 16162 16298 16468 16535 16555 16565 16567 
21 1224 1804 3360 4177 5231 7704 8138 9413 9848 10669 
113 8665 9080 9835 10622 11335 13394 14268 14954 15894 16284 
41 3006 3689 4182 4821 5633 6163 6629 8371 8886 9490 10278 11691 12383 12801 13488 
119 9065 10103 11272 12055 13946 14483 15124 15621 16201 16420 16505 16539 
87 6541 7216 7732 8412 9246 10069 12303 12820 14958 15986 16356 
11 699 997 1569 3180 4930 6495 7269 
