118 8407 8727 9484 10049 10501 10861 11459 11956 12286 12358 
122 8605 9007 10131 11027 11572 11877 12150 12363 
125 8870 9178 9921 10448 10696 11754 12088 12276 12358 
123 8660 8991 9434 10575 11161 11547 12035 12198 12364 12366 
4 273 1422 2056 2864 3677 4157 5349 5905 
99 6972 8762 9424 10269 11101 11612 12083 12283 
101 7012 7750 8900 9862 10143 10883 11401 11739 12013 12330 12360 
3 254 317 582 1098 1396 2115 2632 2880 3556 4709 5671 5942 6699 7237 
113 7949 8702 9812 10779 11062 11709 12070 12164 12320 12363 
72 4864 5285 6391 7074 8437 9394 9665 10392 10898 11151 12048 12242 
0 189 215 613 1380 1926 2322 3482 3897 4994 5914 6521 6951 
1 205 383 681 1722 2223 2849 3152 3906 4464 
10 474 918 1557 2460 2725 3406 3929 4895 5269 5710 6625 7434 8311 
114 7989 8268 9016 9554 9803 11289 11982 12253 12338 12364 12366 
103 7182 7627 8735 9638 10240 10666 11767 12002 12183 12336 12363 
134 9523 9953 11177 11865 12209 12298 12364 12366 
119 8422 9151 9837 10795 11072 12015 12232 12280 12347 12363 
1 202 230 692 1007 1582 1845 2509 3024 3272 4409 4969 
127 8926 9198 9961 10518 10920 11328 12104 12290 12363 
16 738 1350 2437 3513 3881 4302 5220 5950 6845 7405 7862 
99 6968 8142 8684 10031 10407 10833 11651 12114 12321 12354 12362 
11 490 825 1054 2168 2676 3998 4329 4773 5688 6420 7297 7889 8336 
13 556 809 1191 2257 2833 3231 3723 5482 6160 7465 8361 
1 202 225 362 847 1232 2713 3372 4093 4753 5616 6508 
5 280 571 1128 2027 2292 2970 3468 4424 4800 5244 6165 6996 7888 
0 189 218 1082 1890 2389 2691 3445 3974 4215 4936 5670 
17 753 985 1630 2130 2362 3498 4022 5364 5737 6174 7083 7917 8799 
1 202 224 299 1177 1853 2489 3285 4106 4662 4970 5722 6260 
93 6509 7691 8218 9579 9936 10380 11268 11852 12181 12330 12360 
1 202 224 296 785 2280 2944 3630 4288 5601 6456 
3 260 659 1153 1414 2076 2563 2820 3959 4487 
11 494 1254 1499 2601 3129 3746 4050 4785 5332 
1 202 226 444 635 1276 1662 3174 3833 4544 5234 6039 6925 
3 254 322 1066 1459 1972 2273 3009 3529 3776 4489 5202 
1 202 224 295 773 2002 2920 3186 3867 4370 4634 5816 6354 
2 239 308 1403 2043 2734 3596 4169 4607 
104 7238 7611 8039 9411 10150 10825 11599 12123 12287 12342 
37 2207 2523 2959 3847 4678 5504 6032 7825 8496 9338 10239 
95 6568 7258 8621 9128 10000 10423 11493 12097 12263 12324 
112 7933 8249 9444 9977 10256 11386 11809 12151 12243 12339 12358 
104 7238 7618 8826 9228 9765 10122 10845 11347 11565 12218 12319 
0 189 217 974 1598 2300 2936 3731 4581 
56 3718 4880 5418 6055 6385 7596 8104 8379 9673 10359 11206 11908 
0 189 216 707 1435 1987 2660 3791 4735 5006 5762 6315 
3 254 315 505 1169 1942 2755 3943 4345 5463 6144 7052 
84 5800 6215 7312 8012 9539 10085 10725 11042 11680 12024 12223 12295 12346 
78 5333 5753 6868 7562 8276 9168 10541 11234 11968 12111 12299 12344 
2 239 309 1511 2341 3046 3436 4525 5448 6011 6482 
7 346 525 790 1611 2404 3206 3724 5494 6368 6952 7378 
97 6738 7134 8255 8947 10316 11253 11503 11995 12203 12270 12363 
86 6026 7198 7768 9111 9459 9909 10811 11510 11979 12277 12353 
9 459 604 1200 1684 1919 3641 4294 5122 5962 6553 6861 7636 8196 
15 723 967 1669 2184 2585 3000 4073 4765 6085 7053 7323 8048 8604 
8 433 1292 1785 3077 3420 3857 4978 5556 6010 
11 491 894 1113 1802 2895 3817 4086 4825 5380 5631 6359 7519 
6 331 520 1957 2796 3301 3589 4354 4911 5138 5871 6608 
107 7480 8201 9368 10341 10610 11300 11720 11909 12309 12346 
124 8842 10016 10555 11424 11690 11989 12291 12364 12366 
110 7731 8063 8520 9879 10618 11281 11936 12259 12332 12358 
66 4393 4816 5929 6639 7965 9055 9475 10599 11471 11913 12138 
108 7545 7817 8529 9032 9300 11088 11666 12248 12336 12363 
131 9307 9631 10432 10952 11370 11706 12271 12348 12365 12366 
92 6316 6674 7094 8238 9607 10285 10591 11334 11782 11947 12238 12334 
121 8479 8754 9444 9986 10975 11312 11670 12178 12322 12356 12364 12366 
96 6609 6883 8088 8636 8885 9596 10486 10991 11586 11823 12199 12312 
31 1761 2090 2498 3386 4184 5025 5577 7342 8028 8854 9710 
120 8463 8747 9484 10047 10301 11018 11963 12303 12340 12364 12366 
111 7904 9072 9737 10190 10740 11465 12251 12337 12364 12366 
100 6980 7292 8568 9086 9353 10072 10755 11638 11847 12187 12302 
80 5573 6888 7576 8391 9263 10470 10875 11839 12244 12327 12351 
7 346 527 929 1527 1827 2548 3093 3316 4040 5153 6111 6403 7103 7674 
1 202 224 297 951 1483 1866 2420 3120 4230 5203 5474 6185 6737 
12 543 1031 1542 2248 3331 4256 4537 5294 5847 6070 6834 7544 
90 6127 6412 7143 7707 8126 8559 9653 10371 11625 12172 12250 12339 12358 
3 256 409 725 1324 1706 2108 3611 4272 5013 5702 6537 7404 
109 7675 8079 9187 10107 10680 11136 12057 12191 12292 12356 12364 12366 
4 269 863 1366 2616 2984 3397 4501 5077 5555 
106 7449 7784 8976 9500 9752 10936 11440 11926 12094 12293 12342 
19 878 1214 1619 2476 3195 4058 4647 5277 6649 7790 8362 8825 
91 6261 6690 7806 8711 9279 9726 11220 11801 12169 12335 12358 
98 6794 7118 7588 8956 9781 10631 11191 11486 12015 12234 12313 12349 
53 3356 3622 4314 4841 5093 6279 7096 8503 9205 9893 10709 11542 
32 1914 3062 3567 4395 5051 5576 7331 8022 9323 10187 
116 8157 8543 8969 10366 11077 11660 12157 12326 
25 1307 1644 2066 3159 3702 4133 4694 5409 6754 7288 
12 541 800 1835 2698 3256 3665 5106 5441 6224 6793 
11 489 624 1239 1738 2152 2541 3761 4619 5831 6200 6832 
81 5585 5906 6659 7159 7426 9216 9902 11051 11827 12139 12258 
4 270 994 1811 2374 2783 4200 4516 5254 5799 
