139 20426 22066 22456 23423 25112 26261 26854 27076 27574 27753 
133 19350 20975 21402 22423 24024 25127 26010 26314 27327 27740 
131 19160 20534 21539 23318 24363 25172 26207 27140 27297 27733 27754 27756 27757 27758 
153 22560 24102 24443 25312 26680 27340 27666 27745 27756 27757 27758 
144 21364 22430 23159 25606 26895 27490 27575 27689 27754 27756 27757 27758 
115 16881 18662 19493 20508 21554 23631 25837 26293 27163 27508 27664 27729 
135 20035 22208 24071 25227 26123 27095 27234 27545 27754 27756 27757 27758 
119 17057 18460 19442 20797 23612 24594 25523 26647 27094 27300 27694 27739 27753 
138 20259 22233 23889 25300 26159 26679 27565 27753 
114 16620 18530 20134 22609 24619 26545 26908 27590 27696 27753 
120 17136 18807 19242 21110 22187 22650 24177 26036 27694 27739 27753 
132 19219 21086 22354 24153 25865 27015 27439 27613 27740 
101 14555 16410 17966 20498 22604 24909 25455 26882 27316 27559 27690 27753 
124 18055 20084 21892 23232 24882 25544 26310 27561 27687 27729 
103 14922 16267 17214 18333 19616 20796 23596 24590 26295 27094 27300 27694 27739 27753 
1 219 281 1016 1974 3360 3744 4671 6541 7963 8925 9396 
127 18767 20722 22254 24585 25648 26496 27602 27718 27741 27753 
0 202 259 419 1994 2808 3638 4587 5666 7633 9422 
128 19041 20833 21655 22619 23649 25509 27094 27300 27694 27739 27753 
111 16002 17740 19535 20025 20917 23794 24819 25564 25965 27472 27712 27735 27742 
121 17777 19790 20633 21602 22643 23678 25073 25833 26292 27629 27718 27741 27753 
4 360 992 1843 3432 5168 6091 6449 10501 12306 12636 14073 14811 
0 202 259 415 1067 1885 2977 3919 4937 7038 9479 10076 11613 12848 13947 14838 
8 625 1806 2576 4387 6207 7242 8210 8554 12501 14350 14690 16097 16852 
2 237 1581 3017 3446 4292 5620 6648 7186 
61 8027 9572 9935 11288 12381 13235 13711 17321 19824 20154 21215 23097 24264 25203 25639 
13 1120 2073 2892 3898 5122 6910 8841 12297 13803 16170 17168 18125 19104 
0 202 259 412 726 3383 4359 5445 6326 7710 8858 11265 
1 223 601 1110 3038 4860 6406 7586 8118 
6 394 1394 2508 4189 4999 5946 6975 9039 11484 11995 13619 14879 15958 16880 
0 202 265 1275 2412 3403 4257 5596 6730 9248 
6 392 951 2777 3224 4726 6048 7021 8530 9595 10446 11823 
142 21298 22673 23581 24844 25687 26667 27257 27693 27756 27757 27758 
11 897 2172 3537 5931 7202 10088 11165 12609 13560 14095 16476 17506 18587 
6 392 941 1159 2485 3515 3985 5496 7620 11683 13782 
0 202 259 422 2025 2965 4400 5294 5814 7986 8944 9819 10791 
0 202 259 416 1195 1945 2602 3716 4421 8183 9697 10445 
6 392 941 1157 1913 3297 4452 5507 5985 9539 11463 12678 
6 392 941 1164 3870 4766 5270 6785 8151 9093 10805 11902 12771 
89 12772 14474 15281 16240 17277 19437 21941 22473 24459 25388 26089 27083 27389 27637 27717 
130 19146 20311 21080 24731 26002 27054 27364 27600 27718 27741 27753 
0 210 790 1763 3854 4814 5709 7319 8621 
0 202 259 421 2015 3893 5304 5831 7469 8766 9855 10729 
0 202 259 412 723 1603 2835 3804 4616 7293 8119 9044 10089 11297 12362 13378 14396 
98 13906 15757 17534 18507 18874 22988 24757 25078 26239 26734 27487 27717 
0 202 259 417 1234 2744 6172 7674 10059 10989 11889 13434 14722 
4 358 745 1260 2796 4644 6630 9654 11731 
0 209 777 1634 2287 3556 4701 7164 
125 18074 20018 22004 24810 25661 26406 26648 27603 27740 
82 11577 13481 14260 15209 16230 18377 20862 21491 23560 24540 25267 26548 27269 27641 
1 221 516 760 1273 2015 3894 6289 6939 8999 9988 10795 12834 
0 202 259 412 722 1417 2639 3680 4542 7563 9689 
1 218 241 590 1512 2089 2909 3903 5966 8370 9019 11035 12060 12837 14538 
116 17004 18383 19687 20756 22332 23666 26609 26845 27436 27630 27706 27740 
108 15666 17583 18399 19404 21289 24600 25466 27300 27694 27739 27753 
148 22167 24220 26103 27178 27631 27727 27745 27756 27757 27758 
126 18206 19919 20337 21349 23168 24498 25370 25728 26831 27705 27741 27753 
0 204 305 624 1661 3147 4026 4382 8443 10281 10594 12002 12744 
72 9833 11666 13605 15392 16496 17369 19742 21378 22724 23636 25033 25938 26562 27233 
9 646 1722 3200 4711 5756 6511 10222 11693 12488 
95 13641 15522 16325 17252 18368 19481 21050 23990 24535 25902 26869 27564 27729 
3 349 1367 2863 6149 6473 7439 8728 10637 12088 12982 13526 
6 392 948 2548 4308 6002 7513 8406 9774 
1 218 240 450 727 1247 3777 5386 6435 9300 10327 
6 392 941 1158 2230 3783 4497 6808 8174 11055 12110 13335 14431 15421 16466 
1 225 843 1750 2301 3662 5555 7292 
149 22177 24218 25890 26781 27270 27644 27682 27756 27757 27758 
159 23429 24692 25512 26793 27278 27541 27697 27746 27750 27756 27757 27758 
143 21355 23750 25440 27414 27517 27653 27734 27754 27756 27757 27758 
117 17028 19567 23359 24418 25088 27001 27594 27740 
116 17004 18381 19382 20492 21776 23509 25283 27372 27601 27718 27741 27753 
116 17004 18381 19388 21471 22494 23342 25785 26342 26918 27352 27629 27718 27741 27753 
122 17885 20058 22054 23935 24675 25494 26300 27023 27694 27739 27753 
93 12944 14276 15227 16261 17486 18646 21436 22340 23296 24346 25996 27067 27571 27720 
107 15059 16666 17082 18588 19635 20650 21042 24951 26428 26661 27302 27537 27723 27753 
85 11861 13527 13847 14840 16784 18267 19262 21696 22157 23038 24412 25852 26710 27212 27387 
80 10871 12172 13123 14161 15402 16966 19984 20898 22272 23351 25980 27137 27558 
37 4676 6016 6986 8060 9284 11115 13159 15603 16187 17791 19301 21322 23268 
129 19137 21729 25336 26374 26933 27355 27629 27718 27741 27753 
0 202 263 1171 1823 3248 4010 4951 6674 7791 8714 
5 378 698 985 4048 5562 6301 7818 9140 11459 
154 23014 24781 26390 27187 27464 27683 27743 27748 27756 27757 27758 
49 6608 8342 9160 10105 11115 13158 15568 16078 18188 19275 20216 21868 22708 23860 24809 
109 15777 18478 20045 20889 24566 25914 26177 26843 27513 27677 27730 27740 
146 21509 23054 23472 24411 25841 26691 27200 27618 27667 27722 27756 27757 27758 
6 392 949 2582 3066 4520 6262 7640 8442 
10 690 1316 4337 4751 5750 7406 8638 9710 10187 
0 202 259 413 831 2926 3913 4987 6467 7386 8003 10337 11335 12352 
112 16008 17668 18032 19607 20809 21681 23774 25193 26527 26953 27353 27694 27739 27753 
136 20228 22145 24476 25152 26729 27462 27728 27751 27755 27757 27758 
32 3655 5367 7116 7553 8468 10328 11363 12275 12617 16643 18539 18879 20388 21175 
18 1837 3311 5039 5486 6339 7733 8735 9625 13584 15322 15765 16599 18009 19053 19606 
10 693 2324 4078 4406 5354 7187 8317 9188 11504 11824 12804 14674 15913 16899 17456 
13 1120 2073 2895 4626 5723 7076 8076 9062 11092 13550 14066 15679 16690 18096 19040 
87 12040 13653 14006 14994 16718 20305 21984 23184 24198 24621 25976 27196 
1 222 536 775 1291 2246 4948 5970 7064 8572 9446 9950 11978 13004 14421 
118 17037 18145 18917 22741 24185 24917 26097 26942 27628 
6 400 2182 2439 3330 4561 6454 8290 10016 10702 
5 380 871 1865 3274 3581 5111 6216 7095 7550 11559 13783 15521 
16 1620 2615 3661 5314 5642 6669 8622 10037 10948 13256 13716 14603 16468 18245 19012 
0 202 267 1435 2204 3616 5474 7941 8687 
6 393 1347 1675 2346 3595 4567 5102 8968 10523 10927 11930 13570 14750 15798 16324 
74 9968 11589 11963 13326 14450 15301 15752 19462 21961 22295 23269 25059 26065 26760 27014 
16 1621 3174 4427 5684 7539 9327 10250 10575 14577 16421 17098 17922 19741 
106 15001 16344 17834 18729 20183 23488 25010 25356 26156 27113 27524 27669 27703 
8 625 1806 2577 4476 5908 6846 7348 10824 13303 
76 10730 12424 13216 14178 15180 17273 19847 20446 22543 23535 24398 25765 26327 27025 27435 
2 232 494 1143 1919 2477 6064 7573 8383 9884 11732 13480 
7 574 1043 1866 3508 5245 6739 7873 8592 12247 13792 15476 16783 
3 352 2123 3953 4898 5936 8049 10410 10971 13026 14023 14868 16586 
1 219 272 450 727 1245 2875 4220 4793 8989 10899 13884 14921 
81 11014 12566 12968 14422 15448 16387 16728 20926 22800 23126 24058 25640 26503 26966 27383 
10 691 1487 2657 3937 4886 6920 7914 8757 11413 12189 13142 14639 15724 16587 18008 
75 10477 12230 13164 14197 15269 17126 21461 23397 25176 26819 27469 
104 14945 17414 21177 22942 24389 25531 27197 27641 
84 11839 13703 15631 17457 18597 19513 20014 24038 25584 25968 26570 27339 27579 27643 
92 12921 14244 15195 17158 19193 22791 24249 26297 27158 27503 27662 27729 
137 20252 22013 23729 24166 24998 26481 27035 27409 27724 27737 27749 27754 27756 27757 27758 
32 3653 4968 7362 7696 9271 10357 11197 11660 15245 17384 17875 18791 20193 21222 21764 
0 202 261 665 1329 2031 2881 4933 7396 8020 9551 10545 11632 12489 13846 
5 384 1783 2683 5060 6891 9270 
78 10833 11936 12645 14970 17341 18349 19371 21531 23980 24521 26223 26870 27265 27558 
1 220 327 645 1559 2150 2435 6382 8507 8910 9902 11527 12679 13736 14227 
5 379 853 2520 3834 5421 5782 6779 8558 9790 10748 11287 
90 12901 16362 18442 19418 20527 21642 23122 25829 26283 27331 27587 27717 
22 2366 4102 6115 8135 9073 10095 12145 14502 15140 18622 19659 20755 
3 350 1696 3346 5193 6000 6959 8305 11103 13046 15369 
7 576 1535 2105 2930 4803 6763 10272 11760 14050 15091 15986 16944 
26 2696 4234 5888 7489 7898 8881 10579 11792 15043 16028 17712 18939 20091 20591 
134 19905 21255 22376 24000 24307 25222 26650 27241 27551 27740 
13 1122 2450 4316 6483 7769 9632 12524 13974 15614 16801 17942 18441 
88 12539 14228 15155 16215 17308 19438 21951 22489 24086 25246 26138 26748 27540 27720 
140 20956 23136 24322 25959 27130 27566 27754 27756 27757 27758 
110 15935 17862 19896 22846 23835 24709 25055 27122 27703 
158 23373 24641 25468 26488 27026 27520 27685 27748 27756 27757 27758 
123 18048 19873 22154 25875 26982 27182 27479 27677 27730 27740 
14 1144 2258 3471 5218 6032 7003 8066 10084 12453 13055 15115 16142 16947 18728 
99 13928 15579 15897 16893 18858 20781 21820 22769 23115 26601 27657 27730 27740 
106 15001 16342 17293 19311 20360 21243 22899 23698 26189 26775 27286 27608 27739 27753 
105 14954 16035 16753 20672 22242 23911 24658 25482 26631 27169 27544 
6 392 944 1729 2049 3456 5531 7826 9466 11739 12206 13726 15844 
100 14112 15700 16061 17052 18923 20464 21417 21929 25316 26358 26926 27452 27637 27717 
0 203 295 1091 3969 4915 6241 7215 8288 
113 16194 17810 18172 19211 21133 22580 23453 23968 26806 27356 27599 27718 27741 27753 
107 15059 16666 17081 18139 19858 21765 22875 23708 24162 27066 27567 27704 27741 27753 
79 10847 12155 13110 15081 16985 20616 21584 22637 23806 25449 26834 27544 
102 14773 16522 17931 19766 20551 21567 22859 25389 26425 27226 27694 27739 27753 
0 202 259 418 1246 3760 5808 9112 10961 12866 14838 
17 1685 3481 5406 6697 8867 9908 10631 14292 15788 17636 18912 
0 202 259 414 970 3117 4111 5657 7048 9690 11412 
2 233 557 1669 4281 8241 8578 9523 10921 12621 13863 14846 15391 
91 12907 13986 16284 17236 18840 22089 22964 24286 25298 27396 27676 27720 
88 12543 14341 15854 18339 20488 22928 23519 25413 26911 27452 27637 27717 
35 4312 6140 7656 10125 11323 14168 16732 17658 18227 20410 21793 22845 
64 8809 10130 11062 13095 15175 17692 18319 19942 20998 22395 23245 24975 26465 
93 12944 14276 15232 17193 18290 19109 21844 22691 23862 25094 26585 27471 27720 
0 202 260 467 799 1835 2952 6403 6831 7867 9489 10658 12784 13325 
48 6359 8232 9733 12115 14156 16553 18326 19963 21018 22116 22976 24306 
15 1213 2390 2762 3710 5338 6567 9637 11542 12892 14733 16119 17097 17582 
63 8715 10381 11177 12125 13098 16226 18692 19334 22638 23819 24863 25707 26480 
62 8483 10188 11097 12149 13203 14672 17703 18851 19814 20353 22032 23076 24126 24939 26053 
13 1120 2073 2897 4841 5860 6721 9351 10147 11075 12405 13407 14725 17921 
37 4680 6517 7846 9775 10743 12709 16029 17726 18962 20112 20615 
30 3457 5577 8053 9126 10567 11494 12031 16216 17467 19118 20277 21214 
4 358 745 1256 2010 3098 4174 6865 7755 8808 
44 5659 7420 9201 9644 10461 12353 13354 14319 14663 18741 20700 21067 22522 23231 
2 234 919 2185 2996 3442 7271 8887 10205 11128 12588 13676 14539 15896 
15 1213 2390 2763 4138 5838 6605 11880 13187 15845 17633 
2 231 431 1463 2708 3970 5139 6195 9811 11144 13325 
55 7456 9425 10610 13074 14624 16739 17760 19074 21052 22311 23279 24241 25764 
97 13900 15647 17870 21634 25805 26054 26759 27533 27699 27735 27742 
8 625 1807 3089 4146 5018 5483 9503 11218 11673 12525 14132 15024 15567 
