8 340 881 1112 1662 1996 2466 2742 3625 3953 4410 4683 5141 5635 
75 5966 6708 6931 7450 7705 7972 8115 8143 8164 8165 
3 156 332 736 1022 1395 2099 3251 3921 4488 4954 
3 157 447 719 1784 2277 2709 2981 3726 4436 
72 5659 6466 7129 7622 7870 8126 8158 8163 
73 5775 6389 6687 7348 7794 8091 8153 8163 
65 5169 5636 5998 6508 6832 7204 8002 8123 8158 8163 
82 6616 7313 7723 7875 8012 8087 8163 
60 4692 5404 5648 6234 6548 7405 7747 7899 8124 8157 8163 
53 4070 4746 5460 5989 6774 7088 7686 7996 8122 
74 5890 6124 6450 6762 7376 7667 8031 8137 8163 
77 6092 6598 7148 7433 7737 8142 8163 
78 6225 6471 6817 6997 7243 7823 7953 8148 8158 8163 
3 156 333 747 1043 1512 2016 2233 2590 3509 3891 4172 
76 6069 7073 7363 7743 8036 8112 8153 8163 
86 6877 7095 7425 7580 7781 8073 8149 8156 8164 8165 
70 5479 5926 6519 6846 7307 7847 8068 8161 
66 5258 5515 5808 6737 7101 7326 7518 7968 8062 8138 8161 
0 113 187 767 1173 1469 1899 2368 2871 3263 3508 
0 113 184 502 792 1885 2383 2805 3222 3669 4173 4556 4781 
11 535 722 1014 1201 1449 2159 2436 3022 3324 4276 5016 5536 5924 
45 3393 4144 4380 4919 5247 6155 6575 6826 7531 7882 8057 8128 
55 4198 4676 5227 5565 5917 7046 7501 7799 8008 8135 8157 8163 
66 5258 5518 6176 6374 6635 7294 7511 7926 8047 8128 
71 5589 5822 6168 6365 7159 7396 7655 7856 8061 8148 8158 8163 
62 4807 5315 5859 6184 6566 7635 7991 8127 8159 8162 8164 8165 
0 119 543 931 1310 1533 1744 2492 
2 135 360 641 894 1570 2115 2935 3250 3904 4765 
8 339 861 1217 1527 2201 2797 3554 3878 4568 5431 
15 839 1477 1849 2173 2877 3432 4213 4733 4967 5577 5871 6358 
0 116 311 496 1140 1626 2523 2849 3515 4091 4652 
32 2220 2733 3334 3648 4125 4375 5267 5599 6005 6743 7275 7741 
2 143 660 970 1297 1963 2544 3057 
28 1927 2395 2814 3294 3614 4211 4545 5677 6332 6605 7060 7500 
1 127 169 261 434 802 1382 1685 2131 2410 3334 3647 4110 4608 4820 5168 
38 2773 3473 4179 4717 5492 5816 6487 7033 7489 7842 8023 8081 
58 4501 4955 5396 5788 6252 7342 7677 7830 7942 8125 8158 8163 
69 5454 5829 6051 6283 6985 7268 7717 7908 8072 8158 8163 
56 4303 4549 4863 5076 5334 6038 6305 7186 7473 7816 7948 8114 8158 8163 
42 3070 3745 4038 4516 5116 6011 6273 6865 7169 7555 7918 8020 8104 8134 
7 289 468 688 956 1432 2025 2326 2836 3092 3942 4263 4652 
47 3534 4008 4586 4879 5284 6423 6901 7286 7645 7931 8082 8144 8154 
71 5589 5825 6478 6721 6913 7545 7763 8034 8109 8152 
0 114 228 382 1322 2145 2664 2928 3249 
1 128 214 431 1266 1556 2074 2642 2987 3359 
35 2557 3058 3455 4312 4628 5559 6312 6973 7258 7645 7937 
1 127 171 488 625 840 1498 1735 2355 2673 3133 
6 247 558 873 1252 1707 2195 2612 2861 3637 3884 4254 4452 
5 195 610 1075 1303 1634 1833 2090 2827 3984 4233 4529 4931 5189 5550 5739 
12 573 1237 1589 1941 2621 3200 4015 4275 4995 5522 5924 
5 194 598 832 1341 1649 2037 2664 2931 3599 3801 
50 3836 4339 4725 5142 5740 6007 7110 7612 7938 8070 8138 8161 
4 175 277 728 915 1121 1818 2346 2605 2972 3173 
2 137 386 758 995 1914 2417 3146 3420 3850 4338 
0 113 183 372 703 1084 1550 1954 2186 3034 3256 3591 3786 
2 138 401 590 1063 1353 1805 2081 2578 3684 4102 4515 4954 
0 113 185 517 900 1373 1614 2290 2493 2751 3492 
5 202 1000 1409 1643 2444 2959 3362 3771 
19 1122 1870 2240 2599 3272 3827 4654 5037 5324 5899 6205 6707 
2 139 476 809 1161 1441 2355 2674 3134 3412 3850 4324 4782 5196 5453 
20 1282 1722 2125 2653 3001 3460 3699 4597 4904 5697 5954 6437 6900 
43 3209 3802 4138 4788 5390 6261 6681 7186 7471 7805 8038 8088 8141 
0 115 300 962 2052 2306 3098 3577 4007 
68 5356 6024 6530 6798 7417 7566 7770 8074 8155 8164 8165 
45 3394 4241 4657 5133 5932 6196 6941 7555 7918 8019 8099 8131 
64 4977 5760 6139 6958 7461 7670 7890 7978 8064 8153 8163 
40 2896 3383 3973 4286 4893 6073 6657 7211 7698 7900 8054 
1 127 170 281 414 572 1185 1675 1948 2298 2514 3305 3547 3864 4303 4550 4871 5105 
57 4359 5433 6106 6809 7594 7814 8084 8153 8163 
49 3706 4473 4827 5183 5838 6415 7218 7445 7954 8093 8152 
8 344 1035 1763 2268 3176 3607 4388 4850 5295 5723 
2 136 380 939 1646 2909 3447 4458 5075 
13 674 1100 1491 1984 2312 2702 4053 5049 5376 5788 6260 
49 3708 4543 5218 6667 7013 7309 7961 8096 8152 
