165 23687 24602 25660 26744 27362 28281 29134 30079 30400 30689 30904 30992 30993 30994 
121 17101 17817 20330 23118 23907 25669 26365 27211 28199 29436 29878 30396 30840 
152 21677 22540 25238 26336 26939 29344 30643 30979 30990 
106 14887 15927 16952 20053 23819 26778 28467 30141 30840 
127 17827 18579 20908 22599 25520 26526 27668 29773 30294 30677 30920 
135 19211 20404 22617 24900 26557 27595 28544 30176 30479 30779 30977 30989 30994 
113 15641 16601 18212 19238 20423 22637 24340 25487 26483 28661 29221 29936 30840 
4 363 1819 4256 6203 7316 10129 10912 12025 14178 15396 16569 17593 18234 19287 
157 22254 23438 24985 27117 29104 30164 30599 30850 30987 30993 30994 
168 23982 24699 27627 28326 29746 30765 30921 30976 30993 30994 
136 19375 20161 22943 24020 24707 27205 29404 30435 30970 
158 22422 23164 25330 26970 28077 28852 29650 30302 30727 30868 30990 
110 15469 16290 18024 20829 21613 23400 24049 25004 26058 27535 28160 29033 30102 
79 10506 11327 13806 14684 16683 18363 22262 24145 25858 27530 29406 30379 
102 14477 15773 18047 20337 22025 23182 24241 27000 27712 28577 30352 30883 30960 
141 19974 21158 22705 24881 27132 28616 29494 30128 30871 30945 30989 30994 
149 21436 22325 23459 24571 25956 26599 27684 28579 29493 30852 30977 30989 30994 
172 24549 25739 27190 29089 30437 30855 30963 30993 30994 
137 19395 20112 23034 24753 25528 27389 28355 28969 30840 
146 20968 23055 24248 24998 28382 29725 30103 30505 30862 30977 30989 30994 
1 262 533 1514 2338 3338 4590 5271 6881 7842 9133 12398 
14 1083 1958 2682 3375 7289 9211 9945 11434 12582 13827 16150 18001 20703 
113 15641 16599 17681 19796 20515 21567 22728 26513 28057 29039 29750 30351 30891 30941 30978 
153 21697 22414 25459 26235 27983 29712 30544 30804 30987 30993 30994 
5 378 647 1273 2132 2732 3821 5113 6061 7126 11482 13567 14714 16471 17150 18311 
1 259 343 1154 3226 5044 6871 8806 12222 14177 
18 1415 3898 6573 8662 9867 12628 13402 14536 16630 17753 18840 19884 20489 21566 
4 362 1664 4499 6168 10331 12399 14266 16255 18445 20198 
1 262 531 1351 2196 3148 3771 4775 5647 6445 8253 11276 12102 14049 
29 2907 4074 4912 5621 8894 9720 11735 13563 17794 20232 21921 
126 17657 18850 20413 22631 25422 26184 27817 28419 29151 29903 30576 30774 30979 30990 
2 280 404 2628 4319 5019 5952 7073 8756 9465 10604 12436 
1 259 343 1155 3346 5359 6362 7242 8011 12341 14233 
5 380 898 1591 2839 3505 4411 5470 8088 8972 10051 12947 15180 16289 
14 1082 1744 3010 5552 7718 8811 9699 10483 14751 16682 
151 21515 22461 23225 25350 26491 27200 30073 30705 30841 30946 30989 30994 
2 286 1052 1538 2256 3221 5709 6525 7600 10454 12690 13772 
1 259 339 617 1289 2472 3069 4208 5251 6439 10033 11917 13149 14275 15451 16845 17514 19076 
4 362 1663 3971 5822 8942 10070 13234 14750 
30 2939 3674 6425 7212 9264 11076 15308 17294 19652 21380 22548 23961 
103 14663 15532 18466 19672 20936 21971 23243 25900 26789 27854 29144 30591 30794 30970 
17 1392 1997 4101 4883 6821 8571 12814 14847 16698 18429 20744 22491 
0 238 321 1793 2651 3613 5053 5784 6732 7864 9017 9815 11014 
0 238 310 561 1484 2112 3482 5092 9354 10354 11578 12849 15206 15835 17022 18117 
2 280 403 2036 2726 6352 8228 11106 11828 12855 14013 15266 16029 17069 18068 19588 
0 238 320 1717 2577 3381 4123 6245 8056 8906 11233 
13 969 1631 2525 4033 4698 5743 7446 9678 10531 13670 14974 15787 19415 21241 
0 238 315 1191 2088 2992 4116 7535 9410 10627 11761 12972 14418 15097 16769 
40 4725 5920 8217 10703 12551 13773 14968 17896 18695 19693 22382 24449 25458 
2 285 1000 1414 3714 5841 7605 8861 10001 12780 13509 14631 15752 17292 
4 368 2879 4893 6173 6912 7881 9077 10278 11046 12159 
15 1119 2168 2756 3682 4746 6299 7024 8122 9969 12177 14886 
1 259 340 832 1662 3573 5195 6391 7506 10570 11458 12577 15428 17567 18566 
100 14364 15338 16537 17690 19827 20466 21589 22676 23962 24747 27499 28551 29145 30566 30920 
1 262 530 1138 1988 5148 6939 8144 9289 10414 12718 13375 14533 
0 238 310 560 1244 2195 3094 3725 4804 5868 7221 8137 11081 12313 
2 280 403 2037 3555 6457 7551 8925 11827 
0 238 311 786 1476 4673 5758 6836 7997 9433 10161 11645 12838 13953 14775 15999 
4 367 2869 4550 6344 8702 10537 11397 13537 14750 
0 238 314 1110 3450 4232 5190 7974 10219 11314 
2 280 405 2815 4468 5115 6465 7584 9242 10420 11613 12749 13426 14584 
2 284 677 1082 1742 2556 6549 8601 9751 11507 12247 13508 
2 291 1622 3602 6235 8198 11389 12550 
9 761 1327 2226 3243 5386 6010 7079 8017 8839 10696 13629 14608 16528 
7 504 1296 2161 3177 3848 4851 5898 7387 8170 9179 10316 13065 13904 15016 17793 19858 20873 
1 259 344 1219 2370 3210 4355 5672 8724 10009 10836 13652 16361 17435 
5 378 648 1673 2605 3638 5165 5934 9840 11734 
91 12439 13872 15021 16300 18436 20307 23007 25536 26814 27809 28795 29318 29971 30439 30809 
10 812 1623 3963 5861 8790 9619 11548 12314 13318 14499 16211 16876 17929 19616 
3 304 1826 2787 3403 5943 8692 10720 13628 
1 264 707 1281 2203 3421 4623 5492 6666 7876 11242 11942 13098 14939 
123 17175 18137 19232 20796 21463 22966 24012 26625 27291 28232 29148 30437 30856 30979 30990 
132 18638 20014 21081 22492 23297 26125 28833 30095 30852 30977 30989 30994 
0 238 312 994 3040 3748 4755 6797 7940 9114 10247 10934 12075 
112 15508 16353 18567 19366 21266 23552 24646 26330 28688 29239 29941 30840 
96 13122 14114 15300 17487 19440 22075 22814 23854 25038 27477 29093 30625 30861 
6 497 1928 2942 4200 5220 6501 8489 9522 13928 16120 17200 18742 19477 20589 
4 369 3016 4132 5139 6597 7263 8515 10323 11620 13064 
164 23661 24578 25697 26807 28129 28635 29556 30159 30699 30916 30993 30994 
170 24185 25128 26690 28028 28839 29678 30366 30737 30905 30971 30993 30994 
144 20272 21179 22277 23334 24073 25147 26065 27045 29345 30057 30365 30977 30989 30994 
154 21803 22734 23813 25389 26036 27033 28524 29997 30554 30762 30981 
143 20138 20919 23214 24002 25844 27408 29597 30957 30982 30992 30993 30994 
139 19617 20538 21583 24557 26421 27992 29469 30803 30975 
62 8017 8842 11345 12213 14250 16085 18727 22524 24210 26245 27704 28615 
85 11889 12888 14085 15883 16986 18174 21954 23713 24831 25866 26925 28768 29196 29918 30359 30711 
148 21354 22293 23392 24505 25205 26203 27153 29521 30144 30611 30908 30968 30992 30993 30994 
51 6489 8576 9760 10489 13312 17389 19161 20247 21290 22406 24419 25055 26160 27189 
133 19109 19989 21116 22286 23736 24393 25563 26585 27645 30141 30840 
145 20383 21837 22572 23493 25099 26131 26950 27635 29103 30591 30794 30969 30983 30991 30993 30994 
14 1082 1745 3126 4560 5476 6710 8329 10686 14998 16796 17976 19017 20619 21667 
150 21492 23259 24295 25988 26847 27871 28845 29855 30195 30632 30979 30990 
107 14940 15949 17003 21025 22967 24539 25629 26302 27333 28181 28977 29526 30540 30809 
86 11975 13288 15666 18031 19698 20874 21926 24784 25585 26580 28928 30238 30726 
98 13837 16180 17366 18131 21742 23526 24964 26390 27052 27902 28825 29602 30008 30514 30776 30920 
2 280 402 1908 3934 4648 5518 6629 7807 8541 9656 12830 14059 15538 16369 18339 19476 
104 14693 15459 18062 21668 23575 25792 26870 27844 28741 29178 29944 30454 
29 2906 3796 4769 7850 9900 11752 13706 17238 18987 
116 16377 17696 18802 19916 21002 22020 24675 26687 27577 29830 30321 30681 30941 30978 
117 16776 18672 19753 20930 24271 26014 27077 27996 28946 30256 30489 30780 30917 30975 
128 17850 20669 23311 25290 26332 29004 29573 30333 30675 30877 30939 30979 30990 
70 9491 10826 13196 15706 17458 18596 19644 22105 22840 24642 25729 26656 27244 28246 29132 
105 14801 16404 17442 18587 20735 22597 25263 26269 28471 29064 29689 30297 30645 30810 30949 
95 13008 13818 16341 17141 18989 21242 22350 23429 24485 26798 27780 28443 29296 29908 30399 30861 
62 8017 8841 11315 12160 14234 16057 19949 21828 23589 25382 27483 29003 
5 379 847 1392 1995 3593 6333 7155 9085 9790 10845 11967 13711 14450 15601 17329 
91 12437 13453 14550 17665 19549 21281 23131 26282 27933 28499 29258 30235 30598 
111 15492 18180 20337 22028 23869 25050 28568 29816 30418 30714 30941 30978 
0 239 411 812 1624 4065 4827 6637 7352 8362 9515 12659 13351 14585 15750 
4 363 1820 5453 7378 9279 11234 13209 16243 17046 18838 
2 283 569 1393 2308 2906 3796 4771 8994 11137 12275 13983 14823 16000 16928 17895 
0 240 469 929 1386 4932 6765 7421 8950 10089 11335 13639 15676 18427 
142 20122 22937 25607 27412 28350 30380 30635 30922 30981 
94 12990 15796 19004 20842 24097 25813 26456 27568 28331 28951 30566 30920 
0 238 319 1695 2563 4444 5577 6699 7687 8396 9571 10771 
1 259 348 1878 2780 4281 4994 6085 7052 8340 11178 13064 
10 810 1439 2054 3874 4965 5633 8854 12500 14339 15616 16707 17786 19077 19773 21353 
119 16901 18118 20298 23025 24916 27453 29530 30305 30665 30897 30953 30981 
2 281 440 736 1297 2503 3904 4958 7659 9113 10188 10890 12076 13287 
1 259 341 875 1563 2702 3498 6143 7322 8043 11678 12914 14051 15236 15857 16985 
118 16819 17729 18870 19984 22191 22788 23825 24723 25469 27127 29463 29965 30668 30819 30960 
2 282 552 1161 2071 4515 5613 7745 8418 9595 10825 
155 21868 22859 24288 26903 28715 29470 29992 30835 30926 30972 30988 30992 30993 30994 
36 4167 6267 7512 8631 9382 10378 11544 15150 15905 17009 18934 20071 21148 22135 22766 23884 24962 
138 19501 20433 21509 23086 23767 24817 26428 28310 28974 30569 30854 30974 30985 30994 
131 18630 20765 21931 22714 24893 27470 28269 29625 30030 30456 30811 30964 30989 30994 
0 238 313 1028 1770 3410 7474 9730 10619 12550 
1 259 349 2005 2932 5295 6037 7109 8352 11169 13175 16119 
15 1118 2046 2962 4175 5531 8467 9556 10879 13216 15069 16309 17357 18772 19525 20618 
12 950 1849 2399 3249 4311 5418 6115 7179 8277 9910 10654 11662 15332 17537 18190 19288 20381 
25 2533 3662 5810 8260 10106 11355 12467 15121 16426 17437 20047 22165 23162 
83 11405 12855 14014 15576 17683 20204 21923 23363 24121 25176 26087 26969 27650 29416 30131 30565 
99 13847 15803 16922 18497 19186 20704 21768 24363 25077 26112 27963 28900 29672 30216 30469 30785 30934 
4 365 2286 3306 4346 5330 6701 7776 8440 9537 12475 13298 16159 17895 
139 19619 20944 22002 23173 25321 27102 29357 29806 30936 30986 30992 30993 30994 
124 17330 18260 19254 22382 24449 25440 28103 28872 29644 30275 30524 30795 30965 30990 
161 22655 24157 25933 27312 28243 30296 30977 30989 30994 
148 21358 22880 23801 26932 29518 30006 30712 30977 30989 30994 
122 17121 17943 19722 20984 23598 24637 26713 27265 28205 28954 29489 30566 30920 
129 17951 18902 19964 21049 21718 23267 24324 25482 28570 30096 30799 30970 
101 14391 15364 16529 17623 18312 19348 22446 25232 27732 29381 30053 30655 30827 30952 
3 302 594 1433 4005 5784 6732 7865 9047 9875 11015 11999 13114 15068 
15 1115 1613 3981 5679 6921 9333 12191 12979 15700 18530 19311 21115 
24 2447 3281 4378 5484 6964 7640 10962 12041 16448 18371 20104 21404 22052 23660 
109 15323 16582 18665 20646 21788 24856 25760 26797 27751 28395 29274 29892 30370 30801 30970 
4 366 2424 3529 4516 5986 7130 8309 10781 13897 16062 17237 
54 6997 7915 9147 10346 11856 12603 14318 17102 18398 19135 20014 21080 22221 22910 23961 
