134 25880 27690 28652 30166 33407 36014 37529 40098 41699 41840 41903 41918 41926 
174 34288 36080 36819 38320 40209 41325 41784 41873 41930 41933 41935 
129 24327 26345 27289 29087 33770 38166 40849 41576 41779 41891 41911 41926 
115 21068 22978 23915 25728 30314 35292 38981 40513 41165 41750 41854 41897 
160 31757 34311 35165 36193 37982 40512 41906 41920 41936 41937 41938 
167 32721 35665 37283 38832 39459 40435 41266 41906 41920 41936 41937 41938 
181 35909 38030 39328 41132 41581 41872 41914 41933 41935 
90 16141 17867 18837 20363 23342 26199 28015 33290 34688 36412 39136 40442 41099 41365 
176 35039 37306 38058 38951 40247 41428 41784 41873 41930 41933 41935 
163 32528 35211 35980 37846 39809 41352 41749 41927 41932 41936 41937 41938 
99 17898 19864 20736 22482 27071 32006 36225 38382 39601 41060 41536 41772 
75 12981 14688 15654 17088 20154 22851 27469 30461 33181 34925 37582 39993 
128 24239 26253 27126 28908 31778 34504 38864 40918 41346 41779 41891 41911 41926 
173 34254 36337 37908 39777 40273 40830 41460 41873 41930 41933 41935 
0 221 270 1214 1768 3714 5874 6808 8473 12514 13260 
145 28414 30915 31931 33101 35114 37872 39165 41403 41695 41835 41921 41930 41933 41935 
115 21068 22978 23915 25724 28882 30740 33842 36681 40106 41327 41723 41809 41897 
137 26008 28027 32220 34536 35330 36898 40409 41046 41582 41824 41882 41911 41926 
108 19516 21410 25496 27882 28721 30557 35468 37512 38168 38750 40640 41436 
149 29180 31802 32747 35114 37872 39166 41423 41697 41837 41902 41923 41928 41935 
147 29154 32105 33436 35296 36653 39195 40742 41784 41872 41913 41928 41935 
156 30178 32992 33905 35603 38213 40854 41402 41921 41930 41933 41935 
0 221 268 522 1160 2931 4284 7270 8644 13642 16848 19058 20561 21498 
2 249 550 728 1508 3451 4932 8753 11144 16223 19141 20690 22130 22839 
111 20303 22926 23832 25660 28763 31184 36362 37613 39072 40946 41545 41759 41826 
32 3711 5187 6096 7594 10506 13289 15007 20036 21429 23249 26631 28924 31279 
143 27626 29579 30407 32340 35058 37480 39362 41414 41817 41875 41897 
154 30041 32158 35528 36765 38583 40218 40688 41326 41882 41911 41926 
120 22541 24295 25245 26848 30014 32916 37154 39509 40872 41414 41817 41875 41897 
141 26893 30896 31954 33542 34404 35434 36698 39247 40861 41840 41903 41918 41926 
2 249 554 1409 2118 4363 6081 11917 14414 16223 19143 21334 
31 3675 5556 6842 8926 12169 14833 16540 21624 23092 24813 28922 30437 31423 
2 249 550 728 1509 3973 5388 10389 11773 14130 16706 18412 21362 22958 23914 
104 19381 21098 22061 23514 26697 29501 34134 36873 39031 40128 41329 41671 41772 
19 1622 2582 3214 4474 7421 10566 12444 18318 20802 22624 25695 28012 
102 19285 21559 23009 25088 29028 37637 39094 40371 41216 41657 
115 21068 22983 25463 26987 30057 33022 37817 38993 40101 41619 41827 41878 41898 
132 25780 28072 29457 31683 34372 40018 40929 41520 41882 41911 41926 
6 341 1795 3260 5296 6003 6805 12609 14876 15703 18042 18869 19606 22655 25003 
4 304 2146 3676 6059 6847 9607 11048 12078 13288 
129 24327 26350 28810 30276 33492 36141 40150 40863 41405 41815 41882 41911 41926 
157 30864 33861 34570 36666 38128 39121 40195 41237 41479 41693 41903 41918 41926 
7 349 892 1944 2389 3853 6478 9009 11224 16298 19259 
12 815 3106 4443 8223 9161 10017 13091 14892 18548 
2 249 550 728 1508 3461 7606 9602 14593 16267 18284 20001 20918 
7 351 1131 1702 2667 5051 6901 9220 10989 15947 17976 18755 19571 22655 25003 
4 302 987 2098 3246 4669 5424 6983 11746 14016 15685 16779 
1 232 500 645 1440 3023 5320 7047 12040 13542 15231 18071 20181 21166 24063 
0 221 266 371 673 1046 1993 3321 6267 8431 9212 12896 13737 
45 6558 8779 9777 10992 12767 15753 17257 23041 25632 27322 30328 32247 34105 
90 16143 18596 19543 21890 24932 26664 31646 33156 34894 37554 39214 39891 40786 41344 
84 14627 16491 17299 19126 21834 24442 26290 31561 33131 34879 38636 40047 40881 41212 
1 232 500 654 2956 4548 8194 9852 11883 13592 14469 
0 221 271 1329 2445 3691 5023 6762 9139 
71 12148 14650 15544 16600 18627 21755 23325 28204 29750 31550 36427 38333 39487 40046 
74 12911 15581 16372 18479 20415 23442 30623 33782 35481 37177 38684 40264 
4 301 965 1244 1731 3797 5766 7546 12193 13129 14805 18882 20919 22569 24158 
86 15402 17807 18723 19895 21892 25617 30218 32384 37233 39167 40465 41112 41382 
101 18797 20683 22923 28798 31104 31992 33981 36108 38632 40190 
0 221 268 522 1160 2933 4876 6664 12672 14222 15112 
0 222 313 419 1093 2112 4401 10417 13738 15918 17329 18283 
3 281 758 1677 2718 6545 7841 8522 10123 13034 15396 
7 349 889 1259 2724 4058 4742 9221 11554 12354 13159 16253 18548 
2 249 550 741 3491 4713 5576 7447 9354 12701 14177 
0 224 474 1299 2298 6331 7730 
9 410 1574 1964 3001 4969 6738 8629 15797 17988 18782 20446 
28 3004 5149 5982 7069 9086 12090 13768 18358 19926 21651 26666 28951 30484 31512 
114 21014 22893 23740 25548 28435 31117 33649 38425 41219 41619 41827 41878 41898 
90 16144 18652 19576 21242 24164 28183 29235 30877 31920 32879 35931 38503 39456 40341 40917 
0 222 313 422 1455 2786 5080 8514 12144 
9 408 1022 2814 4509 6030 7297 9008 11199 16324 18162 22195 25003 
0 221 268 522 1160 2931 4286 8824 10291 11955 14913 16882 17924 20856 
7 349 889 1256 2028 4255 6302 7794 8704 13798 15747 19087 20498 
14 916 1918 3384 4554 7461 9271 15147 17518 19405 22420 23870 25432 26198 
0 225 574 937 1409 2132 7734 10316 11986 14935 16519 17423 
0 221 272 1399 2007 2635 3387 5432 7387 8388 10130 11685 
0 222 313 420 1379 2478 3945 6015 7888 12621 14055 
1 232 500 645 1441 3810 5604 7208 8121 9914 14876 15700 17283 
4 303 1287 2228 2757 4026 8617 10712 12399 14178 14968 16486 19436 22477 
13 841 1823 2243 3477 5818 8444 10158 15291 16681 18381 21340 23369 24399 27503 
0 223 449 1622 2582 3217 5391 7049 7929 12428 14820 15640 16367 19435 21809 
8 396 979 2971 4486 7018 8557 
180 35753 37338 38095 39295 41050 41906 41920 41936 41937 41938 
158 30947 32963 33876 35559 37928 39925 41039 41575 41927 41932 41936 41937 41938 
41 5218 7104 9397 10758 13845 15604 21533 23981 25905 28994 30508 31671 32958 
114 21014 22893 23740 25547 27685 31309 37393 39262 41414 41817 41875 41897 
128 24239 26253 27126 28907 30973 34683 39374 40996 41840 41903 41918 41926 
27 2613 4135 4814 6507 9990 11646 16780 18176 20502 23117 24841 27940 29608 30554 
98 17838 19756 20623 22343 25029 27840 29631 34858 36268 37755 39948 40963 41298 41772 
4 300 696 3417 5363 6084 6837 9840 12883 
2 249 550 728 1517 5682 8596 10537 12636 14498 
11 618 2504 3135 3999 6725 8500 9953 15016 17100 18769 20608 21299 23552 25278 26630 
0 221 268 522 1160 2931 4285 8800 10270 13005 15959 17381 18936 19723 
166 32709 34663 38286 39943 40344 41080 41742 41918 41926 
9 412 2700 3274 4526 7565 11364 12343 13341 
61 9727 11437 12366 13921 16915 19671 21337 26574 28032 29905 33374 35502 37553 
179 35742 38147 38751 40168 41445 41873 41930 41933 41935 
159 31009 33070 33987 35690 38370 40002 40927 41890 41927 41932 41936 41937 41938 
146 28638 31159 32058 32809 35867 37888 39315 41461 41638 41814 41924 41933 41935 
103 19312 22109 22776 24957 27014 30094 36750 39012 40110 41545 41759 41826 
134 25882 28459 29422 31682 33699 36552 40164 41699 41840 41903 41918 41926 
168 32735 35328 36722 38492 40026 40711 41432 41899 41927 41932 41936 41937 41938 
81 13943 18978 20447 23403 25330 31458 34051 35835 38427 39547 40357 40737 
110 20214 22163 25510 27827 28628 32516 34559 35977 38632 40184 41287 41772 
184 35938 38476 39757 40747 41082 41557 41798 41927 41932 41936 41937 41938 
0 221 268 522 1160 2942 7182 8893 11724 13812 14780 17663 
106 19494 22504 23817 24514 26285 31280 33662 35279 36887 37534 38863 40640 41436 
2 249 550 728 1521 6386 11330 13048 15113 16731 17636 
0 221 267 419 1097 4184 6160 8184 10622 12459 14534 16169 17717 
2 249 550 728 1508 3455 6448 8000 10879 15842 17545 19481 21944 
2 249 550 728 1515 5643 10754 15024 16809 20524 22255 24124 
46 6628 8324 9274 10701 13771 16404 18068 23222 24622 26532 29946 32273 34601 
0 227 1074 1646 2272 2848 4349 6191 9429 10808 
0 221 267 419 1099 4321 6931 9547 11099 14090 15845 17690 
96 17054 20623 22342 24354 28059 29917 32136 34231 37670 38526 39742 40266 41001 41482 41658 
19 1624 3048 3878 5348 9341 10046 13104 15013 21397 25594 27110 
25 2490 4212 5798 8264 9140 10222 15352 17194 21456 23263 25443 27551 29543 
2 249 550 728 1512 4583 7130 8854 14057 17742 19448 21499 23142 24035 
2 249 551 996 3259 4782 9493 10857 
69 11383 13342 14193 15904 18572 21220 22956 28303 29775 31584 34607 36495 37438 39654 
15 1108 2361 3841 5482 9385 11566 12414 14271 19046 21207 22015 24430 25292 26986 
2 249 550 742 3539 4762 6181 7517 9173 11239 12959 14527 
16 1300 2687 3201 3908 6681 8979 11319 14906 19299 21276 22771 25936 28409 
3 282 785 1692 3651 5381 9689 10388 
8 399 1315 2203 3713 5843 6774 8412 11500 13421 17691 19528 21291 25779 
4 300 694 1852 5487 7633 9236 10971 11649 13371 16253 18548 
19 1622 2582 3214 4473 7371 12795 18202 20062 22145 25206 26252 
170 33479 35399 38364 39445 40559 41267 41487 41747 41921 41930 41933 41935 
162 32501 34795 35986 38458 40429 41345 41716 41921 41930 41933 41935 
69 11383 13342 14193 15903 17860 20261 25691 34239 35876 37707 39050 39664 
144 27723 29662 30591 32476 35551 39676 41110 41699 41840 41903 41918 41926 
131 25230 27206 30203 31976 33343 35035 37081 38671 39946 41435 41734 41897 
139 26724 28756 32300 33744 38512 40345 40712 41518 41881 41900 41926 
138 26021 27907 29452 32652 35009 37224 39947 41436 
151 29384 31889 33569 37247 38048 39273 40178 41485 41724 41848 41888 41921 41930 41933 41935 
161 32011 34482 35267 37469 38138 39445 40562 41446 41628 41813 41924 41933 41935 
40 5127 6987 7856 9532 11491 13878 19175 27592 29340 31513 33227 34193 
41 5218 7099 7968 9664 12714 14528 17352 20383 24809 27919 29980 31038 34133 
30 3663 5535 6572 7892 9575 12532 14124 19838 22358 23948 27021 28844 30710 
114 21014 22893 23740 25547 27686 31346 36470 38796 40513 41165 41750 41854 41897 
116 21814 24263 25184 26378 28493 31697 33405 37834 39628 40623 41563 41809 41897 
70 11468 13430 14352 16048 19100 20885 23795 26930 31615 34636 37265 38078 38831 
175 34342 36162 36971 39377 40991 41697 41839 41930 41933 41935 
15 1111 2545 3150 5264 6223 7681 11578 13378 18443 19951 21667 25563 27157 28121 
13 841 1823 2243 3476 5180 7489 11948 17861 20964 22669 24713 26510 27410 
190 37370 38922 40314 41023 41717 41853 41924 41933 41935 
129 24327 26345 27289 29083 32315 34604 39081 40003 41058 41699 41840 41903 41918 41926 
84 14627 16491 17299 19125 21093 24649 26545 28735 30841 34816 35802 36851 37690 39212 41049 
118 22517 24662 25822 27289 29083 32325 36816 39509 40872 41414 41817 41875 41897 
169 33467 35372 38291 39392 40554 41361 41648 41846 41921 41930 41933 41935 
142 27565 31175 35008 36592 38867 39518 40532 41840 41903 41918 41926 
44 6532 8672 10209 12224 15314 16879 21601 23067 24795 29308 31424 33206 34165 
135 25984 29140 30391 31242 32959 35867 37897 41010 41770 41881 41900 41926 
196 38668 40540 41256 41659 41764 41861 41932 41936 41937 41938 
9 409 1533 2523 4032 5453 8211 11638 16102 
127 24172 27111 27975 29574 32654 35729 37525 40182 41029 41677 41774 41891 41911 41926 
152 29397 31288 34667 36666 38128 39122 40549 41356 41591 41875 41897 
0 221 268 522 1163 3537 11760 13613 15714 17720 19750 
56 8295 10179 11067 12829 15878 17572 20586 23575 28272 31209 33026 34376 36143 36968 
99 17898 19869 22206 23617 26773 28584 34775 37036 38604 40489 41123 41426 41658 
2 249 550 728 1510 4242 7326 9466 11538 15112 
104 19383 21858 22739 24464 27542 31351 32539 33817 34715 36463 38209 40488 41081 
140 26861 29633 30561 32419 35389 39433 41110 41699 41840 41903 41918 41926 
26 2523 4030 4684 6371 9033 12798 21415 23166 27504 29205 30739 
130 25008 27650 28561 29693 31833 34969 36460 40093 41180 41613 41863 41900 41926 
0 221 268 522 1160 2941 7156 8862 11695 14333 15734 16457 
7 349 890 1601 2417 3865 5931 7560 10925 11866 16942 18947 22239 23616 
98 17838 19756 20623 22342 24351 26820 35631 39730 40664 41383 41707 41786 
155 30136 34437 36111 36900 38405 40370 41784 41873 41930 41933 41935 
1 232 500 645 1439 2577 5062 6694 8719 10348 14331 
67 10674 13380 14275 16022 18954 20558 26409 29029 30624 34468 38242 38819 
82 13966 16542 17424 19205 22171 24511 29877 31312 33276 36381 38223 39708 40746 
18 1587 2910 3737 4785 6421 9360 10860 16630 19177 20769 23702 25524 27439 
9 408 1023 3372 5308 6044 7647 9715 11840 15608 18023 21141 24551 
17 1562 2829 4105 5905 8952 10489 15194 16656 18347 23293 25563 27157 28121 
150 29373 32517 35139 36620 39572 40538 41840 41903 41918 41926 
5 327 1034 3310 4421 6127 8149 9755 11277 13117 15531 
95 17030 19785 20653 22386 25408 27057 33046 35575 37003 39403 40414 41215 
7 351 1131 1713 4613 6281 8094 10492 12525 15865 17163 
56 8295 10184 12577 14063 16956 18834 24748 27355 29265 32354 33935 35360 36056 
2 249 550 728 1508 3453 5495 7229 10474 15961 18133 20980 23221 
73 12884 15064 16600 18630 22417 30850 33315 35404 37209 38795 
2 249 550 728 1516 5652 8569 11345 12311 13897 14751 17771 18712 19670 
0 221 266 374 832 3168 4937 6605 8059 9885 12309 
17 1563 3289 3913 5751 7672 10604 17201 19976 21694 24574 26324 27288 
2 249 550 728 1513 4845 7762 9442 11029 15566 17377 22304 23701 
2 249 550 731 2171 3429 4913 9703 11811 12927 14607 15532 16485 
24 2071 5109 5972 7514 8357 10164 12249 13164 14856 17735 21579 22596 24221 25823 27607 28549 29543 
2 249 550 728 1508 3462 7757 10948 13567 15261 18092 19818 20735 
21 1690 2823 6254 8487 9310 11621 12447 13196 19010 21263 22098 24485 25337 29138 
136 25995 27900 32452 35921 37608 40381 41436 
14 916 1914 2330 3594 6344 8089 13491 15994 17487 21187 24362 26324 27288 
121 22702 24608 28019 32232 33674 35715 37658 40285 41190 41598 41772 
57 9011 11406 12321 13461 15477 18495 20151 24873 26435 28228 32664 34741 36318 37080 
107 19504 21403 24614 26947 28685 29850 32696 34552 37889 39716 40912 41439 41787 
66 10650 15810 17164 20228 22058 28158 30655 32623 35637 36932 37859 38795 
44 6533 9249 9957 12064 14681 16994 23655 26485 28272 31209 33025 33980 
164 32601 35082 35946 37494 39860 40382 41051 41783 41930 41933 41935 
100 18552 21037 21945 23009 25085 28341 29977 34838 36243 37743 40641 41366 41701 41785 
120 22543 25053 26034 27813 32125 32859 38143 39922 40313 41436 
125 23480 27242 28368 30112 32070 34194 35779 37134 38679 41436 
13 841 1823 2243 3476 5182 8658 10429 12556 14572 18818 21979 24064 25857 27468 
153 29409 31295 35425 37891 39840 40807 41160 41862 41896 41924 41933 41935 
122 22714 24498 26101 29295 31722 33624 37998 38720 39934 41307 41525 41817 41875 41897 
7 349 889 1261 2876 4165 4996 6750 9648 14580 17284 18125 19751 22655 25003 
0 221 266 372 700 1482 3328 4610 10240 12739 14383 17223 19024 20884 
126 23527 26293 27211 29057 32164 33814 36882 40872 41414 41817 41875 41897 
149 29177 30977 32026 33600 36743 39994 40903 41827 41879 41908 41916 41930 41933 41935 
112 20332 24201 25174 26825 27749 29613 31858 32779 34515 37202 40077 40600 41231 41482 41658 
8 397 1185 2070 5091 5960 6876 9898 11757 18167 20401 22030 25172 
148 29165 31373 32813 34991 36741 39722 40989 41873 41930 41933 41935 
1 232 500 645 1439 2578 5523 7242 9321 11309 15172 16195 17789 18745 20281 21726 22839 
2 249 550 728 1509 3983 8032 9809 12802 14976 17757 20119 
3 283 862 1225 1884 3080 5725 7357 12017 13517 15220 20120 22276 23771 24712 
75 12983 15445 16339 18627 21756 23737 29724 32391 34019 36783 38296 39571 
85 14719 16570 17454 19260 22317 24125 27182 29813 34925 37574 38899 39811 40575 41189 
118 22518 25307 26106 28326 30244 33528 39436 40872 41414 41817 41875 41897 
89 16129 18235 19328 20994 21968 23459 25365 31142 35232 37101 38560 39665 40687 41476 
99 17898 19864 20736 22478 25618 30361 33841 36293 37786 39959 40770 41131 
88 16103 18215 19611 21739 23645 27585 33248 35344 38174 39677 40576 41209 
27 2613 4135 4814 6506 9506 11271 14247 17122 21662 24552 26738 27788 30835 
133 25807 28708 32544 34268 35188 36570 37401 38257 39966 41225 41477 41657 
120 22544 25110 26070 27863 31059 32188 33707 36539 40004 41165 41750 41854 41897 
4 300 697 3519 4668 
124 23328 25401 28868 30259 35200 37459 38089 38719 40640 41436 
5 328 1361 1737 3353 5714 6970 13081 16118 18711 
2 249 550 728 1508 3451 4931 7818 10735 15263 18916 20953 22892 
10 592 1856 2301 3567 6199 8560 13654 15036 16834 20062 22143 24919 26168 
92 16310 18056 21263 22096 23866 28981 31092 31964 32776 37610 39371 40341 40917 
7 349 889 1260 2765 4288 5250 9054 9921 11602 15341 17008 17947 19818 20735 
27 2613 4135 4814 6511 10814 13990 15992 24185 25950 28122 29825 30806 
117 22042 24418 25217 26065 29295 31722 33623 37947 38689 39917 41503 41788 41868 41897 
55 8242 10095 10895 12659 15421 18000 19816 24896 26460 28241 31190 34957 36079 
119 22529 24781 28587 30745 32589 37157 38681 40547 40914 41607 41800 41868 41897 
23 2042 4077 4785 6424 10070 11688 16780 18175 20021 23162 25385 28786 29573 
26 2523 4030 4684 6370 8320 11799 13684 17596 23142 24009 26726 30390 
21 1691 3620 5127 6993 9443 11169 16141 17868 19360 20891 22729 25796 28548 
0 221 268 522 1164 3768 6392 7949 8944 12493 13201 15778 18466 19670 
