15 357 554 698 924 1165 1555 1786 2048 
39 938 1171 1402 1650 2026 2262 2393 2451 
81 1946 2185 2437 2465 
62 1490 1672 1970 2146 2295 2410 2452 2466 
0 114 212 407 602 733 1136 
66 1586 1768 2066 2239 2365 2442 2462 2470 
68 1634 1817 2122 2347 2432 2461 
67 1613 1978 2162 2320 2400 2460 
72 1730 1912 2209 2355 2421 2463 
78 1874 2056 2332 2428 2456 2469 
5 153 287 415 682 866 1048 1346 1537 
3 137 236 365 627 818 1000 1298 1489 
1 121 185 314 579 770 952 1250 1441 
35 826 1075 1325 1698 1922 2097 2217 2408 
4 146 321 506 712 1010 1201 
6 162 372 571 753 877 1273 
8 178 422 619 808 1106 1297 
47 1114 1361 1538 1723 2074 2303 2415 2457 
45 1066 1308 1546 1801 2170 2379 2444 2464 
70 1682 1857 1994 2232 2449 2467 
61 1453 1841 2018 2192 2313 2441 
11 254 439 595 841 1210 1459 1690 1945 
63 1498 1752 2114 2281 2373 2455 
7 172 488 643 881 1058 1249 
41 986 1217 1394 1577 1882 2131 2340 2448 
13 306 537 676 981 1442 1617 1738 1993 
57 1354 1594 1778 1961 2274 2425 2458 2468 
2 130 263 457 657 962 1153 
9 203 389 514 792 1154 1345 
1 124 338 465 737 914 1105 
33 778 1025 1202 1391 1834 2081 2254 2392 
12 280 521 722 907 1274 1510 1826 2017 
10 229 472 667 851 1021 1411 1658 1904 
