30 486 538 606 661 771 817 850 859 
31 501 553 621 676 785 828 854 860 
18 306 358 426 481 591 643 711 770 
2 74 118 186 241 351 403 471 530 
35 561 616 726 778 831 853 
40 636 688 756 808 857 861 
41 651 706 810 844 
5 111 163 231 286 396 455 
9 171 223 291 346 456 515 
3 81 133 201 256 366 425 
0 60 88 156 211 321 380 
32 516 571 681 733 798 838 
34 546 598 666 721 821 849 
7 141 194 276 331 441 500 
44 696 751 839 856 
1 67 106 216 268 336 395 
6 126 178 246 301 411 463 531 590 
4 96 151 261 313 381 440 
36 576 631 741 793 845 858 
