0 173 216 413 676 1112 1817 2603 3134 4037 6078 7012 7921 8647 9506 10055 
123 15188 16108 17299 17957 19421 19757 19846 19864 
131 16302 17328 19102 19562 19851 19859 
125 15831 17798 18126 18826 19393 19680 19740 19822 19860 
121 14835 16876 18420 18786 19178 19705 19776 19813 19847 19863 19864 
103 12772 13790 14983 15688 18515 19323 19563 19841 19862 19864 
120 14785 15774 17923 18802 19727 19821 19851 19859 
122 15182 17641 19035 19513 19782 19860 
129 15942 16940 18111 19011 19613 19816 19857 19864 
130 16128 17249 18096 18671 19436 19535 19692 19860 
6 261 484 1785 2388 3113 4028 5658 7936 10296 11494 
117 14355 15238 16981 17333 18046 18486 19124 19498 19837 
97 11600 12634 14916 16028 17048 17674 18173 19265 19442 19565 19744 19834 
124 15593 16677 17816 18631 19688 19858 19861 
127 15895 16803 18340 18633 19175 19414 19695 19803 19861 
114 14264 15043 15464 16415 17315 17982 18663 19021 19521 19754 19860 
0 173 222 1167 1847 2628 3020 3952 4846 5603 6413 6936 
0 173 216 414 763 2447 2768 3216 4829 5558 7586 
85 10015 11062 13310 14411 15478 16147 16748 18152 18526 18816 19273 19624 
98 11674 12864 14591 15092 17207 17482 17942 19311 19822 19860 
94 11184 14026 15347 16007 17627 18056 19409 19547 19724 19860 
106 12985 14243 16365 16695 17581 18460 19072 19239 19448 19836 
107 13169 14207 16458 17517 18382 18879 19250 19735 19787 19821 19851 19859 
99 12013 12929 14176 14941 17851 18852 19286 19790 19860 
0 173 223 1186 1851 2347 3505 6217 7520 8814 
0 173 217 463 903 1858 3917 4224 5086 6153 7039 7357 7826 9977 10752 
75 8831 9771 11016 11784 14754 16087 16822 18353 18648 19304 19460 19570 19836 
85 10016 11295 12339 13003 13605 15203 15648 16043 16785 17718 18904 19455 19744 19834 
39 3839 4860 7065 10413 11325 12403 13296 13615 14098 16287 17081 
113 14041 15112 15936 18370 19541 19764 19860 
119 14606 15693 16785 17716 18743 19285 19847 19863 19864 
3 238 1091 1298 2060 3096 3938 4262 4754 6881 7677 
1 188 232 1138 2028 3035 3677 4305 5838 6232 6627 7383 8357 
92 11147 12183 13695 15427 15793 16595 17142 17966 18660 19645 19733 19844 19858 19861 
109 13565 16183 18199 18872 19728 19838 19860 
67 7759 9030 10792 11260 12145 12568 12906 14720 16732 17588 18700 19427 19731 
112 13642 14530 15836 16728 19335 19814 19852 19862 19864 
71 8059 8936 10701 11068 11889 13407 15631 15916 16475 17998 18563 19602 
2 210 952 1898 2896 4085 4773 6786 
56 6431 7216 7627 8548 9454 10245 11103 13233 13549 14462 15551 16443 16759 17225 18974 19361 
132 16341 17402 18166 19600 19850 19864 
88 10449 11354 12603 13354 16385 17606 18238 19347 19493 19750 19794 19822 19860 
18 1012 1813 4001 5056 6092 6745 7347 8867 9341 9728 10506 11518 
93 11162 12086 13857 14211 15034 15579 16663 17389 17905 19294 19468 19668 19777 19858 19861 
82 9636 10543 12285 12653 13457 15000 15567 15959 16995 17353 19082 19460 19570 19836 
1 191 426 822 1589 2426 4281 4722 5071 5853 6810 
95 11209 12225 13415 14120 17180 18321 18808 19608 19747 19822 19860 
0 173 216 413 680 1687 1973 2488 5318 6077 
32 2750 5411 6691 7421 9132 10373 12506 12814 13333 15515 16265 
80 9573 10634 11844 12547 15391 17383 18078 18394 19091 19481 19700 19804 19837 
115 14313 16966 18772 19293 19847 19863 19864 
0 173 216 417 1075 1606 2510 4108 6374 8703 9953 
0 173 216 413 678 1626 1954 2655 5622 6285 8257 
10 443 1157 3150 4439 5036 6712 7209 9324 9588 10178 12376 13114 
8 362 1417 3008 3510 4128 5639 6168 6557 7238 9207 9976 
58 6496 7402 9093 9473 10320 11830 12391 12760 14893 16546 17242 18926 
70 8044 9052 10525 12247 12640 13741 15292 15728 16399 17123 17963 19166 19617 
8 357 994 2127 3245 4191 4901 5477 7308 7794 8152 8917 9929 
61 6726 7853 8781 9511 10133 11190 12038 13714 14161 14769 15530 16500 18031 18958 
74 8513 9707 11456 11918 13999 14334 15064 17082 17734 18715 19315 19731 
118 14375 15274 17009 17360 18027 19158 19411 19800 19844 19858 19861 
14 716 1436 2566 3238 5196 8039 10905 12204 13548 
4 245 2405 3623 4368 6042 6391 7194 7740 8630 9929 
6 262 648 1456 2008 3663 4164 6245 6523 7071 8681 9378 11437 
0 173 216 413 677 1403 1748 2066 3808 5804 6672 8017 
45 4700 5750 6897 8115 9145 9829 10439 12124 12588 13153 13962 14935 16577 17712 
76 8884 11641 12958 15257 17223 18607 19122 19768 
81 9631 12477 13811 14426 16165 16635 18538 18757 19111 19708 19835 
27 1939 2920 4420 6105 6577 7466 8974 9422 10094 10836 11789 13433 14672 
6 261 483 1705 3785 4551 6518 9309 10657 11981 
3 236 393 554 1124 1799 2532 3365 3875 4948 5967 7904 8617 10700 
0 173 216 414 757 1241 2551 3085 3450 4146 7291 
0 173 219 588 1163 2465 4780 5736 6418 7026 7869 8167 10014 
16 737 1385 2994 3346 4123 4655 5565 6406 8451 9159 10144 11048 11811 12684 13209 
110 13571 14490 15742 16506 19000 19578 19811 19856 19863 19864 
91 11105 11893 12325 13268 14193 14964 15812 16321 17445 19654 19830 19860 
4 243 1659 2936 3541 5233 5730 7808 8080 8599 10804 11541 
96 11395 12552 13515 14250 14854 16711 17193 17548 18211 18931 19592 19793 19851 19859 
78 9290 10615 12313 12837 14064 14293 15152 16841 17284 17784 18444 19121 19711 19833 
67 7758 9010 10780 11244 11887 14011 14945 15808 16608 17035 17883 18621 19135 19500 19667 
19 1055 2271 3494 5942 7615 8100 8699 10281 10856 11224 11930 14291 
86 10064 12159 13920 14395 15039 16563 17112 17422 18064 19383 19631 
72 8273 9502 10348 11096 11896 12681 14734 15132 16058 17097 17910 18182 18551 19475 19772 
102 12689 13495 13933 14878 15760 16528 17378 17840 19255 19584 19798 19854 19862 19864 
1 189 280 541 866 1322 2718 3187 3561 4330 5270 
77 8902 9812 11274 12970 13485 15313 15708 16063 17765 18680 19196 19368 19744 19834 
0 173 216 415 811 2513 3361 4170 4578 5499 6359 7125 7971 8510 
1 188 233 1222 2202 3469 4468 6459 7377 9905 
105 12809 15616 16916 17531 18893 19186 19788 19820 19842 19863 19864 
11 457 2160 3895 4920 5800 9130 
25 1913 2807 4504 4864 5672 6179 7106 7969 10111 10766 11710 12620 13381 14245 14825 
2 205 500 772 2146 2622 4735 4963 5513 7158 7846 9905 
87 10429 13027 15880 16898 18281 19373 19552 19750 19794 19822 19860 
13 689 1245 1560 2433 3312 4051 4896 5430 6542 7548 9437 10219 12284 
9 376 792 1535 2183 2759 4386 4815 5377 6132 7102 8583 11100 11640 
83 9656 10561 12299 12666 13452 14011 14948 16233 18497 19219 19657 19833 
1 189 285 1266 1992 2609 4071 4644 4982 5703 7678 8380 
1 196 671 1032 1914 3295 4020 6027 
1 190 335 747 2877 4566 5021 5677 7144 7709 8018 8730 11146 
1 189 280 541 866 1324 2843 3281 3822 4607 5555 7175 8333 
26 1934 4685 5982 6591 8258 8771 10600 10997 11762 13947 14695 
12 608 1279 2327 3525 4532 5172 5789 7440 7889 8434 9222 10216 11861 13067 
79 9526 11580 11982 12901 13983 14863 15162 15671 18432 18959 19504 19718 19804 19837 
90 10884 12105 13871 14226 15034 15578 16510 17376 19057 19230 19685 19800 19844 19858 19861 
15 731 2972 4916 6961 7292 8190 9243 10159 10464 10952 13115 13919 
2 209 846 1367 2957 3333 4132 4670 5587 6834 
10 442 831 2291 3051 4315 5162 7421 9131 9487 10315 10867 11795 13091 
73 8470 9468 11743 14124 15098 15817 16429 17264 17562 18987 19529 19812 
2 207 569 1333 2090 3410 4299 7779 9073 10412 
7 314 668 2306 2701 3577 4629 5485 5819 6263 8381 9193 
6 261 482 1500 1834 2863 3262 3582 5341 7323 9905 
98 11682 13770 15503 15992 16604 18014 18475 18726 19187 19773 19835 
1 192 554 1125 1866 3200 3431 3983 6117 6857 
7 313 631 1348 2224 3371 5356 5769 6642 7693 8534 8846 9358 11565 12375 
108 13219 15328 17023 17503 18268 18579 18829 19632 19807 19848 19858 19861 
104 12787 13676 15412 15779 16602 18489 19362 19603 19743 19820 19841 19862 19864 
33 3165 4205 5394 6612 7641 8291 8893 10579 11034 11656 12418 13359 15015 16244 
17 884 1731 2668 3376 3973 5908 6345 6981 7720 8624 10204 12684 13209 
9 378 934 2373 4350 6028 6378 7199 8666 9259 9609 10327 12729 
4 242 1477 3169 4592 5304 7329 8196 9551 
9 375 664 2583 3718 4945 8419 9792 11146 
22 1637 2682 3842 5278 6944 8955 10716 11081 11880 12438 13364 14648 
2 204 300 1207 2107 2825 4518 4880 5928 6308 6647 8418 
101 12456 13750 15491 15978 16867 18250 18595 19047 19401 19769 19851 19859 
100 12028 14577 17657 18567 19210 19508 19683 19794 19822 19860 
8 356 974 1514 2734 3611 5872 7587 7941 8996 9401 9748 11564 
97 11601 12849 13885 14556 16642 18292 19378 19556 19750 19794 19822 19860 
136 17156 18110 18742 19786 19864 
19 1053 1882 3644 4892 5682 6292 7258 7982 8569 10484 10937 11310 12067 13091 
30 2366 3389 4242 6997 8222 10264 10974 13253 14512 15879 
84 9864 10980 11948 12695 13283 14140 14467 16273 18140 18843 19639 19772 
111 13636 16180 17863 18693 19736 19826 19860 
68 7976 8748 9385 10379 11111 11702 13586 14081 14447 15219 16203 17448 18303 19148 19631 
89 10502 13849 17461 18226 19341 19487 19714 19779 19843 19859 
14 717 1725 3858 5134 6327 7098 10079 11377 12751 
29 2326 3327 5548 8815 9743 10820 11724 12047 12524 14696 15463 
8 354 696 1641 3070 3767 5215 6411 8510 
0 173 216 413 679 1674 2044 2787 3751 6481 7505 9572 
20 1314 3695 5458 7475 9194 9679 10922 11998 12492 12886 13657 14648 
73 8471 9692 10753 11445 13465 15858 16779 18917 19672 19810 
5 248 526 1574 2255 4247 5115 6458 
1 189 280 541 867 1548 2002 4406 4796 5091 6880 
49 5001 5890 7601 7954 8722 9271 10238 13046 14319 15378 17752 18419 
16 738 1767 2502 4480 6201 8130 9851 10996 11330 13152 
