209 55736 57732 58670 59499 59676 59942 59966 59971 59978 
140 36915 39666 45104 49283 54342 56845 59865 59954 
196 52752 55379 56616 58821 59860 59957 59966 59971 59978 
206 54886 58110 58673 59622 59916 59957 59966 59971 59978 
196 52755 55842 57598 59219 59916 59957 59966 59971 59978 
205 54807 57578 58633 59877 59958 59971 59978 
212 56620 58363 59059 59877 59958 59971 59978 
177 47614 52273 53261 56660 59221 59898 59977 59978 
201 54266 56110 57076 57931 59530 59877 59958 59971 59978 
196 52753 55621 56717 58703 59877 59958 59971 59978 
1 274 806 1428 2798 5998 10004 17943 21474 27799 32239 
95 23321 28216 29316 32806 40528 49072 54481 57628 58951 59331 59803 
129 33922 37667 40319 44107 47223 57705 59623 59885 59969 
195 52307 56695 58950 59916 59957 59966 59971 59978 
200 53774 56834 58158 58695 59815 59958 59971 59978 
196 52756 55869 57609 59220 59916 59957 59966 59971 59978 
210 56174 58904 59285 59916 59957 59966 59971 59978 
194 52172 56578 58704 59877 59958 59971 59978 
175 46776 49434 53120 57423 59491 59882 59977 59978 
182 49259 53065 55064 56835 58179 58705 59687 59905 59977 59978 
152 41047 42017 45308 47116 53592 54635 57946 58472 59510 59949 59967 59973 
195 52302 55518 58255 58875 59202 59916 59957 59966 59971 59978 
179 48192 51185 52740 56152 58902 59665 59930 59971 59978 
215 57329 59261 59668 59823 59943 59971 59978 
113 28743 32539 35040 39032 43569 52711 55497 58286 59571 59863 59952 
111 28149 33374 34507 37631 45286 53581 57793 59470 59854 59929 
162 43493 46511 48219 52149 56291 58317 59915 59942 59966 59971 59978 
174 46559 49215 54026 57424 59491 59882 59977 59978 
208 55538 57377 59481 59911 59945 59966 59971 59978 
151 40483 44778 49827 52031 53298 54696 57797 59115 59845 59952 
146 38677 42819 45149 49573 53887 59089 59804 59946 59975 
197 53742 57471 58822 59821 59957 59966 59971 59978 
180 49233 51324 54462 55900 59437 59604 59806 59917 59977 59978 
129 33920 37453 39910 43933 48269 55686 58463 59657 59934 
78 18610 23394 24421 27707 35725 44381 50047 54218 56392 57908 
111 28150 33511 34816 40262 43379 46729 48166 54035 54945 55822 58170 59470 59854 59929 
202 54289 56795 57679 58796 59252 59733 59861 59942 59966 59971 59978 
64 14568 18205 20712 24561 27775 36825 42410 45625 48081 49041 52463 53649 56045 
129 33925 37927 40377 44801 49347 56672 59144 59865 59954 
222 58068 59462 59697 59835 59944 59966 59971 59978 
113 28744 32653 35175 39087 43620 51571 54738 57657 59361 59757 59929 
213 57310 59125 59476 59795 59891 59944 59966 59971 59978 
6 470 738 4577 8504 10600 12521 13971 18787 24399 26283 27991 
110 27522 30747 32769 36134 37270 42370 46128 48957 53941 54852 57386 58096 58741 59581 59929 
97 23955 27713 30428 34457 37575 46408 50863 53129 56679 58720 59549 
143 37499 40601 42511 45325 46477 51261 52397 53508 58634 59513 59674 59818 59964 59970 59973 
162 43496 47140 49696 53220 57628 58967 59874 59942 59966 59971 59978 
170 45748 46722 52074 54749 57033 58094 59665 59930 59971 59978 
0 252 568 1367 2815 6017 13923 18063 22459 24715 26656 29754 31096 35287 
113 28746 32983 34474 35987 39389 43412 44350 47880 49174 55178 56243 56948 59470 59854 59929 
126 32587 35754 38216 41029 42126 47051 50813 53461 57493 58057 59373 59591 59801 59940 59969 
199 53766 55292 56214 57837 59657 59932 59959 59971 59978 
62 13992 18680 19651 25517 29244 32744 41752 46252 48791 52921 56045 
176 46977 49978 51803 54711 55611 59286 59542 59774 59913 59977 59978 
169 45701 46588 49941 51782 55946 58605 59615 59973 
173 45931 50723 51842 55087 59461 59859 59944 59966 59971 59978 
168 45221 47461 48963 50361 53759 56823 57646 59045 59765 59973 
110 27522 30748 33454 35793 36896 41951 43164 44339 51760 54630 56868 57808 59470 59854 59929 
157 41894 44520 49859 53893 57448 58582 59492 59785 59970 59973 
97 23956 27882 29261 30947 34556 38505 39531 43196 44479 50948 52236 53182 57628 58952 59534 
113 28745 32812 35448 39285 42520 49907 57591 59031 59839 59929 
79 18707 21229 25649 29955 35737 39022 48238 52944 56475 57877 
144 38020 43047 44124 48310 55917 58415 59353 59880 59970 59973 
162 43497 47354 48664 50140 53292 56863 59529 59916 59957 59966 59971 59978 
146 38674 42647 43982 45524 48945 52638 54498 56766 59183 59908 59935 59952 
172 45839 49680 51910 55796 58191 59656 59926 59972 59976 59978 
221 58031 59457 59717 59837 59944 59966 59971 59978 
62 13993 18740 19743 22999 30686 39601 45425 49781 52590 53708 56045 
139 36354 40917 42341 44726 48597 52825 56570 59714 59937 59969 
139 36359 41377 42465 46114 50890 53202 58886 59559 59709 59924 59956 59970 59973 
97 23954 27599 30089 34340 38773 46915 50415 54297 57985 59054 59803 
164 44588 48500 50779 51923 55369 59454 59944 59966 59971 59978 
153 41079 46290 47738 48747 51866 58323 59641 59889 59969 
148 39794 44282 49289 51430 53827 56856 59804 59946 59975 
113 28750 33193 35608 40138 44766 52858 56071 58586 59712 59952 
94 22723 25862 27669 30815 32056 37119 38289 39650 46931 50167 53089 54490 57628 58953 59538 
112 28249 34016 39480 43745 48055 53228 54574 57803 59470 59854 59929 
108 27072 29856 35321 39975 48324 53074 56589 58887 59679 59934 
111 28153 33889 37483 41456 44242 49479 50464 53839 54922 56018 57654 59390 59586 59929 
189 50591 54194 57504 58844 59150 59870 59977 59978 
1 279 1058 1685 3084 6889 11085 19279 23210 27532 33510 
109 27340 30114 37530 42025 44287 46073 47596 55834 59420 59596 59839 59929 
145 38114 43601 48915 53795 56852 59804 59946 59975 
128 33407 38797 42436 45002 48651 51781 58323 59641 59889 59969 
44 8817 11729 13591 16421 17529 22403 23610 24900 32717 36065 39062 40733 45119 47946 50256 
166 44618 46445 47704 50257 54258 57976 59487 59963 59971 59978 
14 1229 2631 9954 14180 16782 20290 
92 22308 25029 30224 35106 43622 47506 51729 56643 58646 59576 
128 33405 38729 44156 49417 53114 58768 59768 59954 
138 36303 40244 42598 46956 50756 55168 57100 58338 59766 59921 59956 59970 59973 
97 23952 27101 28770 33230 38532 42079 43449 49586 50654 51998 54211 59060 59832 
126 32587 35753 37563 40639 41828 46653 47820 49122 55693 57818 59141 59577 59908 59935 59952 
30 5103 9456 10442 16051 19725 22964 31967 36668 39206 43641 47460 
61 13459 16404 18198 20984 22210 27218 28364 29734 37397 40800 43858 45168 48177 53592 54662 
129 33921 37637 40292 44090 47216 55285 58201 59186 59875 59952 
137 36211 41571 43664 47928 51674 54377 55330 58571 59787 59970 59973 
96 23468 26147 30501 35102 40539 43898 53426 56729 58977 59538 
121 31325 36482 37601 41526 46196 48760 52844 58223 59100 59908 59935 59952 
0 256 1256 2078 5075 9560 12836 16745 20534 
45 9340 14060 15080 18192 25836 34739 40676 45119 47942 49195 52132 
3 362 2197 5409 7483 10936 15866 
56 12324 16008 20567 21723 23229 25702 34356 38775 43477 46699 51002 54806 
29 4548 7271 8923 12123 13250 18037 21871 24671 30241 33358 37421 40553 41774 44426 45662 
149 39812 43851 46091 47260 51156 53632 57652 59881 59960 59975 
187 50499 54548 55702 57362 59482 59927 59977 59978 
3 355 631 2260 5710 9861 13055 23005 27217 
13 981 3862 5363 6506 8931 11452 15030 18157 26979 31749 34382 41156 
0 258 1502 3043 6132 8990 17437 21976 24531 28950 33094 
161 42970 46597 48867 50680 52215 56329 59166 59560 59791 59931 59971 59978 
4 380 720 1869 6054 7634 9156 12163 15574 
3 355 637 5680 9530 12153 13139 16304 18129 24913 26232 
124 32121 34966 40428 44659 46823 48344 53516 56267 56982 59084 59896 59969 
31 5218 7513 11523 15740 20936 28849 33867 37067 42566 46652 
149 39812 43852 46156 47323 51232 53729 57447 59881 59960 59975 
18 1791 5833 9624 12430 20429 23503 27498 30975 34243 36269 39834 41352 42723 
1 280 1085 2026 8153 10487 14741 18357 21302 
75 17596 20160 25311 30018 38780 43570 48141 51306 55220 58005 
101 25117 32040 38067 43159 48727 50351 53331 55294 57317 59140 59616 59790 
128 33402 37096 41636 43001 44015 47201 54355 59470 59854 59929 
1 280 1082 1475 5571 8579 9885 15911 17017 18449 20741 26903 31315 
1 280 1087 2305 5788 12680 14690 18929 22766 25881 27000 29688 31039 
1 280 1082 1473 5200 8719 11826 15664 23550 26939 31147 34935 
147 39785 41795 42969 45582 49768 53883 57703 59881 59960 59975 
6 470 736 3076 11081 16270 19512 23996 28353 
0 255 1142 1814 2385 8763 11932 14925 16460 20774 23785 25006 27961 
1 281 1184 2939 4129 5151 9580 15008 16703 18428 
1 280 1088 2333 4765 12876 17226 19675 24133 27931 30569 34234 
63 14105 16623 20805 25276 30697 34304 43539 48413 52508 54547 
128 33401 36044 40413 44762 49894 56670 59048 59714 59937 59969 
4 383 2910 6634 10238 12560 13736 
6 470 736 3069 6685 11617 14918 24762 29004 33729 36043 
1 280 1082 1472 3949 10818 16284 20681 23861 27297 31011 
158 42059 48383 52580 55665 57801 59877 59958 59971 59978 
142 37194 39954 43952 52133 55767 58478 59647 59900 59952 
123 31445 35510 37740 42387 46176 50992 54010 58855 59539 59937 59969 
26 3712 7058 10691 11880 13374 15631 19533 24030 32476 36189 41679 45838 
18 1783 3457 8847 13148 15280 17100 18587 23573 31168 32413 39562 40886 
127 33257 38169 39238 44744 48611 52829 58578 59567 59918 59969 
111 28148 33329 34409 39977 42144 43705 49632 51117 52215 56324 57780 58360 59723 59929 
44 8817 11730 14211 16321 17510 22336 23577 24801 32717 36066 39102 40753 45119 47947 50300 
6 471 1341 2716 5938 8032 9079 13016 15533 24676 28974 33682 35963 
4 381 1657 3605 6287 7908 11642 18663 22866 26195 28594 29658 33545 35963 
5 444 3835 5042 7118 12763 16869 
0 254 1116 2745 4442 5768 11358 12489 13553 17168 21918 24438 28827 33094 
1 280 1084 1947 2602 4893 6073 7456 10594 15867 16919 20353 21749 23262 25792 29134 
57 12373 16081 18306 22801 27630 31680 34733 40112 43105 46369 50303 53701 
112 28250 34071 38441 42309 45378 50638 54325 57314 59024 59279 59848 59929 
1 280 1082 1474 5306 8266 12104 15814 22230 24958 31891 36268 
6 474 2142 4709 7027 10344 13549 22137 26819 29366 34108 37990 
6 470 737 4058 7728 9924 17280 19321 23769 27566 30765 31988 34836 36100 
8 618 2769 4243 6557 11298 15744 24082 28041 33945 38255 
1 280 1093 2833 4130 6425 7554 15594 19434 21850 23085 
3 355 631 2262 6689 14674 18429 22733 28353 
1 278 1041 3191 9513 12796 16683 20208 
2 313 685 3959 8223 10686 15768 16952 21228 
0 250 389 499 875 2702 5971 7373 11494 14318 15510 21946 24106 30020 31554 33094 
0 250 389 499 876 3102 5618 8743 13653 19705 21376 23209 
3 361 2168 5527 8787 11680 12898 15432 16680 
17 1736 5174 6026 9986 15168 24037 29432 34129 38322 40837 
45 9341 14137 15127 19260 24384 28853 37379 41105 47226 51429 
0 250 389 512 3260 4132 6937 7952 9281 11539 17364 21522 
15 1369 3633 5640 9110 10361 11903 15187 19040 19985 27677 31662 35577 38462 40916 
118 30607 33126 34696 36162 40396 43458 46895 51870 56927 57922 58755 59565 59952 
120 31235 36696 38141 39160 42498 51075 55091 56902 59093 59803 
131 34991 36842 38108 40840 46987 51331 53396 57820 59349 59920 59948 59970 59973 
105 26320 29467 31493 35693 40715 44627 47671 55115 56952 59079 59803 
163 44569 48995 51088 53751 55508 57708 58666 59942 59966 59971 59978 
4 380 719 1466 3588 4487 8878 12582 15329 20473 21523 25168 26546 27961 
1 281 1182 2524 3439 10954 14897 17118 18305 
120 31231 34651 36443 40154 41772 42885 51506 55729 58176 59577 59908 59935 59952 
17 1737 5249 6177 8996 16446 24846 30832 35577 38459 39747 42723 
130 34985 40658 43156 45685 46806 51651 55028 57072 59403 59577 59908 59935 59952 
5 429 1874 2504 6399 11669 20004 25988 30517 33637 35963 
6 470 742 6012 10006 14516 17625 22060 26407 
1 280 1082 1484 7535 10319 11864 17253 19761 24059 27961 
119 31184 32177 35773 37583 44957 46047 47526 49818 57007 59109 59839 59929 
126 32587 35753 37565 41056 42199 51583 55907 57719 58357 59703 59929 
167 45185 48450 51665 54358 55815 57951 58570 59942 59966 59971 59978 
0 259 1547 3027 4876 8827 12539 17309 19887 22186 
0 265 2876 5220 8529 10954 14898 17186 18352 
17 1739 5497 8125 10035 14299 17907 25100 29219 30905 35577 38462 40916 
36 7181 9186 10560 12074 15587 19561 21125 25599 29605 35228 38197 41712 45666 49540 
2 313 677 1395 4759 10465 12142 13877 
12 928 3025 4504 8979 11769 12949 17696 23440 24501 28857 34582 41156 
6 470 739 4815 9992 18242 22513 
5 445 3861 4782 8083 12654 15098 19234 23291 
25 3675 7982 9787 13521 16644 19486 20764 28100 33463 36784 41000 44848 
107 26506 31580 32776 36590 41544 44032 48286 55140 57255 59483 59934 
4 384 3210 4737 9063 13506 20009 21274 
2 313 678 1412 3912 6252 11236 12291 15695 17042 18482 20877 25310 
30 5104 9587 10730 15427 21079 29749 35860 40346 43261 44497 47460 
6 470 736 3075 10246 14591 18821 
0 250 389 499 880 3389 5543 6370 9691 10878 13609 19372 23691 26060 29906 32038 
0 250 389 499 877 3307 5862 9665 12741 18822 20090 25665 28445 29834 33094 
1 281 1185 2981 3867 6117 14650 19846 24179 28550 31116 35032 36873 
24 3607 6857 9482 12025 16163 20401 30633 34268 38622 43104 
8 617 2232 3153 4968 6332 7655 11809 14795 18867 25389 
18 1783 3455 7103 12189 16209 20407 22632 28704 31728 36739 39399 43850 
21 2739 7289 8959 13690 18566 25717 28722 32494 37700 41503 42646 
1 281 1183 2561 3503 4625 6714 10291 14669 22680 26351 30577 36268 
13 981 3864 5452 6530 8401 9938 13955 21194 24342 26011 31776 34534 41156 
5 429 1874 2506 7135 9738 10914 17322 19613 21164 24579 29035 31411 35108 36457 37990 
93 22562 25257 29205 34009 38605 42814 53473 56747 59000 59534 
3 355 631 2265 9262 13468 17731 19926 21813 25470 26625 28064 31315 
10 695 1616 2466 3550 6618 10137 11478 14497 17929 27058 35338 36418 39741 
5 428 1840 2395 5742 10654 14765 19013 24158 26674 31836 34566 38978 
16 1456 3243 4769 7307 8357 13093 14221 15379 22697 26044 29993 34784 38399 40969 
0 250 389 499 880 3392 6826 7762 10977 12464 13816 16180 22186 
1 280 1083 1905 3398 6608 11216 17803 20338 25733 30069 34935 
7 598 4007 6904 9362 17067 18161 21901 26761 29333 33987 37990 
12 928 3030 6464 7570 8894 11136 14951 19254 27481 31259 35659 41156 
7 597 3578 5011 7683 11170 13419 16338 18153 26257 27372 34744 35967 39741 
6 472 2095 4197 5663 9324 16646 19587 21144 25545 28621 32325 35963 
21 2736 6363 8325 9482 12025 16163 20400 28878 33172 38696 43153 
86 21433 22451 25932 27753 32920 38003 45628 48625 50105 54218 56392 57892 59359 59673 
122 31363 35428 37020 38256 39511 45051 48109 51460 52732 57539 58133 58775 59467 59937 59969 
129 33923 37789 39127 40772 44186 48571 50092 54125 57075 59403 59577 59908 59935 59952 
6 470 736 3071 8561 13657 17660 25089 27053 
96 23474 28915 33618 37348 45478 49451 52335 55743 57743 58348 59303 59549 
86 21433 22452 25969 27783 35390 38573 44912 46013 47170 50802 54218 56390 57861 59351 59673 
0 250 389 499 881 3759 6748 7926 9231 11582 14877 20236 24287 26694 27881 
0 250 389 499 879 3342 7072 9830 13202 14541 20613 21776 23643 24978 27961 
2 313 680 1716 5325 7617 8655 15347 20661 22661 27748 31707 32982 
12 928 3026 4608 8053 10646 14840 16117 19125 27463 32846 36566 37788 
5 446 4133 6982 7978 9005 14163 17398 21356 25079 
12 928 3024 4296 5332 6408 12628 14979 19305 26795 30548 36750 41156 
2 313 676 1300 1887 6149 10010 13268 14720 17206 22050 25422 
1 280 1089 2350 5713 8401 9944 17984 21828 26847 29613 35225 
1 273 781 3606 6574 8626 11159 19153 23549 
18 1786 5275 7645 8496 11749 13630 20062 25578 27834 32598 37027 40837 
1 280 1085 2018 4653 7323 8305 9399 18236 21415 22597 30361 31617 34935 
2 313 679 1530 4557 8010 12708 15196 17475 25081 30223 
113 28741 32073 33904 39927 42950 46870 50085 57438 59279 59848 59929 
0 250 389 499 878 3325 6657 9412 13356 20228 24296 26460 30020 31554 33094 
6 470 736 3070 7709 11588 15746 17852 19359 24851 26173 29826 
89 21614 26608 30651 35000 38988 41204 44681 45997 51813 54617 58286 59576 
59 13173 15677 19547 24032 28689 34007 42226 45788 51877 55453 
129 33919 37290 38855 42209 47210 53158 54684 56048 58518 59369 59918 59969 
125 32286 35085 39048 44657 52859 56669 59048 59714 59937 59969 
3 355 631 2260 5711 13316 16788 20821 25215 27391 29884 33094 
203 54732 57336 58010 59550 59893 59958 59971 59978 
6 473 2124 6257 10108 14367 16608 25106 27053 
104 26275 27152 30712 32750 39619 45032 47067 50838 53465 56515 57142 58915 59323 59803 
141 36991 39770 45191 49349 51525 52905 57200 57878 58611 59365 59918 59969 
73 16874 21303 22821 25239 29200 39971 45294 48550 52779 56322 
160 42904 47852 50917 52870 56384 59623 59884 59965 59977 59978 
1 280 1085 2017 4522 7409 11067 18767 22095 26236 30190 
28 4414 6731 10305 14671 19137 22394 32624 38873 43307 45523 
70 16184 18513 19894 21387 25099 29166 30885 35477 39350 44882 45888 49372 50701 53993 
10 695 1616 2467 4369 5610 11313 12440 15203 17000 20903 24814 28499 31068 
0 250 389 499 875 2701 5944 7164 9893 13339 22924 29295 31192 33125 
0 253 649 1783 3458 9032 13075 20211 24286 
5 443 3809 4939 7844 11939 15576 20566 
18 1785 4342 7682 10844 14115 20291 24373 32154 37707 41950 
5 427 1814 2378 4777 11788 16145 22968 26743 30517 33636 34944 37990 
1 275 830 3666 7426 10927 12930 18053 21001 22953 25953 28354 30731 32918 
11 905 4016 5249 6179 11422 14438 17756 19109 25426 28279 29403 35157 40074 
132 35008 38980 43961 45709 47400 50397 55975 56878 57814 59577 59908 59935 59952 
7 596 2226 3893 4844 8374 10825 15902 24322 28786 33510 
23 3153 4968 6332 7657 11842 16021 19068 22514 23904 30321 33832 36543 41627 44881 
112 28245 32186 36636 38822 43253 51602 54509 57371 59279 59848 59929 
97 23952 27101 28772 35057 38089 42249 49251 53044 54246 56557 59303 59549 
43 8626 11153 14967 20403 25847 29157 39406 43715 47990 50201 
5 430 1990 3978 5804 9786 13428 16355 17499 23039 27647 32248 35963 
11 902 2669 4414 6732 11528 19256 23935 27268 32852 37193 
134 35626 37864 39356 40970 44580 48474 49753 53807 56211 59623 59885 59969 
47 9917 13784 16098 20457 25166 34034 37908 42278 47790 50343 53043 
23 3153 4968 6332 7653 10945 14473 16479 19440 23749 29513 31536 33307 41019 42754 
112 28244 31069 35562 41996 46348 54163 56978 59470 59854 59929 
137 36208 39436 41436 42880 47783 50335 55952 58394 59336 59918 59969 
1 287 2274 3361 6194 9803 10750 14253 16541 
88 21563 26575 28427 32521 39805 43906 45442 49723 52660 55568 57240 58754 
1 280 1085 2019 4683 7534 10274 15395 18881 20111 22894 26407 
135 35652 39878 41168 47677 48696 52819 58675 59728 59906 59964 59970 59973 
129 33918 36944 38654 43775 47862 53338 54977 57693 59279 59848 59929 
9 622 2498 5907 7182 10515 12422 16240 19881 25329 28307 31927 36103 39741 
4 380 719 1465 3227 4180 8449 9589 11907 16503 23915 29618 30926 34935 
15 1367 2817 7213 11087 13269 15485 22006 24468 26091 30485 33851 39562 40886 
1 280 1086 2035 2642 4197 5664 10162 14423 20208 
18 1784 4272 8179 9430 10392 13583 20891 30455 33799 37227 39687 42723 
80 19201 22258 23983 30131 33445 41599 44061 48358 51954 54148 57160 57860 
72 16808 19791 21706 25798 29559 33773 35551 42852 47765 51036 54665 57307 
84 20850 23134 24587 26295 30852 34160 38377 44193 45969 49915 53552 56430 57275 59412 
40 7799 12045 15624 17722 20965 22942 32935 37508 41483 46280 49572 
25 3675 7978 9002 12609 15426 20960 32685 35811 36878 40197 41414 44568 
165 44609 46447 49243 54425 56325 57935 58540 59942 59966 59971 59978 
136 36153 37086 40620 42527 49002 50116 51636 57425 58541 59104 59703 59929 
47 9912 12967 14551 20308 23422 27450 35901 38904 43352 46234 52396 
87 21441 24621 26998 28126 33456 36576 42546 47307 51706 55045 58249 59419 
150 40457 42755 44247 45722 50059 52972 56370 59262 59609 59819 59973 
102 25764 27992 29568 31207 35919 39999 43030 47083 50022 55009 56160 58899 59500 59790 
10 695 1616 2466 3553 7393 11109 14087 17970 26027 29059 33600 37990 
188 50547 54589 57964 59340 59743 59914 59977 59978 
12 933 3527 6203 7893 10779 11968 16781 19417 25114 29137 34436 36123 37863 
37 7207 10207 11557 13878 15248 16717 21108 25136 28206 36608 39178 43583 49160 
184 49854 53914 56175 58940 59636 59962 59971 59978 
12 931 3474 6629 11022 12252 17070 18947 20147 26858 28895 31728 36740 40108 
106 26408 30409 32571 36518 40705 48506 52561 56081 57620 59657 59934 
156 41286 45086 47293 52691 55674 58668 59556 59949 59967 59973 
137 36207 39303 41334 45261 52343 55250 57909 59245 59903 59952 
40 7794 11405 13403 17138 19837 23848 29916 34314 35882 40346 43264 45602 47023 50463 
90 21656 25635 30269 31510 33029 35526 40031 48271 52711 55497 58286 59576 
1 276 854 2423 3791 7253 14043 18096 21020 22187 23373 29135 31640 32918 
171 45756 48823 51121 54079 54988 57105 58147 58837 59833 59967 59973 
1 280 1085 2025 8099 10409 14622 17558 21353 
1 272 755 2709 4156 7691 13737 15048 16567 21091 24210 28397 31813 36268 
115 29923 34236 39266 42503 45415 51138 55454 56333 57196 59470 59854 59929 
44 8817 11729 13592 16764 17833 22850 26718 30875 38585 44387 46426 49077 50228 
113 28742 32429 34055 37366 46494 51357 52430 53584 57628 58952 59534 
3 355 633 3125 6691 8672 10073 15963 19185 23295 28654 32372 35963 
120 31230 34606 36398 40495 45460 49318 52269 58212 59203 59872 59952 
0 251 529 1043 4090 7598 11285 20217 24710 29989 
31 5225 10087 13880 16542 18027 27162 31851 34884 37962 41240 45581 
1 277 1017 1588 3120 6793 7846 11996 15619 22186 
128 33406 38746 41846 43519 47578 56532 58487 59040 59703 59929 
8 616 1201 1783 3456 8234 12217 16818 23090 26117 29946 35320 
159 42268 45342 47133 49963 52357 54443 55343 58460 59929 
