3 172 336 580 795 1295 1517 1853 2091 2394 2700 
75 3079 3317 3678 3969 4209 4340 4422 4423 
65 2628 2865 3237 3538 3810 4056 4385 4417 
2 148 282 715 902 1211 1449 1752 2058 
3 178 526 761 966 1311 1627 
3 173 366 559 1002 1195 1533 1770 2075 2393 
73 2961 3185 3570 3854 4308 4403 4419 4422 4423 
57 2303 2645 2879 3386 3588 3944 4150 4356 4413 
5 214 566 746 1068 1270 1644 1936 
80 3270 3506 3863 4076 4316 4391 4422 4423 
77 3168 3417 3794 4060 4286 4381 4422 4423 
72 2945 3287 3518 3879 4160 4395 4416 4422 4423 
58 2319 2543 2928 3211 3721 3960 4276 4364 4418 
14 486 680 1018 1279 1564 1816 2422 2612 2993 
7 249 409 730 986 1242 1494 2059 2377 
76 3121 3459 3696 4006 4377 4412 4422 4423 
63 2552 2836 3302 3532 4023 4196 4374 4414 4421 
4 189 432 860 1084 1417 1735 
58 2321 2660 2885 3152 3431 3912 4135 4349 4400 4420 
66 2734 3064 3261 3827 4182 4343 4408 4421 
68 2801 3137 3375 3687 4251 4367 4410 4422 4423 
8 303 540 803 1051 1258 1635 2159 2509 
61 2479 2817 3057 3554 3763 4091 4273 4388 4418 
45 1795 2037 2595 2902 3443 3779 4014 4261 4384 
5 211 443 664 876 1226 1505 1986 2226 2758 
10 352 635 835 1138 1329 1715 2286 2578 
69 2848 3100 3706 3896 4223 4341 4405 4420 
1 133 202 457 705 1153 1392 1780 1970 2351 
68 2800 3104 3401 3636 3984 4245 4411 4422 4423 
67 2759 2994 3343 3651 4120 4297 4405 4420 
0 121 220 394 599 1110 1402 1677 1900 2285 
4 187 331 818 1095 1344 1580 1952 
46 1837 2177 2526 2779 3359 3665 4038 4237 4394 
0 119 163 380 604 866 1361 1592 1953 2269 
1 136 288 472 777 980 1460 1661 2003 2233 2594 
47 1884 2137 2717 3029 3604 3929 4141 4324 4399 
25 949 1170 1548 1820 2117 2356 2914 3194 3474 3760 
1 134 264 417 649 885 1159 1694 1910 2190 2476 
9 313 517 845 1036 1376 1606 2103 2411 2701 3019 
40 1590 1868 2142 2437 2678 3222 3490 3738 4105 4305 
6 235 501 689 933 1178 1482 2018 2243 2510 2798 
80 3271 3620 3837 4169 4332 4398 4422 4423 
17 620 918 1128 1433 1741 2206 2457 3036 3342 
