212 37251 38181 40167 43026 44616 46656 51268 54426 55937 56611 58417 58542 58551 58552 
255 45228 48457 50137 54833 56819 57269 57663 58389 58514 58548 58553 58554 58555 
239 42513 46005 50536 52802 55640 56905 57465 58405 58548 58553 58554 58555 
228 40581 44317 47459 49265 50374 53594 54502 55870 56359 56850 58101 58527 58553 58554 58555 
282 50488 51375 53141 55413 56399 57742 58204 58449 58538 58555 
229 40599 44348 47490 50279 51355 54257 57073 58151 58508 58553 58554 58555 
208 36387 40181 41178 45521 46706 47810 51305 54039 57680 58047 58408 58498 58529 58552 
233 40964 44665 45642 49314 50605 51579 54718 55989 56589 58005 58539 58547 58553 58554 58555 
207 36359 39611 41434 47251 53960 54751 55379 57328 57713 58231 58534 58545 58549 58552 
195 33859 36758 43082 44455 46623 51525 52973 53985 57891 58192 58346 
221 38792 40132 43824 47267 50308 51400 52449 56585 57888 58231 58534 58545 58549 58552 
180 30806 34488 36825 39339 41035 42342 46109 46995 48026 55306 57205 57873 58378 58454 
256 45424 49088 50017 53489 54581 55326 57314 57892 58140 58458 58550 58554 58555 
244 42930 46528 47593 50076 53846 55508 56714 57376 58182 58539 58547 58553 58554 58555 
272 48537 52034 54135 55364 57071 57722 58129 58286 58520 58555 
25 2233 2993 4509 7181 8596 10656 15408 18955 21005 22420 30319 31243 33248 34379 38621 41432 
46 5255 8814 9692 13995 15285 16267 19983 23080 29761 31130 33343 38350 41110 42388 43439 
279 49677 53217 54059 56573 57170 57622 58398 58538 58555 
234 40997 44691 45664 49934 51107 52085 55623 56335 57887 58537 58550 58554 58555 
217 38246 40710 41909 43667 45549 49625 51899 56156 57587 58111 58231 58534 58545 58549 58552 
0 369 521 4086 6370 7384 9750 13888 18079 20632 22872 
203 35682 39268 40567 43859 45488 46851 53895 56438 56898 57890 58231 58534 58545 58549 58552 
222 38833 41222 43555 46680 48671 54661 56259 58231 58534 58545 58549 58552 
1 395 573 840 4144 5893 7465 8623 9807 11056 14069 20397 23374 
241 42632 44520 45456 49114 50037 53992 54972 55690 57527 57834 58064 58542 58551 58552 
224 39474 42566 43484 49062 52169 53662 54609 55895 56883 58441 58534 58545 58549 58552 
193 33798 36245 37403 39090 41102 48432 51836 53637 55191 56657 57190 57790 58312 58442 58510 58524 
235 41667 43582 44501 48246 49362 52470 53943 54935 57107 57479 57820 58542 58551 58552 
1 395 576 1495 2286 5041 6082 7683 9202 10329 12028 13960 21336 25120 27221 29326 30959 
21 1614 2358 3817 5062 6149 7721 9558 13713 16069 21494 23218 29197 32867 34871 36132 40922 42048 
22 1681 4183 5699 11277 14696 16524 19923 25593 26670 28538 30640 35132 37517 39570 41370 42341 
7 564 1452 2255 5014 6201 8044 10946 16364 17872 22163 23129 27418 31978 34521 36575 
0 369 516 2327 4243 7529 12385 13488 17177 20331 22279 23515 
1 395 574 1111 3160 4413 5407 12356 14971 15982 18562 22792 25084 27335 29108 
178 30292 33414 35354 39492 42104 44038 45769 46800 51417 52276 53152 54647 56046 57922 58312 58442 58510 58524 
162 27553 31417 32340 35003 36807 39222 44151 50706 52934 56078 57071 57722 58129 58284 58495 58524 
1 395 574 1109 1949 5174 7448 12586 14202 19800 23531 25718 27095 32025 33176 
31 3063 3744 4522 8765 12005 12942 13857 17498 18474 21163 24464 30276 31747 36683 37894 38958 
4 468 3865 4959 8738 10374 12426 16856 19331 21431 23305 24413 
1 395 574 1110 3141 4017 6739 11915 13508 16578 18535 22787 27308 30027 32099 
185 31953 35223 36896 46586 49831 50817 51713 54886 55891 57188 57736 58110 
10 657 1323 1706 4674 5486 9568 10788 11831 15517 16341 17280 24817 28433 30431 
7 562 826 3385 5746 6954 7866 9455 10488 11412 15000 16961 18530 26031 29862 31862 33838 35450 
0 370 697 2761 6002 6861 7810 15027 18213 19283 20292 24166 25544 28389 30915 
181 31176 34921 36080 38443 45560 46877 47857 52612 54675 55369 57353 58192 58346 
15 965 3377 5119 6568 9338 13130 14030 16697 19791 25424 27156 31624 32948 34035 37505 39469 
11 675 991 1297 2503 7570 9477 12606 16207 18501 21191 22929 24458 
55 7209 10576 11571 14183 16637 21713 26091 31481 32425 36453 40747 43356 45379 
14 852 1894 2911 5878 10227 12627 16148 21240 22358 26425 29738 32657 33711 36970 
129 21474 25328 27842 30609 33263 35274 40481 41649 44741 47364 48577 52744 55685 56864 57442 
1 403 2160 2978 5452 6702 7640 11159 12122 13097 17448 20756 21847 
10 655 942 1293 7014 10258 12168 15496 17012 19358 20488 25039 27969 
153 26197 30075 32411 35101 37690 39642 44928 46094 49140 51665 52762 56140 57735 58192 58346 
11 675 991 1297 2493 4119 10426 13623 17312 20555 23002 24286 25423 
174 29629 33291 34357 36840 41030 45274 47780 49806 55849 57354 58196 58429 
10 655 942 1291 4652 8719 11385 12986 15090 22657 25176 28100 29419 32656 
1 407 2640 3429 6998 9015 10283 11301 14934 16001 19454 22278 
0 369 515 1570 3923 8996 10065 13204 15854 17153 
1 395 574 1109 1948 4471 8231 13221 14116 18106 22567 25275 27467 
1 395 574 1113 3475 4848 5946 9139 10205 12119 20084 23689 25717 
10 656 1190 1682 5085 6893 12054 13063 16660 17833 21178 22744 24251 
227 40529 43155 47550 50237 51962 53147 55973 57604 58269 58523 58553 58554 58555 
12 777 2679 3707 6137 7536 8855 12442 17937 19097 20864 22966 30645 34305 36219 38088 39873 
2 422 1015 3332 4337 7837 10717 12763 19209 22558 27287 29918 32948 34081 
115 18837 22434 23778 25739 27823 30461 35055 41980 44295 49295 50415 53291 55400 56258 
10 655 944 1833 2992 3723 10605 13804 14890 15833 19503 20849 23645 26262 30016 32401 
15 964 2695 5249 9235 11757 13755 20948 24180 27276 31157 34432 36001 37250 
12 778 3188 5847 6847 9596 10820 11873 15560 18449 25052 26534 28813 34432 36001 37250 
1 403 2160 2975 4740 5591 9402 13634 16178 18190 
4 460 1634 3015 4287 5148 8242 9803 17525 21982 23798 25889 30693 33223 35245 36971 38017 
1 395 574 1120 5653 9262 11643 14279 15589 18493 24153 26984 
14 853 2091 3083 3796 5360 6301 7258 10702 12101 14681 16156 17564 21321 26358 28182 29220 30221 35797 39053 40071 
32 3083 3795 5196 6246 7209 10577 12566 14193 18058 20504 26179 29456 31099 32232 35875 38454 39781 
77 11412 14999 16008 18516 21059 26308 33105 35483 39594 41588 43280 45923 46975 50213 
9 627 1891 7306 8649 10666 15634 17711 19065 20143 23855 25979 
13 796 2614 4206 7037 8521 9546 14651 17054 20601 25894 27117 31037 34198 36001 37250 
0 371 714 2050 4949 9624 10957 14409 19008 21562 25264 27795 
1 395 579 2188 3122 5705 9082 14075 15379 18824 23677 25306 26874 
1 395 574 1112 3450 5817 6802 9837 13441 18401 19755 23460 28421 30054 31546 
15 964 2693 4332 10399 12769 17740 18915 22149 24940 26261 
243 42692 45634 51770 53046 54863 57597 58008 58340 58547 58553 58554 58555 
191 33681 37120 41806 44199 47751 52552 53570 56276 57673 58129 58288 
3 442 1933 6474 8921 10107 13536 18741 19825 23262 27079 29833 33365 36000 
10 658 1658 2435 3839 5445 12479 16030 17963 19960 21663 
1 395 574 1116 4906 5987 8840 11369 15146 16483 19123 20610 22229 
79 11746 13091 16675 20111 23406 24651 25809 27832 31155 34396 39674 41362 44481 47672 49265 50414 
1 398 902 3063 3750 6174 7895 11108 16409 17331 21128 22378 25845 27586 28952 32844 34765 
231 40804 44062 45836 50892 53877 55759 56836 58092 58507 58553 58554 58555 
247 43325 45589 47721 48975 52421 55282 57059 57496 58044 58509 58553 58554 58555 
0 369 517 2459 3559 4760 8211 12718 13688 16938 18658 24052 27498 28631 
7 563 1027 1552 4382 7282 9943 11077 14308 17798 23031 24473 28153 32917 35405 
5 484 1385 1868 3963 5643 7997 12821 16926 21943 23231 24583 27797 34291 37035 
182 31672 35451 38559 41541 42739 45896 53081 55969 56938 57891 58192 58346 
139 23593 24626 26699 29706 31342 33393 39544 43209 45163 47183 52191 53524 55531 57347 58128 
10 655 945 2023 2718 3504 4517 7949 11201 14350 15456 16623 22310 23516 26817 29660 31007 
7 562 827 3997 7066 9973 11118 12312 16881 18802 20526 23375 24603 28007 31706 35100 
230 40662 41781 43629 45111 46246 47999 49896 53693 55593 56903 58041 58239 58533 58554 58555 
29 2955 4581 5217 8788 9668 13013 14779 17616 20055 21768 22955 30558 34661 37299 39736 
252 44947 48743 51731 53447 54390 56620 57139 57778 58019 58185 58474 58508 58553 58554 58555 
253 44980 47636 50972 53359 54451 56637 57227 58041 58234 58472 58547 58553 58554 58555 
262 47037 48030 48980 50682 52507 56071 57300 57947 58246 58347 58437 58521 58549 58552 
202 35287 38844 41306 43913 46557 47616 50112 52415 57352 58441 58534 58545 58549 58552 
278 49646 53192 54046 56573 57170 57617 58310 58432 58489 58538 58555 
240 42610 43489 44423 46306 48338 52593 54727 56083 56954 57793 58050 58538 58555 
250 44130 47734 49708 51034 55152 56193 56735 57938 58232 58542 58551 58552 
137 22896 26791 27806 31310 32577 33890 36802 43123 49963 51241 54358 57156 57977 
245 42961 46667 47985 50566 52013 53301 56053 57238 57653 58332 58527 58553 58554 58555 
219 38503 42159 43163 45719 49749 53710 56713 58441 58534 58545 58549 58552 
232 40830 44086 45875 53243 56331 57639 58040 58534 58545 58549 58552 
179 30672 33177 34178 37776 39076 41838 43336 44775 52138 54872 56162 57922 58312 58442 58510 58524 
148 25252 26664 30520 34003 37069 38693 41355 45253 47654 52726 54130 56323 57722 58129 58288 
220 38534 42285 43653 46270 47759 49178 53754 56102 57001 58542 58551 58552 
188 32753 36153 37432 39324 42504 47968 49443 53116 54229 55231 56937 58342 58486 
258 46019 49415 50663 52385 54124 55953 58195 58406 58488 58551 58552 
187 32181 35849 36782 39303 41320 45305 47542 49566 51158 56596 57714 58342 58486 
168 29153 32717 36201 39248 41345 43810 50964 55091 57124 57869 58147 58510 58524 
192 33773 34772 35715 37450 39383 43997 46489 48496 50217 52301 53190 57588 58304 58429 
249 43975 46398 48076 51008 53688 56754 57715 58236 58482 58547 58553 58554 58555 
281 50457 53614 54638 56483 57721 58041 58233 58364 58538 58555 
225 39654 43384 45685 48299 52126 54549 55671 56486 57933 58450 58501 58535 58549 58552 
159 27366 30758 32572 40236 44451 51554 54556 55908 57849 58429 
246 43264 44417 48203 51479 54292 55122 55959 56949 57889 58534 58545 58549 58552 
260 46515 48343 49343 52947 55465 56550 57088 58278 58490 58523 58553 58554 58555 
261 46909 50360 53587 56873 57359 57754 58363 58545 58549 58552 
204 36095 39897 43054 44868 46051 49460 51203 55207 56894 58145 58467 58530 58545 58549 58552 
198 34462 35710 39281 42776 45957 48564 53475 54363 56476 57634 57958 58411 58535 58549 58552 
0 369 520 4032 5381 6657 10181 11959 12921 16601 20312 21712 
144 24695 27249 28492 30363 32274 36307 38724 44111 47197 49154 50056 53802 56748 57742 58212 
170 29287 31836 32992 34691 36644 40856 43247 48518 50121 53067 55631 56404 57002 57568 58346 
16 1069 2571 3302 6399 7412 9717 12218 17154 21419 26631 27976 29374 32403 37764 40449 
151 25620 28882 31010 37476 39874 44029 49905 51075 52044 55170 55820 56358 58085 58413 58463 
5 484 1387 2849 3579 6904 9708 15929 17284 19469 24769 25830 29184 32213 33610 
254 45017 46161 48967 51683 53100 55647 56773 57957 58538 58555 
135 22678 26713 27715 30445 33974 35506 36635 42911 45985 47702 48941 50144 51336 54108 57698 58265 
211 37177 40635 41939 44804 47213 48773 49890 56025 57319 57712 58231 58534 58545 58549 58552 
210 36597 40259 41261 43844 46940 50096 51659 56884 57443 57766 58383 58423 58468 58542 58551 58552 
216 38222 39123 40138 41955 43944 48386 50744 52680 54166 54908 57513 57978 58174 58447 58549 58552 
1 395 580 2404 3218 6290 8073 9059 12791 15914 21455 23208 26563 29943 31593 32827 
130 21896 25726 27064 29594 35025 38023 43540 46183 48623 51973 54067 55066 57633 
6 531 1589 2478 5414 6536 7598 11028 14025 20358 21848 24107 29442 32246 33440 34593 
133 22479 23620 26657 29678 31285 33379 38069 45189 48876 51915 53447 54390 56621 57396 57729 58265 
242 42651 43515 45382 47921 49376 51810 55513 56969 57498 57821 58054 58309 58534 58545 58549 58552 
184 31760 32893 34767 42188 45402 46443 47439 50994 52238 54525 56163 57732 58265 
266 47410 50916 51869 55255 55982 57460 58192 58344 58516 58526 58551 58552 
223 38975 42262 45307 48137 51439 52891 53778 56121 57020 58542 58551 58552 
33 3283 6496 7795 10315 11794 13241 16844 22530 23750 25559 27645 35157 38661 40683 42672 44198 
145 24714 25650 26706 31368 35702 38473 40083 46133 48129 49392 53181 55439 56417 57742 58212 
142 24551 27709 31721 35746 42837 46283 48850 50947 55266 56296 57633 
19 1525 4045 4926 8466 11463 13361 14585 17915 19040 20893 28772 32128 33739 37331 39212 
37 3766 6510 9225 12900 16097 17681 18889 27135 31068 34230 37036 38158 41510 
166 28329 31809 33090 36054 38209 41138 42421 43440 47123 50009 55481 56315 57701 58166 58357 58454 
186 32149 35823 36765 40299 41279 45300 49542 52846 57233 58196 58429 
2 422 1018 3727 4995 7971 9730 16806 20412 22502 24529 26356 
1 395 573 831 1939 3937 8497 12532 17423 18665 20016 23124 29797 32569 
4 469 3873 6822 8417 9313 12544 14273 19430 22873 23992 
3 441 1232 3355 6105 7097 10451 11563 15050 17651 22628 26127 27970 33320 36576 37634 
15 969 4162 5676 6613 7515 8726 12279 15649 18771 19871 21152 27016 28167 31467 34101 35353 
10 655 943 1812 2530 3766 6509 8460 12455 14946 16898 18589 19645 24990 28869 30344 32980 34500 35934 
200 34818 37790 40737 45254 48485 53341 54147 57351 58441 58534 58545 58549 58552 
165 28306 29394 31195 34119 35583 37719 42549 49531 53066 55607 56550 57087 58156 58297 58413 58463 
5 484 1388 2880 3620 6933 7815 8733 15708 19136 21057 
8 599 2224 8114 10627 11619 14158 18111 20389 22595 24365 
2 424 1409 4131 8551 9370 13155 14055 18373 19723 20710 24714 25652 27606 28713 
25 2234 3661 4490 7936 9044 11347 14426 16128 18334 19544 20690 29610 33401 34677 37391 38856 40361 
1 395 584 2974 4625 5787 6975 9712 15965 18612 19889 20899 22764 23944 
146 24890 28714 29813 32475 34978 39784 46371 48720 52665 54341 55595 57041 57474 58245 
27 2517 3398 7343 9901 11180 12146 13782 14847 16381 19517 21612 28565 32047 36280 38803 40921 
1 395 578 2131 3103 5569 10690 13305 18031 21390 23225 29519 33910 35450 
1 395 573 839 3516 4880 6844 8907 13390 14488 17548 20212 21561 
15 964 2693 4330 8149 10463 12505 14208 15179 19936 20923 22013 26768 31234 35797 39053 40071 
15 971 4442 6449 11231 12844 13950 21204 24022 25101 27881 32100 34283 36328 37971 
59 7838 11517 13660 15316 18235 22097 23087 26882 31654 34958 36866 41055 43111 45200 46783 
17 1128 3537 5660 7239 10045 11721 14379 15610 18712 26583 30507 31691 35040 36458 37859 
9 630 2807 6003 7748 8699 12264 13472 15791 22973 24252 25340 29305 30258 33016 34920 
1 395 573 833 1975 6344 8263 9878 10911 15474 16318 17251 19162 21235 25980 28645 30734 32503 33564 
10 655 947 2382 4555 6486 10985 14528 16569 17819 25588 31443 34848 35796 
212 37251 38179 40125 42998 44565 46648 52649 55569 56695 57579 58418 58465 58535 58549 58552 
34 3302 6400 8286 11259 12325 15362 17778 20193 23438 25216 30844 32494 35662 38742 40450 41648 
247 43326 45796 48410 50512 52272 56460 57857 58065 58226 58541 58554 58555 
102 16085 17245 21085 24737 28070 29253 32834 39352 42130 43135 45744 49754 51801 53723 55063 
1 395 573 831 1944 8175 11594 15120 17003 21364 23993 26152 28048 29152 
93 14553 17888 19188 21108 23199 25764 31014 35211 40099 41439 42720 45678 50983 53446 
226 40008 43765 44965 47345 50341 51948 54017 56148 56951 58441 58534 58545 58549 58552 
70 10180 11137 13084 15874 17397 19492 24503 28264 35635 37729 42761 44899 46214 47344 
209 36420 40207 41192 43743 45700 48189 54868 57461 58273 58430 58488 58551 58552 
161 27520 31391 32323 35936 38316 39929 41092 48309 50862 51818 54155 56800 57694 58147 58510 58524 
152 26007 28364 30360 38364 41850 43709 50731 52511 53557 56260 57666 58129 58288 
2 422 1013 1536 3263 5894 7485 8966 10139 13552 14628 16457 17369 22392 25092 28796 31592 
53 6933 7815 8731 13181 17238 20231 21916 24134 32006 36032 37134 40285 42980 44293 
15 971 4443 7355 9178 11010 13599 14751 16498 18366 26058 29888 31889 34637 35540 37504 39428 
116 18930 19847 21969 24959 26603 28832 33670 42248 46952 50429 52366 53537 56756 57268 
176 30004 31336 34934 38284 41511 42592 43779 45714 52633 55546 56677 57542 57980 58289 58369 58510 58524 
273 48896 52374 53515 55985 56864 57428 58374 58459 58506 58555 
22 1683 5287 8307 12692 20571 21977 25787 29485 32687 33759 36654 37860 38917 
1 399 1147 3549 5529 6773 10031 16713 18299 19722 
1 397 862 3034 5526 11536 13037 15097 20040 22329 23717 24844 28633 30608 
2 422 1014 1959 4726 7162 8344 15803 19372 20443 23156 27468 29790 31925 33517 
199 34475 36712 38032 41572 45039 48228 50133 56047 57703 58343 58534 58545 58549 58552 
0 369 518 2945 7705 9163 13409 14720 15734 19358 20486 24140 26939 
196 34147 37635 38645 42808 44379 45514 52480 54813 55535 56941 58312 58442 58510 58524 
4 461 1768 4224 7558 9735 12341 13894 15207 18943 25543 
1 395 575 1262 1854 6051 8372 11787 16728 17759 21736 25010 26985 28245 
24 1737 4700 5502 8023 9775 13915 15958 18001 19599 27392 30782 32607 37665 40943 42091 
15 964 2694 5109 8678 11700 13968 15254 16240 24669 25597 27971 33950 38087 39830 
18 1366 3983 4979 7143 10004 11669 13332 14446 17848 18984 20980 22041 27172 28908 29973 31203 37752 40405 
201 35184 37275 39117 44641 47896 48831 54476 56647 57229 57888 58231 58534 58545 58549 58552 
218 38263 39148 40175 44717 48107 49506 50636 52251 53990 57926 58534 58545 58549 58552 
4 459 1088 2044 6428 9522 10532 11441 15154 20833 22465 27653 28998 30087 33816 34796 36508 37589 
61 8306 11817 14143 16770 19401 20470 24800 30826 33932 35609 36899 38138 41212 46608 49264 
260 46514 47638 51760 54186 55133 55797 56337 57220 58196 58428 58528 58552 
114 18267 22123 23106 26632 28520 30540 33648 38959 40618 44590 45843 47154 50050 54854 56549 
2 422 1021 5576 8059 9407 10743 14504 15432 16313 22069 25470 26533 
236 41714 45057 46332 48264 51508 52460 55085 56595 57921 58544 58554 58555 
169 29264 30226 31208 33041 36270 39989 43306 44595 47020 48955 54314 55243 57021 58142 58436 
136 22711 26739 27736 30486 32450 36478 38613 40773 42474 49597 52703 54226 57337 58213 58327 
1 395 573 831 1942 6748 10081 12209 13463 21987 26102 27907 30220 
206 36183 39016 41747 45084 46353 48281 51234 55843 56617 57888 58231 58534 58545 58549 58552 
7 562 825 2667 4804 5914 9112 10354 12247 15680 17208 18325 24921 28133 29988 32285 33611 34636 
49 6289 7407 11524 14231 15474 16319 18191 19235 20261 24079 26457 27633 34082 37099 38742 40450 41648 
1 396 737 3083 3794 4528 6220 8146 14821 17990 21877 25234 27035 28459 29590 
37 3767 7334 9092 13104 14795 16803 23825 26402 30717 32733 34414 36051 37358 38390 42093 43912 
172 29346 32316 38582 39960 42240 51918 54111 55943 56944 58196 58429 
164 28273 31782 33065 34956 36820 43949 47564 49480 51287 53002 53919 56452 57359 57765 
1 395 573 834 1999 6025 7889 11490 13574 15548 20832 
205 36114 38633 42212 44826 47080 48053 49012 56423 58051 58394 58464 58534 58545 58549 58552 
13 796 2613 3404 5617 9432 12873 15070 23130 28246 30434 34256 36575 
150 25440 28843 30863 35132 37520 41169 47514 49480 51285 52849 54369 55098 55796 58085 58413 58463 
15 964 2696 5332 7335 9284 10852 13826 17473 18469 27681 29031 30174 
123 20261 24077 25152 27871 37149 39213 40541 44410 47382 48918 51983 53845 
263 47061 49016 49852 53269 54999 55722 57556 58230 58530 58545 58549 58552 
215 38114 43736 44997 49728 50772 51624 54793 55524 56952 58441 58534 58545 58549 58552 
81 11932 15120 17002 21286 23872 28539 31918 39518 43183 45137 47102 48683 51459 52890 
138 23560 27197 29843 32487 38062 41691 45148 50578 52332 56326 58110 
106 16981 20586 23185 25858 28758 34341 38774 40500 41876 42910 
