72 2380 2475 2747 2988 3144 3550 3625 3644 
3 167 446 694 923 1049 1530 1751 2003 
2 152 225 706 1021 1125 1397 1618 
0 123 205 296 582 824 1065 1163 1634 
12 419 651 760 1093 1316 1505 1843 2073 2177 2449 2670 
2 154 279 392 719 979 1200 1312 1793 2014 2252 
43 1464 1563 1882 2106 2344 2727 2950 3057 3358 3536 3621 
5 230 524 768 968 1328 1423 1695 1938 2176 
0 121 143 342 596 755 1254 1547 1651 1923 2160 
2 153 265 510 610 906 1147 1303 1779 2041 
3 166 432 736 853 1134 1362 1727 1826 2145 
59 1975 2089 2408 2631 2821 3168 3260 3493 3615 3639 
7 250 333 619 875 1039 1439 1914 2186 2407 
2 158 464 573 862 1092 
80 2643 2738 3010 3247 3388 3628 3645 
64 2117 2212 2485 2764 2881 3347 3556 3599 3640 3646 
56 1854 1949 2221 2464 2693 3044 3210 3311 3544 3632 
73 2440 2712 2924 3285 3446 3522 3630 
77 2540 2778 2886 3196 3401 3527 3608 3645 
52 1742 2056 2294 2515 2627 3108 3321 3511 3567 3637 
4 194 375 492 991 1284 1388 1660 1881 
67 2253 2352 2671 2894 3072 3412 3486 3611 3641 3646 
50 1675 1898 2005 2326 2793 3095 3371 3459 3601 3638 
35 1188 1372 1479 1794 2100 2569 2862 2966 3235 3445 
10 362 556 667 1004 1242 1449 1574 2042 2292 
18 638 837 953 1267 1488 1712 1837 2306 2602 2803 3041 
76 2530 2832 3124 3226 3466 3592 3643 3646 
75 2501 2615 2934 3156 3338 3577 3610 3642 
71 2368 2558 2906 3001 3269 3475 3564 3637 
81 2703 2975 3186 3502 3595 3635 3645 
6 238 408 793 897 1169 1412 1650 
68 2268 2590 3083 3297 3393 3585 3633 3645 
1 134 305 542 780 891 1341 1580 1825 
9 319 481 806 1053 1231 1591 1686 1958 2201 2439 
70 2364 2846 3148 3424 3570 3624 
0 122 181 497 677 940 1109 1215 1516 1778 
