178 13935 14463 15116 15751 16515 16585 16592 16597 16598 16599 
171 13420 14412 14809 15490 15896 16228 16558 16586 16591 16597 16598 16599 
137 10448 11819 12904 13614 14028 15386 15659 16080 16367 16504 16555 16593 16595 
120 9099 11302 12679 13084 14984 15789 16078 16557 
182 14080 14796 15486 16174 16321 16516 16568 16588 16597 16598 16599 
172 13520 14101 14674 15506 16129 16523 16578 16597 16598 16599 
146 11438 12093 12968 13532 13989 14716 15448 15927 16574 16590 
140 10947 11803 12534 13157 13638 14366 15040 15670 16000 16535 16579 16595 
176 13872 14555 15339 15762 16058 16351 16528 16577 16597 16598 16599 
0 241 811 1932 2309 4073 5013 5491 7620 
116 8920 9573 10409 11068 11536 12219 13057 13753 15474 16038 16344 16560 
131 10149 10845 11684 12292 12767 13459 14269 14960 16229 16477 16554 16593 16595 
11 700 998 1560 2295 2916 4599 5410 6319 7042 8053 8961 9771 
179 13947 14484 15129 15631 15973 16275 16474 16543 16582 16593 16594 16596 16598 16599 
3 267 341 1182 1456 2075 2856 3519 4524 5373 6121 
3 268 434 762 1268 1761 2314 2967 3399 3961 5332 5958 6753 7368 7840 8544 
129 9954 10671 11790 12703 13757 15058 15461 16443 16562 
93 6913 7590 9275 10417 11163 11575 13022 13378 14049 14745 15295 15711 16186 16324 16502 
2 257 474 955 1355 1959 2510 2994 3556 4990 5546 6072 6842 7205 7925 
21 1226 1989 2602 3525 3886 4278 5218 6970 7813 8709 9409 10610 11535 
138 10561 11692 12384 12806 14223 14951 15530 15857 16248 16458 16550 16581 16593 16595 
135 10310 12549 13892 14296 15942 16374 16539 16572 16587 16593 16595 
3 270 532 1030 1589 2122 2620 3341 3678 4327 5801 6333 6932 7645 8114 8754 
12 748 1262 2226 3027 4048 5350 5740 8040 8395 9185 10123 10918 
104 7800 8319 8986 9585 10110 10723 12280 12876 13440 14236 14585 15253 15767 16105 16345 16522 
4 309 521 1128 1810 2721 3496 3998 4588 5989 6482 7099 
1 245 290 543 919 1426 2177 2696 3130 3791 5397 5905 6563 7170 7673 8295 
143 11207 11939 12996 13867 14962 16003 16336 16563 16583 16593 16595 
2 256 395 587 1135 1747 2376 3362 4457 6052 6875 7581 8232 8690 9465 
114 8709 9408 10524 12621 13736 14505 15281 15812 16237 16443 16562 
5 326 507 1611 2068 3755 5312 6051 
3 267 337 635 1225 1806 3448 4231 4873 5667 6393 7030 7482 8198 8900 9668 
105 7860 10034 11410 11856 13783 14768 15223 16442 
4 309 521 1127 1600 2017 2667 3411 4044 5771 6622 
4 309 523 1699 2393 3984 4659 5654 6515 7338 
13 874 1467 1914 2532 3257 3812 4260 5271 5713 6296 7733 8413 9246 9784 10254 11067 
4 309 521 1129 2214 2544 3302 4155 4577 6829 7151 7996 
112 8575 9156 9693 10690 11135 11555 12545 14341 15183 15702 16200 16485 16560 
23 1495 2409 2777 3151 4177 4932 6528 8244 8638 9067 10143 11038 
123 9347 10030 11879 12739 13690 14394 15405 16151 16398 16493 16560 
20 1164 2270 2988 4020 4750 5533 7192 8026 8587 9048 10499 10879 11621 
157 12182 13216 13585 14010 15023 15913 16299 16503 16593 16595 
3 275 862 1332 2142 3386 4117 5202 5957 
141 11081 11662 12200 13010 13731 15376 15622 16132 16407 16546 16584 16593 16595 
103 7788 8296 8968 9586 10289 11039 11842 12544 14328 15157 15694 16199 16485 16560 
6 355 914 1832 3050 3425 5248 6175 6676 8574 
160 12458 13180 14210 15079 15723 16466 16593 16595 
134 10275 11297 13127 13959 14653 15416 15923 16245 16384 16538 
152 11642 12344 13150 14197 14567 15350 15886 16247 16574 16590 
108 8034 9321 10104 11273 12045 12862 14534 15027 15558 16029 16290 16473 16560 
125 9669 10532 11290 12984 13359 14170 15099 15654 16173 16443 16562 
0 239 423 1098 1677 2055 3374 4034 4665 5107 5825 6495 7243 
111 8476 9288 9992 10677 11186 11912 12641 13400 14903 15526 16177 16464 16557 
61 4311 6407 7705 8141 10060 11095 11900 12473 13089 13805 14282 14902 
3 267 340 1170 1782 2365 2758 3472 4344 5042 5763 6432 7418 
94 7018 7545 8146 8858 9335 9928 11391 12158 12898 14258 15313 15839 16073 16360 
3 276 937 1405 1883 2432 3090 3575 4201 4781 5299 5904 
46 3182 5222 6540 6927 8835 9809 10631 11251 11861 12599 13070 13689 
132 10169 10583 11958 12411 13336 13833 14445 15778 16117 16348 16518 16580 16595 
10 663 1078 1514 2251 2562 3187 3835 4386 4911 5615 7271 8067 8793 9414 9849 10670 
4 309 522 1438 2196 3717 4492 5194 5784 6269 6991 7686 8475 
0 242 1201 1877 2892 3599 4620 5171 5744 6457 7270 
1 246 369 754 2148 2804 3164 3874 4613 5642 5970 6828 
126 9772 10367 10971 11971 12356 12791 14135 14835 15247 16263 16386 16490 16590 
4 314 1279 1896 2574 3032 3666 4437 5002 5438 6151 
52 3823 4364 4893 5679 6012 6694 8126 8801 10000 10763 11622 12332 13141 13783 14795 
3 274 722 1018 1954 2927 5083 5473 6203 6983 7621 8625 
6 356 966 1494 2239 2906 3508 3936 4641 6152 6732 7290 7996 
9 570 1306 1650 2040 3265 3913 4292 4971 6711 7419 8179 9262 9608 10484 
8 463 790 1244 1857 2283 2840 4474 5700 6476 7567 8343 9348 10253 
162 12662 13572 14320 14984 15791 16238 16424 16534 16593 16595 
3 269 445 836 1214 1718 2353 2870 3437 4822 5634 6164 6623 7367 
98 7531 8226 9400 11432 12249 13846 14599 15228 16018 16366 
19 1058 1638 2345 2945 3848 4552 5574 6244 6662 8080 8437 9105 9900 10571 11250 
122 9178 10546 11371 12519 13304 15145 15582 16023 16311 16455 16542 
14 892 1240 3329 3626 4408 5126 5795 6863 8025 
12 748 1263 2332 3107 4219 4727 5388 7049 7432 7865 8881 10014 10822 
124 9425 9972 10919 11464 13191 14129 15424 15971 16431 16549 
3 273 674 993 2639 4136 4861 6582 7100 7769 8372 8887 9518 
6 354 856 1790 2481 3217 4096 4562 5153 6761 8102 9245 
0 240 618 2707 3236 3737 4504 4834 5524 
127 9795 10388 10990 11770 12142 12838 14354 14917 15462 15954 16218 16423 
12 749 1376 2102 2746 3462 4480 4811 6454 6901 7502 8186 8755 9367 10085 10946 
133 10212 10741 11477 12106 12979 14400 14857 15503 16064 16454 16574 16590 
78 5727 6767 7459 7881 8869 10590 11350 11830 12428 13168 13705 14301 15003 15436 15885 
118 9003 9519 10192 10823 11378 11995 12726 13270 13924 15538 15817 16210 16438 16574 16590 
48 3294 4537 5293 6379 7135 9135 9836 10624 11756 12075 12967 
96 7380 7946 8496 9300 9628 10329 11946 12496 13108 13808 14629 15345 16203 16514 
77 5568 6888 7666 8778 9553 11496 12022 12708 13324 14121 14757 15209 15761 
117 8938 9362 11327 12304 12820 14691 15983 16343 
113 8666 9080 9722 11588 13492 15085 15649 16170 16372 16485 16560 
7 416 1532 3007 3690 4190 5853 6216 6645 7728 8834 
102 7751 8425 9254 9784 10263 12119 12628 13243 14045 15928 16467 16553 
30 1977 2459 3072 3644 4123 4707 5813 6356 6961 8626 9387 10485 10859 11755 
107 7932 9466 9886 11721 13043 13827 14938 15599 16101 16447 16533 16567 
51 3718 4676 5054 5458 6403 8164 9023 10345 11121 11892 12576 13571 
