107 7668 9081 10070 11052 12156 13009 13481 15330 16013 16388 16506 16521 
39 2429 2789 4311 5019 6173 7095 8385 10398 11328 12361 13427 14286 
175 12763 14407 15232 15548 16297 16518 16523 
150 10911 12347 13304 14193 15194 15893 16097 16522 
142 10243 10595 12620 13448 14516 15262 16088 16430 
167 12207 13797 14957 15721 15922 16122 16378 16454 16520 
160 11531 12938 14328 15059 15503 15964 16118 16444 16523 
88 6089 6435 7273 8717 9807 12063 12731 13852 14724 15874 16274 
141 10230 11624 12605 13609 14648 15431 15772 16494 
2 280 366 1745 2400 3525 4492 5947 6862 
117 8407 8731 10085 10897 12026 12816 14864 15553 16092 16474 
3 302 1362 2715 3924 4504 5834 7457 8267 8886 
11 595 1131 1465 1952 2547 3050 3517 4075 4796 5129 5965 8054 8824 9584 
84 5806 6108 7512 8344 9477 11546 12744 13616 14542 15363 16072 16402 
0 254 383 815 1049 2964 3680 4877 5826 7034 8141 
135 9685 10031 11343 12176 13276 14084 15763 16152 16436 16518 16523 
148 10736 11553 13629 14477 15251 16172 16486 16520 
91 6388 6807 8250 8919 10054 12240 13460 14200 15078 15870 16339 16482 
172 12468 13390 13702 14110 14833 15171 15651 15947 16351 16522 
128 9271 10417 10956 12248 13829 14570 15119 15468 16056 16212 16369 16475 16504 16520 
1 272 602 871 1317 1830 2608 3160 4500 6116 6932 7581 
13 696 1627 2452 4201 5602 6432 8556 9428 
100 7075 7449 8808 9643 10728 12809 14003 14781 15659 16134 16456 16515 
108 7681 8070 9514 10214 11314 12528 13497 14795 15160 15636 15944 16245 16366 16498 16519 
1 270 372 638 1244 1620 3555 4425 5587 6425 7651 8769 
118 8440 9712 11111 11650 14047 14469 15666 16084 16433 16522 
154 11191 12101 12446 13971 14508 14964 15531 15813 16179 16492 16518 16523 
155 11232 11556 12383 13650 14438 15629 16114 16514 16522 
15 802 2012 2949 3912 4999 5983 6379 8535 9499 10391 11445 12434 
7 425 1911 3298 4161 5087 6806 
73 5066 5458 6915 7615 8785 10944 12189 12893 13875 14826 15749 16208 
2 280 365 1182 2044 2420 4601 5617 6538 7629 8622 
35 2076 3038 3373 3811 4570 4987 5579 6055 6722 7122 7850 9845 10601 12005 13186 
13 694 1269 2364 3485 4472 5171 5717 6578 8333 8770 9322 
138 9890 10804 11683 12252 13518 15013 15677 16136 16329 16431 16487 16517 16523 
6 410 708 995 1552 1936 2604 4644 5545 6885 7721 8933 10015 
114 8176 8997 10179 11285 13290 14088 15212 15862 16294 16498 16519 
121 8656 9585 9897 10306 11059 11434 12040 12475 13128 13542 14215 15883 16278 16497 16522 
3 305 1730 2582 3710 4690 5107 7158 8220 9042 10194 11157 
26 1499 2230 2732 3442 3795 4638 5968 6484 8962 10279 11481 12558 
7 420 1265 3062 3865 4893 5926 7012 7950 
126 8977 9389 10765 11466 12599 15024 15774 15979 16437 16518 16523 
13 695 1586 2431 3225 3637 4265 4762 5439 5859 6561 8577 9462 
164 11864 12280 12971 14393 15100 15693 15917 16322 16404 16473 16523 
151 10924 11268 13319 14019 15067 15792 16349 16495 
22 1215 2513 4025 5287 5844 7103 8716 9530 10134 10520 11412 11797 12296 12892 
2 287 890 1171 1694 2117 2769 3175 3919 5466 6229 6987 
162 11781 12977 13695 14590 14926 15283 15837 16064 16284 16412 16491 16523 
119 8454 9717 10667 11359 12126 13528 14729 15577 16022 16309 16403 16501 16516 
112 7961 8845 9235 9753 10358 10851 11716 12266 13524 15013 15675 16036 16209 16445 16483 16510 16521 
0 252 318 1202 2238 3148 4622 5544 
131 9485 10286 12368 13202 14068 15342 16228 16480 
3 299 835 1571 2284 3002 3366 4349 4722 5145 5908 7604 8212 8696 
2 280 364 1094 1863 2921 3784 5774 6545 7496 8549 9622 10484 
139 9964 10289 11106 12389 13234 14529 15269 16389 16495 
29 1717 2847 3747 4193 5632 6342 7488 9706 11091 11961 
8 435 687 2268 3099 4281 5123 6327 7448 
158 11501 13510 14669 15585 16098 16266 16506 16521 
143 10265 11971 13404 14219 14735 15799 16426 16498 16519 
14 779 1056 1517 2152 2476 3314 4815 5648 6251 6636 8696 
4 329 556 806 2589 3540 4615 5740 6632 
1 270 373 737 956 1290 1972 2351 2913 3407 4110 4534 5283 7278 8175 
0 252 315 789 1702 2467 4438 5203 6196 7204 8357 9234 
7 422 1349 2253 3258 4405 5320 5797 7795 8794 10101 10848 
29 1716 2471 3695 4830 5813 7172 7593 8190 8663 9323 9737 10412 11915 12636 13389 
111 7952 9171 9723 10952 12559 13335 13939 14321 15149 15475 15822 16156 16334 16434 16488 
122 8697 9007 9840 11251 12079 12657 13040 13933 15402 15807 16365 16492 16518 16523 
1 271 524 841 1918 3470 4327 4955 5397 6283 6640 7139 7794 
99 7061 8429 9824 10695 12699 13268 13735 14374 14749 15369 16275 16439 16512 
12 667 856 1761 2318 2725 3626 4041 4551 5217 5728 6191 7582 7968 8485 9101 9610 10062 10573 
101 7107 8434 9374 10103 11033 12509 12819 13644 14881 15609 16292 16495 
0 252 313 521 2172 2980 3593 4034 4945 5351 5875 6505 7001 7886 
8 435 686 1841 2644 3112 4494 6357 7211 8235 9096 10877 11779 
146 10527 11305 11845 13558 14160 14637 15373 15801 16364 16492 16518 16523 
8 443 1434 1876 3211 4296 5164 6306 7324 
159 11511 11964 13890 14680 15644 16115 16455 16522 
95 6675 7473 8003 8948 10338 12795 14129 15459 16002 16232 16419 16503 
156 11423 12019 12689 13060 14703 15052 16017 16347 16496 16522 
0 252 320 1396 2832 3571 4360 4755 5703 6022 6453 7256 
0 252 319 1309 2379 3333 3734 5512 
104 7399 7726 8572 10016 10781 11393 12837 13788 15088 15741 16288 16494 
5 346 454 920 2031 2797 4250 5120 7257 8109 
3 300 1065 2201 4456 5933 6899 7842 8899 9889 
32 1889 2222 3659 4658 5053 6741 7688 9049 9598 10040 10802 11158 11572 12317 12835 13608 
5 346 455 1110 1784 2355 3958 4519 5838 6815 7529 8332 
127 9023 9772 10166 10714 11213 13081 13844 14339 14995 15272 15879 16392 16493 
0 259 747 988 1817 2083 2493 3265 3648 4275 5438 
87 6015 6988 7332 7743 8504 8887 9463 9945 11791 13093 13769 14093 14876 15982 16298 16452 
129 9281 10123 10485 10987 11591 12145 12585 13928 14287 14763 15300 15732 16183 16460 16522 
9 471 925 1233 2880 3768 5262 7701 9165 
134 9672 11006 12048 12854 13983 14895 15228 16362 16505 16522 
10 587 1401 1922 3154 4235 4924 5670 6298 7919 
116 8394 9811 10750 11671 12711 13663 14040 15987 16352 16467 16518 16523 
48 3126 3462 4908 5761 6871 7717 9656 10642 12222 12906 13415 13867 14373 
3 301 1079 2004 3078 4005 5716 6165 6721 
45 2935 3789 5034 6133 7325 8289 8641 10574 10971 11678 13187 13906 14635 
65 4470 4861 6212 7048 8198 9003 10862 11883 12775 13148 14648 15458 
113 8035 8468 9166 10667 11363 12576 14555 15182 16009 16428 16508 16521 
0 252 314 716 1140 1510 2307 2678 3191 3831 4394 4872 6284 6863 7398 
3 303 1659 2936 4130 5390 7334 8177 9373 
201 14699 16257 16462 16513 
4 328 492 1028 1274 2025 3318 3892 6409 7841 
