115 12072 13036 13358 13805 13944 
73 7101 8668 9453 9940 10328 10510 11586 12767 13328 13556 13855 13933 13940 
93 9448 10949 11706 12164 12338 13400 13593 13937 13944 
105 10989 12558 13008 13620 13867 13933 13940 
1 157 193 403 683 847 2149 2545 4591 4989 6367 6738 8140 8500 
112 11675 12181 13330 13668 13859 13942 
99 10372 11021 11816 12700 13641 13870 13933 13940 
83 8287 9798 10605 11063 11443 11617 12628 13603 13873 13914 13924 13945 
102 10546 11081 12483 13014 13473 13726 13940 
100 10387 11404 12253 12842 13181 13407 13548 13865 13942 
106 11032 12096 12551 13320 13749 13937 13944 
111 11536 12873 13215 13594 13853 13921 13933 13940 
89 9221 10269 11169 11799 12297 12588 12857 13487 13896 13931 13944 
77 7733 8840 9206 9770 10014 11096 12579 13124 13604 13902 13933 13940 
1 157 194 470 1232 2590 2930 4408 5135 
92 9422 9956 11119 11480 12037 12236 13295 13850 13943 
68 6613 7362 8207 8597 9888 10241 11279 12498 12652 13588 13880 13921 13933 13940 
15 787 2178 3891 4708 5208 5444 6520 8160 8622 9504 9913 10214 11403 
97 10034 11335 12973 13490 13715 13821 13933 13940 
11 397 1480 1751 2882 3260 3634 3992 4583 5983 
58 5456 6173 7010 8189 9262 9663 11601 11964 13053 13294 13840 13889 
25 1754 3348 5062 5935 6420 6628 7730 9152 9592 11217 11540 11835 
2 172 204 721 1066 1363 1649 2210 3545 4519 6142 
64 6316 7436 8292 9057 9809 10022 11106 12577 12892 13530 13756 13840 13889 
1 157 197 1002 1567 2299 2853 4537 5608 
36 2928 4068 4461 5074 5321 6462 7179 8020 9480 10447 10904 11735 12127 12397 13319 
79 8085 9137 10045 10754 11999 12231 13121 13603 13873 13915 13934 13945 
96 9899 11508 12064 12948 13460 13788 13882 13917 13943 
1 158 218 668 1144 2362 3329 4911 
0 153 796 1633 2513 3040 3753 4684 5545 
18 1051 1622 2332 2833 3056 4509 4922 6992 7426 8730 9096 10554 11359 
70 6877 7584 8320 8782 9177 9358 10476 11836 12655 13151 13801 13933 13940 
5 244 921 2682 3517 4007 4213 5330 6937 7388 8347 8755 9017 10302 
88 8971 9681 10492 10879 11731 12477 12807 13454 13887 13925 13935 13944 
1 158 216 453 892 1129 1704 2970 3977 5738 
62 5875 6438 7687 8070 8639 8867 9973 11527 11896 12793 13240 13423 13727 13920 
1 158 227 1170 2200 3319 3722 4788 5395 5753 6121 
95 9844 10794 12241 13132 13363 13560 13708 13852 13939 
4 188 491 877 1456 2308 3123 3931 5146 6920 8125 
2 173 290 614 1791 2785 3937 4701 6218 
8 332 756 1392 1909 2184 2874 4163 5166 6910 
10 362 1556 2332 2834 3233 3600 4259 4557 5249 6612 
1 158 226 1152 1501 2359 3355 3824 4739 5169 5519 6782 
1 163 592 1206 1683 3217 3922 
0 150 308 766 2218 2611 3567 4546 5014 5988 6394 6949 8014 
1 157 193 403 683 851 2775 3143 4242 4864 5193 5811 7178 
2 175 576 1268 1891 2384 2806 3114 4382 
8 331 657 1267 1664 1878 2925 4399 5155 5546 6643 7287 7606 8199 9503 
1 157 193 403 684 1018 1344 1813 2158 2449 3481 4987 
91 9285 10992 11470 12444 13163 13540 13778 13861 13927 
26 1863 2564 3400 3798 4735 5610 6368 6974 8396 9296 9753 10657 11037 11552 12476 
1 159 270 587 1433 2097 2792 4308 6267 8026 8698 
6 255 515 1215 1964 2729 3703 4475 5184 6710 8595 
0 151 429 1103 2132 3277 3969 5767 7424 
8 333 947 1597 2755 3292 4383 5357 7083 7952 
14 653 1601 2090 3172 4133 5819 6220 7570 7953 9000 9606 9926 10979 
103 10572 12026 12726 13096 13343 13709 13895 13937 13944 
2 174 539 784 1716 2413 3067 3366 4060 5394 
57 5332 6482 6862 7491 7722 8826 10413 10806 11784 12358 12684 13277 13662 13911 
69 6852 7981 8894 9551 10156 11155 12606 12962 13627 13768 13882 13917 13943 
67 6522 7689 8225 9326 10904 11735 12128 12601 13609 13830 13927 
87 8882 9987 10357 10920 11146 12192 12809 13657 13917 13943 
6 257 713 1841 2803 4508 
101 10423 11875 12342 12910 13436 13756 13840 13888 13938 13945 
60 5695 6783 7745 8463 8986 10030 11420 12115 12422 13227 13515 13700 13846 13928 
1 158 220 748 1694 2470 3438 4809 5471 5785 6474 7793 
86 8751 9878 11493 12139 12859 13665 13900 13943 
76 7579 8503 9228 9906 11428 12076 12677 13109 13729 13824 13882 13917 13943 
85 8706 9641 11157 12207 12524 12991 13478 13795 13908 13941 
48 4225 4942 5839 7344 9341 9727 10654 11560 11985 12769 13073 13419 13812 
9 346 1085 1863 2565 3418 4574 5984 6798 7273 8943 9271 9588 
1 158 220 749 1996 4096 5239 6040 7797 8269 9089 
1 160 351 1295 2301 3797 
75 7524 8606 9394 10195 10519 11062 11245 12240 13418 13603 13873 13914 13924 13945 
59 5680 6381 7106 7621 7822 8876 10303 10703 11628 12383 12819 13083 13432 13879 
72 7075 7657 9163 9979 11206 13057 13677 13828 13939 
49 4451 5575 6534 7232 7868 8879 10304 11011 11360 12323 12769 13072 13273 13812 
1 158 216 452 850 2637 3570 3985 5288 5883 6717 7520 8729 
113 11700 12928 13154 13813 13905 13936 13945 
98 10141 10835 11683 12407 13375 13696 13929 13943 
5 243 721 1068 1527 1739 2864 3617 4629 6018 6661 6957 7679 8942 
13 613 1511 2271 3100 4184 4523 4826 5901 7484 9289 10878 
78 7853 8552 9431 10484 11761 12584 13575 13773 13912 13940 
1 158 216 452 846 1748 3208 3954 4334 5429 6563 6925 7269 
3 180 560 1239 1945 2245 2909 4043 5739 6144 7595 7927 9726 
1 158 216 451 818 1108 1409 2326 3841 4150 5285 5702 6054 6405 6984 8394 
1 158 217 647 2048 2734 3455 4027 5619 6342 
1 158 221 859 1317 1638 1936 3196 4675 5227 6809 7550 
4 189 628 1863 2566 3464 4315 5112 6366 
11 395 700 1712 2112 2487 2818 3392 4767 5750 7569 
59 5681 6539 7714 8811 9589 10532 12149 12630 13505 13838 13932 
66 6376 7315 8092 8740 9569 10571 11944 12536 13062 13550 13913 13941 
54 5104 6230 7047 7907 8251 10124 10719 11047 11593 12749 13402 13837 
15 784 1712 2115 2694 2917 4050 4846 5857 7213 7881 8270 9333 10652 
1 161 367 928 1179 1665 2063 2235 3381 4106 5774 6246 7183 7596 8152 9136 
15 784 1712 2114 2655 3025 3863 4291 5032 5313 6455 8126 8522 9531 10094 10427 10784 
82 8261 8800 10319 11920 12637 12947 13687 13801 13933 13940 
65 6343 7316 8135 9251 10980 11969 12704 13260 13515 13699 13792 13928 
84 8699 9737 10577 11317 11850 12149 12632 13751 13923 13944 
7 323 967 1763 2430 2992 3333 3681 4703 6305 7132 7639 8042 8401 9025 9308 10240 
46 4108 5257 5664 6275 6510 7668 8418 9378 10686 11288 11570 12403 13031 13587 
29 2170 3299 3923 4998 5906 6693 7454 7907 8244 9533 10168 10458 11111 12296 
17 1044 2033 2941 3665 4423 4608 5801 6915 8523 9914 10439 11403 
5 246 1120 2012 2722 3808 4645 5508 7023 7836 8435 8768 9868 
10 360 982 1589 2621 3488 4296 5636 6085 6825 7213 7880 8172 8832 10093 
116 12124 13386 13739 13919 13937 13944 
94 9837 10888 11653 12611 13128 13879 
86 8752 10396 11257 12199 13200 13688 13894 
