172 39403 42371 46263 49074 50481 50922 50986 51019 51020 
188 42955 45860 49365 50667 50950 51018 
189 43632 47379 48946 49574 50807 50993 51017 51019 51020 
163 36683 39729 41739 46263 49071 50321 50869 51013 51018 
168 37658 41993 45179 46894 47777 49997 50941 51018 
193 44480 47124 48844 50098 50404 50835 51001 51020 
185 41909 46081 48642 49739 50552 50959 51015 51020 
159 36029 39172 41522 43090 43976 47838 49822 50558 51013 51018 
155 35083 39330 41599 42650 46094 49509 50257 50862 51008 51013 51018 
175 40291 43333 45673 47056 47820 49616 50718 50861 51019 51020 
157 35934 39748 43676 46552 48816 50881 50977 51009 51014 51019 51020 
180 40948 44048 46418 49354 50660 50949 51018 
6 378 1170 3423 5207 7562 11140 14415 15622 21176 
123 26721 30457 34025 45172 48646 50387 50677 51005 
129 28007 32278 35193 37046 38085 42064 44596 47173 49829 50168 50994 51018 
164 37018 43486 45982 49225 50507 50834 50928 51005 
91 18305 21196 25615 32476 36826 44874 46162 48445 50426 
187 41965 45643 48056 49922 50605 50843 50929 50998 51016 51020 
112 23785 28035 31196 34560 36963 41419 45412 46378 49584 50655 50964 
171 39380 43555 45551 46580 49608 50709 50956 51015 51020 
107 22436 27831 29094 32327 35218 37300 38167 40645 46808 49428 50734 50984 
0 252 1314 3380 6171 8106 12722 16389 
107 22434 26254 29787 36775 41122 48481 49322 50441 50964 
147 32407 35564 37506 42173 45822 48147 49889 50598 51008 51013 51018 
95 19550 25028 29770 31610 34786 38944 39816 42696 46106 47042 50076 50842 
5 368 1391 4604 7344 10452 15443 16873 
136 29214 32826 35344 40055 42502 45156 48681 49681 50337 50556 50994 51018 
145 32182 36521 39720 43070 45351 48862 50226 50938 51008 51013 51018 
6 379 1446 3357 5028 5965 9051 14067 17390 20892 21969 26568 
121 25976 30858 31986 35380 39855 46452 48579 49647 50074 50939 51005 
138 30202 33187 37848 41619 45090 47750 50431 50744 50966 51018 
113 23818 29254 33503 36138 39025 43159 44085 46665 49254 49863 50903 51002 
110 23376 26488 28870 31433 32261 35442 37512 39938 40971 46599 49023 50189 50901 50996 
162 36486 40546 45344 48173 49624 50822 51008 51013 51018 
141 31557 35496 39425 42623 45468 50006 50620 50801 51005 
2 307 2035 5076 6775 7521 11779 15054 18327 21407 
0 246 542 2177 4889 7720 13970 
142 31583 34728 37134 39956 40900 43927 45853 47874 48614 50728 50952 51013 51018 
1 270 453 1287 3100 7194 13999 
119 24958 29720 32383 34290 38437 42843 45865 47844 50248 50683 50931 51003 
1 270 452 908 2638 3397 6989 10287 11461 16982 
123 26723 32031 33266 36604 39522 44177 44952 47708 49096 50210 50489 50937 51005 
1 270 452 912 3879 4664 7030 10033 13507 16568 19274 21874 23368 
4 356 2350 3351 8652 11269 15506 18391 19936 21042 23772 
1 270 467 2608 6393 7249 10315 12293 14670 15667 17585 20788 22564 23657 26132 
45 7096 12528 16737 19280 22056 26194 27043 31353 35479 38008 42279 
1 270 468 2917 4445 5535 8330 12171 15136 16770 18682 21787 
21 1117 4938 8379 9615 14235 17737 23775 30720 
5 367 1008 2719 8601 11490 14444 16425 20938 24699 
0 246 545 2595 6126 8574 11625 15129 23245 24594 
0 253 1372 3157 5261 6682 9290 12286 16874 20592 
135 29185 33430 36768 38733 41189 44750 47686 48577 50875 50987 51018 
139 30851 35033 37252 38343 42015 48142 49639 50124 50647 50951 51008 51013 51018 
4 349 529 2966 4057 7201 10099 11974 12926 15369 
9 501 1367 7501 11126 12369 15572 18418 20422 21232 23742 
25 2156 5274 8314 10977 14000 15212 18028 22036 26263 27158 29951 33485 36442 37897 
1 270 454 1348 4791 8018 10387 17150 21146 
13 728 5664 8225 12542 15714 17662 18652 22357 
6 378 1173 5762 9083 12575 13582 20031 23845 25228 
107 22431 25407 29483 34693 38294 48638 50531 50984 
5 365 736 1730 2739 5189 11252 12668 
1 270 460 2017 5392 6285 9098 12594 13709 18372 21843 
102 20733 25011 28285 30228 32635 36298 39700 40918 46349 49182 50330 50838 50948 
4 354 1258 3172 9261 12397 15047 17710 19161 
3 322 817 2205 3449 4387 7065 11245 18183 
22 1144 3812 6054 10621 12953 15628 17476 18361 24729 27737 29432 31303 34381 
158 35960 39119 41502 44374 45123 47674 49716 50698 50945 51013 51018 
1 270 459 1939 3616 5449 9493 10352 13177 16699 17760 22497 26103 
0 246 548 4498 7414 10901 13565 15012 
1 270 452 906 2250 3796 7608 8634 11605 13500 15904 17130 18963 22910 25970 
25 2158 5386 9958 12100 13098 16688 23369 25845 26907 29789 33063 36401 
122 26695 30766 32902 34056 37772 44508 46723 47649 49042 50373 50749 50867 51005 
176 40318 43384 45698 47546 48359 49759 50829 50995 51019 51020 
105 21682 24784 29788 41017 45274 49093 50734 50984 
4 351 1046 3238 5900 7728 8767 11180 14128 20304 22824 26103 
3 333 3050 6143 7314 11731 14104 15259 19547 
9 510 3985 6725 10380 14142 17328 
7 409 1521 3669 9852 12438 16666 19887 21788 22880 26644 
3 325 1204 3931 6831 8444 9631 12533 18908 21261 23999 25866 27844 30280 
1 270 469 3023 5230 8211 11326 14890 16156 
2 304 1700 4164 7151 9910 11056 13814 17053 19517 
5 366 977 2693 8685 12899 15487 18624 22788 25258 29634 
7 406 927 2303 8417 10989 14532 17040 21206 25363 28697 
7 405 880 2860 6617 7894 10792 16953 
2 296 693 2155 4659 11692 15284 16504 19721 22540 24134 25229 27946 
2 297 799 2370 5313 7667 12084 15924 16986 21435 24702 27916 
3 325 1203 3430 5223 7588 8842 10669 13723 17848 18728 21519 25082 27947 29424 
12 615 1889 4638 7430 9443 11848 13003 14836 17934 21977 22937 25778 29323 32235 33641 
27 2712 5613 7961 9563 10400 14607 18570 24355 27612 29980 35536 38707 
24 2132 5742 7854 8966 12564 19162 21593 22687 25099 27683 30541 32984 33849 36401 
1 270 478 4177 5982 7005 9450 12426 16125 
1 270 452 913 4091 6240 9366 12512 15132 19011 20301 
134 29175 33820 37177 39592 44245 49229 50793 50942 51013 51018 
23 1648 4052 10128 17002 21357 28292 32501 37471 
117 24930 27608 31673 38139 40781 43968 47721 49376 50539 50981 
1 270 452 905 1810 2465 5790 10009 15856 18289 19386 23647 29424 
148 32792 36910 40737 42192 44907 48314 50812 51013 51018 
114 24022 27090 29653 33648 40533 41818 44967 47502 48959 49471 50416 50897 51002 
4 353 1243 3863 4862 8371 15878 19442 22740 23995 30750 
15 771 3302 5944 8132 9064 13228 19203 21541 25924 28698 29662 32120 
103 20762 24512 26925 31493 37750 41010 42977 43993 47355 50027 50874 
96 19613 23861 27014 30376 32741 37237 41358 42382 46318 48597 50179 50842 
60 10868 13738 16051 19053 19835 22728 28301 30244 32663 35053 38457 42045 43151 47316 
21 1120 6071 9312 12498 16452 17356 21533 24797 27187 32059 34546 
9 504 1801 4527 7095 11348 14168 15729 16826 22706 27129 30848 
116 24895 27601 30751 31965 38038 42327 44890 47703 50139 50764 50996 
29 3147 7540 10015 11098 14359 18493 20505 23491 27632 28475 33947 38083 
12 616 2447 6321 10654 14688 15555 18583 20593 23027 24037 25994 29150 31012 32059 34546 
12 616 2444 5872 8938 11842 18199 20302 21409 25471 28175 30048 32059 34546 
10 568 4561 8699 11330 14435 17769 21328 25342 
4 352 1222 3131 4414 7131 13430 16554 19197 21874 23368 
1 270 462 2229 4849 9978 13211 16718 17840 22279 
3 325 1210 6442 8794 11470 14254 15297 17709 
12 615 1887 3677 5332 6219 10616 16432 18777 23121 25126 26318 30848 
9 501 1364 4367 7988 11575 14564 19412 20606 23927 26809 28320 29368 32151 
25 2157 5305 8936 15721 20003 29009 33662 37505 
123 26718 29656 35173 38765 44942 48729 50030 50398 50965 
71 12465 15240 20084 24475 29042 29917 34322 37546 39883 44765 46965 
9 502 1670 4150 6827 10722 11920 14818 21101 25418 29560 32983 
7 404 650 3564 7840 12318 13191 17525 20634 22974 27844 30280 
6 378 1174 6036 8993 12258 14497 21069 24122 28001 30281 31763 
6 384 2334 5097 8278 10164 11155 13549 20722 24665 
178 40730 47317 49209 50395 50994 51018 
113 23817 28070 30948 33214 34168 38474 44521 46691 50169 50771 50981 
181 41348 45305 48336 49146 50464 50907 51008 51013 51018 
120 24987 28799 31085 35769 38196 40924 42811 46786 48185 48724 50787 50996 
130 28199 31213 36653 41167 43639 44697 47666 50192 50889 
165 37617 40347 44332 45522 47995 50776 50970 51012 51017 51019 51020 
86 16582 19641 22310 23558 26453 31882 33530 34703 38423 42026 43143 47486 49757 
127 27963 32612 35090 36272 40616 43947 45060 49438 50449 50968 51013 51018 
16 864 2425 4050 8497 12230 16041 22358 24596 26994 28171 34983 
167 37646 41436 44347 47187 48876 49792 50158 50802 50991 51017 51019 51020 
169 37688 41546 43861 47931 49487 50478 50936 51013 51018 
166 37632 40722 43540 44669 47231 49473 50540 50953 51018 
11 588 1959 3770 6633 7379 10276 15802 17723 20135 21310 23192 26343 28698 29662 32120 
38 4225 6976 13020 16234 18519 25620 28447 32044 35417 38784 
129 28010 33447 38247 40105 43245 46995 47769 50237 50915 50994 51018 
120 24994 30565 34330 36082 36889 41291 46979 48821 50600 50853 50961 51003 
170 38710 43043 46053 48229 50272 50579 50940 51018 
124 27484 31330 35129 39056 44647 46190 47270 49232 50509 50928 51005 
95 19551 25045 28909 35156 38295 40284 42778 45323 48348 50143 50842 
131 28627 33782 40175 43435 45724 47888 48534 50156 50888 51005 
144 32152 36539 39453 41235 42310 46140 48252 49911 50574 50982 51008 51013 51018 
78 15020 17949 20322 23045 23975 27023 29016 31415 32430 38370 41704 44066 47453 49571 
177 40694 44796 48439 50542 50890 50989 51004 51019 51020 
8 430 1041 5929 12892 17227 24091 28390 33180 
56 10008 14047 16286 17329 20862 27593 30027 31067 34083 37413 41136 45550 
21 1115 4269 7407 9398 11753 15322 18603 19771 25406 
9 503 1743 4789 11590 15791 23630 25669 30848 
14 744 3220 6163 9544 11786 16078 20155 21180 25692 28981 32120 
22 1142 2979 7660 10907 13234 17540 21612 22482 27318 30848 
104 20810 23479 26598 27767 33803 36516 39283 40506 43285 46425 48397 50042 50842 
119 24957 29268 32469 34459 35611 39300 44429 49431 50448 50943 50981 
94 19169 22199 24614 27259 28054 31137 33181 35695 36706 42552 45744 47758 50053 50798 
21 1116 4723 7321 9184 10080 13050 15013 17465 22378 25764 29301 30449 34952 
41 5851 9414 12415 17010 20218 22673 29341 31904 34851 36836 37952 40692 
1 270 465 2398 5151 8302 12152 18281 22309 
44 6724 9801 12118 13657 14512 18899 21901 25915 31805 34207 39790 42900 
113 23820 29293 36931 41976 45186 46910 48760 50018 50889 
5 364 644 2081 2938 5485 8517 11230 20706 23405 27420 28666 
6 380 1569 4309 8760 13048 19894 24188 28978 
37 4200 8888 11552 13306 14193 17284 20061 26961 30117 33364 35291 36340 38855 
1 270 455 1418 3501 6750 9479 10835 13466 19576 20987 
125 27508 30639 33038 34632 35595 42406 45066 46740 47474 49553 50320 50834 50928 51005 
6 382 2096 5825 9889 15434 21176 
20 1105 4575 7156 10307 13638 15985 20351 24414 25444 28374 31876 34547 36021 
156 35106 38103 42551 50508 50974 51017 51019 51020 
140 30874 33766 39495 44722 45932 48543 50094 50908 50961 51003 
135 29186 33879 36660 38553 39477 42610 47397 50135 50823 50988 51008 51013 51018 
15 772 4254 8046 11035 12669 13863 16657 23141 25566 28263 30397 32059 34546 
3 325 1211 6490 9926 14095 18154 
7 404 649 3557 6756 9117 14311 20911 23511 27064 30201 
6 381 1583 4323 7174 8544 11305 17584 
5 364 645 2623 3700 6522 12812 15652 18709 20599 25179 28978 
118 24947 29585 36257 42472 45474 47639 50239 50889 
92 19026 22071 24493 27435 28233 31106 36782 38749 41217 43574 46641 49240 49859 50770 
110 23376 26496 30614 33993 40033 41765 42677 46677 49099 50202 50961 51003 
3 325 1205 4340 6852 9740 14930 15686 18549 21704 24909 26854 27844 30280 
154 34387 39387 40563 43877 47650 49268 50358 50863 51008 51013 51018 
1 270 470 3286 6106 8100 10547 11507 14739 18279 
109 23260 26385 28776 30396 31282 35764 41745 44110 47949 49107 49605 50901 50996 
94 19169 22203 25744 29969 36063 38480 42852 44540 45291 49522 50827 
110 23376 26498 30970 34134 36022 38534 39609 41673 47797 49693 50694 50981 
37 4198 8346 11598 13481 14578 18537 25520 27366 30465 32539 33584 36431 
24 2131 5695 8254 12043 17900 20824 24100 26068 28557 31253 35032 
3 324 1192 6717 9165 10236 13125 16390 18756 22453 25664 
114 24023 27803 31127 39350 42710 46123 47049 49976 50705 50996 
137 29239 32211 34984 36222 42358 46391 48495 50153 50852 50994 51018 
132 29122 31801 35871 37099 40087 46306 49001 50303 50870 50983 51008 51013 51018 
4 355 1494 4291 10894 13287 14324 16302 19334 20988 22177 26644 
98 19803 24867 28119 30998 35886 36717 39628 42901 46034 48075 48623 50430 
2 303 1618 4139 7927 10810 13890 16159 18441 19457 21873 
12 615 1891 4919 9232 12299 14615 18944 23428 24208 29691 33745 
70 12439 17081 19781 22632 26792 29841 31764 34254 35360 37353 40429 42097 44020 46893 
113 23818 29253 33092 36192 37898 39102 44824 49159 50328 50880 50981 
19 1090 3733 6539 9658 11959 16185 18355 21362 24247 27869 31178 34508 
1 270 452 907 2547 4020 6265 10054 13079 19649 26597 
133 29138 32919 36435 43513 46006 48893 50131 50937 51005 
1 270 456 1550 4968 8113 10493 14772 19223 20012 25540 29634 
28 2774 5562 7875 10738 11524 14347 19902 21807 24275 26665 29937 33463 34685 39253 
161 36458 40850 43765 45567 46426 48672 50381 50864 51013 51018 
89 17645 22415 23601 26949 33927 35817 38996 41024 42146 44826 49192 50592 
0 246 544 2492 6474 10565 11396 14395 16419 18832 19818 23095 26644 
25 2160 6959 8183 11412 14219 18850 19656 22768 24791 27241 28217 31532 35032 
149 33296 37282 43659 47420 48318 50134 50928 51005 
7 417 3067 6539 9659 12742 15398 
103 20760 23585 28496 35462 37979 41098 44590 46966 48117 49706 50842 
110 23376 26490 29635 32520 34509 37035 41733 44159 45108 47969 49531 50500 50814 50961 51003 
107 22431 25409 30926 36241 37518 40800 43747 47592 48378 49779 50708 50981 
120 24984 27786 32737 39663 42221 45204 48168 49992 50773 50996 
146 32254 39254 41936 44735 48817 50334 50901 50996 
6 378 1170 3424 6375 7366 12613 15158 18004 20654 21501 26741 29889 
151 33335 36802 40423 43023 44462 49197 50790 50969 51008 51013 51018 
71 12466 15823 19356 22129 26369 30324 31225 34154 37783 38857 43721 46940 
1 270 452 904 1751 2378 6314 10335 12782 19924 23811 26133 27565 
17 894 3516 5833 6931 10261 18219 21486 25061 26245 29557 
87 16595 20840 24084 26056 30787 34187 37802 38864 42282 45969 48462 49771 50319 
6 378 1171 4772 6564 9715 13587 14463 17376 20873 21888 26834 30323 
1 270 458 1863 4953 8398 9622 12878 20208 24225 26706 29424 
110 23376 26493 30095 31825 32595 38276 44792 47437 49745 50695 50981 
184 41897 45525 48468 50454 50906 51008 51013 51018 
106 22408 26645 28851 29903 37734 41078 43036 45393 46494 48005 49879 50629 50781 50964 
153 33399 36134 40160 41468 44851 48503 50061 50523 50976 51008 51013 51018 
1 270 457 1597 2808 3540 8872 15487 18625 22805 25285 29634 
183 41883 44938 48044 48924 50299 50963 51007 51020 
81 15459 19672 22519 24824 27351 31679 32441 35400 40008 43599 47412 49975 
7 404 654 4983 10419 12796 15428 18186 20397 
9 505 2139 2995 6088 10464 14032 23172 28413 32950 
110 23377 27108 30900 34876 38608 42793 43704 46538 48745 50409 50918 51002 
150 33313 39644 43841 45774 48233 49283 49872 50967 51013 51018 
182 41868 44516 47342 48291 49943 50741 50997 51015 51020 
143 31771 34800 37154 38892 39769 44228 47732 49399 50975 51013 51018 
128 27975 32216 35434 38873 41297 45627 48770 49423 50794 50985 51018 
95 19548 23879 26768 28584 31516 35713 36588 39681 42454 44281 47103 48680 49341 50430 
18 1074 2803 5726 6905 9757 13796 17787 18632 22966 26977 29503 34055 
88 16622 19426 24362 28758 32681 33747 37821 40451 43261 45219 46241 48438 
115 24345 28427 32377 38109 40753 45013 47525 48959 49474 50612 50961 51003 
126 27566 30487 32802 34586 36750 40217 44259 45882 46653 49678 50678 50933 51013 51018 
152 33385 36057 38814 40262 45959 49457 50453 50994 51018 
120 24987 28823 35516 39874 43910 46279 49405 50700 50981 
31 3192 7266 10140 11641 13354 15073 15836 20079 26175 28501 32880 35240 36313 38813 
93 19102 22844 27311 33194 35644 40982 43894 46826 49471 50426 
129 28008 33418 38623 41846 43788 44765 46954 50703 51005 
136 29212 32014 36956 40351 42744 49169 50277 50494 50965 
30 3165 7156 10308 14378 16906 23861 27015 31157 33685 38342 
15 771 3302 5941 7450 9240 10926 11712 15982 23409 25799 31303 34381 
129 28007 32278 35195 37590 43212 46067 48660 49743 50560 50888 51005 
38 4230 8737 14905 18074 20398 21916 22864 29500 32488 37130 
0 246 549 4693 7780 10217 14786 17178 19863 21615 23683 26174 
52 8252 11086 17404 21663 24293 25357 34404 37713 39538 40591 43022 
79 15401 19592 22763 29022 31360 35804 40371 41149 46510 49420 
6 383 2316 6192 10271 13375 16547 23286 24059 27946 
4 350 666 2864 5477 11868 12846 17229 20477 23742 
