210 45674 48707 50725 53038 54572 59735 60791 61618 61702 61712 61714 61715 61716 
236 51090 52261 54398 58158 60191 60960 61297 61670 61694 61704 61715 61716 
154 32628 38571 42259 45432 47062 49487 52291 57130 58941 61064 61602 
213 45818 47211 49888 52960 55222 56871 59114 60297 60994 61697 
235 50554 51842 54557 57325 59583 60506 60822 61625 61704 61715 61716 
214 46407 47693 49859 54143 57149 58711 59560 60899 61610 61701 61716 
204 43992 47945 52392 55369 57470 58967 60358 60740 61324 61699 
189 40198 43545 44706 47627 49435 53947 55350 57467 61306 61699 
228 49132 52217 54230 57825 59963 60908 61526 61635 61686 61714 61715 61716 
201 42991 46977 48072 53626 60207 60626 61420 61693 61709 61713 61716 
187 39666 42185 44392 50391 53762 56833 57818 59931 61565 61667 
169 35517 38877 39905 42803 44719 49366 50800 53139 59545 60873 61434 61630 61685 
147 30848 34147 35273 38100 39918 44570 46073 48530 55950 58415 59913 60857 61398 61611 61678 
161 33686 38941 41052 44437 47042 48537 54238 56904 60127 60570 61161 61682 61699 
158 33260 35416 38041 39803 45034 49739 55548 56458 58631 59955 61407 61657 61697 
218 46839 50067 52090 56188 58442 59784 60747 61248 61474 61647 61712 61714 61715 61716 
229 49180 51691 53872 58477 60465 61113 61413 61615 61691 61713 61716 
133 27725 33931 37511 40662 42231 44756 50318 51872 54208 58208 59688 60535 61171 61409 61667 
212 45731 47907 49676 52969 54939 58659 60167 61348 61643 61709 61713 61716 
225 48758 52633 56761 59157 60449 61084 61487 61588 61688 61714 61715 61716 
234 50418 52479 53657 56577 58243 60601 61449 61634 61694 61704 61715 61716 
174 36955 38111 40335 44805 48113 50290 54868 57580 58952 61074 61595 61682 61699 
237 51397 55852 59501 61272 61653 61704 61715 61716 
232 50340 53669 55573 56612 58397 60768 61514 61649 61681 61704 61715 61716 
183 38409 43734 45929 49158 51605 53128 56084 58818 61441 61657 61697 
191 40889 45557 48085 51778 54704 56173 58152 59943 61508 61660 61699 
199 42543 44831 49769 53007 53993 56601 58097 60680 61109 61687 61701 61716 
41 6415 10104 14648 17839 20245 23292 24432 34410 37726 40767 44089 46691 
148 31550 34861 36902 38545 45310 48246 49816 53277 55179 57333 58406 60643 61340 61556 
185 39298 40432 42673 47363 50625 52884 55896 59470 60058 61228 61577 61633 61696 61707 
227 48890 50004 52122 56354 58914 60261 61269 61676 61692 61702 61712 61714 61715 61716 
209 44953 49382 50272 55621 59275 60320 60995 61339 61696 61707 
171 36234 41722 44003 48505 51830 55602 57604 61204 61683 61705 
203 43051 45888 47004 50056 52342 53417 57380 58138 59592 61503 61614 61695 61710 61715 61716 
219 46904 50697 52564 53560 55387 59149 60482 61445 61594 61710 61715 61716 
1 330 391 2652 3765 4818 7664 9912 10957 14938 16024 18148 23055 
156 32708 36877 38964 39982 42121 44745 51516 54450 56556 58001 61458 61568 61683 61705 
221 47467 52682 54088 56426 59948 60663 61356 61669 61701 61716 
240 51544 55271 56409 60151 60764 61511 61661 61708 61716 
148 31554 35242 36124 41649 47390 50178 52245 58805 60650 61279 61484 61672 
128 26798 29917 31867 36545 43395 45945 50589 53963 54823 59317 61206 61546 
211 45719 51255 53378 57445 59717 61202 61696 61706 61711 61716 
179 37897 40049 42744 44550 53879 54771 57509 59611 60166 61617 61696 61707 
223 47841 53109 55463 57701 59956 60670 61361 61628 61691 61713 61716 
239 51478 54724 56514 59236 60702 61230 61624 61704 61715 61716 
142 29954 36301 41785 44015 51158 55643 57262 58085 59935 60731 61630 61685 
148 31547 34477 36556 38917 40417 44113 47615 52712 54993 56496 58330 60280 60729 61568 61683 61705 
12 890 1911 2723 5302 7280 12059 15501 17600 18892 21120 27250 29571 
109 22023 26718 29203 33002 36010 37627 40003 45579 47241 49614 54163 56152 57762 59182 59821 61142 
206 44302 47586 49640 53706 56644 58534 60231 61035 61673 61702 61712 61714 61715 61716 
170 36195 39874 40795 46505 51226 55502 56431 58618 59940 61407 61657 61697 
2 354 433 2450 3978 5148 8598 9550 12303 14355 18840 22276 24684 
5 493 2342 3750 6917 9318 10744 13842 17284 23901 26102 30252 33517 36755 
6 549 1978 5448 8460 10799 13692 14834 24958 28336 31432 34718 37217 
4 450 696 2867 3958 6183 13627 16790 19061 20866 26200 30896 34262 
4 450 697 2883 4410 6532 7567 9657 17255 20743 23095 
7 558 1685 3123 7499 10841 12840 14092 16379 22405 25816 26747 32427 37038 38836 
186 39554 42769 44934 49108 52302 55235 56372 58173 61095 61540 61654 61705 
2 356 679 4948 8681 10910 15372 18711 21903 25234 27775 
149 31592 36984 39251 43815 47262 51186 53374 60405 61384 61697 
196 41995 47017 49204 53706 56646 59051 59860 61571 
128 26805 30664 32818 35287 42084 45207 47561 49356 54330 58306 60717 61206 61546 
170 36189 39225 41152 47274 48842 57629 58428 59871 61407 61657 61697 
170 36191 39479 41482 43252 50028 52867 54356 57565 58982 60343 60871 61595 61682 61699 
5 493 2348 4899 6231 9234 12572 19086 21208 26387 29877 32002 
170 36188 39210 41194 43664 45244 52776 55139 58840 60430 61076 61547 61660 61699 
193 41118 42394 45225 48371 51568 52605 55419 58062 58665 61617 61696 61707 
89 17215 20699 24459 28192 31308 32953 39768 42309 43796 47079 50444 53727 56712 
155 32679 36030 38095 45756 49271 52130 53360 56892 60011 61143 61563 61685 
30 3874 5584 7290 10542 11558 14363 16260 20876 22442 24901 32743 35861 39138 41170 43351 44436 
11 837 2773 5409 9093 14269 15571 19513 24100 27312 29791 31888 34005 35082 
207 44456 46692 47795 50202 52186 55527 58027 59343 61480 61698 61709 61713 61716 
4 452 1035 2129 2818 4635 8939 12461 14813 19982 21047 23266 25885 30082 33615 
2 356 671 1708 5080 8245 10425 13499 18228 19337 21843 23869 27446 30470 32404 
5 493 2345 4152 6503 9836 14875 17292 18981 21345 25431 27471 29176 33026 35784 37833 
200 42594 48052 49511 52009 54807 57029 58821 59900 60848 61665 61694 61702 61712 61714 61715 61716 
4 450 694 2210 3227 5976 7053 9786 14503 15708 18815 21818 
194 41617 42823 48749 53184 56258 59307 60480 61617 61696 61707 
1 330 392 2957 5326 7077 11509 12959 15364 20460 24099 
5 497 4167 6346 8283 10628 11640 13666 16286 23175 26325 30941 34224 
150 31627 32902 35084 40457 43940 46093 47416 49557 55311 57838 59251 59980 60853 61617 61696 61707 
205 44118 45251 47492 51917 55112 57175 59436 61375 61668 61702 61712 61714 61715 61716 
5 494 2971 9056 12013 14307 16126 21215 26158 29571 
0 318 570 1764 4655 9273 11405 16837 20289 22501 
198 42045 45367 47461 51066 53893 55690 58267 60557 61630 61685 
2 361 1281 1850 4208 5105 7788 9773 14067 17417 19819 
162 33746 36575 38436 39496 41381 46276 48796 56668 57956 59672 60404 61473 61699 
233 50379 54795 56987 59659 61421 61626 61704 61715 61716 
2 360 1191 1804 3903 6116 7107 9124 11596 15744 19249 
10 811 1424 2787 8027 11413 14206 15552 19448 28180 31653 34980 38235 
5 493 2351 7253 11718 13817 15812 17388 18505 21686 24047 25164 28373 31307 
118 23785 29181 30721 33331 36170 37704 40135 44889 47123 51652 54606 58002 58644 60414 61227 
2 364 1647 2523 5680 9966 13061 15456 17541 19718 20807 
138 28510 33903 35373 37864 42894 44527 47163 49426 53506 57611 59368 60799 61546 
128 26804 30555 31443 37010 42619 45479 47641 54950 57899 59471 60510 60879 61514 61652 
197 42018 45503 47663 54538 57540 59020 59838 60772 61434 61630 61685 
4 450 700 3323 5013 7126 8978 10058 12219 14187 21627 24627 26228 29501 
2 354 436 2793 4596 5539 8112 9177 12207 14452 15615 18750 21760 
0 321 1240 3130 5659 10111 11153 12993 17787 20358 23973 25566 28118 29711 
135 27929 31732 32889 35908 39789 40737 43865 48682 50511 55124 57882 59642 60394 61597 61678 
180 37943 43256 44846 47488 52327 53824 56132 57459 59639 61010 61697 
9 769 2475 3926 6094 7592 11318 13777 15323 20719 26665 28756 35760 39182 41265 
137 28466 30704 33408 35171 40170 45006 51037 52016 54750 56596 59811 61061 61539 
144 30239 33433 35506 39606 42855 45339 48173 53335 55160 58920 60643 61340 61556 
2 354 437 3122 6750 9848 12178 14895 17012 18999 22716 25772 27721 
138 28510 33903 35373 37861 40778 42372 44862 49569 51672 56055 58507 59989 60484 61393 61642 
0 320 1094 5346 7703 10366 12326 14263 17916 20893 22909 
4 454 1385 2025 6567 11104 15858 17888 19592 23482 26341 28398 30632 32559 
166 34993 37218 38362 40708 42738 46354 49311 51119 53386 54468 56494 61007 61603 61678 
171 36232 39633 43278 47092 50158 51736 54083 58667 60169 61014 61556 
3 409 2582 10918 14752 19311 22599 25069 27135 29273 30409 
3 408 2032 3062 5139 9818 11298 13755 15313 18439 22088 25557 29962 32519 
6 549 1979 6557 9873 13568 18518 20735 25530 28816 32040 
4 450 693 1643 7636 10407 11976 15940 17941 19186 21479 26007 29380 31545 
21 1892 6161 8087 12582 15527 17498 22294 28535 31454 33963 37739 39393 
19 1802 3380 5132 8574 11439 13234 15590 16718 18976 26880 30436 33347 35342 38003 39957 42720 
27 3631 6712 8653 9793 11961 16349 19626 21922 23152 30092 32132 38236 39324 42448 45431 
141 29020 31733 33856 34878 36849 41472 48094 50457 55018 57732 59201 60150 61368 61630 61685 
2 354 434 2515 6241 9398 12354 15684 18187 21253 25529 
153 32561 35946 38703 42146 43243 48952 53529 57710 59147 61316 61497 61683 61705 
202 43031 48442 50972 53499 56635 60180 61023 61656 61702 61712 61714 61715 61716 
164 34623 35736 37970 42516 45916 48263 51416 55811 56782 58871 59627 60896 61458 61568 61683 61705 
217 46812 50094 52824 54641 56488 60884 61533 61627 61702 61712 61714 61715 61716 
5 493 2342 3749 6897 9296 10704 16100 18121 23096 27856 
140 28959 34331 36334 40968 43838 46014 48417 49904 56235 58194 60778 61331 61559 61672 
4 464 2696 4185 8536 11023 14413 16081 18563 20109 
159 33305 38549 40007 42615 47646 49250 51716 53145 57973 59395 60025 60944 61606 61672 
19 1808 4792 5733 11189 19520 20594 22633 27409 30054 33492 35111 37607 39092 
4 451 850 1985 2705 7333 10464 12507 17969 20318 25965 29335 31506 
23 2544 3276 6872 9686 10918 14755 23229 26462 28714 30546 36603 38478 41407 43663 
19 1802 3381 5728 9340 12080 14027 16318 18659 21508 24728 30515 31405 36776 38837 40903 43136 
119 24126 26983 28081 31205 35157 36082 39106 43966 45995 50681 53739 56093 57417 60614 61433 
4 450 693 1641 4263 6979 8778 11027 12127 14201 22063 25662 27897 
2 354 432 2103 3587 4675 7676 9579 16871 19764 21386 24773 
22 2525 8052 13318 15563 20499 25314 30120 32241 33897 37645 40480 42515 
1 331 512 562 4360 6425 10672 13910 17095 20335 22975 
1 330 379 632 2268 6937 7838 10755 12624 13719 16860 19250 20388 23631 26614 
5 493 2347 4879 6190 11378 13519 14688 20470 22541 28018 29064 32086 34224 
1 336 951 1596 5740 7194 10278 13975 15683 
28 3668 6788 10243 13855 16993 18584 21068 24036 29361 31841 36510 41589 42648 46168 
4 450 695 2856 7377 11887 17859 18866 21819 23927 28440 31786 34146 
3 408 2032 3062 5138 7928 9411 11763 16436 18609 23319 26507 28877 29985 33143 36009 
4 463 2635 4238 6963 8362 10694 14516 17767 20110 22309 24490 25626 
2 354 431 1718 4015 5188 10222 11701 14192 19130 20808 23438 24907 28181 32624 
4 454 1386 2409 4210 5835 6798 8817 13441 17169 19460 24383 25449 27428 33119 34717 
5 493 2343 3806 5261 7448 10188 14760 15877 17815 22618 25259 28799 30352 32926 34409 
1 330 379 632 2266 4713 5623 8495 12781 15245 16295 18400 20984 25289 28876 
40 5543 9150 10210 15754 20561 25344 27330 32142 34617 38138 39643 42210 43795 
18 1596 5740 7193 10254 12681 14244 16664 19823 23116 28094 30327 36245 39692 41972 
4 465 2736 4287 5371 7493 11660 15021 17131 18339 22687 23714 27249 
4 450 698 3078 4768 6613 11224 13175 14374 16711 21091 24556 26795 
5 493 2344 3829 8187 10868 12805 15222 16826 23555 26075 30766 32964 34436 37123 
2 354 427 627 4381 8750 13146 14158 17040 19122 23604 27039 29444 
120 24171 29610 32198 34743 38185 43442 45970 50642 53640 55477 56961 59702 60857 61406 
5 496 3434 4750 7103 12397 13923 16408 21133 23350 24984 27500 28545 32675 
4 450 701 3708 6321 8167 12671 19606 22101 26946 30312 
2 358 915 1552 3050 8320 10503 12518 13732 15991 21485 25026 27210 
1 330 379 632 2265 3948 6523 11484 12366 15415 18477 19584 25402 30170 32404 
6 550 2533 4452 8140 9368 12033 15138 18427 20350 25731 26689 29836 32213 33235 36717 
2 354 429 1446 3567 5760 9247 12283 13799 16344 21962 24534 27068 31694 34942 
13 1060 1741 3793 5937 8921 13944 16810 19891 23255 25247 27161 29973 30819 35562 38836 
13 1060 1740 3220 7152 10294 12422 13588 16929 18962 26518 29445 30985 33833 37871 41891 
4 452 1036 2363 3005 4726 7067 11052 14465 18317 23850 
125 25627 27776 28914 31331 35226 36660 39045 46878 49962 52193 53937 58247 60811 61546 
12 889 1458 3293 6046 9111 10940 11797 16557 22361 24830 25900 28031 30598 34748 38235 
242 52096 56965 58181 59868 60977 61379 61619 61700 61716 
117 23740 25989 28664 30462 37422 39284 44556 45527 48642 51625 52675 57746 60536 61227 
4 467 2928 4101 6668 8626 10217 13882 16741 18775 21019 23015 
4 452 1032 1615 3489 5341 12545 15999 19005 20325 24347 28890 32157 34521 37833 
1 330 380 987 1957 5688 6685 8551 13081 15739 19146 20830 23460 24957 
3 408 2032 3064 5793 9432 10998 20364 21536 23807 31603 35021 38336 
3 408 2032 3063 5770 8063 9662 11917 15149 18169 23413 25655 31130 34562 36717 
1 330 383 1527 3453 5144 7180 12922 16215 17106 22771 27637 29501 
39 5517 10608 12706 17344 20228 22335 24805 26426 33099 35479 40090 42285 44219 47362 
0 319 720 2052 4832 7731 9191 11636 17115 18690 21179 26031 28155 29837 32404 
14 1229 4557 7946 10885 12758 17434 23706 26730 28314 30738 35435 38836 
139 28919 32862 33923 39527 45573 54106 57104 58679 59531 61325 61559 61672 
12 889 1460 4315 5976 7053 9781 11572 16150 17579 20054 27965 31070 36616 38876 
22 2524 6507 8833 12732 14609 15909 22910 25156 29712 33056 36113 39269 41850 
4 450 693 1642 4919 7521 9484 11606 13401 14559 20623 22742 23946 26272 30682 33978 36169 
4 451 849 1411 3369 5396 6433 9458 12259 17217 22801 25149 30137 34791 37123 
2 354 427 626 3023 5808 7889 9031 15394 17518 19937 21523 25710 28236 29751 35131 37163 
2 355 644 2061 3386 7209 9216 14001 16959 19263 21657 23701 28256 31083 33207 
4 453 1108 2544 3273 6389 8384 9589 11688 17680 20939 21914 27608 32322 34224 
5 493 2349 4991 7618 9725 11503 20852 21873 25847 28762 30608 35784 37833 
177 37327 40584 42589 47182 49915 51969 54053 55725 56741 60582 61191 61443 61657 61697 
172 36270 37582 39761 45275 48722 50820 52044 54132 59084 60563 61180 61606 61672 
145 30416 33705 34967 38066 40162 44315 47671 50872 55915 58514 59836 61163 61606 61672 
130 26867 30314 33820 38337 41451 45061 47963 53061 54035 56011 58093 60527 61457 
163 34589 38429 42960 46258 48610 54035 56013 58581 59604 60739 61447 61595 61682 61699 
19 1802 3382 5920 7414 11527 12413 18040 22826 24787 29629 31327 33401 36930 39813 41784 
1 330 379 634 3538 6277 11134 13095 14839 18629 21560 23658 25923 28663 
4 450 694 2213 4052 6055 8009 12878 14138 19563 21074 24468 26917 28604 32041 34262 
2 357 731 1348 3511 5257 12150 15048 16619 20201 22162 28349 30052 
23 2544 3271 5209 9525 12653 15082 22204 23525 26410 29572 31935 34730 35608 40245 43623 
15 1320 3407 5879 7811 9680 13122 16168 18089 25263 26437 28593 33208 36482 38796 
128 26801 30211 32175 36837 43288 45794 47502 50759 53588 55454 58997 60101 61149 61546 
178 37392 40557 43309 45451 47519 54616 57208 58368 60438 61049 61682 61699 
27 3633 7023 7881 13203 17998 20529 22658 24425 31175 34092 35635 38511 41684 44376 
68 12505 15980 19597 23388 26615 28145 35091 37562 39034 42247 45781 49145 52391 
190 40847 44184 46291 50747 53489 56000 57623 60677 60955 61559 61672 
181 38250 41012 43174 44274 46307 51893 53440 58781 59634 61514 61652 
195 41973 46746 53847 56212 58400 60294 61093 61497 61683 61705 
50 8141 9927 11824 15105 16247 19111 20993 25755 27292 29736 37367 40388 43897 46036 48202 49249 
48 7987 11287 14865 18451 21766 27052 30333 32842 34351 37459 40955 44377 47757 
122 25138 29093 33616 36758 40359 46330 48460 49493 51581 54027 57706 60502 61247 
5 495 3305 5278 6957 16136 17063 20155 22128 24278 26548 28529 32269 35181 37123 
152 32294 33539 35730 40070 45153 49528 52796 54842 58892 60073 60607 61536 61674 61705 
8 584 2304 3681 4856 6863 11262 14427 16900 19690 25373 27398 32805 33796 38651 39759 
30 3873 4960 7605 10573 12829 15696 16587 21294 25061 31945 34361 39394 42959 
2 354 428 877 2172 4531 7753 10006 15785 17803 22385 24317 27353 29501 
143 30058 31152 33338 37835 42360 46443 52301 54582 56994 58598 59911 61163 61606 61672 
128 26797 29902 31913 34263 35844 39292 42845 48140 50531 52169 54407 57291 59506 60939 61565 61667 
184 39259 43167 48915 53476 55772 58743 60119 61518 61602 
151 31760 33069 35832 38908 41217 44105 49297 50229 53211 56032 56957 60528 61584 61672 
43 6773 9749 11789 15917 19162 21697 24585 26636 28620 35878 38742 41311 44678 46459 48338 
116 23200 26480 29212 31243 33326 40527 43492 46170 48925 50898 56713 57653 59767 60931 
18 1597 6464 12527 17637 18939 24436 25949 29316 31815 36443 39605 
176 37261 40683 42797 49865 53253 56519 57606 60113 61473 61699 
160 33640 36054 37995 41539 44586 46535 48866 49980 52116 58477 60465 61114 61572 61632 61696 61707 
208 44779 46770 47861 50485 52732 53791 56818 60382 61160 61695 61709 61713 61716 
211 45717 50259 52703 56123 60932 61337 61695 61709 61713 61716 
79 14589 19961 22179 23851 26278 29111 34285 35320 37434 39943 44144 48769 51282 55085 56870 
1 330 381 1150 2490 3854 8236 15006 18724 20459 
183 38421 48585 51766 54984 59358 60481 61617 61696 61707 
18 1596 5740 7192 9584 14399 16062 18542 20060 23376 26908 32519 
9 771 2608 4139 8306 10151 13018 15184 17230 19406 20688 27585 29945 35391 38622 40843 
59 10037 15294 17471 22232 25053 27113 29581 31058 38601 41092 45850 49107 
121 24236 28055 29168 34758 39435 41515 43688 44760 46945 52682 54090 57089 59750 60501 
8 582 2227 3669 7868 10247 18375 21608 23875 25748 33565 34647 37764 40661 
44 6837 8874 11211 14331 16483 20660 23989 26480 29227 34833 36822 42108 43137 46215 48416 
26 3132 6006 7990 13339 15581 20029 23519 32405 34599 39012 43462 45671 
4 450 699 3179 6306 8258 10583 12052 19657 23578 25233 
4 455 1487 2979 4490 5486 11063 12981 17566 19482 22553 24685 26841 29018 
157 32766 35918 37965 42330 45168 48982 51010 52670 58487 60250 60829 61501 61683 61705 
136 27989 31215 34049 35918 37964 41564 44631 46588 52461 57359 58930 61052 61602 
8 583 2280 5056 8422 9633 14844 16391 18968 24015 25689 28216 29742 32991 37326 
101 19385 24876 27054 30658 33472 38580 41068 42721 45109 48339 49415 53412 56289 58580 
134 27901 31355 33487 40930 44483 47524 49459 51319 52415 54724 56513 59221 60688 61227 
131 27011 28285 31038 34178 36607 40613 42908 44021 47298 50134 54910 56065 57879 60854 61565 61667 
37 5188 10222 11703 14983 17447 19043 21451 27528 28567 31378 33507 37834 41039 43544 
108 21979 25112 27094 31801 35370 42880 44508 47142 48576 51754 54969 57871 60010 
25 2983 5217 6416 10929 13364 17325 22505 25478 28689 30811 34943 38156 41304 
9 768 1951 3579 8703 13276 15527 17503 25948 29254 31666 33384 35683 38836 
79 14589 19964 23332 25894 28742 33940 36311 37978 40296 44257 46379 48080 51801 54491 56353 
38 5473 8115 10322 11338 13479 18267 21977 24362 29144 34492 36421 42423 44088 
87 16493 19858 20971 23935 25860 30531 33421 39858 41348 43806 47771 50954 53292 55200 57048 57955 
127 26112 29502 30585 33458 35296 40481 43222 48011 49044 50991 56268 57673 60985 61602 
173 36389 37677 42176 48780 49648 54285 57225 58775 60609 61454 61679 61705 
27 3628 6641 8524 13652 14721 17722 19899 22037 24190 25483 32457 34610 40025 43415 45632 
160 33645 37471 38537 44154 49006 52651 57048 57927 60045 61551 61660 61699 
132 27556 28773 31031 35392 39692 41944 46611 51361 55763 59451 61310 61642 
160 33641 36360 37504 45299 47758 48797 51942 54677 58115 59722 61149 61546 
175 37164 41895 46632 51437 52519 55059 56920 57796 59175 61385 61571 
170 36190 39404 41370 46969 52250 54006 58012 59005 60393 61473 61699 
160 33646 37539 40405 43575 46060 47981 50909 52927 55982 59877 61039 61459 61593 61697 
