0 123 259 411 576 922 1631 2021 2333 2543 2888 3114 
3 157 366 749 1115 1393 1597 1954 2165 2764 2991 3365 3545 
5 217 326 600 818 1507 1880 2567 2798 
0 127 478 710 851 1215 1620 2020 
70 3922 4297 4704 5061 5464 5725 5980 5995 
1 133 279 530 725 1038 1286 2429 2812 3166 3416 
79 4498 4884 5303 5631 5827 5912 5995 
59 3282 3650 4086 4427 4813 4985 5546 5726 5980 5995 
0 120 169 501 797 1495 1911 2154 2903 3154 
1 131 198 467 782 1130 1292 1927 2191 2903 3154 
0 122 245 431 1023 1247 1982 2376 2699 2989 
55 3077 3269 3597 4367 4759 5163 5473 5739 5844 5946 
68 3743 4116 4856 5224 5488 5671 5852 5936 5995 
11 503 890 1147 1301 1658 2096 2474 3282 3649 4075 4426 
63 3550 3755 4066 4830 5218 5574 5799 5928 5965 5995 
13 576 919 1329 1665 2052 2212 2850 3095 3836 4210 4524 
3 159 517 926 1242 1970 2388 2624 3339 3809 4029 
0 119 153 645 1065 1266 1440 1805 2236 2603 
65 3636 3985 4743 5137 5583 5727 5836 5982 
4 204 387 1079 1313 1737 2124 2555 2955 
9 395 563 864 1363 1681 2417 2834 3073 3825 4251 4462 
6 235 678 970 1174 1465 1688 2916 3295 3620 3907 
0 119 154 655 1000 1341 1581 1841 2071 2445 2644 
46 2529 2933 3324 3669 3996 4191 4868 5092 5285 5614 5858 5959 
5 217 327 627 801 987 1357 1764 2138 2956 3115 3473 3718 
84 4782 5093 5356 5532 5874 5931 5967 5996 6004 6005 
4 205 453 906 1238 1969 2221 2659 3042 3461 3874 
15 738 1108 1482 1825 2174 2362 2676 3435 3853 4240 4601 
54 3004 3381 3797 4137 4574 4910 5596 5766 5956 5995 
5 218 392 1092 1453 1775 2042 2608 2799 3154 
57 3183 3510 4270 4716 4934 5122 5458 5774 5927 
80 4554 4906 5596 5767 5957 5995 
45 2483 2645 3026 3235 3514 3723 4389 4603 4918 5110 5433 5643 5751 5959 
64 3566 3962 4378 4771 5449 5724 5980 5995 
72 4048 4408 5294 5619 5808 5900 5979 5992 
44 2350 2729 3155 3495 3875 4038 4672 4915 5603 5848 5946 
24 1250 1427 1749 2264 2604 3338 3782 4030 4730 5010 
0 121 183 311 441 775 1188 1552 2300 2517 2888 3114 
6 233 494 878 1226 1812 2150 2904 3308 3578 3946 4185 
58 3251 3447 3767 3992 4730 5001 5678 5880 5971 5997 
74 4151 4354 4689 4956 5350 5868 5944 5993 6002 6004 6005 
2 142 273 616 945 1689 1889 2248 2514 
0 124 351 548 821 1015 1642 1859 2084 2461 2877 3233 
73 4121 4443 5186 5522 5784 5894 5960 5992 
68 3743 4114 4525 4890 5248 5750 5980 5995 
50 2735 3069 3824 4229 4843 5202 5372 5537 5796 5947 5990 
40 2195 2582 3015 3388 3685 3913 4537 4798 4969 5327 5688 5886 
83 4636 5039 5424 5713 5892 5991 5999 6003 6004 6005 
4 209 760 954 1162 1540 1943 2299 
90 5075 5273 5561 5760 5922 5961 5986 6001 6004 6005 
36 1900 2278 2687 3049 3425 4013 4199 4567 5011 5334 5658 5826 
82 4621 4952 5604 5893 5937 5989 6004 6005 
78 4467 4661 5026 5389 5698 5816 5902 5981 6004 6005 
58 3253 3547 4280 4652 5312 5505 5678 5881 5975 5998 
52 2823 3197 3608 3968 4320 4489 5146 5354 5871 5966 5995 
66 3656 3989 4744 5257 5400 5709 5913 5982 
7 297 592 1200 1410 1609 1999 2404 2763 
8 340 671 1053 1378 1792 2149 3349 3732 4097 4352 
29 1562 1723 2108 2320 2716 3066 3840 4463 5174 5423 
2 144 372 693 843 1524 1706 1901 2460 2866 3218 
56 3129 3488 3934 4310 5046 5410 5793 5954 5985 
