58 1029 1145 1326 1374 1386 1394 
0 86 125 219 312 364 481 679 801 
3 103 172 224 335 429 527 674 778 
6 119 230 324 417 469 586 784 906 
2 97 160 254 347 399 515 709 813 
53 954 1047 1099 1216 1369 1390 
36 644 755 849 947 1094 1187 1239 1336 1377 1391 
8 154 265 359 452 504 621 819 941 
49 884 982 1129 1222 1273 1357 1384 1393 
5 114 207 259 370 464 563 714 836 
48 854 970 1164 1256 1304 1372 1389 1395 
9 184 277 329 441 569 667 814 907 959 1081 
32 574 685 779 877 1024 1117 1169 1279 1348 1383 
33 604 697 749 865 1059 1152 1204 1310 1365 1388 
50 889 1005 1199 1288 1331 1382 
1 92 137 189 305 499 603 
52 924 1040 1234 1317 1353 1387 
24 434 545 639 739 919 1012 1064 1175 1268 1347 
4 108 195 289 387 534 638 
7 149 242 294 411 609 731 
56 994 1110 1299 1360 1380 1392 
21 394 487 539 650 744 842 989 1082 1134 1255 
