134 10278 11437 12543 12907 13838 14437 14874 15071 15345 
146 11249 11865 12277 13110 13740 14103 14565 15105 15266 15336 15358 
126 9716 11775 12711 13169 14447 14899 15078 15341 
143 11018 11420 12393 12976 13809 14689 15205 15304 15358 
21 1173 1663 2145 3004 3683 4083 4755 5614 6689 8404 9156 9545 11179 
9 435 1604 2613 3021 4465 5202 5578 7666 
2 252 582 1265 1783 2150 2911 3704 3982 4900 5479 6795 8302 
125 9609 10940 11312 12060 12794 13138 13883 14367 14659 15063 15282 15321 
119 9136 10284 11372 11708 13077 13823 14195 15248 15353 
25 1495 1878 3173 3938 4369 5582 6698 7080 8926 9720 10502 11180 11605 
78 5844 6624 7236 7999 8692 9644 11004 11642 12281 12921 13246 13997 14537 14854 15163 15297 
104 7933 9105 10214 10564 11909 12658 13106 14748 15228 15299 15352 15358 
7 340 636 990 1842 2427 2830 3440 4375 5502 7222 7984 8433 10006 
142 10936 12949 13857 14257 14957 15153 15313 15349 15356 
0 216 306 1344 1575 2393 2943 3320 4163 4999 5249 6106 6682 
112 8560 9310 10007 10445 12073 13477 14422 14717 15188 15293 15347 15357 15358 
4 274 542 816 2772 3887 4300 5336 5797 6713 7341 8077 8762 
12 569 1051 1385 2129 2755 3205 3967 4635 5048 5807 7250 8018 8701 9291 9738 10732 
110 8356 8865 9353 10229 10848 12216 12832 13263 14548 15122 15244 15342 15357 15358 
14 676 1470 2100 2526 4011 5142 5545 7178 7575 8438 9070 9870 10544 
1 239 878 1510 1911 2880 3496 4072 4615 5527 6167 6575 
8 364 722 1036 1755 2973 3851 4454 5183 5600 6302 7358 7593 8450 9024 
1 240 916 1533 1926 3411 4494 4982 6011 
0 216 300 609 931 1561 2167 2508 3277 4874 5662 6374 6948 7411 8403 
3 268 1093 1980 2409 3454 3934 4888 5565 6875 7574 
6 314 696 1812 2593 3161 3914 4355 5109 6187 6450 7276 7825 
7 348 1484 2081 2533 3517 4112 4769 5230 6094 6725 7143 
0 216 301 753 2316 2862 3872 4571 5042 6523 
0 217 361 2211 3145 3773 4175 5015 5763 6166 
16 814 1892 2988 3340 4841 5628 6090 7939 9043 9685 9949 10779 11356 
88 6579 7513 8172 8593 10604 11524 11979 13001 13522 14618 14979 15269 15337 
1 233 442 856 2477 2725 3619 4209 4619 5409 6075 7216 
128 9844 10242 11220 11857 13313 13872 14461 14754 15101 15311 15351 15358 
3 267 835 1827 2200 3581 4424 4871 7088 8051 8465 9471 
0 218 395 889 1408 1766 2498 4042 4509 5234 5875 6236 6999 7621 8092 8763 9400 
152 11834 12751 13407 13804 14943 15259 15320 15358 
139 10685 11209 11684 12558 13183 13543 14150 14987 15198 15308 15357 15358 
129 9935 10587 11963 12500 12890 13617 14213 14998 15252 15339 
123 9472 10036 10498 11387 12003 13333 13970 14353 15176 15330 15348 15358 
96 7277 7826 8216 8967 9578 10363 11045 11622 12079 12650 14315 14520 15018 15218 15294 15353 
136 10396 10827 12382 12828 13728 14274 14583 14952 15309 15344 15358 
93 7029 7739 8418 9171 9859 10480 10908 12455 13032 13897 14479 14746 15300 
107 8200 8952 9566 10733 11489 11905 13778 14696 14921 15254 15333 15357 15358 
148 11469 12613 13713 14070 14779 15132 15287 15356 
135 10387 11719 12092 12860 13504 13912 14506 14927 15074 15292 15340 15353 
70 5235 5903 6253 7015 7859 9550 10329 10762 12339 13347 13764 14828 15162 
7 341 821 1437 2367 3547 4389 4837 6763 7869 8262 9544 
28 1704 2304 2706 3607 4321 5169 5816 6232 8275 9193 9794 10154 10890 11606 12043 
92 6891 7437 7781 8548 9401 10321 12044 12295 13123 13674 14029 14649 15056 15171 15315 15346 
1 233 443 1192 1707 2641 3290 3769 5931 6849 7295 8661 9352 
102 7719 8317 8731 9592 10267 11564 12249 12608 14081 14807 15090 15216 15339 
101 7668 8641 9207 9884 10305 11876 12421 12990 13403 14231 14729 14965 15184 15328 15356 
1 235 525 1009 1403 3382 4439 4915 5973 6404 7264 7913 8355 
11 511 782 2021 2675 3055 4338 5512 5866 7780 
0 216 305 1234 2350 3108 3576 5294 6436 7072 
18 902 1309 2304 2705 3595 4280 4707 5327 6829 7502 8135 8577 9142 10200 11311 
1 232 329 538 1253 1855 2241 2805 3837 4860 6623 
1 232 333 1325 1675 2291 3124 3903 4552 5066 6059 
13 625 1451 1995 2656 3080 4132 4738 5721 6416 7579 8259 
10 455 995 1635 2037 2710 3352 3749 4600 5277 5744 7389 9443 
99 7487 7900 9218 9911 11108 11747 12109 12876 13701 14404 14820 15144 15249 15345 
120 9191 9620 10657 11201 12692 13374 14012 14708 15045 15193 15305 15351 15358 
1 232 330 795 1146 1653 3093 4238 5122 5710 6385 6780 7424 8531 8804 
124 9497 10971 11938 13049 13570 14158 14502 15011 15239 15334 15354 
1 233 444 1219 1946 2347 4679 5695 6121 7143 
2 251 422 864 1248 3061 4253 4668 6060 6814 7217 8851 
125 9604 10171 10545 11269 11923 12673 13362 13951 14357 14768 15325 15339 
4 273 471 706 1359 2065 2447 3190 3805 4192 5033 6478 6931 
98 7393 8157 8805 9256 10917 11670 12529 13590 14128 14573 14896 15233 15322 15343 
117 8904 9506 9931 10767 11399 11803 12375 14198 14770 15010 15341 
114 8675 9088 10047 10632 11480 13203 13450 14242 14668 14915 15211 15312 15352 15358 
121 9233 9764 10137 10881 12323 12767 13436 14042 14341 14887 15180 15280 15338 15355 
130 10024 10984 11539 12230 12630 13300 14221 14792 15142 15349 15356 
131 10075 10646 11075 11951 12587 13005 14016 14640 15225 15345 
1 237 647 1125 2578 3562 4808 5378 6334 6994 
87 6525 7467 8066 8712 9123 10120 11688 12441 13092 14171 14805 15037 15301 
5 286 378 1135 1528 2380 3035 3466 4063 5643 6364 6995 7884 8483 8903 
13 626 1723 2270 2818 3286 4268 4961 5347 5965 7760 8980 9701 10464 10821 
1 234 500 972 1371 1933 3234 3646 5452 6203 6932 7310 8037 8626 
48 3441 4404 5158 5779 6216 6807 9025 9824 10411 11056 11455 12157 13203 13476 
122 9357 10098 11357 12170 12726 13384 13791 14393 15005 15310 
2 254 764 1079 1960 2629 3251 3740 5423 6012 6538 7338 7718 
95 7164 7972 9275 9670 11550 12126 12483 13219 13936 14293 14840 15079 15214 15339 
2 251 423 957 1280 2007 2546 2925 3722 4536 4944 6638 7374 8119 8530 
109 8307 9750 10747 11504 12205 12810 13233 14169 14604 15114 15291 
85 6348 6745 7680 8153 9055 9640 10422 11094 12737 13269 13631 14328 14865 15029 15274 15327 
61 4480 5080 5681 6275 7145 7956 8636 10860 11123 12190 12570 13533 14274 14601 
45 3144 3666 4780 5397 6314 6864 7529 8328 8856 10344 11036 11999 12752 13673 
