150 30315 32266 34065 36749 41082 41680 41780 41795 41798 41799 
82 15034 18514 21446 25917 29768 31435 36581 39153 40811 41512 
96 18228 21900 24730 29257 33206 34835 38722 40984 41642 41771 
150 30312 32181 33974 36743 40045 41313 41671 41797 41798 41799 
190 38106 39587 40562 41556 41758 41795 41798 41799 
144 28746 29733 31862 33701 35939 37546 41352 41738 41778 41797 41798 41799 
156 31579 34652 37262 38939 40268 41344 41736 41794 41798 41799 
152 31094 31973 33790 37745 41352 41738 41778 41797 41798 41799 
135 26498 28904 32466 34840 36394 38461 38797 39669 41693 41777 41784 41789 41796 
105 20213 21842 23573 25984 27863 34617 37337 38477 40012 40472 41407 41771 
138 27803 28691 30433 34092 36764 38196 39087 39921 41244 41777 41784 41789 41796 
105 20218 22078 23868 26911 33553 36423 38871 40422 41611 41771 
127 24943 27866 30955 33427 36921 40640 41428 41678 41775 41784 41789 41796 
149 29804 31011 35063 37231 38005 40023 40786 41235 41655 41787 41793 
147 29366 30505 33622 34453 35177 37542 39987 41047 41619 41784 41789 41796 
120 23610 25107 26956 30729 33074 34994 39197 40455 40932 41592 41721 41789 41796 
115 22449 25168 28154 32145 34111 36242 37899 40993 41547 41666 41771 
160 32098 33181 35476 37054 39425 41353 41797 41798 41799 
106 20641 22951 24200 26768 29173 31237 34152 36100 40284 41611 41771 
124 24528 26456 28881 30629 33638 37579 41258 41706 41771 
113 21870 24899 27901 31515 34170 36867 38537 40713 41173 41651 
154 31245 32210 34795 36968 38448 40215 41356 41671 41797 41798 41799 
146 29235 32579 35440 38138 40148 41562 41778 41797 41798 41799 
151 30691 33034 34279 36561 39064 40507 41246 41778 41797 41798 41799 
159 31881 33845 36215 38313 39658 40868 41560 41671 41797 41798 41799 
150 30311 32160 33942 36156 38697 39533 40835 41579 41785 41797 41798 41799 
99 19080 21861 26352 29589 35453 37023 38975 40707 41176 41637 41771 
126 24875 27199 30774 32957 35002 37037 37686 38430 41389 41695 41755 41761 41793 
3 288 1113 2962 4441 7225 13530 16524 19444 21966 
25 2795 4236 5363 8411 10456 12176 13957 16868 23461 26547 29465 32079 
143 28598 30539 33974 36744 40751 41620 41730 41781 41794 41798 41799 
85 15768 18501 21380 25375 29352 31145 35890 38614 39737 40909 41546 
161 32544 35688 38389 39715 40881 41560 41671 41797 41798 41799 
8 514 1784 3162 5614 9810 12955 18224 
88 16418 19501 21627 23881 24641 25539 31319 33507 34719 35079 37388 38673 40636 41427 
14 1143 3615 5562 7288 9552 11273 19243 22488 23998 26284 28745 
0 240 1356 2128 4051 6194 8226 10908 12949 
114 22008 23077 25477 27355 29637 34208 37820 39796 41150 41609 41742 41765 
0 234 418 1094 3989 9468 12475 15517 19048 21966 
98 18668 19737 22194 23985 26915 32704 35726 37146 38983 40240 41611 41771 
7 390 794 1724 4583 6690 8550 13340 
128 25128 28272 31152 34892 37189 39480 40608 41735 41789 41796 
123 24468 25413 29697 31605 33267 35502 39789 40856 41457 41722 41784 41789 41796 
2 273 491 1649 2688 3419 4974 7869 11978 14515 18108 20727 24768 
7 395 969 1917 3636 5812 6829 8380 14610 17542 18895 21162 22029 24669 27029 
7 395 969 1917 3638 7757 11582 14189 17004 18996 21013 21775 
5 321 452 2668 4861 6312 9235 11536 16416 18752 22372 24768 
7 397 1018 1949 4161 8211 11066 12351 15911 17025 19410 21966 
0 237 738 2321 3456 4502 6642 7847 12314 12807 13970 16679 19099 20079 20945 23965 
76 13621 15193 16876 19324 21149 25926 29201 33799 36053 38141 39050 40855 
5 321 451 2635 4627 5496 8140 9604 10797 13028 17682 18446 
0 239 1159 2314 4645 6590 8770 10649 13063 15002 
0 233 339 2025 2741 5032 6432 7605 9796 11019 13577 16604 
14 1140 2789 6724 9287 12074 14554 21511 24113 28215 
125 24551 26395 28818 30603 33030 37229 40217 41284 41715 41776 41787 41793 
14 1144 3896 6274 8609 12658 13744 15671 18508 22993 26601 
30 3790 5890 9258 11554 13261 15614 16044 17242 22653 25018 26020 28417 30826 31832 
0 235 705 1932 2392 3049 8252 10260 11401 11783 14366 15928 19024 21503 
7 390 794 1722 3405 6233 7686 9830 11659 16575 
1 252 637 1469 3073 3485 4525 9513 11804 12784 13490 15806 17880 20703 22873 
5 321 448 2182 4484 8066 8888 10575 14099 16891 18619 
3 291 1553 4265 6076 9447 10530 12429 15247 19620 22420 25273 
5 321 450 2376 3381 4003 6768 8997 10710 13018 17374 20927 24087 
1 250 439 1981 3569 5580 7302 8492 10592 15711 18100 
18 1382 2157 5076 6355 7065 10007 11950 13117 15428 20748 23642 25639 27747 28529 
6 374 1765 3157 6292 7331 9209 11937 16281 19902 
9 564 2579 3335 5455 8001 8704 11328 12205 14758 17003 
5 321 447 1617 2239 2733 4959 8037 10199 12549 13473 17193 19155 20106 23247 
5 321 450 2374 2641 3953 5447 7787 8675 11289 12842 17796 19407 
5 321 447 1617 2246 5186 6049 7205 8659 9531 10239 12567 14603 17403 19548 
7 390 799 3673 5314 6276 9351 11356 14137 16192 
5 326 1526 2257 2864 4327 7666 10426 12045 
5 321 447 1617 2240 3295 4024 4844 7586 11186 11998 13768 17287 20187 21936 
3 294 2285 5262 7709 10481 12392 14416 15183 
9 559 885 1809 4963 11275 14310 15578 17864 18693 22958 24874 
3 290 1497 2933 3767 5897 7544 10408 16698 19852 22780 25204 
91 17249 19579 20879 23394 26518 28985 29406 30623 35900 37989 38775 39333 40678 41651 
6 373 1291 2608 4548 5119 5977 11382 13513 14683 15085 17595 19219 22372 24768 
19 1696 2984 4531 6648 8955 9954 11499 17819 20909 22253 24510 25344 28113 30388 
23 2344 3006 5148 7453 9093 12116 15568 21504 24154 27644 30871 
3 287 851 2421 6328 9991 11520 15977 19138 20680 23016 25303 
2 273 491 1648 2412 5055 7086 8271 8639 11090 15456 19477 22921 26090 
14 1141 2828 5205 8973 10554 12864 15547 19931 
105 20219 22101 23920 26272 28799 32786 34537 39327 40984 41642 41771 
163 32801 33896 36712 37435 38056 40746 41477 41625 41694 41793 
179 35800 37939 39944 40328 41348 41567 41757 41794 41798 41799 
141 28294 32232 36115 38086 39455 40774 41738 41778 41797 41798 41799 
150 30310 32080 34563 37353 39273 41647 41766 41794 41798 41799 
16 1217 1873 4103 4900 5554 8124 11208 13422 15788 16722 20565 22528 24980 27508 28497 
150 30316 32287 34077 36191 38697 39533 40832 41566 41785 41797 41798 41799 
109 21216 22125 25563 28234 31221 32121 35534 37817 40707 41176 41637 41771 
169 33986 36160 37274 39285 40963 41571 41723 41797 41798 41799 
162 32640 35072 37416 38031 40241 41422 41752 41774 41798 41799 
155 31273 32246 34794 36836 37856 39610 41282 41653 41793 
153 31197 32823 35030 37538 39906 41037 41716 41793 
80 14625 16470 18799 20582 23570 30115 33318 36024 38252 41006 
131 25861 28392 31058 31767 34571 35425 39462 40436 40942 41319 41729 41777 41784 41789 41796 
158 31681 35244 37764 40485 40938 41738 41778 41797 41798 41799 
0 233 338 1198 2200 3353 6098 8400 13023 14280 16658 19695 21936 
9 563 2539 4968 8440 10888 14858 
12 819 1842 3056 5793 9864 11672 12631 15080 19197 20311 22348 26601 
107 21090 21986 23737 27399 33041 34961 36345 38335 40636 41419 41709 41771 
19 1690 2770 4198 6380 9334 10817 13030 14938 19962 23752 27478 29576 
121 23899 26265 27559 30029 33145 35318 39802 40775 41193 41703 41741 41777 41784 41789 41796 
105 20223 22260 23759 26835 29003 30136 35117 37547 38813 39723 40882 41306 41739 41786 
29 3438 4395 7188 8019 8733 11268 14499 17702 19944 23969 25842 28423 30872 31861 
134 26425 27683 31695 34134 35627 37452 38061 40069 40540 41706 41771 
18 1382 2155 4457 6251 7150 10091 11628 13872 19002 21453 23168 25547 26806 27728 30690 
122 24371 25223 27073 30711 33643 35250 36277 37363 39653 41412 41596 41702 41784 41789 41796 
2 273 491 1648 2414 7046 9373 10291 11133 14061 
137 27302 29629 30924 33464 36371 38411 39551 41090 41755 41761 41793 
9 559 885 1808 4799 6039 9432 11575 14212 17561 20824 
5 321 449 2291 4716 6619 8464 9320 14188 
139 27912 30480 33603 34766 37502 39244 39999 41295 41771 
110 21254 22164 24670 27174 28912 31511 35849 36887 38850 40569 41187 41739 41786 
1 251 609 1695 2962 4446 10069 12890 15292 17784 20927 24087 
19 1698 3090 4349 7175 9476 10693 11428 12307 17793 21050 23332 25762 26727 27661 30584 
7 391 858 1362 2955 6122 9043 12510 18224 
3 292 2007 5873 9729 12993 14930 
40 5767 6799 8868 11240 14884 17455 20334 22366 25889 27707 29268 32488 34891 
136 26927 28937 30456 34360 37081 37931 40994 41622 41759 41787 41793 
9 559 885 1812 6916 9638 12046 13240 15535 19024 21503 
164 33122 35410 38542 40534 41611 41768 41783 41796 
32 4173 5830 7529 9766 12138 13225 14803 21201 24230 25581 27932 28769 31394 33744 
120 23616 25306 28633 33107 35680 38173 41285 41633 41720 41789 41796 
168 33677 35516 36924 39365 40136 41337 41688 41748 41796 
174 34942 37769 39969 40423 41185 41738 41778 41797 41798 41799 
120 23623 25588 27207 30202 32738 34044 37747 38730 39670 40139 40580 41693 41777 41784 41789 41796 
136 26919 28570 30245 33799 36064 38432 39611 41105 41777 41784 41789 41796 
173 34659 35988 37062 38978 39874 41106 41463 41688 41747 41788 41799 
119 23115 25447 29057 31457 33287 35551 35970 37758 40803 41247 41693 41777 41784 41789 41796 
166 33244 34406 37131 38637 39393 41007 41339 41513 41717 41797 41798 41799 
76 13628 15494 17225 20182 24502 30711 33644 36167 37831 39145 40855 
142 28374 31919 34830 38700 40567 41358 41778 41797 41798 41799 
133 26372 29529 31632 33957 34748 35510 40011 41343 41693 41777 41784 41789 41796 
178 35714 38570 40548 41257 41738 41778 41797 41798 41799 
100 19178 21703 24334 25780 27949 30796 32975 35222 38953 40219 40660 41611 41771 
1 250 442 3201 5242 6887 9163 9586 11503 12728 13445 17190 
119 23118 26222 28345 30643 31376 32371 37644 39349 40112 40316 41325 41715 41776 41787 41793 
120 23617 25386 27247 29599 32688 33800 36751 38754 41258 41706 41771 
140 27956 28842 32325 34907 38299 39138 40672 41263 41656 41771 
0 233 337 533 1597 3274 5024 7732 9713 15213 17140 19639 21626 
24 2556 4342 7764 9749 11701 14002 14711 15607 21305 24711 25958 26704 29829 31954 
84 15364 17067 20129 21353 24593 26789 28040 28431 31725 35827 36821 38528 41006 
145 29136 31913 36196 38921 40371 41125 41778 41797 41798 41799 
76 13630 15585 17090 20149 21681 23414 24612 25006 30389 32451 35239 39015 41006 
120 23612 25208 29117 32394 33919 36734 39958 40356 41693 41777 41784 41789 41796 
67 11732 15254 18041 22573 26484 28149 32708 37170 39462 40454 
129 25324 27130 30165 31366 34482 37015 39276 40668 41636 41777 41784 41789 41796 
117 22710 23833 26893 27766 28530 31180 34471 36545 38597 39314 41248 41404 41689 41760 41787 41793 
7 393 905 2283 4780 7030 12650 15690 18783 22876 27029 
37 5360 7478 10940 12975 15003 17270 17953 18905 24393 26633 27874 30890 33005 34939 
2 276 1408 2885 4966 7916 10884 
112 21656 24424 28216 30752 33745 35628 38677 39520 40842 41499 41771 
3 289 1308 2770 4199 7388 9679 12361 16604 
102 19674 22070 25664 28162 29884 32377 32848 34059 38710 40304 40757 41382 41601 41739 41786 
150 30318 32350 33873 36693 37704 40089 41058 41391 41476 41793 
87 16004 17113 20165 21031 21776 24430 27851 30051 32559 33530 36656 37944 39245 40285 41272 41487 
104 19804 22895 24915 27285 28067 28979 34700 36611 37659 37970 39939 41421 41749 41786 
3 286 812 3708 6938 9413 11778 15888 16949 18978 23278 
105 20216 21968 25162 29643 32932 35191 39020 40246 40699 41470 41742 41765 
90 16928 18930 20494 23552 24962 27266 32718 35101 35917 36590 38627 40043 41280 41651 
32 4168 5655 8093 11045 13399 17062 22394 24770 27030 29033 33367 
12 819 1842 3055 5279 8163 8931 11456 13703 17722 18569 20354 24021 26968 28745 
9 559 885 1807 4565 7228 8810 9906 13878 16809 17971 21060 23279 24433 28271 
7 390 794 1723 4307 6483 8839 9969 12199 17352 20261 22308 24333 25098 
61 10459 12266 14062 16272 18713 19762 21442 27989 30974 32343 34601 35368 37710 39519 
1 254 1040 3226 5673 6844 9064 14221 16216 18243 21127 24843 
38 5385 8761 11489 15408 16402 18021 26755 29863 32902 35309 
7 398 1057 1820 4088 5429 7628 12710 15108 16022 16739 19117 21246 24088 26193 
2 273 491 1648 2410 4918 6994 8102 10989 15312 17046 20661 23588 25273 
11 683 1865 4605 6573 8563 11246 14255 18650 21154 24249 27558 
81 14951 18048 19821 22217 22728 23862 29296 31751 32762 33485 35743 37570 39782 40855 
14 1146 4667 7355 9229 11150 11820 14556 15433 17982 20310 
55 8910 9921 11886 13653 15991 17781 24497 27625 28929 30818 34329 37226 
108 21180 23145 25455 27272 30241 36582 39756 41126 41518 41672 41786 
6 372 1262 2798 5350 10175 13723 15663 17662 18416 
27 3258 6547 8741 10411 12753 14511 22637 25801 27372 30259 32021 
95 18171 20439 24133 27053 29052 32667 33766 35634 38140 40903 41611 41771 
90 16917 18551 21116 24247 26663 30450 35662 37795 39171 40593 41067 41316 41728 
12 819 1844 3548 5939 7409 10327 15050 16761 17926 18326 20963 22605 25686 28215 
1 262 2491 3866 6001 6463 8326 9180 10218 13139 15291 
5 321 447 1617 2243 4071 5092 5460 7986 12226 15746 18861 21556 
3 293 2043 3438 4398 8234 8613 10148 11748 14118 15153 
2 275 1234 1962 3667 4762 8633 10963 11877 
11 688 3027 5620 8386 14586 15385 18878 22034 26315 28344 
13 954 2093 3644 5286 6176 8806 14859 17334 22147 25709 28671 
0 233 337 537 1667 3924 4951 9117 10597 13543 15049 16605 17757 20845 23692 
2 270 350 1018 1949 4163 10277 13291 16105 18845 22778 
105 20224 22278 23808 26874 28085 31119 34777 35867 37119 40150 40726 41038 41661 41771 
2 272 469 1634 3130 4120 5480 6393 7132 10051 15069 17383 18386 
7 390 800 3736 5918 7634 9803 12679 13781 16129 18550 
104 19801 22186 25665 28813 34188 36137 37906 40096 40289 41022 41466 41732 41763 
21 2257 2864 4328 7897 9110 11317 14077 16316 21584 26195 29605 31560 
5 322 657 1147 4689 6415 7507 10390 11170 12610 14648 15956 17578 20562 
53 8591 11943 14794 19234 23099 24705 29337 32598 34111 36248 38249 
25 2796 4375 6656 8519 10458 12245 14019 16872 22642 27414 30281 32050 
9 559 885 1810 5181 9498 12599 17306 19587 21936 
21 2257 2864 4329 8126 12695 15829 18103 22054 23716 26100 28957 31560 
94 17834 18760 21408 23786 26128 28680 34214 35950 36993 39410 39960 40681 41114 41687 
118 23043 24268 28022 28398 30070 31338 31730 34349 38360 40655 41588 41719 41789 41796 
165 33221 34382 37965 39835 40357 41372 41682 41744 41773 41798 41799 
25 2796 4372 5983 8457 10931 14327 16655 25881 29079 31507 
132 25997 27152 30184 31076 31796 34534 37495 39991 41031 41739 41786 
4 304 733 2221 2704 4996 5851 8344 10512 14473 16249 18153 
177 35347 36309 38367 39686 41312 41632 41797 41798 41799 
7 399 1074 1895 4119 5137 8048 10791 15935 18310 19306 21673 24040 25066 
15 1179 2663 4882 5525 8180 9021 12331 14879 18714 20369 22823 25519 29458 
4 304 734 3361 4284 6083 10118 12094 13197 15362 
5 321 447 1617 2241 3313 4138 6966 8084 12287 13801 16778 18281 21388 22318 23491 26632 
0 238 766 2363 6018 7485 10375 11755 13369 14522 17506 19549 21556 
68 11905 13851 16341 18730 20518 22915 27500 30958 34526 37355 39820 
58 9566 10669 13600 14435 15184 17794 21080 23373 25818 26818 30587 32618 34683 35596 36671 39243 
116 22548 24990 27784 28540 31668 36535 40183 40971 41584 41697 41739 41786 
183 36788 38142 39431 40493 41219 41738 41778 41797 41798 41799 
90 16925 18821 20626 22944 25371 27370 29661 31567 36474 38257 39110 40403 40939 41651 
172 34628 35990 37583 38339 40165 41200 41591 41778 41797 41798 41799 
84 15363 16368 18447 20247 22695 24457 31182 34310 35569 37611 38281 40886 41456 
86 15868 18273 22583 23693 25650 30015 35820 38551 40200 41361 41687 
13 950 1441 2904 3811 4817 7567 11878 14544 17746 19984 22505 23432 24315 27354 
12 819 1843 3509 5701 7374 10840 13671 18161 23313 28215 
1 250 440 2071 3598 5400 7649 8298 9155 14453 16607 18304 20825 21841 
5 321 447 1617 2239 2734 6339 9391 10352 13351 16920 18649 
61 10455 12155 13942 16237 20771 24791 27434 30338 32413 34434 35176 
6 371 1010 3179 5224 9898 11105 13926 15845 16843 19931 
72 12767 13824 16793 17644 18348 21124 24412 26685 29155 30094 33588 35043 36504 37960 39821 40355 
0 233 337 532 1576 3839 5721 8134 13097 16195 20310 
120 23621 25499 27108 30150 31702 33396 34541 37319 40581 41212 41705 41777 41784 41789 41796 
7 394 923 1382 2155 4456 6215 7103 7961 10771 14623 16093 
77 13980 16242 17478 20025 22467 24460 27469 33865 37250 38898 40384 41172 
148 29783 32202 35646 37771 40049 40526 41706 41771 
130 25743 28590 31427 35393 36340 39900 41176 41637 41769 41790 41796 
192 38591 40864 41494 41714 41778 41797 41798 41799 
121 23899 26266 29276 31037 32660 35673 40197 41144 41580 41718 41789 41796 
12 818 1739 3257 6149 9069 10726 13618 20064 23199 26127 28671 
98 18670 20446 23515 24659 27832 29977 31158 34261 38482 39630 41316 41728 
19 1691 2836 4178 5956 7434 11365 12407 14353 19904 21561 25432 29945 
10 582 1333 2511 3262 7806 10462 12373 13905 18298 20777 21812 
40 5769 7431 10333 11448 14666 18025 19356 20602 25940 28450 29386 30991 34036 
98 18669 20390 23476 25612 27231 29211 30215 33368 34504 37869 38659 40300 41330 41493 
12 819 1848 4214 5739 6864 7934 10747 14740 15636 16829 18947 20009 24162 26240 28271 
19 1699 3108 4418 7204 8316 11219 13974 19259 21730 22674 24432 27589 30388 
10 581 990 2430 4374 6524 9773 11600 12535 17454 
97 18467 20414 22241 27086 29508 32313 36445 37471 38175 39528 41258 41706 41771 
103 19778 20986 24578 26041 28096 29319 31301 31711 35779 37517 39849 40869 41435 41675 41786 
160 32099 33822 37627 38501 39380 40611 41055 41764 41792 41799 
76 13627 15472 17209 19573 22568 24809 28794 30412 32877 35575 36947 39910 41234 
74 13170 14390 17910 19280 20608 21368 25099 27897 31135 33445 35759 36628 37400 39714 
150 30305 31963 37201 38759 39569 41092 41326 41616 41697 41739 41786 
44 6743 8989 12448 14806 16495 18917 21361 22300 28005 31439 32422 33565 36473 
101 19339 20470 23535 24355 25836 26849 29961 34500 35325 36910 39769 41130 41537 
11 685 2462 4167 5628 7264 9145 14039 16438 17619 21286 22612 23356 27354 
55 8912 10621 13558 14731 17888 20046 21323 21709 24301 28864 32511 35279 
