154 34382 37507 42550 48640 50971 51012 51017 51018 
185 41909 46080 48641 49738 50550 50957 51013 51018 
160 36434 43485 45981 49224 50506 50832 50926 51003 
178 40730 47316 49208 50394 50992 51016 
172 39403 42371 46262 49073 50480 50920 50984 51017 51018 
157 35934 39748 43675 46551 48811 50540 50890 51007 51012 51017 51018 
158 35960 39119 41498 43089 43975 47838 50138 50764 51016 
189 43631 47378 48945 49573 50805 50991 51015 51017 51018 
170 38708 41741 48645 50386 50672 50965 51011 51016 
10 569 4604 7344 10445 12286 16874 20592 
127 27963 32613 36241 37518 40800 43748 48074 48619 50134 50821 50986 51006 51011 51016 
155 35083 39330 41599 42649 46093 49508 50256 50860 51006 51011 51016 
144 32152 36539 39453 41235 42309 45185 46909 48759 50025 51003 
179 40753 45012 47524 48958 49470 50415 50894 50993 51017 51018 
159 36029 39172 41526 44373 45122 47673 49715 50696 50943 51011 51016 
23 1648 4051 8936 15721 20004 29653 33642 37471 
180 40948 44052 48335 49145 50463 50905 51006 51011 51016 
183 41882 44589 46965 48116 49705 50838 50999 51018 
14 744 3220 6164 10335 12769 15821 19200 26133 27565 
135 29185 33430 36768 38733 41189 44749 47685 48576 50873 50985 51016 
187 41965 45642 48055 49921 50603 50841 50927 50996 51014 51018 
163 36683 39735 44721 45931 48542 50085 50508 50738 50963 
0 252 1314 3380 6171 8106 12722 16389 
5 365 737 2081 2938 5485 8517 11213 15435 22279 
148 32792 36908 39387 40563 43876 47648 49041 50372 50761 51011 51016 
102 20733 25011 28285 30228 32635 36298 39700 40919 47291 49199 50887 
186 41936 44738 49519 50774 50970 51014 51018 
105 21682 24784 29787 36775 41122 48480 49321 50440 50962 
4 356 2350 3352 9852 12438 16666 19887 21788 22880 26644 
95 19550 25028 29770 31610 34789 40200 40982 43893 46823 49166 50097 50403 50835 
115 24345 28425 32031 33266 36604 39522 44176 44951 47707 49095 50209 50488 50935 51003 
1 270 457 1597 2808 3538 7662 13638 15985 20343 21977 22938 26644 
2 307 2033 4664 7030 10034 13578 16982 
1 270 476 3790 5392 6285 9098 12594 13709 18372 21843 
1 270 456 1550 4971 10907 13234 17534 19223 20012 25540 29634 
29 3147 7540 10015 11098 14359 18494 20923 26961 30117 33364 35291 36340 38855 
119 24957 29268 32469 34462 36930 40616 43946 45060 49962 50701 51003 
2 297 799 2370 5315 8860 12026 14313 21435 24702 27916 
12 616 2447 6321 10648 12318 13191 17529 23409 25799 31303 34381 
0 253 1372 3158 5726 6905 9751 12742 15398 
13 728 5664 8225 12542 15714 17662 18652 22357 
1 270 453 1287 3100 7194 13999 
0 246 544 2492 6468 8132 9064 13228 19203 21547 27064 30201 
2 296 693 2155 4659 11692 15284 16504 19721 22542 24414 25443 27916 
9 501 1364 4367 7987 11490 14450 19412 20606 23927 26809 28320 29368 32151 
8 430 1040 4789 11590 15792 23845 25228 
1 270 452 906 2246 3023 5230 8213 12152 18281 22309 
1 270 477 4020 6265 10054 13097 
31 3192 7266 10140 11641 13354 15073 15836 20080 26977 29500 32485 36132 38814 40283 
106 22408 26645 28851 29891 33879 36669 41358 42378 44791 47435 49427 50732 50982 
4 349 529 2966 4057 7201 10098 11878 14533 17584 
22 1142 2980 7667 12077 13587 14463 17376 20883 26255 30925 34508 
7 409 1521 3671 9958 12100 13098 16685 22379 26644 
7 406 927 2304 8993 12258 14491 18327 21407 
3 325 1204 3931 6831 8444 9631 12533 18908 21261 23999 25866 27844 30280 
9 501 1367 7501 11126 12369 15572 18416 19936 21042 23772 
3 324 1189 5762 9083 12584 17760 22497 26103 
0 246 549 4698 9261 12397 15049 19011 20301 
7 404 649 3557 6756 9134 16983 19902 21807 24275 26666 30848 
5 364 643 1730 2739 5189 11252 12668 
8 440 3985 6725 10380 14142 17328 
7 404 649 3559 9546 13020 16234 18513 23095 26644 
96 19615 24512 26925 31493 37750 41010 42976 43992 47354 50026 50872 
1 270 452 905 1810 2465 5790 10006 13954 20706 23405 27420 28666 
5 366 977 2694 8726 11575 14558 16425 20938 24699 
6 384 2334 5097 8280 10738 11524 14348 20505 23484 25126 26318 30848 
25 2155 4656 8497 12230 16041 22358 24595 25667 29937 33463 34684 38138 
6 392 4288 9978 13211 16718 17839 21176 
1 270 470 3286 6106 8100 10547 11505 13375 16532 18441 19457 21873 
6 378 1179 7562 11140 14415 15621 20029 22419 25228 
15 772 4254 8046 11035 12669 13863 16657 23141 25566 28264 31012 32059 34546 
38 4225 6974 11786 16071 17787 18632 22968 29022 31361 36313 38813 
6 381 1583 4321 5383 8652 11281 19442 22740 23994 30720 
1 270 452 907 2553 5076 6775 7521 11782 18565 21069 24124 28697 
114 24022 27089 29011 35173 38766 45089 47742 49092 50732 50982 
138 30206 34694 39494 43042 46057 50307 50828 51000 
121 25975 30457 34024 41017 45280 50430 50746 
188 42954 45859 49364 50665 50948 51016 
161 36461 42012 47393 49607 50707 50954 51013 51018 
122 26695 30766 32902 34056 37767 42454 44280 47112 50276 50493 50963 
92 19026 22071 24492 27259 28054 31137 33181 35695 36706 42551 45743 47757 50052 50796 
162 36486 40546 45343 48172 49623 50820 51006 51011 51016 
190 43654 46417 49353 50658 50947 51016 
150 33310 38457 42045 43149 46357 50320 50866 50980 51006 51011 51016 
87 16595 20840 24084 26052 28447 32044 35421 40533 41818 44966 47501 48958 49470 50425 
113 23818 29253 33092 36192 37898 39092 41983 47930 49486 50473 50812 50959 51001 
120 24987 28800 31882 33530 34701 37741 44234 46451 48578 49646 50073 50937 51003 
85 16568 19275 22310 23558 26441 30103 34632 35583 38423 42026 43142 47485 49756 
123 26722 30858 31986 35380 39857 46664 49253 49862 50901 51000 
116 24895 27602 31670 36516 39283 40506 43284 46424 48396 50041 50840 
168 37658 41993 45178 46893 47776 49995 50938 51016 
136 29214 32826 35343 40007 42406 45074 48769 49421 50726 50950 51011 51016 
6 382 2096 5825 9891 15653 19384 22706 27129 30848 
120 24987 28799 31085 35769 38214 44646 46189 47269 49231 50507 50926 51003 
95 19548 23879 26768 28573 29643 36782 38749 41217 43573 46640 49239 49858 50768 
177 40696 45204 48228 50271 50578 50964 51016 
6 394 4938 8379 9615 14235 17758 
130 28199 31205 33188 38293 45175 50529 50982 
169 37688 41546 43861 47968 49530 50503 50934 51011 51016 
149 33297 38139 40781 43966 46978 48820 50602 51006 51011 51016 
1 270 478 4177 5982 7005 9450 12426 16125 
152 33385 36059 40169 46390 48494 50153 50913 50992 51016 
0 246 548 4504 9366 12512 15130 17710 19161 
166 37631 40425 44331 45522 48442 50879 50976 51009 51012 51017 51018 
193 44479 47123 48841 49791 50157 50800 50987 51002 51017 51018 
57 10032 12892 17227 24091 28398 36442 37871 41898 45670 
176 40318 43383 45696 47055 47819 49615 50716 50859 51017 51018 
120 24984 27787 32741 37238 41765 42676 46676 49098 50201 50959 51001 
113 23820 29285 33927 35817 39004 43787 44764 46940 49192 50771 50994 
59 10810 13894 17356 21533 24797 27186 31518 36082 36891 42474 46345 
145 32182 36521 39720 43069 45350 48861 50226 50949 51006 51011 51016 
167 37648 42328 45473 47638 50237 50790 51011 51016 
194 44850 48502 50061 50562 50863 50995 51013 51018 
103 20760 23586 28501 32880 35260 39789 42355 44937 48043 48923 50298 50962 
113 23817 28070 30945 32540 34337 38892 39769 44226 47720 49375 50537 50979 
129 28010 33447 38247 40105 43248 47887 48533 50154 50791 50940 51011 51016 
20 1101 2860 6618 8699 11330 14438 20634 22973 27345 29425 30617 35032 
128 27973 32018 38277 44889 47701 49821 50555 50974 51006 51011 51016 
3 333 3050 6143 7314 11731 14104 15259 19547 
77 14905 18078 21500 25915 31805 34201 38602 40371 41149 46509 49419 
110 23376 26492 29917 34325 40351 42723 46785 48184 48723 50785 50994 
125 27508 30639 33037 34580 35516 39876 45864 47843 50247 50682 50936 51006 51011 51016 
133 29140 33821 38036 41448 47412 49975 50702 50973 51011 51016 
146 32254 39267 45968 48462 49988 50380 50862 51011 51016 
141 31557 35496 39425 42622 45467 50005 50618 50799 51003 
135 29189 34187 37802 38864 42294 48467 50453 50904 51006 51011 51016 
109 23260 26385 28780 31825 32592 36959 43909 46277 48672 50447 50941 50979 
28 2774 5562 7874 10565 11396 14395 16419 18832 19823 25099 27690 31302 33805 37299 
0 246 542 2177 4889 7722 14047 16286 17331 21486 25061 26245 29557 
151 33335 36801 40346 43540 45521 47986 50190 50992 51016 
3 325 1206 4791 8018 10387 17150 21146 
123 26718 29654 33662 37488 44426 48892 50130 50935 51003 
120 24987 28804 32441 35398 38623 41855 46739 47473 49552 50319 50832 50926 51003 
182 41868 44515 47341 48290 49943 50779 50961 51005 51018 
134 29172 32212 35871 37099 40087 46305 49000 50302 50868 50981 51006 51011 51016 
21 1115 4269 7407 9398 11753 15322 18603 19772 26568 
16 864 2431 6959 8183 11412 14212 16181 17053 19517 
118 24947 29574 32216 35434 38873 41297 45628 49106 49604 50899 50994 
1 270 454 1347 4340 6852 9740 14930 15686 18549 21704 24909 26854 27844 30280 
1 270 455 1417 3066 6524 13458 
17 894 3518 7174 8544 11308 18024 21177 24100 26068 28555 30788 35032 
119 24960 29951 33486 36657 43554 45550 46576 49229 50886 51003 
11 588 1959 3769 6393 7249 10315 12295 17461 20051 23642 26994 28170 34952 
131 28627 33782 40175 43434 45722 47591 48377 49778 50706 50979 
175 40291 43334 46375 49267 50357 50861 51006 51011 51016 
18 1077 3733 6539 9658 11954 14688 15555 18583 20595 25845 26905 28899 33063 36401 
1 270 465 2397 4559 7894 10792 16953 
4 350 679 6088 10464 14046 
6 378 1170 3424 6375 7360 9312 12500 17476 18355 21362 24254 30848 
25 2156 5274 8314 10978 14891 17009 19601 27015 31157 33684 38083 
6 379 1446 3357 5028 5965 9044 10894 13288 15016 20135 21310 23192 26343 28698 29662 32120 
60 10868 13738 16050 18850 19656 22768 24791 27241 28221 33503 36138 39018 41024 42146 44849 
0 246 551 4983 10419 12798 16156 
1 270 467 2602 4085 4919 9235 15053 17404 21661 23429 25229 27946 
1 270 459 1939 3615 4638 7430 9446 14670 15667 17585 20788 22564 23657 26132 
12 615 1894 5464 7450 9240 10926 11712 15981 22805 25283 28414 32983 
12 615 1887 3681 6633 7379 10274 14786 17178 19874 24816 25745 30897 34055 
95 19551 25047 29814 37132 38944 39816 42695 46105 47041 50075 50840 
5 367 1008 2719 8606 12465 15242 21328 25342 
6 383 2315 6035 8417 10982 13800 19053 19835 22724 25996 29662 32120 
12 616 2444 5872 8938 11842 18199 20302 21412 25778 29323 32235 33641 
4 352 1220 1744 5922 9424 15652 18709 20601 26834 30323 
5 365 738 2623 3700 6522 12843 
91 18307 21887 25615 32476 36826 44873 46161 48452 50825 
4 353 1241 3131 4414 7135 13890 16158 17848 18728 21519 25082 27947 29424 
4 354 1258 3165 7156 10310 16432 18779 23683 26174 
3 325 1211 6490 9926 14096 18183 
6 378 1171 4772 6564 9711 11974 12926 15357 23776 30750 
3 322 817 2207 3880 5451 10164 11155 13536 16582 19640 21874 23368 
7 404 650 3564 7831 9493 10352 13177 16706 21195 25179 28978 
1 270 458 1863 4953 8398 9622 12876 19647 25406 
7 405 879 2802 5261 6682 9297 15443 16873 
2 304 1700 4164 7152 10723 12902 17039 20397 
165 37620 41470 44941 48728 50029 50402 51003 
3 325 1210 6442 8794 11470 14254 15297 17709 
25 2159 5833 6931 10252 14324 16302 19334 20996 23128 27632 28475 33948 38342 
84 16558 21203 23862 28497 35479 38007 41134 44668 47230 49470 50425 
113 23818 29252 32520 34512 39938 40963 42900 46030 47545 48358 49757 50698 50979 
1 270 457 1604 5332 6219 10614 14378 16894 19926 24665 
9 504 1801 4527 7096 12526 15802 17726 23027 24039 27318 30848 
6 378 1170 3426 9165 10236 13125 16390 18756 22453 25664 
3 332 2870 6238 8682 11324 13565 15012 
9 505 2139 2997 6989 10287 11460 15856 18296 22823 25407 29479 33180 
101 20720 23812 26598 27759 30583 36745 38553 39477 42605 45322 48347 50142 50840 
24 2132 5742 7854 8966 12559 17130 18957 22039 27436 29152 31681 33584 36431 
15 771 3302 5942 7608 8634 11605 13500 15906 18233 25764 29301 30450 34983 
140 30878 35090 36270 39644 43840 45796 50167 50992 51016 
75 14120 17002 21357 28292 32510 40737 42192 44907 48419 
1 270 462 2229 4842 6720 11850 14067 17390 20892 21970 26597 
2 297 799 2371 6126 8574 11625 15129 23245 24594 
89 17646 23629 24867 28119 30998 35886 36718 40451 43261 45413 47165 48679 49340 50429 
6 380 1569 4302 5306 10121 13523 20810 23478 26133 27565 
0 246 545 2597 8113 10493 14764 16458 18682 21787 
143 31771 34800 37157 39956 40900 43926 45852 47873 48614 50792 50983 51016 
37 4200 8888 11552 13306 14193 17281 19162 21594 23373 30027 31067 34083 37410 40663 
5 368 1389 3812 6054 10621 12953 15636 20155 21180 25692 28981 32120 
41 5850 8760 13048 19894 24201 33764 37848 41647 
142 31583 34730 38084 41078 43035 45392 46493 48004 49884 50906 50959 51001 
94 19169 22199 24611 26194 27043 31355 37546 39882 44258 45881 46653 50052 50796 
117 24930 27607 30751 31958 34891 40924 42792 43703 46537 48744 50408 50916 51000 
4 355 1507 8346 11598 13481 14577 18279 
6 378 1170 3423 5204 6192 10279 17229 20477 23742 
9 509 3863 4862 8363 13003 14836 17936 22617 24208 29691 33745 
1 270 460 2010 3449 4387 7065 11244 18154 
7 410 1618 4136 6750 9479 10835 13466 19576 20987 
24 2131 5695 8252 11089 18624 22788 25256 28374 31876 34547 36021 
1 270 452 904 1751 2378 6316 12299 14615 18935 20660 22910 25970 
137 29242 33820 37177 39598 46598 49025 50452 50992 51016 
4 351 1046 3238 5900 7728 8767 11198 19102 22841 26741 29889 
126 27566 30487 32806 35713 36588 39680 41735 46723 48141 49638 50123 50646 50967 51006 51011 51016 
68 12412 15428 18184 19356 22126 25929 30396 31284 36963 41413 43158 44085 47377 
98 19802 23603 27869 31175 32378 39229 44346 47186 48876 49829 50403 50835 
27 2712 5613 7961 9563 10400 14606 17776 24355 27612 29980 35536 38707 
21 1116 4723 7321 9184 10080 13053 15901 26943 31253 35032 
70 12444 18530 22686 24729 27746 32681 33747 37823 40850 43764 45566 46424 48419 
9 502 1670 4150 6826 9910 11056 13812 16828 23512 27159 30848 
1 270 452 908 2638 3395 6077 12613 15158 18003 20425 22177 26644 
153 33408 40721 43022 44447 46808 49744 50693 50979 
171 39379 43512 46007 49432 50584 50939 51016 
79 15401 19592 22760 26184 32734 36063 38480 42852 45218 46240 48437 
19 1091 4576 7780 10216 14749 20857 25520 27366 30467 32984 33849 36401 
88 16622 19426 24362 28760 33214 34168 38471 41745 44110 48358 49769 
22 1148 5151 8301 11920 14818 21101 25418 29559 32950 
147 32407 35568 38868 45303 47419 48317 50133 50926 51003 
7 406 928 2917 4445 5535 8330 12171 15136 16787 21236 25361 28001 30281 31763 
135 29187 33981 38447 46683 49680 50336 50554 50992 51016 
139 30851 35033 37252 38356 46066 48659 49742 50558 50886 51003 
164 37016 41167 43638 44696 47665 50199 51003 
44 6724 9801 12118 13657 14512 18899 21910 29965 33194 35641 40591 43021 
151 33334 36254 41289 44531 49677 50676 50931 51011 51016 
108 23167 27109 31196 34575 42845 47731 49388 50539 50979 
3 325 1203 3430 5223 7588 8842 10669 13716 15751 20403 23286 24059 27946 
181 41349 46347 49158 50327 50877 50951 51016 
156 35106 38102 42173 45821 48146 49888 50592 50858 51011 51016 
63 11299 15489 20089 25928 30324 31225 34154 37783 38857 43720 46939 
78 15020 17949 20318 21916 22861 27308 30376 32767 41704 44065 47452 49570 
22 1143 3506 7929 11269 15506 18401 23045 23984 31532 35032 
45 7095 11348 14169 15925 17900 20830 27023 29016 31415 32422 34404 37713 39538 40591 43021 
107 22436 27831 29094 32327 35216 36836 37952 40679 48596 50178 50840 
119 24958 29720 32383 34273 35156 38295 40286 44158 45113 49583 50653 50962 
81 15459 19672 22517 24296 26366 29042 29918 35139 42250 45954 48166 49770 50318 
38 4226 7414 10902 14000 15225 22123 25343 28301 30244 32663 35054 39329 
132 29122 31800 34984 36213 39064 45671 46994 47768 50235 50850 50992 51016 
124 27484 31333 35762 39663 42231 48313 50810 51011 51016 
113 23818 29256 34134 36022 38534 39609 41675 47948 49113 50168 50769 50979 
110 23376 26495 30542 33222 35796 37573 40041 44539 45287 48816 50333 50899 50994 
112 23785 28035 31197 35462 37979 41111 49457 50610 50959 51001 
78 15020 17956 22050 24140 26792 29841 31767 37028 39350 42709 46122 47046 49455 
99 20208 24225 26702 27809 33421 40055 42502 45147 46740 48232 49282 49867 50887 
70 12439 17081 19777 21612 22480 25617 27597 34254 35360 37353 40429 42091 43215 47377 
102 20734 25471 28175 30046 30978 38384 44019 46868 49181 50329 50836 50946 
119 24963 31119 35612 39634 46139 48251 49911 50634 50929 51001 
129 28007 32278 35193 37056 39817 43619 50448 50966 51011 51016 
88 16624 20226 24467 26267 28233 31103 35442 37514 42774 44508 46893 47776 50004 
110 23376 26488 28870 31433 32274 42064 44601 47796 49692 50692 50979 
44 6724 9803 12845 16737 19284 22673 29341 31904 34853 37300 38174 42899 
