151 34420 38244 41531 44197 46116 49044 51487 51988 
177 40895 45576 46645 49719 51345 51902 51973 52003 
149 33519 37115 42100 45662 47804 51026 51973 52003 
163 37500 41292 46095 49238 50675 52003 
168 38552 42384 45570 48066 49629 51313 52004 
180 41057 44730 47260 51157 51613 51951 52000 52005 
173 40016 44027 45427 47546 48935 49655 51329 51827 52002 52005 
153 34804 39665 41101 43590 45284 46195 49160 50179 50962 51715 51997 52004 
184 41776 48371 50081 51093 51434 51950 52004 
189 43088 45404 49663 51061 51548 52004 
178 41002 44487 46606 47799 50881 51280 51520 51989 
188 43055 48511 49687 51680 51910 52004 
167 37995 43437 45091 48407 51260 51540 51888 51989 
176 40461 43195 44579 46434 47210 48910 50715 51724 52002 52005 
5 390 713 2220 3547 6266 9664 16990 19613 22526 
133 29324 32995 37962 41643 44746 46686 51397 51876 51972 52004 
106 23705 26499 27852 31827 33003 33849 38698 41166 46209 49470 51413 51975 
174 40269 43970 45866 50729 51580 51875 52004 
137 30670 36509 38122 39481 43425 46401 47651 49684 51725 51892 51989 
124 27901 30759 32166 34162 35037 37276 42073 46368 47598 49228 50631 51669 51870 52004 
172 39863 41336 46463 48036 49295 50995 51771 51971 52003 
155 35729 37173 42510 44337 45726 48419 50436 50845 51579 51953 51987 
121 27367 29597 33941 36543 38158 43002 44116 48856 49490 49999 50682 51788 51984 52004 
165 37617 40630 41834 43170 46672 49622 51752 51907 52003 
114 25093 28874 33822 37476 43143 44529 46434 47209 48566 50543 51691 51992 
131 29239 33255 35134 38297 39610 42218 47176 48538 49703 51685 51845 51977 51997 52004 
123 27764 31596 33578 38819 41901 43666 46893 50663 51368 51812 51970 51992 
156 35877 39901 41402 43590 45284 46194 49144 50123 50940 51708 51997 52004 
0 263 3512 4974 9593 10769 13163 14028 15562 17536 
123 27765 32116 37085 38453 39732 44632 46232 50320 51072 51549 52004 
117 26000 29991 33271 36111 38060 45465 49560 50766 51843 51988 
162 37259 39430 44154 47864 49082 50783 51692 51846 51985 52004 
179 41024 44714 47255 51159 51844 52003 
2 297 867 2087 3408 8144 9985 13128 14413 20889 
1 273 464 1202 6689 10216 13757 18608 
0 254 492 879 2453 3945 8513 12395 16011 21072 26067 
128 28551 32353 35080 38543 45307 46268 47680 50767 51836 51970 51992 
158 36301 39056 40354 42403 43344 45254 48782 51011 51973 52003 
64 12513 15390 16595 17962 21570 24078 27395 30149 35720 37706 42886 45870 47530 
129 28585 32370 35906 38966 40009 47380 48167 49205 50043 51424 51953 51987 
159 36711 37897 40690 43247 45229 47120 49067 49977 50710 51973 52003 
91 19853 21031 24863 27166 28673 31009 36810 38498 41791 45445 47197 48896 51456 
157 36055 40506 42945 44900 45897 49370 51327 52003 
183 41724 44604 45717 47078 49959 51511 51852 51966 52005 
170 38982 44772 46254 47535 50537 51697 51989 
125 27962 31932 33311 34566 37558 42797 45081 47150 48800 49588 50399 51566 51806 51992 
131 29236 32269 33465 34858 39854 41864 47873 49843 50922 51594 51837 51917 51993 52005 
146 33142 35623 37420 40715 42262 44470 48122 49114 51495 51971 52003 
181 41419 42895 44241 47822 49430 51843 51988 
101 22166 28308 29946 34765 35945 41300 42613 43893 48455 50289 51314 51627 51952 
125 27959 30813 32219 36025 37123 38006 42862 45221 49828 50855 51405 51881 51986 52004 
169 38773 41554 42692 46238 49125 50875 51519 52003 
161 36861 40614 44121 46985 47946 50406 50834 51366 51847 51926 52004 
0 254 494 2193 3571 5018 9617 10782 16019 17383 18695 23895 27206 
102 22276 24554 29154 31404 32771 35088 40983 42657 45835 49097 50488 51169 51952 
106 23706 27229 32297 33963 37062 41925 45814 48989 51508 51975 
124 27903 31564 37181 42034 44084 50097 51442 51797 51978 52005 
145 32737 36385 41282 42277 44867 46329 50162 50794 51924 51972 52004 
132 29280 32322 35214 36128 37396 38722 41828 46752 48773 50304 51179 51499 51772 51866 51972 52004 
140 31795 35777 37238 39573 41259 42226 45552 46904 48322 50236 50921 51911 51957 52004 
148 33474 36441 37608 39093 45347 49602 51383 51828 52003 
7 473 857 4897 7410 8907 13691 14881 17172 18090 19547 21838 
2 316 4113 8620 10652 14781 18418 
175 40422 46634 47559 50252 51004 51939 51986 52004 
83 17466 21279 24739 27789 29775 33159 37922 44479 46820 48617 49431 51304 51751 
152 34696 39765 41615 43801 45127 47964 50201 50775 51861 51955 
4 363 2711 7247 10734 13743 14814 18811 20108 
4 355 1313 2340 5122 6323 8846 13965 15529 17109 22122 23345 26268 28369 29458 
101 22164 28211 29867 32105 35804 40218 42500 44828 47883 50978 51664 51894 51955 
135 30303 33987 37309 40294 42186 46796 48884 51529 51890 51989 
10 628 2037 4019 4801 9454 11825 17005 19639 21336 26362 27513 30045 30963 32385 34487 
47 8352 11282 12504 13863 17270 19632 23178 25835 27874 33754 35859 39972 43665 
124 27906 32030 34271 36661 39911 42532 44538 47020 48278 51213 51457 51634 51830 51976 52003 
139 31609 34937 36999 39109 41391 43605 47336 49780 50626 51956 
1 275 588 1610 2847 3905 6580 7984 12916 15496 17064 22096 23276 25776 26692 28343 30370 
34 5346 8852 12227 14986 16886 20318 25892 31120 34191 35504 38079 41515 43001 
6 434 2552 5783 10423 12314 14459 15817 18454 21665 24150 27123 
4 358 1611 3000 4157 8659 13097 15421 18899 22148 23267 27612 29458 
0 262 3451 4919 6200 10102 11025 12306 14624 15686 16781 
0 260 2658 6829 11198 13597 15588 16644 
95 20644 23847 26736 27585 29140 30451 33414 38672 41090 43315 45140 46078 47263 48016 49824 51442 51801 
85 17840 22888 24364 27521 30690 31820 39296 40147 41593 43859 44976 45998 48659 49551 51050 51657 
127 28529 32124 34827 36251 38331 39212 40817 42725 46178 50281 51224 51719 51930 51976 52003 
12 770 4413 8026 9997 11666 15126 17342 18690 23415 24564 25439 30479 33675 
11 740 1950 3242 5795 7086 9028 9894 11456 13414 16930 22573 
4 356 1359 5517 7802 13202 14928 16443 21002 23188 27456 31289 
8 502 2838 4933 6386 10712 14717 16182 18137 24229 25944 29381 
150 33927 39144 41206 43260 45414 47045 48379 51338 51781 51920 
185 42128 46852 48103 50704 51630 51948 52004 
4 352 973 2352 3069 5176 7404 10627 14310 21172 23414 
83 17466 21279 24738 27567 29685 33080 41483 46067 48363 50808 51441 
63 12459 15357 18176 21459 22865 25552 30914 32514 35752 39581 42555 44943 47649 
80 16482 19417 20635 22254 27807 30183 31498 36955 37799 38656 39780 42760 44006 48958 49739 50658 
109 24282 28116 32955 34023 36990 42239 44834 46290 50145 50779 51557 51734 51882 51975 
2 296 697 3668 6345 9772 14562 16414 18565 19945 22746 24477 25514 29069 30616 
13 802 4299 6488 11311 14847 17870 22734 26975 30707 33576 
2 296 698 3959 5920 7445 8950 13717 14894 20143 21580 22954 29381 
23 2907 6628 8884 10356 14825 18801 20372 22447 28510 30273 34595 37798 
106 23709 27656 29149 32832 33676 34524 35637 38619 39882 43388 48744 49925 51416 51931 51981 
94 20392 22388 24422 26599 28964 31218 35315 39793 44698 47554 49939 51128 51811 
89 19009 23763 28844 30223 31517 36470 38116 43296 45925 49326 51624 
122 27480 31654 33121 35375 39185 40783 42340 46960 48009 51264 51599 51829 52003 
162 37265 42057 44809 47353 49398 51027 51429 51716 51975 
66 13381 17154 20483 23568 25477 29632 34133 36494 40045 43075 44187 47897 48934 
5 390 712 1620 2757 7272 12619 16527 20173 25397 30370 
112 24976 28837 34646 37742 39541 42932 47759 49275 50641 51205 51923 51970 51992 
7 473 858 5155 6851 8308 12736 14806 18857 22797 
12 767 3368 7889 9824 11421 13030 17813 18961 24512 25905 28182 29411 30840 34487 
2 296 695 2216 7601 9189 12419 16203 18221 
3 335 2503 5707 11351 12950 15270 19034 20856 
119 26459 32435 34005 35381 39256 40090 41586 42838 45712 50011 51176 51730 51908 51965 51986 52004 
8 502 2837 4098 6215 7864 8830 12249 13662 15221 17934 19352 24378 25255 26107 27263 30380 33576 
1 273 466 1781 4407 9404 11688 13936 15831 16833 18264 19142 20533 23048 24186 25328 
110 24685 26587 28750 30872 34085 38911 40084 45317 46519 48213 49220 50055 51428 51953 51987 
2 297 866 1728 2799 5988 11648 13329 16584 
0 259 2649 3853 6191 9226 11572 14458 
6 431 1408 4207 7003 8769 12134 20412 25368 27947 31174 32931 
96 20694 25342 27448 31645 34234 39997 44089 47570 50212 51815 
4 353 1207 4359 7219 8344 9714 16368 18624 23816 28826 29879 31446 
9 523 2790 4521 9505 12595 14331 17713 23001 25815 27737 
154 34916 37364 39010 43844 45628 48585 49727 50573 51763 51859 51972 52004 
9 527 3744 5893 7723 8671 10061 10956 12298 13552 16589 21892 24272 26635 28629 29642 31080 32931 
2 304 1514 2536 6138 9055 10317 16703 
3 332 1550 3484 6618 9098 14652 16606 22001 25198 27018 30540 33310 
2 312 3324 4889 8007 10183 13364 15652 18543 
0 254 493 1532 3873 8805 11386 12985 17786 18891 21494 22400 24013 26067 
6 432 1806 4657 8435 15178 17371 18373 22213 23770 29092 31959 33642 
116 25427 31013 32703 36209 38414 39727 44215 45354 46146 50026 51207 51816 51961 51995 52005 
9 523 2791 5186 7136 9270 10585 11857 14661 16055 21246 23939 25567 32931 
4 350 822 2817 4010 9113 10924 12465 16796 18884 23195 27017 
2 298 894 4689 6637 10566 13233 19298 21972 24085 25197 
14 1091 3968 8687 12351 14604 23151 26969 30165 32585 35480 
2 300 1329 5062 6298 8207 10328 12725 16265 17785 
2 311 3309 6713 9641 10701 14114 14959 16345 18659 19789 20968 
6 433 2002 2929 6097 6953 8200 10450 11607 12692 15633 17685 23136 26960 
90 19240 22186 23658 28705 29517 30437 35092 35998 38360 40708 44019 46485 48283 49879 50731 51246 
0 258 2159 4085 5741 7178 12235 14155 15051 18453 
1 273 465 1560 3200 5253 6645 7833 10528 12060 17280 19141 
110 24689 27215 29834 32475 34041 38885 40040 45184 45955 46738 47750 50956 51780 51869 51988 
24 3125 6571 8452 13625 16648 19306 21683 23079 27738 28899 30617 31743 34162 35035 36611 38618 
5 390 711 1084 3976 5301 6536 11326 12942 18039 19674 21385 27684 31323 
32 4476 7286 9944 10849 13192 15456 18792 21545 23679 29607 31710 35832 39540 
6 436 2606 4344 6419 8643 11486 14254 19875 23613 25860 27208 31468 32618 33753 
11 742 2391 3753 7307 11912 12962 14479 22043 24825 
4 359 1764 2744 5414 6600 9940 15730 17429 20789 
4 349 680 2301 3044 4269 6440 7559 8712 13527 15886 24761 26361 
105 23445 28005 30560 32543 34381 35715 40243 41345 42147 47621 50222 51274 51817 51981 
2 296 695 2214 5209 7523 10265 17879 20524 
13 800 3158 5226 6468 10874 12012 12867 17641 20040 24777 26442 
4 357 1586 3701 4582 7623 9882 11922 13987 16224 21424 22805 24855 30109 31913 
21 2016 4236 7021 10388 15288 16984 22365 23976 25602 30642 31785 34617 36668 37741 
4 349 679 2262 2975 4262 5492 8294 13502 15804 18061 19960 21057 22656 23586 24841 26226 30370 
0 255 1029 2634 6024 7672 11222 14024 19834 21626 25029 
4 349 683 2465 8993 10281 12337 14501 16784 20465 22095 
160 36828 40312 42573 43888 48080 49002 49644 51642 51916 52002 52005 
4 351 938 4745 7068 10659 11945 14698 16116 21531 26898 
106 23707 27278 33108 34893 39587 41600 43784 47304 48758 50900 51587 51894 51955 
3 329 548 1583 2691 6801 7935 9388 10437 13448 14681 18348 20109 21231 23922 26929 
1 273 464 1199 4756 8245 10504 19533 24502 25680 27206 
1 273 469 4558 6234 9544 12267 13782 16336 
93 19911 24640 30211 31249 38266 40579 43598 46591 48681 50600 51700 51944 
9 526 3288 5600 7480 8482 12100 14208 15756 23119 25161 29661 34487 
4 354 1236 3647 4714 8120 9563 11142 13836 15173 20005 20890 21877 22986 26069 28015 31446 
3 334 2472 5581 8161 9285 14378 16353 18545 22041 
166 37661 40659 41853 43221 46506 48615 51647 51953 51987 
162 37258 39403 45060 48236 49858 50660 51820 51899 51958 51998 52005 
147 33420 36369 39376 42466 43726 47672 48843 50338 51902 51973 52003 
79 16437 19402 22574 23514 24826 26174 29386 34539 36851 39156 41117 42086 43550 44398 47503 50068 51361 
2 302 1426 5656 6751 11791 12650 13486 14578 18359 22615 23541 24834 27310 28467 29592 
115 25125 29742 35481 37441 39710 43403 47986 50724 51321 51791 51922 51992 
5 390 711 1083 2062 5381 8753 13634 15101 18743 20791 26296 29459 31323 
111 24932 28040 31550 34490 36398 41541 43625 49759 50585 51377 51817 51981 
2 303 1470 5680 6760 11975 13285 14528 19446 21273 26666 29516 
141 31856 36358 38791 40843 41878 47831 50101 50893 51872 51977 51997 52004 
11 744 2696 4276 6378 7708 10175 11887 12902 15439 18156 24128 25329 28253 30538 
6 431 1409 4838 8045 13246 14523 19213 20271 21193 26199 28738 33236 34738 
6 431 1410 5265 8409 15770 19514 23284 26443 27502 31664 32931 
11 743 2422 3786 7094 9243 10478 15074 16065 16943 21946 24408 27152 31078 
123 27768 32727 34949 36895 37938 39498 43110 44674 51234 51831 51927 51990 52005 
1 277 758 2132 3808 4726 6056 6883 8193 9429 12453 17574 19899 22335 24317 25381 26789 28802 
2 297 870 3297 6908 8086 12777 17202 18461 20564 22931 26332 
4 360 1902 2892 7767 8545 9390 10982 12195 16848 18969 23221 24476 
90 19243 23084 28167 32868 38091 40749 42296 46935 47956 49801 50339 51083 51624 
18 1663 4956 8137 10789 12812 16143 24707 31324 33326 35533 39480 
60 11698 15377 20133 21315 24041 25671 30371 31629 35397 38534 40906 43745 47099 49204 
142 32062 36155 37404 39826 40940 42001 45047 49176 49948 51550 51973 52003 
99 21768 25646 29102 31914 33902 41439 46030 47942 50758 51796 
10 628 2036 3150 5095 5942 7320 9317 12854 17990 20051 22298 24610 27052 31133 32931 
2 296 696 2942 5728 6791 10816 13717 14895 20181 21728 23863 25040 26562 30370 
1 273 464 1200 5542 8458 10143 13586 18609 20546 25225 29719 31913 
3 330 991 3381 4444 5830 12005 17666 20797 22697 26250 29139 
0 256 1267 4452 7926 12799 20579 23016 29381 
11 738 1298 3491 5551 6826 10519 12558 16872 24892 28130 29392 30786 34487 
20 1982 7368 8870 10189 14073 14901 16337 17615 20629 26123 28619 30935 32787 33808 35257 37051 
5 390 725 4614 5475 6526 11188 14736 15976 
39 6766 10575 12082 14372 17325 19757 23830 26688 32662 34328 37553 
11 739 1874 3126 7079 9479 11510 12575 18934 23168 24621 26961 28803 29824 34249 36110 
4 361 1926 2901 7898 9148 11209 14196 17236 18489 22929 
104 23320 27385 28975 31233 34979 36577 38201 43027 44179 48966 49893 51012 51425 51709 51975 
112 24977 30133 33587 36259 38446 43470 44311 45610 46775 49355 51049 51843 51988 
0 257 1396 4190 5626 7020 9678 11095 15891 16704 17599 18733 23751 26829 28802 
101 22165 28273 29901 34739 35901 41176 41959 42822 43925 46702 47851 50532 51247 51525 51934 51981 
117 26007 32225 37321 39928 41239 47001 51038 51536 51871 51984 52004 
113 25051 29037 33794 36347 39353 43938 48477 50583 51585 51897 51989 
143 32681 33781 37331 38866 43980 46052 48493 50466 51163 51873 51974 51997 52004 
17 1339 3094 4481 8588 11554 13924 15922 18003 20365 25704 27070 29856 32932 33972 36639 38855 
108 24251 29199 33203 37952 42432 43700 45647 47715 50510 51173 51952 
108 24253 29401 32468 35768 38390 40362 42603 44289 49129 50369 50796 51362 51639 51975 
29 4068 6473 8222 10348 11780 16001 17042 19575 21303 26068 27349 31239 34364 36733 39664 
2 299 1053 4066 5992 7641 11051 13246 14522 18979 20211 21099 27123 
124 27905 32004 33319 35684 36767 37855 44423 47729 50981 51522 51921 51968 51996 52006 
99 21778 28097 31751 34791 35868 40191 44590 47421 48190 49213 50687 51134 51473 51904 51981 
97 20732 24543 30501 33584 35368 45770 48431 49360 50271 51624 
63 12466 16832 18222 19080 20525 21919 25034 30410 33345 36182 37411 38747 41845 45870 47530 
126 28418 31502 33388 35547 36939 39208 45019 46561 49338 51616 51989 
3 333 1696 4787 9785 11834 13889 16170 17539 19470 24751 27404 28802 
123 27767 32174 34411 35955 37873 39923 46845 49452 50558 51659 51940 51982 52005 
50 9282 13075 16281 19169 21154 28994 34409 35406 40450 44037 45283 
46 8303 12163 16820 19289 23479 26388 27561 32965 34281 35589 40516 43843 
6 435 2584 4872 7351 10029 11714 18775 22798 25981 28432 31403 
138 30737 33055 38370 40116 41683 45508 49578 51551 51802 51945 51990 52005 
3 331 1047 5450 7663 9797 11733 12763 14287 17912 22863 
130 28944 30901 32877 35000 37226 39022 40536 45539 47478 50676 51878 51992 
16 1160 4217 6223 9729 11238 16290 18306 19198 25805 28247 31717 35446 
1 276 672 1848 3608 5481 10205 13801 15312 20448 22451 23356 27017 
15 1115 3350 6150 6978 9134 11503 14727 17302 19375 25380 26776 30074 31351 35588 
19 1833 5880 7810 9846 12070 14279 22527 25740 27124 29810 32932 33975 37347 38965 
40 6828 11101 13276 15003 16231 21046 26526 28063 35653 41823 
105 23442 27338 29420 33835 41639 44371 45618 47772 48702 49529 51116 51488 51885 51981 
11 741 2120 3883 5846 7993 9350 10549 14364 15988 20974 26479 28882 31451 35179 
164 37564 40598 43511 45251 47829 48998 51572 51851 51949 52004 
45 8022 9514 10902 15280 17726 19713 21711 22758 30013 32340 37075 38136 39705 
16 1161 4534 9657 15463 17032 21852 26149 28690 31452 35213 
87 18752 20262 25527 29177 32413 34685 
