109 7708 8254 8515 8881 9505 9720 9768 
78 5325 5852 6102 6512 7372 8065 8475 9267 9509 9741 9767 
94 6583 7511 8083 8442 8640 9435 9656 9727 9767 
99 6924 7444 7691 8094 8933 9451 9623 9757 
102 7179 7660 8132 8458 8770 9154 9511 9690 9768 
93 6403 7785 8319 8728 9023 9410 9548 9699 9758 
100 7085 7537 7863 8418 8643 9086 9519 9692 9768 
97 6774 7269 7675 8040 8381 8810 9532 9702 9767 
0 152 206 893 1776 2263 2840 3057 3561 4184 
103 7215 7821 8402 8846 9601 9676 9742 9769 
0 155 366 700 1196 1649 2056 2359 3329 3646 3971 4408 5009 
0 159 649 1048 1566 2100 2526 2915 3254 3589 
58 3899 4330 4636 5229 5447 6424 6963 7313 7672 8944 9337 9574 9684 9730 9759 
13 587 972 1268 1746 1987 2427 3032 3590 4052 5213 5452 5934 6606 
1 166 281 1180 1635 2050 2366 2600 2953 3767 
79 5483 5943 6248 6828 7036 8025 8548 8883 9194 9733 9767 
0 152 205 824 1110 1448 2244 3231 3844 
89 6291 6742 7059 7605 7845 8358 8974 9394 9632 9764 9767 
88 6122 7100 7349 7715 8559 9217 9540 9641 9766 9768 
1 165 246 447 757 1935 2397 2798 3135 3362 3731 4550 
1 171 557 987 1527 2017 2411 2728 3213 3491 
1 167 285 642 1214 1722 2176 2567 2912 4185 4678 5160 5498 5743 6246 
1 165 247 466 724 1143 1491 2656 3120 3555 3881 4127 4512 5363 
3 186 484 958 1336 1619 1865 2230 2973 4788 5446 
93 6400 7016 7580 8059 9130 9285 9713 9766 9768 
7 273 540 775 1107 1897 2536 2896 3789 
88 6120 6644 6907 7310 8180 8853 9177 9668 9750 9769 
3 193 1011 1393 1917 2383 2782 3076 3614 3867 
6 239 521 995 1437 1849 2155 2451 2855 3409 4708 5426 
11 401 835 1280 1679 2005 2472 2709 3167 3798 5166 5814 
15 669 1069 1452 1763 2207 2564 3378 4059 4450 5386 5760 6962 
10 387 798 1506 2225 3088 3346 3727 5010 5516 5960 6260 6534 7058 
53 3521 3929 4258 4796 5065 5547 6177 7907 8366 8662 9142 9300 9584 9732 
71 4749 5275 5691 6075 6709 7298 7622 8047 9094 9325 9489 9646 9755 
22 1160 2033 2553 2864 3053 4150 4874 5961 6319 6550 6936 7740 
17 791 1233 1467 1846 2622 3279 3664 4570 4986 5900 6484 6891 7222 7579 
0 153 263 1055 1342 1739 2312 2803 3269 3684 4033 4390 
10 386 745 1128 1495 1829 2187 2765 4077 4391 4592 5617 6133 6812 7058 
0 153 257 463 1165 1801 2172 3010 3395 4271 4887 5292 5633 6001 
87 6007 7424 7983 8480 8899 9163 9380 9607 9734 
1 170 436 710 1079 1433 2291 2617 3505 4257 
95 6693 7133 7487 8500 8815 9100 9405 9672 9745 9767 
5 223 413 1378 1589 2071 2637 3105 3538 3869 4417 4634 
0 152 201 419 740 1549 2132 2672 3197 3669 4109 4433 4786 
84 5917 6345 6680 7196 7462 7944 9286 9597 9717 9754 9766 9768 
1 168 315 620 943 1337 1663 1881 2236 3419 3914 4348 4696 5271 6203 
3 185 343 575 1031 1250 1694 2273 2740 3152 3497 4470 4813 5175 5593 6223 
63 4289 4717 5087 5725 6043 6378 6850 8234 8754 9180 9470 9634 9755 
108 7597 8200 8674 9074 9320 9728 9752 9763 
90 6305 6758 7073 7621 7840 8829 9232 9707 9737 9762 9769 
47 2946 3455 3701 4089 4970 5658 6061 6975 7367 8302 8870 9197 9420 9596 
4 215 503 927 1313 1612 2584 2879 3176 3607 4221 
2 180 603 1101 2116 2336 2774 3435 3955 4454 4919 5253 5591 
77 5246 5833 6362 6879 8008 8272 8719 9253 9564 9696 9739 9764 9767 
68 4505 5047 5308 5687 6567 7280 7655 8598 8928 9570 9721 9751 9766 9768 
12 498 1296 1818 2140 2332 3238 3736 4099 5276 5708 6081 6962 
2 181 803 1483 1970 2207 2565 4016 4517 4901 5288 6164 
61 3991 4551 5110 5531 5890 6524 7637 7963 8433 8957 9345 9579 9680 9748 9759 
66 4353 4857 5293 5688 7237 7741 8098 8490 9062 9460 9611 9714 9747 
62 4147 5781 6277 6729 7763 8196 9240 9642 9735 9763 
69 4648 5145 5472 6026 6225 7253 7752 8115 8497 9527 9693 9743 9760 9768 
9 359 874 1362 1791 2192 2512 2827 3947 4596 5196 5648 6088 6853 7178 
58 3900 4487 4898 5764 6466 6871 7875 8148 8538 9245 9710 9756 
0 152 200 303 685 897 1329 1951 2435 2904 4001 4465 5128 5887 
8 329 626 916 1401 1585 2497 2980 3312 3681 5011 5677 6085 6441 6811 
86 5966 6458 7339 8290 8790 9006 9374 9661 9740 9768 
57 3721 4662 4937 5452 5935 6634 8000 8620 9118 9442 9635 9714 9747 
5 223 409 763 1416 1703 2223 2692 2930 3309 4827 5365 6013 6679 
65 4322 5027 5555 6064 6496 6932 8218 8705 9095 9353 9497 9647 9755 
91 6336 6997 7494 7950 8639 9428 9655 9764 9767 
71 4750 5333 6607 7118 7554 7922 8164 8544 9527 9693 9744 9761 9768 
57 3719 4224 4733 5097 5603 6128 7388 7892 8351 8688 8913 9224 9650 
51 3230 3816 5167 5823 7150 7803 8335 8741 9038 9480 9616 9706 
7 274 854 1285 2080 2488 2999 4307 4953 5337 6164 
106 7531 8580 9049 9365 9557 9725 9767 
32 1912 2756 3297 3629 3846 4842 5379 6409 6887 7740 
96 6733 7412 8531 8991 9212 9714 9746 9765 9769 
