154 30443 31909 33632 34520 34812 35252 35330 35359 
145 29216 31140 32082 33578 34916 35245 35328 35355 
127 25256 26778 29373 30081 32093 33810 35277 35337 35350 35358 35360 
120 23972 26699 28638 29523 31529 32593 34762 35319 35345 35349 35353 35355 
128 25976 27644 29483 30147 30880 32444 34251 34990 35284 35312 35353 35355 
0 209 1463 3017 4597 7295 8879 9557 11681 
134 27156 30088 32240 33572 35133 35290 35344 35352 35358 35360 
156 31275 33104 34186 34943 35234 35336 35341 35359 
81 15797 17811 18920 20771 22771 24731 28383 30027 31954 32631 34292 34654 35291 
140 27940 29444 31401 32727 33273 34504 35082 35332 35356 35359 
115 22544 24076 26704 27497 29571 31594 33309 34107 35319 35345 35349 35353 35355 
135 27165 28876 31407 32493 33634 35027 35263 35355 
143 28773 30781 32221 33562 34438 34824 35206 35331 35356 35359 
85 16408 18049 20749 21842 23987 28128 29423 31459 32557 33285 34288 35259 
126 25004 27815 29284 30419 32846 34406 35145 35350 35358 35360 
129 26078 28236 29763 31282 33135 33641 34108 34986 35322 35355 
106 21171 23516 26811 27697 29942 30643 32193 34659 35033 35297 35345 35349 35353 35355 
105 21132 23113 24650 25402 26141 27270 29362 33014 33968 34995 35233 35293 35345 35349 35353 35355 
122 24426 27472 29785 31293 32628 35131 35324 35355 
118 23732 25816 27378 28084 29849 32500 34238 34954 35335 35348 
113 22229 25064 26617 27839 32663 34405 35039 35299 35345 35349 35353 35355 
28 3664 6133 7776 10614 12592 13484 15633 18519 19259 21312 25469 26413 
0 202 715 1693 3421 5035 5800 7159 8205 12731 14834 
1 236 440 1069 2154 5109 7255 8369 10603 14712 15682 
0 208 1442 2949 4848 6282 8154 8827 11779 
117 23380 25525 27132 28786 31965 32596 33265 34360 35179 35319 35345 35349 35353 35355 
107 21296 23992 25962 26866 29036 31755 32354 33942 34902 35114 35320 35342 35353 35355 
67 13081 15070 16215 18066 20129 22043 25269 26055 27821 29648 30846 32181 34397 
0 219 2000 3587 5407 6626 8243 11416 
1 235 377 1419 2328 4174 5690 6454 7221 8359 10609 14701 16031 19057 
86 16434 18421 20520 21966 22681 24451 28891 31734 32853 34113 34495 35259 
76 14243 17867 20281 22343 25564 26245 26921 28824 31205 32677 33899 34376 34946 35169 
2 268 1582 3006 5879 7310 8627 10724 
51 8866 11740 13252 15159 17630 20861 21580 23409 26040 27664 29297 30066 31300 32220 
99 19167 20740 22184 26936 29179 31054 32071 33574 34721 35279 
1 235 379 2782 3980 5462 8619 10061 11437 13443 
0 198 304 643 1106 4002 4682 9495 10070 13517 14286 16523 17280 20215 
11 755 2670 4407 6111 9410 10076 10836 12784 15261 16963 18563 19398 20718 21805 
10 744 3290 4622 5888 7896 9800 11560 13444 14157 17210 17991 19763 21619 22862 
2 266 1235 3358 8012 10246 12380 13885 14598 16342 19442 
2 264 828 2063 3958 5595 7204 10961 11967 
0 202 714 1650 3238 6236 7038 8754 11472 
93 18458 20550 21910 22669 23413 24540 26694 30675 31913 33680 34763 34980 35270 35305 35348 
2 262 765 2476 3673 5430 6120 8997 15341 17487 
0 198 309 918 1485 2084 3063 5104 9258 10677 12964 14835 15507 17045 17865 
0 200 433 2618 4559 5746 6466 8267 12850 15835 17157 19960 
86 16432 18236 19530 20365 21867 22623 24370 28005 29082 30992 32313 32948 34165 35133 35291 
2 263 775 4614 7660 9066 10931 11643 14453 
3 283 2305 4951 6996 8427 9202 11017 14620 15759 17787 19809 20616 
16 1323 3506 5078 7801 9786 10781 12995 15860 16567 18630 22758 23693 
0 201 604 1379 2500 3118 5092 9315 10245 
91 18035 20172 21806 23395 26826 27593 28409 30032 32304 33687 34696 34973 35150 35279 
3 281 1229 3860 4786 7553 11990 12762 13848 15960 18163 19451 21436 
21 2544 5095 7024 7979 10198 13226 14918 16667 19191 20919 22714 23435 24481 25401 
1 235 376 1148 5383 7620 9704 11289 12001 13827 16753 
0 201 600 906 2615 6546 7478 11073 14100 
0 199 405 699 2201 6340 7135 8935 10814 12197 
112 21830 23484 26213 27635 28398 30291 33778 34848 35129 35319 35345 35349 35353 35355 
0 199 415 2556 3257 4493 5570 7189 9373 11570 14143 
0 198 305 686 3217 5219 6041 9020 9852 14232 16798 
0 204 1024 3494 6958 9112 9880 11746 13611 14902 
0 212 1724 2860 4551 7062 8765 10499 11343 12709 13735 
0 218 1937 3411 5899 7580 9674 11703 12431 
0 200 434 2767 3464 5734 7798 12056 13042 
1 242 853 2607 6488 7866 10166 12213 12877 14499 15260 
77 14543 16052 18641 20062 21380 23555 27045 28029 29721 31394 34398 35098 
92 18384 20426 21525 22142 25549 26320 30937 32447 33946 34965 35209 35283 35348 
0 198 305 683 2073 3915 5828 9542 11337 13344 15431 17109 17935 
3 286 2734 4762 7687 8942 9730 11682 14413 15891 17108 
2 258 385 1604 2161 2860 4552 7077 8887 10556 11390 15371 16407 
7 452 1755 2846 4698 6500 7243 8298 9236 13836 15474 18147 19697 20349 22339 
92 18385 20855 24110 24960 27280 28051 29735 32930 33755 34833 35122 35305 35348 
153 30238 32742 33885 34547 35264 35333 35358 35360 
138 27654 30125 31699 33389 34078 34908 35244 35352 35358 35360 
125 24917 27525 29119 31026 32362 32974 35164 35306 35350 35358 35360 
110 21703 23372 24906 27506 28903 31903 32495 34050 35021 35295 35345 35349 35353 35355 
141 27951 29454 32526 33978 34918 35248 35340 35355 
12 785 2439 4325 5646 6410 8188 11922 13045 15534 18819 19658 22455 23269 
146 29340 31860 33892 34555 35267 35334 35358 35360 
15 1218 3299 4912 6907 8473 9246 9965 11179 13332 17354 18690 20952 23350 24402 
80 15721 17746 18880 19568 22863 23572 27727 31107 32890 33523 34545 35133 35291 
131 26525 28612 29984 30663 31326 32300 34386 35147 35318 35353 35355 
108 21673 24782 26229 27514 29460 31216 32732 34012 35226 35325 35339 35353 35355 
142 28689 30348 33538 34167 34937 35315 35358 35360 
132 26674 29367 31170 32004 33703 34421 34810 35245 35328 35355 
97 19101 20823 24003 25414 26758 29866 31851 34689 35092 35348 
90 17953 20395 21565 23403 25481 27452 30368 31085 32671 34869 35270 35305 35348 
123 24436 26206 30117 31930 33491 34479 35101 35232 35345 35349 35353 35355 
102 19797 21403 23492 25056 25732 27757 29856 31399 34812 35255 
82 15948 18634 20578 21492 23626 25049 28295 28915 29669 31346 33485 34467 35067 35279 
139 27739 30405 31787 33437 34785 35137 35251 35351 35356 35359 
54 9903 12154 13736 15352 17505 19377 22354 25930 27962 28729 30413 32129 33216 
109 21682 23481 28884 30335 30950 32703 33936 35259 
25 3040 4516 6386 7500 9603 10875 11510 14768 16698 19682 22412 23902 25140 
5 336 1156 2694 3322 4122 5796 8344 10104 12081 15042 16579 17298 19082 22096 
17 1960 3452 5235 5929 6786 8525 11164 12932 14736 17687 19272 19972 21694 24781 
78 15276 16994 18746 19487 20334 22015 24525 26283 30356 32786 34586 35255 
110 21703 23373 25334 26451 28545 29887 31855 34690 35017 35323 35355 
14 1205 3581 5022 6210 9008 10670 13337 14072 18157 22601 24402 
3 281 1228 2531 3594 6329 7889 10619 11423 15489 18496 20215 
10 747 5163 7354 8663 9573 11189 11968 13702 16268 17570 
0 198 310 961 1496 3035 8108 10394 12568 14375 15157 
23 3005 5857 8274 9946 11553 16249 19206 21315 23507 24790 26810 
96 19092 22098 24746 26220 29156 30471 33866 34611 34931 35256 35335 35348 
121 24403 26090 27549 28425 29633 31321 33126 33665 35064 35223 35340 35355 
0 206 1112 1707 3222 5630 7398 9292 12794 13784 14666 
0 198 312 1251 3760 5472 7286 10036 11695 12331 14366 
55 10320 12498 13634 15421 17936 19585 21253 22023 24829 25750 27323 28073 28803 30412 32111 33195 
83 16353 20837 23846 25232 29253 29887 31852 33455 34029 35002 35279 
10 743 3268 5494 7181 8747 13536 16498 18620 20846 22105 24109 
106 21170 23198 24263 26132 28280 28957 33217 33639 35085 35314 35345 35349 35353 35355 
68 13182 15190 16174 16838 20216 20905 25717 27425 29380 31353 32403 33003 33582 34758 
24 3019 5195 7095 9636 10916 12789 14903 15596 19896 20672 22419 24293 25632 
46 8219 9914 11473 12345 13596 15394 17488 18221 22968 24694 26711 28851 30494 31204 
136 27179 30093 33555 34736 35170 35309 35353 35355 
28 3662 5188 7859 8584 10059 16876 19445 22366 22998 25044 
8 526 1821 3075 3782 4523 5619 7791 12045 13388 15542 18014 19032 20696 22838 
94 18607 21323 23229 24166 26367 29686 30893 31454 34044 34485 35193 35280 35310 35348 
13 805 2052 3367 4139 5351 7211 9327 11370 14978 16671 18647 20786 22374 23164 
16 1321 2662 5155 5843 7302 10431 11835 13651 14953 18127 18987 20593 22272 24828 
5 342 1882 3531 6197 7718 9755 12277 15455 16454 17320 19574 22140 
95 19058 20707 22191 23016 24606 25357 27100 30600 31664 33368 34325 34669 35163 35335 35348 
22 2984 4810 7319 10725 11612 13873 15970 20075 22413 23915 25166 
84 16361 18139 20831 22703 24053 26341 30802 31428 32806 33465 34461 35255 
12 782 2045 3815 4873 6868 8035 8703 12111 14033 16917 19756 21239 22454 
11 753 2146 4606 6026 6711 8840 10544 13321 17409 18346 
95 19060 21034 23871 24550 26688 30683 31571 33824 34891 35180 35276 35348 
73 13760 15364 17255 19023 21069 22519 26589 27853 28652 30231 32536 34199 35098 
0 198 313 1280 2163 3555 6432 8253 10028 12843 14367 14993 17031 
7 452 1763 3619 4368 6066 8639 10357 12528 13571 16678 18078 19857 22668 
85 16410 18350 21208 21953 23999 28138 29060 31629 33338 34255 34646 34957 35291 
0 198 311 1168 4258 6743 10017 11096 12044 
9 631 2599 4354 5276 7449 10455 11277 13324 15222 16141 18281 19643 21727 22668 
98 19114 22073 24458 26122 27625 30109 31422 33944 34383 34977 35335 35348 
65 12653 15317 17039 19523 24199 26414 28460 29900 30580 32177 34397 
0 203 1004 2023 2957 4472 6615 11083 12835 15482 16931 17594 19641 
88 16951 20482 22555 23326 25070 26899 28266 31840 33940 34903 35259 
20 2402 4292 5367 7217 9865 11581 13264 14058 16800 18172 21437 22248 25167 26039 
0 198 307 872 2108 3173 3838 5565 9179 10283 12469 13928 14667 16374 18858 20215 
6 395 1560 2983 4730 5974 6806 8400 11517 12316 14020 16508 18248 20086 20811 21727 22668 
0 198 319 2267 3793 5484 8618 
3 282 1905 3717 4448 6203 8131 9467 13689 15469 19451 21436 
103 20632 22340 24125 24874 25657 27421 29874 31472 33035 34876 35130 35319 35345 35349 35353 35355 
86 16431 18058 19994 21094 23079 24562 25313 27090 31414 33847 34596 35279 
4 295 1181 2982 4486 7936 8710 9480 11333 13858 15553 17365 18128 19124 20061 
89 17198 18714 21373 22061 23499 26562 27917 32147 32654 34544 35059 35259 
137 27231 28793 30186 32522 33637 34398 35093 35304 35354 35357 35360 
137 27232 29004 30194 30957 32042 33622 34205 34677 35174 35316 35358 35360 
69 13307 15973 17898 18786 20983 24337 24992 28510 30537 31255 32747 34060 34758 
116 23287 25783 27366 29355 33058 33739 35045 35301 35345 35349 35353 35355 
38 6013 8929 10487 12432 14579 18178 18935 20777 23270 24929 26630 27431 28751 29762 
12 783 2220 4018 4640 6158 6943 11140 12753 14183 16755 19413 22096 
28 3662 5187 7806 8572 10043 13119 14461 17347 20232 21643 22925 24704 26101 27131 
29 4409 6836 8078 9956 12198 12918 17667 19364 21852 23593 25425 26193 27188 28127 
0 198 315 1517 2135 2910 4241 8244 11429 12859 14109 16084 
147 29714 32502 34500 35331 35356 35359 
130 26489 28908 31864 33606 34807 35245 35328 35355 
119 23770 25844 27000 28829 30867 31511 34521 34861 35239 35343 35356 35359 
101 19706 23172 26960 27586 30739 32476 34565 35053 35270 35305 35348 
58 11049 12742 14194 15007 16230 18072 20617 22282 23947 27016 28347 30622 32185 33996 
0 198 306 698 2079 4391 6076 7731 8918 10759 14176 17423 19960 
31 4914 7325 8093 9961 12630 14255 15923 18952 20319 22009 24009 26167 27778 28509 
1 237 489 1786 2804 3404 6558 8554 11879 12685 14420 16290 17593 
0 198 305 685 2231 3872 4586 5538 9158 11006 14101 15497 16762 18745 
53 9811 12808 13971 14689 15404 18050 21452 22148 22983 24700 27255 28973 30696 31380 32259 33002 
22 2982 4483 6666 8529 9925 11027 13684 18836 21772 24315 25656 
7 452 1766 4062 4631 7813 9992 11780 12617 16952 21030 
4 294 1049 3040 4515 5967 10851 13144 15107 16629 17865 
7 452 1755 2844 4546 6648 7383 12301 14014 15978 18100 19315 20021 22862 
64 11823 13412 16022 16728 21595 23808 25885 28150 28834 29807 30642 
72 13738 15683 17720 19328 21221 24278 26137 28674 30250 31798 32456 34131 34645 
19 2368 4997 6770 8519 10651 16314 17652 19358 21329 23452 25077 25929 
87 16939 19467 21808 23713 28574 29593 30179 33067 34361 35002 35279 
1 244 1332 2878 4106 5791 7921 8797 11253 14316 16100 16855 19719 20481 
1 238 563 1855 3133 4202 5310 5923 9395 10144 14327 17032 18550 19796 
55 10321 12868 16085 16887 19216 19965 22878 23529 25672 26239 29556 30310 32751 33435 
103 20634 23043 24222 24867 28193 30051 33257 34359 35099 35242 35345 35349 35353 35355 
