268 31980 33781 34827 36242 36450 36497 36500 36502 
153 17997 18840 19642 20327 21555 22849 26260 27815 29142 31134 34256 35088 35378 36074 36375 36438 36488 
1 349 1645 3342 4549 5887 9896 11374 12025 13604 14856 15453 17900 
201 23699 25695 27118 29967 32153 34795 35146 35767 36263 36482 36499 
247 29321 31253 32560 34904 36008 36394 36498 
181 21060 23003 24336 27676 29270 30527 31850 32339 34988 35332 36385 36480 36486 36499 
178 20771 22595 24451 27054 28770 30484 33805 34853 35884 36398 36482 36499 
212 25169 28444 30187 30604 32354 34241 35523 35847 36016 36471 36493 
219 26252 27901 29298 31884 33004 33439 35953 36298 36439 36471 36493 
123 14147 17419 19179 19564 21986 23163 24142 27140 27956 28590 29821 31129 34176 35510 36102 
158 18263 20264 21616 24858 26554 27841 29107 29647 32861 33362 35616 36212 36282 36469 
14 829 1579 2907 4752 8222 10031 11992 15718 16579 19089 
215 25631 29054 30229 30757 31789 34655 35733 36241 36481 36493 
136 15494 17473 18827 22100 23723 25023 26390 26892 30082 30664 33740 35057 35270 36102 
238 28707 29852 30630 31295 32499 33672 35869 36273 36444 36494 36502 
182 21165 24962 26822 27973 31006 31704 33431 34901 36122 36409 36483 36499 
113 12690 14684 16094 18958 21180 22368 25711 27172 29038 31355 33116 34711 
3 367 536 744 2815 3165 5782 7846 9448 10083 13416 
205 23894 26492 28732 30203 30884 31768 33600 34185 35395 36482 36499 
184 21483 23278 24949 26947 29777 31524 33166 35630 36142 36456 36498 
193 22896 26339 27979 31398 33552 34930 35331 36401 
198 23494 23995 24791 27045 28417 30644 31328 32899 33935 35637 36281 36484 36498 
8 513 1383 2429 5054 7314 10489 11142 12365 12885 15461 17708 19195 19884 20746 22808 
150 17683 18341 18937 20306 22977 24371 26321 28694 30450 34363 35165 35396 36408 36481 36493 
7 490 1367 2425 5397 7050 8366 9787 10295 13480 14141 17635 
100 11402 12928 13417 14812 18885 21517 24339 25126 25798 27066 28362 31690 33575 34737 
240 28952 31046 31732 32162 32990 34783 35608 36168 36412 36458 36501 36502 
31 2345 3911 5525 7418 11166 12855 14767 18499 19288 21535 22902 24534 26225 
9 563 1978 3830 5257 5912 6774 8573 9356 10790 11412 16204 
169 19924 21085 21727 23162 23691 26141 28201 29345 29952 33049 33443 35340 36227 36335 36454 36498 
24 1768 3211 5048 7596 9404 11230 14700 16148 18038 20431 22238 24197 
5 416 984 2549 5417 7191 9102 12986 13780 16021 17390 19157 20701 
23 1744 2438 3097 3725 4870 6158 9612 11247 12624 14620 18098 
45 4117 5900 7789 10460 12236 13967 17507 18872 20799 23106 24923 26946 
160 18393 22264 24028 25157 28322 29010 30796 32670 34789 35762 36269 36469 
42 4074 4513 5382 7587 8991 10725 12254 13911 15855 20431 22238 24158 26313 28061 
137 15551 17490 18831 21761 23986 27084 27697 28814 29398 33150 34620 35334 36027 36150 36437 
5 416 984 2548 4859 6579 8323 11956 13361 15290 17636 19418 21429 
2 357 1480 3366 4431 5038 8139 8553 11426 13618 14330 15266 16916 
6 483 947 1555 2007 2539 5463 5892 8522 10928 11627 12450 14086 
6 484 1170 1745 2568 3112 7720 10429 12280 12880 16754 18532 19671 21303 
1 347 1287 2691 3938 4484 8307 10225 11404 14329 
196 23458 25216 27238 30383 32057 33770 36020 36295 36440 36479 36491 
203 23812 25777 27134 30682 32913 33485 34232 35283 35978 36443 36486 36499 
5 420 1408 2469 4145 6422 8279 12667 13878 14716 16835 19500 20961 
5 417 1352 4546 5388 7936 10399 11831 12584 14571 
12 675 1042 1728 3041 4407 6960 8234 8648 12720 14127 14816 16474 17649 18200 20659 
22 1737 3418 4077 5200 5773 9021 10749 11317 14725 16103 19388 21033 22326 24293 24833 26140 
4 394 791 944 5564 7357 8498 10181 10647 12051 14932 
0 340 442 828 996 2130 4889 5497 6161 6918 8854 9577 10113 11035 13245 14626 16286 17942 
42 4075 4935 5731 6924 7463 8691 9604 11333 12780 15394 16588 17084 20976 22442 23604 24782 27455 
4 392 700 911 1858 2713 3260 4100 5688 7079 9867 11050 11529 15519 16919 18776 19329 20616 
1 351 2607 4796 5852 6860 10265 11723 13115 
14 837 2651 3117 6243 8022 8402 10311 12417 14531 
23 1743 2140 3083 3698 5283 6479 7019 9491 11670 13329 14113 14793 18185 19354 19801 23222 24696 25422 
30 2321 4024 4489 7100 9315 10765 11587 12407 14203 14971 15601 16218 19293 19710 22479 24505 25382 
7 490 1373 4379 5627 7627 8174 8939 9781 11791 12803 14743 16788 18184 
0 342 856 1984 3677 4932 8202 9953 11273 12589 13119 14614 
227 26688 29232 31437 32758 33449 34167 35350 35736 35984 36154 36396 36498 
11 651 1246 1848 3173 3870 5114 5769 11214 13019 14156 15751 16205 17589 21716 
4 392 700 910 1454 2408 3541 6755 8340 9823 11875 15350 
5 420 1408 2470 4458 6329 10546 11388 12056 13298 14615 17951 19500 20961 
4 391 588 2210 3223 4500 6362 7608 8936 12458 13983 15452 
7 492 1932 2874 3256 7106 8484 9198 10914 12126 12682 15108 17182 19129 
14 830 1604 2034 4979 7572 10874 11417 14655 16309 17533 18992 20354 20962 23389 
167 19662 22931 24680 25067 28490 29884 31783 33914 35197 36080 36430 36488 
13 731 1449 3786 6053 7981 8513 11910 13676 16641 17089 19680 22000 22686 
18 1120 2139 2810 4850 6213 7870 9422 11202 13188 19407 21139 23023 25628 
7 490 1370 3392 4756 7027 9051 10527 14165 16488 17137 18022 19627 
26 1955 3614 5994 7422 9929 11939 13320 16954 19137 21227 22091 24639 
138 15656 19467 21304 22459 25543 26286 28110 29962 33080 34498 35639 36331 
1 348 1315 2737 3023 6291 7707 9673 12160 13923 15886 18033 20084 
0 341 611 927 3458 4121 6344 7671 11120 12752 14010 15359 15859 17136 
26 1955 3613 5599 6975 8985 12536 13711 14241 15296 18573 20472 22055 24696 25422 
209 24723 26047 27758 29703 33080 34499 35927 36249 36479 36491 
183 21170 23774 25943 27347 28121 28942 30806 31501 32784 33358 36144 36476 36491 
220 26281 29446 29938 31323 33880 35495 35992 36160 36402 36470 36491 
213 25426 26745 27599 30041 32647 33876 35703 36349 36491 
223 26383 28282 28959 30000 30660 35218 36049 36300 36459 36478 36495 36501 36502 
163 18732 20549 22226 24087 27722 29373 31278 34522 35120 35952 36408 36481 36493 
192 22742 23906 25140 25826 27496 28660 29200 31608 33521 34478 34895 36254 36479 36491 
157 18208 20197 21607 24457 26703 29788 30355 31086 31844 33636 34207 34597 35124 36121 36420 
191 22713 23836 24442 27642 28102 30682 32916 34057 34516 36267 36467 
5 426 2554 3753 4308 6668 8776 10147 11040 12714 14933 16327 17857 
63 6782 8561 10655 13254 15021 16774 20285 23251 24752 27510 28161 28984 30603 
175 20711 21629 22427 23046 24275 25583 28992 30500 31899 33715 35885 36233 36316 36470 36491 
10 574 2919 4623 5762 8895 9638 11542 13440 16030 17746 19476 21478 
130 15211 17071 18952 21544 23260 24981 28542 29849 33035 34403 35252 35912 36072 36331 
188 22455 23937 24428 25794 29896 32453 33403 34252 36163 36464 36486 36499 
146 16989 20171 22582 26498 27943 29109 30136 30844 31759 33263 34425 35648 36273 36447 
197 23488 25503 26226 26712 27593 29768 31140 32717 34011 35212 36456 36498 
4 401 1687 2040 4316 6540 8041 9534 10090 13563 
199 23521 25084 26582 29185 30394 30792 34442 35309 35660 36224 36402 36470 36491 
245 29208 31198 33182 34331 35604 36287 36474 36489 36496 36502 
210 25154 26778 27229 28586 32608 34763 35424 35860 36286 36452 36498 
228 26994 28365 29099 30719 31474 32081 32657 33921 34377 35801 36347 36491 
8 513 1388 3859 5352 8125 10830 13201 16350 16983 20430 
5 416 985 3892 5585 9150 10591 12520 14843 16715 18656 
211 25163 28624 31775 33368 33949 34834 35320 35673 36127 36484 36498 
226 26683 30466 32268 33332 35550 35875 36389 36484 36498 
0 339 363 2482 5024 6417 9224 11696 12895 13771 16433 
119 13221 15039 16741 18697 22119 23864 25745 29504 30297 32481 33720 35042 35841 
4 391 580 896 1426 2981 4214 4693 7674 8470 9171 10471 11828 15194 17231 18695 
224 26530 28473 29840 32691 34589 36128 36258 36410 36498 
190 22470 25666 27331 27885 31237 32556 35184 35966 36278 36439 36470 36491 
8 513 1385 2954 4263 6207 9734 11011 11553 12526 15836 17737 19248 21960 22646 
24 1770 3627 4967 6854 9302 11177 13158 17383 20296 23161 
4 393 754 933 3582 5241 5672 9118 10533 13785 15467 16815 18107 18592 19923 
70 7139 9134 10537 13446 15671 16859 20213 21661 23529 25930 27733 29701 
4 391 582 1029 4322 5744 6390 7830 9267 9882 12322 14416 16473 
8 517 2276 4354 6273 7662 10691 12977 16060 16687 17340 18101 20044 
8 513 1384 2928 4710 6811 8652 9379 10055 10681 13804 14195 16954 19130 19883 
14 828 1002 2753 3300 4110 6076 6784 9067 10579 12506 16675 18369 20241 22893 
186 21717 23101 25853 28230 29413 30288 32822 34753 36174 36428 36498 
14 828 995 1794 4665 6570 8089 10668 14089 16042 17337 20753 22298 23690 
8 514 1889 3546 6870 8064 8612 9679 13059 14466 15964 
8 516 2236 4066 5812 6514 7162 7780 11085 11533 14028 16106 18572 19980 21478 
4 391 579 851 2367 3553 5090 6625 7214 10619 15352 17296 
3 367 536 741 1522 1947 3980 6021 7235 9083 11296 14962 16544 19279 21903 
187 22026 22547 23536 27273 29495 32516 33314 33849 34818 35603 36426 36484 36498 
4 399 1579 2909 5538 7490 9666 11748 12426 13603 
156 18099 19718 20483 21820 22466 27782 29537 30673 32227 33328 34545 34883 35659 36401 
161 18398 20971 23781 25727 27864 31465 32971 35145 35577 35909 36363 36431 36491 
171 20131 22386 23752 26469 27609 28507 30543 32550 35340 36227 36333 36448 36498 
111 12476 14280 16228 18764 20531 22282 25761 27127 30302 31953 33208 34304 34669 35800 
174 20702 22508 23199 24656 27536 28788 30428 32322 35192 36000 36392 36491 
152 17969 19790 21740 24263 26029 27798 31212 32598 34247 35721 36264 36473 
200 23591 25305 26005 26655 27263 30321 30711 33337 35022 35425 35959 36387 36484 36498 
207 24231 26073 27770 29707 32490 34001 35231 36391 36484 36498 
131 15240 16116 16931 17560 18809 20128 23432 24996 26425 28409 31799 32943 34129 34519 36194 
181 21061 23633 24889 25301 29239 31228 33225 34829 36067 36344 36469 
19 1145 2050 2801 5155 7533 8732 9630 11455 12172 12827 13427 14872 18044 21344 22687 24129 
32 2526 4161 5326 6712 7220 9890 12202 14276 18286 19629 20868 21363 22607 23450 25228 25983 27411 
250 29713 30846 32033 33795 35237 35934 36384 36495 36501 36502 
4 391 584 1399 2997 4922 7398 8829 10369 14440 15685 16573 18755 20139 21796 23346 
4 391 580 898 2381 3643 5649 9345 10981 13685 14370 15274 17036 
13 733 2171 3126 4579 5027 8427 9979 12008 13326 16622 18237 19527 21573 22201 23431 
251 29745 31566 32133 34859 36114 36332 36433 36495 36501 36502 
4 392 713 2848 3498 4208 6117 6820 7895 8507 12125 
6 485 1208 1771 3661 7323 8134 10451 11881 13645 15107 
173 20506 21112 21747 23074 24491 25896 26484 28856 30925 32107 32681 35126 35349 36302 36479 36491 
13 732 1804 2777 3222 4152 7795 10104 13265 13841 15151 15661 18231 20443 21968 24595 
170 19954 21194 22085 24254 25637 27320 31539 33141 34739 36245 36456 36498 
143 16516 17790 19455 21436 24877 26631 28527 32570 33817 35264 36273 36447 
11 650 1081 1956 4248 5430 6309 8391 12227 13737 16238 18776 19327 20085 20862 22848 
162 18702 19844 20739 23545 24733 27456 27985 31168 32742 33238 34685 35842 36303 36406 36491 
134 15284 17297 17998 19006 19657 24384 27018 28062 29044 32307 33993 35110 36218 36331 
52 4827 6598 8294 10352 13866 15576 17461 21915 23888 27228 
55 5758 7264 7766 9689 10953 11494 12514 16959 20229 22341 24326 26862 28257 29633 
4 391 583 1034 3135 5297 5953 6846 9168 13949 15795 16945 18441 18930 20859 
206 24198 25266 26327 29577 30980 32392 34461 35656 36450 36498 
159 18319 20903 22131 22994 25047 28761 30262 33090 34034 35214 36264 36473 
140 15969 17764 19443 21432 25930 27733 29666 32139 34399 35725 36221 36425 
129 14996 15633 17524 19544 21623 25178 27513 28899 29403 31947 33973 35070 35451 35865 36362 
214 25450 26604 27243 28559 30122 31365 31939 34095 35482 36139 36479 36491 
148 17205 18409 19632 22164 22587 25181 28097 32004 33300 33823 34919 35687 35951 36420 
15 924 2082 2525 3693 6435 8801 10008 11975 16251 19130 19883 
165 19220 19756 20805 24068 25477 26965 30955 32194 32996 34964 36104 36320 36427 36488 
141 15993 17038 18488 20359 21950 24796 25208 27994 30136 30849 32428 33675 34297 35397 35752 36211 
151 17944 19807 21008 22965 25972 27561 30164 31663 34382 35625 36273 36447 
