118 4430 4703 5204 5541 5724 6090 6185 6238 
0 182 257 371 722 999 1866 2325 
0 183 292 581 796 1511 1876 2082 2543 2742 
0 181 220 929 1333 1678 2006 2091 2558 2911 3226 
101 3840 4054 4614 5338 5632 5824 6155 6226 
2 201 252 802 1241 1653 1972 2201 2815 3256 
9 282 546 1387 1802 2239 2697 3001 3191 
9 283 640 813 1176 1456 1980 2374 2942 3156 3713 4154 
87 3321 3723 4015 4322 4753 5163 5502 5742 5886 6033 6116 6218 6236 6238 
74 2808 3068 3193 3587 3907 4238 4668 5060 5362 5656 5731 6052 6178 6222 
94 3532 3805 4306 4645 4838 5481 5855 6104 6214 6232 6240 
75 2872 3264 3566 3873 4296 4714 5053 5304 5472 5680 5829 6108 6204 6230 
5 231 494 1034 1251 1831 2303 
122 4604 4865 5023 5236 5406 5816 6040 6121 6213 6239 
4 223 401 510 915 1642 1936 2501 2871 
0 185 435 833 1218 1565 1910 1988 2483 
10 316 606 687 1108 1461 1766 1900 2340 3009 3355 
71 2668 2967 3048 3465 3809 4110 4574 4787 4957 5383 5697 5958 6005 6182 
104 3937 4348 4524 5117 5509 5793 6017 6065 6206 
7 265 520 588 1010 1355 1616 1756 2169 2553 3092 
2 201 247 360 773 1101 1431 1501 1947 2328 2906 
96 3642 4049 4797 4967 5293 5704 5981 6130 6167 6227 
5 230 346 1051 1398 1597 2141 2599 3038 
8 272 655 1003 1299 1421 1841 2162 2517 2957 3367 3706 3980 
116 4389 5032 5437 5800 6046 6169 6191 6231 
82 3058 3356 3847 4203 4738 4952 5532 5894 6126 6217 
1 192 350 732 1034 1254 1998 2390 2591 3116 
97 3676 3893 4444 4854 5152 5649 5935 6060 6199 6220 
90 3398 3825 4539 4920 5254 5578 5765 5978 6187 6229 
36 1324 1545 1724 2192 2646 3042 3686 4125 4338 4508 4942 5246 5436 
93 3497 3914 4258 4558 4988 5369 5690 5840 6084 6177 6233 6240 
1 191 323 648 972 1041 1468 1826 2423 2491 2918 3257 3531 
0 181 219 598 939 1131 1556 1740 2413 2825 3117 3439 
92 3489 3991 4289 4503 5087 5774 5999 6113 6228 6239 
124 4707 5005 5328 5599 6011 6162 6208 6239 
111 4219 4621 4913 5220 5639 5988 6151 6209 6223 6235 6239 
64 2484 2707 3292 4059 4494 4889 5187 5379 5929 6150 
19 679 1187 1493 1719 2357 2792 3391 3583 4186 4603 
11 391 763 1093 1266 1567 2102 2274 2533 2711 3124 3458 3780 3855 4288 
15 550 843 962 1363 1792 2031 2205 2681 3360 3651 3770 4162 4464 4786 
57 2127 2449 2949 3312 4090 4471 4805 5127 5194 5610 5908 6083 
70 2634 2907 3408 3758 4395 4812 5156 5447 5564 5915 6098 6195 
110 4155 4414 4844 5261 5603 5864 5951 6158 6216 6234 
12 426 631 876 1211 1520 1606 2058 2453 2763 3227 3440 3609 4022 4356 4702 
106 3981 4254 4745 5094 5287 5895 6141 6196 6226 
13 456 698 868 1083 1257 1685 2042 2215 2586 3450 3620 3946 4385 
3 209 463 756 1059 1141 1572 1940 2258 2744 3147 3565 
6 237 557 898 1151 1290 1696 2053 2610 2778 2991 3160 3573 3899 4089 
