0 152 329 558 1584 2477 2893 4229 4990 5488 5971 
91 6721 6902 7740 8639 9025 9819 9906 
81 5936 6140 6932 7915 8333 9486 9808 9889 9910 
61 4385 4587 5403 6367 6786 8112 8786 9264 9593 9678 9817 9876 9897 
71 5178 5349 6170 7118 7537 8839 9457 9725 9851 9879 9907 
86 6380 6799 7347 8406 9108 9331 9865 9907 
103 7531 7872 8374 8630 9170 9731 9887 9912 
93 6909 7327 7665 7939 8266 8444 9202 9749 9906 
66 4837 5255 5617 5988 6249 6597 7724 8031 8691 9228 9429 9624 9771 9825 9881 9910 
79 5884 6420 7440 8024 8309 8551 8854 9342 9629 9764 9859 9888 9906 
84 6147 6558 6877 7130 7490 7686 8451 9337 9820 9902 9912 
0 156 760 1092 1427 1662 1967 2506 2927 3334 3669 3913 4271 
78 5734 6579 7649 8289 8469 8832 9146 9350 9580 9676 9874 9910 
1 163 267 392 639 1051 1424 2690 3436 3935 4353 5084 5771 
6 294 584 881 1155 1828 2362 2641 2919 3357 3512 3863 5014 
76 5605 6040 6478 6766 7221 7526 7859 8814 8958 9255 9534 9648 9796 9869 9895 9908 9912 
80 5912 6263 6643 6842 7265 7458 8176 9100 9326 9867 9907 
8 432 916 1245 2304 3271 3693 5022 5748 6272 6761 
3 205 368 617 801 1770 2177 2530 2896 3155 3492 4056 4486 4936 5229 5699 
77 5710 6075 7106 7697 8587 9211 9492 9874 9910 
0 151 282 1231 1875 2403 2817 4076 4679 4951 5247 5640 5841 
57 4162 4523 4812 5360 6288 6974 7958 8282 8596 8951 9527 9809 9844 9897 
96 7166 8131 8666 9056 9386 9610 9716 9821 9903 9911 
0 157 847 1699 2339 2703 3763 4419 
12 671 1137 1418 1714 2198 2448 2794 3315 3642 3973 4943 5624 6206 6499 6789 7197 7395 
1 162 197 602 1206 1360 1675 2023 2222 3283 3704 4069 4434 4699 5063 
48 3422 3734 4000 4594 5504 6233 7174 7540 7803 8132 8675 9074 9418 9612 9757 
83 5978 6322 6826 7094 7693 8587 9220 9787 9858 9893 9910 
57 4161 4515 4800 5356 6293 7594 8123 9136 9638 9739 9841 9898 
63 4425 4766 5146 5842 6547 7466 7816 8188 8383 8771 9092 9306 9553 9779 9857 9891 9910 
18 1165 1486 1746 2269 3193 3890 4246 5843 6689 7396 8104 
50 3602 3927 4307 4531 4976 5281 6354 6897 7841 8528 8848 9661 9856 
53 3831 4222 4566 4852 5364 5772 6121 7010 7356 8039 8336 8704 8875 9190 9425 9767 9886 
3 207 442 689 851 1514 2122 2281 2683 3021 3296 3631 4507 4799 
51 3626 3803 4552 5276 5542 6697 7024 7412 7629 8064 8365 8613 8932 9368 9588 9733 9856 
1 164 274 409 1201 1683 2069 2752 3451 4361 4713 5100 5311 
62 4420 4753 5284 5552 6135 7048 7786 8648 8981 9165 9694 9907 
2 177 419 728 1946 2636 3176 3594 4292 5014 
98 7285 7563 8000 8152 8492 8763 9393 9703 9806 9907 
74 5387 5700 6445 7621 7904 8439 9275 9696 9864 9900 9907 
10 520 787 1039 1549 2419 3132 3487 5313 6061 6336 6671 7256 
1 166 350 491 752 1114 1273 1604 1867 2537 3119 4043 4465 4889 5224 5466 5821 
0 154 565 1080 1457 1821 2142 2382 2712 3396 3696 4091 4291 
70 5154 5479 5858 6079 6526 6838 7886 8215 8727 9014 9282 9563 9831 9904 9909 9912 
95 7148 7571 7977 8314 8745 9019 9295 9594 9760 9906 
7 314 483 1099 1619 1881 2169 2553 2732 3076 3391 4637 5772 6115 6412 
0 151 281 993 1639 1962 3532 4221 
60 4362 4824 5221 6565 7280 7824 8234 8895 9462 9566 9721 9834 9873 
0 153 513 979 1478 1728 2051 2595 2887 3230 4151 4896 5465 
0 150 247 476 731 957 1260 2324 2613 3341 3870 4180 4457 4912 5083 
4 227 286 896 1758 2166 3469 4175 4722 5219 
4 232 780 1022 1333 1802 2116 2433 2862 3053 3462 3779 4042 
28 1905 2071 3092 4013 4431 5779 6493 7033 7506 7701 8105 8419 8665 
10 518 659 1293 1920 2077 2395 2768 2986 3576 4142 5194 5518 5904 6628 7326 
70 5155 5564 5985 7334 8079 8571 8994 9172 9480 9667 9750 9848 9905 
75 5593 6019 6432 6767 7246 8242 8562 8907 9116 9448 9643 9747 9906 
6 293 550 828 1062 1383 1553 2235 2969 3248 4337 5035 6104 7009 
92 6736 7062 7507 7927 8344 8684 9026 9247 9495 9763 9906 
4 229 533 667 969 1308 1503 2623 2977 3259 3799 4739 5821 
24 1561 1939 2249 2488 2846 3042 3827 6011 6454 6608 6952 7257 7984 8527 
64 4598 5015 5328 5577 6190 6485 7181 7770 8791 9048 9401 9510 9687 9795 9899 9911 
10 522 938 1178 1449 1843 1990 2518 2948 3381 3673 4121 5127 5664 5972 6304 6818 7093 
18 1163 1352 2008 2665 2822 3168 3548 3751 4840 5423 5793 6863 7613 7903 
4 227 285 813 1398 1570 2577 2882 3209 3725 3983 4333 4888 
5 242 377 709 859 1224 1529 1783 2101 2273 3005 3660 4623 5219 
3 208 459 704 1017 2206 2465 3049 3952 4658 5311 
