2 483 1305 2990 4961 9005 12700 16184 23769 25949 29665 35173 38689 
265 50811 53785 56033 60939 64535 65825 66439 66508 
287 54334 57422 59671 63830 65213 65953 66449 66500 66510 
205 38184 40185 43768 46020 49758 54002 57749 61117 65616 66184 66364 66497 66504 66506 
296 56975 59959 62782 64248 66047 66348 66481 66494 66507 66509 66510 
262 49435 53410 55580 61704 63461 64734 65432 66071 66266 66407 66507 66509 66510 
249 47739 49104 50923 57136 60735 62118 63333 64605 65975 66505 66508 
256 48433 50004 52350 53830 55498 57987 60176 61423 64530 66093 66353 66508 
269 51873 53274 56076 58767 60437 62891 64368 66344 66459 66506 
257 48528 51251 53049 57163 59070 60544 62839 63952 65197 65724 66149 66417 66504 66506 
191 35913 38841 41129 46181 50957 54209 58473 64933 65997 66250 66484 66496 
234 43962 46084 49855 55057 57679 59690 63254 64379 65612 66477 66508 
2 480 979 2114 10459 12798 16789 19408 21634 24892 26239 30070 31578 
83 13217 14818 17532 19615 21835 24517 28646 36059 38875 41302 46063 49320 54427 56650 
255 48206 49975 52671 54690 56892 59499 62315 64695 65697 66330 66505 66508 
179 33178 35270 38789 40990 44706 49034 52787 56259 62910 64409 65130 66311 
239 45584 48166 50342 51787 55843 58447 62931 65242 65812 66491 66504 66506 
186 34408 37544 39856 46416 49138 52896 60804 63778 64961 66322 66462 66492 
280 53122 54955 57542 59565 62761 65825 66439 66508 
232 43401 45117 47649 49767 53266 57635 65091 66455 66505 66508 
266 50912 55531 57207 58559 60943 62445 63550 65422 66439 66508 
214 40602 43126 46995 49203 51683 53695 60590 63140 64608 66455 66505 66508 
219 41963 43344 46123 48053 49344 52457 54778 61615 63693 64935 66177 66444 66505 66508 
215 40741 43741 46100 51167 57050 61027 63119 66322 66462 66492 
211 39301 43793 46111 49813 52429 58585 60859 64628 66223 66455 66505 66508 
290 55767 59622 63990 65655 66331 66427 66487 66498 66503 66510 
2 485 1356 2651 6247 8828 15368 17815 21882 24570 26797 
245 47078 48630 53437 57374 59028 61682 65698 66220 66493 
252 48110 52238 54184 55711 58252 59804 62241 63799 64988 66260 66505 66508 
159 28950 31091 34881 40107 42848 50969 54637 56816 61121 63365 64696 66066 66426 
281 53350 54986 57497 59521 61536 65855 66466 66508 
184 34166 36172 39825 45148 47844 55939 59543 61541 64992 65898 66312 66484 66496 
204 38145 40627 42941 45307 46367 47997 50036 53177 55619 61734 64114 65536 66123 66478 66495 66504 66506 
230 43166 45003 47692 49786 51912 60729 63178 64694 66223 66455 66505 66508 
236 44315 47484 49843 54744 57330 60234 63176 66261 66448 66508 
216 40910 43601 48514 52485 54158 56933 63159 64578 65955 66450 66508 
225 42929 44700 51707 55469 57773 59219 62367 66224 66472 66505 66508 
248 47323 48730 50544 56109 60083 61687 64064 65498 66046 66372 66506 
264 50609 53106 55234 56519 60692 64332 65160 65691 66230 66408 66456 66508 
16 1169 3041 9388 11426 14662 16253 17875 23961 
240 45852 49778 54876 58401 61559 62765 64609 65386 65843 66493 
239 45584 48168 51964 53152 55340 58633 60870 63617 65352 66455 66505 66508 
154 28023 30622 33007 35380 36409 38000 40069 46342 48988 52757 55460 60972 64183 65080 66061 
4 580 2464 5156 6428 12536 14533 16753 24257 29409 31579 34952 36533 
170 32064 35499 38813 41110 44838 47442 50448 53815 61093 63302 65411 66127 66358 66473 66496 
160 29144 32053 38508 40791 42251 48915 54049 56025 59649 64018 65376 65976 66361 
270 52027 55115 56962 59509 65133 66212 66389 66446 66488 66509 66510 
91 15613 19596 23288 27706 32172 36356 42773 46279 48758 51916 54481 56653 59881 61287 
213 39926 41282 47559 49671 51837 59203 63621 64911 66021 66294 
263 49913 51233 57587 59573 61591 64746 65791 66253 66478 66495 66504 66506 
209 39104 41121 44809 50123 52902 58219 62282 66223 66455 66505 66508 
218 41882 45621 48120 50639 56781 58056 60131 63121 64600 65965 66381 66493 
251 48101 53253 56903 58154 60699 61967 63845 64758 65478 66497 66504 66506 
258 49080 51110 54717 59912 62348 64629 65443 65859 66388 66505 66508 
16 1169 3032 5092 11758 14294 16478 20811 23616 28399 32565 
2 480 979 2111 6324 10766 14021 18334 26715 29893 31488 
3 563 896 3945 7573 9161 11878 18266 20604 22246 25266 26349 27912 30016 33420 35912 
150 27710 29070 31490 34767 41075 48798 51126 56104 60844 63479 65884 66308 
57 8153 10104 12160 15514 18207 19864 22527 24653 26874 36350 41035 44292 49525 51649 
244 46958 49752 56490 60299 61798 62938 64653 65479 66362 66504 66506 
2 483 1304 2620 10907 13650 16062 20946 24352 29553 31842 
197 37118 40153 43287 46318 50196 52133 54575 56007 62585 64259 65440 66241 66412 66497 66504 66506 
241 45904 48270 51174 53926 55648 58283 60432 65044 65846 66257 66504 66506 
220 42044 45280 47175 49223 50735 57636 58955 60681 64648 66075 66340 66478 66495 66504 66506 
0 391 1060 3349 5722 7259 8496 11088 12912 17082 19075 20810 
168 31898 34775 41625 46502 52813 54816 57077 58344 60980 62579 65137 65815 66187 66429 66496 
223 42284 43653 45546 51200 55292 57027 60000 62606 64375 66324 66418 66480 66508 
217 40927 43934 45690 48463 50650 56939 59118 61076 62492 65745 66421 66496 
2 482 1296 4347 7837 11198 18607 20957 24727 30024 33715 
28 3277 4489 6115 12100 15757 17441 19770 21136 27568 29672 31876 39390 44571 46837 
0 390 1032 6469 8958 12629 15307 22200 25919 27567 
200 37813 39129 41475 44724 50073 53594 58003 59985 61926 65805 66298 66443 
180 33218 35070 37619 39654 41860 51212 53634 56735 59317 62370 64744 66298 66443 
242 45938 50401 52083 55173 60910 62386 63519 65420 66439 66508 
155 28087 30991 34781 39057 42854 46395 53733 55894 59514 63271 65369 66443 
2 484 1330 2638 9317 14390 16658 24196 26996 31693 33842 
190 35653 38170 41915 43140 45332 48770 51097 54474 57670 63452 65870 66295 66484 66496 
141 25814 29724 33337 37663 42156 50552 52924 56758 59358 61338 63890 64683 65986 66278 
199 37348 38749 40539 47268 51013 52581 54846 56190 62161 63762 64958 66455 66505 66508 
261 49393 53757 56014 59628 62014 63749 65770 66400 66507 66509 66510 
115 20718 24714 28308 32745 37189 40545 42956 51403 54102 56209 60043 61781 63426 64448 
171 32106 33716 38494 42478 44199 47022 53451 55694 57127 60068 61137 62512 63969 65529 66156 66394 66496 
155 28085 30180 33911 36107 39761 44079 47924 51430 58323 61782 63729 64598 66298 66443 
226 43057 48392 49725 51120 57964 60255 62503 63756 66363 66487 66499 
1 417 1160 2888 9151 11459 13515 16896 18407 23460 27492 
2 484 1330 2640 11063 16981 20444 22935 26821 29505 31692 
183 33569 36273 38135 42231 44673 46094 53016 55390 57822 60344 61886 63055 64290 66304 66484 66496 
131 23373 25035 27660 29733 31941 34592 38781 46075 48856 51295 55984 59142 63581 64887 
2 500 4143 6264 9722 12276 14498 19932 23669 
238 44940 46300 52627 54673 58909 62429 64756 66298 66443 
4 578 2231 5429 7244 9633 10964 17916 20334 22967 24707 31223 35498 
27 2902 4115 5714 11486 15967 17722 19217 22917 31035 34817 36909 41892 44477 46708 
7 702 1281 6359 10202 11887 14967 17955 20082 22296 29171 32330 35615 
237 44362 48585 51861 55247 57923 63225 65507 66009 66487 66499 
250 48021 50561 52264 53648 56373 58355 61549 64146 65060 66045 66489 66501 
161 29294 32491 34911 39796 42434 45521 48852 56231 58794 62322 64526 66240 66483 
4 593 4970 6983 11219 13938 16109 20055 22074 24222 25809 
11 792 1495 4197 6205 9667 13861 17696 21303 28046 30457 33029 35734 
33 3606 5376 8736 10849 14480 18816 22778 26320 33134 37200 39239 40808 43371 45031 47383 48913 
1 416 780 2685 3698 6086 7429 13132 15281 18631 23199 25695 
2 485 1356 2650 4823 8651 11696 14246 16406 23323 25483 28764 36388 40239 
2 485 1362 4874 6904 9851 11142 17215 18648 20502 23128 25281 26582 30910 35451 
0 395 1502 2745 5553 7223 10114 11931 13419 18290 22522 
0 396 1594 4145 7029 14079 19308 21547 
8 715 4273 8177 9880 12463 18578 21030 26162 31079 34384 39506 41699 
2 484 1330 2642 11163 15696 19041 23525 27339 30501 32247 
18 1772 3631 7077 8206 10304 13615 15926 20865 23858 30539 33017 36973 39560 41751 44970 46573 
5 646 952 2159 3404 4664 7944 15713 19527 21781 26326 29097 31324 35328 38385 
0 386 412 3583 5646 8013 9659 16004 20155 21969 25209 
169 31911 33344 36193 38986 42691 44757 46939 56164 60727 63447 65644 66376 66484 66496 
4 585 3378 6519 13275 15497 17072 20140 21277 22945 25064 28218 30735 
1 425 3472 5274 8232 10562 12586 13909 15659 21105 25386 
140 25546 28072 32025 34265 37326 41103 48143 50472 52956 54665 61405 64292 65101 65626 66249 
67 10653 14488 18034 22523 27119 31286 37803 41218 43682 46912 49579 51650 54785 56372 
7 704 2188 3573 7345 9187 10718 13229 18742 20559 23433 25628 32083 34359 36435 39272 40905 
2 498 3972 6953 8374 11336 13373 16779 20453 22255 23683 26131 27899 
188 34499 38467 40643 47055 49271 51330 52917 58722 62659 63938 65332 65956 66381 66493 
202 38126 43248 47029 48344 50929 52382 54923 56420 57941 60421 65010 65521 66108 66445 66505 66508 
2 483 1304 2616 6992 9480 11565 14753 16345 17893 20542 26970 28291 
13 845 2301 3542 8883 13012 14785 17508 24643 28975 32861 36450 41596 43740 
13 844 1424 3151 4996 7030 14222 19454 21749 28179 32934 36482 41596 43740 
2 481 1290 6151 13561 15914 21071 26041 29271 34543 36726 
156 28109 29955 32613 34790 36893 44269 49479 51582 58081 61058 64095 65095 66090 66311 
27 2902 4116 6299 8929 10605 13247 15427 21989 24327 26373 27938 33321 34739 36153 43033 45520 
4 579 2433 5184 6650 8114 10544 16813 18009 20213 23793 26071 29793 32453 36892 
43 6043 9679 15854 19642 21871 26053 28771 35678 38034 41940 44618 46839 49942 51477 
0 386 410 2513 4073 7221 9990 13107 15564 17581 18933 21376 23615 
243 46872 48960 50659 53588 56861 58225 60881 62530 63488 65234 66451 66490 66507 66509 66510 
0 386 406 624 1917 3866 5244 7619 9579 11728 21206 23758 26905 29601 31845 35040 36623 
2 485 1367 6284 11062 15831 19148 24469 26713 
17 1213 3341 10917 14561 16766 21309 24140 26269 30239 33320 
9 723 1849 7101 8306 10787 13759 15451 18361 21792 25338 
0 392 1257 2262 3450 5483 6493 7980 9992 16132 18770 22751 25909 32274 36067 37713 
3 565 1548 2722 5383 7159 8553 13300 17348 19005 21961 28712 33935 38263 40694 
10 745 2851 4596 5904 8402 9913 12491 14505 16717 19354 22710 29340 34598 36778 40075 41562 
2 481 1292 8562 12247 15313 17022 18304 21156 23071 27234 29222 30899 
7 705 3059 4571 7130 13590 15787 19588 24922 28541 
14 1036 2105 7136 9267 11202 12791 18696 23144 25000 27369 28827 
2 483 1304 2617 7054 9533 11645 14723 16091 22618 24716 29024 33626 36920 40601 
13 849 3105 4392 6275 9752 14902 17624 19740 22102 23504 30431 
29 3461 5774 7387 8709 11003 12830 14103 17319 19698 24516 27744 34335 39463 42821 46187 47996 
11 799 4444 7952 10452 16608 20415 22151 23512 26223 
2 485 1361 4830 7446 10422 12025 13314 16037 23105 25152 27252 30736 32266 36775 
13 846 2344 3550 5834 11783 12986 15090 18549 21002 24790 27400 30435 35323 
2 485 1360 4777 6795 9999 11383 12922 15441 21931 23271 
167 30925 34046 35765 39734 44033 47851 51399 58610 60764 63758 66014 66436 
20 2020 4016 8458 12321 13985 16841 23474 25743 27196 30262 31421 33040 35135 41382 45251 
207 38436 39989 42601 44714 48262 52535 61774 64328 65437 66322 66462 66492 
5 646 950 1765 6719 11032 12727 14150 17689 25995 29698 31890 36997 39607 41832 
2 480 982 2650 4822 7799 14055 19262 21465 24831 26390 28005 34045 
2 480 979 2111 6325 10899 19124 24422 26632 29893 31445 33112 38980 
0 386 409 1006 2061 4953 9963 18238 20552 27006 29246 31349 34300 35868 
16 1169 3042 9434 11513 15343 17939 20203 21685 25897 30431 
13 844 1423 2930 5215 7754 9712 13213 17577 25890 29180 33582 37414 40960 42600 
2 480 984 4517 6445 10160 12009 14447 15908 23038 25438 27900 29657 36254 40329 
22 2585 4227 5750 8137 10248 11596 15703 20267 23081 25641 31999 33254 39010 42789 46152 47923 
4 577 1463 3794 5689 8820 16229 18886 22882 25509 31720 36225 38102 
192 35962 37377 39866 42371 44911 47353 50044 51524 53059 55594 61654 62703 64507 65178 66021 66286 66413 66486 66504 66506 
2 480 985 4732 6764 13788 15898 19711 25104 27753 29864 32386 34952 36533 
2 480 979 2112 9292 14342 16577 19903 21437 27277 28657 31194 33006 
22 2586 4319 5845 8509 11748 15380 17883 22230 24617 26065 33530 35803 37270 43933 
12 815 1394 3235 5048 8398 12583 20860 24247 28550 32419 35624 37217 38532 41268 
11 796 2256 8072 10354 12775 14474 21606 26101 28003 
2 480 981 2641 11080 13502 16729 19362 21550 24970 26527 
0 389 905 2625 5507 7173 10086 16303 19606 24039 27825 31390 36624 38748 
162 29364 33503 35735 42064 44405 46399 48036 53878 58025 59774 62201 63794 65771 66436 
227 43066 47252 49247 50860 53380 55025 57299 58674 60393 62651 65826 66196 66432 66496 
2 480 990 5328 7864 9795 12228 18069 21213 25239 27129 29189 30801 
2 483 1318 7043 9526 12618 16068 18537 21847 24531 28495 
53 8014 10467 12129 13478 17396 19500 21771 31279 36011 39263 43609 47412 50517 53015 
21 2033 2957 5099 6563 8096 13711 17991 23962 25696 28373 30638 37082 39342 41340 44244 45801 
10 746 3745 4919 6257 12879 15236 17792 19581 26555 31159 32933 
6 673 1106 2387 4025 7017 10264 12946 14951 17139 24186 26528 28642 
1 416 779 2661 3673 5601 9606 11735 15844 18640 25571 27945 31953 34645 36810 39895 41471 
2 486 1382 3790 7661 12001 20527 22979 26798 29457 31611 34952 36533 
2 486 1382 3791 9211 13427 17245 20390 26434 
0 393 1455 3842 5996 7808 9077 10812 16448 21040 22881 
198 37178 43987 47816 51136 52844 54240 57714 64536 65935 66380 66492 
0 388 525 1740 4223 11244 13813 17659 20826 27205 30962 32612 
13 844 1425 3193 5023 7503 9677 14847 18415 21804 23305 29893 31488 
164 30597 33204 37021 38238 40394 44783 46947 50961 53822 60336 62497 65001 65912 66318 
229 43100 45194 47298 50707 56287 57832 59830 62822 64449 65353 65787 66279 66438 
212 39413 42526 44866 49571 52717 56170 58550 64556 65723 66455 66505 66508 
1 418 1697 3460 4944 11068 15188 16962 20117 27096 30234 
5 646 951 2130 3494 4621 8431 10555 16874 19099 21236 22927 28292 29759 31111 38103 40481 
2 480 980 2615 6540 9106 11170 15039 17770 19897 26293 28903 32799 37440 38933 
43 6039 8789 10991 15999 22093 26231 32780 36266 38690 41833 44430 46576 50044 51566 
11 793 1858 3277 4490 6607 9579 11727 21200 25915 29213 33724 37476 41170 42928 
22 2587 4416 5954 8607 11808 13186 15937 17825 19172 22448 24824 31976 34697 37871 40507 42180 43496 46272 
0 387 439 673 1105 2014 7316 10820 12419 18862 21014 24762 30101 32820 34985 37947 
0 386 408 873 1901 2870 8356 11849 13042 15667 17183 19800 21333 23063 28874 
182 33474 35144 37758 39769 41994 44665 47773 54217 59264 61289 63870 65287 65781 66443 
235 44202 48236 50353 54603 59838 63022 65591 66012 66487 66499 
16 1170 3895 5821 11908 14197 16188 17807 23274 26844 28140 30334 36362 40244 43244 
206 38207 39958 42646 44731 46907 55996 58664 61024 64576 65857 66467 66493 
1 416 777 1687 2537 6122 8557 17099 22341 23866 25546 28069 30374 31746 36001 40387 
274 52726 54073 55858 61872 65267 65932 66471 66508 
201 38043 39744 46636 52536 54610 56810 64652 65670 66319 66461 66508 
7 703 1796 2902 4117 6331 8025 9342 12369 14650 19669 22421 28735 31118 34923 37504 41699 
99 17154 19834 22662 24735 26959 29650 33846 41047 43826 46274 51042 54311 59405 61510 
279 53083 55105 57182 60527 61862 64127 64718 65424 66162 66457 66508 
142 25865 28879 32657 34844 38402 42739 52149 55523 57864 61599 63657 64922 65986 66278 
178 33154 35742 38022 40267 41404 42961 45109 51347 53955 57728 61938 63182 64312 65494 66335 66426 
132 23403 25074 27614 29724 33337 37666 47166 51300 53722 56838 59452 61511 63845 64786 
189 35011 36322 40695 43431 45667 52047 54286 56311 57857 62749 65026 65555 66206 66373 66484 66496 
35 3866 5243 7475 8837 10514 12970 15080 16531 22025 25223 32357 33952 35653 38171 42006 44225 46606 48729 
173 32302 33771 36536 39681 41872 46971 49625 51756 58840 60852 63815 66033 66436 
224 42740 44125 45897 52209 55864 57469 62865 63975 65312 65954 66450 66508 
222 42101 45252 48301 52325 56043 57873 59158 62054 63828 66322 66462 66492 
163 29924 31296 35618 42256 45991 47623 53476 56119 57931 61847 64139 64888 66205 66483 
135 24087 26082 29821 35223 37994 45948 49698 51850 56264 58983 61993 64292 65128 
145 26928 28312 30655 34854 36961 39553 42774 49296 54381 57270 60330 64857 66127 66361 
19 1965 4170 6284 11064 17001 26224 30949 34326 40020 43554 
3 566 1641 2756 5455 8257 10397 13646 21253 23991 27796 30532 36649 41140 43032 
39 4620 7545 9782 14438 17613 21117 23673 30953 33942 39367 44534 48682 
34 3644 5214 7712 9685 11840 16205 18961 22312 25516 27164 33121 38386 39710 42165 45322 46756 
15 1134 2710 6693 8666 11945 15020 21076 22990 24375 27493 29853 36458 39166 43600 
146 27029 28542 33555 37572 39213 42035 48826 51053 54681 58866 63014 64969 65586 66235 66404 
221 42089 45380 47093 51307 55192 57061 59094 60656 65481 66154 66405 66497 66504 66506 
187 34453 37982 45069 50167 53300 55435 58660 64705 65759 66397 66484 66496 
22 2584 3763 6177 7666 9052 10982 14589 19980 22812 26454 32851 38599 42404 45554 47241 
165 30802 33883 36180 41200 45931 49213 53505 61320 64561 65754 66167 66436 
115 20714 23821 26090 31189 36103 45609 48043 51940 54528 56684 59742 61035 63913 64842 
228 43076 45681 51989 53201 55811 57237 59711 61159 62574 65576 65948 66426 
196 37104 38591 43482 47512 49177 52018 58326 62685 64220 65705 66380 66492 
13 847 2803 3959 6371 8104 12074 14033 17005 19051 20640 28013 32250 35396 37307 40330 41748 
11 792 1494 3921 5888 7310 13094 16848 18118 20832 22372 24863 27314 31130 33110 
174 32749 34190 35990 41206 45434 48182 50223 52305 59053 61384 63075 65056 66135 66365 66440 66489 66501 
144 26895 30554 33445 35103 37714 39750 43337 47736 55840 59063 62946 65188 66127 66361 
2 481 1289 5300 12659 14699 18509 20407 26167 30324 
172 32120 35351 38288 41307 45295 52934 55017 58131 60482 62283 63349 64787 65629 66321 66483 
1 416 778 2279 4562 7373 14011 16423 18464 22015 25627 
59 8402 9911 12184 13663 15343 17941 21906 23174 25412 33855 36162 41356 44156 47781 49884 52208 
18 1772 3629 5497 6825 10772 15140 16910 20037 26441 29787 36018 41563 44879 46483 
4 582 3306 5131 7894 9221 12694 20873 24680 26883 31398 34228 38590 
39 4624 8761 10971 14619 17276 20310 23851 31365 34120 37951 40952 46216 50341 
14 1040 4708 6524 8003 10187 11269 12807 14894 18183 20669 22717 24124 30902 37276 42340 43885 
26 2760 6873 9822 11293 12903 18167 19554 21025 28416 32186 37047 39204 42313 45520 
0 386 407 756 2125 8472 10701 12091 15065 16157 19031 21581 23757 
14 1036 2103 5058 10032 13327 16686 18041 20917 22591 28437 31278 
157 28342 29988 32702 35548 38869 43261 45818 52069 53580 58308 62075 63407 65042 66298 66443 
185 34274 37075 43457 45735 47242 50280 51372 54148 56465 58522 64480 65714 66380 66492 
141 25810 28683 31099 36219 40906 44235 48556 56579 61202 62977 64963 66089 
147 27043 30149 33396 40482 43820 48408 50780 56827 60192 62626 64052 65146 66122 
195 36930 38413 42606 46767 51478 53556 61722 63051 65614 66384 66454 66506 
247 47143 50236 53040 58203 59595 60865 65470 66354 66504 66506 
137 24280 27787 34074 37844 41334 48490 50702 52255 55227 61632 63400 64843 65690 
