264 40599 40744 40797 40808 40820 40823 40824 
164 26697 28362 31047 32653 33634 36039 37416 39999 40347 40782 40801 40816 
259 40372 40696 40760 40805 40822 40825 
222 36528 37810 39720 40089 40531 40737 40772 40820 40823 40824 
236 38604 39578 40290 40506 40759 40819 40820 40823 40824 
225 36609 37842 39061 39834 40683 40797 40808 40820 40823 40824 
223 36571 37884 39642 40581 40795 40821 40822 40825 
192 31139 32809 36138 38013 39140 39725 40626 40751 40815 40820 40823 40824 
209 34136 35869 36697 38896 39978 40361 40676 40790 40806 40821 40822 40825 
165 26740 28422 30864 34340 35846 36809 38713 39678 40332 40573 40780 40799 
185 30451 31980 33722 35144 37944 39692 40054 40758 40819 40820 40823 40824 
198 32949 34558 37083 38330 39025 40165 40613 40754 40788 40820 40823 40824 
210 34211 35853 37942 40339 40731 40773 40811 40820 40823 40824 
199 32974 34952 36501 38401 39390 40110 40682 40821 40822 40825 
187 30494 32018 33738 35035 37288 38377 39362 40195 40450 40813 40819 40820 40823 40824 
154 24340 25979 27201 29377 31162 34549 38509 39079 39909 40562 40761 
136 21756 23517 24416 27128 29257 30384 32099 36986 37755 39508 40226 40562 40761 
197 32248 34276 35915 36798 38901 40606 40712 40815 40820 40823 40824 
188 30510 32104 34663 37331 40239 40690 40774 40809 40815 40820 40823 40824 
190 31075 32750 35405 36740 37973 40118 40590 40692 40775 40817 40821 40822 40825 
195 31727 33365 36026 37707 38964 40094 40544 40734 40817 40821 40822 40825 
155 24791 26582 27539 30288 32381 33559 35173 39239 39775 40578 
128 20650 22294 23909 24768 26190 27192 30870 31921 34358 35991 38892 39675 40104 40395 40730 
169 27297 29180 30329 32399 34298 37351 40159 40400 
115 18078 19867 21125 23120 24160 27799 28794 31356 33085 36385 37531 38395 39067 39789 40579 40730 
141 22468 24024 26724 27982 29715 30580 33449 37451 38200 39810 40370 
168 27283 28856 30535 32069 35210 38810 39279 40274 40646 40721 40792 
137 21830 23443 27448 28902 30366 31417 32604 34638 36191 37023 39336 40061 40370 
159 25154 26817 28548 29401 31654 33423 34158 35968 39533 40232 40721 40792 
171 27376 28954 31565 34435 37430 39191 39889 40716 
181 29906 31484 34183 35699 36542 38627 39614 40299 40521 40813 40819 40820 40823 40824 
172 27904 29765 30670 33469 35423 36512 37877 39416 40662 40793 
5 354 656 1050 3230 5028 6097 7626 9686 10681 15778 18313 20949 
189 31024 32875 33884 36429 38134 38977 39846 40565 40695 40821 40822 40825 
149 24192 26489 28588 30174 33064 34922 36596 37839 40396 40730 
138 21847 23661 24611 28164 30889 31800 36064 37466 39594 40453 40685 40799 
160 25438 26999 29932 31116 32826 33867 36411 39606 40026 40667 40761 
183 30352 32718 34812 36327 38595 39376 40131 40408 40814 40819 40820 40823 40824 
192 31139 32807 35198 38927 40105 40445 40749 40818 40819 40820 40823 40824 
140 22166 23807 25454 26309 28532 30196 31002 32926 37064 38465 39118 40573 40780 40799 
10 757 1665 3690 5900 7848 10746 11743 15213 17631 19221 21065 22012 24686 25585 
101 15492 17275 20758 22994 24547 25517 29737 31391 32288 33928 36772 38774 39704 40400 
126 19849 21956 23685 24656 25935 29026 33480 37734 39451 40209 40562 40761 
122 18778 20684 21637 25422 27052 27878 29803 34253 36089 36924 39681 40308 40524 40739 
186 30467 32310 33504 35492 37685 39322 40145 40413 40814 40819 40820 40823 40824 
151 24286 25805 28442 31250 33840 36239 38062 40036 40371 40730 
127 20624 22207 24006 24749 26945 28621 29533 31271 33575 35042 39073 39824 40360 40673 
1 287 439 855 1282 3302 4793 6840 7817 12704 15137 17769 
54 7265 8730 11355 12514 14187 15120 17913 22253 23192 25778 26879 28525 30945 32068 
0 268 421 1708 3718 4865 5946 7997 8948 10351 15016 16399 19249 20303 
68 9605 11148 13447 18889 22231 24629 25907 27106 30264 31623 32790 34741 35754 
9 493 1454 2759 3572 6011 7863 8933 10444 15306 16325 18941 
2 308 569 2808 3490 5622 7087 8713 9466 11585 13091 13927 15733 
86 12537 14118 17587 19896 21513 22515 26277 27957 29841 30799 34726 36333 37040 38534 
106 16124 17789 20667 21871 23566 24530 27135 31526 32494 35097 36175 37548 39274 39833 
134 21284 22758 24368 25826 29054 33347 34095 36271 37627 38309 39439 40359 40730 
243 39020 39807 40360 40670 40762 40803 40822 40825 
124 19304 20967 23750 24934 26605 27583 30295 34599 35464 37815 38722 39680 40504 40673 
71 10139 11617 14377 15559 17351 18296 21089 25223 26139 28865 30037 31647 34060 35096 
232 37586 38808 40225 40557 40735 40769 40820 40823 40824 
2 310 1609 2507 4305 5799 6618 7949 8873 12293 13234 15683 
144 23637 25242 27663 30180 32357 33396 34773 35755 37719 39862 40627 40761 
8 484 3222 4357 5389 6253 7488 9764 11092 
111 17486 19125 21629 24977 25973 30083 33119 35338 36824 37655 39765 
99 14957 16506 19174 24136 26528 27599 30020 31641 33453 34409 36933 37683 
133 21222 22966 24168 26166 28048 31428 35937 36716 39001 39911 40352 40721 40792 
30 3360 4910 6045 7929 9643 12817 14816 15851 17038 21057 22353 23479 24384 25705 28148 29639 
4 333 678 1066 3237 7049 7903 10365 11482 12997 15357 16478 
5 354 657 1756 2370 3918 5385 9105 10424 13076 14010 
152 24310 25730 29215 30633 32138 35891 37355 38036 39161 40422 40753 
83 12420 14164 15103 17906 19988 21177 22796 27765 28770 31338 
100 15437 17327 18279 21081 23081 24222 25854 28103 32799 33947 36160 37780 39658 40013 
65 9052 10476 12945 17916 20428 21498 23853 25409 27154 28208 30917 31853 
7 398 1477 4194 6238 7583 10527 14669 16140 17135 19479 
123 18992 20736 23100 24958 28324 30550 31944 36684 37849 38969 39550 40060 40627 40761 
1 287 439 861 3199 3845 5574 
157 24892 26524 30565 32027 33541 34537 35645 37482 38729 39293 40535 40726 40761 
7 397 803 1805 3012 4373 5990 6859 9383 10207 14335 15937 18661 20304 21283 
4 335 827 1297 2354 3242 6539 7440 9730 11345 14619 16033 17184 18147 19526 22090 23478 
121 18762 20424 24400 25723 29823 30599 33045 34316 36000 36892 37999 40014 40661 
2 306 464 1035 2103 4831 8768 10085 11046 13201 
2 308 568 1820 2589 3867 5482 6351 8844 12873 13798 16417 17649 19227 21700 22721 
3 317 474 3473 4712 7250 8123 
13 967 2640 4456 5307 6662 8317 9215 11733 15979 16918 19617 20832 22390 24735 25777 
23 2857 4235 5877 6602 8847 10727 11829 13438 18403 20814 22383 24113 25107 27736 28698 
79 11893 13414 16029 21102 23489 24596 26862 28519 30272 31225 34032 34917 
4 334 733 1205 2174 5114 7410 8920 11109 14801 17226 
1 287 439 855 1279 3074 4471 5258 6947 11314 12827 14577 15371 17716 19337 20248 22011 
11 780 1689 3890 5279 6113 8467 9916 12238 15603 16724 20877 23169 25651 
15 993 2291 3763 4513 6174 7518 9090 10451 13474 17770 18594 20897 22484 23344 25106 
4 331 510 872 2263 3632 4502 8290 9872 10657 12196 15299 18490 19480 22089 
2 312 2045 3387 4774 7158 9813 12128 14559 
0 268 424 2219 6016 8267 11623 13663 15462 17049 18048 
2 307 537 1341 2737 3556 6008 9898 10818 13319 14457 16082 18558 19675 
3 318 576 1408 2897 3678 8698 10173 11024 12758 
5 354 659 1996 3029 4379 6586 7563 11395 12893 15957 18425 19802 21013 23267 
9 500 3224 5688 7409 
10 757 1666 4258 6468 7680 8757 12914 14494 15390 16866 17937 21681 22621 25056 
22 2245 3980 5504 6369 10058 13683 14832 16526 18844 19940 23888 26113 28732 
0 268 422 1970 4096 5652 8795 10040 11093 11990 13257 15761 17265 
25 2945 4279 6533 9425 10294 12667 17426 19061 20950 21714 23974 25528 26405 28287 
3 317 473 2313 3522 4807 6775 8339 9232 11738 15893 16817 19558 20799 23298 
1 287 442 1319 2838 6751 8513 9367 13004 14627 15413 17425 
9 494 1495 2921 3698 4850 8561 10635 12168 13121 16963 18049 19585 23038 24502 
17 1392 2634 4987 6317 7670 11168 12759 13564 15194 19084 21579 22893 24030 26274 
4 331 515 1251 1876 3346 4679 8361 9154 
5 355 932 2857 4239 6685 8145 9018 13037 14596 17473 20193 
6 376 640 2992 4965 6427 7333 10882 11917 13302 15684 17183 
19 1432 2712 4801 8643 10795 13213 17452 19145 20849 21739 24839 26342 27375 
132 21208 22680 24206 25206 26325 28066 29865 30840 32221 35199 39482 40415 40752 
1 287 439 858 2331 3172 4417 5345 9981 11499 12355 13723 14749 18539 19503 22139 
1 287 439 855 1286 4633 7181 7965 9627 11135 13639 15102 
4 331 513 1170 1840 5198 7010 8537 10108 10946 12990 14708 15734 18509 19412 
5 354 656 1051 4129 6558 7346 9038 10435 14210 15067 
5 354 656 1055 5136 7526 8598 10063 12341 13378 
7 397 803 1804 2524 4386 5923 6640 8390 12490 14310 15280 19234 20989 21779 23620 
117 18121 19710 22323 27170 29689 30782 33163 34712 36414 37299 39254 39752 
116 18107 19608 21322 22768 25874 30156 30961 33244 34844 35676 37234 38990 39803 40579 40730 
7 405 2133 4440 5241 7206 8826 9705 12313 13166 
2 308 567 1020 1993 6268 7494 10124 11023 
1 287 439 857 2095 4045 4939 8852 11143 14602 16730 17829 19264 20332 22590 
11 780 1685 3124 3805 5827 7304 8124 9781 11844 13295 17375 18242 
176 28331 29974 31687 32588 35007 37509 38174 40381 40678 40801 40816 
158 24909 26767 27679 33559 35170 37216 38097 40252 40709 40800 
14 981 2681 4401 5894 8427 9582 11217 12039 14705 19106 20080 22722 23873 26307 
9 495 1729 3046 3823 5066 6035 8736 10712 13702 15584 19029 23621 24467 
0 268 420 1197 3140 5005 5963 7281 8173 10274 13596 16291 
10 758 1911 3958 5430 7635 11752 14108 17795 19965 21030 22445 23396 25619 
81 11933 13309 14982 16492 22848 25936 29209 33198 35440 37705 
235 38560 39425 40211 40462 40687 40804 40821 40822 40825 
213 34485 36113 37569 38291 39790 40632 40742 40779 40820 40823 40824 
199 32973 34618 36917 40285 40704 40757 40815 40820 40823 40824 
182 29948 31544 34023 36303 38111 38866 39706 40259 40511 40714 40807 40818 40819 40820 40823 40824 
162 25961 29472 31092 32997 33962 37543 38911 39494 40493 40658 
174 28006 29696 32125 36437 39235 40567 40765 40812 
166 27240 29660 33606 35303 36463 38224 39408 40674 40812 
129 20708 22272 24677 27005 29233 30220 31704 32708 37196 38570 39214 39900 40709 40800 
146 23734 25331 26896 27819 29275 30298 33332 35390 38147 38922 40472 40662 40793 
66 9485 11195 12022 14698 16773 17997 19679 24714 25652 28113 30436 31974 34392 35799 
161 25895 29439 31434 33095 34757 35628 37542 38902 39468 40482 40655 
194 31457 33139 34828 35661 37553 38843 39305 40162 40789 40809 40815 40820 40823 40824 
180 29889 31201 33021 34003 35272 38422 39174 40249 40796 40819 40820 40823 40824 
125 19787 22376 24737 26479 27403 28819 32338 33805 35233 38267 38996 39805 40394 40730 
108 16630 18820 20600 21605 22924 26841 29136 30734 31751 35600 37382 38676 39986 40661 
145 23709 25264 27020 27842 30102 31763 32681 34469 38650 39630 40470 40782 40801 40816 
202 33527 35809 37151 38433 40623 40776 40815 40820 40823 40824 
163 26681 28448 30054 30979 32419 33495 36973 38707 40721 40792 
147 23766 24998 26792 27715 29101 32475 37186 39552 40360 40672 40794 40816 
41 5622 7091 9530 10964 11858 14260 15912 18420 21936 22959 26925 29327 31920 
105 15858 17607 19320 20233 22647 25382 26207 28032 29685 33754 35056 36485 37341 38300 39644 40370 
97 14880 16648 17946 20106 21917 25213 27223 28315 29424 33371 34670 35800 36645 37776 39464 40103 
107 16563 18714 20481 21464 24110 28404 29351 31990 33181 34719 36957 37857 39359 40404 
12 909 2076 4299 6967 10010 14725 17266 18340 20780 22647 25382 26241 
131 21193 22676 26052 27501 29037 32553 33591 35047 36658 37899 39867 40721 40792 
119 18690 20576 21564 25677 28476 29306 33697 35178 37505 39521 40422 40753 
13 965 2026 5526 6316 
153 24326 25736 27418 28973 32155 36287 37003 38793 39726 40075 40589 
207 33682 35136 36671 37920 39874 40637 40717 40796 40819 40820 40823 40824 
5 356 1616 2224 3612 6383 8664 10596 14135 15798 16702 18383 21439 23973 
0 268 425 2402 4588 8490 9937 11600 12378 14560 16199 17079 18991 
1 287 448 2424 4003 7034 9075 10316 12686 14095 
179 29120 31571 33216 34114 35514 36452 38825 39962 40320 40644 40799 
13 965 2024 3458 4628 6917 8199 11947 13610 14777 16844 18802 22200 25471 26404 
150 24238 25713 27433 28999 32179 36357 37596 38370 39753 40180 40619 40801 40816 
4 331 522 2561 3410 5599 7068 9960 12245 13491 14652 17030 
1 287 441 1225 2191 3158 5915 7165 8221 11239 12091 
45 6160 7506 8903 9856 10865 12601 14285 15257 16610 19756 25133 27555 30155 
5 354 658 1781 2620 4544 5599 7067 9314 12580 13586 17697 20057 22620 
20 1642 2968 4440 5242 7219 8803 9508 11269 15533 17537 18475 22397 24055 24815 26679 
3 317 472 1584 2655 6068 8259 
1 287 439 856 1852 2540 4065 6145 7503 12006 13380 16165 17134 
9 499 2781 4209 4944 6407 9190 11584 
9 497 2449 4170 5702 7234 8060 10070 11638 12397 14259 
18 1408 2898 4332 5082 6735 8260 10685 12092 13458 17298 19034 19918 21540 24503 26997 
7 399 1524 3387 4774 7159 11527 13774 16292 17984 20422 
102 15516 17227 19947 21403 22837 26554 28288 29158 30763 34577 36865 37977 38838 40052 
3 320 1082 2162 5455 6984 7748 9292 12851 15229 16581 17811 20160 
1 287 440 1150 3588 5855 9558 11290 12219 16089 17865 18613 20575 
3 324 2037 3286 4202 5225 7131 8615 9446 11678 13053 14011 16291 
2 306 462 895 1610 3791 4719 6215 7607 10009 14474 16792 19413 21147 23441 
1 287 443 1375 4685 5763 7212 9411 10393 12472 14058 16754 18278 
156 24868 26537 29999 32266 33901 34875 38488 39555 39947 40439 40765 40812 
57 8410 9662 11371 12272 13520 16536 22038 25287 27688 29071 30247 32552 
19 1432 2713 5448 6454 8582 10322 12949 13750 18064 19591 21337 22642 25057 26478 
170 27325 28896 32897 33770 35286 37132 38442 39113 40573 40780 40799 
0 270 713 3934 5662 6515 10056 11713 12625 15327 16257 
135 21298 22802 25360 28233 30710 33309 37112 38535 39184 40573 40780 40799 
109 17429 19761 22413 23226 27253 28945 31181 32241 36220 38181 39774 
120 18737 20437 23832 26008 27614 28653 32848 34511 35360 36848 39123 40284 
63 8977 10607 11774 13541 15163 16187 20454 22140 23016 24576 28382 30814 32194 33379 35594 
139 21894 23497 25863 30312 34984 37266 39041 39850 40662 40793 
19 1432 2714 5726 7726 9263 10160 13844 14849 16384 21352 22750 26628 27500 
87 12786 14395 16678 18354 19369 23539 25179 26031 27645 31504 33977 35244 36393 38266 
104 15826 17563 19287 20212 22372 27139 28823 31598 32436 34236 35841 38100 39112 
96 14866 16390 18177 19729 22878 27075 28564 29591 31859 33667 35126 37616 38369 
7 400 1551 2880 4021 5575 6494 7711 11450 16106 16947 19531 22328 23168 
9 498 2479 3958 5431 8265 9249 11465 13262 16049 16917 
27 3317 4661 7822 9155 10509 13877 14866 16387 17967 19018 20202 24047 25366 26480 28605 29590 
2 309 1116 2250 5164 6713 8273 11141 12153 14440 16348 19178 20056 
3 319 607 1433 3091 4898 8033 9833 11419 13021 13826 16076 17889 18863 21653 22557 
148 23783 25308 27036 27867 31947 34687 35530 37175 38419 39959 40404 
226 36621 38068 38943 39933 40433 40740 40777 40805 40822 40825 
118 18638 20503 21481 24130 26094 27253 28948 34076 35331 38758 40014 40661 
3 321 1601 3443 4750 7652 12443 13949 14956 
26 3272 5352 6713 8272 10498 14755 17293 20973 23057 24079 25486 26430 28769 
6 376 639 2730 3659 5747 7461 10015 10773 14909 16408 18162 19687 23620 
9 496 1937 2945 4280 7110 9319 10542 11667 15998 17667 18578 21802 23316 24285 
6 376 638 2127 5780 7881 10240 14360 15624 17511 18457 21779 23620 
167 27268 28850 31339 32756 34796 36321 39274 39828 40554 40761 
28 3332 4665 6081 7042 8081 10916 12472 14059 18192 19599 21161 22190 23301 25415 27785 28944 
47 6188 7787 8882 10844 12560 15888 20525 21367 22949 27120 28502 29641 31670 32652 
15 993 2285 3250 5046 6798 9863 11813 12810 13917 17857 19205 20381 22430 23395 
42 5645 6816 8443 9345 10573 14429 20007 21093 23990 26075 27928 29504 30435 
0 268 420 1199 3744 4607 6902 11798 14057 
14 978 2032 4154 5401 7777 11705 12974 14096 14999 16377 18942 20379 
62 8963 10356 11974 13388 16542 19829 22825 28189 30686 33295 
