91 12284 13554 14817 16048 16665 17571 18529 18650 18657 
62 7846 8914 9628 11672 14083 16075 17189 17802 18062 18486 
101 13995 15027 17352 18196 18538 18645 
112 15466 16420 17225 17774 18191 18528 18638 18663 
108 15056 15854 17291 17779 18383 18519 18658 18664 
48 5471 6571 7456 8633 10301 12619 14275 15529 17077 17506 
64 8072 9376 10421 11573 13301 15610 17130 18000 18546 18604 
98 13576 14341 15907 16535 17650 17971 18410 18656 18663 
92 12473 13359 14353 15238 15624 17609 18109 18329 18530 18649 18663 
72 9546 11109 12661 14089 14955 15749 16719 18078 18373 18550 18625 18643 
90 12064 12868 14496 15169 16356 16842 17694 18586 18652 
78 10552 12151 13195 13926 14378 15820 16934 18094 18325 18440 18634 18655 18663 
83 11027 12020 12902 13664 14468 15614 17492 18529 18650 18657 
106 14326 15358 16322 16777 18059 18487 18630 18663 
76 9860 10915 12709 13419 14615 15370 16504 17388 17889 18306 18482 
93 12484 13546 15992 17275 17989 18345 18532 18648 18662 18664 
3 186 390 794 2614 4061 5464 6327 7049 7743 9077 
95 12819 13972 14429 14987 15932 16485 16946 17342 18292 18497 18650 18657 
97 13520 15152 16105 16791 17186 18158 18535 18657 
85 11167 12117 13138 13833 14727 16544 17438 17937 18145 18561 18634 18655 18663 
75 9840 11001 11510 11976 13021 13619 14105 14600 15366 17045 17596 18251 18483 18645 
8 435 914 1559 2181 2951 3870 4956 6947 7710 8561 9580 11239 11735 
82 10826 11819 12512 14171 15499 16343 17862 18411 18566 18655 18663 
75 9841 11261 11781 12134 13698 14442 15005 15282 17673 18442 18601 18657 
105 14311 15352 16322 16773 17734 18318 18611 18653 18660 18664 
72 9540 10582 13092 14477 15260 16357 17135 17897 18369 18486 
70 9167 10308 10771 12016 14683 15869 17060 17478 18137 18602 18645 
2 179 314 668 1408 1958 2702 4127 5328 6871 8136 9759 10298 
36 3930 5077 6204 6967 9231 10010 11174 12809 14053 15677 16151 
71 9348 10377 11119 12685 14097 14976 16657 17653 18140 18602 18645 
94 12614 13895 15765 16811 17236 17667 18216 18430 18537 18657 
68 9087 10711 11899 12796 14386 15784 16594 17573 18014 18401 18645 
72 9543 10853 11867 13057 14753 16970 18124 18529 18650 18657 
84 11034 12014 14578 15890 16963 17766 18266 18478 18602 18645 
89 12044 13242 14211 14738 16834 17698 18167 18441 18634 18655 18663 
79 10611 11361 12980 13688 14938 15473 16416 18284 18567 18639 18657 
1 170 204 448 1387 2526 3311 5321 6271 7246 7919 8789 9440 
13 935 1828 2675 3103 4087 5059 6787 7467 8348 8865 9209 10758 11843 12537 
13 935 1824 2239 3145 4373 4991 7087 7562 8620 9187 9650 10146 10925 11920 12428 
79 10612 11770 13144 13791 14871 15991 18124 18529 18650 18657 
41 4759 5967 7195 7856 8938 10119 12810 14284 15187 16253 16887 
84 11036 12291 13405 14575 16152 17207 18043 18555 18612 18651 18661 18664 
63 8062 9121 9959 10701 11562 12547 13752 15839 16519 17268 18000 18546 18604 
88 11984 13641 14652 15318 16129 17917 18419 18563 18655 18663 
0 148 250 1676 2857 3593 4545 5268 6763 8124 9058 
81 10818 11947 14291 15440 15945 16376 17317 17744 18047 18256 18602 18645 
96 12837 13870 15659 16283 17328 17909 18439 18622 18657 
52 6227 7326 7800 9114 11592 12959 13781 14827 15556 17023 18033 18398 
65 8195 9214 10200 10878 11711 13671 14705 15417 15793 17163 17824 18201 18444 18624 
74 9686 10677 11632 12333 13232 15121 16099 16702 17454 17900 18464 18617 18652 
86 11317 12350 13457 13907 15078 16159 16635 16988 17916 18545 18622 18657 
5 275 697 1029 1846 3022 3611 5693 6164 7129 8439 9335 10094 10735 11955 
2 183 1013 1778 2430 2828 4102 4933 5668 6303 7560 
0 152 455 1755 2507 3346 4846 5797 6452 7298 7960 
3 186 396 1425 1804 2737 3658 4644 5112 
3 186 387 605 874 1661 2139 2588 3001 3691 5373 6051 6825 7371 8539 9095 9375 
55 6605 7897 8973 10121 11736 12926 14130 16016 16740 17623 17936 
69 9145 10367 11644 12880 13711 14161 16302 17112 17518 18009 18539 18646 18659 
73 9570 10589 11397 12109 12951 14402 16607 17540 18268 18473 18625 18643 
66 8400 10253 10978 11413 12860 13768 14551 15180 17393 17875 18402 18472 
85 11169 12397 14999 16755 17716 18143 18581 18625 18643 
61 7653 8806 9310 10583 13115 14532 15267 16229 16888 18066 18526 18624 
77 9878 11689 12431 13322 14076 17001 18029 18389 18562 18657 
6 294 561 1919 3602 4593 5718 7350 8504 9669 10852 
7 410 1098 1932 2961 4470 5528 6705 8675 9450 10977 
0 149 331 890 1082 2482 3375 5774 6924 7752 8209 9493 
18 1363 2410 3422 4163 6249 6974 8202 9823 11089 12727 13279 
3 192 719 1502 2371 3981 4604 5410 5931 6287 7772 8949 9625 
6 294 560 1639 2052 2294 3804 4729 7222 8459 9265 9702 10958 
6 294 559 1595 2206 3385 5219 6135 7693 8714 9400 10273 10912 
1 175 840 1485 2695 3155 3488 4901 5613 6143 6426 
2 181 369 954 1530 3444 3892 4314 5063 6035 6543 
3 186 394 1327 1697 2375 3472 4367 5024 5872 6485 
8 432 771 1295 2636 3854 4661 5491 6488 8292 8987 10298 
1 173 674 1291 3047 4174 5390 5896 
13 935 1826 2570 2986 3682 4885 5852 6556 8495 9833 10744 11485 12142 13510 
2 179 316 821 1464 1869 2536 4407 6688 8268 9642 10541 
60 7630 8903 10206 10862 12916 14148 15744 17169 17850 18228 18446 18624 
25 2475 3380 4193 4868 5639 6741 8395 11333 12206 13381 14049 
3 190 652 1171 2658 3245 4018 4496 4863 6367 7101 7578 7896 
1 170 206 571 1053 1377 3265 4039 4510 5261 7141 8592 
16 1257 2311 3235 4311 5922 6985 8186 10162 10934 12374 
84 11034 12015 14630 15799 16559 16974 17927 18427 18605 18633 18657 
1 170 210 1006 2077 2813 3465 4207 5239 6804 7324 
3 189 637 1165 3504 4422 5113 5519 6916 7785 8593 9255 10509 
67 8414 9517 9972 10542 11524 12088 12582 14231 14782 15137 16579 17249 17677 17867 18468 18624 
5 280 1444 1856 2176 3553 4288 4709 5023 
4 243 1145 2609 3731 4801 5557 7718 9284 10399 11077 
78 10553 12168 13213 13957 15583 16032 16748 17794 18299 18500 18625 18643 
18 1361 2159 3016 3642 4440 5041 6595 7610 9600 11197 12538 13491 
59 7571 9240 10473 11616 12385 14193 14896 15698 16191 16527 17817 18357 18525 
1 170 208 622 1484 2451 2902 3339 4278 6001 6654 
3 186 387 605 875 2214 3213 3837 4704 6524 
60 7629 8446 9985 10561 11187 13437 14253 14795 15549 17370 18221 18514 18624 
77 9876 10919 11920 12409 13599 14758 15200 16415 18258 18564 18633 18657 
87 11341 12451 13007 13512 14520 15099 15570 17094 17507 17763 18450 18581 18625 18643 
6 301 1309 2046 3695 4758 5508 7432 8116 
102 14025 15035 16181 17549 18026 18600 18663 
2 182 990 1978 2716 3169 3863 5350 6629 7541 
11 541 1234 1582 2035 2918 4573 5587 6294 7128 8432 9296 10039 10727 11974 
3 186 390 792 1673 3095 4144 6340 7359 8722 9625 
6 305 1618 2283 3191 3831 5721 7048 
8 434 856 1255 2071 4329 5649 6400 7408 8118 10124 11484 
10 526 1136 1942 2390 3402 4447 4915 5340 7487 8368 8883 10038 
3 194 1213 1518 2752 3539 4236 4876 6125 
0 153 462 882 2188 3069 3756 5285 5744 6493 7727 9007 10298 
2 179 315 802 1451 2827 3935 5454 6658 8310 8845 
2 179 314 667 1120 1796 2351 3796 4742 6678 8244 9634 10525 
3 188 506 752 1538 2264 2626 4624 5432 5944 6680 8652 10038 
1 171 224 408 909 2964 4219 5208 5978 6690 8691 10093 
84 11040 12573 15635 16895 17635 18129 18505 18579 18655 18663 
5 275 700 1344 1712 2384 3285 3713 4787 6848 7384 8154 9718 11078 11955 
0 150 444 1727 2791 3520 3947 6073 7165 7964 9474 
2 180 352 1072 1998 2482 3376 5829 7010 8329 8864 
7 413 1301 2018 2759 3771 4261 4694 5706 6257 7827 8225 9417 10432 10958 
32 3423 4534 5803 6427 7458 9694 11308 12853 13730 14849 15524 
67 8415 9779 10332 10695 12219 13034 13527 13822 16385 17788 18379 18604 
1 172 255 592 981 1572 2548 3577 5563 6380 6745 7936 9024 9493 
37 4069 5136 5600 6126 7074 7672 8161 8636 9443 11221 11879 13060 13874 14880 15416 
67 8416 9801 10345 11113 13174 15029 17420 18146 18460 18604 
102 14028 16339 17147 17954 18171 18399 18580 18655 18663 
103 14143 15379 16444 17175 18178 18452 18610 18664 
57 6884 8771 9494 9894 11421 12594 13086 15398 16468 17463 18084 18311 
75 9842 11284 11800 13346 14658 15294 16278 18126 18448 18572 18631 18659 
42 4781 5900 6715 7180 7971 9740 10450 11576 12377 13854 15603 16739 
69 9144 9925 11537 11994 12650 14917 15720 16205 16923 18243 18569 18640 18659 
80 10633 11746 12244 14416 15144 15982 16904 17832 18341 18592 18652 
3 186 390 796 2836 3910 4352 5070 6311 7279 8020 9095 9375 
17 1279 1890 2541 3957 5278 7254 8119 10178 11378 12747 13298 
10 527 1748 2334 3088 3664 4976 6193 8481 9987 10799 11735 
9 481 1175 2098 2782 4824 5303 5759 6500 7507 8014 
14 954 1526 2878 3495 4676 5182 6176 8748 9937 11128 12332 
39 4109 5162 6024 7138 8797 9909 12185 12625 13882 15351 
58 6897 8037 8525 9079 10063 10655 11153 12767 13308 13659 15225 15959 16393 16701 
2 179 320 1195 2285 3327 4974 6109 
3 187 486 737 976 2226 2928 3354 3637 6736 7994 
23 2119 3126 3998 4484 6602 7601 10231 11442 12265 13279 
