0 80 177 231 288 412 486 534 627 804 868 974 1062 1136 
34 1190 1274 1314 1378 1495 1575 1784 1824 1889 2027 2101 2157 2239 2299 2417 2428 
44 1529 1561 1640 1857 1931 1974 2215 2257 2301 2393 2414 2424 2431 
32 1137 1221 1287 1517 1591 1634 1877 1920 1967 2196 2267 2314 2397 2410 2428 
0 77 85 136 305 382 445 680 765 849 881 959 1166 1233 1377 
41 1410 1473 1687 1761 1820 2047 2090 2141 2278 2335 2368 2422 2427 2432 
49 1699 1731 1796 1994 2085 2287 2320 2364 2412 2426 2431 
43 1484 1548 1654 1745 1954 2005 2058 2186 2250 2357 2382 2406 2429 2432 
1 96 141 242 316 365 517 560 606 826 895 1114 
2 128 209 284 497 571 614 857 900 945 1092 1155 1214 1306 
44 1530 1614 1665 1718 1846 1912 1988 2208 2288 2350 2372 2402 2429 2432 
1 97 147 188 269 509 541 618 752 815 874 973 
39 1359 1391 1455 1602 1676 1724 1805 2039 2071 2137 2343 2387 2408 2430 
3 158 196 327 401 458 594 645 699 837 911 954 1197 1240 1291 1432 1506 1554 1653 
4 170 255 340 424 464 528 634 722 784 985 1039 1177 1251 1308 1454 
0 79 121 294 358 475 553 687 730 791 922 996 1044 1136 
19 679 711 777 1007 1082 1144 1209 1347 1421 1480 1707 1750 1811 1942 2016 2064 2156 
54 1869 1901 1978 2112 2175 2232 2309 2419 2425 2432 
1 99 202 347 390 451 582 656 707 935 1019 1051 1115 1262 1336 1384 1470 
31 1070 1122 1325 1403 1537 1580 1625 1772 1835 1897 2124 2164 2226 2328 2377 2405 
0 78 107 159 220 275 371 437 667 741 800 1037 
