0 273 536 1706 2633 3002 4751 5812 8033 9180 10785 12162 
165 19077 20881 21950 23757 26407 27160 27967 28151 28178 28197 28200 
167 19460 20623 21519 23185 24502 25124 26508 27296 27631 28119 28165 28183 28193 28200 
172 19862 20383 23683 25408 26229 27123 27418 27840 28004 28188 28192 28196 
173 20157 21441 22184 23281 24224 24989 26043 27541 27871 28188 28192 28196 
170 19691 21603 22885 24842 25810 26779 27782 28011 28169 28178 28197 28200 
121 13518 14760 15821 17612 19246 20710 23840 24628 26116 27182 27801 27999 28132 
166 19088 20218 21068 22240 23116 23886 25073 27011 27706 28137 28177 28182 28197 28200 
2 301 1126 2094 2925 4445 6961 7597 8835 10735 11298 13644 15621 
132 15002 16678 17894 19584 21036 22405 23653 24360 26945 27576 27992 28155 
0 271 349 1507 2036 3081 4105 4575 5619 6388 7900 9158 9842 
4 366 613 2075 3163 3759 4861 6565 7066 9326 11235 
171 19789 21858 23096 24365 25086 26204 27479 28085 28144 28168 28197 28200 
144 16248 18514 20411 21350 23481 26324 27282 27738 27925 28119 28165 28185 
162 18536 20679 22641 23999 25371 26615 27748 28118 28155 
147 16838 18823 20298 22495 24788 25661 27222 27883 28155 
68 6698 8449 9667 12063 13256 14798 17987 19698 21211 22693 23716 24988 
82 8603 9152 11451 13443 15865 17974 19438 20262 21888 23465 24811 25801 26778 
10 516 1098 1689 3980 5148 5720 6853 7336 10464 12295 
1 286 1215 2584 3798 4921 5409 8342 10124 
156 17633 18198 22528 24395 24933 25984 26627 27621 27954 28065 
175 20366 21383 21850 23810 25036 26981 27809 28051 28188 28192 28196 
161 18504 20974 22382 23600 24349 25439 26239 26801 27490 28147 28181 28196 
133 15072 15674 18070 20058 22541 24615 25901 26593 27515 27973 28119 28165 28185 
2 299 828 2326 3233 3653 4685 5391 7837 9130 9760 
3 326 1235 2137 2665 4595 6409 6769 8680 9843 10905 
2 306 1932 2979 3853 5367 7014 8080 9624 11103 
2 305 1642 2919 4271 5459 6378 7467 9409 10387 
138 15725 16983 17717 18917 19879 20580 21823 25304 26879 27854 28118 28155 
2 298 654 2696 3404 4778 6162 7388 8358 9539 11487 12585 
143 16221 18672 19706 21549 24429 25499 26847 27605 27975 28104 28165 28185 
1 278 461 1013 1989 4553 5264 6705 8071 9479 10500 11764 13705 14733 
130 14660 16581 18085 20249 22669 23944 25566 26588 27600 27993 28155 
2 298 652 1740 2362 4158 5231 7320 8257 8709 10592 11843 13403 14251 15055 
52 4744 6446 7573 9889 11011 12593 15828 17420 19067 20435 21510 22787 
7 402 1164 2420 2948 4280 5775 6713 8395 11144 11893 13185 
152 17350 19765 20714 22595 25468 26495 27487 27916 28099 28156 28187 28196 
9 494 1605 3547 4652 6134 7181 8927 10443 12517 
4 366 604 958 3096 4172 4807 5826 6441 8556 10586 
0 271 343 811 1905 2619 4977 6113 6735 7821 8444 10700 12777 
14 792 1470 1817 2818 3486 5894 7094 7656 8910 9449 12664 14511 
0 272 409 1085 2296 2718 3722 4475 6924 8135 8746 9917 10587 12890 14941 
0 271 341 752 2250 3285 4642 5862 7116 8289 9013 10125 11049 11830 
22 1327 1762 4424 6014 6495 7543 8375 11104 12389 13096 14274 14942 17219 19404 
4 366 604 952 2152 3265 4397 5041 7739 8868 10388 11929 13772 14700 
3 328 1428 2342 3703 5006 6217 7209 7930 9069 9896 10699 
1 278 463 1768 2784 4192 5257 6869 8319 10224 
8 439 924 1397 3568 4459 5538 7605 9686 11602 12552 
31 2442 4007 5196 6292 6953 7973 8889 9592 10799 14398 16469 17140 19518 21597 
3 327 1402 1958 3009 4670 5169 7237 9099 10156 11383 
4 366 606 1343 1868 2857 4891 5697 7306 10070 11256 12936 14353 
12 657 1953 3518 4240 6046 7150 9345 11933 13744 14551 16702 17973 
5 387 1363 2483 3365 4038 5122 5841 6532 7584 10930 11999 14290 15651 16309 
15 861 2218 3439 5253 7365 8572 10246 11391 13827 15531 16616 17592 18451 
2 300 892 2440 3875 4785 6343 9050 10171 11832 13310 
4 366 605 1189 2015 3795 6473 7188 8717 10278 11655 12711 13913 15950 16915 
1 281 710 1727 4135 5175 6611 7867 9203 10411 11136 12236 13217 13977 
164 18946 20184 21340 23225 24659 26583 27407 27753 28162 28190 28194 28198 
8 440 1052 1944 3923 4839 6363 9021 9690 10962 12947 13489 15850 17838 
8 439 925 1609 3039 4375 5694 8478 9304 10865 12438 13796 14853 16115 
6 395 984 1897 3208 3945 4610 5651 8802 9786 11503 13358 14039 15324 
17 1032 1906 2866 3835 6183 8190 10050 13240 13767 17037 18916 
137 15394 15990 19268 21127 24009 26271 27268 27728 27924 28119 28165 28185 
8 439 924 1395 2270 3060 3673 4717 7775 8780 10533 12296 13495 15142 16539 
3 318 467 767 2069 3595 4723 5754 7630 10622 11399 13721 15283 
176 20494 21756 22565 24079 25594 26698 27342 27816 28111 28182 28197 28200 
189 22030 24049 25227 26359 26865 27552 28037 28097 28197 28200 
163 18702 19405 21687 25874 27447 28005 28073 28174 28187 28196 
142 16117 17725 18518 19796 21787 22326 25974 27369 27548 28053 28165 28185 
151 17282 17888 20283 22269 22788 23964 24719 27033 27679 27987 28115 28188 28192 28196 
183 21416 22461 23215 24449 25281 26383 26872 27564 28043 28098 28197 28200 
177 20662 23152 24526 25941 26858 27893 28067 28188 28192 28196 
12 659 2451 4282 5931 7252 9292 11581 12962 14619 16485 17269 
3 318 469 971 1837 3503 4354 6171 7715 8724 10479 11972 
119 13210 15190 16425 17755 18527 19842 23487 24584 25363 26453 26994 27428 27849 28150 
95 10290 12200 13659 15816 18202 19581 20821 21895 23696 25725 26354 27094 27581 27838 
4 367 773 1528 2849 4047 5328 7175 9454 10299 12452 15530 
28 1966 3767 5414 6080 8056 9226 9699 11904 14980 16272 18224 19183 
2 302 1137 2393 3399 5487 6658 9390 11236 12335 14009 15497 
97 10646 11852 12722 14354 15705 17317 18151 20944 22301 22947 24211 24737 27321 27945 
1 279 631 1267 1992 3463 5078 7692 9721 11552 12355 14514 15782 
23 1549 2557 3156 4079 4958 5992 7072 8592 9974 13060 14947 16211 17839 18718 19517 
197 22893 25198 26123 27332 27872 28080 28117 28197 28200 
186 21803 22330 24651 26420 26740 27461 27769 28114 28196 
125 14029 16392 17427 19291 22193 23218 25220 26719 27491 27867 28155 
38 3080 3540 6320 8001 8502 9634 10516 13311 14593 15783 16572 18247 19307 20547 
178 20685 22913 24742 26030 27201 27749 28079 28188 28192 28196 
184 21656 22852 23727 25335 26476 26900 27591 27935 28075 28116 28197 28200 
150 17199 18473 19348 21006 22336 23029 24268 24764 27755 28084 28126 28172 28192 28196 
134 15151 17509 18567 20352 23259 24482 26012 26967 27518 27994 28140 
112 12321 13543 14053 16232 18175 19585 21089 24145 26049 26951 27632 27850 28072 
96 10333 11420 12194 14244 15417 18776 20128 20736 22059 22663 25772 27372 27773 28014 
104 11304 12609 13617 16065 19337 20548 22624 23545 24040 25876 26853 27644 27895 28029 
90 9571 10751 11523 13067 14589 18696 20464 21829 22984 25118 26668 27181 
3 321 680 1662 3394 5438 6621 8157 9298 11686 13342 14449 15372 16167 
13 730 979 2769 4489 4914 6671 7755 9056 12163 13470 15539 16238 17574 
97 10646 11853 12990 14148 17486 19316 21143 22359 23997 25248 26168 27358 27866 
108 11743 12906 13683 15220 16827 18286 20854 22221 23358 25021 26181 26889 27762 28065 
18 1083 1501 3425 5091 5515 6580 7277 8948 10234 12907 14021 16020 17073 18418 
16 870 1615 2212 3897 4937 6272 8214 12113 12778 15056 17109 18107 19217 
131 14736 16181 17389 18627 20612 22005 23006 24699 27112 27688 28030 28150 
168 19565 20153 23920 25843 26640 27243 27500 28015 28165 28185 
0 271 340 597 1790 2604 3622 5350 6250 8233 9260 10028 11625 12703 13912 
169 19613 22121 23930 24478 26606 27658 27823 28035 28186 28191 28194 28198 
110 11907 14048 15995 16861 20905 21598 23920 25840 26198 27505 27886 28065 
117 12980 15329 17298 19038 20259 24873 26072 26925 27839 28150 
25 1705 2505 2886 4526 5598 6988 7799 8523 9678 13189 15090 17686 19016 19764 
106 11469 14082 15898 18860 20106 21744 23063 24123 26301 27185 27523 27902 28091 
14 794 1572 2328 3333 3772 5666 7341 8114 11745 13385 14529 16169 17685 
4 367 778 2537 4291 6174 7953 11033 11574 14814 16677 
3 318 467 765 1445 2117 2738 3753 6890 8233 9260 10027 11174 12092 12889 
157 17915 19218 19988 21164 22097 22818 25603 27071 27761 28155 
153 17411 19410 20654 23090 24903 26090 26942 28058 28161 28196 
155 17575 18169 21495 23323 25610 26560 27069 27885 28124 28192 28196 
129 14647 16457 19593 21296 22499 24246 25754 26887 27796 27986 
101 10954 13011 14223 15576 18962 21242 23345 24549 25097 27166 27946 28091 
21 1290 2893 3905 5073 6060 7532 8992 11882 14196 15227 17053 18626 
115 12832 13978 14864 16738 17983 22038 23577 25114 26683 27227 27974 28150 
148 16916 18010 18808 20874 22076 23631 25516 27151 27933 28019 28133 28167 28188 28192 28196 
124 13859 15569 16772 19112 21330 24282 25922 26825 27349 27910 28092 28140 
149 16938 18040 18814 20079 20922 21706 24680 25691 26108 27394 27848 28119 28165 28185 
6 396 1299 3315 5046 5658 6786 10288 12070 13132 14885 16391 
11 643 2179 3311 4397 5038 5965 6832 7500 8652 12021 13609 15966 16825 
26 1819 3189 4220 5607 6808 7636 9933 11288 14428 15680 17271 18775 
60 5671 7591 9426 10721 14167 16335 18125 20024 21222 23544 
135 15181 17145 18454 20846 22724 24022 25789 27653 27966 28155 
96 10333 11420 12193 14194 18333 19670 20796 22840 24187 25177 26651 27540 
102 10995 11547 14814 16647 17533 19633 22904 24154 26021 26475 27755 28091 
45 3965 4521 6516 8410 8827 10827 12049 14430 16540 17872 19996 20671 22004 
3 319 567 1155 3124 4324 5569 6642 9864 10906 12680 14107 15934 16915 
180 21196 22428 22919 25082 26684 27456 27961 28143 28195 28199 28200 
48 4323 5286 5925 7747 9509 10805 11975 14078 17176 18462 19933 22610 23804 
124 13857 15108 15911 17421 19909 23434 24621 26258 27314 27856 28118 28155 
100 10857 12785 14385 15624 17091 19958 21274 21920 23864 25041 25822 27050 27690 27881 
88 9341 11384 12810 13631 17014 18562 20389 21727 24316 25545 26136 26985 27677 
34 2803 3305 5314 7033 7445 8619 9372 12410 13615 15350 16961 19015 
20 1208 2670 3715 5799 7416 8659 9771 13077 15433 16717 17485 
114 12459 13582 15160 16312 18559 21632 22509 25158 26862 27791 27972 
136 15284 17360 18650 19747 23137 23805 25976 27709 27855 28155 
79 8189 9995 11327 12636 13353 16417 18305 19652 21471 22942 24765 25660 
71 7116 8290 9299 11717 13465 14127 18361 19535 20323 22152 23413 24086 25270 26452 
97 10646 11854 13043 14839 17790 20775 23379 25491 26529 27220 27932 
