1 144 376 548 849 1030 1203 1429 1664 2014 
8 272 494 743 1030 1202 1423 1652 1987 2463 2949 3246 
1 141 233 317 409 1049 1330 1704 2209 2506 
6 224 361 575 718 1057 1380 2047 2301 
0 132 196 293 902 1125 1559 1796 2063 2242 
85 3661 3843 4035 4306 4466 4862 4952 5082 5119 
78 3325 3642 4267 4504 4840 4998 5088 5106 
70 2957 3276 3576 3881 4024 4365 4525 4938 5062 5107 
15 528 668 992 1148 1290 1715 2015 2169 2593 2921 3104 3311 3516 3880 
87 3697 4019 4647 4832 5053 5100 5117 5119 
14 471 594 880 1179 1346 1488 1884 2559 2728 2943 3163 3494 
67 2813 3214 3495 3646 4003 4164 4654 4885 5085 5109 
74 3141 3284 3625 3789 4275 4570 4808 5001 5065 5103 5116 5120 
2 151 430 736 1107 1411 1602 1813 2036 2400 
73 3072 3294 3543 3706 4065 4382 4933 5039 5110 5119 
97 4146 4396 4661 4791 5021 5118 
1 140 173 381 664 1264 1513 1908 2176 2452 2706 2884 
65 2755 2906 3263 3424 3923 4199 4487 4760 4891 5013 5083 5114 
90 3813 4075 4437 4737 4961 5077 5099 5119 
16 567 830 1091 1399 1591 1797 2086 2252 2932 3113 3295 3566 3740 
89 3800 3950 4248 4558 4711 4802 5034 5102 5120 
22 806 1025 1303 1473 1936 2081 2415 2885 3042 3203 3689 3986 
53 2217 2536 2837 3205 3915 4132 4536 4680 4922 5056 5094 
83 3535 3835 4100 4480 4821 5050 5113 5119 
107 4548 4756 4955 5029 5112 5120 
5 213 298 540 817 976 1086 1819 2128 
2 149 302 586 943 1230 1387 1836 2192 2374 2571 2776 3140 
10 365 503 695 890 1216 1546 1711 2029 2523 2693 
61 2585 2902 3528 3836 4115 4412 4589 4772 4942 5026 
58 2443 2720 3175 3397 4039 4208 4423 4636 4900 5007 5070 5106 
55 2320 2470 2768 3082 3247 3354 4057 4333 4673 5017 5092 
64 2694 2821 3154 3446 3609 3745 4429 4698 4949 5105 5118 
1 139 160 280 392 794 938 1245 1764 1918 2073 2490 
9 290 599 867 1013 1362 1535 2055 2356 2636 3001 3374 
5 217 511 684 839 1043 1281 1569 1748 1853 2285 
0 131 156 264 482 636 1030 1201 1394 1693 1948 2129 2261 2634 
2 148 245 414 684 839 1042 1252 1618 2074 2577 2868 
13 445 679 918 1067 1443 1778 2104 2795 3096 3390 
3 164 345 701 968 1684 1962 2435 2665 
75 3186 3768 4174 4301 4627 4873 4972 5033 5108 
8 273 616 930 1313 1629 1791 2342 2507 2611 3025 
72 3060 3210 3508 3822 3987 4094 4777 4971 
62 2614 3317 3593 3942 4316 4615 4745 4980 5047 
4 190 559 762 1166 1298 1644 2145 2319 
7 252 352 648 776 933 1676 1895 2332 2554 2803 2982 
57 2401 2545 2916 3195 3683 3903 4217 4401 4579 4771 4927 5076 
29 1139 1452 1827 2162 2787 3028 3434 3561 3894 4186 4364 
1 142 332 456 709 1006 1435 1747 
24 910 1193 1495 1801 1970 2203 2423 2746 3299 3468 3684 3931 4090 
32 1272 1583 1861 2181 2363 2555 2831 3334 3672 3854 4051 4256 4614 
63 2668 2990 3553 3955 4293 4684 4912 4993 5095 5111 
80 3406 3659 4283 4446 4783 4989 5090 5115 5120 
75 3183 3459 3753 4235 4386 4725 4856 5087 5118 
