113 4063 4279 4316 4332 
48 1737 1829 2008 2204 2339 2570 2702 3116 3202 3373 3557 3754 3906 4106 4202 4319 
35 1259 1354 1535 1746 1859 2094 2238 2423 2783 2952 3078 3226 3406 3595 3668 3857 
91 3288 3397 3568 3738 3834 3994 4144 4223 4328 4337 
3 181 365 495 698 828 1120 1252 1469 1627 2040 2117 2289 
108 3919 4017 4153 4224 4333 
60 2187 2388 2550 2818 2970 3185 3313 3579 3748 4083 4185 4244 4307 4331 
95 3444 3770 3858 3981 4214 4288 4331 
43 1569 1675 1839 2056 2188 2405 2559 2727 3104 3256 3389 3547 3710 3912 3986 4126 4238 4300 
0 130 140 280 435 647 962 1059 1244 1330 1515 
0 130 139 225 342 424 576 739 855 1234 1425 1555 1773 1918 2180 2266 2451 
22 801 893 1072 1268 1403 1634 1762 2016 2145 2530 2612 2802 2899 3156 3235 3434 3523 3691 
0 131 162 212 276 620 810 923 1158 1303 1562 1651 1819 
6 240 380 455 562 912 1104 1181 1353 
10 356 447 609 787 860 1036 1251 1452 1612 1791 2168 2320 2453 2623 2774 2976 3053 3225 
9 349 544 689 946 1098 1313 1441 1705 1824 2220 2299 2498 2587 2764 
1 148 332 517 630 837 981 1177 1544 1723 1796 1985 
82 2983 3086 3246 3361 3817 3956 4192 4260 4321 
87 3134 3468 3609 3701 3879 4045 4119 4231 4301 4329 4335 4338 
74 2674 2834 2930 3048 3341 3500 3928 4052 4206 4285 4331 
73 2667 2881 3020 3281 3364 3532 3693 3870 4030 4273 4315 4334 
78 2809 2922 3096 3297 3427 3645 3789 3982 4254 4309 4324 4336 
69 2507 2765 2944 3140 3275 3506 3639 4068 4174 4290 4320 4337 
65 2352 2461 2636 2992 3123 3324 3484 3663 4035 4179 4226 4299 4330 4338 
1 147 259 399 653 794 992 1141 1578 1731 1945 2084 2345 2428 2610 
2 153 204 321 501 567 726 940 1286 1416 1525 1696 1866 1962 2140 
2 154 300 508 600 760 930 1026 1190 1362 1487 1847 2033 
0 132 190 293 670 795 1009 1148 1409 1492 1674 
52 1873 1998 2160 2361 2491 2709 2853 3049 3417 3618 3731 3964 4098 4264 4294 4326 
61 2195 2290 2471 2682 2795 3030 3174 3359 3719 3888 4010 4138 4249 4312 4322 4336 
56 2047 2150 2312 2514 2666 2864 3013 3450 3602 3800 3944 4164 4268 4304 4327 4337 
6 239 312 468 637 715 880 1111 1214 1374 1488 1928 2072 2338 
5 234 408 533 769 870 1050 1222 1384 1520 1898 1986 2113 2479 2641 2741 2921 
7 248 477 592 751 901 1080 1209 1594 1685 1882 2034 2249 2378 2659 2733 3076 
