240 42243 45255 47663 49326 50103 51778 52014 52047 52070 52072 
230 41521 43782 46019 47702 49769 51110 51523 51970 52068 52070 52072 
152 25738 28348 32845 36420 38047 42022 48970 50611 51622 51946 51976 
0 327 400 873 1736 3249 6529 13118 17572 21294 25404 
188 33465 35820 39264 42269 44310 48020 50314 51944 52058 
195 33954 36714 41000 44578 46092 51222 51934 52017 52065 
223 38757 41574 44659 48677 50891 51783 51929 52067 
221 38697 45356 47179 48989 51336 51824 52043 
148 25600 28667 30392 32313 34720 38781 45792 49135 50117 51352 51874 52043 
224 39198 42161 44900 47870 49794 51173 51544 51931 52070 52072 
60 9259 11699 12712 16846 17963 19904 22381 26445 33460 38102 41717 45791 
193 33830 35759 38628 41392 42725 46251 50980 51746 52002 
214 37966 39854 42685 45475 46644 49529 51882 52050 52068 52070 52072 
234 41941 45015 46583 47519 49452 51278 51918 51964 52070 52072 
206 36859 41078 43018 45234 48353 50198 51335 52048 52061 
213 37950 40961 43044 45110 46913 48703 51602 51839 52050 52068 52070 52072 
235 41979 45038 45747 48459 49718 50277 51518 51996 52054 52071 
210 37643 40302 41226 43178 45814 47810 49787 51863 52050 52068 52070 52072 
0 327 398 704 3750 6424 7336 10226 16593 
102 17138 20571 26091 30112 35346 38237 40380 44383 47900 50541 
149 25616 28695 30320 32282 35159 39401 42934 49556 51197 51834 51901 52043 
153 25854 28926 31670 33756 35045 38659 46484 49580 50349 51476 51864 52043 
174 30047 33021 35725 38345 39625 42558 44770 46960 49270 51757 51993 52034 
244 42858 45652 48232 51010 51753 52003 52055 52071 
209 37627 40235 41217 45183 48419 50544 51472 51886 52061 
226 40543 42770 44861 47930 49807 51680 51904 51953 52049 52071 
246 43294 45610 49059 51188 51867 52041 52062 52072 
26 2725 4669 8473 11387 13025 16491 24144 28815 31596 37364 
239 42148 44758 48613 50766 51565 51889 52070 52072 
1 344 1634 5578 9740 13155 17093 
150 25635 29132 30559 34124 41027 43709 46676 48985 50443 51190 51830 51948 51990 
185 32698 36183 37889 40817 46988 48656 49968 51035 51758 51962 52015 52067 
203 36519 38795 40886 44056 45853 46255 49300 50937 51488 52046 
138 22864 25209 29372 33435 36598 43114 45224 48736 50917 51788 51946 51976 
217 38188 41151 44691 47258 49371 51411 51933 52067 
166 29461 32168 33054 35012 37184 41462 42583 44512 46780 51351 51944 52058 
194 33868 40423 42894 48936 50599 51619 51948 51990 
163 28604 32392 35415 37622 42205 46086 51091 51802 52046 
212 37913 40926 42526 44483 47200 50217 51585 52061 
137 22812 25714 29862 37398 41493 42871 46820 48638 50822 51679 
3 438 3487 5184 7121 8870 9433 12070 14264 16266 19610 
3 424 1531 3557 5971 9642 16714 21017 22513 26545 31343 
140 24381 28145 30658 34655 38038 40050 43097 48765 50779 51285 51873 51993 52034 
38 5468 7532 9687 12262 16176 19303 21090 27479 30827 32222 36527 41461 
39 5583 7919 8827 12878 13952 15829 18242 22326 29440 34009 37659 41700 
140 24379 28101 30769 35297 38906 46887 49276 51104 51650 51854 52023 
14 1179 2309 5473 9203 12135 15404 18093 24962 
5 562 2097 4001 6074 8288 10913 13500 19880 21889 
3 430 1772 5661 9279 10736 16962 20067 24667 27375 30657 
232 41741 43961 47649 49473 50221 51385 51923 51995 52070 52072 
159 26857 29336 33357 37596 40686 44200 46662 50836 51850 52039 
189 33494 36139 37193 41300 42481 44453 46713 49878 51944 52058 
243 42742 48177 49699 50765 51825 52044 52063 52071 
245 43257 46141 48491 50699 51286 51873 51993 52029 52059 52072 
200 34643 37534 40550 45134 48448 50499 51165 52023 
147 25405 28068 28999 30946 33748 36476 37908 43519 45817 47959 49195 49601 51322 51781 52046 
186 32739 36239 37903 43721 45911 48910 49664 50749 51858 52046 
176 30545 36712 40785 43912 45582 48691 51746 52002 
199 34527 39329 41262 41857 44652 46781 48520 50688 51491 52046 
3 423 1493 3135 8910 10744 12986 17482 19534 22685 25437 26048 
157 26423 29359 32422 37083 40831 43935 45635 50470 51662 51968 52058 
121 21185 23824 24802 28198 29691 32672 38484 40445 42853 46728 49389 50575 51813 
99 16271 19848 22429 26944 30758 38987 41126 43824 46332 48392 50275 
162 28547 32292 34804 41279 44731 49622 51229 51787 52052 52067 
3 431 1841 3776 5928 12911 16877 18346 22462 24685 28318 31223 
9 775 2078 4641 7083 9604 15807 18340 24867 28403 32258 34208 
20 2447 4345 5236 8964 10037 11899 14221 18142 25285 29960 33558 37757 
182 31154 33906 37992 45429 48974 49935 51574 51890 52052 52067 
66 9687 12263 16361 19950 21610 25708 33106 36648 40010 42719 45570 
142 24497 28170 32200 36173 39505 42020 48832 50859 51833 51993 52034 
167 29550 31817 35707 37929 39183 45918 48840 49406 51470 51962 52015 52067 
228 40848 44124 46638 49031 49862 51169 51853 52068 52070 52072 
6 585 1611 3008 4546 7028 12735 15997 21951 
33 3559 6647 8701 13915 17756 18956 22016 27506 30971 32990 35225 37200 37856 
216 38089 40632 45082 48155 49370 51944 52056 52066 52072 
5 560 2028 3928 5850 6957 13352 16722 17499 21994 25988 27274 31343 
2 356 1313 2624 5005 5616 11021 14483 16444 18417 20676 24288 27069 
2 354 551 4619 8621 11045 14620 16748 19926 21992 
2 357 2269 3556 5507 9631 11408 14525 17198 17859 
27 2776 5193 7499 9515 10683 14115 17669 24586 27205 31093 33225 36364 38344 
126 21528 24147 26579 29477 32675 38572 40534 43548 45681 49065 50869 51823 
2 354 549 3834 6972 9009 11662 14176 19211 
169 29772 32800 33510 36889 38556 39476 45718 47763 50389 51349 52040 52065 
26 2725 4670 8636 12037 13539 17494 25045 27810 31037 33632 35917 
196 34033 37117 39774 42131 46250 50962 51731 52016 52061 
135 22304 25117 28296 32917 35654 39599 45702 48071 48783 50041 51034 51898 
77 12374 15684 18444 20545 22537 24705 27404 29733 31076 37866 41380 43270 44663 47257 
87 13662 16529 19227 21473 22748 26310 30098 36979 39560 43208 45441 48111 49579 
123 21217 23504 27390 30026 31277 34115 41554 45572 49444 51222 51943 
159 26858 29870 34779 38844 41046 47552 49838 51156 51764 51966 52065 
153 25854 28926 31673 34062 36684 39362 42040 48139 50677 51825 52046 
1 338 364 993 2213 3148 6139 12525 14993 18605 20906 23674 26304 29414 
109 17597 20696 23429 25835 26966 30085 36215 40352 43980 47027 49222 50752 51465 
159 26861 30718 32873 35607 38072 42293 48599 50315 51626 51921 52046 
136 22802 28347 32606 35799 37494 43853 47491 49646 50842 51590 51948 51990 
201 35123 38714 41995 43874 46599 48856 50257 51339 52048 52061 
140 24377 27994 29687 35621 37857 40476 41906 47579 49293 50793 51287 51873 51993 52034 
84 13459 15290 18065 20944 22224 25904 32829 35469 39150 41344 44239 46670 49058 
2 354 552 4629 7376 9551 12470 13208 16190 18049 18901 
1 340 837 2432 7568 10500 11756 15940 19098 
47 6090 8783 11279 13439 14642 18106 21804 28750 31514 35072 37412 40400 42377 
19 2420 4111 7057 9806 11732 15672 22837 28975 32458 36100 
153 25855 29697 33255 33936 38261 45066 47433 50084 51095 51814 52018 52061 
140 24384 28285 31388 33932 41332 45518 46868 49901 50992 51860 52028 
153 25854 28926 31671 33809 35107 41918 45504 46113 49691 51310 51641 52023 
191 33777 36923 38520 40467 43318 47322 49932 52013 52067 
194 33866 40268 41898 44938 46531 47360 49394 51127 51656 51984 
187 33392 35669 38013 44468 46866 51066 51858 52046 
2 354 550 3973 6543 9156 11238 13123 15634 16597 20663 
182 31153 33397 37585 41627 44806 47094 49273 51710 51951 52046 
119 20371 23999 26418 30593 33896 35854 42402 46003 48571 49131 50928 51502 51709 
146 25331 27568 31440 34310 36543 38940 41655 47409 49734 50808 51825 52046 
46 6003 8317 12499 15860 17418 21606 29069 31906 34949 37761 40127 
95 14682 16939 21106 25259 28451 34983 37858 41172 44971 47782 49179 49553 
9 775 2079 4790 7153 9535 12446 14077 15109 22218 25170 
1 339 521 1202 2608 4980 6386 8193 11002 16929 21664 25290 29523 
211 37684 39919 43752 45965 47121 49797 51402 52068 52070 52072 
207 37478 39788 41701 44278 45278 47296 49296 51145 51608 52046 
173 29947 32520 36834 39894 41537 47679 49990 50680 51883 52067 
184 32622 36025 38687 41608 46716 49020 50810 51887 52040 52065 
36 4876 8106 10768 14807 18314 22450 28903 31658 34082 36726 39461 
5 567 3517 5331 7852 9378 9973 13407 16306 18033 19030 
0 327 406 2069 3579 5242 5769 8203 10296 12289 15373 17182 17714 
1 342 1092 2587 5366 6015 9832 16468 19157 22380 
53 7033 9167 13087 17016 20214 22716 25359 31410 33634 35948 38675 42202 
0 327 405 1132 4609 7253 9227 13596 17110 21293 
202 35134 37510 41515 45667 48301 50623 51529 52051 52070 52072 
41 5686 7648 10887 13705 15744 19703 26883 33205 35988 40009 
4 464 1769 4753 6914 8774 11973 13391 19131 22158 23284 
6 585 1609 2582 5296 6281 8062 10291 14249 21180 25811 29524 33557 
1 338 365 1154 2569 7282 10546 12542 14443 16509 20099 22994 
1 341 1066 2032 5490 11307 14468 15767 20048 23211 
0 331 1349 2777 5817 8953 10774 12171 14773 
5 568 3609 5870 8565 10069 11944 15566 19424 
190 33584 36287 37244 39124 41911 44600 45960 50300 51493 51718 51967 52067 
184 32620 35923 38612 39667 45987 48548 49753 50367 51375 51900 52052 52067 
57 8535 11920 13776 17137 19329 23413 25580 26785 33714 37282 39242 40719 43476 
5 570 4052 6743 7951 12076 15021 18100 21076 
13 1054 2333 6350 9914 11109 13927 16034 18403 24850 25494 28299 30717 
5 559 1445 3681 6115 8040 11808 18690 23028 26522 33557 
0 327 402 933 1274 2726 5423 10337 13008 15937 20584 23314 29202 
4 461 1714 2867 5599 7998 8834 10622 13385 19126 21421 24964 26637 30165 
4 464 1778 6720 10427 12597 15149 18641 20071 22955 
0 327 404 972 4503 6245 9346 11845 12760 14555 16498 18737 20728 21418 
6 585 1604 2158 5143 8404 11588 14155 16995 22252 25170 
14 1179 2311 5995 9070 10373 14306 16428 22564 23925 28307 33173 
158 26844 29984 32697 36101 38707 43779 45686 47987 48776 51017 51871 52046 
8 715 1411 3110 5378 6505 9830 16389 19031 22776 25007 27734 30553 33356 
33 3556 5506 9161 13093 16079 19763 21441 27151 29583 32068 34908 38445 
9 775 2077 3988 6144 7306 10012 12096 14415 17297 23116 25458 27886 30587 33356 
16 1896 4234 6499 9118 10337 13017 20417 23543 25233 28832 32490 35296 
1 339 520 1020 5048 8169 9655 17040 21155 24226 27695 
9 778 2952 4681 6758 9362 9837 13423 16331 17048 23337 25573 28893 
129 21751 24727 27421 29930 34125 41101 43767 46744 49347 50482 51512 51984 
144 25204 27436 29445 32092 33046 37381 42615 44631 47392 49073 51188 51868 52046 
0 327 397 696 1787 2576 7466 9508 12656 16137 19425 21360 21848 
0 327 401 903 1757 3551 8887 12209 17818 
0 328 659 1855 3172 4842 10184 12800 15267 18371 19683 24129 27270 
113 18247 21140 24143 28775 36538 40984 43642 47148 48945 50653 
5 569 3646 6478 10833 12718 13311 15929 18199 
0 327 394 502 2905 5902 7593 10650 12698 14774 16641 17295 
97 16142 19713 22118 24112 27183 29861 37217 40599 44390 45953 48459 49718 50294 
24 2645 5619 6995 10251 12980 15226 17377 20457 21247 27156 30476 31471 34521 37584 
159 26862 30800 32936 39711 42812 45576 47610 49090 50654 51051 51680 51904 51961 
15 1856 4018 6003 8316 12276 15329 16910 23441 26563 27980 32409 35533 
37 4907 7673 10168 11136 13663 17308 20891 21644 30428 35165 36620 39328 
141 24446 27635 30901 32893 34833 37096 39765 44355 48218 50330 51293 51881 51993 52034 
181 31118 34679 37591 39793 42103 48046 50001 50998 51593 51899 52052 52067 
55 8407 11773 13987 15852 19348 22655 25537 31621 33747 36444 37895 40799 42669 43518 
3 428 1738 4729 9933 13181 15353 19113 21731 22889 25884 29523 
2 354 553 4816 7627 9092 12599 16109 18808 
0 327 409 2197 2530 4623 6600 8529 11625 14161 17571 
3 432 2047 3351 5213 7514 9669 13729 20485 23147 26803 30285 
1 344 1632 4377 7737 10587 13256 15485 
3 429 1759 4308 6886 9395 11483 13294 13746 20060 22428 
3 422 1465 2479 2831 5945 11817 14038 15919 18932 21594 23635 26679 29619 30205 
8 719 2380 3538 6031 8498 11951 13833 16936 22428 
183 32403 34600 36756 40204 41801 42444 46055 50734 51857 52043 
0 327 397 697 2117 4912 7965 9475 15160 17332 20006 21446 24412 26198 27150 
1 339 530 2801 4385 8033 11550 14591 17217 19533 
59 9232 11367 14829 17644 19740 23946 31181 37447 40167 44055 
16 1898 4482 6641 10866 14331 18270 24093 28359 30854 34471 35605 
2 355 737 1928 4131 6480 12005 13402 18902 21326 23975 25987 
225 39212 42076 46847 49879 50988 52040 52064 52069 52071 
9 785 4588 6672 8713 11226 13688 15954 18736 
6 585 1606 2497 4197 6488 9699 12332 15537 21554 26272 30245 
114 18632 24317 28722 32336 34752 37041 43230 46646 50412 51543 
1 339 522 1238 2678 8115 10397 16658 20130 23792 
125 21511 24558 26164 28192 33296 34809 38869 41062 46940 48028 50813 51745 
2 354 546 1851 5033 7414 10709 12936 18550 21428 24415 28958 29676 
2 354 546 1852 5074 7445 13620 16224 19454 22207 25810 
0 327 398 703 1998 3040 3724 9567 11328 14093 16778 19250 24330 27108 
14 1180 2705 6697 10402 12585 19099 22258 25089 27440 29812 34269 
88 14137 20851 22610 24629 26611 28908 34892 36272 40553 43677 47167 49443 
137 22818 27957 32125 35426 41649 46128 49075 51205 51645 52002 
18 1970 4525 6583 10350 13523 15486 18497 24793 28253 29727 32659 34415 35414 
18 1967 4413 6813 8662 10475 12616 15194 17339 18588 25547 29119 31129 32426 35224 
0 327 396 645 803 2663 6177 12293 15605 17892 19872 23715 27627 
2 354 547 2825 8685 11211 14181 17361 20430 22034 26089 
0 327 403 948 1685 2164 3433 5840 11179 13374 15885 17302 20331 22102 23091 
0 327 399 711 3942 5810 8732 12375 15783 17755 
3 429 1758 4274 7774 10218 13051 14232 21016 
0 327 395 619 1766 3318 8997 14706 18809 22497 29523 
3 430 1766 3316 7191 10452 14398 20600 23327 26888 28471 31343 
170 29788 31751 34487 37298 39831 43009 47737 48998 51043 51761 51962 52015 52067 
5 559 1446 3860 6361 8328 10520 13396 18904 22067 24045 27774 31905 
10 1030 4555 5844 8440 10113 10951 13564 16820 22242 26377 29331 31727 
13 1055 2737 4871 7813 10227 16682 17872 23798 26254 27303 30575 34008 
24 2640 4073 6456 9043 10234 13730 20529 23285 26822 29203 31835 33600 34167 
151 25658 30508 33267 34546 42515 47203 48327 50179 51288 51880 51993 52034 
197 34510 38131 41769 44421 45320 47062 49295 51083 51467 52043 
13 1056 3215 5946 11878 14356 20745 24194 28123 30245 
109 17598 21452 25054 25752 30361 38170 40566 43326 46618 50158 51054 51277 
1 339 523 1390 3376 4438 8209 11087 17166 19794 20772 23564 25421 25947 
12 1045 3798 5886 8592 9276 14966 17995 20037 23093 25698 27700 32024 
21 2463 4452 5259 6862 10129 12060 14940 17493 24996 29274 30783 37757 
6 585 1615 3390 5120 6788 8803 11297 14721 19215 21890 23212 26105 29080 31983 
2 354 548 2942 7006 8226 10809 17094 19651 20720 24790 
241 42711 48382 50969 51845 52010 52053 52070 52072 
130 22197 26912 29584 32135 33737 39724 41913 45397 46448 48130 50855 51800 
7 598 1695 3072 4611 7885 11513 14145 20166 24603 28240 33557 
29 3142 5541 6588 9189 12091 16411 20522 30366 32546 36397 38404 
3 426 1654 2568 4946 6440 7225 13139 15711 16604 18514 20665 24053 25541 28633 30492 31385 
1 339 525 1818 2712 9321 13212 14669 18200 21112 23412 
156 26329 33174 34350 37066 42899 45148 49684 51403 51712 51991 52058 
16 1894 4170 6315 8109 12959 14362 18298 24657 31581 34594 
14 1183 3291 5101 7454 9790 12234 14855 17454 23861 26220 31005 33616 34309 
97 16144 19826 22299 26436 29851 32045 39085 41118 44547 45947 48459 49718 50294 
146 25331 27569 31610 34209 35534 38446 40644 42989 48815 49241 50811 51550 51877 52043 
128 21652 24316 28578 31789 33364 37042 43411 46228 48104 51222 51943 
14 1182 3266 5090 10102 13814 15059 17948 23466 26745 29678 32989 
115 18664 21117 25198 29415 32588 39054 41785 42302 46100 48881 50128 51465 
175 30534 37138 40751 44324 45943 50398 51282 51844 51993 52034 
137 22811 25094 29296 33435 36599 43155 46496 48149 50572 51610 51946 51976 
168 29756 32775 34431 36510 40145 46351 49105 50517 51750 51962 52015 52067 
182 31156 34725 37027 44640 47459 49313 50948 51204 51873 51993 52034 
124 21495 24527 26131 28780 30874 33006 38972 40337 44847 49492 50239 51395 51943 
3 437 3460 5752 6207 9688 12827 16227 19650 
161 28504 32237 34595 38770 42065 44178 49948 51243 51790 51994 52065 
192 33793 36950 37711 40815 46547 48210 51152 51586 52012 52067 
141 24452 28036 29722 35445 39022 44085 46627 49416 50910 51827 51948 51990 
67 9763 12636 15211 17624 18831 21778 23951 28035 37458 40605 44527 46425 
7 598 1694 3056 3893 7033 9169 13534 20882 25067 26467 33557 
117 20259 24021 26483 31268 38917 42946 45161 47568 50141 50877 51696 
205 36793 39944 42653 43597 46180 48717 50435 51373 52015 52067 
8 716 1861 3323 5714 7698 10209 16020 20404 23522 25180 31223 
218 38666 43364 45288 45870 48213 49810 50901 51843 52061 
47 6091 9485 12866 13578 17926 22842 24276 31729 35321 39328 
180 30663 33422 38471 41961 43838 46219 50421 51298 51635 52023 
112 18122 23001 25574 29038 30302 36320 38837 43398 48275 50737 51451 
11 1037 2344 3254 5528 8222 12565 15137 21691 25315 27924 28949 31224 33089 33713 
108 17515 20165 24356 27543 29321 38213 40360 44372 47842 50571 
35 4836 8083 9885 14134 19975 21436 27347 30441 34862 37799 38304 
0 327 397 698 2240 2976 4528 8380 13876 17393 19265 22174 24893 27030 
106 17394 20178 22584 25575 29257 34382 36387 39236 45305 48269 50598 
139 24123 26345 29947 32521 36996 40522 46295 49164 50713 51069 51614 51946 51976 
174 30055 35740 39698 42231 47333 49511 50698 51944 52058 
118 20292 23609 29906 36342 38752 42751 46077 47839 50022 51253 51437 
3 425 1567 3164 8136 9479 12409 14022 14908 21201 23891 24818 27885 
127 21557 26709 28895 32359 33742 39529 41828 44492 46292 49061 50449 51341 51917 
3 429 1760 5449 8252 11460 17516 20822 26294 31580 
248 44875 50067 51284 51873 51993 52034 
137 22814 26490 28804 34344 42378 43568 46426 48236 50541 
