2 165 321 426 579 1156 1366 1467 1697 1940 2167 2351 2560 2664 2958 3089 3255 
62 3218 3391 3557 3809 3974 4195 4302 4525 5077 5307 5478 5696 5911 6060 6179 6339 6422 6458 
4 230 389 607 819 1001 1222 1332 1563 1800 2020 2187 2711 2814 3046 3288 3518 3689 3924 
1 151 246 403 568 771 874 1106 1350 1609 1752 1914 2529 2730 2881 3194 3322 3485 
76 3878 4179 4397 4579 4800 4910 5132 5680 5895 6055 6233 6293 6396 6445 6464 
93 4786 5061 5290 5472 5695 5800 6022 6220 6352 6404 6451 6461 6469 
2 164 282 755 963 1193 1483 1712 1894 2117 2222 2454 2679 2927 
85 4334 4533 4687 5000 5117 5650 5873 6089 6253 6332 6436 6453 6462 
1 155 473 687 836 1057 1176 1391 1631 1863 2037 2272 
59 3077 3304 3405 3631 3891 4108 4282 4500 4603 4839 5378 5598 5763 5977 6074 6244 6381 6435 
3 201 376 740 955 1093 1422 1533 1681 1923 2158 2695 2928 3083 3321 
100 5174 5394 5501 5731 5962 6153 6283 6389 6438 6459 6466 6469 
1 149 193 264 546 640 789 1025 1257 1499 1729 1902 2406 2513 2737 2980 3202 3436 3711 
5 308 489 591 805 1041 1271 1443 1662 1785 2050 2191 2364 2995 3187 3354 3662 3763 3941 
7 358 522 658 980 1075 1246 1880 2043 2206 2470 2625 2846 2965 3173 3420 3661 
76 3876 4062 4229 4540 4653 4824 5458 5621 5784 6036 6164 6313 6367 6433 6462 
67 3437 3729 3956 4140 4349 4452 4669 4928 5187 5330 5489 6050 6233 6293 6397 6448 6465 
0 137 292 420 623 724 941 1207 1405 1596 1822 2336 2499 2645 2895 3138 3367 3535 3762 
23 1191 1384 1549 1856 1974 2136 2374 2594 2830 3060 3234 3746 3846 4069 4318 4548 4785 5044 
93 4784 4976 5143 5451 5553 5817 6067 6168 6288 6416 6457 6468 6469 
0 135 179 343 529 704 929 1429 1602 1767 1989 2239 2506 2631 2813 
10 553 710 857 1122 1288 1515 1616 1841 2072 2295 2489 3011 3122 3398 3543 3861 4084 4276 4518 
53 2776 2951 3103 3337 3590 3839 3980 4151 4734 4944 5045 5275 5518 5745 5926 6117 6195 6363 6405 6441 
58 2997 3272 3501 3683 3906 4011 4249 4769 4984 5209 5412 5569 5888 5993 6207 6347 6403 6452 
70 3669 3832 3995 4259 4414 4635 4754 4963 5260 5615 5839 6274 6359 6410 6458 
18 987 1162 1315 1578 1746 1957 2057 2280 2544 2758 2947 3451 3573 3778 4028 4295 4420 4585 4866 5110 
79 4125 4288 4435 4701 5007 5180 5345 5588 6102 6259 6357 6428 6442 6463 6468 6469 
3 200 314 442 717 842 1015 1646 1834 2006 2312 2423 2593 
1 150 215 457 671 891 1169 1300 1457 2087 2273 2440 2751 2864 3044 
74 3826 4043 4163 4383 4619 4849 5021 5240 5363 5628 5769 5939 6374 6431 6455 6467 6468 6469 
65 3385 3605 3712 3947 4484 4717 4872 5093 5194 5421 5714 5947 6142 6303 6402 
76 3882 4469 4747 4880 5225 5435 5665 5865 6009 6268 6321 6395 
41 2089 2390 2608 2791 3155 3256 3491 4027 4260 4565 4740 4893 5156 5324 5535 5635 5851 6141 
6 328 510 906 1139 1294 1515 1616 1842 2102 2319 2495 3011 3121 3338 3623 3795 4101 4212 4382 
