7 218 296 489 617 755 871 1307 1541 1675 1779 1985 2123 
71 2329 2422 2621 2738 2833 2926 
70 2269 2373 2699 2846 2914 2938 
64 2105 2209 2414 2540 2684 2769 2929 2939 
6 182 424 527 741 888 1059 1150 1408 
61 2002 2096 2312 2447 2575 2695 2916 2936 
63 2045 2161 2593 2783 2859 2902 2933 2937 
5 172 356 579 712 806 1022 1164 1469 1563 1771 1918 
0 99 128 455 681 815 919 1125 1263 
4 152 226 346 449 877 1111 1245 1349 1555 1693 
0 102 237 313 535 672 834 936 1184 
13 405 497 695 823 979 1085 1521 1757 1899 1993 2201 2348 
32 1039 1133 1341 1477 1615 1731 2167 2400 2532 2628 2793 2869 
39 1288 1419 1740 2124 2226 2460 2601 2748 2810 2912 
59 1932 2069 2484 2706 2804 2856 2921 2935 
57 1839 1943 2289 2551 2659 2885 2932 
6 179 260 592 728 858 992 1428 1657 
1 109 159 249 367 661 902 1185 1299 1625 1881 
4 151 209 388 514 642 779 1195 1439 1572 1666 1882 2030 
65 2148 2281 2672 2777 2870 2923 2935 
54 1788 1890 2088 2234 2362 2496 2837 2919 2934 2937 
44 1409 1512 1825 1967 2299 2431 2523 2717 2815 2880 2926 
47 1532 1694 1810 2056 2349 2442 2771 2895 2927 2938 
7 219 321 436 561 965 1103 1276 1389 1658 1808 
2 116 191 568 785 928 1030 1228 1378 
42 1379 1601 1748 1919 2013 2381 2609 2731 2798 2899 2925 
52 1718 1851 2255 2392 2563 2664 2825 2903 2925 
49 1581 1860 2136 2247 2466 2759 2844 2933 2937 
47 1533 1706 1817 2031 2182 2502 2637 2723 2852 2907 2930 2938 
5 171 333 466 629 723 1091 1340 
33 1072 1209 1630 2075 2218 2320 2515 2646 2778 2879 
3 136 280 549 653 998 1227 
0 101 197 305 400 765 1009 1142 1236 1452 1600 
3 138 376 506 600 798 945 1102 1275 
9 269 475 609 703 911 1051 1358 1461 1737 1984 
1 108 142 288 413 553 846 957 1171 1318 1501 
46 1502 1636 1951 2192 2474 2584 2824 2889 2926 
