54 4114 4250 4606 5125 5507 5610 5710 5755 5825 
55 4150 4645 5044 5231 5377 5635 5795 5825 
52 3768 4343 4589 4932 5359 5484 5709 
4 207 446 667 803 1147 1712 1887 2269 2703 2800 2904 3479 3725 4083 
0 87 166 432 707 819 1024 1604 2018 2251 2541 2656 
61 4574 5031 5501 5742 5785 5814 5820 5825 
1 107 508 942 1211 1586 1777 1977 2435 2799 
46 3329 3541 3847 4005 4102 4214 4797 5014 5341 5663 5722 5810 
4 205 328 654 1062 1389 1673 1835 1932 2041 3004 
2 117 718 1191 1373 1615 1762 2099 2581 2756 3219 
13 768 886 1127 1277 1653 2177 2356 2695 3141 3238 3350 3935 4163 4527 
43 3250 3388 3781 4193 4408 4854 5078 5193 5482 5738 5794 5823 
1 103 269 789 1087 1568 1792 2118 2236 2419 2861 3219 
1 106 370 643 1107 1246 1634 2179 2452 3004 
1 102 251 512 986 1150 1564 2140 
0 85 120 295 630 901 1169 1354 1466 1602 2562 
3 134 184 352 479 865 972 1084 1747 1993 2355 
20 1496 1656 2014 2551 3005 3164 3597 3694 4054 4501 4750 5053 5213 
48 3461 3586 3809 3950 4267 4918 5134 5419 5562 5681 5811 
3 136 227 732 1071 1292 1531 2011 2617 2926 
0 86 152 523 856 1335 1454 1598 2208 2499 
1 105 324 752 922 1326 1806 1962 2326 2773 3024 3405 3520 
11 629 833 1006 1405 1905 2159 2479 2927 3057 3383 3908 4227 
9 556 691 1057 1682 2141 2300 2733 2830 3190 3637 3888 4269 4384 
3 135 194 292 794 1436 1824 2081 2222 2538 3042 3299 3663 
2 116 403 606 960 1478 1638 2043 2456 2658 2892 3111 
3 133 174 306 389 688 1236 1884 2329 2564 2984 3172 3341 3567 3675 
60 4540 4695 5068 5410 5622 5724 5756 5807 5825 
32 2386 2522 2878 3419 4194 4461 4558 4915 5330 5525 5702 5777 5801 
5 237 625 1179 1729 1858 2307 2404 2752 3193 3427 3756 3975 
50 3710 4180 4721 5164 5279 5464 5560 5810 
56 4184 4386 4621 4837 4990 5309 5639 5810 
49 3676 3832 4247 4768 4942 5248 5446 5549 5810 
65 4972 5101 5432 5690 5787 5806 5825 
53 3869 4023 4228 4358 4691 5152 5312 5587 5763 5817 5821 5824 5825 
27 1944 2104 2519 3041 3220 3555 3791 3926 4635 5035 5217 5491 5594 5662 
44 3284 3742 4279 4732 4889 5291 5420 5570 5676 5808 5823 
0 94 342 417 593 1097 1578 1866 2030 2277 2385 
16 1061 1305 1519 2053 2465 2680 3129 3364 3494 3827 4309 4484 4941 
0 92 283 458 543 651 1261 1547 1931 
6 273 488 575 919 1408 1694 2032 2500 2630 2963 3448 3780 
37 2597 2722 2945 3086 3402 3905 4084 4423 4866 4960 5065 5552 5709 
45 3320 3522 3757 3977 4207 4655 4784 5097 5539 5647 5774 5813 5823 
38 2812 2972 3619 3997 4431 4528 4632 5184 5439 5694 5768 5809 5822 
10 590 1039 1425 1729 1853 2063 2198 2916 
66 5002 5392 5642 5802 5816 5825 
40 2882 3112 3268 3616 4057 4292 4710 4831 5385 5682 5796 5818 5823 
36 2486 3072 3353 3747 4035 4132 4481 5154 5407 5732 
39 2846 3316 3860 4611 4899 5116 5260 5349 5431 5753 5810 
59 4325 4450 4673 4812 5113 5636 5735 5819 5825 
