20 994 1295 1426 2353 3527 4292 5054 5437 6782 7577 8700 9536 10139 11269 11673 
3 368 629 1420 2133 2737 3825 4220 5601 6347 7456 8306 8941 10017 10390 
0 251 261 276 481 1265 1921 2589 2926 4384 4826 4978 6027 7260 8064 8806 9218 
165 12166 13046 13804 15648 16096 16222 16272 16278 16281 
109 7721 8624 9792 10949 11752 12510 12903 14203 14589 14724 15543 16086 16230 
149 10876 11768 12590 14346 15291 15774 16262 16277 16279 
161 11541 12493 14302 15271 15758 16016 16094 16260 16271 
175 12696 13569 14654 15428 15831 16178 16255 16279 
146 10492 11381 13433 13926 14694 15009 15669 15841 16049 16252 16273 
181 13077 13846 15520 15808 16111 16185 16258 16269 
148 10530 11315 12430 13283 13884 14802 15075 15496 16172 16253 16267 16277 16279 
135 9808 11356 12029 13452 13958 14708 15713 15925 16228 
0 251 265 605 853 1217 1929 2674 4510 5644 
159 11452 12463 13100 14454 15032 15910 16164 16275 16279 
8 505 1518 1941 3176 4046 4897 6126 7105 
145 10292 11225 13193 14598 16004 16223 16264 16275 16279 
137 9882 10994 13192 14219 14911 15585 16091 16246 16274 16277 16279 
158 11445 12035 12327 13175 13795 14615 15556 15995 16165 16275 16279 
150 11033 13011 13901 15368 15572 16156 16252 16273 
12 727 1343 2443 3366 4137 5007 7480 8604 9383 10474 
113 8080 8912 10078 12455 13552 14248 14885 15410 16065 16177 
85 6080 7650 8324 8886 11184 12334 13140 13825 14402 15509 15807 
118 8595 10104 10758 12208 12733 13603 14840 15234 15946 16155 16252 16273 
177 12806 13709 15360 15961 16168 16251 16280 16281 
96 6579 7521 9515 10593 12386 13592 14129 14933 15919 16130 16195 
136 9872 11025 12522 12920 13402 13613 14668 15157 15778 16230 
112 7827 8765 10660 11830 12659 13302 13537 14789 15068 15468 15621 16183 
127 8987 9970 11533 12594 13504 14739 15577 15948 16206 
63 4159 5136 6042 8208 9352 10166 11059 12310 13471 14157 14776 15067 
141 10186 11192 11799 12549 14600 15332 15755 16122 16220 16274 16277 16279 
18 958 1548 2536 3322 4004 5041 5406 6799 7277 7462 8537 9734 10475 11230 11597 
24 1385 1750 2602 2943 3422 3651 4820 6219 8497 9044 9906 10273 11243 11598 12165 
0 251 266 617 884 1242 1758 2585 4557 5671 
178 12827 13713 15352 15952 16166 16234 16250 16277 16279 
111 7819 8862 9769 11967 13113 13893 14408 14629 15320 15736 16098 16240 
25 1397 2367 3727 4876 5673 6388 7025 8604 9379 10083 11105 11751 
151 11113 12280 13669 14637 15311 15743 16226 16265 16276 16280 16281 
0 251 261 281 1083 1650 2552 3121 3867 4972 5807 7075 
28 1632 2437 3625 4644 5359 6259 8727 9817 10578 11699 
129 9086 9954 11998 14247 14871 15588 15901 16161 16262 16277 16279 
4 384 715 2314 3149 4039 4629 4868 5682 6354 7357 8374 
0 254 361 576 1780 2679 3553 4997 6089 6820 8055 
2 323 892 1618 3288 3592 5465 6420 7519 
9 513 787 1505 1856 2259 2770 3353 3880 4347 5195 7214 7777 8689 9077 10004 10348 10875 
36 2235 3075 3932 5726 6825 7729 9754 10967 11760 12534 12958 
0 252 303 778 1444 1973 2629 3721 4595 5256 6288 6678 
23 1374 2360 2516 3521 4796 5546 6262 6616 8119 8587 9416 10037 11073 12077 
3 371 1161 1760 2837 3687 5093 5579 6414 8474 9043 
152 11137 11523 12498 12861 13630 13994 14815 15106 15504 16179 16263 16281 
116 8434 9283 10897 11458 12409 12799 14285 14833 15552 16075 16212 16258 16269 
134 9639 10484 11352 13234 14257 14950 15977 16095 16273 
3 369 942 1492 1835 3106 3546 3701 4813 6008 6743 7525 7881 
4 384 714 2288 2805 3674 4129 5067 5456 5930 6156 7380 8030 
74 5212 6111 7308 8570 9488 10193 11907 12319 14101 14925 15668 
95 6570 7623 8552 10683 12378 12985 13857 14834 15594 16041 
2 324 918 1937 2728 4774 5315 6179 6561 7551 7922 
4 391 1349 1865 2745 3874 4852 6054 6981 
0 254 362 1108 1335 3013 4017 5202 6275 6636 7137 
0 253 341 962 2205 2887 3797 5748 6880 
1 269 691 1156 2415 3140 3937 4613 5132 6982 8191 
139 10156 12274 13517 14356 14943 15649 15940 16230 
110 7739 8333 8818 9298 10130 12232 12771 14002 14744 16006 16228 
130 9109 10391 11387 12469 13850 14745 15244 15733 16121 16231 16262 16277 16279 
0 251 261 276 482 1309 2105 2800 4478 4860 6687 7692 8764 
10 524 1289 2543 3599 4454 5163 5842 7330 8161 9272 
128 8993 9838 11000 12293 13208 13877 15413 15565 15971 16230 
7 495 1588 2154 3498 4096 4963 6314 6760 7675 9690 10237 
5 404 488 1070 2175 2880 4238 5240 6953 
92 6462 7351 8564 9774 10632 11394 13250 13547 15197 15790 16129 
3 372 1189 1783 3040 4035 5823 6071 6881 7585 8639 9638 
0 254 360 455 746 2071 2398 3911 4902 5518 
40 2493 3643 4265 5267 6454 7564 7938 9320 9799 10614 11323 12361 13354 
11 720 1139 1325 2055 2635 3560 4834 5699 6445 8305 
137 9883 11065 11700 12685 14553 15532 16027 16188 16273 
16 794 1475 3268 4426 5231 5823 6074 7538 7882 8403 8667 9845 10446 
104 7422 8556 8707 9755 11005 11941 12673 14312 14621 15745 16103 16209 
17 817 1893 2764 3766 4368 5127 7291 8228 8925 9990 
101 7314 8889 9559 11038 11857 12617 13319 14540 14981 15626 15826 16142 16204 
4 387 1017 1624 2161 2642 3084 3985 5962 6494 7410 7811 8794 9180 9689 
16 795 1684 2471 3838 4732 5555 6360 8253 9415 
0 251 262 417 636 1366 3394 4162 5519 6488 7519 
117 8454 9292 10920 11490 12422 13757 14173 14899 16070 16183 
4 386 1008 1563 2464 3960 4621 5158 6898 8133 8931 9565 10075 
138 9906 10276 11891 12553 13511 14576 15448 15839 16211 
133 9334 10030 11160 12010 13037 13718 14039 15256 15546 15640 16081 16246 16274 16277 16279 
19 976 1990 2702 3343 4752 5283 6145 7621 
6 433 950 1583 3221 4406 6155 7373 8005 
3 377 1677 2615 2952 3454 4304 5985 6557 
5 404 487 546 1282 2334 3067 3801 4178 5563 6033 6197 7237 8521 9608 
6 440 1716 2480 2871 3813 4198 4702 4927 6117 6742 
125 8956 10943 12258 13355 14018 15137 15752 16129 
0 251 261 279 769 1479 1802 3107 3583 4462 5087 6047 7243 8056 8782 9179 
80 5382 6364 7286 9467 10548 11428 12546 13642 14386 15224 15702 15900 
143 10198 10766 11282 11776 12642 14527 14954 15610 16082 16118 16262 16277 16279 
2 322 678 1999 2771 3736 4331 5080 6191 7008 8402 
119 8656 9760 9928 12106 12848 13809 14675 15177 15785 16230 
32 1781 2987 4310 5187 7191 7751 8969 10038 11089 12105 
0 251 261 278 635 1303 2373 3241 3998 5803 
156 11412 12650 13731 14059 14484 14683 15793 16108 16269 
14 752 1555 2392 3565 4530 5246 6232 7699 8856 9853 10842 
19 978 2027 2778 3620 4909 5887 7716 9437 9906 10274 11256 11639 
144 10283 11338 13149 13909 14904 15691 15878 16050 16110 16252 16273 
153 11151 12560 13385 14166 14884 16006 16228 
133 9337 10789 12666 13676 14186 14828 15636 16008 16158 16258 16269 
0 251 264 593 831 1657 2628 3695 4580 5877 
5 405 641 974 1611 3475 4066 4949 5351 6301 6679 7159 7434 8631 9245 
100 7138 8074 9712 10261 12715 13789 14717 15398 15764 16136 16196 16245 
95 6571 7956 8920 10718 12187 13055 14527 14965 15929 16154 
90 6428 7682 8770 9130 10514 10985 11167 12356 13575 14424 15018 15807 
102 7387 8546 10681 11866 13062 13496 13650 14649 15602 16048 
114 8102 8848 9938 10737 11408 13744 14067 14516 15232 16070 16183 
4 388 1044 1959 2408 3207 4683 6481 7030 7322 8193 9273 9991 10347 
56 3991 5011 5909 6752 7647 9945 11038 11858 12984 
164 11815 12286 12436 13489 14559 15217 15680 15870 16214 16248 16257 16281 
