65 7475 8346 8871 9618 10214 10625 11298 11867 12704 12903 12950 
85 10063 10835 11730 12294 12600 12845 12926 12944 12958 
98 11665 12544 12774 12876 12921 12953 12958 
89 10570 11268 12169 12487 12797 12896 12955 12958 
92 11030 11791 12216 12791 12914 12945 12953 12958 
78 9272 11055 12012 12339 12680 12870 12948 12954 
91 10909 11529 12069 12459 12686 12906 12953 12958 
68 7924 8682 9117 10075 10487 10902 12105 12755 12932 12952 
60 6899 7672 8079 9063 9460 9850 11228 12406 12608 12782 12932 12952 
56 6291 6865 7534 8145 8556 9248 10724 11469 11952 12434 12627 12788 12932 12952 
0 122 536 1343 2228 2727 3805 
77 9037 9782 10738 11232 11892 12365 12824 12949 12957 12958 
34 3654 4504 4981 5937 6366 6769 8075 9568 9938 10403 11170 12338 
1 131 893 1536 2785 3784 5305 
2 146 837 1418 2262 3305 3878 
82 9630 10824 11392 11803 12132 12471 12712 12934 12951 12955 12958 
2 144 720 1130 2006 2897 3408 3908 4929 
0 121 490 1390 1899 2564 3348 4478 4980 
16 952 2249 2873 3394 3848 4436 4935 5648 7489 8298 8741 9190 10142 
58 6532 7686 8275 8722 10183 10611 11288 12094 12588 12807 12942 12952 
2 134 260 662 2518 3699 4247 4855 5642 6602 7062 
0 124 734 1480 2086 2579 3681 4829 5346 
7 241 1009 1830 2471 3200 3629 4119 4586 6348 
43 4784 5587 6005 6994 7408 7781 9171 10595 10991 11441 12083 12805 
54 6159 7333 8037 8606 9049 9711 10421 11821 12457 12872 12933 12952 
10 463 1067 1541 2591 3056 3482 5004 6457 6819 7294 8053 9459 
9 388 821 1597 2626 3653 4489 5102 6802 7548 8131 9012 9517 
0 120 414 938 1547 2034 2769 3492 4605 
2 136 301 583 1462 1917 2348 3806 5073 5984 7390 
2 140 446 881 1649 2740 3288 4173 5627 
6 203 1049 1962 2427 3126 3970 5021 5514 
2 137 318 907 1620 2332 3440 5389 6116 7134 7587 
8 252 1857 2799 4146 4898 5481 5954 6647 7587 
71 8243 9873 10655 11188 11621 12177 12578 12863 12947 
0 117 222 521 964 1449 2216 2934 3510 5364 5838 
0 118 275 707 1208 2067 2688 3261 3822 5112 5568 6092 7042 
10 464 1099 1680 2962 3768 4396 4893 6924 7606 8101 8798 9517 
6 199 696 1692 2168 2649 3737 4205 4651 6011 7187 8255 8966 
2 135 291 1280 1784 2644 4204 
22 1830 2470 3184 3548 4094 4579 5404 6229 6683 8114 8542 9233 9860 10857 
3 162 589 1229 2184 2816 4811 5900 6406 
2 135 287 794 1185 2723 4316 4742 5214 6206 6657 7121 8073 
14 752 1305 2048 2445 2948 3427 4305 5137 5696 7116 8217 9319 9976 
11 508 1096 2156 2705 3522 4236 5521 6017 6725 7145 7567 8526 8891 9781 
20 1669 3317 4132 4685 5462 6036 7449 7869 8501 9230 10243 10737 
7 239 632 1609 2133 2980 3596 4360 4718 5205 6732 7712 
4 176 1370 2537 3081 3725 4564 5546 6060 
84 9995 10779 11211 11694 12109 12561 12743 12918 12943 12958 
12 648 2271 3231 4567 5160 5628 6067 7499 8185 8833 9820 
88 10432 11429 11816 12400 12766 12871 12945 12953 12958 
0 123 635 1194 1811 3100 3628 
74 8601 9741 10346 10951 11638 12118 12418 12748 12947 
75 8846 9484 10106 10675 11127 11745 12785 12886 12953 12958 
55 6173 7742 9543 10281 11257 11718 12317 12639 12838 12892 12950 
1 130 780 1989 2782 3932 4477 
59 6777 7432 8038 8649 9256 10321 10768 11912 12277 12552 12829 12932 12952 
90 10670 11780 12223 12508 12722 12852 12938 12955 12958 
41 4391 5601 6183 6628 7099 8478 9214 9651 10285 11346 11749 12159 12707 
70 8232 10019 10699 11176 11831 12185 12495 12833 12897 12950 
72 8360 8911 9599 9915 10390 10840 12334 12827 12947 
2 137 316 604 1503 2491 3378 4013 5744 6517 7079 7969 8475 
47 5223 5786 6555 7064 7752 8198 8928 9389 9801 11493 12211 12880 
76 8968 9753 10163 11110 11505 11857 12708 12936 12956 12958 
87 10313 11998 12668 12817 12912 12954 
48 5266 5839 6501 6842 7320 7733 9558 10367 10805 11244 12087 12651 12875 
0 119 346 954 3023 4291 5059 6105 6601 
61 6968 7727 8671 9176 10300 11877 12446 12713 12832 12931 12954 
62 7199 8386 9525 10749 11333 12305 12697 12847 12942 12952 
2 138 379 1497 3006 3986 5249 6407 6897 
42 4659 5347 5968 6537 6989 8994 10038 10511 11098 11788 12497 12733 
17 1227 1943 2610 3242 3754 4534 5189 6711 7994 8712 9700 10162 
6 197 568 1154 1633 2402 2928 4606 5032 5515 6146 7043 8417 
2 136 301 585 2019 2670 3169 3959 4635 5666 
6 209 1323 1989 2781 3921 4429 
39 4164 4766 5445 5761 6252 6706 8514 9294 9722 10230 11157 11976 12507 
37 3999 5557 6284 7829 8587 9137 9584 10270 10884 11453 12375 12626 
6 198 616 958 1654 2825 3329 3896 5053 6643 7631 8099 
8 251 1083 1718 2202 3236 3973 4931 6445 7225 7653 8161 9111 
2 135 286 552 982 1583 2290 2754 3572 4113 5667 6130 6581 7514 7887 8711 
14 754 1632 2151 3157 3879 4346 5062 5711 7177 8212 9203 9650 
6 196 430 921 1255 1770 2266 3140 4024 4709 6432 7161 8174 8670 
2 136 301 582 1431 1874 2661 4070 4545 5008 6004 
67 7804 8442 9081 9657 10092 10794 11420 12555 12889 12950 
53 5926 6752 7646 9175 9890 10528 11141 11670 12058 12661 12908 12941 
51 5719 6349 7012 7588 8023 8730 9381 10934 11654 12145 12426 12752 12925 
6 197 573 1745 2319 3450 3943 4431 5414 5801 6627 
79 9281 10455 11570 12535 12734 12913 12945 12953 12958 
1 129 334 670 1114 1565 2117 3597 4376 4949 5430 6122 7307 8073 
5 186 1136 2081 3351 4046 4519 4993 6473 7164 7791 8793 
3 161 364 1037 1797 2384 3217 3832 4337 5882 6943 7407 
39 4164 4766 5449 6076 6492 7950 8624 9124 9821 10254 10693 11312 12261 12626 
80 9420 9977 10639 10970 11767 12101 12689 12814 12950 
63 7220 9403 10545 11014 11584 12198 12737 12859 
2 137 317 855 1587 2849 3364 3811 4867 5310 6268 7250 7884 
50 5476 6691 7271 7721 9154 9675 10170 10858 11271 11688 12202 12760 12902 
45 5086 6316 7013 7846 8321 8774 10472 11321 12518 12859 
3 160 257 1026 1520 2357 3041 4274 5627 
64 7355 8334 9113 10584 11372 11966 12392 12750 12929 12947 
66 7561 8760 9340 9792 11205 12041 12346 12584 12882 12941 
68 7928 8823 10144 11606 11932 12287 12758 12865 12942 12952 
52 5858 6676 7110 8006 8421 9363 10123 11597 12241 12523 12735 12917 
64 7351 7908 8581 10200 11073 11546 12032 12549 12860 12925 
