221 50168 53594 54288 56132 57242 57309 57329 57330 
128 27602 31689 33356 36472 39117 41877 45218 47869 53997 55250 56581 57243 57306 
213 48278 52925 53721 54393 56141 57242 57308 57323 57330 
220 49511 53108 54305 56133 57242 57308 57323 57330 
204 46210 47129 48906 51716 54356 56140 56877 57242 57309 57329 57330 
136 29510 31814 34975 39707 41798 46554 47363 53237 54049 54662 56742 57243 57306 
208 47028 49224 51955 53550 54653 56799 57266 57322 57328 
167 37433 38367 40218 43059 46455 49567 52008 54226 55941 57279 57301 
150 33135 35244 36262 38647 39874 42972 45226 45991 49150 49706 51085 56129 56925 57301 
164 36393 40636 42480 45413 46481 49579 54959 56362 57045 57167 57294 57327 57328 
167 37434 39505 40578 42738 44151 47444 49641 50415 53196 53668 54604 56907 57294 57327 57328 
195 43908 48793 49774 51478 52775 55416 56134 56900 57149 57228 57313 57328 
207 47015 51685 54681 55716 56671 57149 57228 57312 57320 57327 57328 
0 282 337 432 1060 4494 5535 7520 8642 9800 13776 15500 19846 22516 
169 38193 43310 44610 45676 52523 54128 56588 57151 57230 57314 57321 57327 57328 
189 42548 44797 48353 50118 52392 54677 56822 57267 57327 57328 
0 282 337 435 2096 3682 4741 9234 10168 10876 14005 14716 18230 20070 20927 26975 
4 457 736 4788 6639 10975 11769 14892 16336 17605 21569 
161 35770 36685 37480 40608 41373 44764 46594 47397 51985 54489 56994 57243 57306 
201 45087 49041 50749 53486 56531 57096 57283 57319 57329 57330 
111 24004 28097 29070 32214 38679 45171 47862 50568 53030 54845 55709 56618 57028 
170 38250 39948 42409 43682 45868 47368 48552 51049 52444 55208 56913 57136 57305 57328 
194 43847 48642 52294 53461 55237 55858 56905 57151 57230 57315 57328 
190 42581 44320 46873 48114 50249 51514 52640 54566 55499 57031 57292 57329 57330 
131 28683 29589 31535 35327 37387 42088 42846 49194 50364 51221 56048 56816 57247 57301 
191 42607 46734 48674 49699 54176 56345 56839 57213 57325 57327 57328 
19 2250 3289 5563 8967 12384 14552 15527 18684 21441 28469 30432 34236 35665 38878 
136 29514 32882 37345 38245 43017 45280 46068 49252 49909 51102 55306 56806 57279 57301 
0 282 337 432 1053 2872 3560 7538 10934 13533 14975 20333 
173 39443 40881 43446 44574 48024 49617 50391 53179 53644 54600 56972 57218 57298 57316 57326 57329 57330 
176 39613 43389 48125 49851 50838 53493 56528 57093 57279 57301 
100 21744 23259 26027 27264 30609 32245 33028 36161 36794 38085 43627 47566 50715 51672 53867 54620 56544 57044 
2 298 753 1764 4595 7028 8819 10249 11652 12800 15437 16164 22854 24133 25041 31483 
153 33922 37120 41650 42511 45919 47995 49167 51349 52401 55804 56256 56524 57135 57246 57278 57327 57328 
2 304 2670 3481 5974 9738 11296 13812 14620 15800 22206 
4 457 725 2122 4873 7315 10221 11168 14272 21005 23809 27007 28045 30876 33669 35851 36909 
157 35078 36490 39222 40430 43595 45253 46047 49989 54009 55433 56585 57151 57230 57314 57321 57327 57328 
5 604 2984 3812 8846 11495 14460 15389 18651 25511 28243 31419 33416 34490 
2 303 1901 2566 3209 5876 8197 14947 16887 19899 25180 30999 32757 35166 
143 31398 32349 33196 36203 36973 40400 42166 42881 47834 50934 55660 56847 57162 57279 57301 
2 302 1290 2528 3122 5841 11996 14722 17879 18817 21797 24813 27088 28176 
4 459 1260 3012 5230 6522 11346 12863 17932 19885 21121 
20 2745 6760 7599 13128 15875 18911 19954 23254 29917 32688 35790 37634 38779 
2 298 756 2185 5777 7085 13041 15134 20030 20859 23978 25376 26674 30491 
0 281 323 1937 3729 8324 12223 16306 17840 
0 282 337 432 1054 3222 3877 8158 11253 18586 20650 25861 27864 
3 368 2053 2392 3435 5805 8467 10965 13504 15489 16515 
0 282 337 433 1653 3369 4685 12169 15977 17748 20360 21693 23926 25275 26647 29273 
0 281 312 389 1380 3043 7820 11581 13309 15805 17093 19270 20730 22112 24861 
2 302 1287 1987 2653 8761 10751 15463 16238 19329 20866 22145 24893 
131 28684 30836 31896 34169 35465 38691 40963 41733 44824 45470 46866 52199 55007 56558 56805 57256 57301 
5 606 3050 4045 8608 12428 17138 18882 19940 23245 28732 31631 34206 35661 
102 21901 26976 28018 29028 32204 34756 41606 43478 46435 52474 54110 55068 55842 57012 
0 282 337 434 1677 3399 4693 8044 12734 14432 15375 18642 24302 27115 29704 31293 
0 281 313 484 868 4282 5369 6240 12877 15778 18612 21659 24461 30133 
4 457 726 2555 5689 7137 9285 10268 11422 18191 19705 21914 23027 25482 26700 29933 32271 33056 36909 
7 860 3248 4900 6178 7492 9252 12040 15361 18640 25924 28748 31661 35036 36324 
0 281 312 391 1595 2914 6884 7665 13911 15017 15913 20661 24396 26975 
125 27038 28071 28764 31951 32681 35877 37687 38472 43284 46728 52668 55116 56199 56940 57306 
2 298 752 1734 2355 9834 12555 14866 19507 20465 24035 26143 27383 29570 30940 
9 893 5627 8264 10513 14992 15907 19380 21629 22897 25997 
0 281 312 400 4373 6384 10633 11540 14918 17009 18271 20602 21900 
0 281 312 390 1568 2898 4186 5297 8932 10469 18493 
0 281 317 650 3061 3799 9535 10658 11547 16114 21970 24256 25760 
5 603 2501 3112 9411 11902 13406 16581 
9 878 2069 4314 5932 7273 12315 13613 14667 22000 24273 28955 29762 32798 34141 35439 38033 
11 933 4151 7431 9110 11437 12767 14840 16245 17577 20283 26304 29148 
0 281 315 579 2800 3554 6487 8406 9580 11678 12957 18026 22742 
0 281 314 563 946 2080 2448 3449 8733 10441 12836 13947 16131 17571 20976 23320 24194 29304 
110 23896 28795 29696 35412 38159 41094 42015 45184 51639 53845 55763 56576 56815 
0 281 312 385 1015 4844 6367 7455 8539 11129 11934 18336 19585 20472 25237 28823 31483 
3 362 800 1462 5266 6150 6989 9937 12487 19408 21503 24602 30530 35769 
5 603 2501 3110 6300 9203 10118 16955 19355 24213 25074 29889 32219 32980 36909 
2 298 754 1820 4605 7186 8609 13337 14328 22033 25608 29831 31397 
0 282 337 432 1052 2328 2848 5518 6042 7228 9862 12699 15356 21186 
0 281 316 634 1228 1932 5013 6432 10193 11154 14263 20959 23776 26912 28877 30022 
0 282 337 432 1050 1648 5437 7015 11939 13234 16365 18696 19481 22837 23387 24895 30263 32330 
0 281 319 784 1962 2611 3431 9473 11605 15657 17734 
127 27572 29156 31889 35534 39024 41031 43820 46867 52498 53899 54724 55973 56232 56874 57243 57306 
5 603 2508 5182 6014 8568 11427 14195 17101 19880 25726 
171 38275 42268 44348 45310 53430 55290 56422 57278 57327 57328 
147 32100 36008 37714 40919 43411 46277 49610 52014 56427 56879 57279 57301 
200 45058 46697 49737 53356 54520 55479 56038 56761 57149 57228 57312 57320 57327 57328 
146 32071 33604 36195 39748 44041 46166 50875 51611 56021 56475 56685 57306 
116 25080 26772 29338 33078 33887 38409 42234 49456 52075 53954 56453 56909 57131 57271 57299 
134 29471 33635 35598 36573 41827 45633 47720 52259 53331 56105 57087 57247 57301 
119 26248 27688 30397 31555 36103 37266 38224 46766 48327 49364 51615 52662 54950 56142 56444 57107 57159 57306 
136 29513 32774 37241 38203 41576 43650 44842 47111 49125 49978 51112 55671 56411 57169 57279 57301 
89 18563 22966 24958 27918 28888 32167 38675 41379 44446 45348 48221 53170 55163 56198 
105 22550 23486 24366 27478 28237 31728 33534 34321 44967 46946 50640 51508 55584 56544 57044 
80 16006 21304 22608 23742 29187 36418 39192 41522 46016 46977 50273 52147 53213 54745 55525 
121 26310 27743 30492 31720 34910 36525 37293 40465 41121 42385 48055 51771 54363 55041 56372 56674 57243 57306 
36 5777 7071 9607 13075 16451 19926 23243 30361 33273 35977 38609 40077 43181 
22 2940 3700 5305 7932 11096 12206 14755 15847 18844 23102 28638 33495 34267 37146 38544 39847 42382 
124 26591 28124 29545 31841 32487 33761 36445 39335 41982 47472 51247 52723 54606 55364 56418 56786 57001 57265 
20 2745 6761 8433 9702 13484 14408 16916 18557 20175 22961 28700 32647 34418 38842 
0 281 312 388 1321 3352 5465 6196 7241 13646 15098 16073 18000 21059 25337 26863 
12 1412 2278 4405 6613 7353 11740 15625 23122 25998 28386 33003 34938 36133 38348 39582 
109 23184 24746 27412 31194 34623 36718 43120 46494 47627 50133 51184 53692 56083 56632 57070 57206 
11 930 3319 5061 5966 10843 14686 17775 18775 26621 29962 34103 35597 
4 458 1025 3281 6700 10315 15291 16170 22207 25761 27865 30777 35769 
2 298 752 1737 3136 7067 14104 16828 19245 24107 25033 28439 30552 31784 34026 35166 
5 603 2501 3111 8200 11012 15320 17961 19466 25219 26474 
0 281 322 1867 2775 4629 7734 12447 15260 17878 
159 35231 40119 41186 42814 44311 47739 48932 50057 55526 56484 57278 57327 57328 
193 43811 46623 48470 49943 52351 53286 54802 55630 56797 57149 57228 57313 57328 
184 41464 45386 46468 49571 54216 55923 56771 57301 
192 43755 45190 49168 52041 53404 54475 56029 57013 57290 57326 57329 57330 
199 44570 48994 50464 51367 52965 55540 56501 56828 57224 57330 
186 41761 43880 44908 47264 48545 51651 53522 54091 55990 56246 57069 57325 57327 57328 
172 38289 40504 44013 45769 48305 52908 53698 54197 56030 56361 57077 57246 57278 57327 57328 
197 44508 45529 47959 49481 50939 53260 56097 56895 57255 57325 57327 57328 
164 36389 39090 42649 47785 53311 55221 56406 57278 57327 57328 
118 25137 29193 31339 33442 37945 45120 47872 50224 54032 54659 56423 56909 57131 57271 57299 
108 23150 27236 28982 32201 37198 39128 42138 49271 53428 54786 56866 57157 
137 30712 32172 34852 35908 39280 40937 41709 45599 46848 52690 53917 56205 56775 57029 57256 57301 
149 32950 35103 37787 38571 41495 42851 44157 46785 48243 51906 55391 56070 57060 57187 57271 57299 
5 603 2501 3109 5833 10827 13714 16207 17735 20228 25002 28009 34687 36614 
198 44526 45553 46318 49334 50078 53081 54400 54894 57037 57225 57313 57328 
153 33919 36093 39262 44069 46193 47673 48901 54422 55596 56286 56706 56937 57278 57327 57328 
154 33950 37968 39977 40989 46227 50017 53052 53837 56978 57277 57325 57327 57328 
165 37064 41067 42002 45175 50553 53008 54827 56540 57279 57301 
56 10795 11696 13587 16516 19968 21187 23861 25809 30680 32401 33403 36476 41858 44671 47302 48736 
148 32825 37540 38536 44125 46376 48825 50322 54540 55465 57020 57247 57301 
130 28488 31823 32462 36238 39594 45785 50339 51210 53983 55316 56008 56884 57142 57306 
90 19297 24426 25370 32046 34825 37925 43985 46139 50678 51421 53967 54930 55646 56669 
178 39793 41259 42660 44545 47506 50702 53482 55220 57242 57309 57329 57330 
152 33808 38960 40245 41313 45375 49425 51001 52984 53767 54594 57099 57238 57275 57307 57325 57327 57328 
103 22060 23632 25151 26274 28928 29689 32856 34274 35483 41888 44937 45694 48963 50762 51454 55184 56544 57044 
180 40205 44240 45836 49824 50825 53491 56795 57214 57302 57324 57329 57330 
62 12775 14219 16856 18030 21570 23295 24161 27320 27945 29313 34885 38780 42028 43046 45734 46903 50612 52907 
3 363 830 1475 4221 6275 11000 12068 17171 18656 21473 22743 26086 27772 28573 32617 
20 2744 6096 6933 10372 13452 14370 17235 20352 26057 29149 33233 38506 40040 
20 2747 6873 7900 12907 16797 21704 23512 24624 27729 33258 35948 38579 40074 
175 39533 44478 46348 47227 52598 54974 56557 57309 57329 57330 
5 603 2502 3767 5052 8094 9379 10348 17405 19630 24466 25268 28413 30671 32856 34274 35472 38065 
140 30863 35701 36646 37674 40911 43408 50297 52016 54313 56677 57174 57279 57301 
96 20508 25827 27171 28212 33600 40769 43541 45895 50439 51240 53983 55316 56007 56728 56958 
0 283 408 533 862 5400 6668 8678 9675 11939 13235 16410 18748 19563 23703 
177 39766 41237 42622 44806 45440 46853 49544 52219 54279 55821 56271 56591 57309 57329 57330 
26 3604 5509 8377 11730 17433 19228 20574 21769 24652 25407 31860 33880 37171 39307 40542 43540 
9 880 2704 3657 4626 6908 7670 10488 11776 13182 15710 17261 21284 26172 27541 
37 6433 10905 11868 17631 21372 23541 24638 27738 34335 36980 40091 42115 43119 
6 678 1543 2130 3821 4925 7794 9970 10710 13883 14520 15790 21602 25665 28995 30090 34554 
0 281 312 386 1108 3163 4138 6333 7283 10098 16749 18781 20419 25603 
43 7417 11319 14034 18523 22673 24492 27719 34748 37465 40373 43689 45028 
6 676 986 1939 4076 6840 7856 10406 11464 14395 18494 20257 25727 27084 31595 33772 37904 
174 39498 42196 44097 45579 47085 49235 49878 51090 53448 55344 56555 57256 57301 
0 281 312 396 3523 6126 7633 9066 12132 15944 18260 21338 23379 
115 24992 30232 32375 35170 38094 43577 48412 50498 54340 54871 56418 56786 57001 57265 
97 20518 22888 26504 28310 29543 30737 33469 34201 40512 41676 42517 47172 51342 55554 56391 56958 
2 301 1195 3634 5124 7244 8500 10538 11875 13208 15757 21737 24738 
0 282 337 432 1058 3908 4931 7154 8600 16582 20549 22387 24930 26241 28412 29860 31168 33750 
1 294 1701 2744 6100 7705 9077 12828 15584 17517 19031 21234 
4 463 2160 4521 6817 9136 10068 11041 14248 16817 24063 25935 28901 33317 35769 
5 603 2506 4253 6123 6945 9904 16393 19157 22517 23458 26376 29225 31763 34823 
122 26363 31484 32517 33521 36517 39125 45948 47932 50800 54258 55781 56434 57115 57180 57306 
3 361 515 944 1436 3085 3804 6408 7607 8876 12532 17911 18855 19753 22996 23769 27203 29041 29800 35769 
142 31110 32565 33989 36075 36615 38066 40857 43723 46407 50966 52746 53547 56516 57208 57301 
0 281 312 387 1135 3196 5872 8192 15226 18099 20796 22373 
9 881 2720 6564 7346 10563 12615 13838 16055 18038 19049 20335 26771 
4 457 725 2124 5723 8790 10779 12281 13580 20132 
9 879 2360 3512 7960 11619 13901 16983 20171 27634 29623 35299 37049 39582 
6 676 986 1938 4015 6827 9890 12481 19784 22751 25412 26864 30765 33596 
20 2744 6096 6932 9895 15243 18129 20827 22374 24793 29361 32338 36325 37950 40438 41312 
0 282 337 432 1051 2304 2824 5490 5985 7220 12644 16045 21941 23844 26474 
182 40795 44647 47199 49392 53380 55882 56575 57309 57329 57330 
26 3604 5507 8126 10001 11530 16716 18066 19128 26208 28855 32721 33829 39647 41779 43250 
166 37214 39469 42061 42769 45809 47235 48520 51018 52383 56856 57079 57245 57325 57327 57328 
4 457 725 2123 4981 8073 13344 15570 18692 21433 24318 27143 29734 32015 
179 40187 41211 42692 44583 46288 49304 50074 54965 56168 56466 57123 57191 57293 57325 57327 57328 
0 282 337 432 1050 1647 3989 5884 6539 9507 10036 11413 17070 21122 24510 26898 30085 
5 603 2501 3113 9440 11967 13417 17226 20133 22086 23653 25760 
1 295 2018 2940 3700 5309 8704 10735 12247 13571 17700 
160 35385 36856 38323 40483 41152 42393 45145 48080 50673 55049 56698 57195 57268 57313 57328 
164 36387 37912 40570 44127 47159 52124 54473 56994 57243 57306 
11 932 4103 7386 9524 12362 18433 21444 23952 28513 29434 32906 34938 36134 39191 
12 1412 2278 4401 5361 8350 9946 10688 14600 16016 17197 20004 20791 27354 28539 29440 34074 37569 40186 
2 298 752 1739 3196 5873 10590 12492 16189 22308 
2 298 757 2421 4653 7222 14072 15691 17337 18402 20759 22138 25528 27798 28599 32617 
4 457 737 4816 6683 7996 9280 13275 15834 21057 
0 282 337 432 1059 3934 4957 8228 9769 11272 17461 19658 24678 25474 28359 29770 31142 33718 
1 293 692 1627 4429 5777 7084 12979 15116 16619 18025 22275 
33 5213 6071 6732 9647 10365 13743 15541 16274 21403 24740 31060 34435 39409 40736 
29 4602 5846 8292 9371 12672 14277 15046 18300 18940 20340 23223 30023 33371 35599 37645 41920 44445 
35 5745 9342 11082 14257 16820 19800 22781 25461 31562 32618 36674 40737 42300 44582 45631 
150 33133 34045 35820 38718 41990 45701 48864 50789 51757 56697 57256 57301 
2 299 1082 5300 11216 13157 15162 18373 19150 22641 24555 25304 31483 
127 27578 31924 33848 36766 37774 40932 47428 50085 52843 54236 54818 56994 57243 57306 
113 24239 25189 27065 31028 33169 37812 38642 44870 46093 46984 51398 54632 56218 56745 57018 
183 40828 42712 46689 50583 53802 55728 56580 57309 57329 57330 
110 23895 27891 28864 32158 37458 44699 47331 48741 51925 53623 54905 55745 56931 57262 
3 364 969 1509 2218 5335 6960 11289 17546 20435 24583 25664 
73 14809 19816 20723 26706 30219 36738 37761 40923 46258 49069 51548 52828 
5 603 2501 3109 5832 10811 13701 20895 22446 
5 603 2505 3960 5152 9769 11257 13942 19720 23704 25556 28280 31295 34414 
5 603 2504 3848 5091 8507 11182 13101 14583 17315 22568 27308 
3 365 1346 2251 3742 7483 13010 14798 20621 22585 26475 28621 30134 31516 35533 
133 29424 34654 35916 36955 43957 46122 47640 48894 53135 54158 54765 55855 56982 57235 57287 
129 28328 33288 34134 39881 43254 45500 46584 53009 55366 56057 57052 57183 57271 57299 
25 3590 7104 9033 9994 15193 19087 22309 23381 31059 34017 39677 41447 43956 
181 40214 46656 48495 49959 51314 52318 54324 54815 56407 56756 56997 57262 
10 907 1795 3455 4554 6463 7768 8907 11381 14131 15629 18368 24334 28179 31261 35071 37870 
9 878 2070 4467 7870 11838 13373 18557 20187 26536 29642 35356 37416 38959 
5 603 2507 4561 5654 9769 11273 17489 19686 21235 22577 31260 
114 24924 29083 31084 32545 33991 36178 36836 42238 44901 48612 51859 53581 55449 56631 56960 57206 
113 24240 26336 27419 29658 31136 34351 36549 37323 41279 42405 48582 51301 54491 55694 56930 57254 
123 26405 30324 32331 37509 41355 46415 47537 52571 53752 55952 56322 56670 57254 
117 25105 27312 32018 34719 37907 44209 47803 49800 52423 54797 56967 57232 57286 
12 1412 2278 4403 5908 6588 9563 10141 13983 17377 19614 22825 28144 29310 39947 
19 2252 4344 6789 9167 10609 13866 14489 16690 20207 26623 30371 33752 38992 41030 
2 300 1162 3619 9618 12104 15403 16438 19191 20400 26562 28666 30199 
155 33964 35675 38102 39368 41549 42942 44183 46830 52345 54447 55615 56645 56943 57301 
61 11620 14338 17364 22447 23429 24541 27721 30358 37199 40344 42785 44275 48155 50931 
185 41622 43782 46527 47294 50200 51427 52619 55265 56115 56614 57294 57327 57328 
5 604 2996 7569 9005 14162 18165 20692 23090 
16 1851 2477 2956 5571 6293 9311 11055 11803 16701 23418 27544 30305 35270 37370 38925 
109 23186 25896 29389 32429 33427 36485 43004 49097 51578 52831 55022 56688 57157 
163 36360 41951 42777 48452 52547 54140 55092 55847 57252 57300 57322 57328 
189 42549 45314 46934 51796 54700 55970 56904 57325 57327 57328 
112 24083 27337 27976 29321 32133 34995 37604 43182 47059 48750 51116 52254 55335 56155 56459 57206 
46 8514 9910 12586 13804 17039 18722 19533 22924 23570 24906 30585 34491 37733 40285 42913 44409 
15 1622 2597 4763 5598 7678 8900 12013 14302 15072 18318 18970 20353 26124 30970 33151 34555 35847 40343 
135 29485 31307 33777 35028 37095 38445 39820 42337 48776 49748 50524 53264 53841 55945 56592 56792 57306 
203 45964 48186 50851 51541 53938 54873 55632 56647 57145 57311 57329 57330 
36 5777 7071 9609 13241 16659 19000 20056 23287 25932 32934 34765 39375 40700 
145 31523 36037 37433 38367 40220 43429 49665 51175 55139 55859 56341 57243 57306 
109 23190 27453 30637 33347 37012 38129 41056 45039 50481 51827 52980 55900 56485 56719 57157 
139 30801 34590 36910 38879 41411 42463 48382 50481 51837 55445 56600 56988 57262 
168 38078 44734 48162 49583 52100 53105 56418 56786 57001 57263 57297 57330 
158 35196 39063 42154 45701 48861 49816 55570 56515 57278 57327 57328 
101 21828 26801 27825 35413 38397 43358 49277 51143 54295 55006 
113 24239 25189 27063 30941 33106 37609 38437 41495 42863 47901 49031 52175 53497 54075 56306 56837 
91 19429 22941 23601 24914 27666 33335 40996 42441 47593 51272 53580 
