281 39282 40964 42175 43285 46282 48190 48554 48845 48908 48932 48963 48964 48965 48966 
256 35609 37170 40221 44128 46568 47691 48876 48958 
241 33300 35014 36956 37946 42459 45116 46050 47986 48927 
218 30115 31711 34565 38578 41302 44224 45718 48240 48613 48917 48947 48958 
299 41423 43631 44598 46028 48409 48785 48955 48964 48965 48966 
238 33101 34128 36350 37729 39843 41536 43831 47147 48905 48956 
244 33736 35351 38286 42160 44828 47170 48028 48896 48929 48951 
266 36980 38684 40703 41629 45060 47242 48135 48942 48957 48963 48964 48965 48966 
193 26384 29019 30659 35115 36053 37475 41708 42940 44417 46963 48625 48940 48960 
5 487 1653 5084 8473 12000 16613 19362 22435 
4 472 883 1612 5037 6212 7763 10807 14808 17677 20642 
240 33183 36264 37162 39912 40885 41771 44961 46821 47448 48204 48940 48960 
11 734 2942 4529 7509 8462 11434 16768 20121 21348 24797 27769 30244 32200 
3 448 970 2406 3120 3952 8178 9997 13124 14031 15498 19846 
247 33959 38081 39337 40841 43837 47071 48381 48879 
252 34920 36088 38294 40254 41400 43674 44618 46084 47718 48876 48958 
5 486 1204 1765 4220 9469 13013 14078 15049 17086 18559 23777 25699 
0 385 510 1386 4138 5223 10709 12736 13999 18360 21299 
199 26776 29036 30063 31757 34212 37832 39023 45972 48047 48429 48676 48891 48956 
3 445 646 1878 6867 8543 13117 17799 20799 21849 23776 
3 447 955 1893 5697 6604 8109 12298 13644 15190 18301 22197 25001 27898 
6 569 3072 4057 5664 7622 8566 13148 15983 17171 
5 487 1645 3131 6255 8325 14880 17763 19641 23229 25303 26232 27153 
188 25793 26808 28940 30396 32456 34158 36550 43176 45821 47304 48179 48689 48921 48958 
150 20268 24748 26485 29606 30565 33529 38746 42114 43220 47550 48355 48717 48898 
5 486 1205 2493 3217 4503 8673 9861 11395 14576 18472 21329 24301 
213 29523 32574 33474 35371 42577 45750 46628 47265 48210 48688 48940 48960 
18 1432 3459 6447 8187 9884 11692 12991 14780 16419 17825 19345 23469 
4 470 633 4654 7571 9215 11568 12928 14069 16589 18421 19532 21805 
168 22802 24431 27899 29950 34474 37907 43615 45099 48099 48406 48733 48924 
176 23998 28339 30196 33244 34137 37207 42353 45470 46467 48315 48905 48956 
10 715 2618 3688 5554 6477 7502 11879 13752 19911 23325 27493 28864 30374 32787 
13 1104 1747 3432 4716 6740 8497 10798 14730 20643 22619 26819 28965 29972 30925 
170 22907 25936 26829 29929 35076 38497 39658 44795 46777 48364 48747 
13 1105 2098 2989 4673 6594 8982 10855 12042 16811 17997 19422 20486 23283 25961 27823 30681 31847 
4 470 630 3236 4886 8453 10547 11492 12502 15836 19977 
15 1173 4110 5969 7444 11548 15128 16336 21875 23791 25079 29327 32277 
3 456 2594 4268 6785 8279 10322 13767 15548 17297 19195 
3 446 868 1775 3630 10157 13094 15154 17005 18970 21721 23135 26588 
6 565 1194 2319 3841 4805 6841 8341 12346 15901 19475 23955 26628 29713 
4 476 2526 3894 5689 7673 8829 10023 11986 14068 16358 18358 
17 1405 2801 3917 6756 7726 9600 16996 20428 21550 22512 24491 25894 31120 33004 
3 447 956 2999 4553 6158 8040 9237 11029 12757 14119 15641 19798 
5 497 4033 4876 8489 11246 14168 17172 18194 20231 
37 3917 6757 8452 10466 11440 12362 15789 20409 21666 23106 24192 26840 29714 31527 34286 35484 
267 37344 39032 41639 45032 46034 48869 48957 48963 48964 48965 48966 
233 32014 33509 36601 40441 43189 45890 47124 48704 48841 48926 
268 37371 39003 41908 45665 47583 48648 48901 48960 
30 2903 4200 7137 11121 14054 17591 19987 25529 27412 28670 32942 35915 
1 399 929 1301 5634 6715 7698 9668 11081 15345 18840 21222 
162 22215 25279 27089 30587 34065 40567 43312 45142 47675 48480 48695 48813 
116 15418 17059 20002 24976 29246 35946 38755 40813 42584 44503 47248 47833 
167 22775 24451 26971 30576 31733 38939 42379 43440 44359 46120 47135 48830 48926 
14 1155 1757 4305 7647 8739 11942 16167 19607 23098 27529 30329 33377 
242 33684 35485 36833 39884 40806 43563 44476 45284 47650 48518 48722 48956 
187 25761 26800 30044 33450 34542 37712 41755 45052 47847 48843 48940 48960 
162 22215 25280 27154 30631 33544 39428 41364 46489 48089 48737 48904 
48 5514 6595 9909 13303 14583 16671 17696 18663 23012 28748 31774 32788 34624 36481 38398 
307 42865 44429 47551 48508 48783 48955 48964 48965 48966 
182 24705 26193 31602 33595 38219 41591 46392 47433 48259 48608 48771 48928 48951 
5 486 1207 2711 3575 5359 7041 9291 10906 12876 14046 18783 19977 
5 486 1204 1765 4219 9331 12850 13940 17443 20466 22549 24923 
223 30474 32700 33709 35397 37955 41490 42656 48176 48862 48913 48958 
19 1456 2647 5238 9159 11912 14961 16697 19045 23186 25444 
166 22751 24603 25846 28912 29854 31732 38885 42303 43328 44283 46035 47098 48830 48926 
190 25871 27721 28994 30446 32296 35676 37696 44020 46476 48140 48618 48860 48921 48958 
2 422 742 1404 2754 3826 4795 7918 11306 12486 18168 20147 21407 25701 28488 
229 31350 33756 34962 36789 38328 39793 41285 45161 46219 47324 48683 48881 48958 
8 660 1339 2391 3252 5247 7171 8392 13084 14298 15717 16840 19596 22351 24226 26882 28080 
5 487 1652 4911 5987 9179 13668 16631 17754 20107 22114 
5 486 1206 2516 4835 7534 9394 12139 13377 19484 21805 
5 486 1213 4815 6811 7835 8762 12010 14411 16604 20055 
167 22778 25623 27580 28600 29630 33942 35767 38784 39740 41167 45330 46339 47591 48404 48830 48926 
0 388 784 1534 3959 4825 7783 13041 16372 17639 21081 24174 26589 28531 
3 453 2285 3983 5602 7870 9120 10273 12722 14610 15805 18153 
5 487 1654 5150 10078 11802 13598 15439 16719 18517 20232 21637 
184 25057 27042 28317 31737 33153 37324 40752 41894 46885 47935 48403 48928 48951 
4 471 830 6234 9549 10818 14468 16398 17721 22003 23729 
285 39701 41835 43022 44893 47138 48317 48734 48933 48945 48964 48965 48966 
41 4425 5934 8880 12901 16351 21308 27244 31304 33975 37056 
149 20251 21416 24727 27978 29250 31322 32353 33268 37607 43368 46095 46867 47897 48534 48818 
1 399 929 1300 5440 6488 9982 13223 15237 19715 20889 
154 20984 22593 26263 30926 34248 39993 41609 45845 46560 47492 48410 48880 48924 
214 29548 31415 32631 33994 35107 39455 42435 43302 44732 47748 48290 48824 48911 
274 37767 40054 41064 42639 45933 47366 48938 48957 48963 48964 48965 48966 
206 28267 29889 32907 36816 39607 42483 44107 47462 48031 48600 48833 48923 48951 
200 27513 28680 32035 35296 36613 40113 42027 43280 48308 48882 48925 48958 
191 26046 27698 29725 30707 34193 36946 38808 41553 42679 47637 48545 48731 48910 48951 
205 28241 29997 31265 32411 34720 36636 37799 42360 43538 44905 45838 47680 48638 48877 48947 48958 
254 34982 37276 38538 39722 42013 43932 44983 46579 48167 48725 48855 48959 
215 29638 31391 33276 34202 37853 40694 43042 47798 48779 48940 48960 
257 35631 37416 38654 40459 42047 43392 44852 47809 48326 48756 48926 
227 31265 32412 35656 38973 40227 42241 45251 47687 48905 48956 
239 33161 35038 36325 38605 39627 40584 44820 46357 48796 48895 
58 7333 8431 10521 11958 14103 15916 18221 22302 25140 30718 34148 36293 37240 38218 
202 27570 30425 33217 35710 37501 40592 41500 44448 48079 48838 48947 48958 
210 29150 31462 33005 34896 36079 38913 40189 44199 45775 47200 47701 48877 48947 48958 
258 35757 37686 43130 44703 47149 47672 48877 48947 48958 
230 31371 33127 34780 36114 37638 41663 43996 45008 46753 47620 48442 48780 48940 48960 
0 385 512 2923 5897 7145 9687 12919 16540 18491 19977 
278 38595 41351 44140 46296 47512 48626 48776 48946 48963 48964 48965 48966 
4 470 635 5732 8150 10576 12206 16850 17789 19198 21848 
6 564 1010 1722 3473 4371 5953 8528 14350 15961 20489 25221 28100 29163 31227 
113 15022 16787 18699 19743 24833 30836 34178 37757 42160 44828 47199 
208 28404 32055 33818 36922 37843 40878 45797 47918 48695 48813 
265 36868 39233 40487 41482 44510 47281 47836 48758 48872 48962 48963 48964 48965 48966 
115 15393 17198 18566 21638 22539 24425 31648 35047 36163 37107 39046 40550 45494 46999 
232 31991 34313 35581 37195 43007 44955 48388 48905 48956 
99 12930 14898 17393 19230 22327 23240 26225 31453 34734 35966 41192 43056 44574 46218 
249 34097 36558 38633 41085 42282 44033 45525 46593 47570 48509 48714 48950 
9 687 1323 4600 6404 7987 9736 10972 13050 14661 16647 17783 22487 23622 24812 26675 29596 31180 
86 11056 14243 15183 17949 19847 23268 26690 33226 36065 39577 41231 42914 44572 
13 1104 1748 4084 5164 6319 8996 10985 12066 14324 15743 17905 22978 24880 26410 28192 
107 14007 15862 18024 20318 21318 22320 27679 31012 35411 36521 38399 40100 42369 43884 45642 46940 
10 713 1310 6508 9419 11089 13085 15103 16275 17459 19410 22292 23877 
3 445 649 4172 5872 7863 11281 12427 13731 15705 18613 21142 
1 399 934 2148 4949 10033 11617 13471 14825 17917 18862 21692 22647 23605 
16 1251 3028 4399 6061 7418 10438 11359 13355 20689 24133 25249 26131 31099 32521 
5 495 3601 5468 6585 10955 12779 14742 16777 18420 
10 713 1305 3682 7484 10308 15596 17545 19100 20936 
172 23060 25121 27919 29190 30186 32370 36889 39383 42214 44891 46586 47848 48563 48768 48924 
204 27630 30546 32657 34021 36098 37877 40165 44027 48159 48692 48947 48958 
2 421 594 1227 1809 6639 9623 10683 12626 14461 19566 22116 24971 
5 486 1210 3320 7012 8940 10265 14710 17544 
0 385 509 996 2172 3184 4990 6183 7791 11850 13813 18592 20983 
3 452 2222 3561 5312 7418 10444 12411 15934 19337 
162 22215 25274 26151 28027 33395 39766 42726 43717 45428 46857 48042 48575 48844 48924 
4 470 628 2575 4282 8812 12189 18047 19694 24465 25503 27411 
5 488 1669 3336 4843 7131 13892 16820 18869 20700 22675 26073 27220 
1 399 929 1298 3380 4817 9092 10205 13713 15771 20276 23040 26045 
15 1170 3352 4167 9301 10413 11331 13452 14872 19005 22466 24923 
43 4533 9187 10195 11139 15625 17469 20496 21449 22895 28193 29508 30556 33053 34799 36030 38080 
7 578 1275 2027 4698 8721 12114 15658 18722 20365 22872 
26 2393 3943 6272 8125 11146 12086 15228 20456 23878 25021 28389 32315 35240 
140 19072 20782 23292 25609 29497 35241 37218 41819 45075 47525 48281 48806 
29 2877 4444 5582 7375 8961 10337 11889 14366 15365 17108 19677 25385 26949 31503 32446 33844 36480 
3 445 644 1796 6623 8575 12077 14270 15261 16257 
3 445 645 1816 4814 5930 13269 16740 17875 18808 20824 22263 27252 29325 
160 22129 23210 25359 26723 28823 30613 32903 39638 42406 44391 46003 47373 48498 48813 
5 486 1204 1767 5750 8611 12943 13930 14930 19281 21153 24202 25111 26510 29121 
13 1106 2474 3407 4688 5724 10387 13426 14495 16510 21143 23084 25147 27479 29387 30525 33683 
5 489 2049 4772 6969 8022 12829 14194 15679 18108 
19 1458 3263 4630 6883 7938 9608 12227 15881 17080 24302 27650 28724 29754 33913 
56 6561 8625 9832 11421 16048 19585 20775 27759 31228 32337 37573 39576 
139 18672 20386 22361 23311 28423 34409 37865 42532 44456 47728 48222 
177 24006 25148 28289 31657 32914 34935 35935 36915 41224 45869 47731 48527 48819 48930 48950 
5 486 1212 4243 5100 8360 10638 11670 13336 17620 20593 
4 470 627 2165 6528 9374 11367 13278 15292 20663 21916 22873 25041 27314 28648 30835 
31 2990 5264 7988 9784 11056 14243 15182 17079 24163 27453 29855 32602 33554 34473 
192 26361 28008 30993 34869 37611 40643 42267 46135 47041 47873 48397 48807 48902 48950 
151 20294 21441 25333 26695 27791 32558 38774 41511 44276 46662 48223 48538 48834 
0 386 518 835 1916 2848 4225 7735 9524 11522 16970 18227 19220 21369 23905 25088 27041 
3 450 1557 2876 4324 5514 6598 11528 15077 16187 19448 21576 24850 26588 
179 24070 25824 28126 29570 33617 37071 42140 43464 44868 46786 47416 48207 48781 48950 
167 22776 25205 26849 29236 33067 35916 38834 40510 44644 45733 47078 47963 48443 48753 48924 
4 470 627 2164 5487 8235 11192 12969 15316 19509 21848 
226 31255 34053 38674 40319 42190 43293 45949 46906 47506 48392 48861 48927 
250 34887 38448 40417 41471 43590 44929 46651 47684 48905 48956 
178 24049 26435 27607 29461 31078 32407 39359 42608 43844 45689 47335 47799 48767 48924 
1 399 932 1840 2664 5504 8309 11111 12695 18155 20418 22017 23973 25608 
163 22240 24114 25333 26695 27790 32131 38129 41522 45377 47999 48749 48937 
0 385 513 3766 6359 8255 10282 13243 14529 15514 17707 20106 
23 1698 3519 5517 7475 9931 11744 14907 15871 18919 24357 27730 28840 29832 33913 
259 35997 37823 39967 41372 43208 44171 47565 48336 48947 48958 
8 661 1474 2432 3867 5421 6683 11254 13060 14938 16011 20519 23396 24555 
156 21038 22575 25617 29578 32423 35795 38154 43743 45506 46535 48572 48818 
161 22181 23220 26294 29776 30861 36495 38308 39689 43870 45382 46516 47773 48300 48879 
19 1456 2648 5827 7814 12551 16020 18936 26160 27954 29938 33398 34540 
152 20344 22158 24448 26867 30440 36898 39752 43099 44749 46243 47386 47977 48622 48832 
0 387 617 1057 2366 3227 5846 7082 8091 10225 12060 17373 20727 22931 24679 26360 
1 399 933 2010 4864 9478 11479 18944 19863 23162 25444 
10 713 1305 3681 7357 10175 13173 14852 17266 21385 23516 
12 836 1963 2903 4200 7136 11009 13910 16924 22271 24602 
66 8012 9649 12096 14523 18622 21424 23387 31493 35139 37979 39136 
159 21903 24123 25714 27546 28698 31622 32853 33808 35989 40558 42964 45673 46587 47957 48581 48769 48924 
20 1524 3170 5624 7235 9136 10750 11768 13961 16440 17730 19559 24331 25562 26532 28632 31028 32381 34408 
110 14755 15860 17972 19381 21459 23250 25558 32278 35086 37134 38948 40913 44334 45376 
273 37658 40172 41182 43238 45589 47100 48452 48680 48885 48963 48964 48965 48966 
180 24650 26205 29862 31686 33582 37082 38235 39446 41936 46539 47666 48469 48754 48950 
270 37491 39674 41481 43983 46427 47219 48066 48653 48787 48961 48963 48964 48965 48966 
263 36766 38709 40728 42771 44075 46682 47299 48481 48774 48957 48963 48964 48965 48966 
248 34071 36408 40524 43512 44386 46712 47808 48782 48952 48959 
277 38554 39731 42551 43784 44694 46502 47663 48712 48960 
236 32840 35004 36689 39308 40866 46331 47633 48843 48940 48960 
140 19076 21976 24021 24989 25928 30276 35165 38006 39137 42225 45544 47054 48084 48672 48816 
293 41040 42818 44059 45017 47001 48339 48643 48857 48935 48949 48964 48965 48966 
45 4746 6926 7966 9579 12568 17666 23673 28582 31473 33914 35866 
25 2367 3634 4519 6546 8889 10242 12250 13567 15209 19263 24367 26287 29802 30943 32148 34719 
136 18543 19567 22682 26098 27222 30406 35375 36858 40945 44309 45265 47807 
186 25490 27688 29340 31280 32437 35271 40009 41011 42708 45040 46903 48590 48905 48956 
11 732 1629 3253 5407 7283 8407 10593 11642 13419 19623 21962 25776 28562 31601 
269 37391 39188 41135 44154 46495 47168 48741 48939 48963 48964 48965 48966 
5 486 1204 1768 6328 9340 10292 11786 16119 17347 20166 21502 23018 25488 
114 15368 18275 20318 21318 22319 26619 29930 35286 38717 39859 40778 43354 46368 47549 
91 11670 13335 16950 18983 23606 26933 32683 34265 39064 40139 42113 
217 30090 31866 33085 34118 36736 39488 41456 45803 46731 47600 48095 48877 48947 48958 
327 45633 47854 48592 48770 48920 48941 48955 48964 48965 48966 
198 26758 30742 31965 34850 36231 40616 42330 44177 45071 48412 48886 48922 48950 
224 30509 35534 37358 42752 44121 47378 48665 48812 48958 
4 470 629 3150 5777 7452 9282 10495 11943 16260 21227 23811 25156 26653 30185 
7 577 1132 2451 4036 6035 7054 9044 10735 12575 13976 16093 21012 22702 24008 25901 27266 29441 31959 
237 33086 34574 36749 37813 40305 41963 43254 45206 46266 47322 48905 48956 
14 1157 2483 3779 5530 6614 9507 13519 14740 15854 21059 24398 27432 28775 30349 32743 
207 28310 29907 33482 35325 37267 39941 41342 47946 48420 48748 48924 
40 4400 6109 7403 8440 10842 13844 15524 18640 19575 22614 27945 31424 32522 33428 37572 
154 20985 23534 26697 28621 35696 38894 40925 45319 47705 48747 
62 7544 9258 11169 12166 15891 18775 21475 24477 29126 31848 33210 38524 40416 
9 691 2301 3208 7223 10274 13623 17044 21747 23348 27799 28688 30221 32743 
130 17322 18897 21970 25911 28708 32110 37611 40649 43771 45812 47010 47988 48553 
195 26494 32819 36377 37931 45025 47332 48638 48877 48947 48958 
18 1430 2740 4967 9364 12131 15012 16887 23519 28532 30328 
193 26382 28087 32204 34761 36024 42894 45978 46941 48002 48376 48838 48947 48958 
165 22436 24090 25971 26909 30603 33380 36198 42425 45059 47236 48116 48789 48894 
6 563 859 2269 3728 7406 10111 11903 18109 19125 20755 24315 26921 30328 
