72 2158 2442 2547 2695 2793 2866 2879 2886 2887 
0 109 256 433 537 693 799 940 1062 
0 107 215 560 673 853 957 1113 1219 1360 1482 
12 335 456 643 747 904 1027 1197 1309 1624 1726 1874 1998 2192 
1 112 178 313 567 686 1008 
8 237 388 514 762 867 1018 1154 1455 1587 1743 1849 1983 2112 
68 2015 2137 2388 2497 2666 2766 2878 
77 2287 2457 2576 2825 2864 2881 
64 1917 2068 2196 2504 2628 2780 2841 2877 2887 
79 2348 2652 2740 2837 2869 2884 
36 1077 1228 1355 1617 1736 2045 2209 2403 2519 2686 2788 2850 
49 1446 1602 1707 1858 1994 2296 2435 2556 2730 2806 2875 
47 1400 1513 1693 1799 2037 2146 2323 2430 2709 2798 2868 
3 145 288 396 545 657 808 936 1244 1368 1548 1656 1826 
2 131 194 318 498 607 777 896 1204 1316 1468 
6 169 303 419 589 723 845 1175 1296 1496 
4 154 273 379 520 635 965 1086 1273 1377 1533 1639 1780 1902 
54 1595 1716 1903 2007 2163 2270 2464 2568 2814 2854 2880 2887 
52 1578 1758 1866 2022 2127 2278 2411 2589 2810 2858 2883 
1 116 364 476 614 738 918 1026 1196 
65 1938 2225 2337 2488 2613 2771 2831 2870 2882 
7 186 342 447 598 732 973 1098 1385 1497 1648 1773 1967 
51 1506 1664 1788 1968 2077 2247 2366 2673 2757 2844 2872 2885 
5 162 249 574 666 827 1009 1143 1272 
0 105 121 223 327 489 755 876 1063 1167 1323 1429 1563 1692 
0 106 140 357 469 784 886 1034 1158 1352 
9 266 404 528 708 817 987 1106 1428 
61 1805 1926 2113 2217 2379 2645 2749 2851 2874 2884 
43 1287 1438 1573 1827 1946 2255 2418 2598 2702 2821 2861 2883 
69 2059 2200 2309 2479 2620 2727 2876 2887 
31 948 1128 1237 1407 1526 1834 1936 2086 2240 2353 2533 2637 2779 
