102 5704 6104 6435 6698 6908 7058 7103 7113 
0 140 207 436 900 1572 1721 2074 2619 3054 3529 3877 
97 5441 5860 6186 6426 6572 6849 7050 7112 
62 3466 3898 4259 4322 5197 5581 5994 6321 6743 6919 7041 7083 7097 7108 
2 172 285 619 990 1063 1507 2024 2846 3334 3764 3906 4298 
0 145 399 775 937 1264 1752 2240 2718 3052 
12 471 964 1384 1789 2208 2544 3546 3946 4307 4566 4724 5083 
1 155 276 545 1082 1487 1923 2334 2773 3110 
7 290 666 921 1413 1701 1993 2285 2403 2740 3475 3996 
0 140 206 338 829 1133 1608 2039 2395 2667 2815 3195 
2 177 731 813 1366 1770 2113 2370 2563 2917 
11 393 656 956 1210 1327 1649 2442 2874 3214 3492 3630 4150 4621 4942 
86 4770 5293 5878 6290 6605 6686 6951 7107 
58 3148 3600 4095 4397 4796 5221 5868 5924 6383 6749 6979 7035 7093 
80 4493 5344 5843 6282 6667 6777 7025 7099 7109 
88 4878 5309 5657 5908 6056 6406 7013 7075 7104 7111 7113 
74 4078 4478 4834 5084 5228 5604 6491 6827 6996 7060 7080 7107 
1 161 630 1115 1524 1855 2191 2501 
56 3016 3441 3848 4176 5032 5488 5977 6263 6648 6927 7051 7064 
67 3719 4222 5155 5562 5917 6212 6504 6842 7026 7087 7098 
9 347 723 1054 1310 1470 1954 2425 2762 3754 4157 4503 4603 
95 5327 5758 6174 6303 6637 7005 7109 
55 2982 3405 3772 4006 4195 4955 5424 5722 6229 6598 6864 7007 7074 
50 2702 3140 3501 3814 4119 4520 4976 5570 5670 6087 6544 6883 7018 
79 4352 4761 5113 5373 5515 5893 6656 6974 7090 7112 
69 3798 4234 4574 4826 4990 5824 6245 6628 6901 7032 7095 7112 
76 4138 4582 4898 5587 6047 6373 6442 6818 7045 7102 7113 
53 2918 3366 3700 3786 4638 5050 5457 5781 6257 6551 6767 6940 6993 7069 
83 4604 5024 5381 5615 5806 6146 6876 7047 7106 7112 
85 4650 4962 5247 5533 5665 5965 6710 6954 7062 7096 7106 7112 
2 176 495 550 1000 1422 2140 2476 
8 318 756 1240 1692 2105 2267 2644 3574 3886 4207 4467 4723 
4 190 452 869 1259 1682 2064 2131 3196 3607 3936 4077 
96 5363 5767 6123 6521 6786 6986 7109 
10 364 742 1152 1532 1589 2048 2585 3413 3878 4299 4447 4825 
91 5093 5721 6129 6563 6797 6991 7109 
78 4269 4687 5255 5626 6347 6733 6966 7072 7105 
17 784 1397 1916 2247 2554 2833 2952 3249 4112 4425 4697 5001 5109 5423 
54 2930 3688 4551 5209 5687 6006 6416 6755 6957 7002 
41 2175 2611 2957 3275 3581 3997 4439 5014 5121 5545 6027 6459 6732 
93 5190 5495 5798 6074 6182 6478 6970 7078 7105 
60 3259 3710 4054 4368 4656 5055 5508 6112 6194 6615 6916 7065 7101 
2 173 343 589 1292 1803 2316 2785 3206 3374 3753 
5 214 487 807 1348 1661 2094 2522 2863 2981 
18 846 1222 1580 1823 1976 2515 2999 3301 4242 4676 5138 5486 
0 140 206 335 534 676 1023 1880 2308 2675 2944 3074 3465 
0 143 299 706 1165 1898 2219 2656 3061 3430 3528 
0 141 230 505 907 1230 1339 2360 2806 3165 3240 
65 3563 3972 4386 4786 4850 5746 6124 6533 6832 6870 7070 7109 
75 4114 4913 5317 5390 5943 6365 6674 6857 6933 7057 
4 192 516 1036 1432 2003 2502 2883 3312 3646 4014 4548 
0 144 375 747 1182 1449 1831 2359 
2 175 417 863 1171 1441 1740 1849 2161 2889 3352 3620 3924 4048 4351 
31 1542 1961 2297 2411 3028 3342 3620 3929 4515 4943 5273 5640 6157 
70 3954 4418 4861 5181 6161 6808 7019 7092 7110 7113 
103 5739 6034 6339 6585 6682 6897 7094 7111 7113 
3 183 249 408 694 800 1102 1794 2259 2600 2701 
6 259 648 1046 1191 1557 2381 3139 
14 568 982 1319 1625 1936 2480 3323 3664 4034 4760 
0 140 206 336 601 880 1283 1715 2335 2793 3113 3392 3508 3847 
20 874 1778 1879 
