148 12187 12568 12897 13697 14007 14438 14972 15186 15222 15235 15238 
126 10537 10954 11269 12066 12661 13639 14496 14721 14981 15234 15236 
125 10373 10903 11218 12208 13417 13908 14203 14658 14887 15017 15225 15233 
146 12141 13059 13344 13873 14238 14897 15129 15202 15227 15238 
134 11096 11500 11846 12627 12972 13473 14290 14877 15070 15225 15233 
139 11647 12038 12404 13169 13482 14120 14387 14830 15037 15138 15237 15238 
130 10790 11718 12723 13128 13432 14163 14848 14982 15149 15234 15236 
124 10356 10673 11397 11924 12183 13942 14522 14732 15057 15177 15211 15237 15238 
111 9272 9612 10302 10825 11114 12377 13095 13391 14640 15108 15210 15228 15235 15238 
97 8065 9382 9985 10463 11004 12499 12832 13333 13767 14578 14949 15117 15200 15233 
16 1171 1595 2215 2550 3229 3576 4296 4822 5137 6930 7666 8542 9135 10070 
23 1627 2120 2441 3429 4426 4771 5352 6254 8194 8706 8999 10026 10970 11348 
0 205 615 1060 1852 2655 3175 3512 4570 5529 5919 
11 731 949 1558 2060 2334 3604 4351 4690 5413 5929 7110 7628 7943 8942 9901 10277 
122 10008 10406 10772 11546 11898 12535 12850 13552 14031 14261 15159 15223 15236 
16 1171 1593 1905 2898 3858 4226 4763 5699 7646 8159 8490 9518 10448 10824 
133 11055 11592 12586 13570 13882 14311 14839 15047 15139 15237 15238 
107 8879 9807 10112 10643 11072 12055 13025 13506 13809 15020 15190 15219 15234 15236 
108 8917 9321 9666 10441 11986 12291 12820 13243 14154 14642 14921 15157 15217 15230 
93 7662 7991 8672 9170 9488 11288 12020 12350 13042 13529 13813 14565 14988 15147 15230 
7 480 1153 1396 1877 2290 3264 3932 4441 4988 6527 6820 7384 7799 8986 
1 219 346 495 2000 2671 2995 3709 4253 4563 5840 6565 7264 
85 7093 7414 8123 8646 8935 10209 11889 12777 13604 14073 14335 14968 15195 15221 
0 207 698 935 1357 1767 2766 3387 3876 4703 5235 5601 
96 7829 8210 8566 9360 10885 11178 11742 12156 13144 13773 14191 14749 15000 15128 
132 10937 11241 11950 12457 12717 13668 14351 14705 14999 15234 15236 
1 216 251 517 854 1676 2299 2782 3588 4113 4488 5650 6031 6366 7446 7972 8333 
28 2138 2445 3157 3685 3982 4935 5962 6297 6808 7267 8806 9452 9919 10705 11222 11622 
83 6745 7142 7488 8270 9017 9505 10721 11314 12224 13112 13587 13896 14683 15110 15176 
113 9468 9859 10228 11254 11772 12123 13274 13652 13964 14585 15062 15150 15212 15234 15236 
2 233 298 1317 1721 2478 2976 3337 3964 4384 4722 5825 6328 6696 
78 6432 7344 8446 9047 10513 11561 12164 12642 13158 14089 14337 14717 15057 15182 
1 216 249 309 979 1410 1743 2273 2801 4737 5483 5813 6510 7015 7315 8610 
36 2855 3247 3630 4414 5431 5750 6285 6716 8258 8901 9394 9887 10482 11484 12286 
2 235 454 879 1204 1456 2204 3194 3516 4070 4523 6064 6722 7218 8004 8507 8875 
0 204 528 908 1958 2540 3449 4368 4882 5231 6222 7200 7565 
1 216 254 809 1441 1923 2250 2874 4172 4900 5254 5944 6492 
66 5467 5980 6311 7321 8243 8632 10243 11140 12004 12517 12846 13837 14595 14813 
3 271 994 1611 1909 2599 3131 3407 5282 5998 6315 7039 7566 7822 9134 
39 3096 4044 4917 5449 5764 6763 7729 9236 9575 10583 11804 12330 12691 
17 1187 1428 2085 2575 2873 3800 4864 5217 5713 6157 7696 8342 8835 9625 10151 10512 
1 218 324 477 827 2514 3229 3575 4279 4798 5129 6431 
1 216 256 961 1269 1799 2171 2494 3276 3894 4965 5792 
71 5886 7188 7806 8284 8825 10320 10655 11166 11623 12601 13251 13724 14393 14736 14939 
1 216 249 311 1234 1511 2155 2636 2972 4028 5267 5793 6154 
2 233 295 863 1249 1691 2617 2957 3475 3926 5517 6163 6653 7175 7971 
1 216 249 306 792 1069 1504 3305 3948 4460 5007 5725 6204 6864 7592 8122 
82 6738 8038 8746 9685 9967 11433 11758 12250 12692 13712 14242 14610 15009 15152 15206 
115 9494 10745 11467 11793 12700 13184 13683 14316 14677 15166 15207 15229 15237 15238 
106 8760 9413 10389 11192 11684 12914 13226 13739 14784 15073 15156 15234 15236 
77 6268 6991 7307 8229 9254 9579 10073 10868 11382 12552 13077 13383 14279 14909 15036 
4 278 640 896 1659 2415 2885 4147 4504 5055 6047 6838 7366 7992 8689 9217 
131 10921 11415 11754 12762 13927 14372 14759 14940 15121 15237 15238 
117 9710 10599 11451 11968 12287 13292 14174 14449 15134 15193 15220 15235 15238 
128 10564 11373 11673 12939 13620 13899 14482 14814 14967 15237 15238 
118 9825 10338 10669 11700 12881 13398 13750 14655 15086 15213 15231 15236 
0 203 369 552 923 1776 2230 2737 3487 3995 5327 5602 6124 7126 7928 
102 8383 9043 9771 10278 10556 11516 12305 12808 13979 14223 14620 15097 15215 15232 15236 
98 8177 8494 9218 9745 10004 11822 12741 13387 14056 14623 14958 15091 15163 15225 15233 
6 402 566 1118 1535 1792 2690 3727 4082 4615 5088 6612 7273 7740 8526 9056 9443 
119 9841 10170 10851 11349 11667 13452 14262 14551 14776 15110 15173 15224 15238 
9 500 763 1019 1703 2034 2541 3832 4529 5036 5551 7075 7410 8401 9367 9744 
9 502 1037 1293 2102 2400 2944 3381 4995 5627 6105 6639 7239 9665 
5 387 680 931 1836 3009 3556 3905 5110 5501 5866 6624 6964 7531 8445 
1 216 252 578 840 2025 2918 3782 4332 4667 5671 6896 7427 7780 
10 716 1135 1392 2341 3290 3658 4218 5172 6956 7891 
80 6583 7610 7929 8464 8895 10422 11080 11576 12362 12862 13202 13789 14138 14407 14901 15176 
6 402 567 1308 2188 2838 3317 3844 4641 5192 6405 
8 493 1477 2316 2704 3055 4132 4671 5067 6180 7159 8072 8611 9562 
20 1340 1643 1982 2751 3104 3650 4591 5646 7463 8365 8775 9094 10183 10686 11054 
4 276 419 596 1220 1738 2721 3531 4014 5390 6015 6545 6834 7847 8791 9169 
2 233 293 663 1094 1336 3025 3765 4100 4848 5812 6493 7014 
100 8359 9337 10126 10631 11865 12422 13309 14105 14509 14731 15140 15225 15233 
1 216 250 435 779 1368 1821 3071 3364 4313 4627 5205 5620 6807 
81 6704 8141 8476 8987 9446 10985 11631 12095 12613 13358 13820 14463 14798 15145 
75 6186 6596 6911 7711 8724 9003 9563 9977 10989 12481 12999 13267 14419 14869 15128 
0 202 265 749 1575 1890 2387 2832 4400 5094 5561 6347 6879 7530 
21 1500 2361 3213 3746 4096 5142 6076 6450 7781 8303 9305 10107 
112 9289 9789 10108 11121 12080 12443 14002 14691 15079 15183 15225 15233 
10 716 1140 1941 2459 2807 3411 3815 4200 5021 5376 7289 7680 8023 9075 9593 9959 
56 4545 4949 5309 6093 7057 7396 7892 8336 9875 10521 11011 11532 12286 
156 12964 13851 14537 14858 15107 15233 
