67 1627 1809 2107 2282 2393 2508 2535 2546 
42 1012 1258 1387 1571 1915 2090 2211 2400 2482 2534 
69 1675 1857 2155 2329 2430 2525 2540 2548 
68 1635 1840 2115 2307 2422 2515 2537 2547 
66 1587 1792 2067 2259 2385 2498 2531 2545 
1 125 207 351 547 677 970 1099 1290 
0 116 180 309 524 667 849 1147 1338 
2 132 231 359 572 715 897 1195 1386 
5 157 316 451 650 773 1081 
3 141 258 401 595 723 928 1203 1410 
52 1251 1443 1579 1761 2059 2234 2352 2488 2528 2544 
40 964 1210 1339 1523 1867 2042 2163 2359 2455 2527 
46 1123 1308 1491 1689 1987 2170 2299 2446 2511 2541 
8 198 383 540 730 859 1042 1347 1548 1747 1945 
10 249 433 588 778 907 1090 1411 1595 1771 1962 
4 148 282 409 627 763 945 1243 1434 
12 300 482 621 867 1003 1187 1531 1706 1827 2034 
11 275 466 612 794 915 1113 1412 1643 1819 2010 
43 1051 1230 1459 1648 1923 2122 2251 2411 2493 2538 
63 1531 1713 2011 2186 2322 2468 2518 2542 
44 1061 1354 1483 1665 1963 2138 2275 2437 2503 2539 
7 173 366 516 698 835 1024 1299 1501 1723 1914 
64 1539 1737 2035 2218 2344 2475 2522 2543 
48 1175 1554 1875 2074 2203 2372 2462 2533 
9 224 416 564 746 885 1170 
12 301 499 643 819 955 1137 1435 1612 1779 1986 
6 164 333 459 682 811 993 1291 1470 1699 1897 
