4 160 351 553 698 971 1317 1813 2164 
11 360 617 821 976 1253 1597 2122 2395 2589 2745 
82 3006 3307 3437 3493 
62 2248 2641 3086 3386 3457 3492 
0 108 303 431 693 1044 
8 251 566 808 1066 1298 1421 1928 2186 2418 2550 
65 2373 2716 3195 3417 3476 3493 
16 540 788 1016 1133 1410 1805 2307 2565 2779 2953 
31 1086 1348 1576 1693 1970 2365 2867 3118 3296 3393 
0 105 184 256 499 840 1327 1687 
2 128 272 470 587 850 1244 1688 2090 
7 224 448 652 772 1045 1400 1887 2247 
10 316 679 895 1177 1387 1833 
9 290 520 738 855 1128 1523 2041 2271 2477 2635 
72 2615 3059 3200 3389 3480 
61 2212 2746 2978 3091 3314 3470 
3 141 411 627 885 1099 1263 1747 2005 2219 2393 
14 456 714 873 1075 1224 1469 1715 2113 2284 2468 2696 2828 
76 2766 3031 3383 3466 3488 3493 
5 174 339 529 665 931 1168 1551 
0 107 238 321 582 964 1492 1772 1907 
77 2808 3189 3445 3491 
0 104 148 280 396 642 919 1057 1562 1835 2029 2185 
1 114 216 374 504 767 1119 1605 1969 
36 1284 1553 1725 1917 2068 2602 2892 3011 3253 3444 
69 2530 2925 3356 3452 3483 3492 
46 1646 1908 2136 2263 2882 3151 3258 3419 3485 
70 2575 2861 3232 3320 3459 3487 3493 
75 2725 3072 3286 3426 3489 3493 
26 909 1151 1357 1501 1761 1996 2379 2682 2954 3104 3265 
64 2326 2831 3035 3173 3364 3448 3482 3490 
33 1187 1445 1663 1981 2489 2816 3163 3335 3421 
13 426 751 1002 1275 1479 1618 2165 2529 
40 1455 1737 1941 2104 2651 2991 3220 3396 3469 
55 2015 2297 2501 2661 3128 3346 3438 3471 
34 1201 1433 1635 1785 2056 2553 2755 2904 3142 3373 3421 
6 210 483 724 994 1212 1338 1847 2195 2358 
67 2447 2792 3046 3269 3462 3481 
0 106 196 386 605 797 950 1531 1886 
58 2091 2437 2933 3244 3403 3475 3490 
38 1368 1626 1860 2114 2332 2458 2967 3276 3409 3446 
66 2404 2673 2849 3210 3326 3429 3477 3486 
