119 11014 11404 12101 13268 14093 14530 15062 15414 15551 
108 9808 10314 11287 11817 12649 12920 14866 15292 15405 15521 15561 
131 12205 12581 13503 14246 14474 14862 15418 15528 15548 15562 
127 11904 12691 13595 14713 15167 15547 
2 219 974 1742 2343 3613 3908 5195 6197 6862 
106 9786 10179 12237 12846 13224 14831 15270 15404 15523 15557 
88 8020 8326 9818 10451 11095 11588 13362 14005 14343 15384 15522 15558 15562 
105 9603 10823 11116 12360 13346 13980 14299 15398 15537 15561 
125 11607 12091 13077 13639 14327 14573 15403 15558 15562 
117 10799 12043 12319 13517 14428 14922 15132 15547 
4 286 600 885 1155 2102 2949 3199 3662 4715 5261 6897 7734 
76 6804 7277 8267 8846 9755 10478 12282 12991 13394 13777 14576 15110 15240 15396 15540 
121 11041 11842 12256 12629 13310 13931 14543 15074 15315 15489 15558 15562 
1 202 237 1005 1357 2087 2919 3562 4598 5721 6753 
84 7422 7816 8512 9690 10549 11078 11873 13698 14345 15003 15439 15547 
1 205 388 511 829 1697 2167 3015 3324 5574 6403 6789 7477 8701 9422 
10 521 726 1299 2451 3358 3760 4546 5344 5857 7486 8307 
18 1230 2116 3288 4529 5322 6245 6619 8625 9276 9898 10370 11122 11962 
124 11323 12812 13614 13956 14266 14995 15366 15409 15490 15561 
0 193 673 1453 1799 2473 3671 4602 5025 5763 6591 
1 202 234 865 2591 3246 3658 5498 6333 6784 7530 8372 
0 191 547 1096 1604 2393 2676 4375 5230 5745 6522 
10 525 1185 1443 1901 2875 3428 4298 4581 6764 7579 8004 8728 9863 10641 
1 202 233 586 1163 1422 2191 2610 2994 3729 5126 5920 
0 192 627 1475 2215 3495 4318 5320 
80 7206 8508 10275 12128 12407 13114 13408 14153 14509 14808 15187 15389 15499 15551 
3 276 909 1208 2412 4275 5154 5619 6354 7171 
1 202 235 936 1509 1940 3854 4506 4913 6661 7503 7999 8770 9571 
78 7112 7923 8898 10774 11766 12879 13892 14726 15255 15456 15503 15551 
0 187 249 650 1960 2445 4159 4844 6053 6327 7544 8593 9273 
1 202 240 1373 1996 2370 3698 3971 4772 5054 5848 
2 214 444 1943 2665 3479 4056 4867 5175 6368 7359 8067 
4 289 1051 1430 1792 2702 3540 3843 4342 5392 6259 7030 
0 187 255 1254 1503 2717 3744 4459 4822 6137 6389 7149 
1 202 230 467 838 1734 3210 4011 4425 4814 5785 6616 
5 344 815 2479 2765 3519 4132 4890 5798 6913 7998 
85 7454 7860 8569 9074 9350 11136 12189 12822 13185 14392 14618 15096 15235 15462 15511 15551 
101 9216 9677 11331 11993 12937 14051 14874 15353 15519 15554 
96 8670 9447 9837 10226 10935 12173 12870 13727 14274 15179 15286 15477 15507 15553 15560 15562 
69 6232 6641 7334 7903 8154 9939 10951 11641 11969 13205 13476 14586 15206 15430 
47 3834 4671 5091 5460 6157 6685 6940 9139 9974 10375 11068 11888 12447 13448 14195 
122 11049 11552 12513 13013 13837 14073 15283 15499 15551 
110 9850 10207 10900 12107 12945 13331 14040 14700 15055 15520 15555 
97 8678 9159 10070 10574 11446 11743 13876 14596 14892 15260 15470 15555 
2 221 1113 1970 2334 3328 4184 4755 5540 6449 
64 5640 5954 6944 7835 8034 8542 10109 10642 11489 11747 13268 14092 14440 14977 15365 
1 202 231 556 1544 2539 3221 3599 5624 6317 7097 7676 8710 9494 
1 202 232 571 1651 2624 2974 3692 4928 5803 6299 7096 
34 2580 3108 4117 4692 5521 5781 7946 8819 9200 9872 10692 11197 12291 13076 
0 188 295 788 984 3142 3985 4400 5143 5921 6451 7375 8119 9005 
99 8953 9650 10544 11716 12744 13946 14368 15344 15468 15545 15558 15562 
133 12227 12713 13659 14133 14818 14994 15525 15558 15562 
1 202 230 468 869 1493 2239 2829 3892 4740 6539 7256 8550 8805 9549 
1 202 231 557 1881 2739 3168 3887 5664 6474 6814 7172 8159 9029 
89 8034 8539 9495 10047 10967 11711 13439 14113 14453 14772 15277 15483 15508 15546 15561 
11 534 769 1335 1911 2908 3873 4650 5041 5415 7435 8080 8744 9195 9925 10773 
6 413 1315 1565 2290 2570 3384 3794 4255 4994 6181 6887 7697 8203 9321 10108 
112 10140 11059 11799 12788 13108 14077 14786 14913 15172 15540 
15 899 1306 2638 3406 3820 4228 6213 6863 7248 9097 10484 11286 
112 10144 11631 12422 13092 13857 14668 15247 15379 15526 15556 
98 8688 9035 9684 10870 11770 12173 12873 14521 15035 15226 15378 15523 15557 
75 6556 7467 8246 8656 9032 10983 11665 12061 13818 14556 14889 15443 15543 
83 7412 7965 8937 9433 11243 12269 12610 13262 14374 15004 15200 15437 15540 
107 9799 10598 11001 11427 12149 12743 13719 14941 15304 15475 15552 15561 
11 534 776 2122 2681 3163 3936 4794 5360 6078 7314 7565 8351 
123 11303 12069 13288 13536 14226 14465 15022 15352 15555 
66 5937 6705 7655 8974 10414 11218 11617 11963 12924 13753 14211 14845 15328 
113 10390 10724 11753 12586 12802 13255 14753 15143 15492 15526 15556 
82 7403 8225 8643 9054 9731 10246 10527 12723 13551 14025 14682 15218 15381 15496 15547 
120 11027 11422 12346 13136 13416 13916 14734 15141 15547 
101 9216 9678 11355 12018 12941 14052 14965 15338 15515 15551 
86 7735 8483 9368 10501 11572 13426 13782 14387 15174 15448 15498 15555 
5 346 1073 1838 2097 3950 5009 5679 6277 6622 7287 8518 9379 10045 
1 202 230 469 956 1673 2556 2946 5073 5698 6071 7882 9194 
111 10124 10852 12773 13465 14196 14650 15151 15269 15525 15558 15562 
93 8422 9372 10501 11562 12549 13970 14628 14903 15094 15510 15558 15562 
16 1138 1858 2805 3807 4207 4948 6110 6971 8465 8764 9939 10951 11664 
93 8423 9627 9920 11532 12382 12902 13683 15084 15392 15532 15559 15562 
0 187 256 1295 3035 3914 4395 5181 5982 6267 6755 7786 
28 2256 3061 4351 5377 6290 6989 7755 9240 10000 10707 11508 12489 
0 189 328 1713 2416 3354 4556 5594 6559 7810 
114 10404 10893 12557 13163 14440 14975 15329 15455 15544 15558 15562 
91 8374 9646 11465 12325 12770 14496 14949 15264 15474 
103 9511 10294 11591 12308 13036 13574 14311 14554 15491 15558 15562 
13 713 1985 2780 3184 3512 4585 5418 5654 6105 8068 8868 9226 9572 10531 11403 
3 271 361 1390 2022 2648 3453 4415 4921 6828 7652 
104 9580 10866 12669 13482 13928 15213 15433 15533 
27 1970 2336 3775 4483 4887 6916 8447 8739 10350 11171 11689 12512 
12 693 1276 2523 3312 4079 4627 5479 5774 7548 8825 9711 9960 10751 
6 410 1001 2044 3270 4096 5063 5566 7056 7606 8609 9340 10176 
8 498 720 1529 2313 2891 3637 4965 5215 5968 7390 7812 9355 10206 
3 271 360 988 1769 2273 3083 4042 6029 7229 7524 8784 9770 10448 
1 204 366 489 1029 1408 1818 2500 3128 5104 5442 6131 7293 8179 8913 
4 285 458 1466 2147 2912 4449 5277 6004 6957 8128 9194 
3 274 744 900 1626 1970 2335 3341 4231 4439 4956 6523 7033 8101 8936 
10 521 729 1581 2068 2857 4148 5117 5879 7178 8172 9297 10349 
92 8402 9882 10677 12529 13228 14089 14983 15440 15536 
138 12793 13984 14484 14776 15168 15491 15558 15562 
90 8308 9124 10906 11156 11921 12218 12969 13381 13800 14409 14887 
