48 851 1012 1064 1206 1286 1317 
56 991 1156 1201 1299 1322 1328 
60 1061 1215 1257 1316 
40 697 802 854 999 1119 1272 1296 1323 
36 639 737 784 935 1151 1243 1279 1320 
14 242 347 399 552 814 912 959 1116 
53 924 1069 1198 1305 1315 1327 
28 487 593 679 829 1029 1173 1267 1311 
54 942 1053 1226 1291 1308 1325 
0 84 124 244 417 469 626 
52 909 1087 1134 1262 1312 1324 
47 819 969 1168 1283 1318 1326 
7 119 264 396 568 
10 184 282 329 474 606 778 
25 434 581 735 947 994 1139 1252 1307 
3 99 194 314 492 539 696 
6 114 207 259 404 524 713 
2 94 137 189 334 454 638 
1 89 159 277 388 569 678 
4 104 172 224 374 574 731 
43 749 899 1099 1236 1301 1321 
5 109 229 359 462 609 754 872 988 
12 219 317 364 514 714 861 1024 1133 
8 149 247 294 444 644 801 
9 154 299 429 531 664 837 889 1046 
29 504 649 779 885 1082 1184 1231 1310 
