12 772 1908 3424 5631 7217 9233 11548 12762 17215 18816 21284 23230 
171 28482 30020 31896 32826 34104 36170 36522 36600 
170 28364 29982 32256 33921 35096 36531 
163 26835 28747 31131 33137 35040 36188 36337 36590 36597 36603 
172 28550 30202 32611 34610 35689 36328 36464 36565 36601 36603 
138 22802 24398 26690 28683 30350 32889 35138 35526 36388 36535 36586 36598 
178 29705 31514 33630 35170 36337 36590 36597 36603 
157 25723 27359 29992 32305 33903 35466 35906 36244 36400 36591 36599 36600 
159 25875 27520 29583 31533 33519 34412 35600 36189 36344 36596 36599 36600 
134 22122 24727 26446 26944 29165 31777 33395 34812 36146 36298 36505 36572 36585 36599 36600 
173 28569 30123 30894 32901 34079 34836 35896 36211 36477 36602 36604 
154 25292 28426 30310 31249 35114 35817 36129 36545 36584 36602 36604 
0 248 364 917 4595 6501 7180 8263 10258 13087 14181 17306 
168 27667 29396 31221 33301 34532 35965 36487 36593 36602 36604 
166 27616 29296 31073 31714 34071 34860 35279 36231 36479 36534 36599 36600 
174 28662 30329 32227 33917 35431 35979 36478 36602 36604 
6 405 696 1238 3873 5385 7053 8926 11283 12950 14889 16807 
139 22929 24442 26382 27368 29025 33875 35540 36161 36519 36577 36600 
125 20261 21771 22557 24156 26989 28110 32325 33986 34456 35152 36086 36529 36579 36594 
1 268 1468 2001 2876 4640 7453 8585 11150 12639 13227 
142 23027 24563 25350 27478 28984 29489 31308 32882 35673 36402 36537 36591 36599 36600 
124 20214 21900 25931 30504 33246 35080 35933 36380 36529 36579 36594 
0 247 336 1110 2410 6151 7847 9641 11434 13436 14396 16479 17795 18302 
100 15693 17577 20047 22220 24795 28005 28618 30900 32198 33858 35035 36039 36443 
16 1210 2458 4139 5066 6649 10521 15066 18183 19953 22989 24615 
114 17996 19876 21737 22714 24822 26304 27083 28196 29619 31925 34853 35268 36290 36423 36547 
120 19349 21061 22918 25188 26710 28765 30946 32110 35321 36317 36500 36531 
114 17996 19875 21321 23644 27171 27894 30534 31376 32773 34106 36177 
147 23575 25355 26730 29229 32684 33341 35211 36311 36466 36559 36598 
4 319 655 3548 5897 7409 10581 12435 14322 
0 246 295 636 2149 3778 4405 5407 7982 9999 11180 12270 
6 405 700 1686 2367 3243 4540 6869 10593 11293 13573 15162 15971 17384 18868 20886 21895 
3 301 851 1812 2227 4093 6658 8565 10464 13159 13916 15440 17193 18050 19164 20616 
141 23008 24709 27199 31851 34814 36065 36434 36557 36599 36600 
6 405 695 908 2804 4424 5547 6894 7473 8508 9428 11153 13797 14534 
0 251 606 2822 4307 6095 8463 10100 12086 14051 
4 321 1081 2223 4955 6775 8725 12351 15406 17115 20174 21837 
7 425 1888 3286 4636 7772 11835 13504 
28 3079 5535 6917 7430 9663 12361 14196 15965 18669 19458 21073 22068 23922 25121 26140 
2 287 2427 4575 6363 8344 9370 11006 14247 15493 
140 22950 24616 26531 30143 31857 33415 34505 36318 36560 36578 36592 
130 21358 23649 24755 25619 28383 30558 32945 35316 35623 36369 36515 36580 36598 
0 248 363 716 1447 2510 5427 6285 7941 9604 13346 
10 732 2645 4206 4706 6799 9583 11396 13298 15922 16636 18216 19245 21206 22782 23901 
0 246 296 803 1153 3363 4855 7237 9270 
1 263 466 3219 4508 6309 8053 10137 12123 
115 18516 20426 22106 23511 24318 25428 26746 29234 32649 33283 34974 35843 36154 36410 36511 
153 24967 26546 28450 30776 34143 35371 36080 36446 36555 36577 36600 
0 249 567 3147 4493 6862 8493 9135 11504 12949 
6 405 697 1289 1872 3804 5020 5954 8126 9467 12576 13132 14123 14974 16687 18133 18720 
99 15229 17034 18971 19966 22821 24994 27534 30800 31398 33477 34509 35632 36368 
167 27640 31483 33710 35500 36122 36346 36550 36601 36603 
20 1602 4286 5899 9002 10689 14763 16411 18573 21724 23464 25410 
5 386 682 3382 5413 8026 10567 11267 13892 14719 16329 
6 408 1512 2824 5035 6816 8691 10163 15021 16077 16763 19420 20324 21954 
5 386 676 2726 3995 4781 5776 7202 9680 11372 11965 14341 15672 
145 23433 26524 28263 29743 32665 35574 36203 36523 36582 36588 36599 36600 
123 20146 21651 25593 27739 30344 32697 33368 35239 36311 36471 
177 29183 30987 32731 33577 35104 35830 36134 36350 36566 36603 
163 26837 29257 29810 30816 31664 33187 34335 34715 36279 36595 36601 36603 
133 22083 23709 25507 26173 28953 30047 30738 33115 33833 36047 36428 36551 36586 36598 
89 13848 15427 17307 19649 24133 27246 29143 31008 32344 33946 34565 35552 36002 
148 24093 25897 26816 28590 29357 31592 32669 33545 35497 36563 36579 36594 
113 17918 21040 22703 25763 27339 31354 32710 33411 35004 35804 36003 36416 36570 
127 20707 24422 29133 32046 33537 34635 36180 36486 36570 
1 264 513 1337 2674 4473 6396 8089 13006 14899 15523 16591 19124 20646 21156 
21 1712 3148 4969 5911 8067 9613 10420 11526 12970 15279 18895 19627 22236 23077 24707 
128 20837 23786 25495 26895 30082 33765 34905 35884 36355 36543 36592 
28 3079 5537 6977 7616 10966 13596 16531 18496 20513 21186 22214 24736 26150 26642 
146 23565 26524 28265 31270 32746 34205 35365 36489 36583 36591 36599 36600 
11 751 1831 3299 3931 6604 7779 8473 10779 12408 13284 16380 17727 19341 23169 
6 405 701 2020 3013 4186 4677 5677 6528 8338 11054 11758 14442 15991 18350 20395 
0 246 294 498 846 2854 3451 6002 7677 10047 12033 
9 546 1973 3527 5128 7690 10195 12070 15255 16268 17834 21693 
0 246 293 479 581 1734 4023 5733 7648 10400 11128 12727 13721 14611 15522 
144 23425 27929 31252 32799 34374 35444 36486 36569 36589 36600 
1 271 1640 3342 4167 5189 6038 7552 8631 10801 12657 13276 
0 253 822 1919 2764 3956 4759 5759 7973 9800 10379 
6 405 698 1568 2485 3122 5169 6611 7122 9021 10742 14864 
3 303 1181 2713 5480 8853 11113 14103 16662 19520 20616 
132 22049 26855 28850 29544 30572 32382 34684 35348 36299 36547 
6 406 1130 2387 3515 6575 8220 9856 11754 14094 17364 19019 
118 19298 20981 23598 26262 28068 29974 32510 33145 34395 35067 35791 35990 36407 36570 
191 31439 32967 34490 35642 36260 36549 36601 36603 
165 27597 30261 31970 32442 34227 35856 36340 36532 36601 36603 
184 30514 32065 33688 35277 36034 36541 36602 36604 
103 16498 18109 19989 20690 23379 24547 25273 27866 32030 33966 34893 35456 36267 36472 36511 
18 1268 2487 3565 4270 6481 7920 9506 10442 11915 12682 17358 21964 23386 23901 
98 15103 18183 19951 21414 24505 28512 31036 32364 34867 35864 36368 
164 26875 28774 29667 31330 32558 33799 34363 35729 36195 36386 36588 36599 36600 
156 25695 27144 29204 30172 31729 35676 36492 36568 36597 36603 
2 284 1063 2521 4112 5820 7257 9709 13374 14052 16611 17494 19114 
130 21357 23174 25123 26425 26917 28041 28875 30665 33070 33665 35481 36259 36586 36598 
116 18538 20939 21457 22465 23303 25068 29339 29928 33048 35249 36272 36518 
179 29724 31542 32285 33730 34434 35565 36362 36554 36603 
151 24877 26465 28301 29765 30859 33690 35041 35551 36596 36599 36600 
155 25574 27133 29563 31458 33019 36072 36496 36571 36590 36597 36603 
0 248 363 715 1206 5363 6687 9685 10748 12342 16076 
161 26254 30713 32996 34320 35446 36090 36339 36595 36601 36603 
135 22162 25452 26593 30836 33238 34305 34636 35873 36457 36512 36562 36596 36599 36600 
36 4112 5821 7793 8769 10949 12381 13179 14223 15590 18041 21694 22396 25008 25832 27450 
8 439 1614 3100 4827 7504 8930 10889 11809 16550 17895 19498 20587 
43 5658 8326 9758 10306 12504 15113 16947 18828 21577 22260 23850 25552 26405 27500 28952 
114 17996 19875 21328 26142 27218 27910 30579 31417 32852 34204 36177 
99 15229 17033 18406 20914 22504 23104 27273 28276 30369 31750 32490 33463 34990 35942 36121 
126 20346 22023 24014 25977 28242 29442 33307 35185 35923 36108 36490 36592 
58 8545 11230 12596 13107 15212 17870 19747 21600 24248 25032 26558 28342 29238 30291 31638 
158 25810 27289 28063 30485 32171 33216 34045 35126 36159 36586 36598 
28 3081 6099 8034 8977 15757 18627 19775 22313 24937 25669 
0 248 363 721 2988 6022 8271 11314 13939 16695 17756 
4 325 1943 3593 4999 5754 8168 9559 11158 12242 
5 386 670 1751 2552 3945 7011 8745 10256 16105 17955 19929 
36 4112 5820 7258 10868 13390 14070 16247 17856 21537 22617 24719 26489 27041 
6 405 695 906 2206 4657 5715 8284 9867 10906 11823 15019 
8 436 950 2505 3316 5291 6717 7574 8648 10120 12544 16030 16748 19390 20282 21866 
19 1338 3169 4616 6424 7306 9062 9818 12159 15605 18045 19691 20304 22679 24013 
4 323 1420 2742 5164 8190 8896 11669 13306 15620 17658 
125 20261 21771 22559 24918 26663 27843 31149 32529 33498 34547 36320 36563 36579 36594 
0 248 366 1017 2082 3639 5234 9534 11459 13840 17569 
47 6212 7824 8604 10826 12304 13360 17234 19443 22036 24469 25172 27715 28639 30260 
121 19727 22360 23690 24175 26333 29031 30873 32552 34698 35171 35967 36262 36410 36511 
1 263 456 1095 2882 3615 5096 6711 12061 
14 887 3431 5873 7282 11333 13965 15324 15844 17978 20790 21606 22969 23901 
1 263 462 2624 4046 5503 6547 8210 11266 
3 301 852 1854 2329 6816 8691 10157 12550 14142 14741 17090 18455 
28 3079 5539 7596 8305 9923 10989 12455 13228 14323 16344 19370 21376 23280 24857 25742 26642 
150 24839 27452 29321 29881 33053 34391 35869 36548 36602 36604 
84 13044 14865 16444 17928 18742 19853 21304 23641 27258 27987 30630 33594 34272 35018 35760 
8 436 949 2067 4134 5643 6271 10660 11623 13780 15076 15901 16972 19116 21003 21536 
110 17423 18950 19767 21418 24200 25335 29685 31567 32151 33109 34626 36290 36423 36547 
27 2845 6451 8981 10540 12521 13517 17517 19192 21264 23194 25171 
9 545 1792 2270 3060 3852 5526 6959 7533 12482 14271 16187 17169 19282 20766 22318 23348 
1 263 456 1093 1588 3902 4941 5613 8609 10078 14159 16741 18150 18794 
0 248 363 720 2905 5243 7751 8448 11082 11943 13562 
6 405 699 1660 2347 3207 7368 9323 10026 11107 13819 15543 16717 17786 
21 1712 3151 5212 6125 11036 12855 14011 17250 18721 19835 21957 23750 24368 
6 405 695 907 2655 3909 4386 8546 11731 13655 14587 19142 20668 21185 
8 438 1492 2973 4250 4740 9496 12694 14363 15753 18909 20716 22616 
1 263 457 1315 2592 6171 7879 9834 11569 13063 16108 18456 20512 
1 263 456 1099 3500 7413 10329 11417 13975 15369 15900 
160 26188 29376 31461 33750 34972 35956 36375 36586 36598 
12 772 1909 4071 5842 7388 9271 10175 11884 15303 15795 16876 17707 19492 22140 22893 
27 2844 6331 8953 10495 14461 16597 19184 21709 22416 25473 26794 
1 267 1039 2114 4165 7809 8528 11205 13983 14947 16520 19626 
13 792 3265 4346 6212 7824 8603 10808 12281 12793 17404 19055 22657 23848 
4 319 652 2129 3766 5583 8834 10474 14631 16236 
2 285 1357 3480 4867 6838 7901 11985 13642 15570 17596 20424 
9 544 1773 2685 3400 4834 6199 9399 11015 12715 14535 16831 18370 20449 22395 
117 19262 22894 24800 25717 30270 31702 34288 34652 35300 35761 36310 36500 36531 
122 20028 21626 24034 25999 30441 31990 33560 34098 35788 36178 36320 36563 36579 36594 
6 409 1539 2843 5798 7066 9100 12808 14650 16333 19930 21127 
86 13740 15344 17149 17818 20639 21756 23377 24484 25206 29603 31919 33355 33844 35402 36059 
143 23120 24780 26795 28799 30417 35514 36253 36401 36596 36599 36600 
2 283 859 2781 4227 5937 6634 9450 10612 13679 16152 17473 19812 21263 
152 24959 28712 31225 32585 34242 34938 36419 36538 36567 36596 36599 36600 
149 24113 25952 27558 28532 30123 30892 32367 34670 35343 36531 
108 17337 20065 21557 22634 23965 26380 30089 30783 33168 35195 35914 36098 36331 36518 
4 319 651 2047 3660 5254 10215 12170 12836 13886 16359 18304 20007 21156 
162 26351 28141 30107 31714 34072 34871 35291 36308 36588 36599 36600 
95 14697 16166 16965 18556 21437 22522 25056 27687 28454 31113 32579 34550 35715 
129 20847 22565 24512 25527 27580 29052 29857 30923 32245 34263 36169 36318 36560 36578 36592 
130 21359 23669 24221 25220 26092 27776 29277 29788 32274 34270 36179 36322 36543 36592 
125 20261 21771 22556 24137 26968 28087 30603 32084 34794 35584 35951 36451 36543 36592 
38 4616 6429 8369 9735 10279 11353 12197 14539 16428 19444 22484 25095 27785 28923 
1 266 1003 2944 5331 6067 9155 10877 12899 14835 
4 322 1408 3032 5308 6937 9113 10718 14592 16238 18867 
102 16462 20090 22005 23259 25311 27127 29839 31199 32950 33728 36240 36472 36511 
1 263 456 1093 1588 3903 4984 5698 8399 12675 14924 16118 17125 19221 20646 21156 
4 320 983 3985 7032 8757 10275 13406 15189 17089 
55 8147 9777 11606 12325 15023 16136 16896 19551 23902 24990 27649 29517 30692 31663 
40 5308 6936 8794 9480 12273 13424 16402 18935 19676 22923 27460 28962 29488 
1 263 456 1094 2250 3132 7327 9297 9978 11075 13067 15822 16934 20145 
23 2187 3747 5980 6872 8002 8869 10380 11493 15713 17682 18330 19415 22192 23488 25071 26091 
69 10234 12124 12988 14669 15387 17679 22738 23408 26143 27232 27965 30211 31826 33194 34044 
0 248 365 930 2419 4803 5450 7096 8104 9040 9948 11854 13566 17012 18271 
1 263 456 1093 1588 3901 4896 5567 8251 11606 12325 15022 16091 16808 19064 21263 
114 18000 20817 22538 24371 27063 27754 29409 31092 31930 33110 34994 36022 36311 36471 
169 28021 30654 32018 34579 35716 36016 36288 36526 36590 36597 36603 
85 13687 17311 19204 20170 26904 31048 33031 34182 35053 35791 36002 
67 9641 11433 12882 15250 16846 19653 21906 23538 24381 26225 27042 28126 30663 32012 32489 
13 793 3713 6129 7737 11688 13871 16913 19573 22339 23375 
19 1337 2673 4453 6388 9177 11796 16166 16968 19320 20744 23614 24656 
0 252 664 2297 2919 4320 5273 7152 8811 9713 10844 11714 14422 15522 
21 1712 3150 5137 6746 7655 9043 10638 11390 13602 15040 18070 18600 19707 20617 22310 23733 24297 
106 16856 19480 20959 21485 23949 26374 30062 30755 33384 35190 35942 36121 
115 18517 20920 21982 22839 24298 25414 27889 30463 31174 33615 34808 36039 36443 
78 11894 13455 14216 15776 18648 19798 24074 26015 26643 27708 29747 32424 33823 34971 
22 2168 3688 4556 6235 6995 9349 10623 11582 13705 15144 18171 22284 25071 26091 
87 13761 16349 18091 18577 20869 23450 27399 29083 30673 31949 32397 33322 34008 35539 
101 15733 17604 18477 20233 21029 26041 27312 29006 31683 32638 33271 35155 35610 36230 
9 543 1387 2951 3824 5354 8670 9905 14564 16003 18017 19051 
83 13025 14784 15674 17445 18167 20551 24657 26198 27109 29106 29905 30968 32895 34349 34792 
41 5353 8419 10926 12615 14376 15052 17788 18932 23637 25257 25854 28219 29665 
116 18536 20459 21339 23049 23775 28318 30425 31797 32978 34159 34734 35393 36239 36500 36531 
158 25811 28402 29960 32919 33644 34753 35416 36182 36376 36552 36599 36600 
68 10196 12557 13620 14481 15941 16988 18390 20911 24531 25239 27808 30386 31288 32150 
17 1250 2613 4910 7347 9213 11658 15287 17449 18795 20193 21156 
136 22171 23808 26283 28189 33780 34878 35338 36240 36472 36508 36575 36598 
131 21395 23231 24055 25782 26507 28842 32806 34112 35221 35768 36280 36503 36586 36598 
105 16570 18205 20113 22436 25636 27958 31732 33436 34595 35661 36060 36410 36511 
137 22448 25670 27540 28505 33091 34470 35232 36471 
114 17996 19877 21791 22757 24900 26304 27083 28206 31880 34129 35328 36153 36500 36531 
