168 41084 43527 45187 45938 49770 50856 51804 51813 
173 41198 44215 48240 49987 51412 51689 51815 51817 
139 33275 35708 37446 38281 42829 44892 48990 51657 51804 51813 
18 987 2328 5268 8103 10889 12551 16735 21045 25377 28046 28752 30550 
137 31540 33213 36068 40156 46410 47975 49857 50744 51575 51802 51815 51817 
193 46720 48218 50308 51515 51769 51798 51816 
165 39110 40788 43769 47525 49380 49971 51265 51804 51813 
175 41284 43594 45734 47710 49024 50444 51302 51543 51751 51816 
195 47012 49488 51050 51588 51741 51815 51817 
158 37330 39782 40526 42265 45869 49551 51110 51732 51801 51811 51816 
146 33544 35376 38723 40467 43241 44882 49652 50606 51483 51762 51814 51816 
130 29561 32018 34279 35139 37731 41717 44460 46855 47640 50861 51218 51804 51813 
181 43262 46138 48883 50418 51078 51665 51760 51816 
97 21665 24094 25831 26733 31129 34307 41584 46395 47845 49281 49848 51361 51644 
153 37180 39773 43505 46433 49994 51289 51814 51816 
107 23493 25212 29031 32157 36289 40372 43071 43897 46879 49074 50184 50970 51532 51634 51758 
144 33432 35685 36620 40226 43102 44808 46850 50974 51578 51807 51816 
147 33564 35882 39612 42701 48674 50169 50657 51598 51785 51807 51816 
126 29438 31799 34030 35601 38393 42052 46172 49012 50756 51298 51681 51795 51813 
143 33410 36129 40295 42032 42952 45413 50480 51451 51707 51786 51814 51816 
120 26245 28710 29814 34118 35526 37071 38117 41369 43683 49690 51159 51408 51720 51792 
116 25666 29641 31719 33135 35100 37988 42238 43146 46050 48810 51343 51631 51756 
105 22286 24075 26149 30098 33765 36747 38456 40011 45207 47953 50764 51475 
150 35161 36854 40699 43803 47764 50511 51206 51411 51785 51807 51816 
108 23728 26467 29052 31450 32340 36374 38201 39090 41660 47215 49670 51472 51767 
140 33330 35814 37383 39570 40546 46450 49092 49811 51122 51534 51742 51815 51817 
129 29532 31357 33722 36046 38097 43190 45611 47282 48727 49379 51388 51749 51799 51809 
178 41836 43566 46360 49179 51288 51641 51731 51815 51817 
156 37250 39729 41389 42256 46559 48413 51106 51800 51810 51816 
110 25509 28430 33195 34228 38586 44620 47690 51343 51631 51756 
123 27664 31421 35070 37997 40046 45233 46962 48766 49819 50760 51681 51795 51813 
71 13965 16359 17984 18842 23321 25445 30048 36681 38427 39961 41962 44572 46306 
149 34077 35762 38711 42011 49482 50649 51043 51672 51761 51816 
122 27446 29121 32804 35987 40189 44143 45847 46702 48930 51101 51656 51787 51809 
127 29490 32008 37818 40720 43122 43989 48444 49248 51315 51793 51812 
9 409 737 2951 6116 7098 9247 11233 12744 14912 19046 20852 22017 26380 28774 30599 
167 39384 43395 44779 46635 49140 50633 51029 51658 51759 51816 
118 25761 27942 28926 33908 36705 39214 40095 44860 45833 49538 51571 51780 
130 29561 32016 32746 36353 38159 39070 41649 47132 49645 51134 51538 51793 51812 
154 37203 39748 43324 46160 48046 48841 50671 51266 51576 51807 51816 
92 18434 20175 23094 26414 30703 32772 36877 38602 39544 42589 44184 45714 47670 49675 50664 
128 29510 31966 33613 35748 37134 38138 42502 48297 50438 51749 51799 51809 
81 16027 18988 22078 24514 26098 27746 30719 32696 33701 39862 44545 47489 49769 
96 21644 24206 30021 32783 35311 39163 40018 43051 44750 46800 49787 50886 
151 35425 37096 40750 45784 47582 50439 51439 51700 51784 51814 51816 
117 25740 27921 28895 32397 35275 37041 39186 44640 46994 50035 50859 51685 51767 
111 25529 27476 29785 32191 37465 39990 42014 44524 46211 48710 50271 51513 51773 
140 33326 35220 37545 40202 41775 47346 48655 50154 50632 51598 51785 51807 51816 
133 29670 31868 36522 38361 41135 43654 44312 46073 49274 51321 51793 51812 
166 39360 41049 43856 49002 51004 51476 51724 51783 51815 51817 
177 41810 43547 45467 46500 48476 49879 51014 51577 51814 51816 
157 37303 39686 41176 43447 44330 47748 49920 50825 51450 51814 51816 
124 27725 29385 32921 34720 37425 39637 44291 46807 47590 49950 51152 51587 51799 51809 
83 17699 19603 21963 24389 29857 32316 33855 35508 38506 39455 42120 44116 47421 49735 
164 37959 40425 41567 45697 47198 47897 50785 51428 51734 51816 
9 411 1342 2831 3683 5689 7609 9047 11207 15245 17035 18127 22400 24001 24797 29996 31065 
152 35480 39459 40949 42910 45682 47128 49476 50641 51038 51793 51812 
148 34006 36458 37570 41921 43344 44837 45808 48573 50114 51621 51781 51808 51817 
2 272 632 691 2166 2710 6406 8222 10465 12697 19268 22335 23470 
122 27446 29124 33002 36573 37708 40057 42132 43689 45891 49509 50212 51187 51599 51744 51813 
98 21688 23551 25982 28328 33585 36021 39328 41437 43000 44700 48196 50327 51392 
52 8644 11457 14320 16696 18252 19904 22893 23904 26650 31743 34344 36325 39835 42798 
4 303 663 3525 5652 7487 9203 15451 18496 19524 
2 272 634 1320 1757 3705 7179 9750 12134 12961 17659 18709 26124 27198 
20 1155 2188 3763 7225 10575 13430 15091 16570 21888 24366 26420 29072 30761 
115 25638 27839 30619 32433 34489 38180 42520 45565 48324 49570 50138 51346 51628 51788 
138 31623 35244 38992 41939 43941 48791 50013 50985 51421 51699 51802 51815 51817 
136 31299 33832 36096 38222 39805 42165 46251 47324 49193 50460 51112 51610 51768 51815 51817 
136 31298 32944 36725 39928 44078 47823 49255 49843 51490 51713 51789 51806 51815 51817 
3 290 705 1777 2993 6206 7773 9174 14155 16606 18610 20476 24021 27129 
93 19544 21228 24264 28264 30551 31522 37867 40894 42447 43419 46336 47869 49583 50485 51375 
128 29510 31966 33612 34440 38920 41029 45519 50665 51648 51754 51804 51813 
141 33356 35856 36608 41066 42101 46321 50799 51647 51735 51797 51816 
145 33519 35835 37404 39591 40571 45492 48124 49940 51443 51579 51785 51807 51816 
5 329 655 2620 4916 6501 8471 13597 15974 
109 23807 26861 31228 34136 36151 41461 43293 45253 46749 48312 50732 51567 51776 
23 1923 3169 5644 8852 11759 14571 16301 20615 25039 29261 31877 32604 34439 
42 6696 8974 10511 11331 15586 17620 22227 29240 32721 35727 37767 38861 
126 29440 32745 35616 36430 41746 48141 50342 51749 51799 51809 
2 272 636 1421 3339 5995 11916 13896 
8 393 1688 3486 5482 8765 11739 
104 21846 23709 27596 30183 31798 32658 38785 41898 42930 45119 47368 49047 50193 51087 51379 
1 260 1845 2859 5796 8429 10043 12086 15657 17963 
108 23731 27694 29740 31327 33052 36011 40553 41600 44501 46111 47562 49219 50713 51456 51709 51753 
122 27446 29122 32825 34502 36041 41507 43913 45419 47041 49466 50072 51219 51613 51793 51812 
124 27727 30319 32217 35635 38757 45167 46928 50097 50949 51499 51702 51793 51812 
2 274 1202 2155 5920 7537 8332 10715 14504 17304 19700 21504 22540 
112 25558 28088 28798 31820 32526 36956 41625 43952 45915 47460 49326 50611 51060 51584 51788 
119 25811 28112 31840 34915 41106 43029 45278 47543 49180 50360 51529 51774 
107 23495 26624 28462 32761 36990 39652 43485 44165 48270 49721 50889 51753 
22 1777 2991 5544 9160 11314 12167 18361 21256 22937 23950 27032 28672 30868 32478 35038 
2 272 632 689 1450 4099 7960 10870 13678 15297 16193 20328 23320 
107 23495 26623 28245 33253 37802 44481 47514 50454 51494 51709 51753 
125 29417 31477 35580 37280 42409 45368 47648 48935 50049 51290 51613 51793 51812 
37 5075 9355 10843 13052 15196 21268 24535 28814 33114 35747 36500 38341 
3 289 462 3575 5096 6916 8379 10025 13539 16510 19429 
6 346 528 1026 1415 6452 8887 9578 11285 13897 16405 20085 23209 
16 940 1905 4542 6086 8351 9905 12727 16560 20999 21991 25043 26776 28282 32695 
123 27663 30695 33792 36165 37751 42613 45779 49339 50504 51692 51804 51813 
106 22359 24111 27056 30315 34571 36654 40762 43718 46535 48592 49962 51361 51644 
65 12007 13569 17212 20396 24584 29399 30409 34742 38686 40318 42550 44091 46498 
131 29581 32628 36889 39298 42985 47959 48859 51178 51527 51623 51804 51813 
122 27448 30467 32354 36645 40928 43620 47081 48423 49234 50893 51550 51799 51809 
138 31622 34598 38960 41255 45040 47396 48024 49407 51215 51765 51815 51817 
1 253 517 2661 4058 4817 7120 10798 14227 16645 19247 20998 
5 329 656 3789 6252 8479 9302 13851 14839 19107 24238 27227 
4 312 2538 3714 5145 7846 8737 11220 13113 16466 19399 
10 473 1246 2451 8084 10936 11965 13918 16336 18577 20636 22247 27285 
36 4836 6319 9769 12796 16797 20766 22562 23471 26090 30964 34053 35138 
50 8351 9908 13495 16535 20701 24742 26579 27426 29987 34888 37934 39042 
0 228 435 1074 4119 5491 7633 9334 13426 17517 20226 20895 22726 
6 346 528 1029 3206 7198 11354 14376 19172 19927 22774 
8 388 673 1554 2263 4009 7989 9456 11864 14062 17026 21291 23806 
109 23815 28536 30068 32416 34696 40906 44000 48076 50805 51532 51634 51758 
8 387 563 1579 3979 7597 9429 12713 19369 
21 1222 2602 4368 5396 7445 11624 13089 15474 17769 20027 20961 27151 30205 31278 
8 387 564 2029 4319 6153 7022 9790 11374 12850 18004 20485 22493 25906 28847 
146 33544 35379 39236 41885 46023 48524 51170 51580 51785 51807 51816 
3 296 1971 3551 4790 6386 9857 12772 15585 
3 292 826 2047 3115 5519 8187 10326 12426 16980 18811 
8 387 565 2337 4618 6792 9604 15627 17875 
38 5128 7862 10276 12669 13365 15077 18680 22981 26224 29226 30763 32892 35962 38919 
122 27446 29120 32122 36793 39878 42800 44996 49900 50376 51462 51746 51809 
0 231 589 1265 2579 3825 5814 7907 8952 11044 15315 16856 20263 
22 1777 2991 5543 8784 11663 13162 14687 19872 21937 23522 25330 29094 32070 34988 
13 873 1805 3615 5847 7242 9395 11511 12609 14750 19670 23422 26392 28442 30944 32695 
65 12007 13568 16493 20435 22728 24358 28905 30717 31745 34584 36665 37653 40676 42356 44965 
7 365 550 2559 6082 10072 12565 13266 15000 
3 289 460 2930 4935 5738 8832 9502 13653 15556 
121 26314 28062 30931 34204 38485 40445 41493 48101 49440 50362 51690 51788 
82 17677 20135 21867 22664 27286 29362 34664 39140 41539 43870 48240 49993 
28 3313 5374 6627 9728 11339 14817 19070 22268 25294 26949 27895 30907 32554 35424 
124 27730 31592 34356 35933 38248 40510 44593 47447 50343 51251 51466 51793 51812 
8 387 574 4246 7005 11646 12350 13790 14816 
9 411 1350 4420 7224 10012 11494 12477 15353 16926 18537 20524 23169 24950 
84 17728 20264 20941 22776 24653 26742 30391 36187 40462 44731 47248 47931 49378 
9 409 735 2884 4265 5618 10484 12829 14721 16599 22192 25066 27553 30550 
2 278 1865 2494 5163 6529 7515 10445 12202 15389 17089 
9 409 738 3047 6292 9075 11825 17748 19725 23658 26278 30550 
8 387 564 2030 5012 7760 13337 14393 16665 18734 20303 23371 
8 388 671 1472 4497 5963 7400 9277 11700 13320 18408 20155 22167 23290 
1 253 519 2753 4196 6677 9013 12457 15429 
3 289 456 1827 3141 4909 9932 12222 16006 17644 21156 22936 
24 2000 4331 7070 9313 10756 15377 18607 22872 24951 25926 28985 30642 33514 
9 409 734 2361 5310 8040 9525 11017 12980 18059 20527 23908 25686 29489 
8 388 670 1092 3964 5249 5941 9989 12063 14260 19149 20713 23260 
107 23494 26067 28373 30442 32041 34332 38619 41791 44718 46232 47150 49618 50530 51326 51617 51778 
22 1777 2992 6185 9140 13017 16907 19647 20505 23605 25398 27520 31197 33484 
4 308 1591 2637 4679 6849 8875 13245 14971 
21 1223 2782 3638 7423 9555 11260 14015 15786 18106 22640 24281 27198 
107 23493 25208 28176 32176 34443 35348 38414 44387 45445 47604 49300 50274 51238 51695 51780 
2 272 633 760 1296 3369 5237 9480 11178 11986 14443 18315 21917 24493 27130 28963 
22 1777 2994 6229 7799 9181 11072 16127 17904 19974 21444 23402 26341 28602 32095 35068 
25 3244 5336 6871 7654 11837 13829 19057 24139 26443 30228 32265 34848 36572 
11 491 2457 3985 6280 11087 12879 16834 19678 21474 23625 27327 29489 
110 25517 31399 32247 35327 37920 42182 45061 47176 48042 51366 51747 51782 
7 365 547 1497 3807 6344 7896 11442 12419 15155 17137 18146 21108 22819 25810 
3 289 457 1886 3885 7693 10397 12631 14183 15019 19431 22399 23879 25467 26536 
120 26244 28501 30781 31944 34156 36223 37838 40167 42466 44062 47995 48908 50391 51220 51561 51776 
24 2000 4332 8264 10370 13943 15906 21066 23634 24477 27855 28648 33024 34958 
3 289 455 1613 2801 4836 6318 9124 12820 17164 18203 21132 22844 24400 28847 
8 387 563 1581 5894 9099 11909 17964 20289 23930 27088 
16 940 1909 5214 6822 8741 10093 11946 14670 19026 19999 23070 24764 26354 28353 30944 32695 
21 1221 2237 4485 7484 11428 13382 14303 20380 25154 28194 31125 
6 346 528 1026 1414 4701 6550 10826 17234 18903 20448 25235 27662 
9 410 1109 2511 4448 5870 8123 10208 15809 16628 19740 22313 24045 28730 30520 
6 346 533 2732 4173 7269 8905 10699 15337 16079 17599 18679 
19 1006 2221 3506 4224 8243 10177 14489 21352 25181 28219 31176 
17 958 3409 6605 8504 12183 14602 18630 19525 22108 26176 29766 32695 
4 303 665 4721 6650 10295 13216 17402 19817 
7 365 549 2430 5832 7736 9746 13710 16275 17003 18841 
11 488 1463 3655 5754 7139 11687 14718 18975 21049 22052 25108 26806 29489 
8 387 563 1583 6169 7046 9813 11409 15830 19452 21643 
17 957 2774 6356 8586 12250 13820 19952 21588 24893 29166 31590 
4 303 662 3017 5038 8564 10146 15430 17211 
6 346 528 1027 2207 3227 4079 7943 13629 17090 18229 20546 23106 24668 27256 
23 1923 3172 6940 8614 10551 12035 13698 19761 22796 26050 30892 32580 34409 
1 257 1387 3292 5459 6070 10122 11128 15269 19189 20811 22417 24492 27089 28847 
9 409 744 4750 7344 9684 10629 13453 15119 16577 18560 21206 23040 
1 253 514 1452 4472 6020 7666 10465 12693 16240 19309 
9 409 739 3091 5778 11114 18292 20203 22438 24592 26201 31095 
142 33377 36450 41409 43884 48611 50074 50809 51393 51802 51815 51817 
20 1155 2187 3739 4582 6633 12094 12887 15881 18474 20027 20959 24634 27532 30761 
108 23726 25427 28298 31751 35886 42667 45632 46681 48547 50203 50875 51523 51753 
22 1777 2996 6431 9700 10725 12926 14881 16437 18767 22957 24902 26032 30249 31694 33230 34278 
7 365 545 1131 1658 3466 5288 6146 11740 14617 15707 
113 25578 28701 32982 38499 42879 44936 48458 50412 51494 51709 51753 
163 37886 39666 41696 43634 45656 47298 49643 51646 51802 51815 51817 
103 21827 26558 27406 29979 36266 39194 40977 43094 46653 49148 50382 51361 51644 
171 41155 43176 47109 49498 50924 51637 51814 51816 
9 411 1349 4394 8028 11083 14927 16877 20358 24202 
5 329 657 4562 7377 8311 10423 13225 14276 18522 20872 22696 
149 34078 36247 38549 39707 41986 46371 47776 49736 50866 51461 51785 51807 51816 
17 957 2775 6900 12373 13730 15607 18460 19948 22628 24693 28150 31095 
8 387 564 2029 4317 5187 7825 9637 14350 17258 18932 20455 22467 25131 26895 
12 853 2133 3897 4768 6765 8906 10773 11787 14115 16265 20920 23582 24428 27821 30761 
134 30118 32637 33748 38019 39531 43616 44266 45973 48504 50254 50597 51260 51612 51799 51809 
4 305 1043 1739 5566 9610 10682 14701 16171 16957 21330 24181 
110 25508 27963 29692 30488 34997 40348 44674 46778 48815 50348 51184 51679 51764 
43 6722 8992 10347 12505 13399 16756 19626 21414 23575 29712 32227 34210 37522 40608 
15 921 2312 4886 5673 8692 10222 13029 14523 16780 21016 22118 24446 26600 28121 31035 
95 19840 22885 25950 28404 29947 36921 40128 44433 48362 50230 50573 51250 
14 901 2157 6044 8449 9231 12399 14770 17324 19025 
10 472 783 2971 4343 6746 9032 12526 14136 14940 19430 21564 26902 31035 
4 306 1364 2681 3943 5720 8519 10924 15050 
4 306 1362 2402 4142 5584 9416 13142 14861 15737 18280 23210 26291 27378 
51 8567 11466 13917 16315 17770 20604 25490 26537 30839 34811 36397 38647 40244 42768 
19 1006 2221 3507 5419 6588 7557 11578 17485 22035 27016 27766 29340 30368 
5 329 654 2111 4522 7294 8925 11693 18847 21178 24309 27285 
2 276 1631 3854 6001 6987 11000 12437 13192 17434 19339 
0 232 611 855 2868 4233 7577 11595 15051 18079 23131 24847 26686 
9 409 738 3046 5604 7717 8548 14551 17505 19131 20115 25308 29197 31035 
20 1155 2185 3595 8011 8713 10156 11168 17791 20844 25851 28311 32695 
138 31622 34597 37677 40106 41668 44437 46084 47541 51402 51750 51807 51816 
7 366 677 3069 5355 7155 8162 10465 12692 16152 19246 
4 304 803 3389 4983 9884 11541 14043 16414 17121 20065 20788 25272 28023 
3 289 458 2093 3439 5190 6473 8293 10989 15001 15918 18864 22961 27198 
26 3264 4864 6962 9210 11089 13517 15220 17824 20052 24722 27498 28336 31492 34887 
2 273 1180 1711 3918 5434 8674 11445 13414 17352 21370 24969 27198 
155 37228 39255 42647 44354 49114 50239 51489 51802 51815 51817 
66 12255 15975 18033 19573 21358 27572 31653 34556 35551 38269 40269 43743 46605 
38 5125 6575 10531 12271 14202 15708 17469 23679 26756 29912 34797 36478 38312 
94 19824 23754 27789 29282 31177 34109 38342 39273 42279 45397 49609 50585 51259 
122 27447 29954 32287 34771 36300 38810 41230 43474 47909 49350 50917 51554 51655 51799 51809 
107 23493 25209 28964 32139 36213 40393 42215 45144 47235 50118 50523 51693 51776 
36 4836 6322 9967 14452 15504 17801 23855 25347 27307 30169 32449 35891 38890 
16 940 1908 4993 7357 8981 13290 16219 17155 20661 24416 27875 31005 
54 10252 12648 14096 17119 18889 22584 26967 30600 33677 38670 39432 41008 42100 
64 10959 12589 17282 20418 26495 33886 35791 38063 41368 
2 281 2476 4957 7319 8811 9645 13071 15842 19025 
99 21718 24213 24999 28628 30369 31279 33824 39505 42626 45583 47266 48957 49709 50937 51553 
10 474 1531 3389 4976 8064 9667 14571 16295 18336 23145 24819 26994 28577 31035 
125 29423 33298 35555 37016 40609 43787 47699 50561 51243 51715 51809 
116 25664 29319 33652 35190 36972 39952 44370 45305 48078 49415 50549 51690 51788 
79 15757 17375 21087 24334 28523 32505 35252 36078 39487 42422 45086 48709 
120 26243 27986 30807 33959 37629 40653 42326 43864 48740 50363 51199 51679 51764 
37 5067 7838 10600 12905 14415 16059 18971 25023 26008 29008 30667 32198 34184 36771 38548 
13 877 2285 3466 5288 6144 9380 13476 15859 16724 21527 22548 30000 32005 
94 19818 21546 24418 28559 31430 33166 35296 40814 43212 46941 48403 50721 51296 
8 387 567 2378 4645 6727 11199 12993 17056 21392 24056 24870 26715 
101 21765 25879 27379 29154 35657 39413 42395 43390 45904 47801 50294 51383 
11 489 1941 4836 6329 12331 15169 16148 18722 20740 25087 28867 31035 
107 23493 25208 28175 31783 38941 41862 43391 46146 48061 48865 50689 51280 51719 
89 17877 20176 23837 26845 27813 30435 36629 37605 40630 42298 43834 45762 48155 49508 
1 253 515 2071 3185 4032 6718 8407 10656 12862 17568 19669 23372 25739 
125 29420 33086 36019 38049 43369 44908 47057 48335 49779 51146 51613 51793 51812 
67 12301 15147 18172 20576 22140 23843 29834 34462 37588 42574 44243 45970 
93 19546 22607 24556 28922 34989 37113 42467 44224 45330 49164 50056 50841 51205 
116 25659 27619 31675 34217 39982 44041 46829 48374 49917 51394 51717 
9 409 736 2907 4291 5624 7470 12115 13766 16810 18380 20680 23048 28194 31125 
124 27726 30268 32871 34611 37350 40419 46606 48646 50962 51531 51799 51809 
114 25612 28024 30286 32374 33976 36253 40846 42709 44966 47388 50128 51371 
102 21799 24616 26938 34836 38036 42382 44421 48174 50313 51387 
124 27725 29386 33632 35446 37494 39050 43724 47733 49511 50551 51028 51749 51799 51809 
78 14639 16377 19214 22487 26832 28854 33072 34637 36821 39903 42851 45014 47366 
100 21739 23978 25013 28483 31386 36144 38766 41312 44018 45543 49740 50905 51553 
38 5125 6573 9843 13986 16102 17538 19484 22390 26721 29887 32848 34531 37179 
132 29613 31897 33943 40875 43820 46001 46907 50707 51649 51776 
135 30142 31918 35917 39953 44416 45345 49394 51304 51640 51803 51812 
