237 40709 43662 49196 52944 55618 58907 60686 62228 62281 62306 
251 43698 46288 48350 51257 53399 56142 58290 59959 60952 61982 62284 62306 
180 30703 33661 37833 46363 50978 55077 57805 60114 61315 62143 
254 44180 47246 49699 51801 54627 55661 57457 58308 59242 60750 62162 62247 62288 62309 
220 38130 46737 51285 55381 58832 60547 61284 61979 62279 
76 11748 14836 18760 24696 26499 34147 41224 45483 49363 52805 
240 41135 44454 46324 50035 55844 59108 60722 62242 62300 
219 38098 41246 43761 48234 52117 54278 56803 61666 62243 62306 
187 31460 34151 36269 41046 43954 47401 49286 52276 53664 57838 59228 61000 62128 62292 
185 31076 33886 39690 43789 47440 52855 54752 58015 60090 61158 62143 
216 36730 40637 46700 51646 54246 59601 61643 62252 
213 36334 38941 41031 46006 48813 51552 53543 56724 61782 62235 62307 
255 44416 48104 49907 52456 54452 56000 58203 60442 62238 62303 
7 825 4915 8971 12451 14275 19796 21928 23770 28513 32227 35381 37170 
1 437 1111 2938 5012 6841 9956 18084 21844 24526 28481 32199 34085 
231 39867 41107 44565 48629 55023 59492 61579 62205 62280 62312 
210 35946 38794 44553 48602 52027 54910 56603 60642 61524 61941 62242 62300 
246 42791 45566 51174 54253 56528 59456 61569 62195 62287 62309 
260 45270 46460 48408 49389 50719 53208 55250 59209 60819 61715 62122 62306 
15 1385 3044 4137 6321 9224 10973 17290 19968 24140 31253 35916 40023 
4 604 2144 4734 10218 12505 15188 20716 24623 28084 32346 
12 1226 4164 6780 9831 12224 14981 18878 27021 31685 36130 
198 33921 36533 38681 41661 43990 46932 48951 52272 59504 61600 62235 62307 
1 444 1808 4295 6630 10503 17758 22267 26489 
173 29516 33235 38139 42200 45179 47095 49572 50794 52741 57231 58078 60484 61222 61965 62165 62257 
0 413 522 3137 7152 8766 12219 18512 24015 
283 49227 53799 55547 58720 61656 62226 62306 
1 437 1109 2064 4760 6742 9368 11199 14430 23170 28797 
174 29679 34368 37963 46669 50569 53188 56909 60002 60895 61648 62279 
0 416 719 2007 4697 8601 12416 20112 23892 
24 3021 5313 7609 9543 12259 13315 15162 16265 17491 20091 25827 27525 29618 36971 42271 
0 413 516 1437 4047 8894 12032 14228 17934 22163 26177 30037 33629 
5 705 5266 7904 8879 10715 11700 12878 15431 17422 22012 24851 27766 
172 29213 31769 34635 38180 41074 45074 46839 48946 56279 60457 61932 62271 
0 413 519 2164 3653 5750 13549 17990 22113 26104 28901 30817 
51 7433 10390 14158 20064 21778 29302 36444 40605 44587 48175 
209 35682 42438 46498 50825 54760 58181 60498 61425 62116 
207 35126 41783 46573 50295 52111 57438 59135 60354 61939 62230 62284 62306 
263 45635 48314 51475 53233 55595 58672 59412 61493 61937 62284 62306 
0 419 1014 2481 3173 4576 5670 6886 9590 11918 13953 16742 17878 19771 20800 
7 827 6063 10091 12436 18116 23044 24920 28277 34650 38741 
183 31024 35177 37735 41535 45715 51208 55516 59063 60661 61595 62162 62252 
211 35974 39430 41742 50769 53967 57702 61488 62128 62292 
0 421 1338 3183 4879 9394 11874 18201 
0 416 719 2007 4696 8236 10863 12951 20801 24820 28701 
154 25607 31502 35214 41174 45420 48205 50101 52668 53789 55565 56725 57918 59935 61146 61798 
203 34917 36306 39702 43817 50424 55670 59313 61440 62035 62237 62296 62306 
0 412 499 2528 5563 12745 17050 20962 
6 802 1937 2713 4601 7095 9109 15913 17736 21300 27793 33531 
13 1278 2810 7781 9319 11191 15997 19721 22437 26176 
9 989 2534 8730 12632 15223 17663 19713 22585 24744 27646 
1 451 2739 5836 9678 11330 13467 16845 18733 19687 22680 26068 
13 1279 3204 4612 7899 14003 19434 27041 29833 31724 33071 
242 41483 45297 48008 49167 51972 52900 55817 57944 59698 60922 62257 
228 39601 43450 45411 49109 52087 56655 58522 60736 62165 62257 
0 413 523 3615 6606 8436 11303 13014 16547 18568 21467 22549 24886 25988 
0 413 518 2072 3591 5483 12478 16313 19365 23118 25989 27117 29115 30251 
2 471 780 4470 8014 10506 12284 14810 15903 17776 19006 20348 23179 25743 27850 
3 577 1338 3184 5575 7667 9763 13324 17152 22530 26893 31175 
169 28704 30730 32747 33726 36939 39394 42377 44264 46613 50067 51982 56421 57508 59395 60932 61663 62257 
2 478 2606 4648 7929 10365 11413 13148 14379 15702 18615 21015 23720 
1 436 941 1851 3871 4752 6852 7869 12680 15307 19581 26616 30993 35124 
12 1222 2783 6204 13174 17598 21720 24781 28054 29955 33072 34489 36650 38017 
0 417 835 2007 4696 8237 13357 17710 21841 
0 417 835 2012 8084 11594 14902 15959 19485 21221 23893 25897 27718 
8 966 2191 3896 6263 13122 17203 19887 22293 24273 27201 29431 32370 34881 37960 
1 437 1109 2066 6404 8645 11482 13202 16736 22563 28385 
3 577 1341 5399 6968 9011 12250 14131 15046 19263 21564 
178 30177 31434 34814 43419 50551 54937 58359 60675 61628 62220 
17 1499 5220 7484 8526 11620 15464 21790 27131 31662 38210 40604 
187 31461 34675 36619 40383 49335 53299 56560 58921 60089 61965 62165 62257 
142 23659 30698 37518 41196 45017 50803 54741 57283 58748 60444 60929 61601 61912 
7 828 6674 9784 12962 16864 19585 21389 24016 25137 26994 28332 
10 1134 2679 7223 10888 14162 17022 18871 24333 26551 29246 33189 37093 39067 
9 989 2535 8888 12580 15401 17552 21565 25328 28824 30739 31911 34379 35591 
8 967 2581 4823 7021 9298 11384 18372 20863 22079 25309 30150 34300 38292 
1 435 744 2041 6587 10152 14102 15784 18029 21355 23299 24239 28520 30917 
196 33434 34620 36651 38654 43022 45431 48512 51146 56940 58845 60651 61883 62145 62306 
38 4793 9486 11798 12918 16107 20078 26387 31924 36585 43173 45560 
2 473 1349 3857 11509 15088 17855 22182 24512 28930 32968 35314 
227 39358 42283 44867 47693 50525 53175 57282 61606 62239 62304 62311 62312 
206 35045 36384 38469 39305 40747 47488 49658 53150 55242 57952 59329 61200 61799 62184 62279 
257 44676 48035 51999 57692 59051 61073 62076 62300 
224 38830 41426 44400 47872 51694 54534 56916 59466 61945 62202 62307 
241 41457 44619 48288 50188 52881 56632 58476 60261 62235 62307 
209 35673 38597 42536 51030 55411 59007 60794 61867 62169 62292 
278 48477 50866 52936 55732 58582 59749 61009 61856 62107 62264 62309 
228 39600 43319 45066 47984 49950 51744 54167 57181 61587 62213 62283 62312 
223 38802 42564 44940 48684 50649 53696 55446 60149 61327 62134 62265 62307 
175 29892 33681 35719 38580 42965 46815 49873 52418 57733 59820 61085 61552 62212 
33 4299 8240 11103 14281 16819 19632 23471 31751 36464 40815 
17 1495 5036 7561 14762 19078 21598 28450 31371 34184 37756 39689 
141 23629 26256 29293 34603 37895 44980 47466 51204 55401 58893 61005 62005 
12 1231 5969 8033 10749 14659 17106 19823 25207 29088 
16 1410 4258 5853 8400 10867 14546 18202 19988 22420 27992 
61 8827 11666 14556 17887 21039 23369 27126 31123 36764 41271 47880 50250 
2 472 1185 2353 4321 5876 9878 11944 14487 22135 25619 28491 31861 35868 
200 34266 38617 40540 43495 47567 49758 52385 59277 61138 62013 62281 62306 
0 413 517 1587 5452 7235 10058 11288 15657 16687 17827 20827 23389 25258 28425 29700 31724 33071 
225 38859 41362 43556 49054 50893 54372 56831 59163 60740 62128 62292 
1 448 2378 5844 8454 12099 13831 15683 20532 24332 
1 440 1665 3345 6025 13096 17155 20219 23549 
1 443 1781 3010 5720 13522 17375 19233 21978 27767 30610 32564 
18 2235 3093 5426 6295 9036 11294 13668 15863 24172 26115 29814 32889 36818 40894 
160 26697 29306 31362 36278 39183 41975 44134 47641 55850 60297 61514 62143 
1 434 635 3741 5150 7433 10394 16874 20690 24115 
253 44030 47516 50041 52842 56608 61606 62239 62305 
214 36677 39383 41399 42726 47961 52300 55208 57616 61075 62143 
171 29186 32866 35136 38895 41025 46546 48774 51598 54090 55296 58171 61075 62143 
0 414 533 1142 5496 8130 11063 13737 16365 22798 
33 4295 6632 11772 15630 18849 20974 24492 30502 32395 34406 39575 43610 
156 26078 28949 32994 41436 46262 50476 53436 56539 58125 60235 60892 61601 61912 
249 43271 44385 46336 47645 49011 51852 54429 56332 58813 59499 60836 61247 61615 62307 
211 35972 38643 41903 44334 51504 54005 55287 57207 57869 58953 60595 61705 62103 62306 
215 36702 40934 42975 45998 50692 53505 56119 57864 61563 62156 62294 62307 
259 44858 52616 56779 60078 61129 62042 62296 62306 
258 44728 46042 49347 54030 57706 60184 61194 62064 62296 62306 
152 25428 28729 32775 39068 40816 44711 52483 55537 58038 59585 61743 
239 40973 43920 48202 55556 59351 61464 62074 62306 
250 43670 46314 49176 51380 55472 57384 59521 61223 61714 62307 
188 31780 36133 38920 42933 46796 52143 54330 57598 59188 60909 61573 62252 
265 45689 48469 53844 57390 59444 61407 62242 62300 
158 26360 29142 34798 43222 47770 50277 53732 58056 59401 61678 
213 36335 39526 41387 45217 53906 57579 60038 61562 62242 62300 
159 26590 29409 33630 41012 50324 54191 57084 59896 61278 61912 
194 33179 38988 42487 45580 47510 52997 55169 57564 60332 61679 62049 62241 62309 
157 26331 28994 32347 34578 42946 47809 50665 53359 56190 58404 61678 
230 39776 43201 47394 55670 59313 61441 62106 62306 
163 27092 31273 33209 36221 38189 41616 47909 50351 53048 58107 60600 61616 62183 
1 446 2096 3898 7282 10432 11444 14855 16607 19341 21229 23017 
1 434 634 3708 5104 7409 8517 10479 11210 12531 15072 18704 20423 23918 26255 
186 31226 33985 38544 45973 52214 59405 61587 62220 
221 38322 42881 45942 48728 52811 59405 61587 62220 
248 42995 47141 50076 51166 53552 54568 55640 58263 60559 61340 62258 62296 62306 
184 31050 33879 41633 45838 47830 50658 56258 58642 59858 61093 61561 62006 62092 
0 413 515 859 2760 4358 6995 9825 15137 17316 19214 23722 27647 30538 32468 
236 40504 41597 44145 45220 46409 49439 52163 54708 57328 61579 62212 
168 28550 32628 36395 41878 49260 51054 54622 59932 61977 
170 29149 31570 33765 38742 40898 43903 49915 51719 53579 58197 60723 61863 62252 
0 420 1061 2687 4702 8287 10776 14202 16033 19054 20372 22319 23604 
9 990 2874 4526 10120 12819 15473 18418 20964 27448 
30 3896 6257 9924 17355 21648 29552 32999 37004 42199 
229 39752 41098 43394 44221 49498 52694 56526 60745 61488 62128 62292 
35 4624 7327 9737 11537 15259 17945 23947 28050 34086 36002 39805 44854 
1 434 633 3700 5996 7818 10409 12056 14608 16571 18254 20733 25606 
12 1225 3474 5946 10007 12681 16081 19533 20592 26763 30844 33634 35672 
199 33958 37863 40114 43872 45991 51260 54496 56048 57859 60962 62022 62240 62300 
166 28415 34006 37799 43769 47820 51942 53670 55794 58722 60020 60580 61650 62155 
0 412 498 2406 3994 6498 8921 12584 15592 18784 20669 
22 2688 5534 7569 10838 12804 15810 17639 24042 25818 28627 30577 33532 35453 38293 40257 42100 
3 578 2147 5646 7692 10083 17571 21063 23742 26636 29719 31598 35356 37579 
205 35019 38424 42434 48568 50407 54039 60405 61344 62093 62260 62306 
3 581 2826 4681 9631 10811 14354 16507 20038 21968 25042 26842 32516 
31 4113 6429 11582 15405 18809 21609 23417 29089 31315 34091 38170 41833 43871 
195 33357 37580 40036 42829 45916 48710 52808 61533 62198 62292 
1 434 631 2904 5196 6879 13375 17251 19190 21976 26660 29478 32779 34792 
2 480 3001 7178 10641 13242 16951 19831 22468 26439 
136 22386 26510 28459 31355 34526 36506 42659 45385 48888 50932 53291 57309 60102 61193 
146 24422 26945 29029 31985 35723 42127 45109 46957 49474 50760 52733 53608 54959 57354 59632 60689 61607 62092 
11 1158 2570 4963 6539 8812 14054 15197 18980 21146 24670 26654 33303 35417 37240 
7 824 4492 7635 10168 13340 19292 21665 24386 30008 37092 
30 3897 6814 8684 10939 15026 19169 21985 24718 30964 32911 36844 39141 41974 
160 26698 29864 31712 35535 44480 48358 51117 54891 57696 60573 61885 62155 
1 434 629 1250 7068 9930 13192 15943 19255 22945 25862 27598 
0 413 520 2345 4373 6705 9440 11757 18055 20383 23269 25016 27276 32717 
5 695 1898 3536 5784 8382 14735 17689 20070 25119 28254 31885 36078 
1 441 1711 3004 9532 12984 16404 19651 21502 24217 28200 30426 
179 30305 36415 40191 46107 50178 52814 54654 57106 58030 59378 60194 60849 61816 62252 
10 1134 2680 9065 12765 14587 17414 20391 22228 25232 26984 32198 
0 418 897 2261 9175 13428 17531 21492 24147 27178 31225 
256 44650 46035 48916 49989 52562 56285 58729 59487 60631 61022 61545 62048 62296 62306 
14 1361 3924 6471 8756 11423 13643 20556 22345 25933 32616 38397 
201 34418 39294 42763 51792 55358 58408 60342 61536 62228 62281 62306 
183 31021 33754 37171 39466 46886 49649 55906 59531 61409 62069 62252 
0 413 521 2400 7203 9134 13051 15080 17962 20139 22944 
26 3345 6019 9734 17915 22204 27298 29711 32718 34499 36918 42376 
0 412 495 1529 3102 5082 7035 13690 16191 18656 19859 22357 25186 27356 32298 
8 965 1459 2654 3430 5757 8115 14248 16375 18764 22464 26813 30918 34826 38543 
9 989 2533 8706 13493 15838 18350 20448 25793 27851 30818 31942 33824 34993 
17 1491 4063 5555 8945 11026 13880 15691 19002 27329 32565 35592 36755 38768 39942 
1 439 1619 3322 5352 6472 9904 11992 15384 21264 23018 24912 29930 33823 
1 434 629 1248 4989 7739 9259 13267 15778 20254 21305 22385 25393 28199 
252 43733 46522 50427 53087 56674 58795 60571 62238 62303 
232 39943 43298 47397 53286 55011 58240 60813 62174 62273 62309 
226 39224 42610 45358 48253 53325 59062 61626 62238 62302 62310 62312 
11 1160 3112 4850 7979 9707 10609 14631 16919 22612 26275 28144 33382 35497 37466 
1 438 1316 3972 6208 8692 14578 18230 21186 22828 25367 26690 29589 30696 
12 1222 2784 6533 12560 16136 23814 26876 32108 37390 
271 46441 52510 54987 57481 60971 62045 62307 
233 40027 48055 52355 55504 60337 61722 62162 62252 
247 42822 51422 55756 59660 61128 62235 62307 
244 41703 48582 52402 55980 57991 60943 61913 62222 62292 
269 46384 49035 51004 52221 53586 56379 58438 60262 61508 62272 62300 
1 450 2547 3983 6280 10161 13857 16651 18464 20887 22104 24116 25005 
12 1223 3276 6110 7116 10573 12346 15885 18890 25071 27477 29775 35239 38096 
4 603 1469 4211 6437 8620 10633 13402 15517 18922 24931 27900 30317 33150 
162 27067 30947 35315 39087 41039 44292 46191 52708 54488 56966 58552 59711 61055 62143 
235 40477 44065 46215 48574 53771 56609 58457 60060 62198 62289 62308 62313 
140 23605 25007 28022 29006 33417 40155 43474 47563 55231 58938 61127 
24 3022 6331 8858 13297 19466 23326 29242 31551 35729 39725 43393 
16 1409 3370 5599 7988 10554 14376 22367 26921 32074 34556 37675 40113 
219 38097 40636 46470 49807 52067 55680 59292 61368 62117 62279 
217 36872 40652 42529 48434 50608 52440 56935 59650 61210 61686 62119 62279 
17 1492 4088 5569 10690 12707 15287 19178 22799 24622 
143 23793 29578 33020 42272 46128 49725 52438 56882 59196 60758 61743 
268 46067 48746 50656 55263 57770 59803 60848 62234 62293 62312 
34 4432 6650 8444 12844 15553 18325 20288 23552 31953 37467 40395 41566 43636 44802 
238 40735 43544 46864 49135 56071 58221 59222 60534 60858 61433 62096 62245 62309 
20 2268 4043 6525 10535 14329 16459 19109 26785 30343 33232 36785 40475 
191 32006 35894 40292 42101 44174 51231 55128 56888 59135 60350 61621 62159 62292 
1 449 2510 4542 8551 12335 14954 16768 19391 20502 22319 23604 
190 31835 36560 39074 44367 47602 53724 56472 57970 59552 61311 61851 62016 62246 62300 
10 1137 3561 6157 7773 10294 12134 13906 16248 22651 26070 28872 29674 
157 26335 30469 32846 36812 40840 46502 50952 55026 57533 60063 60999 
1 434 636 3778 6233 8025 11357 15455 19613 23424 25701 
222 38398 39517 42416 47287 48540 51044 53823 55867 59365 60598 61636 62065 62252 
164 27230 31530 35709 38551 41548 48270 52217 59180 61415 62143 
135 22039 24546 26645 31398 34335 38155 44098 47049 49549 51893 53059 57035 58990 60999 
85 13214 16156 19211 22502 25768 28122 31919 36024 41575 46238 51354 54835 
22 2689 5895 8181 10740 16021 19922 23344 28968 30854 33707 37842 43172 
75 11640 12869 14878 15725 17077 19678 22876 25099 34110 36262 39402 41297 45041 47199 50153 51222 53023 54166 
193 33151 35872 40530 43428 47619 49831 53329 55257 59518 60779 61763 62131 62232 62303 
8 965 1460 2976 3807 4625 8334 10139 16615 18300 20281 25355 29382 32811 37341 
197 33893 36609 39555 42539 44891 47804 57131 60249 61578 62242 62300 
27 3403 4407 7307 10947 17141 25504 30018 34852 39114 43099 
13 1278 2803 4366 9345 12064 13798 19832 23450 25702 29271 34220 37240 
177 30126 33461 37731 43942 45816 49522 53486 59303 61337 62010 62183 
243 41510 44256 48176 48962 50377 52926 55954 57644 59435 61820 62038 62267 62301 62313 
170 29149 31574 35461 37241 39289 47188 50840 54397 57335 58839 60925 61889 62271 
202 34701 38444 40214 43100 45144 47008 51065 54065 59272 61934 62228 62281 62306 
191 32014 37392 39830 42461 44504 47755 52757 53867 57187 58547 60417 61235 61744 62124 62292 
204 34994 36377 39260 40347 45664 48461 53844 57394 60392 61783 62172 62279 
89 14436 17457 20670 24520 31111 39083 46155 50251 53979 57280 
2 477 2295 4304 10189 12361 16215 17482 19509 20299 21690 24263 27449 29331 31805 34488 
33 4298 7508 10270 14496 17812 23220 24393 26972 29847 33200 37268 40222 42050 
57 8207 10597 13598 15348 21882 24650 28897 36200 40681 45766 
218 38020 40386 42406 43515 46640 49045 51580 55693 60365 61962 62262 62306 
165 28387 31637 34137 39497 42595 49083 51324 54732 56499 57363 59563 60918 61845 62155 
212 36172 38970 45608 49599 53121 55715 60427 61390 62204 62300 
130 21441 24198 28248 36631 41334 45767 48852 52003 53915 56807 57936 59378 60234 
150 25147 28798 30495 33852 37826 43611 45877 47854 52392 56238 58612 59765 61065 61551 62006 62092 
3 579 2450 7434 11002 14950 21908 26304 30304 
6 801 1254 3302 7458 11138 13081 18954 21100 24458 28226 30434 37170 
245 42768 45349 47365 48327 52592 56986 58973 60973 61930 62274 62286 62312 
0 412 496 1556 3863 6180 6914 8985 15000 16855 20484 23479 28626 
0 415 653 2260 8573 11892 16435 18521 21364 22492 24360 25502 
176 30064 31425 33558 35700 37704 38652 41754 44321 47355 54836 57484 59478 61942 62194 
8 974 4399 6379 7362 8477 10915 12811 17430 20183 23117 
242 41494 48634 51092 54115 55317 57626 59191 61539 62069 62252 
43 6038 7085 8778 9960 11259 14030 19948 23733 27993 29748 32052 37673 
12 1222 2787 8154 11822 14712 19135 25529 26744 33327 35812 
2 471 767 1983 3229 5724 6962 11166 12171 14459 17748 20512 22708 27500 30090 32967 
1 442 1735 3527 10317 14457 17018 27159 33302 
