260 50486 52742 53907 56528 63462 66290 67810 69576 70444 70870 70890 70909 
283 55790 58074 59156 62653 66171 69900 70669 70790 70852 70909 
269 51874 53869 57754 59113 61344 63726 66461 67651 69117 70180 70554 70885 70898 
233 45820 47755 48912 52448 62180 66904 68786 70248 70668 70874 70909 
295 57711 59431 63120 64404 66558 67964 68581 70530 70834 70851 70909 
242 46582 51313 53447 59710 61673 65791 68294 69952 70778 70868 70909 
262 51287 53182 54306 57823 64971 69539 70418 70892 70904 70907 
245 47518 49997 52304 53664 56649 58375 64355 66511 67763 68551 69585 70103 70840 70892 70904 70907 
232 44988 47383 48493 51113 53851 62803 66976 69346 69939 70364 70691 70848 70902 70908 
228 43599 46760 52831 56272 59264 61745 67844 69522 70215 70744 70890 70909 
259 50461 52678 53857 60320 63473 66526 69487 70454 70778 70868 70909 
21 1600 3433 4716 6045 7708 10847 13538 15149 16920 19924 24413 31495 35551 38736 42167 43286 47001 
246 48121 50628 53704 56124 58274 60631 62760 64130 66549 67823 70421 70866 70909 
273 53401 55902 59052 62379 64271 65748 67279 68491 70043 70425 70750 70837 70904 70907 
41 4997 7288 9039 15567 19178 20865 22339 29145 31623 33251 36785 43025 49001 52428 
215 40970 42797 44699 48592 57648 62360 65905 67144 68248 69243 70494 70854 70909 
190 35745 38769 41170 42441 46022 50284 51655 58511 61178 64126 68778 70527 70873 
178 34069 37411 39391 45781 52968 56250 58380 61716 64447 66837 67721 69839 70666 70873 
219 41590 43346 47188 48611 51261 53157 54281 57819 66827 69839 70666 70873 
214 40765 42541 45292 48149 50305 52494 54347 60439 62514 63782 66720 69238 69797 70778 70868 70909 
238 46234 48207 50117 53847 62960 67049 69408 70351 70599 70892 70904 70907 
270 51979 55545 57103 58966 60812 64365 70011 70770 70880 70897 70910 70911 
209 39762 41989 43171 45792 48598 57803 62469 66039 67247 68482 70017 70486 70743 70890 70909 
130 24264 26183 27239 30784 40837 46279 51429 53685 57588 60660 65095 67703 69478 
229 43627 45728 50404 57423 59841 65270 66746 70420 70748 70825 70856 70898 
4 476 2209 4555 5879 7163 13316 15802 17268 22154 
5 482 620 1300 2287 3182 8430 11602 13804 15193 19340 25446 30309 34365 36192 
243 46785 48703 52452 54000 56624 58462 59500 62958 69754 70761 70890 70909 
14 1317 2220 4925 5836 9290 10971 12822 16421 25349 30163 34164 37450 40379 41946 44564 
220 42125 44381 47128 51390 55325 57474 61369 68182 70041 70755 70904 70907 
10 836 1280 4836 7182 10342 11422 14573 18808 29014 34794 37782 39695 
204 38303 40467 44900 46224 53062 55938 61867 63875 65847 68238 69227 70756 70841 70869 
208 39738 41923 43098 46738 50848 58902 63108 66650 69146 69934 70885 70898 
184 35274 42254 45914 47709 49401 56072 58631 60096 64781 68533 70015 70480 70873 
203 38266 40331 46413 49837 52999 54138 57403 61637 69430 70741 70849 70879 
21 1601 3474 4973 6525 8686 15529 18731 20655 24127 26987 29971 31138 34660 41196 42340 
1 421 580 965 4594 5984 6975 10279 12510 14768 16169 19049 22336 
216 41011 42817 44893 48079 50860 52544 55814 58140 59275 61753 64370 70385 70840 70892 70904 70907 
3 469 3839 5093 6756 9810 11042 13884 17010 21900 25421 
225 43506 45680 50947 55497 57064 58941 60966 63829 66235 67448 68632 70600 70762 70845 70891 70902 70908 
235 46053 52257 59208 64705 67234 69704 70769 70870 70890 70909 
258 50422 53556 55469 61893 65411 67417 69333 70125 70406 70892 70904 70907 
213 40755 49185 54213 60107 62027 63700 65385 68151 69545 70104 70490 70747 70890 70909 
10 839 1729 4429 13206 18625 21531 24787 25999 29371 35912 38630 44277 
240 46437 48451 52043 56453 66078 69533 70410 70631 70794 70853 70910 70911 
6 509 708 3918 5046 6282 7954 11812 16620 21378 23786 
160 29820 37690 40307 42102 43429 51129 52588 56856 64177 68060 69678 70286 70517 
10 837 1681 4616 7108 12070 15698 18367 21372 27737 33220 38842 
22 2084 3502 5440 10909 15093 19159 22922 29636 33550 35887 37490 39633 43892 
30 3106 4452 8516 13896 15915 18214 21238 23795 31888 36468 40669 46486 47708 
0 402 563 2171 4331 6559 9177 10235 14309 17253 20767 23549 27928 
0 402 564 2189 4412 8451 11509 14617 17098 24289 26458 
5 482 621 1965 2800 4488 5900 6731 9934 19397 24763 27760 31347 34231 38935 
133 24507 32300 34983 36700 38122 45621 47114 51448 59086 63688 66615 68014 68716 
164 30066 31949 33968 40070 42561 44125 51409 53135 54746 58811 61523 62970 64654 66495 69517 70615 
230 44926 48269 50248 54814 57267 58416 62074 67365 70402 70863 70909 
8 637 1503 2702 3779 5177 6614 9953 12156 14444 16320 22709 24508 32312 38337 41683 
10 838 1706 5658 8569 11333 13744 20700 23966 26026 29476 32404 35417 38663 44371 
10 836 1284 7127 12110 14024 15782 18486 21196 23189 25508 
4 478 2789 4433 5723 10889 12837 15005 16763 19897 24397 26234 27705 33861 
10 851 4513 6091 8082 10928 12712 19110 22834 25629 
250 48939 52155 56789 58563 59967 65626 66869 68213 69194 70840 70892 70904 70907 
241 46547 50199 51736 53599 55481 59254 67357 69864 70654 70787 70856 70898 
14 1317 2219 2874 5347 14151 19516 22369 26158 30140 33309 36791 37896 41683 
22 2086 4378 5439 10738 13994 15844 17130 23404 25718 26823 30446 34509 41221 45140 46929 
182 35194 37103 39975 42737 44763 47024 48974 54840 56816 58611 61321 63961 65711 68203 69190 70756 70841 70869 
6 509 700 977 5806 8591 10405 13755 16507 19422 20565 23990 30255 31420 
8 638 1550 2727 4301 10368 13494 15485 18812 21678 24628 25809 29199 35641 36934 
5 482 624 2917 4378 5437 9048 16286 20982 24353 26322 27639 
10 845 3392 4712 11355 13839 15464 18134 21175 24012 25717 
5 482 620 1299 2046 3605 4998 7334 9055 18057 19770 21833 25263 26680 29570 32847 
0 402 561 1573 2247 4709 10424 12899 14640 16673 22873 24577 26501 28939 31993 34455 
1 421 579 787 1262 2698 9916 14470 18424 19951 21734 25061 29678 31518 32853 39055 
2 440 602 2129 6776 8764 10087 14087 20179 24931 28972 30699 
7 539 1148 2084 3501 5259 6301 8834 10399 16340 18838 20585 21854 24054 25573 31871 39224 40914 
0 402 565 2364 4676 8207 11036 17230 22554 27882 
10 838 1705 4623 6348 9706 16190 20057 22984 28185 31159 34209 40551 42692 
6 509 700 974 2694 11095 15768 19128 20911 22200 
6 509 701 1115 4858 8144 9650 10990 12919 14844 21633 27461 33397 
0 402 562 2139 2843 5152 8987 12618 17279 20540 23282 
10 839 1735 8547 11307 12940 14848 16549 20353 21691 25220 27075 30788 32402 
10 836 1276 3830 9522 11889 17300 19215 20937 22802 26480 29320 31003 
10 836 1276 3829 9281 12013 13579 17992 19540 21274 23335 26459 29221 30926 
19 1468 2548 3683 6490 14983 19669 23575 25306 27097 30517 35185 37031 38496 44698 
21 1598 3351 4697 9718 16374 22015 25134 29689 33639 39107 42076 44857 
10 836 1276 3827 7783 13612 16435 18160 20099 26634 28580 35069 39181 41523 
15 1340 2325 4114 6227 7973 9993 11653 14726 18955 29930 35483 40270 44762 
197 37950 41633 42983 46650 48288 50297 56605 58251 59546 61765 63163 66738 70039 70771 70885 70898 
196 37864 41387 45705 55961 61477 64273 66178 67778 69104 69992 70375 70781 70898 
210 40526 42341 43480 47020 56942 62287 66003 68297 70526 70874 70909 
248 48760 53638 56022 58209 60520 62762 65054 67005 68342 69938 70874 70909 
41 4999 7406 9065 11367 13858 15627 16645 20175 29930 35480 38720 42265 45087 49613 
168 31187 34938 36410 42194 45433 47559 51057 58163 61500 64299 66479 69900 70669 70793 
163 30000 31928 33797 37702 46930 51855 55838 57563 59004 60984 64919 68594 70379 70706 
2 440 599 1097 2387 3340 7022 11552 17346 19255 26911 
223 43316 46604 51044 61261 66311 68374 69273 69974 70452 70856 70898 
6 509 700 976 4950 8309 13804 15193 19341 26737 31543 35086 37077 38441 
193 36725 40447 41909 47607 50902 52922 56467 63302 66329 68394 69601 70771 70885 70898 
151 27385 29385 33956 40961 43781 49428 53038 55877 59024 64969 69032 70549 
158 29582 31467 32622 36261 46111 51781 56798 59079 62745 65496 69021 70172 70645 
255 49089 51186 56295 60824 62319 64050 65818 68140 69491 70082 70483 70873 
60 9064 10673 13355 16032 18076 20245 21983 25017 29364 39953 45513 48554 51836 53918 55749 
187 35503 37447 39618 45253 47913 49448 56705 58488 60052 63923 66347 67487 68650 69607 70721 70877 
154 27484 30492 36638 40247 43162 49664 52979 56560 61449 64536 67209 68763 70549 
183 35262 41584 48505 54368 57447 61933 63663 64821 69195 69817 70361 70669 70793 
148 27295 30402 34892 45181 50979 53921 57175 58353 61661 67193 68757 70549 
17 1384 5819 8924 10510 12041 18584 21016 22585 26019 31334 33973 35823 38082 41526 44065 
236 46065 53025 55657 57522 59529 65452 66785 68162 69397 70369 70678 70820 70898 
27 3015 4358 9352 13516 16352 18860 25987 29173 31249 34816 37808 40917 43713 49733 
10 840 1784 2612 4150 6012 8697 10170 12641 14543 17437 19266 29704 31421 33045 37324 40182 41864 
6 509 700 974 2692 9851 14425 18301 19853 21298 23342 25367 32196 
10 836 1285 7168 10532 13181 16223 22344 28154 33147 
156 28794 31004 32209 34875 37708 47002 51900 55982 57661 59403 62721 66676 67982 68738 70549 
181 35002 36935 38057 41703 51625 57151 60079 63620 66961 68789 70203 70445 70873 
186 35441 37429 39405 43150 52363 57221 61137 62696 64073 65834 68717 70457 70873 
74 11746 13716 18118 21365 25203 29168 32512 36989 43924 47731 50554 56662 58810 
253 49031 52379 53760 56189 58718 61810 63260 65552 67106 68960 69726 70298 70902 70908 
183 35266 44873 46698 48853 55281 56967 58855 61228 64092 66089 67731 69038 69995 70569 70772 70873 
29 3076 5028 8655 18465 23900 26919 30116 31315 34898 41273 43744 49659 
99 16852 18874 23283 26730 30551 34479 38016 45314 48786 52091 56790 58587 60021 65186 
195 37593 39998 42492 45579 47272 49162 54935 57292 58650 62002 65826 67998 68769 70534 70775 70873 
231 44962 47317 48440 52135 56180 63996 67560 69698 70475 70874 70909 
199 38151 42918 46345 47619 51155 59741 64185 66920 68745 69859 70741 70849 70879 
157 28820 31028 32221 35935 40104 48169 52603 56749 62488 63526 66748 68083 69621 70153 70598 
235 46056 54702 59593 62912 64751 66533 69303 70769 70870 70890 70909 
280 54427 56498 61609 65667 66926 68223 69307 70339 70732 70813 70867 70909 
254 49058 51088 55642 63641 66021 68298 70526 70874 70909 
289 56904 58738 60656 66130 68046 68801 70522 70861 70909 
146 27144 30491 35147 37558 41459 44490 49455 52816 58762 61047 64012 65606 68943 69888 70241 
41 5005 8872 10798 12998 16131 18044 24215 26946 36245 42759 49953 51624 
192 36658 39159 41524 42896 45807 47642 53959 61112 63195 64321 67225 69489 70771 70885 70898 
227 43577 49859 51950 53928 59167 62672 66667 68663 70386 70769 70870 70890 70909 
288 56897 63491 66633 67923 68775 70306 70709 70805 70864 70909 
37 4711 11251 16888 19810 24123 34345 40116 43072 45370 
33 3953 5611 6536 8784 11301 20039 24833 28852 32033 35033 40626 42371 45659 47341 50076 
207 39698 42777 44633 49660 51920 53109 59778 62612 66510 70526 70874 70909 
19 1470 3254 4899 6414 9874 13057 15315 16363 18899 21555 30769 37374 44445 46188 
187 35503 37447 39616 42693 45541 48226 50185 56524 59261 68328 70304 70756 70841 70869 
217 41143 43109 46624 51379 53207 54595 64150 66984 67849 69619 70769 70870 70890 70909 
195 37594 41407 42842 44912 51210 52893 54238 56540 57973 62125 67408 69900 70669 70793 
266 51510 53316 56104 61697 63218 65511 67080 68804 69877 70272 70760 70890 70909 
236 46067 53948 60889 62571 64550 67520 69693 70476 70874 70909 
10 836 1277 4206 7804 9219 10947 12893 15985 18689 20292 22052 28027 29838 31603 34485 37391 39556 41816 
218 41243 44133 46515 48481 51076 58342 61454 63411 66427 68409 69784 70169 70720 70904 70907 
174 32683 35797 42055 45458 50105 56687 60545 63016 64680 67131 69674 70264 70498 70873 
170 32110 34575 37185 40495 42367 43895 50821 53336 54995 59869 64613 67368 68299 69443 70280 70709 70808 
180 34133 36591 37771 40413 43156 52429 57318 61278 62812 64485 67372 68637 69571 70721 70877 
106 18277 20476 21622 24216 29773 36073 46049 53730 58701 61979 63801 64918 
211 40706 42466 44373 48100 51002 53257 55212 61425 63763 65140 69685 70243 70723 70809 70865 70909 
239 46306 48248 51166 52717 59313 61841 63570 64634 67407 70526 70874 70909 
169 31731 35573 36828 40429 45315 48808 56118 59452 62628 64860 68822 69706 70274 70709 70808 
61 9219 10951 13691 15273 17820 19745 23093 24683 26590 28561 32264 42952 47878 51357 53231 54578 
237 46072 48007 50021 53496 56368 58030 59814 65011 66683 68034 69434 70343 70616 70801 70862 70909 
221 42616 45056 49523 51491 58402 61959 63596 64965 69479 70299 70692 70856 70898 
179 34107 36526 37650 41339 45280 53537 57917 61913 65598 69669 70556 70793 
239 46306 48249 51229 52764 55415 57377 60747 62244 64031 65622 70350 70885 70898 
1 421 579 789 3189 5737 6665 9605 13980 17871 22597 25830 28729 
6 510 865 1524 2738 5031 12210 17509 19273 20996 23709 26529 28634 30878 
55 8183 10212 11344 13824 16429 25423 31303 34636 36765 40353 43227 46192 49267 55163 
239 46306 48245 50413 53380 56209 57873 59691 65356 67058 68094 69746 70629 70838 70871 70909 
17 1386 6547 8815 10330 16719 19027 20395 24462 30700 35595 39793 43282 
6 509 702 1747 2592 4477 7933 9545 11529 17748 19346 21080 23516 26701 29144 
16 1373 5764 11167 18253 20412 21559 25088 29079 35668 39911 41523 
51 6911 8663 14402 17636 20674 21764 25071 34281 37571 43900 49786 55071 
25 2956 5068 8915 10581 11867 19085 21107 24499 35107 36960 38689 42594 45391 47113 
21 1596 3213 4639 6568 8847 10556 11577 15001 24551 30041 33030 37007 39852 44207 
5 482 617 908 2405 4169 5394 6881 9631 13712 23615 29296 32267 34066 
188 35614 37660 41361 47407 50925 53896 56487 63982 69075 69756 70310 70663 70873 
226 43541 48335 50770 52852 55217 57606 59030 61829 63429 68404 69612 70196 70460 70746 70885 70898 
142 25919 28321 30927 35128 39354 45874 49914 52617 54458 56582 62401 65187 67824 68504 70038 
6 509 705 3566 4752 6162 9329 10379 13676 19467 22233 23868 28542 
19 1468 2548 3685 9374 13081 14746 17226 23686 26278 27777 31268 36873 39537 41301 46188 
13 1044 2024 2778 4397 6494 14810 19602 23428 25110 26654 28621 30545 37759 
2 440 600 1626 2902 7664 9126 10773 13120 16196 18534 21436 23806 26367 29550 31095 33762 
32 3894 5548 6401 9585 13343 21216 25554 29657 33768 40576 44405 47187 
168 31185 33529 36395 40647 44570 51339 55240 57831 61087 63172 64310 66487 69900 70669 70793 
6 509 701 1118 6031 8964 10712 11922 15381 17684 19997 21344 24252 27591 
41 5000 7523 9493 12411 14106 20732 24333 26109 27733 34456 37123 38758 43664 48821 52428 
191 36107 37926 41870 45371 47991 53517 55599 58985 60876 66604 69048 69953 70448 70873 
10 837 1688 8066 11089 14826 18508 21816 25037 27514 33308 
18 1391 2344 3522 6187 8613 10104 13065 19621 20711 24233 29167 32495 35864 38521 44015 
6 511 914 1597 3299 5002 7884 9290 10971 12822 16425 26810 31694 35164 37156 38599 
38 4716 6045 7707 10753 15107 16461 19060 20840 21927 25442 35371 41055 45481 50181 
35 4638 5947 8335 10693 12260 15559 21478 27326 30491 35149 39365 44208 47428 50398 
41 4996 7242 9001 10628 12503 15964 18651 21255 23075 26914 37636 42580 45951 47957 49366 
18 1391 2346 4261 5451 6943 8740 12932 14259 20743 23491 26674 33051 39132 44324 
172 32550 35955 40688 42945 46869 50077 55006 58193 63875 65843 68079 69114 70335 70723 70812 
0 403 660 990 2530 3667 7380 9444 10463 14098 23299 25161 27173 30612 33197 
3 467 2165 6442 11683 14591 19149 20887 22211 29609 31806 
2 441 798 1317 2226 6067 9102 12879 16883 21404 24674 27671 29264 33910 
6 509 703 1951 4575 7770 13921 17707 20199 23367 26610 28747 31828 34753 36525 
173 32652 35777 40303 50701 56409 59286 60994 62864 64507 67565 68448 69867 70407 70873 
21 1602 3698 4799 6264 7869 11297 21420 26349 29724 31666 32958 
8 636 1066 2566 4047 5677 7602 9938 13939 17898 24314 28231 30467 31973 34003 38489 
5 482 623 2511 3742 5351 6831 12773 14332 16110 18934 20434 22938 26750 29057 31584 34840 36548 39348 
10 836 1279 4628 10437 13154 17393 20081 21796 25631 28074 30206 32239 38889 
6 509 704 3529 5217 6636 9674 14015 15722 17062 22755 24513 27041 
7 537 751 1734 7573 12457 14113 15892 17814 21154 23926 26386 28344 31807 34712 36467 
22 2084 3503 5494 8945 12692 14680 18611 26551 33594 35319 37346 39878 42862 45252 
265 51498 57707 64371 68668 70013 70387 70707 70843 70891 70902 70908 
212 40746 47646 50265 52003 54192 60586 62130 63848 65967 68275 69846 70214 70874 70909 
171 32466 35796 40595 42422 46389 49815 52942 54108 57755 59628 65227 66740 70497 
0 402 560 960 4239 5770 8716 11413 14227 15337 18757 25961 27045 30765 
23 2425 4879 6499 8014 9723 11460 16149 18140 20650 26950 29502 31227 32591 37472 39521 43941 46486 47708 
41 4995 7215 9419 10604 14063 18152 19455 26131 28887 32027 38696 44066 49522 
198 38029 41432 45974 47830 49235 55072 56885 62857 67879 69229 69917 70456 70885 70898 
18 1391 2344 3521 6140 8472 10042 13033 15251 16300 19882 28275 29929 
12 1022 2003 3656 8897 12536 15207 16979 19006 24809 27976 31275 32415 36241 
5 482 617 909 2493 5509 7452 9393 11230 17657 19714 21035 24471 28916 35042 37301 
82 14108 21599 24152 25897 27195 29410 30948 40807 48412 53302 56725 58674 59960 
271 52262 54085 57932 60390 62441 64334 67378 69370 70147 70419 70892 70904 70907 
175 32716 37532 41077 42205 45649 54331 59096 62310 64835 66275 69158 69798 70355 70709 70808 
0 402 559 777 1662 4136 9469 13225 14890 16576 22526 24905 26297 29752 34680 39520 
5 482 619 1227 1869 3015 4354 7965 9204 11645 16235 23731 27125 30421 32884 38982 
75 11779 13783 19580 22387 26962 29524 36817 40225 42232 45753 48603 51670 54613 60246 
10 836 1278 4615 5925 7075 12724 14273 17555 19643 21574 27789 29779 31558 33521 37302 40139 41768 
0 402 560 963 4538 7623 9764 11481 14933 16244 18513 20963 24075 25742 28424 
166 30335 33492 35688 37229 40811 44864 52111 54671 60154 62068 68373 
10 836 1276 3826 6349 11150 14371 17197 18790 28444 30567 32445 36353 37862 
6 509 701 1119 6210 12574 14175 16006 18391 21318 23685 
263 51458 55341 57343 60343 62084 63745 66152 68189 69247 70061 70478 70875 70893 70905 70910 70911 
150 27357 30517 35186 37059 40696 47806 50602 53698 60058 65117 68853 69903 70549 
10 839 1733 7502 10256 13271 16793 19897 24396 26210 27643 33444 
122 21952 24095 28613 29955 32647 37579 42402 50577 53692 60058 65119 68942 
129 23467 25785 26974 29535 32296 41688 48188 52664 56769 60730 62654 67315 69020 
19 1468 2549 4013 6045 7709 10868 13637 16071 17909 21525 32082 37142 40604 42513 43847 
201 38222 45847 48043 54057 57495 61942 64120 67349 69151 70550 70817 70879 
239 46306 48245 50414 53475 56327 57986 59747 61786 65824 66865 70219 70666 70873 
23 2425 4877 5788 8799 13428 16599 19829 22276 32054 34574 
4 477 2651 8120 10148 11210 17483 19689 20797 24723 26610 28745 31709 34595 36352 
14 1317 2219 2875 6354 12046 17608 22681 28754 31907 33780 38983 41196 42340 
5 482 617 910 4093 5966 7205 11969 16695 22431 24423 26258 29035 31849 33911 36308 
178 34073 37510 40513 42227 48582 52916 59196 61640 63346 64567 66445 67481 70212 70718 70849 70879 
6 513 1424 2424 3977 6321 8378 10292 16089 17927 22405 24880 26108 
9 716 1130 2308 4312 5570 7714 9492 12365 14094 20074 26046 28594 30361 32527 36027 39106 
267 51696 53575 55651 58833 61566 63064 65881 67633 68340 70756 70841 70869 
73 11716 14700 19199 22104 26793 30107 32970 39827 42890 49405 54965 60293 
184 35276 43138 45709 47496 48884 54886 57245 61375 63369 65390 67313 68262 69629 70497 
152 27416 29451 33993 35397 40093 43367 46683 54046 57019 59359 62204 64953 67951 69392 70549 
26 2988 5301 6854 11063 13377 15422 17797 23058 28006 32197 34861 41099 45023 48702 
215 40972 43385 46827 48308 51249 54489 59479 65270 66744 70217 70625 70781 70898 
200 38176 41360 45937 50745 54177 61448 64525 67938 69383 70527 70873 
138 24958 28125 30282 31642 35232 39609 49120 53744 57142 59994 62421 65207 67859 68516 70038 
45 6360 8358 10651 13453 15049 16836 24100 30183 33332 37760 40400 46465 50660 52254 
14 1317 2219 2885 9258 12069 15674 18341 22662 
14 1317 2221 5634 8232 11011 14380 15540 18924 28350 33198 36615 40069 
10 837 1690 8267 12320 14546 17945 20607 22808 25263 26680 29571 33028 
31 3860 6246 7853 12084 14490 15583 19479 22477 24854 26844 33445 35281 37205 39292 42717 47231 49783 
177 32773 34958 39622 40949 47783 51809 54793 58316 59371 62907 64196 66219 68067 69592 70131 70583 
12 1022 2002 2768 5132 8461 16052 20339 24376 28425 30447 36025 37513 42012 44632 
141 25855 28210 30942 35256 41567 46369 50511 52074 58882 60909 63703 66387 67600 68680 70038 
234 45983 47893 50724 53618 55685 57705 64238 68615 69947 70758 70838 70871 70909 
126 22073 24188 28730 32021 36097 43658 48425 51800 54644 57197 60294 63434 64464 68912 
147 27266 30491 35148 38297 42965 46297 49301 54778 58537 61205 66581 68104 69314 70442 
213 40753 46946 53802 59653 62915 65943 67683 68399 69604 70771 70885 70898 
102 16948 18958 23320 27447 32095 35542 38610 45113 48364 54753 60471 65355 
202 38238 41432 45975 47854 49370 55072 56889 65801 67161 68542 69995 70571 70829 70898 
193 36723 39270 41707 45901 53355 56860 60952 64776 68332 69836 70518 70721 70877 
64 9490 12272 14515 15821 19314 23355 24662 31443 34257 37565 43900 49789 55209 
176 32742 34917 41119 44098 47579 48725 52190 60973 62230 66147 68525 69909 70501 70873 
5 482 618 1192 1828 2985 5033 12299 15359 19624 21611 24173 30234 34305 36024 
9 719 1910 3046 5032 12239 15503 16519 20123 21445 26570 28543 33078 36847 37980 41683 
3 468 3153 11108 13433 15873 18983 20498 23008 24988 27975 
224 43453 46952 48370 50750 53283 56432 58097 60680 62554 67369 68601 69937 70890 70909 
206 38364 41360 45934 48329 52346 55391 60498 63327 67887 69645 70261 70841 70869 
221 42618 46513 47932 51550 55677 57051 63500 65992 69657 70316 70647 70847 70885 70898 
119 21440 25516 29826 36086 43182 49128 52385 55752 58922 60795 64984 67026 67922 
244 47455 49896 55838 57565 60053 63943 67525 68415 69633 70256 70849 70878 70899 70906 70910 70911 
36 4703 13958 15652 17223 21059 23828 26389 29432 31052 33661 35719 39470 
12 1023 2462 6702 9674 14016 15745 17173 23188 
279 54402 60118 64727 67122 70527 70873 
