8 147 214 297 367 492 566 
5 102 169 252 322 447 521 
6 117 184 267 337 462 536 
0 59 94 177 247 372 446 
2 73 124 207 277 402 476 
3 80 139 222 292 417 491 
32 507 574 660 766 814 828 
39 615 724 792 822 
33 522 592 717 778 819 829 
34 537 607 732 789 823 830 
44 687 753 811 830 
38 597 664 749 818 
1 66 112 237 304 387 461 
30 477 547 672 739 801 825 
7 132 202 327 401 
41 642 709 785 827 
35 552 619 705 799 826 831 
9 162 229 312 385 553 641 
4 87 157 282 356 
22 357 428 570 679 759 807 
27 432 502 627 694 771 813 
11 192 259 342 415 582 656 
