218 58063 59245 59599 59919 60015 60068 60090 60095 60102 
208 55626 57489 59604 60035 60069 60090 60095 60102 
235 59687 60017 60082 60095 60102 
179 48192 51213 52786 56248 59022 59789 60054 60095 60102 
196 52801 55936 57713 59342 60040 60081 60090 60095 60102 
196 52802 55963 57724 59343 60040 60081 60090 60095 60102 
196 52798 55467 56718 58939 59983 60068 60090 60095 60102 
206 54968 58226 58791 59746 60040 60081 60090 60095 60102 
215 57441 59536 59939 60082 60095 60102 
12 936 3835 5042 7117 11298 15744 24082 28040 32619 38255 
212 56722 58479 59179 60001 60082 60095 60102 
209 55828 57847 58788 59622 59800 60066 60090 60095 60102 
95 23321 28216 29316 32806 40528 49074 54554 57743 59075 59673 
62 13993 18740 19743 22999 30686 39601 45425 49787 52635 54624 
210 56270 59024 59408 60040 60081 60090 60095 60102 
160 42902 47738 48748 51902 59652 60040 60081 60090 60095 60102 
129 33921 37637 40292 44090 47214 54428 59593 59978 60053 
168 45221 47461 48965 50383 54587 57550 59005 60040 60081 60090 60095 60102 
199 53830 55596 57823 58784 60066 60090 60095 60102 
201 54335 56204 57186 58047 59654 60001 60082 60095 60102 
195 52342 55606 58371 58994 59325 60040 60081 60090 60095 60102 
222 58184 59585 59822 59998 60066 60090 60095 60102 
93 22562 25257 29205 34010 42226 45785 49866 54696 58402 59700 
171 45756 48824 50658 54392 57184 59270 59653 60040 60081 60090 60095 60102 
144 38020 43047 44124 48304 53542 59006 59683 59833 60048 60079 60091 60097 
175 46776 49438 53174 58886 59891 60067 60095 60102 
161 42976 48383 52622 55753 57916 60001 60082 60095 60102 
170 45748 46721 49988 51836 54794 56424 58067 58686 60066 60090 60095 60102 
162 43493 46511 48221 53870 56307 59584 59983 60068 60090 60095 60102 
200 53837 56938 58274 58812 59801 60022 60101 60102 
113 28746 32983 34474 35989 40697 43775 47862 53393 55059 57808 59402 59972 60053 
133 35033 37086 40620 42526 47291 51745 57654 58249 58893 59590 60061 60093 
162 43496 47140 49700 53277 58761 59983 60068 60090 60095 60102 
18 1783 3456 8244 15631 19533 24029 28687 32154 37707 41950 
120 31231 34651 36440 38067 43155 45408 46494 51385 52472 53646 58328 59326 59996 60076 
110 27522 30747 32769 36134 37270 42370 46139 52385 55336 58027 59463 59869 60058 
164 44589 50368 52110 54831 57141 58211 60001 60082 60095 60102 
94 22723 25862 27670 31168 32412 37483 41456 44240 48571 50105 54287 56492 58008 59482 59797 
162 43497 47354 48665 50159 54576 57482 58973 60040 60081 60090 60095 60102 
107 26506 31580 32776 36590 41544 44032 48285 54033 57428 59260 59740 59914 
17 1738 5332 6406 11422 14438 17756 19109 25423 26574 27677 31662 35577 38460 40837 
129 33922 37667 40319 44107 47222 55371 58317 59309 59999 60076 
129 33918 36944 38653 42852 47765 51062 54747 58339 59220 60032 60059 60076 
153 41074 44195 47677 48697 52865 58793 59852 60030 60088 60094 60097 
113 28741 32073 33902 37993 43105 46369 50324 55264 56341 57056 59593 59978 60053 
15 1369 3633 5639 8931 11452 15030 18157 26979 31749 34382 41156 
95 23323 28364 29729 35476 38532 42079 43450 49635 50743 51875 55167 57743 59073 59662 
111 28149 33374 34507 37631 45286 53640 57908 59593 59978 60053 
161 42970 46597 48869 50700 52253 56423 58051 58656 60066 60090 60095 60102 
128 33407 38797 42436 45002 48651 51813 58439 59765 60013 60093 
97 23955 27713 30428 34457 37575 46411 51790 54707 56926 58173 59496 59715 59927 
156 41286 45083 46895 51906 57035 58038 58877 59890 60044 60072 60094 60097 
113 28742 32429 34055 37360 42507 48730 51534 55821 58292 59701 60032 60059 60076 
112 28245 32186 36636 38822 43242 46870 50095 56867 59061 59774 60053 
155 41238 45034 47308 52185 56389 58422 59676 60076 
8 618 2768 3667 7483 10936 15866 
105 26321 29513 31540 35385 38141 39160 42498 51101 55177 57010 59213 59927 
127 33260 38368 41636 43001 44015 47204 57820 59747 60009 60093 
0 250 389 499 881 3759 6748 7926 9231 11582 14877 20236 24288 29295 31192 33125 
177 47614 52313 53315 56762 59348 60038 60101 60102 
1 280 1098 4782 8080 10819 16438 20774 23785 25006 27961 
0 250 389 499 880 3389 5543 6370 9696 12045 15626 20290 
113 28743 32539 35040 39032 43568 51599 54820 57772 59484 59879 60027 60076 
0 250 389 499 879 3342 7072 9830 13202 14538 20009 21274 
0 250 402 1874 2504 6400 11788 16133 18947 20141 23291 
13 976 3503 4625 6714 10291 14669 22680 26351 30575 35156 39741 
63 14105 16623 20805 25277 34034 37908 42283 48413 52552 54694 
0 250 389 499 878 3325 6657 9413 13428 16368 21228 
3 359 2124 6257 10108 14367 16622 
39 7682 10842 13173 15688 25311 30017 35737 39012 43536 47819 
9 624 3210 4737 9063 13509 20613 21775 22968 26743 30517 33639 36043 
1 280 1089 2350 5724 11170 13419 16338 18149 21415 22592 29618 30926 34935 
12 928 3024 4296 5332 6409 12654 15098 19227 22258 23981 29059 33600 37990 
115 29923 34236 39262 41019 42734 49833 52067 53353 54774 57425 59261 59701 60032 60059 60076 
18 1783 3457 8847 13148 15280 17100 18587 23571 30730 32039 37031 40969 
2 313 677 1395 4756 7307 8357 13093 14221 15377 21918 24438 28827 33094 
1 276 857 3978 5804 9787 13521 16643 19040 19972 23645 26146 
1 280 1084 1947 2602 4893 6073 7456 10594 15867 16919 20353 21749 23262 25792 29134 
121 31325 36482 37612 45460 49322 52302 55783 57932 59144 59402 59972 60053 
12 928 3027 4876 8836 15956 17067 18161 21901 26761 29333 33987 37990 
119 31184 32177 35773 37579 42598 46965 54102 55027 55914 58286 59593 59978 60053 
2 313 679 1530 4566 11358 12489 13553 17169 21976 24531 28950 33094 
120 31230 34606 36398 40492 44583 49483 50484 53904 55004 56112 57769 59513 59710 60053 
106 26408 30408 32494 37697 40639 41828 46653 47820 49122 55201 57060 59199 59927 
4 383 2906 5103 9456 10437 14650 19855 26407 
0 250 389 513 3364 7392 11054 14043 18096 21020 22189 24913 26232 
5 427 1814 2378 4776 11669 20004 25988 30517 33640 36100 
5 428 1841 3260 4131 6464 7576 12680 14690 18930 22866 26195 28594 29658 33548 36100 
3 355 631 2260 5710 9861 13052 20821 25219 30190 
1 281 1182 2524 3429 7794 11410 15911 17017 18449 20743 27799 32239 
3 362 2201 6149 10010 13268 14720 17206 22050 25422 
1 281 1183 2562 4129 5151 9580 15008 16703 18428 
6 470 736 3075 10246 14591 18821 
17 1737 5249 6177 8995 16292 24846 30832 35577 38462 40916 
3 355 631 2265 9262 13468 17731 19926 21809 23373 29136 31707 32982 
13 981 3863 5417 7982 9785 13349 16502 23293 28307 31927 36103 39741 
0 250 389 499 885 5571 8579 9877 12539 17310 20566 
6 470 736 3071 8561 13657 17659 25081 30223 
2 313 685 3959 8224 11235 
6 470 744 6889 11084 16270 19512 23996 28353 
1 274 806 1428 2798 5998 10004 17944 22383 26903 31315 
1 272 755 2711 6793 7844 11939 15575 19887 22186 
10 695 1616 2466 3550 6621 11236 12291 15695 17042 18482 20876 24286 
105 26320 29467 31493 35688 39391 43906 45442 49732 53820 56615 57252 59035 59446 59927 
1 280 1088 2333 4765 12876 17226 19675 24133 27961 
94 22723 25863 28355 30815 32059 39606 40922 46225 49353 51553 52944 55129 58364 59384 59797 
3 355 631 2260 5711 13317 17625 22060 26407 
174 46559 49221 54364 57537 58657 59223 59739 60096 60100 60102 
1 273 782 3666 7426 10930 15800 
4 380 719 1466 3588 4487 8878 12591 18767 22095 26235 29826 
1 281 1181 1716 5327 10465 12142 13877 
0 253 649 1783 3455 7102 11082 19279 23210 27532 33510 
3 355 631 2262 6688 11617 14913 23005 27217 
31 5218 7513 11523 15740 20932 24335 34572 38873 43308 45581 
148 39794 44280 46458 51458 53892 56958 59691 60042 60093 
2 313 678 1412 3912 6250 10267 12609 15427 21071 25665 28445 29834 33094 
120 31235 36700 39686 42647 43982 45524 48950 54006 54934 57498 58212 58859 59705 60053 
0 251 529 1041 3179 6197 10319 11864 17253 19761 24059 27961 
166 44619 46588 49951 51824 58821 60001 60082 60095 60102 
134 35626 37864 39356 40973 45459 48506 52608 57561 58699 59615 59908 60091 60097 
205 54889 57695 58822 60001 60082 60095 60102 
198 53812 55380 56312 57953 59781 60056 60083 60095 60102 
196 52799 55709 56818 58750 60001 60082 60095 60102 
185 50360 51352 54535 55994 59560 59728 59930 60041 60101 60102 
132 35008 38980 43961 45709 47408 53803 57210 58441 58974 59663 60061 60093 
16 1456 3243 4770 7617 8654 13403 17138 19839 24342 26011 31776 34534 41156 
165 44609 46445 47704 50275 54327 58092 59610 60087 60095 60102 
147 39787 43822 45921 50132 51651 53858 56956 59928 60070 60099 
127 33257 38169 39234 43601 48919 53963 58728 59488 60042 60093 
128 33406 38747 42144 43694 46176 51018 54073 58510 59459 60042 60093 
181 49247 54497 55926 59409 59666 59898 60037 60101 60102 
99 25090 27152 30712 32752 40197 41411 42819 45156 53481 56831 59096 59658 
96 23468 26147 30501 35103 43622 47506 51764 56849 59120 59658 
112 28249 34015 39406 43715 48006 52773 56040 58723 59827 60053 
186 50410 55225 56797 59070 60040 60081 60090 60095 60102 
164 44591 51166 55542 56431 57307 59747 60007 60086 60095 60102 
97 23954 27599 30089 34340 38773 46915 50436 55306 58101 59174 59927 
79 18707 21229 25649 29956 38778 42799 46987 51359 53437 55092 57270 57976 
122 31363 35429 37119 38289 39647 46196 48762 52882 56069 56986 57929 59701 60032 60059 60076 
151 40483 44771 46979 53386 55381 57419 58588 59630 59957 60091 60097 
7 596 2227 6054 7634 9156 12163 15574 
9 622 2497 4149 5218 7521 15896 20403 25847 29142 33945 38255 
12 937 3862 5363 6503 8401 9938 13955 21193 24295 25717 28726 35338 36419 40074 
6 470 736 3069 6686 14674 18429 22732 27162 31855 35963 
129 33925 37927 40377 44801 49351 56773 58886 59892 60078 
44 8817 11729 13591 16421 17529 22403 23610 24900 32717 36067 40109 41204 44681 45991 49544 
23 3153 4968 6332 7657 11842 16021 19068 22514 23904 30316 31986 33306 38979 41503 42646 
11 903 2875 4548 7271 8923 12123 13252 20048 21308 26789 28922 35108 36457 37990 
113 28745 32812 35448 39285 42520 49913 57706 59150 59862 60053 
3 355 637 5680 9530 12153 13139 16304 18128 24851 26173 29826 
128 33402 37094 39436 41436 42880 47785 53208 54764 56142 58634 59492 60042 60093 
12 928 3031 6937 7952 9281 11541 18242 22513 
2 313 683 2939 4130 6425 7569 
189 50611 54263 57619 58962 59273 59994 60101 60102 
78 18611 23440 24501 28868 39087 43619 48141 51336 56011 58547 
12 928 3032 6982 7978 9005 14163 17398 21356 25079 
1 280 1086 2035 2642 4197 5663 9324 16644 19486 20758 23917 29754 31095 34935 
123 31445 35510 37740 42397 49590 50674 52034 54277 58402 59695 59987 60076 
193 51695 54431 55904 57834 58473 59821 59960 60081 60090 60095 60102 
158 42050 44744 48612 53949 59209 59928 60070 60099 
108 27072 29857 35560 39972 48321 52169 55859 58593 59757 60058 
125 32286 35085 39047 43570 48144 52875 58694 59691 60042 60093 
21 2736 6363 8325 9482 12033 20457 25164 30633 34268 38622 43104 
180 49236 51118 53837 56939 58295 58823 59811 60029 60101 60102 
7 598 4009 7289 8959 13689 17994 25473 28279 29409 36268 
164 44588 48500 50800 53113 55148 56940 59289 59684 59915 60055 60095 60102 
3 361 2168 5526 8763 11930 14470 15395 18886 21326 25106 27053 
157 41894 44519 49781 57535 59614 60005 60084 60099 
167 45185 48445 50564 54212 55547 57377 58762 59578 60081 60090 60095 60102 
15 1367 2815 6012 10006 14519 19257 27481 31260 36750 41156 
1 280 1082 1484 7533 10137 11478 14497 17924 22923 26694 27881 
30 5102 9430 10392 13583 20882 25559 33438 37421 40553 41774 44426 45662 
73 16870 20659 22336 23577 24799 32514 35918 39927 42952 47083 50008 51147 53654 54742 
149 39812 43851 46091 47260 51184 53693 57560 60005 60084 60099 
32 5637 8673 10878 13599 16051 19725 22964 31967 36668 39206 43641 47460 
89 21606 25577 27630 31680 34731 39063 41524 44381 50057 54287 56490 57993 
45 9340 14060 15080 18192 25836 34739 40676 45119 47944 50219 
0 259 1546 2275 4369 5602 8010 12708 15196 17488 
182 49265 55255 57584 58940 59945 60081 60090 60095 60102 
171 45761 50974 52274 53235 58698 59983 60068 60090 60095 60102 
163 44570 49545 52220 57977 59474 59792 59946 60051 60101 60102 
112 28244 31071 37530 42025 44287 46073 47594 55701 59543 59720 59963 60053 
90 21656 25630 27834 32606 40153 41377 42465 46113 50889 53179 56782 58872 
137 36211 41571 43664 47927 51638 57761 59165 59886 60073 60091 60097 
131 34994 39878 41162 45969 49920 53347 56974 57923 59593 59978 60053 
12 928 3025 4504 8979 11769 12949 17676 18822 20092 26819 29366 34108 37990 
1 280 1087 2305 5777 8894 11142 19153 23549 
0 250 389 499 875 2703 6828 9513 12796 16683 20208 
47 9912 12967 14552 20429 23508 30455 33799 37224 38565 41483 46279 48998 53089 
105 26324 31810 35535 45104 49287 54413 56944 59180 59956 
149 39812 43852 46156 47323 51260 53792 57767 60005 60084 60099 
137 36207 39303 41334 45252 50071 53018 56468 59385 59733 59942 60088 60094 60097 
143 37499 40601 42513 45685 46806 51681 55110 57181 59526 59701 60032 60059 60076 
30 5104 9587 10730 15426 20954 29749 35860 40346 43262 45523 
129 33923 37789 39127 40772 44187 48625 50118 54190 56634 58603 59161 59844 60024 60076 
146 38672 42341 44737 54093 57536 59614 60005 60084 60099 
12 937 3867 6104 10084 13737 15048 16565 19881 25327 26460 30020 31554 33094 
6 471 1341 2716 5938 8032 9079 13016 15534 24762 29004 33729 36043 
80 19204 22892 25517 29244 32744 41754 46931 50183 52679 53611 56531 57952 
86 21433 22452 25969 27779 32935 37516 44912 46013 47170 50822 54287 56488 57952 
116 29945 34565 36842 38108 40846 49577 53951 57814 59264 59989 60078 
97 23953 27389 28896 32240 33511 34820 42242 45478 49455 52375 55835 57858 58464 59426 59673 
126 32587 35754 38217 41056 42191 47067 50862 53525 57606 58173 59496 59715 59925 60064 60093 
1 279 1058 1685 3088 9954 14180 16780 17722 20965 22936 30361 31617 34935 
113 28750 33193 35608 40138 44766 52904 56165 58703 59836 60076 
152 41047 42017 45308 47118 54147 55411 56256 59020 59680 60073 60091 60097 
1 280 1085 2017 4522 7410 11113 15589 20473 21523 25168 26546 27961 
1 280 1083 1907 3474 6629 11022 12243 16541 
6 474 2142 4709 7027 10344 13549 22140 27566 30765 31988 34836 36100 
126 32587 35753 37564 41029 42126 47051 50835 53514 56962 57918 59593 59978 60053 
6 470 739 4813 8529 10954 14899 19705 21376 23209 
124 32121 34963 40026 44656 49900 56772 59168 59838 60061 60093 
45 9341 14137 15127 19259 24369 28850 37379 41105 47226 51457 
32 5636 8401 9939 14796 19613 21164 24581 29219 30906 36608 39178 43578 47460 
95 23325 28707 32571 36516 39350 44882 45888 49376 50717 52139 54359 57447 58123 59662 
0 250 389 511 2832 3809 4937 7207 10237 
92 22308 25031 30588 39910 43933 48268 52757 55585 58402 59700 
1 280 1082 1473 5200 8719 11832 19117 22661 27747 31640 32918 
0 256 1256 2078 5075 9560 12836 16745 20534 
0 255 1142 1814 2382 8099 10409 14622 17548 19186 24210 28406 33094 
2 313 684 2981 3865 5527 8787 11680 12898 15432 16680 
5 428 1840 2395 5742 10660 16105 24676 28974 33684 36043 
1 277 1017 1588 3119 5918 10954 14897 17118 18305 
5 430 1991 4016 5249 6181 12628 14979 19295 22821 25244 32852 37193 
5 437 3398 6607 10684 12948 
39 7680 10515 12422 16251 23422 27439 30869 35060 39531 43196 44476 49164 
6 470 738 4577 8504 10600 12521 13971 18787 24399 26283 27991 
0 250 389 499 876 3102 5621 10779 11979 20217 24708 27053 
3 358 2095 4197 5664 10162 14411 17284 20411 25389 
17 1736 5174 6026 9986 15157 20166 28789 34129 38324 40916 
1 280 1085 2018 4653 7323 8306 10691 11880 13384 19372 23691 26060 29909 35225 
6 470 736 3070 7714 14951 19253 23935 27266 31891 36268 
128 33401 36045 41690 49421 53159 56771 59168 59838 60061 60093 
88 21565 26625 28063 30560 40413 44762 49895 53122 56691 59018 
31 5218 7513 11524 16794 24384 28852 33867 37067 42566 46652 
129 33919 37290 38854 41951 43164 44338 51704 54452 56365 57090 59204 60020 60093 
107 26506 31582 33619 37397 40800 43858 45168 48182 55764 58785 59623 59914 
1 280 1082 1474 5306 8266 12106 17321 19352 21828 26847 29611 32038 
12 937 3864 5452 6534 9110 10361 11903 15190 19587 21144 25545 28621 32322 34944 37990 
161 42969 45585 51913 55515 58078 59369 60039 60066 60090 60095 60102 
8 617 2232 3155 6287 7908 11632 15327 19561 21125 25597 28654 32368 34884 37990 
142 37194 39954 43947 48272 55776 58579 59781 60058 
15 1367 2815 6017 13923 18063 22459 24715 26653 28129 36740 40108 
27 4243 6559 11588 15746 17853 20109 22612 24167 30275 33832 36543 41627 44881 
28 4414 6731 10305 14671 19140 24033 32476 36188 40430 45838 
111 28148 33329 34404 38729 44159 49824 57115 59229 59963 60053 
64 14568 18205 20712 24561 27775 36822 41599 44061 48357 51847 54888 
0 250 389 499 875 2702 5971 7373 11494 14318 15511 22008 24978 27931 30569 34234 
0 250 389 499 877 3307 5862 9674 15203 17000 20903 24814 28501 31144 
57 12375 16542 18007 20301 30224 35105 40539 43885 48235 52438 
140 36915 39667 45201 52990 56573 57936 59473 60050 60097 
97 23956 27882 29261 30950 35901 38904 43353 46291 48344 53572 54627 57215 58265 59426 59673 
17 1739 5497 8125 10035 14300 17967 25098 29034 30485 33851 39562 40886 
135 35651 38948 40457 42755 44247 45732 52706 55653 56675 58307 59779 60045 60079 60091 60097 
1 280 1082 1480 7164 9893 13332 18235 20984 22210 27226 31011 
203 54813 56897 57794 58914 59375 59857 59985 60066 60090 60095 60102 
11 902 2669 4414 6734 12763 16837 20212 25310 
46 9482 12025 16163 20400 28878 33177 39480 43745 48039 50318 
6 478 2745 4442 5761 8743 13652 17186 18352 
70 16184 18513 19894 21391 26044 29990 33356 37344 44579 48081 49043 52505 53716 57417 
136 36153 37087 40658 43154 45325 46477 51289 52439 53566 58751 59636 59798 59941 60079 60091 60097 
141 36991 39775 48597 52871 56668 58579 59781 60058 
86 21433 22451 25932 27753 32924 39999 43038 50916 53242 56747 58872 
169 45703 49290 50526 55068 56175 57738 60019 60089 60101 60102 
112 28250 34071 38441 42309 45359 46432 51611 56002 57895 58476 59847 60053 
1 280 1082 1472 3941 7135 9756 14549 18560 23550 26939 31147 34935 
111 28153 33886 37020 38256 39514 46252 48799 54232 57086 59593 59978 60053 
6 470 737 4058 7728 9923 15801 18053 21001 22954 26257 27373 34836 36100 
130 34985 40657 42547 49014 53282 54649 57912 59235 59969 60076 
24 3607 6857 9482 12031 19548 25165 30697 34291 38696 43153 
0 258 1503 3455 7103 12190 17364 21522 
0 252 568 1377 5833 9621 11996 15617 19433 
110 27522 30748 33454 35793 36901 44957 46047 47534 52963 55794 57473 59606 60058 
7 596 2226 3893 4844 8374 10827 16219 24179 28553 31510 33030 36268 
91 22230 24965 35321 39974 45294 48550 52825 56420 
4 381 1657 3606 6574 8636 14765 18996 21276 26277 29989 
43 8626 11153 14968 21476 29191 34006 38604 41996 46334 50483 
0 254 1119 3043 6132 8990 17439 22766 25881 27000 29688 31039 
26 3712 7060 11313 12439 13792 19321 23768 27498 30975 34243 36269 39834 41356 44848 
102 25764 27992 29568 31208 36063 38509 40732 45053 48958 53137 54565 57743 59071 59454 59927 
1 280 1085 2019 4683 7532 9803 10750 14268 18854 21955 26407 
18 1785 4340 6634 10238 12560 13705 17604 24099 28428 32685 35811 36875 39562 40886 
44 8817 11730 14213 16764 17833 22852 28106 35544 38585 44386 45602 47023 50483 
3 355 633 3125 6698 12726 16081 18306 22798 26674 31837 35320 
0 250 389 499 875 2701 5945 7762 10977 12464 13828 20850 23135 26089 
51 11557 13878 15248 16714 20227 23836 26029 30132 34559 39102 40753 45119 47942 49202 53763 
172 45839 49684 51946 55889 58554 59580 59841 59962 60081 60090 60095 60102 
1 275 828 2737 6919 13459 16404 18200 21850 23085 
4 380 720 1866 3227 4180 8450 10070 15336 18680 19645 24037 29442 36268 
18 1783 3458 9032 13064 15594 19436 25951 27056 34744 35964 37455 41156 
74 16959 21723 23229 25702 34356 38775 43477 46699 51028 54888 
7 597 3578 5012 8376 12214 16180 22160 25114 29137 34436 36123 37863 
12 928 3026 4608 8053 10647 14925 16459 20681 23861 27294 29884 33094 
1 278 1043 4090 7598 11279 17803 20338 25733 30070 35287 
11 901 2423 3791 7254 14086 17899 21109 25808 31411 35108 36457 37990 
56 12324 16003 18037 21871 24669 29166 30885 35480 39803 43412 44350 47884 50274 
36 7181 9186 10560 12077 16479 19442 24587 26293 29917 35228 38197 41712 45665 49164 
23 3153 4968 6332 7655 11810 15649 18661 22707 30852 34164 39747 42723 
51 11557 13878 15248 16716 21092 25136 28198 32522 40396 43461 49079 50246 
14 1229 2627 7213 11087 13284 17499 23039 27646 31728 36739 39398 41827 
72 16808 19791 21707 26715 29604 34314 35881 40262 43379 46729 48157 50782 56068 
18 1784 4272 8184 10901 12970 15490 23086 24468 26090 29559 33772 34784 38395 40837 
113 28744 32653 35177 40428 44664 50943 52916 56483 59593 59978 60053 
139 36368 43519 47569 54315 56656 58687 59910 60091 60097 
23 3153 4968 6332 7653 10946 14840 16118 20310 24671 30243 33463 36784 40999 44568 
8 616 1201 1786 5275 7645 8496 11749 13631 20583 26089 
12 933 3527 6203 7891 9389 14211 16321 17518 27463 32846 36566 37788 
2 313 676 1300 1874 2508 8153 10487 14741 18371 23739 26867 31068 
109 27340 30112 35657 39989 47430 49860 53976 55442 57365 59606 60058 
159 42268 45342 47134 50343 52399 54516 55432 58957 60071 60091 60097 
78 18610 23394 24421 27707 35717 40276 48109 51492 53770 56139 
118 30607 33126 34696 36164 40715 44627 47669 54287 56487 57349 58832 59300 59862 60053 
87 21441 24620 26608 30651 35000 39002 45626 48474 49758 52740 57310 57998 59535 
146 38670 41850 44493 46824 49169 51997 55004 56124 59476 60003 60091 60097 
97 23952 27101 28770 33228 38091 42417 49255 53091 54934 57498 58212 58872 
138 36303 40242 42209 47207 49972 51971 58148 59658 
