106 9338 10540 11040 11735 12723 14109 15931 16353 17193 17569 17665 
118 10271 12312 12892 13519 14220 15678 16545 17060 17288 17498 17629 
88 7493 8232 9898 11058 13322 14026 15455 16432 17302 17588 17647 
151 13505 14697 15183 15612 16807 17138 17391 17578 17685 17687 17688 17689 
129 11432 11875 13065 13759 14162 15254 15746 17201 17423 17574 17649 17685 17687 17688 17689 
146 13013 13773 15353 16327 16743 17106 17403 17685 17687 17688 17689 
144 12794 13243 14456 15143 15547 16914 17178 17413 17627 17687 17688 17689 
154 13714 14514 15997 16604 17133 17489 17596 17654 17674 17687 17688 17689 
134 11791 12458 12972 13582 14175 14942 16985 17460 17610 17658 17680 17688 17689 
160 14340 14959 15529 16526 17059 17563 17664 17687 17688 17689 
114 9961 10613 11401 12168 14750 16052 16581 17359 17670 17681 
0 214 227 291 1355 1971 3302 4342 5777 6554 7072 
110 9561 10361 11924 12677 14563 15213 15695 16218 16658 17131 17594 17668 17682 17686 
101 8819 9431 10636 12052 13131 14230 16268 17031 17343 17507 17628 17665 
127 11346 11945 13608 14192 15013 15657 16181 16683 17436 17632 17670 17681 
152 13569 13899 15120 15817 16374 16884 17128 17504 17641 17667 17688 17689 
1 250 341 651 1096 2037 2827 3182 4265 4941 6275 7261 
55 4326 4991 5444 6045 6650 7337 9250 11474 12956 14003 14813 15322 15893 16467 
119 10352 13071 14419 15165 16254 16712 17105 17569 17665 
17 1067 1572 2133 3231 3973 5261 6321 8418 9260 10713 12223 12863 
143 12705 13348 14359 15040 15814 17485 17660 17680 17688 17689 
45 3549 4107 4638 5754 6547 7899 8985 11248 12045 13441 14982 15594 
131 11632 12384 13945 15069 15636 16167 17002 17616 17659 17680 17688 17689 
94 8101 8763 9382 10076 12010 13039 13740 14374 16133 16686 16960 17569 17665 
115 10083 10482 11682 12370 12771 14577 15084 16303 17488 17645 
108 9418 10438 12341 13655 14896 15905 16342 16890 17511 17640 
59 4808 5390 5947 7109 7892 9285 10402 12571 13413 14864 16240 16711 
0 214 237 864 1993 3057 4089 5429 6461 7131 7765 
2 264 926 2068 3715 4160 4769 5343 5997 7424 8441 9267 9789 
0 214 235 697 1928 2863 3420 4031 5114 5603 6044 
94 8101 8763 9384 10279 10980 11624 13462 14236 14635 15785 16378 16674 17280 17470 17640 
94 8101 8766 9873 11322 12442 13565 16074 16852 17224 17458 17640 
0 214 230 497 1447 2473 4464 5237 6605 8070 8710 
9 505 1350 1776 2201 3325 3872 4825 5482 7293 7722 8912 9606 10012 11874 
0 214 236 849 1308 1831 2495 2961 4174 5359 6398 
0 214 227 292 1401 1978 2549 3115 3783 4243 5460 6638 7693 
0 214 229 484 1044 1527 2184 4144 5197 5807 6441 
104 8946 11373 12696 13872 14406 15156 16516 17093 17405 17629 
138 12254 12920 14033 14648 15241 15855 16284 16762 17117 17404 17685 17687 17688 17689 
137 12171 12512 13734 14494 15828 16646 17371 17629 
2 263 623 2429 3643 4861 5582 6726 7333 
7 414 872 1559 1899 2997 3674 4077 5028 6689 7028 8211 8953 10123 
16 981 1337 2377 3003 3395 4381 4853 6814 7378 7967 8629 10172 11226 12028 12556 
2 266 1638 2779 3756 4229 4950 6442 7182 
73 6108 6702 7262 8013 9471 10793 13306 14382 15103 15722 16394 17157 17402 
1 250 348 1424 2743 3701 4673 6093 7087 7875 8403 
120 10410 11068 11580 12184 12760 14725 15421 16584 17270 17632 17670 17681 
3 269 459 1083 1651 2425 4905 6186 6910 8056 8681 
1 250 347 1201 2328 2981 3576 4284 5740 6600 
15 910 1379 2305 2919 3671 6230 7952 9134 9651 10356 11714 
94 8101 8763 9386 10573 11286 12641 13849 15763 16357 16833 17365 17579 17665 
112 9705 10367 10865 11540 12142 13957 14788 16113 16900 17522 17670 17681 
8 428 2383 3601 4292 5415 5961 6624 7766 8260 8738 
20 1189 3352 4808 5390 5945 6685 9153 10229 10957 11610 12694 
10 557 1283 2075 2671 3565 4187 4933 7575 
67 5517 6281 7771 8529 10943 11741 13292 14074 14946 15283 16742 
155 13728 15028 16197 16930 17218 17603 17650 17673 17687 17688 17689 
4 306 1254 1694 2715 3408 3810 4899 5561 5932 7027 
14 900 1790 2289 2840 3378 4091 6509 7833 8481 9900 11597 12311 
12 632 1470 2189 2578 3637 4271 4654 5679 7224 8308 9352 10545 11038 11516 
99 8552 9194 10022 10794 13397 14432 15126 15731 16388 17296 17562 
4 301 445 1156 1735 2118 3127 3593 5501 6069 6666 7343 8803 9850 10661 11211 
0 214 227 286 808 1816 2823 5133 6149 6849 7470 8239 9455 10066 
1 253 762 1214 1844 2351 3016 4450 5312 
12 634 1679 2251 2806 3455 4793 5991 8084 9219 9880 10495 11096 11790 
0 214 227 285 551 2654 3614 4249 4836 5574 7073 7951 
22 1498 2605 3043 3462 4593 5174 6126 6799 8994 9746 10974 11720 12154 13214 
0 214 227 285 549 1609 2610 3252 3824 4587 6343 6831 8944 
6 400 669 2015 3104 5149 5800 7183 8290 9805 10834 11472 
1 250 340 519 969 2274 3210 3957 4430 6005 6399 7543 8217 8616 9745 
10 555 1228 1830 2440 2892 3511 4062 4874 5543 6143 8159 8739 9369 10550 11270 11918 
5 384 567 953 1555 3533 4486 5244 5711 6329 6986 
9 506 1542 2522 2967 3694 5119 5858 7654 8359 9581 10336 10746 11846 
0 215 316 646 2091 3346 5045 5531 6772 8001 9061 
0 214 228 432 977 2876 3894 4508 5085 5657 6314 
0 214 233 591 996 1707 2911 4956 5931 
3 269 465 1596 2147 2765 3852 4312 4719 5886 6525 7458 8158 
12 631 1193 2591 3274 4094 4407 5537 6261 7596 8570 9952 11136 
73 6108 6703 7609 8637 10848 11962 12617 13257 13858 14522 15477 16009 16825 17200 
6 400 667 1915 2947 3489 4045 4669 6740 7809 8464 9133 
19 1119 1754 2794 3917 4524 5824 6949 8886 9587 10218 11018 12209 12834 
24 1624 2228 2791 3450 5221 6199 6872 7485 9314 10732 11919 12413 12891 
10 554 791 1713 2414 3688 4610 5881 7694 8188 9502 10746 11846 
0 214 227 287 827 1431 1870 2481 3082 4679 5072 6223 6889 7280 8358 
0 217 362 540 1949 2699 3153 3742 4357 5313 6456 6930 7377 
90 7577 9980 11366 13159 13638 14277 14907 15596 16794 17329 17550 17631 
4 303 736 1106 1748 3196 4007 4977 5625 7207 7786 8837 9543 
1 250 340 520 1132 1719 2317 3024 4131 4702 6270 8116 9398 10481 
74 6173 6903 8488 9691 10791 12940 13980 14795 15293 15882 16468 16839 17370 
11 604 1021 1515 2632 3267 4531 5648 7519 8194 8850 9950 
100 8641 9090 10303 10997 11419 12494 14114 14766 15712 16305 16883 17645 
132 11645 12391 13542 15384 16108 17077 17496 17661 17678 17686 
98 8542 9664 10187 10821 12634 14051 15197 16204 17171 17513 17636 17666 
139 12327 13118 14679 15428 16211 16955 17609 17680 17688 17689 
89 7506 8237 9366 10069 12237 13374 14550 15603 16781 17315 17539 17630 
4 302 710 1067 1574 2692 3980 4972 7342 8787 9827 10643 11181 
2 265 1162 2369 4215 4746 5331 6484 7148 9141 10708 
83 6987 7625 8275 9019 10937 12269 13551 14606 15090 15833 16978 17370 
80 6757 7401 7984 8636 10596 11658 12347 13005 14837 16158 16976 17257 17409 
133 11717 14462 15753 16606 17222 17645 
87 7441 8031 8598 9411 11563 12594 13420 13914 14883 15992 16413 16892 17388 
25 1693 2434 3857 4555 5377 5697 6866 7586 8972 10315 12430 13242 
95 8174 8965 10526 11305 13491 14692 15183 15611 16628 17013 17454 17602 
135 11805 12459 13145 13827 15556 15957 16872 17239 17389 17629 
122 10797 11137 12364 13108 14509 15792 17104 17569 17665 
7 413 674 1512 2176 3943 5373 7858 9170 10206 10921 
93 8021 9062 9575 10885 13124 14133 15496 16489 17223 17487 17569 17665 
147 13026 13780 14923 15606 17050 17477 17646 17687 17688 17689 
102 8860 9620 11212 12079 13099 15503 16622 17260 17441 17582 17670 17681 
74 6173 6902 8406 9544 10156 11748 12788 14325 15363 16091 16494 16907 17268 
82 6835 7604 9792 10922 11517 12120 12784 14996 16030 16564 16961 17276 17502 
117 10253 11010 12559 13697 14309 15839 16681 17529 17668 17682 17686 
109 9485 10124 10761 11987 12990 13668 14505 16875 17472 17624 17675 17684 
136 12105 13287 13802 14266 16845 17242 17570 17648 17685 17687 17688 17689 
103 8873 9627 10774 11485 13623 14702 15405 15965 16423 16947 17373 17533 17670 17681 
