133 40078 42079 43181 44687 46373 48199 49042 49373 49587 49636 49637 
146 44054 45845 47269 48269 49282 49571 49614 49628 49641 
134 40466 43837 46453 49422 49594 49638 49640 49641 
132 39722 44250 45253 47939 49516 49607 49636 49637 
110 32487 34770 36452 37889 40582 41792 46006 46838 48489 48989 49616 49637 
97 28318 29631 32276 34475 37356 40309 41360 45048 48174 49356 49607 49636 49637 
120 35495 39683 40675 44362 46066 46860 48528 48997 49616 49637 
2 233 970 1503 6501 10120 15040 17946 19786 23762 27140 29115 30753 
97 28318 29630 32153 42021 44722 48659 49077 49430 49557 49616 49637 
140 42284 46948 47558 48479 49488 49631 49641 
131 39071 42597 46900 47895 48947 49197 49458 49620 49640 49641 
142 42647 43980 46546 47483 48126 49131 49340 49630 49639 49640 49641 
90 25920 27789 30475 31863 33017 36012 37125 42813 45861 47974 49403 49588 49634 
109 31956 37677 40781 47167 48565 49371 49608 49629 49637 
84 23560 29207 32326 39836 42411 45269 47804 48691 49421 
108 31585 33692 34834 36615 38684 41559 43735 45280 47364 48031 49607 49636 49637 
113 33557 35042 38897 43889 45758 47623 48281 49607 49636 49637 
124 37714 40375 41857 44868 47987 48577 49253 49503 49616 49637 
71 19111 21131 22211 23870 26074 29000 31289 33077 40092 42924 44702 47677 48704 49214 49487 
141 42631 45972 47078 49005 49252 49596 49631 49641 
84 23556 27245 30333 37850 40486 43786 47285 48282 48746 49487 
97 28318 29633 32308 34541 37253 39390 40619 48374 49258 49456 49625 49636 49637 
97 28318 29628 31442 32623 34815 36762 39966 41127 45548 47150 49051 49503 49616 49637 
95 27441 29526 30664 32292 34494 37463 39790 41540 47327 48774 49503 49616 49637 
104 30137 31972 33665 36539 37594 39769 43820 45632 47198 48035 49396 49559 49637 
138 41888 44334 45693 47853 48908 49120 49517 49572 49631 49641 
121 35950 38015 39043 40741 42777 45436 47138 48111 49112 49602 49621 
109 31951 35668 38785 45683 47581 49040 49608 49629 49637 
127 38142 42228 43596 46781 48883 49333 49463 49613 49637 
72 19449 25349 28565 33544 36358 43612 46338 47544 48379 48985 49369 49487 
69 18209 21686 25243 28518 29715 31924 35708 41079 43479 46639 47409 48769 49104 49550 
3 270 2161 4513 10889 13378 16408 19874 21837 25147 
0 187 457 828 2314 3324 6869 7782 14291 16256 19838 
102 29802 33961 35439 39313 42733 45472 48884 49454 49551 49624 49637 
126 37797 40973 43360 44202 46494 47310 48917 49296 49621 
0 195 1218 1842 3359 7720 9771 11539 13438 14865 16239 
32 6324 9600 13025 16057 17243 19388 23006 28454 30968 34898 36140 38871 40175 43359 
96 27837 33382 36634 43799 46117 48106 49272 49506 49621 
104 30137 31972 33661 35372 37326 40221 41317 44982 46979 48348 49516 49607 49636 49637 
36 8031 9364 11014 12122 14326 15138 17883 19068 21899 29546 32753 37566 40357 43632 
2 231 863 2720 4244 6998 8964 10966 12350 16589 
4 331 1314 2239 6657 7522 9196 12778 15705 22950 25683 31160 
2 230 734 1727 2565 6814 10734 11654 18229 20308 23940 
0 186 440 1799 3038 3955 7018 9916 16631 19348 22754 
2 237 1407 2301 5796 8640 9690 13626 18333 
112 33505 35923 40661 43679 44380 45816 47001 48157 49152 49602 49621 
85 24063 25575 27984 34713 39948 44582 46788 47336 48204 48847 49395 49531 49634 
2 234 1000 1518 3564 5175 6072 8741 10407 11159 12623 14171 19084 25214 29092 
86 25044 28342 30842 31739 36044 37135 41101 43546 45752 48730 49264 49602 49621 
82 22794 27616 28745 32669 35310 37863 39222 44733 47697 48310 49409 49606 
0 183 288 1471 2386 4210 5969 8491 9512 10949 13309 
2 230 729 1244 4517 5428 8159 10523 14102 19301 22020 23353 26662 
94 27078 31236 32247 36369 38743 42098 45061 49046 49470 49634 
24 4364 5530 7100 8197 10435 11245 13887 15005 17791 24958 28137 33311 36188 39590 
2 232 942 2773 3686 8443 9752 13013 17596 20817 
3 264 812 2689 8908 11503 14721 19034 20908 21958 25849 
2 230 729 1248 6415 8351 11855 
89 25540 29762 31117 35035 41263 43633 44455 46377 48415 49489 49619 
96 27833 31386 34565 41844 44438 47133 49341 49605 
111 33451 36810 39008 40865 43849 45201 46305 48351 49588 49634 
8 595 5109 7882 12681 15278 18666 
114 33780 38090 39526 43238 46752 47976 48548 49329 49621 
11 1102 4807 7997 9844 11567 12791 16506 22304 24324 25647 28570 29945 34236 
2 230 736 1934 3291 4557 5729 11688 12719 14755 18874 20882 23013 25539 
30 5906 7537 9116 10633 12528 15229 16301 19400 24217 26859 29402 30817 32820 35012 37156 40807 
88 25086 26556 33633 36677 41900 43278 46538 49066 49425 49621 
1 211 707 2504 3536 5036 10848 12663 14268 
24 4365 6206 7621 9040 11567 12794 17294 20405 22846 23631 29485 34237 37429 38641 
105 30181 31503 34740 36170 37281 40191 41302 44004 45665 48563 49336 49557 49616 49637 
118 34394 35845 37636 40774 44565 46392 47604 48583 49306 49617 49626 
1 216 1859 4364 5533 7825 9817 12443 13563 
9 763 3295 4911 5946 10768 14649 15643 22326 24454 28227 
0 187 457 826 1548 2553 8864 11804 16887 19481 23940 
6 404 2175 3184 8321 9422 12232 13510 19637 20774 22883 27226 29260 31402 33899 
1 210 515 2662 5381 8220 14788 17356 21152 25901 29190 
2 236 1120 1884 4897 7499 10907 16020 18500 22252 23399 26244 27599 30753 
0 189 529 2016 3883 5206 8059 12471 14389 15545 25258 28250 
2 235 1030 1533 3912 7934 11712 12963 
2 235 1035 2942 3729 6155 7370 12263 13637 16929 21701 24941 
2 230 729 1243 3990 6049 9182 12165 18846 21482 26955 
0 183 291 1641 3787 4634 7157 8877 9919 12641 14179 15061 16482 18164 19813 
59 15373 18859 21931 27205 34064 37311 40895 42785 45727 48338 49179 
145 43650 47034 47726 49321 49568 49596 49631 49641 
2 235 1030 1535 4537 5519 8371 10718 11524 14424 19464 21382 26955 
8 590 3364 6309 8224 9261 12083 14446 18190 23191 26233 31314 33290 35011 
5 341 1390 4752 8094 9215 13564 16532 17698 
0 186 438 1274 2681 4943 6940 8606 15170 17920 19221 22403 
73 19938 21342 23853 26053 28864 31768 32907 36216 41219 43221 45170 47757 49097 49431 49615 
3 264 813 3865 6792 9713 11044 12771 18819 20725 22403 
87 25073 27435 32232 35531 37181 41641 43163 46222 48371 49480 49617 49626 
0 183 284 571 2028 3439 4656 9164 10263 11780 13793 16515 18800 20535 25147 
103 30117 33584 38357 41513 44786 46440 49096 49616 49637 
6 404 2175 3181 6437 12322 14632 15431 18467 20038 21460 24341 26761 29115 30753 
0 194 1063 3011 3651 4878 6344 7190 11635 15319 
0 184 308 634 911 2739 4167 10311 12301 15762 
0 186 438 1277 3398 5015 10053 11605 13463 15961 17277 21650 24718 25961 
1 210 520 4701 7887 11126 14612 15344 17009 18598 20459 21649 
10 850 2143 2915 4230 6959 8763 10346 11482 14831 17851 25033 30098 33365 
81 22192 27166 30581 32730 33947 36833 39236 43079 47015 48811 49282 49571 49615 
5 341 1384 2896 4337 7078 10497 11668 21086 23963 
3 272 3223 5885 7129 8825 11797 14812 16861 18908 21289 
3 265 1291 4368 6476 7567 10933 13831 20993 23607 28227 
13 1923 4962 6819 11325 12376 16043 18572 21012 26028 28165 32197 33504 
2 230 731 1498 4478 9795 11856 15588 16847 
1 217 1906 4250 8704 11355 14543 
3 264 818 5867 8802 12927 14321 19698 23487 
12 1364 2211 3507 4490 6535 7302 9949 11104 13728 17064 24298 29135 31881 35414 
4 329 846 5319 8716 10236 16726 19780 24885 27717 31160 
136 40950 42337 43948 45018 46614 47826 49061 49350 49498 49622 49640 49641 
119 34865 38490 42035 45064 46023 47928 48937 49540 49637 
8 588 2489 5305 8244 9350 11435 14806 20105 22556 26416 27503 30335 31652 35011 
129 38599 39998 42049 43554 45355 47446 48060 49184 49607 49636 49637 
65 17615 19007 21101 22688 24669 27648 28769 31937 36943 39518 41961 43282 45142 46768 48046 49257 
66 17636 19414 22126 23427 24590 27564 28714 34500 38034 41161 45539 47470 48981 
91 25962 27359 29191 32329 35682 37738 39894 41292 45515 46663 48619 49512 49634 
92 25982 29455 34291 37663 44421 47192 49162 49558 
60 15865 18051 19582 21035 23701 24983 33155 36250 39882 40994 43304 46592 48318 
37 8923 12977 15475 16740 20645 24195 26802 34682 35929 38788 41914 43871 45995 
13 1922 4279 5556 9314 10675 14311 19983 22343 26350 27455 30431 33517 35716 38258 
57 14684 18741 19711 23488 25382 26663 29611 35274 36304 38259 41779 46276 48268 
115 34309 35815 37587 43760 45498 46729 47530 49049 49588 49634 
102 29806 35417 39179 40129 45584 47755 49237 49510 49616 49637 
125 37725 39208 42991 47248 48353 49216 49439 49626 
2 233 970 1500 5471 9638 12576 13678 
2 234 1001 2267 3251 8465 9615 12814 15020 19728 22865 24535 
73 19938 21341 23738 30448 35766 40637 41719 43754 47181 48325 49056 49337 49560 49615 
13 1919 3006 6180 10986 13416 15655 17754 20226 24817 26515 29093 30770 31620 33204 34887 37546 
0 186 438 1276 3379 4822 7411 8423 12110 17803 19839 23818 25147 
0 186 438 1283 6025 7653 9538 12017 13224 17544 20591 21742 
5 343 2066 4052 5087 8696 14518 16915 18334 20275 21429 24367 25804 30082 
135 40930 42312 43918 44997 46813 47388 48748 49093 49511 49623 49640 49641 
85 24063 25573 27330 28496 30773 33268 35048 35963 37488 43043 44534 46152 47870 48476 49480 49617 49626 
2 240 2339 4589 6596 7716 16995 20724 
97 28319 30504 32120 33597 36415 37690 41602 47529 49054 49287 49546 49632 49637 
79 21765 23577 25302 26962 28948 31830 32969 36981 39522 41966 46411 47786 49240 49421 
99 29338 34107 36853 38127 42362 45111 46191 49239 49616 49637 
2 230 731 1498 4473 6691 9027 10298 15763 19662 20992 
3 264 812 2687 6986 9460 16686 20855 23186 29467 32357 
9 766 3757 4614 8180 10593 12964 14269 16137 17317 24162 25697 28618 30002 33290 35011 
11 1100 3427 7602 10874 14070 16097 21413 22495 25613 26984 32056 34236 
2 230 740 2826 3630 6101 7876 10915 13724 19619 21867 24536 25849 
116 34354 37877 42609 45561 47837 48466 49071 49314 49616 49637 
89 25543 31005 32003 33904 39848 42855 48248 49162 49558 
93 26478 31274 34800 36995 38054 44356 47174 47862 48860 49527 49621 
123 36792 39151 40073 44662 47114 47568 48777 49160 49357 49577 49636 49637 
70 18671 23368 24491 28479 31043 33575 38762 40830 44630 46105 47989 48934 49401 49550 
99 29334 32510 35077 36076 38838 40707 44902 45917 47948 48450 49287 49546 49632 49637 
44 10229 13526 16979 20195 21365 23509 27220 32684 35314 39121 40280 42966 44284 46751 
107 31161 35459 36500 40510 45804 47961 48525 49312 49555 49633 49637 
5 342 1778 3063 3698 6120 7195 9896 13111 20188 24804 27698 31092 
79 21764 23527 25277 28021 29148 31309 36525 39809 41707 46571 47653 48610 49408 49606 
11 1101 4255 7209 9146 10202 11766 14763 18022 19335 23673 25742 28097 30204 32990 34236 
48 11955 13996 15512 17373 20003 21179 24258 25397 27737 33570 34930 37043 38309 41188 42466 46250 
84 23558 28817 32419 34426 39593 43249 44086 45449 46698 47317 49236 49606 
2 238 1993 5161 6446 13040 15738 
1 212 797 2882 5619 8291 9583 15564 16668 18777 22979 25100 27283 29680 
106 30599 35594 39027 41140 42186 44965 46926 48830 49610 49632 49637 
72 19443 22963 26156 31348 38561 41736 44843 45895 47226 47918 48851 49100 49381 49535 49606 
48 11954 13170 15687 17826 20428 23288 24444 30232 33713 37016 41666 44300 46995 
122 36254 40795 47319 48405 48815 49255 49569 49616 49637 
123 36789 38209 40725 42759 45379 46200 47212 48067 48681 49570 49640 49641 
108 31588 35567 36320 38922 40339 41397 44140 45163 48806 49315 49546 49632 49637 
82 22790 27042 28045 31927 33917 35106 38189 43511 44407 45930 48274 49489 49619 
130 38642 42014 47752 49403 49588 49634 
0 183 285 608 884 1759 2972 3611 7761 10803 11466 16612 18333 
94 27081 31702 32852 38061 39356 42128 43582 48141 48603 49231 49475 49621 
106 30597 34199 37924 41167 42215 44886 46708 48796 49597 49624 49637 
78 21743 23112 26269 27680 28785 31669 32835 35875 37765 38805 41679 43376 47684 48253 49282 49571 49615 
91 25962 27360 29497 31051 33096 36108 37190 40401 42198 43389 45955 48674 49496 49615 
78 21743 23109 24942 28131 31368 34447 36384 38381 41769 47153 48223 48870 49188 49605 
10 852 3272 5440 6815 11138 13923 15714 24701 27115 28834 33504 
0 183 285 608 885 2114 3203 4781 5830 8952 11422 16848 19083 23746 27761 
128 38579 40422 43013 44316 45304 47422 48039 49079 49412 49582 49636 49637 
88 25086 26555 32263 35926 44603 47102 48509 49030 49562 49617 49626 
6 406 2738 3599 6695 8128 9474 15449 17487 20070 21401 26583 28724 32418 
85 24064 26324 27954 29416 32082 33395 37420 43283 45998 47940 48966 49542 49621 
91 25962 27360 29501 32173 33323 35588 39863 41914 43869 45246 48232 48835 49558 
0 183 284 570 1338 3490 7737 8781 10843 15548 17730 19521 22532 24867 26662 
11 1100 3426 7459 10695 13679 14944 16718 22927 27281 28695 31198 32896 36249 
18 2525 3925 5333 6730 8547 11277 12360 15323 17200 18405 21246 26823 27818 29683 35414 
0 183 289 1571 3121 4117 10028 14920 17543 
56 14143 17580 21073 24304 25598 27785 31360 36921 39448 43132 44112 46454 47355 48882 
5 354 4137 5044 6920 11671 13754 16456 17461 18927 20404 
2 233 970 1501 5517 8075 10372 14031 18620 22155 24000 27260 28667 
0 186 437 1258 2644 4852 5770 7053 9274 11131 16667 
2 243 2691 4986 6449 7244 8672 10249 11118 15624 19387 
4 332 1818 3327 7333 8408 11392 13150 14354 17126 22592 23512 25366 31092 
3 266 1596 4301 5996 7690 12051 13396 16154 17437 19614 27991 31923 
0 184 307 608 886 2798 3847 4721 7272 8344 14971 16764 17853 20676 22404 23227 24786 26498 28164 
16 2236 5484 7798 10559 11438 13212 20818 23911 29320 32019 36667 
16 2236 5480 6773 10327 13782 20127 22627 25148 26559 28603 30754 32871 36667 
12 1364 2215 4227 5990 8622 10823 12424 19089 21935 23905 28004 30258 33128 34172 35734 37228 
101 29563 34599 35912 40025 41823 46032 47026 48894 49516 49607 49636 49637 
93 26475 30083 33648 37022 38076 40397 43817 48082 49023 49209 49512 49634 
0 183 292 1671 3821 6260 7223 9985 12827 14846 17167 
4 330 1078 1964 4385 6289 7982 13967 15260 16318 19154 20292 23137 24997 26162 29969 31421 32944 
6 404 2179 4177 5235 8990 10340 13954 23079 24234 26397 28289 31421 32944 
12 1365 2855 4087 5270 7679 8842 12609 15320 18901 24400 27029 30022 33170 34353 
110 32486 33847 35784 36959 39179 40113 41584 46679 47738 48719 49394 49569 49616 49637 
0 183 290 1611 3758 5395 6750 10152 11930 15091 18333 
11 1100 3425 6070 12884 15412 20517 24028 26082 29401 
7 551 2053 5667 8577 11891 13808 18538 20244 21565 26889 28896 30082 
70 18667 22755 23802 27875 30934 32602 37831 42689 45786 48637 49405 
115 34310 36273 37953 39549 41455 44171 45187 47514 48441 48902 49617 49626 
98 29247 31566 36485 39664 41383 45871 48418 48976 49607 49636 49637 
19 2545 5258 9672 12736 15864 17217 18988 23776 24898 27135 32160 35628 37547 39296 
2 230 730 1441 2358 5685 9015 16901 18371 22051 29115 30753 
0 183 287 1157 2433 4441 6385 7382 10003 11313 16204 18703 20367 22827 24425 27005 28667 
2 230 729 1249 6562 9228 10652 14051 15837 18951 21649 
58 15026 17038 18135 19761 21829 24769 27187 32759 34083 36598 38665 41486 42493 44673 46356 48090 48618 
36 8031 9367 11746 13702 16376 19186 20331 24286 29055 32945 35555 38527 41609 42688 
0 191 689 1701 2408 3459 4679 5926 9080 16078 20744 23446 26955 
9 768 3819 5587 8244 9351 11997 14207 17976 22709 26512 27476 28980 30620 33267 
1 210 517 3090 4408 5649 8264 9499 14885 15997 18095 19910 23031 24535 
0 188 480 1407 2299 4541 6903 7588 10610 15929 17337 20216 21503 24867 26662 
17 2504 3538 6232 7441 8517 11215 12292 18078 20167 21165 24107 26599 30533 33504 
0 183 284 572 2615 4025 5749 7859 9873 12214 16590 18246 19126 20624 22240 24866 
3 264 814 4005 6926 11071 12852 13871 20142 21937 26003 27892 30082 
0 190 660 1215 9090 14320 17996 23054 25849 
1 210 514 2100 4520 6622 10172 11186 13846 19743 21806 24563 25715 27260 28667 
11 1103 5066 9393 14483 15394 17264 24622 28251 30302 33504 
0 185 370 1123 2586 4052 5097 12189 13347 16106 17410 21523 25147 
80 21784 25199 29886 33049 36725 38701 43700 44620 48889 49341 49605 
4 329 845 4122 6848 7538 10079 11374 12497 15198 16247 22635 25487 29401 
50 12897 15887 18377 19269 21984 23172 26388 32707 33935 37229 39756 42561 45406 46304 
20 2986 5854 10137 12169 13271 15908 18274 22106 26910 30562 32457 35734 37228 
40 9390 13310 14591 18357 21910 23964 28078 32552 33768 39297 41339 44785 
6 407 3147 3975 5602 8866 13609 21026 27855 32418 
123 36790 38952 40520 41975 44498 45615 49264 49602 49621 
20 2986 5852 9102 12143 13193 16277 18723 19508 26111 29548 34273 37635 
9 763 3294 4664 7503 9299 10463 13238 14577 20564 21591 23887 26137 28923 30909 33290 35011 
154 46326 48803 49401 49548 49591 49635 49640 49641 
46 11124 13086 14117 15671 17777 20658 22904 24649 31599 34668 38719 40552 42429 45745 
84 23556 27245 30331 35666 44708 48333 49200 49605 
22 3616 5362 6358 7842 9838 12559 14745 20487 24127 25427 29835 32787 34147 38526 
73 19939 22070 23641 25163 27917 29225 33999 35141 38276 39646 45328 46232 48319 49172 49495 49615 
0 186 435 1187 2467 5123 7477 8921 11980 16351 18443 20758 24000 27260 28667 
61 16796 19961 22432 23255 26189 27421 30245 39775 43101 46251 48176 48678 
77 21290 25447 28385 29868 32769 37500 39327 40141 42888 44037 46628 48622 49383 49497 
76 20945 25764 28420 30632 31811 38400 41045 42266 46081 48004 48600 49487 
5 341 1383 2721 5135 7032 8398 12693 14145 18784 22177 25865 29017 30180 
50 12899 16942 19545 20832 24757 28668 31219 32047 39417 41015 42862 46250 
76 20940 24085 26699 27531 30391 31573 35206 36888 38339 41246 45477 46788 47338 48392 48995 49379 49479 49571 49615 
68 18117 22890 27386 29300 34046 37058 38378 40757 42834 45328 46234 48669 49354 
81 22190 25854 31530 33418 34567 37510 43115 44823 47731 48715 49369 49487 
78 21743 23115 27303 29906 33727 35349 39171 45222 47064 47595 48720 49558 
89 25541 30367 35176 36519 45794 47770 48454 49446 49602 49621 
42 9733 11453 13056 14548 16424 19237 20348 25420 32646 35239 39091 40251 42941 44234 46751 
64 17168 21194 22663 26539 30276 32374 40060 43447 44935 46476 48602 49062 49444 
70 18670 23319 24475 27762 29699 30870 33828 39484 40451 42111 45599 48648 49407 
25 5124 7912 9397 15107 16183 21323 22460 25495 31103 37386 38463 39916 42184 
38 8953 11808 13118 17072 18576 22288 28363 30696 36565 38438 42560 
35 7569 12397 15799 17699 19571 26863 30798 34519 36691 40692 41960 
117 34374 36319 37984 39617 41429 43421 44564 49429 49606 
68 18115 21612 25229 28541 29731 32531 34952 38991 44066 46533 49044 49401 49550 
75 20868 22298 26297 31477 34636 36006 43208 44050 47670 48998 49186 49571 49615 
105 30181 31501 33366 36638 40621 42708 44482 48213 48854 49400 49616 49637 
100 29364 30814 37938 40816 45716 46787 49429 49606 
67 17657 21615 26730 29747 34014 37103 42393 45085 46883 48223 48871 49284 49550 
149 45623 47495 48303 49286 49616 49637 
83 23213 25331 26448 28114 30226 33225 35615 41234 42515 44533 46134 47745 48738 49365 49621 
