18 1233 1706 2161 2491 2963 3155 3669 4251 4745 5255 6242 6435 6966 7533 8308 
101 8770 9894 10181 10322 10394 10407 10413 
88 7599 8188 8681 9022 9461 9656 10040 10289 10396 10413 
65 5472 6353 6849 7245 7655 8739 9135 9396 9727 10145 10292 10374 10403 10409 
89 7818 8205 8656 8840 9243 9752 10088 10249 10364 10382 10413 
86 7415 8275 8733 9595 9969 10198 10358 10381 10413 
74 6303 6897 7295 7759 8223 8514 8940 9887 10265 10379 10411 
80 7034 7373 7869 8061 8593 9162 9801 10220 10405 10412 10413 
71 6167 6551 6876 7918 8357 8637 8988 9550 9901 10155 10240 10388 10410 10411 
59 4965 5640 6356 7443 7912 8829 9270 9641 10019 10142 10392 
55 4643 5530 5994 6411 7264 7425 7894 8526 8945 9377 9545 10126 10278 10347 
50 4133 4835 5534 6656 7112 7979 8483 8895 9294 9950 10204 10271 
61 5196 5826 6802 7138 8154 8656 8840 9245 9851 10305 10383 10398 
2 162 251 395 968 1384 1548 1964 2577 3517 4566 4787 5310 5868 
0 134 326 1082 1466 2283 2741 3126 3636 3831 4921 
64 5444 6024 6477 6979 7844 8050 8588 9200 9618 10009 10254 10326 10402 
62 5386 5737 6020 7092 7504 7776 8173 8793 9178 9578 9748 10232 10348 10378 
77 6611 7291 8426 9093 9523 10151 10315 10380 10410 10411 
60 5132 5511 5700 6502 7009 7190 7601 8333 9235 10105 10192 10340 10406 
3 201 400 574 1216 1739 2022 2410 3474 3928 4400 4896 5682 6143 6381 
12 757 1538 1992 2369 2938 3144 3664 4716 5204 5597 6072 6287 7369 
0 132 268 542 999 1407 1723 2186 2357 3346 3791 5120 
54 4541 4924 5412 5584 6099 6767 7209 7664 8562 8775 9838 10301 10383 10398 
53 4362 5051 5954 6933 7128 8309 9214 9778 9992 10275 
72 6192 6569 6881 7918 8357 8637 8989 9564 9919 10165 10241 10388 10410 10411 
64 5447 6673 7565 7938 8744 9485 9665 10044 10291 
11 711 1017 1432 1607 2094 2602 3318 4010 5121 5560 6041 6446 6622 7119 7723 
42 3485 3891 4068 4867 5361 5541 5968 7142 7542 7960 8183 8971 9413 9604 9963 10246 
0 129 183 246 763 1123 1367 1766 2844 3473 
2 162 252 489 1198 1498 2242 2621 2869 3243 3862 
1 154 468 1057 1806 2226 3075 4179 
1 153 359 1188 1566 2034 2384 2541 3023 3635 
0 136 449 781 1300 1649 2100 2261 2988 3428 3712 
2 169 671 985 1503 1923 2294 2466 3224 3713 3927 
48 4014 4479 4657 5452 5869 6124 6523 7690 8104 8599 8783 9528 9864 10062 10237 10373 
81 7087 8383 9064 9701 10299 10400 
68 5780 6382 6917 7389 7678 8100 9202 9828 10140 10406 
53 4361 5027 5930 6312 7330 7794 7989 8473 9003 9436 9762 9988 10309 10383 10398 
0 130 238 1099 1952 2819 3008 4088 
40 3244 3863 4284 4698 4902 5976 6587 6887 7629 8034 8707 8883 9371 9893 
0 129 190 689 847 1234 1822 2680 3031 3805 4224 4517 
17 1166 1520 1701 2439 2888 3082 3528 4180 5164 6217 6424 6959 7503 
0 129 186 417 579 940 1913 2559 3017 3880 4370 4774 5615 5808 
70 5966 6697 7587 8509 9252 9674 9808 10135 10327 10387 10411 
3 201 402 734 890 1790 2211 3072 3556 3965 4448 4634 5736 
58 4886 5493 5907 6334 6531 7609 8072 8258 8759 9329 9704 10048 10143 10370 10403 10409 
8 438 865 1276 2069 2233 3380 4310 4940 5236 5825 
1 155 551 898 1266 1975 2506 2807 3193 4223 
1 152 285 612 1317 1456 2471 2912 3274 3582 4340 4809 4992 
4 224 590 944 1348 1618 1774 2217 2789 3198 3683 4590 4798 5317 5897 6655 
9 505 830 994 1683 2137 2312 2733 3404 4330 5284 5478 6550 
0 133 307 624 791 1845 2704 3764 3952 4473 5120 
8 442 1341 1894 2532 3363 3826 5120 
1 156 647 1148 1762 2331 2771 3166 3329 3796 4435 
93 8129 8621 9039 9318 9818 10124 10376 10413 
27 2161 2488 2766 3536 3983 4144 4649 5266 5646 6113 7060 7233 7750 8401 
7 386 808 1674 2266 2647 3054 3253 4050 4518 4726 5194 5720 
35 2731 3258 3738 4089 4394 5176 5756 6060 6472 7486 8246 8859 9299 9674 9817 
0 129 184 336 609 1032 1289 1645 2669 3101 3601 4108 4438 5026 
78 6778 7163 7724 7903 9111 9943 10331 10378 
79 6840 7461 8437 8789 9734 10070 10176 10354 10393 10410 10411 
51 4262 4681 5075 5342 5672 6322 7321 7943 8402 8811 8998 9734 10070 10175 10313 10390 
73 6297 7180 8008 8549 9345 9518 10276 10409 
6 363 654 915 1065 1491 2052 2414 2853 3293 3593 4993 5439 6766 
57 4841 5322 5490 6820 7349 8454 8914 9075 9509 9998 10221 10341 10383 10398 
5 231 820 1242 1589 2017 2720 3841 4615 5231 6267 6721 7008 
3 202 526 798 1472 1868 2119 2456 3042 4040 4679 
