86 12119 13265 14066 15725 16861 18500 19052 21738 22667 23337 24493 24937 25077 
126 17811 19082 19923 21656 22972 23616 24569 25106 25133 
105 14835 16300 17252 19383 19876 21227 22331 23731 24865 25016 
122 17739 18785 19641 21130 22236 23674 24269 24676 24979 25125 25127 25135 
128 18408 19337 20269 21370 22182 22643 23736 24426 24814 25005 25131 25136 
134 19555 20959 21718 23332 24304 24667 25050 25131 25136 
4 252 470 2265 3130 4675 5871 7354 7860 9215 
115 16551 17457 18381 19509 20408 20896 22125 23160 23875 25014 
127 17832 18681 20771 22264 23147 23998 24630 25106 25133 
6 399 1907 3353 4380 5243 6622 8540 
81 11059 12564 13524 16194 17497 18645 20343 22610 23584 24552 24879 25054 
113 15923 17085 17784 19070 19898 21655 22626 23279 24148 25007 25070 25111 25131 25136 
104 14734 16099 17124 18763 19241 20630 21602 24014 24632 25082 25116 25135 
45 5517 6917 7897 10554 11919 13156 14789 17134 18354 20007 20970 21868 
22 2012 2777 3605 4668 5500 6004 7280 8395 9481 10233 13224 14452 15262 17861 
92 12881 13795 14716 15825 16691 17194 18486 20876 22481 23816 24457 24782 25093 25126 
4 252 466 1278 2218 3706 5925 6650 7939 9334 10492 11810 12462 13656 14539 
77 10326 11427 12729 14622 15630 16515 19487 20694 21613 22856 23829 24397 24860 
112 15914 16823 18613 20833 21532 22721 23863 24523 24910 25027 25098 25124 
4 253 601 1571 4069 5220 6047 7951 9416 10402 12035 
4 252 464 1111 3319 4519 5650 7272 9722 10523 12687 
10 564 1049 1508 2584 3292 4966 5944 6703 7976 10270 
6 393 826 2851 3620 5147 7239 8039 8935 
6 400 1958 3401 4247 6203 7544 8541 10130 
4 252 467 1304 2245 3737 4244 6860 8238 9049 10666 12858 14539 
114 15931 17263 18049 19810 20854 21556 22736 24414 24724 24984 25103 25133 
6 393 823 2466 3106 4284 5618 6804 8026 8672 9786 10720 
12 797 1754 2563 5060 6308 7444 9151 11540 12770 14414 15459 16354 
23 2109 3432 4713 5763 6530 8182 9368 11014 13425 14650 16278 17322 18214 
5 302 450 988 2696 3237 4296 5179 6571 7606 8459 9950 11160 
89 12172 13376 14038 15432 16190 17962 18978 19739 21040 23215 23789 24390 24937 25077 
130 18770 19517 20783 23046 23494 24336 24809 24980 25094 25125 25127 25135 
4 256 872 2063 4188 4880 6110 7464 8723 10131 10685 12769 
0 188 324 1175 1828 2989 4270 5033 6794 7827 8594 
2 226 832 1431 2319 3014 4423 5567 6520 8501 
3 230 438 1726 2450 5314 6934 7997 8894 
2 225 570 796 1410 2571 5757 6898 9020 9979 10912 12652 13948 
12 796 1413 2796 3860 5458 7808 8979 10617 12582 13397 16061 
9 549 890 1669 2903 3419 4604 5741 6484 7711 9916 10497 11689 12687 
4 252 468 1984 2758 3596 6431 7626 8600 10048 11251 13361 14968 
6 393 824 2485 3162 4772 6065 6871 8662 9665 10401 
1 210 275 592 1203 2376 4628 5164 6392 7591 8336 9587 11088 11579 12971 
0 188 317 618 1034 3575 6771 7777 9458 9892 11298 12285 13948 
3 230 431 735 1390 2092 2527 4048 5201 6039 7520 9815 11277 12272 14587 
0 189 412 724 1701 2650 4942 5918 7584 8068 9437 10417 12035 
81 11058 12102 13897 15051 16656 17260 19950 21206 21949 23438 24700 24901 25059 
6 393 825 2539 3264 4946 6238 7390 8448 9634 
93 13023 14435 15405 18053 19356 20560 22118 24080 24483 24893 25075 
13 920 1884 2505 4040 5549 6643 7479 9306 11605 12432 14269 15650 16807 
4 252 471 2286 3373 4129 6726 7983 9192 
4 254 647 1473 2200 3837 5987 7157 8842 10634 11457 14187 
9 550 992 1849 3536 4471 5361 8306 9502 10460 11823 13072 14032 15998 
91 12225 13568 14411 16216 17525 18327 19994 22566 23946 24225 24797 25017 25109 
106 15120 15834 17621 18805 19767 21178 22299 23728 24872 25034 25119 25131 25136 
11 750 1623 2436 3698 4566 5037 6338 7764 11046 11635 14287 15290 16037 
33 3647 4450 5341 6477 7340 7848 9531 10744 11627 13179 15487 16910 17879 20153 
12 798 1773 2668 3455 4744 5842 7085 7914 11006 12005 12532 14759 15541 16413 
5 303 700 1068 2178 4546 5287 6919 9120 9863 10743 
139 20284 21110 21975 23083 23774 24090 24841 25055 25131 25136 
8 523 1240 1938 4644 5785 6753 8136 9314 10341 12269 
5 302 451 1368 2339 3211 5368 6287 7202 10147 11362 12350 13749 14933 
2 224 374 504 1579 2622 4817 5516 6500 8090 9283 10216 11495 
86 12120 13776 14677 16185 17606 18179 19457 22058 22901 23636 24384 24737 24868 25068 
7 503 1116 1723 3340 4221 5007 7007 9687 11393 13071 
106 15120 15833 17060 19199 19821 21582 23563 24074 24838 25075 
81 11061 12634 13549 15754 16237 19310 20505 21517 22545 23191 24117 24861 25014 
123 17769 18664 19840 21096 21668 22742 23508 24444 24776 25033 25125 25127 25135 
95 13444 14937 17208 17977 19789 20951 22349 24125 24786 25011 25109 
121 17688 19661 20424 21378 22686 23886 24546 24961 25133 
132 19094 20354 21504 22514 23552 24113 24784 25043 25131 25136 
113 15925 17717 18937 20496 22609 23260 24134 24717 24996 25078 25127 25135 
129 18512 19533 20941 23017 23426 24637 25021 25131 25136 
94 13243 13988 15802 16975 17941 19066 22411 23408 24285 24781 25093 25126 
111 15900 17011 18261 19055 20584 22770 23899 24571 24930 25066 25121 25128 25133 
138 19631 21429 22155 23104 24108 24954 25040 25131 25136 
68 9093 10432 11448 13259 14402 18297 19291 20199 21663 22843 23386 24172 24607 
84 11668 13123 14318 15569 16163 17868 20723 21893 23649 24253 24662 25052 25109 
1 210 275 593 1354 1794 3476 4166 5590 7873 8693 10437 11891 13122 
109 15509 16737 17771 18870 20155 21990 22882 23610 24972 25088 25117 25131 25136 
97 13619 15006 16778 18959 19701 21401 22574 23203 24121 24861 25014 
143 21023 22489 23523 24110 24891 25131 25136 
117 16931 17651 18865 21317 21832 23025 23935 24616 24864 25093 25126 
101 14134 14969 16183 17403 18009 19686 21356 22509 24214 24510 24879 25054 
96 13606 15213 16378 18909 20335 21256 21747 22989 23892 24838 25075 
10 563 904 2367 3793 4757 5632 7301 7921 10577 11955 12811 14933 
135 19577 20673 21409 22702 24331 24715 24963 25042 25107 25136 
13 919 1397 2918 4012 4920 6049 9142 10098 10588 11975 13184 15186 17122 
104 14731 15610 16493 17644 18541 18999 20751 21933 22697 24808 24896 25079 25115 25135 
103 14156 15004 16621 17231 19949 20912 22018 23475 24193 24610 24999 25095 
88 12164 13137 14821 15429 18075 19391 20242 21818 23701 24471 24966 
87 12149 13123 14319 15786 16319 18247 20658 21357 23061 23970 24500 24915 25076 
87 12150 13323 14589 16522 17477 18400 21333 22453 23301 24234 24763 25001 25095 
1 211 336 675 2731 3814 5397 6266 7183 8328 9216 9708 11045 
11 750 1623 2437 3970 4357 5697 6680 9559 10790 12914 14205 16438 
34 3749 4692 6060 8768 9999 11209 12943 15335 16466 18127 19141 20064 
8 522 933 1491 2823 3916 7131 8820 10850 11851 12799 14480 15785 
4 252 464 1110 2871 3296 4575 5677 7303 9646 10881 12614 13685 14562 
9 551 1011 1868 3677 4846 7691 8895 9749 11719 13203 14188 15785 
4 252 464 1108 2241 4325 5720 6958 8163 9076 10185 11103 11592 13005 
116 16707 17670 19410 20588 22146 22709 24545 24952 25060 25123 25134 25137 25138 
5 304 779 1508 2584 3293 5083 6367 7415 10028 10809 13104 14149 15260 
18 1459 2185 3259 4409 4975 6126 7497 9159 9746 12552 13500 14327 16354 
9 552 1332 2305 2940 4091 6225 6814 8790 9595 12322 
4 253 597 1148 1807 2998 5814 7368 8373 9774 10550 12395 13466 14241 
4 252 463 1101 2597 3929 5093 5886 9579 11195 
0 188 326 1551 2880 3978 5262 5964 7682 9282 
7 503 1116 1722 3227 4146 4856 6102 7483 10377 
6 394 981 2417 2999 5863 7424 8424 9334 10491 11797 12411 13627 14516 
105 14833 15853 17545 18704 20374 20948 23419 24098 24526 25023 25103 25133 
11 748 1259 1945 2954 3776 4208 5468 6600 7468 10188 12037 13369 14860 15354 16655 
118 17179 20172 21768 23237 24375 24855 25101 25121 25128 25133 
87 12151 13342 14605 15419 16884 19108 20610 21787 22535 24462 24875 25068 
108 15447 16808 17973 19471 20029 21908 22594 23845 24865 25015 25097 25135 
83 11516 13091 14387 16215 17211 18470 20833 21533 23120 23952 24406 24915 25076 
1 212 355 683 1109 2709 3949 4910 7717 8963 10982 11743 12727 
110 15870 16954 17693 19044 21074 22389 23254 24848 25057 25131 25136 
120 17310 18844 20088 20935 23721 24539 24945 25085 25113 25131 25136 
16 1138 2398 3518 4262 5671 7262 8258 8753 11646 13727 15092 16062 17605 
34 3750 5123 6174 7024 8439 9350 11166 13877 14690 16302 18438 19212 20128 
22 2014 3180 4117 5450 6384 6875 8209 9397 12972 13544 16122 17152 17914 
15 1127 2135 3057 3991 4800 7102 8117 9012 12051 13285 14245 15583 16776 
69 9232 10193 11639 13582 15284 18087 20213 21158 22045 23366 24151 24599 
101 14135 15193 16355 17234 18700 20999 22369 23447 24055 25013 25096 25126 
75 10271 11653 12506 14353 15704 16439 18114 20825 22108 22814 23916 24477 24966 
4 255 853 1481 3037 4351 6548 7786 9553 11515 
110 15870 16955 18149 18920 21690 23314 24063 25039 25103 25133 
56 7214 8639 9636 11319 11776 13531 16602 17380 18748 20269 21371 22197 22655 23773 
31 3085 3846 4999 6416 6985 8266 9466 10170 11422 13714 14298 15956 17429 18610 
1 210 277 1088 2075 3099 3881 5489 6055 8731 10078 10924 13090 
72 9840 11196 12405 13719 15830 18555 19010 20388 21502 22286 23361 24348 24587 24966 
76 10293 11341 12184 13814 14983 16614 19023 19847 21637 22920 23848 24453 24860 
27 2627 3716 4743 5821 7068 7903 9412 12483 13841 15025 17004 18590 
93 13021 14010 15411 17276 18724 19960 20796 23993 24755 24993 25124 
111 15901 17031 18281 20313 21045 21887 24684 24923 25063 25110 25125 25127 25135 
0 188 316 489 2043 3144 4675 5873 8290 8859 10765 11683 14105 
82 11326 12082 13965 15156 16078 17247 20652 21722 22946 23880 24838 25075 
81 11058 12097 13536 15046 16951 19439 19927 21264 22353 23752 24861 25014 
29 2989 4274 6018 6831 8639 9635 11005 11951 14366 16580 17351 18236 
18 1460 2379 3500 4254 6078 7524 8507 11401 12691 15071 15999 17605 
2 223 292 1673 3189 5429 6690 8960 
107 15313 17051 18626 19621 20541 22256 24066 24651 25045 25098 25124 
100 14106 15136 16249 17074 20743 22213 23146 23863 24524 24967 25052 25109 
35 3977 4677 6454 7654 8618 9760 12520 15677 16842 18835 20474 
10 565 1529 2106 2964 4492 5598 6615 7748 10346 11232 13315 14912 
4 252 465 1214 2164 4765 5897 6621 7924 8741 10481 11559 12345 
80 10954 12370 13417 15113 15519 16901 19724 21293 22417 23090 24036 24746 24870 25069 
57 7313 8353 9765 11271 12933 13870 14785 17575 18462 19904 22086 22786 23551 
3 230 432 953 1648 2576 3904 6152 7564 8557 10172 12074 13006 13486 14820 
68 9091 9930 10836 12406 13950 15235 17416 18028 19170 20070 21524 22319 24030 24775 
119 17299 18571 19606 20525 21662 22833 24360 24837 25124 
80 10951 11871 12837 14002 14875 15367 16680 19133 20805 21453 22710 23406 24508 24861 25014 
125 17805 18898 21473 22432 23180 24311 24785 25093 25126 
7 505 1602 2983 4099 5742 7057 9853 11140 
90 12203 13558 15380 16132 17919 19264 20485 23168 24040 24401 25014 
