128 13619 16093 19063 21320 26089 28507 31030 32027 
199 21422 22947 24414 28345 30260 31751 32261 
210 23233 24644 25176 26211 28282 29669 30659 31267 32186 32252 32275 
200 21852 24266 27290 29382 31270 31833 32054 32285 
193 21146 23538 26508 28707 31221 32280 
10 680 1285 2083 5209 6081 7041 9280 13425 15588 
171 18583 20083 21283 22266 23823 24777 26011 27399 28685 29616 31821 32092 32243 32278 
2 372 2086 3651 4558 6672 9840 12124 
209 23061 27193 28803 29377 31294 31807 32050 32274 
178 18961 20492 21930 25908 27983 30226 31979 32126 32283 
157 16889 19303 22297 24478 27308 28462 29345 31706 31997 32160 32280 
186 20347 24140 26382 27919 29321 31448 32145 
172 18627 21049 24003 26280 30601 31070 32086 32203 32251 32282 
213 23474 24273 25233 26351 27050 29417 30729 31482 31973 32159 32284 
7 461 656 2108 3099 3834 6039 7663 8726 12477 13798 14805 16361 17274 18529 20156 21487 
184 20244 23349 24727 25954 27332 28257 29098 30134 32171 
216 23685 25848 27852 29052 31040 31562 31879 32134 32263 32285 
218 23844 24472 26985 28549 29255 31910 32173 32266 32285 
217 23699 25000 25928 27519 28740 29592 30883 31414 31944 32200 32264 32285 
158 16980 18194 18937 20462 22775 23966 24890 26433 28028 31400 32041 32210 32258 32282 
13 827 3749 6117 7382 8356 9439 12908 14061 15241 16947 
142 15319 16251 19963 21261 22293 25705 26572 28651 30521 31458 31955 32197 32270 
207 22801 26617 28417 29168 30447 30943 31766 32228 32277 
9 618 2649 4224 6269 8655 10312 11283 14976 16278 17328 20700 21634 
112 11487 12995 15363 16505 17423 19083 20370 21026 24043 25018 25794 26891 28051 29543 30285 31016 31713 32133 
153 16383 17921 19467 23370 25514 29721 30699 31359 32213 32276 32282 
191 20995 21783 22652 23564 26036 28976 30851 32014 32278 
7 467 1107 1622 2974 5185 6369 7289 8996 10197 13246 
162 17685 20101 22966 25136 27286 30426 31073 31861 32128 32221 32284 
119 12815 13771 17447 18783 19800 23167 24087 25602 27176 27696 28654 31115 31947 32116 32225 
0 323 560 899 1260 4518 5635 6301 7856 9426 12390 14623 
27 2059 3162 3844 5305 7683 8977 9928 11609 12884 13544 16604 17567 18349 19448 20630 22342 23281 24215 
174 18762 19987 20805 21911 23051 24662 25540 26528 27804 28460 31346 31847 32055 32235 32283 
203 22360 23545 24608 27056 29348 30338 30901 31739 32280 
202 22317 23492 24439 27787 28632 29511 31180 32255 32283 
6 445 2337 3469 4984 6325 7422 9578 10634 14739 16407 17135 19640 20804 
176 18929 21165 22755 23695 27585 28881 29787 31182 31630 31969 32280 
13 825 3376 4660 5843 7061 7936 9034 10381 11024 14119 15020 15846 16948 18106 19876 20830 21754 
24 1599 2130 4406 5526 6268 8595 10293 11257 14976 16278 17326 18885 19829 21021 22578 23965 
11 707 1841 2858 6560 8440 9288 10769 11487 12996 15756 16666 
10 680 1290 3291 4124 5253 9145 11000 11849 12775 
5 431 1434 2791 3702 7314 8731 9762 11410 12310 13520 15149 16504 
165 17992 19716 20204 21225 23307 24802 26017 26935 30139 30787 31369 32218 32277 
195 21239 22478 23389 24424 27828 28940 29967 31225 31659 32265 
7 465 1027 1568 3610 5166 6112 9951 11288 12359 13879 14812 16036 17652 19026 
141 15303 18416 19781 20989 22164 23024 24023 25342 26006 28992 29805 30501 31252 31796 32164 32241 32282 
1 350 2594 4165 5259 6744 10116 11822 12975 
11 706 1720 2832 3476 6902 8041 8886 10449 11995 14862 17068 
0 329 1262 2461 3707 4677 6223 7140 8431 10140 11553 
189 20635 21870 22636 25886 27266 28389 29692 30482 31293 32242 32279 
4 423 1171 2390 3478 4391 7715 8636 9644 12616 15872 18069 
7 466 1080 3451 4191 5082 5954 8504 11589 13878 
14 881 1482 4820 6138 7192 8834 9793 11030 12647 14271 
7 462 744 1147 2032 3065 4731 5704 6602 7709 11699 13501 14300 15239 
5 433 2309 5872 6679 7579 8530 11097 14099 16360 
29 2413 3572 4546 8271 9744 10995 12410 13338 14525 18112 20064 
0 322 544 811 3226 3868 5359 6823 10521 12671 14392 
18 1269 2484 3496 4396 7978 9993 11072 12597 13819 14782 18171 19165 
2 363 1263 2620 4354 7783 10073 11349 12336 13900 14837 16042 17652 19026 
8 483 991 2809 3935 4796 6406 7733 8436 11628 12501 13312 14452 15617 17377 18299 19253 
28 2390 3480 5311 6388 7539 9141 12176 13286 16100 18575 21524 23780 
115 12366 13548 14518 17216 18074 19520 23065 24564 25959 26612 29435 30392 30937 32099 
6 440 1760 3213 5976 7262 8511 9626 12622 14272 15456 
168 18488 19166 21564 22497 23255 24394 25586 27122 27957 28957 30087 30629 32153 32249 32269 32285 
5 432 1802 3670 5750 7198 8458 9476 12867 13721 14690 17628 19254 20437 
7 461 655 1738 2559 3267 4324 5488 7223 8201 9187 10357 14191 16016 16821 17742 
1 343 797 3315 5401 8477 9481 13117 15079 
0 332 1487 2361 3790 4684 5892 7506 8934 9977 12559 
76 7757 9348 10173 13404 14788 16308 19681 21806 24846 27561 29138 30187 
43 3811 4400 6447 7401 8175 9408 10625 12198 13082 14079 15339 16013 19575 20659 21390 23665 
18 1268 1913 2750 3591 5947 9054 11371 13787 17198 17765 18752 22238 
23 1576 2911 4343 8292 10538 13011 16161 
2 362 948 1974 4216 9014 11348 
7 463 761 1234 2576 3728 4655 8085 9096 10641 12252 12814 
1 344 1212 2373 3445 4577 5444 7439 8752 9739 13183 14142 15691 16947 
11 703 1335 2249 5794 7173 8383 9678 10583 12055 15623 17512 
24 1599 2129 4009 4845 5678 6804 7964 9860 10811 11781 12863 17233 18906 19525 21989 23625 
3 404 1305 5379 7458 9307 10971 11651 14536 15690 
0 320 391 1935 3422 4032 6881 7997 8878 11227 
1 346 1508 3682 4924 5816 6839 10497 11572 12712 14187 17139 18275 
180 19474 20723 21398 22942 25292 26472 27380 29371 31800 32206 32259 32282 
7 470 1992 2694 5010 7876 10092 11917 
7 461 657 2222 3529 4265 7482 9228 10420 13740 15932 
167 18280 20065 20938 21969 25457 26491 27676 29526 29986 30806 31991 32226 32279 
183 20007 22437 23511 24467 28032 29454 30330 31895 32183 32270 
226 24942 27007 28395 29376 31055 31573 31887 32136 32263 32285 
58 5849 6469 9074 10054 10836 11978 13138 15396 16976 20353 21205 22149 25080 26737 27918 
136 14393 16843 19893 22087 25273 26241 29766 30833 31444 32034 32180 32270 
24 1600 2525 3398 4942 6201 7166 8813 9769 11018 12491 16562 17873 18536 22010 23166 
3 404 1303 3970 6160 8707 10225 13110 16673 18511 19281 20300 
247 27503 29823 30680 31584 32021 32172 32267 32285 
230 25366 26832 27618 30552 31435 31935 32230 32263 32285 
192 21057 22535 23781 24720 26329 27234 28435 29945 31135 31704 32273 
222 24335 26786 29707 31336 32193 32260 32285 
231 25594 29059 30631 31523 31961 32212 32266 32285 
220 23876 25433 27537 29213 30813 31541 31916 32138 32263 32285 
207 22802 26663 28857 30235 31262 32189 32280 
182 19913 21126 22131 25130 26794 28661 29860 30581 31286 32233 32282 
201 21941 23085 23868 26151 27735 28680 31511 32015 32174 32267 32285 
17 1006 2280 2711 3672 6518 8412 9267 12560 13444 14501 16222 17184 20132 21755 22917 
185 20301 21234 24916 26246 27284 28782 29645 30654 31603 32061 32237 32278 
212 23446 24244 25247 28168 29264 30020 31615 32238 32281 32285 
160 17395 18608 19667 22611 24296 26221 27482 28361 29333 31723 32073 32220 32278 
124 13472 14529 16582 17549 18324 19431 20624 22342 23281 24176 25319 29558 30917 31332 32146 32244 
34 2889 4282 5064 7533 10861 13041 15475 18646 19373 22554 24216 25431 
159 17352 18558 20468 21506 22703 25728 26406 27937 30108 30988 31497 32060 32205 32279 
0 320 390 1880 2931 4367 5592 6277 7852 10746 11698 
225 24864 26069 27138 29186 31770 32257 32285 
187 20441 22180 22729 25982 26764 27632 28533 30674 32077 32265 
0 324 578 924 4610 6245 7016 9491 10662 11455 13720 
10 680 1286 2437 3892 4864 6970 7973 12269 13921 14531 17069 18130 18930 21674 
135 13977 15515 17679 20855 22997 27349 28514 29499 31591 32104 32232 
21 1475 4082 6102 8312 9878 11053 12049 14908 16300 17300 18864 19805 21015 22578 23965 
7 464 841 1354 3521 6426 8773 11273 14705 15263 16245 19773 
1 343 796 2979 5018 6701 8391 9660 10267 13525 14330 15239 
3 407 2137 4769 6019 7023 9556 14479 15819 
127 13567 15102 17896 19046 20190 23190 23900 25451 27755 28923 29744 30959 31554 32152 
143 15387 18374 19853 21031 21938 25324 26191 27160 29894 31904 32240 
190 20965 21589 24521 25623 26374 28592 30068 30831 32215 32270 
115 12366 13549 14950 16463 17533 19597 20618 24681 26938 28063 28825 30761 31680 32152 
2 360 651 3081 4884 6277 7851 10331 11554 12452 14042 
7 469 1373 1975 4960 6644 7820 11104 13593 16542 18863 
156 16439 17984 20321 21488 22387 23985 25162 28127 28833 30188 31688 32067 32197 32270 
133 13945 16182 17804 18757 22412 23721 24747 28104 29012 30374 31376 31664 32003 32254 
6 439 1688 3039 3990 5226 5899 9512 10704 11463 12976 14469 17332 19574 
116 12427 13600 14668 16967 20518 25073 27942 29900 31197 31924 32167 32222 
162 17686 20916 22272 23441 24826 25769 26697 27781 31095 31936 32112 32247 32268 32285 
0 321 506 728 2179 3074 7101 9901 11167 12218 15125 16793 17983 
16 996 3334 4708 5901 6832 10363 11228 12233 14325 18437 20594 
134 13953 15457 17823 19027 19944 21984 25568 27441 28481 29878 30865 31430 32028 32176 32270 
2 361 778 1547 2369 5569 6475 8153 9486 12060 13680 
57 5503 6761 7562 10923 12342 13495 14723 15592 17021 20595 22033 23416 24131 27100 28231 
11 704 1645 2543 4473 5498 9695 11432 12171 14558 15715 16431 18728 
13 824 2642 5730 7894 10475 11954 14924 16162 17164 20108 21851 
138 14882 16053 18482 19700 20528 21544 22825 23470 26547 27423 28232 29305 30307 31390 31781 32082 32231 32278 
11 705 1704 2675 4593 5125 6101 8227 9817 11035 12004 14906 15820 16753 17850 21714 
117 12580 14625 15988 16667 19106 21029 24543 26108 26876 29922 31160 31754 32141 32248 
10 680 1287 2865 3953 5053 8549 9390 11872 15531 17604 19371 
149 16067 17585 18804 19774 21344 22239 23465 25108 26966 30194 31002 31648 32133 
107 11248 13374 16256 17513 18456 19501 22853 25054 26307 27259 28761 29621 30648 31603 32066 
0 320 385 661 1910 7244 10165 13024 15175 16888 
0 325 633 1415 2263 4433 7710 11780 
19 1310 2104 5468 7340 8856 10035 10945 12012 15487 16524 17744 19430 
69 6854 8108 8910 10468 12835 14048 15984 17855 18739 22265 23802 24752 26001 27585 28922 
6 438 929 2049 4748 6923 9455 11142 13947 16713 18539 19315 21125 
113 11923 15933 17309 19515 22807 23666 24626 26927 30570 31780 
1 353 2996 5339 7078 7622 8696 10886 13247 14451 
8 483 992 3140 4038 5919 6877 10606 12132 13750 15080 15955 17005 19938 21487 
114 12024 13152 15644 19188 22919 24353 25215 27610 30249 31618 32124 
118 12695 15118 18020 22604 25483 28324 29599 30622 31473 31871 32103 
140 15002 17092 18511 19286 21086 22519 24959 26043 26980 30313 31306 31793 32262 
196 21366 22076 24065 25036 25819 26908 28058 29694 30865 31433 32245 32272 
166 18097 20893 24443 25678 28440 29192 30031 30717 31968 32271 32284 
