0 21840 22740 1 2 900
1 22860 25500 2 6 2640
2 25620 26400 6 5 780
3 27300 28080 5 6 780
4 28200 30840 6 2 2640
5 31080 31980 2 1 900
6 32700 33480 5 6 780
7 33600 36240 6 2 2640
8 36480 37380 2 1 900
9 38100 38880 5 6 780
10 39000 41640 6 2 2640
11 41880 42780 2 1 900
12 43500 44280 5 6 780
13 44400 47040 6 2 2640
14 47280 48180 2 1 900
15 48900 49680 5 6 780
16 49800 52440 6 2 2640
17 52680 53580 2 1 900
18 54300 55080 5 6 780
19 55200 57840 6 2 2640
20 58080 58980 2 1 900
21 59700 60480 5 6 780
22 60600 63240 6 2 2640
23 63480 64380 2 1 900
24 65100 65880 5 6 780
25 66000 68640 6 2 2640
26 68880 69780 2 1 900
27 70500 71280 5 6 780
28 71400 74040 6 2 2640
29 74280 75180 2 1 900
30 75900 76680 5 6 780
31 76800 79440 6 2 2640
32 79680 80580 2 1 900
35 25680 26580 2 1 900
36 27240 28140 1 2 900
37 28260 30900 2 6 2640
38 31020 31800 6 5 780
39 32640 33540 1 2 900
40 33660 36300 2 6 2640
41 36420 37200 6 5 780
42 38040 38940 1 2 900
43 39060 41700 2 6 2640
44 41820 42600 6 5 780
45 43440 44340 1 2 900
46 44460 47100 2 6 2640
47 47220 48000 6 5 780
48 48840 49740 1 2 900
49 49860 52500 2 6 2640
50 52620 53400 6 5 780
51 54240 55140 1 2 900
52 55260 57900 2 6 2640
53 58020 58800 6 5 780
54 59640 60540 1 2 900
55 60660 63300 2 6 2640
56 63420 64200 6 5 780
57 65040 65940 1 2 900
58 66060 68700 2 6 2640
59 68820 69600 6 5 780
60 70440 71340 1 2 900
61 71460 74100 2 6 2640
62 74220 75000 6 5 780
63 75840 76740 1 2 900
69 27720 28800 4 6 1080
70 29880 31200 0 4 1320
71 31320 32400 4 6 1080
72 33480 34800 0 4 1320
73 34920 36000 4 6 1080
74 37080 38400 0 4 1320
75 38520 39600 4 6 1080
76 40680 42000 0 4 1320
77 42120 43200 4 6 1080
78 44280 45600 0 4 1320
79 45720 46800 4 6 1080
80 47880 49200 0 4 1320
81 49320 50400 4 6 1080
82 51480 52800 0 4 1320
83 52920 54000 4 6 1080
84 55080 56400 0 4 1320
85 56520 57600 4 6 1080
86 58680 60000 0 4 1320
87 60120 61200 4 6 1080
88 62280 63600 0 4 1320
89 63720 64800 4 6 1080
90 65880 67200 0 4 1320
91 67320 68400 4 6 1080
92 69480 70800 0 4 1320
93 70920 72000 4 6 1080
94 73080 74400 0 4 1320
95 74520 75600 4 6 1080
96 76680 78000 0 4 1320
100 25680 26460 1 3 780
101 26580 28860 3 0 2280
102 30360 32640 0 3 2280
103 32760 33540 3 1 780
104 33660 36180 1 6 2520
105 36300 37080 6 5 780
106 39360 41640 0 3 2280
107 41760 42540 3 1 780
108 42660 45180 1 6 2520
109 45300 46080 6 5 780
110 48360 50640 0 3 2280
111 50760 51540 3 1 780
112 51660 54180 1 6 2520
113 54300 55080 6 5 780
114 57360 59640 0 3 2280
115 59760 60540 3 1 780
116 60660 63180 1 6 2520
117 63300 64080 6 5 780
118 66360 68640 0 3 2280
119 68760 69540 3 1 780
120 69660 72180 1 6 2520
121 72300 73080 6 5 780
122 75360 77640 0 3 2280
123 77760 78540 3 1 780
128 26820 27900 6 4 1080
129 28020 29340 4 0 1320
130 30420 31500 6 4 1080
131 31620 32940 4 0 1320
132 34020 35100 6 4 1080
133 35220 36540 4 0 1320
134 37620 38700 6 4 1080
135 38820 40140 4 0 1320
136 41220 42300 6 4 1080
137 42420 43740 4 0 1320
138 44820 45900 6 4 1080
139 46020 47340 4 0 1320
140 48420 49500 6 4 1080
141 49620 50940 4 0 1320
142 52020 53100 6 4 1080
143 53220 54540 4 0 1320
144 55620 56700 6 4 1080
145 56820 58140 4 0 1320
146 59220 60300 6 4 1080
147 60420 61740 4 0 1320
148 62820 63900 6 4 1080
149 64020 65340 4 0 1320
150 66420 67500 6 4 1080
151 67620 68940 4 0 1320
152 70020 71100 6 4 1080
153 71220 72540 4 0 1320
154 73620 74700 6 4 1080
155 74820 76140 4 0 1320
156 77220 78300 6 4 1080
157 78420 79740 4 0 1320
159 23880 26280 1 4 2400
160 27540 29940 4 1 2400
161 30060 30840 1 3 780
162 34740 37140 4 1 2400
163 37260 38040 1 3 780
164 41940 44340 4 1 2400
165 44460 45240 1 3 780
166 49140 51540 4 1 2400
167 51660 52440 1 3 780
168 56340 58740 4 1 2400
169 58860 59640 1 3 780
170 63540 65940 4 1 2400
171 66060 66840 1 3 780
172 70740 73140 4 1 2400
173 73260 74040 1 3 780
174 77940 80340 4 1 2400
175 80460 81240 1 3 780
178 26460 28980 1 6 2520
179 29100 29880 6 5 780
180 31140 31920 5 6 780
181 32040 34560 6 1 2520
182 34680 35460 1 3 780
183 35580 37860 3 0 2280
184 40140 40920 5 6 780
185 41040 43560 6 1 2520
186 43680 44460 1 3 780
187 44580 46860 3 0 2280
188 49140 49920 5 6 780
189 50040 52560 6 1 2520
190 52680 53460 1 3 780
191 53580 55860 3 0 2280
192 58140 58920 5 6 780
193 59040 61560 6 1 2520
194 61680 62460 1 3 780
195 62580 64860 3 0 2280
196 67140 67920 5 6 780
197 68040 70560 6 1 2520
198 70680 71460 1 3 780
199 71580 73860 3 0 2280
200 76140 76920 5 6 780
201 77040 79560 6 1 2520
202 79680 80460 1 3 780
207 28920 30000 4 6 1080
208 31080 32400 0 4 1320
209 32520 33600 4 6 1080
210 34680 36000 0 4 1320
211 36120 37200 4 6 1080
212 38280 39600 0 4 1320
213 39720 40800 4 6 1080
214 41880 43200 0 4 1320
215 43320 44400 4 6 1080
216 45480 46800 0 4 1320
217 46920 48000 4 6 1080
218 49080 50400 0 4 1320
219 50520 51600 4 6 1080
220 52680 54000 0 4 1320
221 54120 55200 4 6 1080
222 56280 57600 0 4 1320
223 57720 58800 4 6 1080
224 59880 61200 0 4 1320
225 61320 62400 4 6 1080
226 63480 64800 0 4 1320
227 64920 66000 4 6 1080
228 67080 68400 0 4 1320
229 68520 69600 4 6 1080
230 70680 72000 0 4 1320
231 72120 73200 4 6 1080
232 74280 75600 0 4 1320
233 75720 76800 4 6 1080
234 77880 79200 0 4 1320
236 23640 24540 1 2 900
237 24660 27300 2 6 2640
238 27420 28200 6 5 780
239 29100 29880 5 6 780
240 30000 32640 6 2 2640
241 32880 33780 2 1 900
242 34500 35280 5 6 780
243 35400 38040 6 2 2640
244 38280 39180 2 1 900
245 39900 40680 5 6 780
246 40800 43440 6 2 2640
247 43680 44580 2 1 900
248 45300 46080 5 6 780
249 46200 48840 6 2 2640
250 49080 49980 2 1 900
251 50700 51480 5 6 780
252 51600 54240 6 2 2640
253 54480 55380 2 1 900
254 56100 56880 5 6 780
255 57000 59640 6 2 2640
256 59880 60780 2 1 900
257 61500 62280 5 6 780
258 62400 65040 6 2 2640
259 65280 66180 2 1 900
260 66900 67680 5 6 780
261 67800 70440 6 2 2640
262 70680 71580 2 1 900
263 72300 73080 5 6 780
264 73200 75840 6 2 2640
265 76080 76980 2 1 900
266 77700 78480 5 6 780
267 78600 81240 6 2 2640
268 81480 82380 2 1 900
271 27480 28380 2 1 900
272 29040 29940 1 2 900
273 30060 32700 2 6 2640
274 32820 33600 6 5 780
275 34440 35340 1 2 900
276 35460 38100 2 6 2640
277 38220 39000 6 5 780
278 39840 40740 1 2 900
279 40860 43500 2 6 2640
280 43620 44400 6 5 780
281 45240 46140 1 2 900
282 46260 48900 2 6 2640
283 49020 49800 6 5 780
284 50640 51540 1 2 900
285 51660 54300 2 6 2640
286 54420 55200 6 5 780
287 56040 56940 1 2 900
288 57060 59700 2 6 2640
289 59820 60600 6 5 780
290 61440 62340 1 2 900
291 62460 65100 2 6 2640
292 65220 66000 6 5 780
293 66840 67740 1 2 900
294 67860 70500 2 6 2640
295 70620 71400 6 5 780
296 72240 73140 1 2 900
297 73260 75900 2 6 2640
298 76020 76800 6 5 780
299 77640 78540 1 2 900
304 28020 29100 6 4 1080
305 29220 30540 4 0 1320
306 31620 32700 6 4 1080
307 32820 34140 4 0 1320
308 35220 36300 6 4 1080
309 36420 37740 4 0 1320
310 38820 39900 6 4 1080
311 40020 41340 4 0 1320
312 42420 43500 6 4 1080
313 43620 44940 4 0 1320
314 46020 47100 6 4 1080
315 47220 48540 4 0 1320
316 49620 50700 6 4 1080
317 50820 52140 4 0 1320
318 53220 54300 6 4 1080
319 54420 55740 4 0 1320
320 56820 57900 6 4 1080
321 58020 59340 4 0 1320
322 60420 61500 6 4 1080
323 61620 62940 4 0 1320
324 64020 65100 6 4 1080
325 65220 66540 4 0 1320
326 67620 68700 6 4 1080
327 68820 70140 4 0 1320
328 71220 72300 6 4 1080
329 72420 73740 4 0 1320
330 74820 75900 6 4 1080
331 76020 77340 4 0 1320
332 78420 79500 6 4 1080
333 79620 80940 4 0 1320
336 27480 28260 1 3 780
337 28380 30660 3 0 2280
338 32160 34440 0 3 2280
339 34560 35340 3 1 780
340 35460 37980 1 6 2520
341 38100 38880 6 5 780
342 41160 43440 0 3 2280
343 43560 44340 3 1 780
344 44460 46980 1 6 2520
345 47100 47880 6 5 780
346 50160 52440 0 3 2280
347 52560 53340 3 1 780
348 53460 55980 1 6 2520
349 56100 56880 6 5 780
350 59160 61440 0 3 2280
351 61560 62340 3 1 780
352 62460 64980 1 6 2520
353 65100 65880 6 5 780
354 68160 70440 0 3 2280
355 70560 71340 3 1 780
356 71460 73980 1 6 2520
357 74100 74880 6 5 780
358 77160 79440 0 3 2280
359 79560 80340 3 1 780
363 26460 27240 1 3 780
364 30180 30960 3 1 780
365 31080 33480 1 4 2400
366 37380 38160 3 1 780
367 38280 40680 1 4 2400
368 44580 45360 3 1 780
369 45480 47880 1 4 2400
370 51780 52560 3 1 780
371 52680 55080 1 4 2400
372 58980 59760 3 1 780
373 59880 62280 1 4 2400
374 66180 66960 3 1 780
375 67080 69480 1 4 2400
376 73380 74160 3 1 780
377 74280 76680 1 4 2400
381 30120 31200 4 6 1080
382 32280 33600 0 4 1320
383 33720 34800 4 6 1080
384 35880 37200 0 4 1320
385 37320 38400 4 6 1080
386 39480 40800 0 4 1320
387 40920 42000 4 6 1080
388 43080 44400 0 4 1320
389 44520 45600 4 6 1080
390 46680 48000 0 4 1320
391 48120 49200 4 6 1080
392 50280 51600 0 4 1320
393 51720 52800 4 6 1080
394 53880 55200 0 4 1320
395 55320 56400 4 6 1080
396 57480 58800 0 4 1320
397 58920 60000 4 6 1080
398 61080 62400 0 4 1320
399 62520 63600 4 6 1080
400 64680 66000 0 4 1320
401 66120 67200 4 6 1080
402 68280 69600 0 4 1320
403 69720 70800 4 6 1080
404 71880 73200 0 4 1320
405 73320 74400 4 6 1080
406 75480 76800 0 4 1320
407 76920 78000 4 6 1080
408 79080 80400 0 4 1320
411 27360 28140 3 1 780
412 28260 30780 1 6 2520
413 30900 31680 6 5 780
414 32940 33720 5 6 780
415 33840 36360 6 1 2520
416 36480 37260 1 3 780
417 37380 39660 3 0 2280
418 41940 42720 5 6 780
419 42840 45360 6 1 2520
420 45480 46260 1 3 780
421 46380 48660 3 0 2280
422 50940 51720 5 6 780
423 51840 54360 6 1 2520
424 54480 55260 1 3 780
425 55380 57660 3 0 2280
426 59940 60720 5 6 780
427 60840 63360 6 1 2520
428 63480 64260 1 3 780
429 64380 66660 3 0 2280
430 68940 69720 5 6 780
431 69840 72360 6 1 2520
432 72480 73260 1 3 780
433 73380 75660 3 0 2280
434 77940 78720 5 6 780
435 78840 81360 6 1 2520
436 81480 82260 1 3 780
440 29220 30300 6 4 1080
441 30420 31740 4 0 1320
442 32820 33900 6 4 1080
443 34020 35340 4 0 1320
444 36420 37500 6 4 1080
445 37620 38940 4 0 1320
446 40020 41100 6 4 1080
447 41220 42540 4 0 1320
448 43620 44700 6 4 1080
449 44820 46140 4 0 1320
450 47220 48300 6 4 1080
451 48420 49740 4 0 1320
452 50820 51900 6 4 1080
453 52020 53340 4 0 1320
454 54420 55500 6 4 1080
455 55620 56940 4 0 1320
456 58020 59100 6 4 1080
457 59220 60540 4 0 1320
458 61620 62700 6 4 1080
459 62820 64140 4 0 1320
460 65220 66300 6 4 1080
461 66420 67740 4 0 1320
462 68820 69900 6 4 1080
463 70020 71340 4 0 1320
464 72420 73500 6 4 1080
465 73620 74940 4 0 1320
466 76020 77100 6 4 1080
467 77220 78540 4 0 1320
468 25440 26340 1 2 900
469 26460 29100 2 6 2640
470 29220 30000 6 5 780
471 30900 31680 5 6 780
472 31800 34440 6 2 2640
473 34680 35580 2 1 900
474 36300 37080 5 6 780
475 37200 39840 6 2 2640
476 40080 40980 2 1 900
477 41700 42480 5 6 780
478 42600 45240 6 2 2640
479 45480 46380 2 1 900
480 47100 47880 5 6 780
481 48000 50640 6 2 2640
482 50880 51780 2 1 900
483 52500 53280 5 6 780
484 53400 56040 6 2 2640
485 56280 57180 2 1 900
486 57900 58680 5 6 780
487 58800 61440 6 2 2640
488 61680 62580 2 1 900
489 63300 64080 5 6 780
490 64200 66840 6 2 2640
491 67080 67980 2 1 900
492 68700 69480 5 6 780
493 69600 72240 6 2 2640
494 72480 73380 2 1 900
495 74100 74880 5 6 780
496 75000 77640 6 2 2640
497 77880 78780 2 1 900
499 26400 29040 6 2 2640
500 29280 30180 2 1 900
501 30840 31740 1 2 900
502 31860 34500 2 6 2640
503 34620 35400 6 5 780
504 36240 37140 1 2 900
505 37260 39900 2 6 2640
506 40020 40800 6 5 780
507 41640 42540 1 2 900
508 42660 45300 2 6 2640
509 45420 46200 6 5 780
510 47040 47940 1 2 900
511 48060 50700 2 6 2640
512 50820 51600 6 5 780
513 52440 53340 1 2 900
514 53460 56100 2 6 2640
515 56220 57000 6 5 780
516 57840 58740 1 2 900
517 58860 61500 2 6 2640
518 61620 62400 6 5 780
519 63240 64140 1 2 900
520 64260 66900 2 6 2640
521 67020 67800 6 5 780
522 68640 69540 1 2 900
523 69660 72300 2 6 2640
524 72420 73200 6 5 780
525 74040 74940 1 2 900
526 75060 77700 2 6 2640
530 29880 31200 0 4 1320
531 31320 32400 4 6 1080
533 26640 29160 6 1 2520
534 29280 30060 1 3 780
535 30180 32460 3 0 2280
536 33960 36240 0 3 2280
537 36360 37140 3 1 780
538 37260 39780 1 6 2520
539 39900 40680 6 5 780
540 42960 45240 0 3 2280
541 45360 46140 3 1 780
542 46260 48780 1 6 2520
543 48900 49680 6 5 780
544 51960 54240 0 3 2280
545 54360 55140 3 1 780
546 55260 57780 1 6 2520
547 57900 58680 6 5 780
548 60960 63240 0 3 2280
549 63360 64140 3 1 780
550 64260 66780 1 6 2520
551 66900 67680 6 5 780
552 69960 72240 0 3 2280
553 72360 73140 3 1 780
554 73260 75780 1 6 2520
555 75900 76680 6 5 780
556 78960 81240 0 3 2280
557 81360 82140 3 1 780
561 27480 29880 1 4 2400
562 31140 33540 4 1 2400
563 33660 34440 1 3 780
564 38340 40740 4 1 2400
565 40860 41640 1 3 780
566 45540 47940 4 1 2400
567 48060 48840 1 3 780
568 52740 55140 4 1 2400
569 55260 56040 1 3 780
570 59940 62340 4 1 2400
571 62460 63240 1 3 780
572 67140 69540 4 1 2400
573 69660 70440 1 3 780
574 74340 76740 4 1 2400
575 76860 77640 1 3 780
577 29160 29940 3 1 780
578 30060 32580 1 6 2520
579 32700 33480 6 5 780
580 34740 35520 5 6 780
581 35640 38160 6 1 2520
582 38280 39060 1 3 780
583 39180 41460 3 0 2280
584 43740 44520 5 6 780
585 44640 47160 6 1 2520
586 47280 48060 1 3 780
587 48180 50460 3 0 2280
588 52740 53520 5 6 780
589 53640 56160 6 1 2520
590 56280 57060 1 3 780
591 57180 59460 3 0 2280
592 61740 62520 5 6 780
593 62640 65160 6 1 2520
594 65280 66060 1 3 780
595 66180 68460 3 0 2280
596 70740 71520 5 6 780
597 71640 74160 6 1 2520
598 74280 75060 1 3 780
599 75180 77460 3 0 2280
600 27540 28320 5 6 780
601 28440 30960 6 1 2520
602 31080 31860 1 3 780
603 31980 34260 3 0 2280
604 35760 38040 0 3 2280
605 38160 38940 3 1 780
606 39060 41580 1 6 2520
607 41700 42480 6 5 780
608 44760 47040 0 3 2280
609 47160 47940 3 1 780
610 48060 50580 1 6 2520
611 50700 51480 6 5 780
612 53760 56040 0 3 2280
613 56160 56940 3 1 780
614 57060 59580 1 6 2520
615 59700 60480 6 5 780
616 62760 65040 0 3 2280
617 65160 65940 3 1 780
618 66060 68580 1 6 2520
619 68700 69480 6 5 780
620 71760 74040 0 3 2280
621 74160 74940 3 1 780
622 75060 77580 1 6 2520
625 30960 31740 3 1 780
626 31860 34380 1 6 2520
627 34500 35280 6 5 780
628 36540 37320 5 6 780
629 37440 39960 6 1 2520
630 40080 40860 1 3 780
631 40980 43260 3 0 2280
632 45540 46320 5 6 780
633 46440 48960 6 1 2520
634 49080 49860 1 3 780
635 49980 52260 3 0 2280
636 54540 55320 5 6 780
637 55440 57960 6 1 2520
638 58080 58860 1 3 780
639 58980 61260 3 0 2280
640 63540 64320 5 6 780
641 64440 66960 6 1 2520
642 67080 67860 1 3 780
643 67980 70260 3 0 2280
644 72540 73320 5 6 780
645 73440 75960 6 1 2520
646 76080 76860 1 3 780
647 76980 79260 3 0 2280
648 29340 30120 5 6 780
649 30240 32760 6 1 2520
650 32880 33660 1 3 780
651 33780 36060 3 0 2280
652 37560 39840 0 3 2280
653 39960 40740 3 1 780
654 40860 43380 1 6 2520
655 43500 44280 6 5 780
656 46560 48840 0 3 2280
657 48960 49740 3 1 780
658 49860 52380 1 6 2520
659 52500 53280 6 5 780
660 55560 57840 0 3 2280
661 57960 58740 3 1 780
662 58860 61380 1 6 2520
663 61500 62280 6 5 780
664 64560 66840 0 3 2280
665 66960 67740 3 1 780
666 67860 70380 1 6 2520
667 70500 71280 6 5 780
668 73560 75840 0 3 2280
669 75960 76740 3 1 780
672 33780 34560 3 1 780
673 34680 37080 1 4 2400
674 38340 40740 4 1 2400
675 40860 41640 1 3 780
676 38340 39120 5 6 780
677 39240 41760 6 1 2520
678 41880 42660 1 3 780
679 42780 45060 3 0 2280
680 46560 48840 0 3 2280
681 48960 49740 3 1 780
682 49860 52380 1 6 2520
683 52500 53280 6 5 780
684 40980 41760 3 1 780
685 41880 44280 1 4 2400
686 45540 47940 4 1 2400
687 48060 48840 1 3 780
688 47340 48120 5 6 780
689 48240 50760 6 1 2520
690 50880 51660 1 3 780
691 51780 54060 3 0 2280
692 55560 57840 0 3 2280
693 57960 58740 3 1 780
694 58860 61380 1 6 2520
695 61500 62280 6 5 780
696 48180 48960 3 1 780
697 49080 51480 1 4 2400
698 52740 55140 4 1 2400
699 55260 56040 1 3 780
700 55380 56160 3 1 780
701 56280 58680 1 4 2400
702 59940 62340 4 1 2400
703 62460 63240 1 3 780
704 56340 57120 5 6 780
705 57240 59760 6 1 2520
706 59880 60660 1 3 780
707 60780 63060 3 0 2280
708 64560 66840 0 3 2280
709 66960 67740 3 1 780
710 67860 70380 1 6 2520
711 70500 71280 6 5 780
712 62580 63360 3 1 780
713 63480 65880 1 4 2400
714 67140 69540 4 1 2400
715 69660 70440 1 3 780
716 65340 66120 5 6 780
717 66240 68760 6 1 2520
718 68880 69660 1 3 780
719 69780 72060 3 0 2280
720 73560 75840 0 3 2280
721 75960 76740 3 1 780
724 69780 70560 3 1 780
725 70680 73080 1 4 2400
726 74340 76740 4 1 2400
727 76860 77640 1 3 780
728 74340 75120 5 6 780
729 75240 77760 6 1 2520
730 77880 78660 1 3 780
731 78780 81060 3 0 2280
732 82560 84840 0 3 2280
733 84960 85740 3 1 780
736 76980 77760 3 1 780
737 77880 80280 1 4 2400
738 81540 83940 4 1 2400
