3 29340 30240 10 12 900
4 30360 31440 12 11 1080
5 31560 33840 11 13 2280
6 36540 37440 10 12 900
7 37560 38640 12 11 1080
8 38760 41040 11 13 2280
9 43740 44640 10 12 900
10 44760 45840 12 11 1080
11 45960 48240 11 13 2280
12 50940 51840 10 12 900
13 51960 53040 12 11 1080
14 53160 55440 11 13 2280
15 58140 59040 10 12 900
16 59160 60240 12 11 1080
17 60360 62640 11 13 2280
18 65340 66240 10 12 900
19 66360 67440 12 11 1080
20 67560 69840 11 13 2280
21 72540 73440 10 12 900
22 73560 74640 12 11 1080
23 74760 77040 11 13 2280
24 79200 81480 13 11 2280
25 81600 82680 11 12 1080
26 82800 83700 12 10 900
27 86940 87840 10 12 900
28 87960 89040 12 11 1080
30 21660 22980 0 2 1320
31 23100 26400 2 12 3300
32 30120 33420 12 2 3300
33 33540 34860 2 0 1320
34 37320 40620 12 2 3300
35 40740 42060 2 0 1320
36 44520 47820 12 2 3300
37 47940 49260 2 0 1320
38 51720 55020 12 2 3300
39 55140 56460 2 0 1320
40 58920 62220 12 2 3300
41 62340 63660 2 0 1320
42 66120 69420 12 2 3300
43 69540 70860 2 0 1320
44 73320 76620 12 2 3300
45 76740 78060 2 0 1320
49 28440 29160 3 1 720
50 29400 31200 1 9 1800
51 31320 32880 9 5 1560
52 35640 36360 3 1 720
53 36600 38400 1 9 1800
54 38520 40080 9 5 1560
55 42840 43560 3 1 720
56 43800 45600 1 9 1800
57 45720 47280 9 5 1560
58 50040 50760 3 1 720
59 51000 52800 1 9 1800
60 52920 54480 9 5 1560
61 57240 57960 3 1 720
62 58200 60000 1 9 1800
63 60120 61680 9 5 1560
64 64440 65160 3 1 720
65 65400 67200 1 9 1800
66 67320 68880 9 5 1560
67 71640 72360 3 1 720
68 72600 74400 1 9 1800
69 74520 76080 9 5 1560
70 78840 79560 3 1 720
75 26340 27660 2 0 1320
76 27780 28680 0 3 900
77 32220 33120 3 0 900
78 33240 34560 0 2 1320
79 34680 37980 2 12 3300
80 38100 39180 12 11 1080
81 43020 43920 3 0 900
82 44040 45360 0 2 1320
83 45480 48780 2 12 3300
84 48900 49980 12 11 1080
85 53820 54720 3 0 900
86 54840 56160 0 2 1320
87 56280 59580 2 12 3300
88 59700 60780 12 11 1080
89 64620 65520 3 0 900
90 65640 66960 0 2 1320
91 67080 70380 2 12 3300
92 70500 71580 12 11 1080
93 75420 76320 3 0 900
94 76440 77760 0 2 1320
95 77880 81180 2 12 3300
97 21900 22800 0 3 900
98 23040 26340 3 6 3300
99 26940 30240 6 3 3300
100 30360 31260 3 0 900
101 34140 37440 6 3 3300
102 37560 38460 3 0 900
103 41340 44640 6 3 3300
104 44760 45660 3 0 900
105 48540 51840 6 3 3300
106 51960 52860 3 0 900
107 55740 59040 6 3 3300
108 59160 60060 3 0 900
109 62940 66240 6 3 3300
110 66360 67260 3 0 900
111 70140 73440 6 3 3300
112 73560 74460 3 0 900
113 77340 80640 6 3 3300
114 80760 81660 3 0 900
117 27600 29400 1 9 1800
118 29520 31560 9 7 2040
119 34800 36600 1 9 1800
120 36720 38760 9 7 2040
121 42000 43800 1 9 1800
122 43920 45960 9 7 2040
123 49200 51000 1 9 1800
124 51120 53160 9 7 2040
125 56400 58200 1 9 1800
126 58320 60360 9 7 2040
127 63600 65400 1 9 1800
128 65520 67560 9 7 2040
129 70800 72600 1 9 1800
130 72720 74760 9 7 2040
136 27840 28740 3 0 900
137 28860 30180 0 2 1320
138 34320 35640 2 0 1320
139 35760 36660 0 3 900
140 36780 39420 3 4 2640
141 39540 40560 4 6 1020
142 40680 42420 6 8 1740
143 45120 46440 2 0 1320
144 46560 47460 0 3 900
145 47580 50220 3 4 2640
146 50340 51360 4 6 1020
147 51480 53220 6 8 1740
148 55920 57240 2 0 1320
149 57360 58260 0 3 900
150 58380 61020 3 4 2640
151 61140 62160 4 6 1020
152 62280 64020 6 8 1740
153 66720 68040 2 0 1320
154 68160 69060 0 3 900
155 69180 71820 3 4 2640
156 71940 72960 4 6 1020
157 73080 74820 6 8 1740
158 77520 78840 2 0 1320
159 78960 79860 0 3 900
165 28260 30660 6 9 2400
166 30780 32820 9 7 2040
167 35460 37860 6 9 2400
168 37980 40020 9 7 2040
169 42660 45060 6 9 2400
170 45180 47220 9 7 2040
171 49860 52260 6 9 2400
172 52380 54420 9 7 2040
173 57060 59460 6 9 2400
174 59580 61620 9 7 2040
175 64260 66660 6 9 2400
176 66780 68820 9 7 2040
177 71460 73860 6 9 2400
178 73980 76020 9 7 2040
183 25260 26580 0 2 1320
184 26700 29100 2 10 2400
185 29220 30120 10 12 900
186 30240 31320 12 11 1080
187 33300 34380 11 12 1080
188 34500 35400 12 10 900
189 35520 37920 10 2 2400
190 38040 39360 2 0 1320
191 39480 40620 0 1 1140
192 40740 42540 1 9 1800
193 44100 45180 11 12 1080
194 45300 46200 12 10 900
195 46320 48720 10 2 2400
196 48840 50160 2 0 1320
197 50280 51420 0 1 1140
198 51540 53340 1 9 1800
199 54900 55980 11 12 1080
200 56100 57000 12 10 900
201 57120 59520 10 2 2400
202 59640 60960 2 0 1320
203 61080 62220 0 1 1140
204 62340 64140 1 9 1800
205 65700 66780 11 12 1080
206 66900 67800 12 10 900
207 67920 70320 10 2 2400
208 70440 71760 2 0 1320
209 71880 73020 0 1 1140
210 73140 74940 1 9 1800
211 76500 77580 11 12 1080
212 77700 78600 12 10 900
213 78720 81120 10 2 2400
214 81240 82560 2 0 1320
215 82680 83820 0 1 1140
222 32400 33300 12 10 900
223 36000 38280 13 11 2280
224 38400 39480 11 12 1080
225 39600 40500 12 10 900
226 43200 45480 13 11 2280
227 45600 46680 11 12 1080
228 46800 47700 12 10 900
229 50400 52680 13 11 2280
230 52800 53880 11 12 1080
231 54000 54900 12 10 900
232 57600 59880 13 11 2280
233 60000 61080 11 12 1080
234 61200 62100 12 10 900
235 64800 67080 13 11 2280
236 67200 68280 11 12 1080
237 68400 69300 12 10 900
238 72000 74280 13 11 2280
239 74400 75480 11 12 1080
240 75600 76500 12 10 900
242 23460 24780 0 2 1320
243 24900 28200 2 12 3300
244 28320 31500 12 13 3180
245 32220 35400 13 12 3180
246 35520 38820 12 2 3300
247 38940 40260 2 0 1320
248 40380 41520 0 1 1140
249 43020 46200 13 12 3180
250 46320 49620 12 2 3300
251 49740 51060 2 0 1320
252 51180 52320 0 1 1140
253 53820 57000 13 12 3180
254 57120 60420 12 2 3300
255 60540 61860 2 0 1320
256 61980 63120 0 1 1140
257 64620 67800 13 12 3180
258 67920 71220 12 2 3300
259 71340 72660 2 0 1320
260 72780 73920 0 1 1140
261 75420 78600 13 12 3180
262 78720 82020 12 2 3300
263 82140 83460 2 0 1320
264 83580 84720 0 1 1140
267 27360 30000 0 5 2640
268 30120 31860 5 7 1740
269 33360 36000 0 5 2640
270 36120 37860 5 7 1740
271 39360 42000 0 5 2640
272 42120 43860 5 7 1740
273 45360 48000 0 5 2640
274 48120 49860 5 7 1740
275 51360 54000 0 5 2640
276 54120 55860 5 7 1740
277 57360 60000 0 5 2640
278 60120 61860 5 7 1740
279 63360 66000 0 5 2640
280 66120 67860 5 7 1740
281 69360 72000 0 5 2640
282 72120 73860 5 7 1740
283 75360 78000 0 5 2640
288 27240 28560 2 0 1320
289 28680 29820 0 1 1140
290 29940 31740 1 9 1800
291 32880 34680 9 1 1800
292 34800 35940 1 0 1140
293 36060 37380 0 2 1320
294 37500 39900 2 10 2400
295 40020 40920 10 12 900
296 41040 42120 12 11 1080
297 43680 45480 9 1 1800
298 45600 46740 1 0 1140
299 46860 48180 0 2 1320
300 48300 50700 2 10 2400
301 50820 51720 10 12 900
302 51840 52920 12 11 1080
303 54480 56280 9 1 1800
304 56400 57540 1 0 1140
305 57660 58980 0 2 1320
306 59100 61500 2 10 2400
307 61620 62520 10 12 900
308 62640 63720 12 11 1080
309 65280 67080 9 1 1800
310 67200 68340 1 0 1140
311 68460 69780 0 2 1320
312 69900 72300 2 10 2400
313 72420 73320 10 12 900
314 73440 74520 12 11 1080
315 76080 77880 9 1 1800
316 78000 79140 1 0 1140
317 79260 80580 0 2 1320
318 80700 83100 2 10 2400
319 83220 84120 10 12 900
320 84240 85320 12 11 1080
324 30720 31740 4 6 1020
325 31860 34260 6 9 2400
326 34380 35940 9 5 1560
327 37920 38940 4 6 1020
328 39060 41460 6 9 2400
329 41580 43140 9 5 1560
330 45120 46140 4 6 1020
331 46260 48660 6 9 2400
332 48780 50340 9 5 1560
333 52320 53340 4 6 1020
334 53460 55860 6 9 2400
335 55980 57540 9 5 1560
336 59520 60540 4 6 1020
337 60660 63060 6 9 2400
338 63180 64740 9 5 1560
339 66720 67740 4 6 1020
340 67860 70260 6 9 2400
341 70380 71940 9 5 1560
342 73920 74940 4 6 1020
343 75060 77460 6 9 2400
344 77580 79140 9 5 1560
345 22560 25200 0 5 2640
346 25320 27060 5 7 1740
347 28260 30000 7 5 1740
348 30120 32760 5 0 2640
349 34260 36000 7 5 1740
350 36120 38760 5 0 2640
351 40260 42000 7 5 1740
352 42120 44760 5 0 2640
353 46260 48000 7 5 1740
354 48120 50760 5 0 2640
355 52260 54000 7 5 1740
356 54120 56760 5 0 2640
357 58260 60000 7 5 1740
358 60120 62760 5 0 2640
359 64260 66000 7 5 1740
360 66120 68760 5 0 2640
361 70260 72000 7 5 1740
362 72120 74760 5 0 2640
363 76260 78000 7 5 1740
364 78120 80760 5 0 2640
366 26340 27660 2 0 1320
367 28860 30180 0 2 1320
368 30300 33600 2 12 3300
369 36060 37380 0 2 1320
370 37500 40800 2 12 3300
371 43260 44580 0 2 1320
372 44700 48000 2 12 3300
373 50460 51780 0 2 1320
374 51900 55200 2 12 3300
375 57660 58980 0 2 1320
376 59100 62400 2 12 3300
377 64860 66180 0 2 1320
378 66300 69600 2 12 3300
379 72060 73380 0 2 1320
380 73500 76800 2 12 3300
382 25980 26700 3 1 720
383 26820 27960 1 0 1140
384 30960 32100 0 1 1140
385 32220 32940 1 3 720
386 33180 35820 3 4 2640
387 38160 39300 0 1 1140
388 39420 40140 1 3 720
389 40380 43020 3 4 2640
390 45360 46500 0 1 1140
391 46620 47340 1 3 720
392 47580 50220 3 4 2640
393 52560 53700 0 1 1140
394 53820 54540 1 3 720
395 54780 57420 3 4 2640
396 59760 60900 0 1 1140
397 61020 61740 1 3 720
398 61980 64620 3 4 2640
399 66960 68100 0 1 1140
400 68220 68940 1 3 720
401 69180 71820 3 4 2640
402 74160 75300 0 1 1140
403 75420 76140 1 3 720
406 24060 27360 3 6 3300
407 27480 29220 6 8 1740
408 31500 33240 8 6 1740
409 33360 36660 6 3 3300
410 36780 37500 3 1 720
411 38700 40440 8 6 1740
412 40560 43860 6 3 3300
413 43980 44700 3 1 720
414 45900 47640 8 6 1740
415 47760 51060 6 3 3300
416 51180 51900 3 1 720
417 53100 54840 8 6 1740
418 54960 58260 6 3 3300
419 58380 59100 3 1 720
420 60300 62040 8 6 1740
421 62160 65460 6 3 3300
422 65580 66300 3 1 720
423 67500 69240 8 6 1740
424 69360 72660 6 3 3300
425 72780 73500 3 1 720
426 74700 76440 8 6 1740
427 76560 79860 6 3 3300
431 29940 31260 2 0 1320
432 31380 32520 0 1 1140
433 34800 35940 1 0 1140
434 36060 37380 0 2 1320
435 37500 40800 2 12 3300
436 40920 44100 12 13 3180
437 45600 46740 1 0 1140
438 46860 48180 0 2 1320
439 48300 51600 2 12 3300
440 51720 54900 12 13 3180
441 56400 57540 1 0 1140
442 57660 58980 0 2 1320
443 59100 62400 2 12 3300
444 62520 65700 12 13 3180
445 67200 68340 1 0 1140
446 68460 69780 0 2 1320
447 69900 73200 2 12 3300
448 73320 76500 12 13 3180
449 78000 79140 1 0 1140
450 79260 80580 0 2 1320
451 80700 84000 2 12 3300
454 26760 27660 3 0 900
455 29100 30000 0 3 900
456 30240 33540 3 6 3300
457 36300 37200 0 3 900
458 37440 40740 3 6 3300
459 43500 44400 0 3 900
460 44640 47940 3 6 3300
461 50700 51600 0 3 900
462 51840 55140 3 6 3300
463 57900 58800 0 3 900
464 59040 62340 3 6 3300
465 65100 66000 0 3 900
466 66240 69540 3 6 3300
467 72300 73200 0 3 900
468 73440 76740 3 6 3300
471 28560 31200 0 5 2640
472 31320 33060 5 7 1740
473 34560 37200 0 5 2640
474 37320 39060 5 7 1740
475 40560 43200 0 5 2640
476 43320 45060 5 7 1740
477 46560 49200 0 5 2640
478 49320 51060 5 7 1740
479 52560 55200 0 5 2640
480 55320 57060 5 7 1740
481 58560 61200 0 5 2640
482 61320 63060 5 7 1740
483 64560 67200 0 5 2640
484 67320 69060 5 7 1740
485 70560 73200 0 5 2640
486 73320 75060 5 7 1740
487 76560 79200 0 5 2640
490 24960 25860 0 3 900
491 25980 28620 3 4 2640
492 28740 29760 4 6 1020
493 29880 31620 6 8 1740
494 32820 34560 8 6 1740
495 34680 35700 6 4 1020
496 35880 38520 4 3 2640
497 38640 39540 3 0 900
498 39660 40980 0 2 1320
499 43620 45360 8 6 1740
500 45480 46500 6 4 1020
501 46680 49320 4 3 2640
502 49440 50340 3 0 900
503 50460 51780 0 2 1320
504 54420 56160 8 6 1740
505 56280 57300 6 4 1020
506 57480 60120 4 3 2640
507 60240 61140 3 0 900
508 61260 62580 0 2 1320
509 65220 66960 8 6 1740
510 67080 68100 6 4 1020
511 68280 70920 4 3 2640
512 71040 71940 3 0 900
513 72060 73380 0 2 1320
514 76020 77760 8 6 1740
515 77880 78900 6 4 1020
516 79080 81720 4 3 2640
517 81840 82740 3 0 900
518 82860 84180 0 2 1320
522 29700 31260 5 9 1560
523 31380 33780 9 6 2400
524 33900 34920 6 4 1020
525 36900 38460 5 9 1560
526 38580 40980 9 6 2400
527 41100 42120 6 4 1020
528 44100 45660 5 9 1560
529 45780 48180 9 6 2400
530 48300 49320 6 4 1020
531 51300 52860 5 9 1560
532 52980 55380 9 6 2400
533 55500 56520 6 4 1020
534 58500 60060 5 9 1560
535 60180 62580 9 6 2400
536 62700 63720 6 4 1020
537 65700 67260 5 9 1560
538 67380 69780 9 6 2400
539 69900 70920 6 4 1020
540 72900 74460 5 9 1560
541 74580 76980 9 6 2400
542 77100 78120 6 4 1020
543 23760 26400 0 5 2640
544 26520 28260 5 7 1740
545 29460 31200 7 5 1740
546 31320 33960 5 0 2640
547 35460 37200 7 5 1740
548 37320 39960 5 0 2640
549 41460 43200 7 5 1740
550 43320 45960 5 0 2640
551 47460 49200 7 5 1740
552 49320 51960 5 0 2640
553 53460 55200 7 5 1740
554 55320 57960 5 0 2640
555 59460 61200 7 5 1740
556 61320 63960 5 0 2640
557 65460 67200 7 5 1740
558 67320 69960 5 0 2640
559 71460 73200 7 5 1740
560 73320 75960 5 0 2640
561 77460 79200 7 5 1740
562 79320 81960 5 0 2640
563 23760 24900 0 1 1140
564 25020 25740 1 3 720
565 25980 28620 3 4 2640
566 30420 33060 4 3 2640
567 33180 33900 3 1 720
568 34020 35160 1 0 1140
569 37620 40260 4 3 2640
570 40380 41100 3 1 720
571 41220 42360 1 0 1140
572 44820 47460 4 3 2640
573 47580 48300 3 1 720
574 48420 49560 1 0 1140
575 52020 54660 4 3 2640
576 54780 55500 3 1 720
577 55620 56760 1 0 1140
578 59220 61860 4 3 2640
579 61980 62700 3 1 720
580 62820 63960 1 0 1140
581 66420 69060 4 3 2640
582 69180 69900 3 1 720
583 70020 71160 1 0 1140
584 73620 76260 4 3 2640
585 76380 77100 3 1 720
586 77220 78360 1 0 1140
588 26340 27660 2 0 1320
589 27780 28680 0 3 900
590 31440 32340 3 0 900
591 32460 33780 0 2 1320
592 33900 36300 2 10 2400
593 38640 39540 3 0 900
594 39660 40980 0 2 1320
595 41100 43500 2 10 2400
596 45840 46740 3 0 900
597 46860 48180 0 2 1320
598 48300 50700 2 10 2400
599 53040 53940 3 0 900
600 54060 55380 0 2 1320
601 55500 57900 2 10 2400
602 60240 61140 3 0 900
603 61260 62580 0 2 1320
604 62700 65100 2 10 2400
605 67440 68340 3 0 900
606 68460 69780 0 2 1320
607 69900 72300 2 10 2400
608 74640 75540 3 0 900
609 75660 76980 0 2 1320
610 77100 79500 2 10 2400
613 29160 31200 7 9 2040
614 31320 33120 9 1 1800
615 36360 38400 7 9 2040
616 38520 40320 9 1 1800
617 43560 45600 7 9 2040
618 45720 47520 9 1 1800
619 50760 52800 7 9 2040
620 52920 54720 9 1 1800
621 57960 60000 7 9 2040
622 60120 61920 9 1 1800
623 65160 67200 7 9 2040
624 67320 69120 9 1 1800
625 72360 74400 7 9 2040
626 74520 76320 9 1 1800
628 25260 26580 0 2 1320
629 26700 30000 2 12 3300
630 30120 33300 12 13 3180
631 34020 37200 13 12 3180
632 37320 40620 12 2 3300
633 40740 42060 2 0 1320
634 42180 43320 0 1 1140
635 44820 48000 13 12 3180
636 48120 51420 12 2 3300
637 51540 52860 2 0 1320
638 52980 54120 0 1 1140
639 55620 58800 13 12 3180
640 58920 62220 12 2 3300
641 62340 63660 2 0 1320
642 63780 64920 0 1 1140
643 66420 69600 13 12 3180
644 69720 73020 12 2 3300
645 73140 74460 2 0 1320
646 74580 75720 0 1 1140
647 77220 80400 13 12 3180
648 80520 83820 12 2 3300
649 83940 85260 2 0 1320
650 85380 86520 0 1 1140
651 24240 25140 3 0 900
652 25260 26580 0 2 1320
653 26700 29100 2 10 2400
654 31020 33420 10 2 2400
655 33540 34860 2 0 1320
656 34980 35880 0 3 900
657 38220 40620 10 2 2400
658 40740 42060 2 0 1320
659 42180 43080 0 3 900
660 45420 47820 10 2 2400
661 47940 49260 2 0 1320
662 49380 50280 0 3 900
663 52620 55020 10 2 2400
664 55140 56460 2 0 1320
665 56580 57480 0 3 900
666 59820 62220 10 2 2400
667 62340 63660 2 0 1320
668 63780 64680 0 3 900
669 67020 69420 10 2 2400
670 69540 70860 2 0 1320
671 70980 71880 0 3 900
672 74220 76620 10 2 2400
673 76740 78060 2 0 1320
674 78180 79080 0 3 900
677 29580 30300 3 1 720
678 34020 34740 1 3 720
679 34860 38160 3 6 3300
680 38280 40020 6 8 1740
681 41220 41940 1 3 720
682 42060 45360 3 6 3300
683 45480 47220 6 8 1740
684 48420 49140 1 3 720
685 49260 52560 3 6 3300
686 52680 54420 6 8 1740
687 55620 56340 1 3 720
688 56460 59760 3 6 3300
689 59880 61620 6 8 1740
690 62820 63540 1 3 720
691 63660 66960 3 6 3300
692 67080 68820 6 8 1740
693 70020 70740 1 3 720
694 70860 74160 3 6 3300
695 74280 76020 6 8 1740
696 77220 77940 1 3 720
700 26520 29160 5 0 2640
701 29760 32400 0 5 2640
702 32520 34260 5 7 1740
703 35760 38400 0 5 2640
704 38520 40260 5 7 1740
705 41760 44400 0 5 2640
706 44520 46260 5 7 1740
707 47760 50400 0 5 2640
708 50520 52260 5 7 1740
709 53760 56400 0 5 2640
710 56520 58260 5 7 1740
711 59760 62400 0 5 2640
712 62520 64260 5 7 1740
713 65760 68400 0 5 2640
714 68520 70260 5 7 1740
715 71760 74400 0 5 2640
716 74520 76260 5 7 1740
721 32820 34860 7 9 2040
722 34980 37380 9 6 2400
723 40020 42060 7 9 2040
724 42180 44580 9 6 2400
725 47220 49260 7 9 2040
726 49380 51780 9 6 2400
727 54420 56460 7 9 2040
728 56580 58980 9 6 2400
729 61620 63660 7 9 2040
730 63780 66180 9 6 2400
731 68820 70860 7 9 2040
732 70980 73380 9 6 2400
735 24840 25560 3 1 720
736 25800 27600 1 9 1800
737 27720 29280 9 5 1560
738 32520 34080 5 9 1560
739 34200 36000 9 1 1800
740 36120 36840 1 3 720
741 39720 41280 5 9 1560
742 41400 43200 9 1 1800
743 43320 44040 1 3 720
744 46920 48480 5 9 1560
745 48600 50400 9 1 1800
746 50520 51240 1 3 720
747 54120 55680 5 9 1560
748 55800 57600 9 1 1800
749 57720 58440 1 3 720
750 61320 62880 5 9 1560
751 63000 64800 9 1 1800
752 64920 65640 1 3 720
753 68520 70080 5 9 1560
754 70200 72000 9 1 1800
755 72120 72840 1 3 720
756 75720 77280 5 9 1560
757 77400 79200 9 1 1800
758 79320 80040 1 3 720
759 24960 27600 0 5 2640
760 27720 29460 5 7 1740
761 30660 32400 7 5 1740
762 32520 35160 5 0 2640
763 36660 38400 7 5 1740
764 38520 41160 5 0 2640
765 42660 44400 7 5 1740
766 44520 47160 5 0 2640
767 48660 50400 7 5 1740
768 50520 53160 5 0 2640
769 54660 56400 7 5 1740
770 56520 59160 5 0 2640
771 60660 62400 7 5 1740
772 62520 65160 5 0 2640
773 66660 68400 7 5 1740
774 68520 71160 5 0 2640
775 72660 74400 7 5 1740
776 74520 77160 5 0 2640
777 78660 80400 7 5 1740
778 80520 83160 5 0 2640
779 25020 25920 3 0 900
780 26040 27360 0 2 1320
781 27480 30780 2 12 3300
782 30900 31980 12 11 1080
783 36120 37200 11 12 1080
784 37320 40620 12 2 3300
785 40740 42060 2 0 1320
786 42180 43080 0 3 900
787 46920 48000 11 12 1080
788 48120 51420 12 2 3300
789 51540 52860 2 0 1320
790 52980 53880 0 3 900
791 57720 58800 11 12 1080
792 58920 62220 12 2 3300
793 62340 63660 2 0 1320
794 63780 64680 0 3 900
795 68520 69600 11 12 1080
796 69720 73020 12 2 3300
797 73140 74460 2 0 1320
798 74580 75480 0 3 900
799 79020 79920 3 0 900
800 80040 81360 0 2 1320
801 81480 84780 2 12 3300
802 84900 85980 12 11 1080
803 90120 91200 11 12 1080
804 91320 94620 12 2 3300
805 94740 96060 2 0 1320
808 28320 31620 12 2 3300
809 31740 33060 2 0 1320
810 33180 34320 0 1 1140
811 36600 37740 1 0 1140
812 37860 39180 0 2 1320
813 39300 42600 2 12 3300
814 42720 45900 12 13 3180
815 47400 48540 1 0 1140
816 48660 49980 0 2 1320
817 50100 53400 2 12 3300
818 53520 56700 12 13 3180
819 58200 59340 1 0 1140
820 59460 60780 0 2 1320
821 60900 64200 2 12 3300
822 64320 67500 12 13 3180
823 69000 70140 1 0 1140
824 70260 71580 0 2 1320
825 71700 75000 2 12 3300
826 75120 78300 12 13 3180
827 79020 82200 13 12 3180
828 82320 85620 12 2 3300
829 85740 87060 2 0 1320
830 87180 88320 0 1 1140
831 90600 91740 1 0 1140
832 91860 93180 0 2 1320
837 28800 29700 12 10 900
838 32940 33840 10 12 900
839 33960 35040 12 11 1080
840 35160 37440 11 13 2280
841 40140 41040 10 12 900
842 41160 42240 12 11 1080
843 42360 44640 11 13 2280
844 47340 48240 10 12 900
845 48360 49440 12 11 1080
846 49560 51840 11 13 2280
847 54540 55440 10 12 900
848 55560 56640 12 11 1080
849 56760 59040 11 13 2280
850 61740 62640 10 12 900
851 62760 63840 12 11 1080
852 63960 66240 11 13 2280
853 68940 69840 10 12 900
854 69960 71040 12 11 1080
855 71160 73440 11 13 2280
856 76140 77040 10 12 900
857 77160 78240 12 11 1080
858 78360 80640 11 13 2280
859 25260 26580 0 2 1320
860 26700 30000 2 12 3300
861 33720 37020 12 2 3300
862 37140 38460 2 0 1320
863 40920 44220 12 2 3300
864 44340 45660 2 0 1320
865 48120 51420 12 2 3300
866 51540 52860 2 0 1320
867 55320 58620 12 2 3300
868 58740 60060 2 0 1320
869 62520 65820 12 2 3300
870 65940 67260 2 0 1320
871 69720 73020 12 2 3300
872 73140 74460 2 0 1320
873 76920 80220 12 2 3300
874 80340 81660 2 0 1320
877 28920 29640 1 3 720
878 32040 32760 3 1 720
879 33000 34800 1 9 1800
880 34920 36480 9 5 1560
881 39240 39960 3 1 720
882 40200 42000 1 9 1800
883 42120 43680 9 5 1560
884 46440 47160 3 1 720
885 47400 49200 1 9 1800
886 49320 50880 9 5 1560
887 53640 54360 3 1 720
888 54600 56400 1 9 1800
889 56520 58080 9 5 1560
890 60840 61560 3 1 720
891 61800 63600 1 9 1800
892 63720 65280 9 5 1560
893 68040 68760 3 1 720
894 69000 70800 1 9 1800
895 70920 72480 9 5 1560
896 75240 75960 3 1 720
897 76200 78000 1 9 1800
898 78120 79680 9 5 1560
901 29940 31260 2 0 1320
902 31380 32280 0 3 900
903 35820 36720 3 0 900
904 36840 38160 0 2 1320
905 38280 41580 2 12 3300
906 41700 42780 12 11 1080
907 46620 47520 3 0 900
908 47640 48960 0 2 1320
909 49080 52380 2 12 3300
910 52500 53580 12 11 1080
911 57420 58320 3 0 900
912 58440 59760 0 2 1320
913 59880 63180 2 12 3300
914 63300 64380 12 11 1080
915 68220 69120 3 0 900
916 69240 70560 0 2 1320
917 70680 73980 2 12 3300
918 74100 75180 12 11 1080
919 25500 26400 0 3 900
920 26640 29940 3 6 3300
921 30540 33840 6 3 3300
922 33960 34860 3 0 900
923 37740 41040 6 3 3300
924 41160 42060 3 0 900
925 44940 48240 6 3 3300
926 48360 49260 3 0 900
927 52140 55440 6 3 3300
928 55560 56460 3 0 900
929 59340 62640 6 3 3300
930 62760 63660 3 0 900
931 66540 69840 6 3 3300
932 69960 70860 3 0 900
933 73740 77040 6 3 3300
934 77160 78060 3 0 900
937 31200 33000 1 9 1800
938 33120 35160 9 7 2040
939 38400 40200 1 9 1800
940 40320 42360 9 7 2040
941 45600 47400 1 9 1800
942 47520 49560 9 7 2040
943 52800 54600 1 9 1800
944 54720 56760 9 7 2040
945 60000 61800 1 9 1800
946 61920 63960 9 7 2040
947 67200 69000 1 9 1800
948 69120 71160 9 7 2040
949 74400 76200 1 9 1800
952 27480 28500 6 4 1020
953 28680 31320 4 3 2640
954 31440 32340 3 0 900
955 32460 33780 0 2 1320
956 37920 39240 2 0 1320
957 39360 40260 0 3 900
958 40380 43020 3 4 2640
959 43140 44160 4 6 1020
960 44280 46020 6 8 1740
961 48720 50040 2 0 1320
962 50160 51060 0 3 900
963 51180 53820 3 4 2640
964 53940 54960 4 6 1020
965 55080 56820 6 8 1740
966 59520 60840 2 0 1320
967 60960 61860 0 3 900
968 61980 64620 3 4 2640
969 64740 65760 4 6 1020
970 65880 67620 6 8 1740
971 70320 71640 2 0 1320
972 71760 72660 0 3 900
973 72780 75420 3 4 2640
974 75540 76560 4 6 1020
978 31860 34260 6 9 2400
979 34380 36420 9 7 2040
980 39060 41460 6 9 2400
981 41580 43620 9 7 2040
982 46260 48660 6 9 2400
983 48780 50820 9 7 2040
984 53460 55860 6 9 2400
985 55980 58020 9 7 2040
986 60660 63060 6 9 2400
987 63180 65220 9 7 2040
988 67860 70260 6 9 2400
989 70380 72420 9 7 2040
990 75060 77460 6 9 2400
993 27600 28740 1 0 1140
994 28860 30180 0 2 1320
995 30300 32700 2 10 2400
996 32820 33720 10 12 900
997 33840 34920 12 11 1080
998 36900 37980 11 12 1080
999 38100 39000 12 10 900
1000 39120 41520 10 2 2400
1001 41640 42960 2 0 1320
1002 43080 44220 0 1 1140
1003 44340 46140 1 9 1800
1004 47700 48780 11 12 1080
1005 48900 49800 12 10 900
1006 49920 52320 10 2 2400
1007 52440 53760 2 0 1320
1008 53880 55020 0 1 1140
1009 55140 56940 1 9 1800
1010 58500 59580 11 12 1080
1011 59700 60600 12 10 900
1012 60720 63120 10 2 2400
1013 63240 64560 2 0 1320
1014 64680 65820 0 1 1140
1015 65940 67740 1 9 1800
1016 69300 70380 11 12 1080
1017 70500 71400 12 10 900
1018 71520 73920 10 2 2400
1019 74040 75360 2 0 1320
1020 75480 76620 0 1 1140
1025 32400 34680 13 11 2280
1026 34800 35880 11 12 1080
1027 36000 36900 12 10 900
1028 39600 41880 13 11 2280
1029 42000 43080 11 12 1080
1030 43200 44100 12 10 900
1031 46800 49080 13 11 2280
1032 49200 50280 11 12 1080
1033 50400 51300 12 10 900
1034 54000 56280 13 11 2280
1035 56400 57480 11 12 1080
1036 57600 58500 12 10 900
1037 61200 63480 13 11 2280
1038 63600 64680 11 12 1080
1039 64800 65700 12 10 900
1040 68400 70680 13 11 2280
1041 70800 71880 11 12 1080
1042 72000 72900 12 10 900
1043 75600 77880 13 11 2280
1044 78000 79080 11 12 1080
1045 79200 80100 12 10 900
1046 25800 26940 1 0 1140
1047 27060 28380 0 2 1320
1048 28500 31800 2 12 3300
1049 31920 35100 12 13 3180
1050 35820 39000 13 12 3180
1051 39120 42420 12 2 3300
1052 42540 43860 2 0 1320
1053 43980 45120 0 1 1140
1054 46620 49800 13 12 3180
1055 49920 53220 12 2 3300
1056 53340 54660 2 0 1320
1057 54780 55920 0 1 1140
1058 57420 60600 13 12 3180
1059 60720 64020 12 2 3300
1060 64140 65460 2 0 1320
1061 65580 66720 0 1 1140
1062 68220 71400 13 12 3180
1063 71520 74820 12 2 3300
1064 74940 76260 2 0 1320
1065 76380 77520 0 1 1140
1067 27720 30360 5 0 2640
1068 30960 33600 0 5 2640
1069 33720 35460 5 7 1740
1070 36960 39600 0 5 2640
1071 39720 41460 5 7 1740
1072 42960 45600 0 5 2640
1073 45720 47460 5 7 1740
1074 48960 51600 0 5 2640
1075 51720 53460 5 7 1740
1076 54960 57600 0 5 2640
1077 57720 59460 5 7 1740
1078 60960 63600 0 5 2640
1079 63720 65460 5 7 1740
1080 66960 69600 0 5 2640
1081 69720 71460 5 7 1740
1082 72960 75600 0 5 2640
1083 75720 77460 5 7 1740
1087 27300 28200 12 10 900
1088 28320 30720 10 2 2400
1089 30840 32160 2 0 1320
1090 32280 33420 0 1 1140
1091 33540 35340 1 9 1800
1092 36480 38280 9 1 1800
1093 38400 39540 1 0 1140
1094 39660 40980 0 2 1320
1095 41100 43500 2 10 2400
1096 43620 44520 10 12 900
1097 44640 45720 12 11 1080
1098 47280 49080 9 1 1800
1099 49200 50340 1 0 1140
1100 50460 51780 0 2 1320
1101 51900 54300 2 10 2400
1102 54420 55320 10 12 900
1103 55440 56520 12 11 1080
1104 58080 59880 9 1 1800
1105 60000 61140 1 0 1140
1106 61260 62580 0 2 1320
1107 62700 65100 2 10 2400
1108 65220 66120 10 12 900
1109 66240 67320 12 11 1080
1110 68880 70680 9 1 1800
1111 70800 71940 1 0 1140
1112 72060 73380 0 2 1320
1113 73500 75900 2 10 2400
1114 76020 76920 10 12 900
1115 77040 78120 12 11 1080
1116 26100 27660 5 9 1560
1117 27780 30180 9 6 2400
1118 30300 31320 6 4 1020
1119 34320 35340 4 6 1020
1120 35460 37860 6 9 2400
1121 37980 39540 9 5 1560
1122 41520 42540 4 6 1020
1123 42660 45060 6 9 2400
1124 45180 46740 9 5 1560
1125 48720 49740 4 6 1020
1126 49860 52260 6 9 2400
1127 52380 53940 9 5 1560
1128 55920 56940 4 6 1020
1129 57060 59460 6 9 2400
1130 59580 61140 9 5 1560
1131 63120 64140 4 6 1020
1132 64260 66660 6 9 2400
1133 66780 68340 9 5 1560
1134 70320 71340 4 6 1020
1135 71460 73860 6 9 2400
1136 73980 75540 9 5 1560
1137 77520 78540 4 6 1020
1140 26160 28800 0 5 2640
1141 28920 30660 5 7 1740
1142 31860 33600 7 5 1740
1143 33720 36360 5 0 2640
1144 37860 39600 7 5 1740
1145 39720 42360 5 0 2640
1146 43860 45600 7 5 1740
1147 45720 48360 5 0 2640
1148 49860 51600 7 5 1740
1149 51720 54360 5 0 2640
1150 55860 57600 7 5 1740
1151 57720 60360 5 0 2640
1152 61860 63600 7 5 1740
1153 63720 66360 5 0 2640
1154 67860 69600 7 5 1740
1155 69720 72360 5 0 2640
1156 73860 75600 7 5 1740
1157 75720 78360 5 0 2640
1159 29940 31260 2 0 1320
1160 32460 33780 0 2 1320
1161 33900 37200 2 12 3300
1162 39660 40980 0 2 1320
1163 41100 44400 2 12 3300
1164 46860 48180 0 2 1320
1165 48300 51600 2 12 3300
1166 54060 55380 0 2 1320
1167 55500 58800 2 12 3300
1168 61260 62580 0 2 1320
1169 62700 66000 2 12 3300
1170 68460 69780 0 2 1320
1171 69900 73200 2 12 3300
1172 75660 76980 0 2 1320
1173 77100 80400 2 12 3300
1175 29580 30300 3 1 720
1176 30420 31560 1 0 1140
1177 34560 35700 0 1 1140
1178 35820 36540 1 3 720
1179 36780 39420 3 4 2640
1180 41760 42900 0 1 1140
1181 43020 43740 1 3 720
1182 43980 46620 3 4 2640
1183 48960 50100 0 1 1140
1184 50220 50940 1 3 720
1185 51180 53820 3 4 2640
1186 56160 57300 0 1 1140
1187 57420 58140 1 3 720
1188 58380 61020 3 4 2640
1189 63360 64500 0 1 1140
1190 64620 65340 1 3 720
1191 65580 68220 3 4 2640
1192 70560 71700 0 1 1140
1193 71820 72540 1 3 720
1194 72780 75420 3 4 2640
1195 77760 78900 0 1 1140
1196 79020 79740 1 3 720
1198 26820 27540 1 3 720
1199 27660 30960 3 6 3300
1200 31080 32820 6 8 1740
1201 35100 36840 8 6 1740
1202 36960 40260 6 3 3300
1203 40380 41100 3 1 720
1204 42300 44040 8 6 1740
1205 44160 47460 6 3 3300
1206 47580 48300 3 1 720
1207 49500 51240 8 6 1740
1208 51360 54660 6 3 3300
1209 54780 55500 3 1 720
1210 56700 58440 8 6 1740
1211 58560 61860 6 3 3300
1212 61980 62700 3 1 720
1213 63900 65640 8 6 1740
1214 65760 69060 6 3 3300
1215 69180 69900 3 1 720
1216 71100 72840 8 6 1740
1217 72960 76260 6 3 3300
1218 76380 77100 3 1 720
1219 78300 80040 8 6 1740
1220 80160 83460 6 3 3300
1221 83580 84300 3 1 720
1223 30120 33420 12 2 3300
1224 33540 34860 2 0 1320
1225 34980 36120 0 1 1140
1226 38400 39540 1 0 1140
1227 39660 40980 0 2 1320
1228 41100 44400 2 12 3300
1229 44520 47700 12 13 3180
1230 49200 50340 1 0 1140
1231 50460 51780 0 2 1320
1232 51900 55200 2 12 3300
1233 55320 58500 12 13 3180
1234 60000 61140 1 0 1140
1235 61260 62580 0 2 1320
1236 62700 66000 2 12 3300
1237 66120 69300 12 13 3180
1238 70800 71940 1 0 1140
1239 72060 73380 0 2 1320
1240 73500 76800 2 12 3300
1241 76920 80100 12 13 3180
1243 28920 31560 5 0 2640
1244 32160 34800 0 5 2640
1245 34920 36660 5 7 1740
1246 38160 40800 0 5 2640
1247 40920 42660 5 7 1740
1248 44160 46800 0 5 2640
1249 46920 48660 5 7 1740
1250 50160 52800 0 5 2640
1251 52920 54660 5 7 1740
1252 56160 58800 0 5 2640
1253 58920 60660 5 7 1740
1254 62160 64800 0 5 2640
1255 64920 66660 5 7 1740
1256 68160 70800 0 5 2640
1257 70920 72660 5 7 1740
1258 74160 76800 0 5 2640
1260 27120 28440 2 0 1320
1261 28560 29460 0 3 900
1262 29580 32220 3 4 2640
1263 32340 33360 4 6 1020
1264 33480 35220 6 8 1740
1265 36420 38160 8 6 1740
1266 38280 39300 6 4 1020
1267 39480 42120 4 3 2640
1268 42240 43140 3 0 900
1269 43260 44580 0 2 1320
1270 47220 48960 8 6 1740
1271 49080 50100 6 4 1020
1272 50280 52920 4 3 2640
1273 53040 53940 3 0 900
1274 54060 55380 0 2 1320
1275 58020 59760 8 6 1740
1276 59880 60900 6 4 1020
1277 61080 63720 4 3 2640
1278 63840 64740 3 0 900
1279 64860 66180 0 2 1320
1280 68820 70560 8 6 1740
1281 70680 71700 6 4 1020
1282 71880 74520 4 3 2640
1283 74640 75540 3 0 900
1284 75660 76980 0 2 1320
1286 28260 30660 6 9 2400
1287 30780 32340 9 5 1560
1288 33300 34860 5 9 1560
1289 34980 37380 9 6 2400
1290 37500 38520 6 4 1020
1291 40500 42060 5 9 1560
1292 42180 44580 9 6 2400
1293 44700 45720 6 4 1020
1294 47700 49260 5 9 1560
1295 49380 51780 9 6 2400
1296 51900 52920 6 4 1020
1297 54900 56460 5 9 1560
1298 56580 58980 9 6 2400
1299 59100 60120 6 4 1020
1300 62100 63660 5 9 1560
1301 63780 66180 9 6 2400
1302 66300 67320 6 4 1020
1303 69300 70860 5 9 1560
1304 70980 73380 9 6 2400
1305 73500 74520 6 4 1020
1309 27360 28500 0 1 1140
1310 28620 29340 1 3 720
1311 29580 32220 3 4 2640
1312 34020 36660 4 3 2640
1313 36780 37500 3 1 720
1314 37620 38760 1 0 1140
1315 41220 43860 4 3 2640
1316 43980 44700 3 1 720
1317 44820 45960 1 0 1140
1318 48420 51060 4 3 2640
1319 51180 51900 3 1 720
1320 52020 53160 1 0 1140
1321 55620 58260 4 3 2640
1322 58380 59100 3 1 720
1323 59220 60360 1 0 1140
1324 62820 65460 4 3 2640
1325 65580 66300 3 1 720
1326 66420 67560 1 0 1140
1327 70020 72660 4 3 2640
1328 72780 73500 3 1 720
1329 73620 74760 1 0 1140
1330 77220 79860 4 3 2640
1331 79980 80700 3 1 720
1332 80820 81960 1 0 1140
1334 29940 31260 2 0 1320
1335 31380 32280 0 3 900
1336 35040 35940 3 0 900
1337 36060 37380 0 2 1320
1338 37500 39900 2 10 2400
1339 42240 43140 3 0 900
1340 43260 44580 0 2 1320
1341 44700 47100 2 10 2400
1342 49440 50340 3 0 900
1343 50460 51780 0 2 1320
1344 51900 54300 2 10 2400
1345 56640 57540 3 0 900
1346 57660 58980 0 2 1320
1347 59100 61500 2 10 2400
1348 63840 64740 3 0 900
1349 64860 66180 0 2 1320
1350 66300 68700 2 10 2400
1351 71040 71940 3 0 900
1352 72060 73380 0 2 1320
1353 73500 75900 2 10 2400
1354 78240 79140 3 0 900
1355 79260 80580 0 2 1320
1356 80700 83100 2 10 2400
1357 27600 28740 1 0 1140
1358 28860 30180 0 2 1320
1359 30300 33600 2 12 3300
1360 33720 36900 12 13 3180
1361 37620 40800 13 12 3180
1362 40920 44220 12 2 3300
1363 44340 45660 2 0 1320
1364 45780 46920 0 1 1140
1365 48420 51600 13 12 3180
1366 51720 55020 12 2 3300
1367 55140 56460 2 0 1320
1368 56580 57720 0 1 1140
1369 59220 62400 13 12 3180
1370 62520 65820 12 2 3300
1371 65940 67260 2 0 1320
1372 67380 68520 0 1 1140
1373 70020 73200 13 12 3180
1374 73320 76620 12 2 3300
1375 76740 78060 2 0 1320
1376 78180 79320 0 1 1140
1377 27840 28740 3 0 900
1378 28860 30180 0 2 1320
1379 30300 32700 2 10 2400
1380 34620 37020 10 2 2400
1381 37140 38460 2 0 1320
1382 38580 39480 0 3 900
1383 41820 44220 10 2 2400
1384 44340 45660 2 0 1320
1385 45780 46680 0 3 900
1386 49020 51420 10 2 2400
1387 51540 52860 2 0 1320
1388 52980 53880 0 3 900
1389 56220 58620 10 2 2400
1390 58740 60060 2 0 1320
1391 60180 61080 0 3 900
1392 63420 65820 10 2 2400
1393 65940 67260 2 0 1320
1394 67380 68280 0 3 900
1395 70620 73020 10 2 2400
1396 73140 74460 2 0 1320
1397 74580 75480 0 3 900
1398 77820 80220 10 2 2400
1399 80340 81660 2 0 1320
1400 81780 82680 0 3 900
1402 29760 33060 6 3 3300
1403 33180 33900 3 1 720
1404 37620 38340 1 3 720
1405 38460 41760 3 6 3300
1406 41880 43620 6 8 1740
1407 44820 45540 1 3 720
1408 45660 48960 3 6 3300
1409 49080 50820 6 8 1740
1410 52020 52740 1 3 720
1411 52860 56160 3 6 3300
1412 56280 58020 6 8 1740
1413 59220 59940 1 3 720
1414 60060 63360 3 6 3300
1415 63480 65220 6 8 1740
1416 66420 67140 1 3 720
1417 67260 70560 3 6 3300
1418 70680 72420 6 8 1740
1419 73620 74340 1 3 720
1420 74460 77760 3 6 3300
1422 28620 29520 3 0 900
1423 29640 30960 0 2 1320
1424 31080 34380 2 12 3300
1425 34500 35580 12 11 1080
1426 39720 40800 11 12 1080
1427 40920 44220 12 2 3300
1428 44340 45660 2 0 1320
1429 45780 46680 0 3 900
1430 50520 51600 11 12 1080
1431 51720 55020 12 2 3300
1432 55140 56460 2 0 1320
1433 56580 57480 0 3 900
1434 61320 62400 11 12 1080
1435 62520 65820 12 2 3300
1436 65940 67260 2 0 1320
1437 67380 68280 0 3 900
1438 72120 73200 11 12 1080
1439 73320 76620 12 2 3300
1440 76740 78060 2 0 1320
1441 78180 79080 0 3 900
1443 31920 35220 12 2 3300
1444 35340 36660 2 0 1320
1445 36780 37920 0 1 1140
1446 40200 41340 1 0 1140
1447 41460 42780 0 2 1320
1448 42900 46200 2 12 3300
1449 46320 49500 12 13 3180
1450 51000 52140 1 0 1140
1451 52260 53580 0 2 1320
1452 53700 57000 2 12 3300
1453 57120 60300 12 13 3180
1454 61800 62940 1 0 1140
1455 63060 64380 0 2 1320
1456 64500 67800 2 12 3300
1457 67920 71100 12 13 3180
1458 72600 73740 1 0 1140
1459 73860 75180 0 2 1320
1460 75300 78600 2 12 3300
1461 78720 81900 12 13 3180
1462 28920 30480 5 9 1560
1463 30600 32400 9 1 1800
1464 32520 33240 1 3 720
1465 35640 36360 3 1 720
1466 36600 38400 1 9 1800
1467 38520 40080 9 5 1560
1469 30120 33420 12 2 3300
1470 33540 34860 2 0 1320
1471 34980 35880 0 3 900
1472 39420 40320 3 0 900
1473 40440 41760 0 2 1320
1474 41880 45180 2 12 3300
1475 45300 46380 12 11 1080
1476 50220 51120 3 0 900
1477 51240 52560 0 2 1320
1478 52680 55980 2 12 3300
1479 56100 57180 12 11 1080
1480 61020 61920 3 0 900
1481 62040 63360 0 2 1320
1482 63480 66780 2 12 3300
1483 66900 67980 12 11 1080
1484 71820 72720 3 0 900
1485 72840 74160 0 2 1320
1486 74280 77580 2 12 3300
1487 77700 78780 12 11 1080
1489 31080 32100 6 4 1020
1490 32280 34920 4 3 2640
1491 35040 35940 3 0 900
1492 36060 37380 0 2 1320
1493 41520 42840 2 0 1320
1494 42960 43860 0 3 900
1495 43980 46620 3 4 2640
1496 46740 47760 4 6 1020
1497 47880 49620 6 8 1740
1498 52320 53640 2 0 1320
1499 53760 54660 0 3 900
1500 54780 57420 3 4 2640
1501 57540 58560 4 6 1020
1502 58680 60420 6 8 1740
1503 63120 64440 2 0 1320
1504 64560 65460 0 3 900
1505 65580 68220 3 4 2640
1506 68340 69360 4 6 1020
1507 69480 71220 6 8 1740
1508 73920 75240 2 0 1320
1509 75360 76260 0 3 900
1510 76380 79020 3 4 2640
1511 79140 80160 4 6 1020
1513 29220 31260 7 9 2040
1514 31380 33780 9 6 2400
1515 35460 37860 6 9 2400
1516 37980 40020 9 7 2040
1517 29280 31080 9 1 1800
1518 31200 32340 1 0 1140
1519 32460 33780 0 2 1320
1520 33900 36300 2 10 2400
1521 36420 37320 10 12 900
1522 37440 38520 12 11 1080
1523 40500 41580 11 12 1080
1524 41700 42600 12 10 900
1525 42720 45120 10 2 2400
1526 45240 46560 2 0 1320
1527 46680 47820 0 1 1140
1528 47940 49740 1 9 1800
1529 51300 52380 11 12 1080
1530 52500 53400 12 10 900
1531 53520 55920 10 2 2400
1532 56040 57360 2 0 1320
1533 57480 58620 0 1 1140
1534 58740 60540 1 9 1800
1535 62100 63180 11 12 1080
1536 63300 64200 12 10 900
1537 64320 66720 10 2 2400
1538 66840 68160 2 0 1320
1539 68280 69420 0 1 1140
1540 69540 71340 1 9 1800
1541 72900 73980 11 12 1080
1542 74100 75000 12 10 900
1543 75120 77520 10 2 2400
1544 77640 78960 2 0 1320
1545 79080 80220 0 1 1140
1547 29400 30540 1 0 1140
1548 30660 31980 0 2 1320
1549 32100 35400 2 12 3300
1550 35520 38700 12 13 3180
1551 39420 42600 13 12 3180
1552 42720 46020 12 2 3300
1553 46140 47460 2 0 1320
1554 47580 48720 0 1 1140
1555 50220 53400 13 12 3180
1556 53520 56820 12 2 3300
1557 56940 58260 2 0 1320
1558 58380 59520 0 1 1140
1559 61020 64200 13 12 3180
1560 64320 67620 12 2 3300
1561 67740 69060 2 0 1320
1562 69180 70320 0 1 1140
1563 71820 75000 13 12 3180
1564 75120 78420 12 2 3300
1565 78540 79860 2 0 1320
1568 30900 31800 12 10 900
1569 31920 34320 10 2 2400
1570 34440 35760 2 0 1320
1571 35880 37020 0 1 1140
1572 37140 38940 1 9 1800
1573 40080 41880 9 1 1800
1574 42000 43140 1 0 1140
1575 43260 44580 0 2 1320
1576 44700 47100 2 10 2400
1577 47220 48120 10 12 900
1578 48240 49320 12 11 1080
1579 50880 52680 9 1 1800
1580 52800 53940 1 0 1140
1581 54060 55380 0 2 1320
1582 55500 57900 2 10 2400
1583 58020 58920 10 12 900
1584 59040 60120 12 11 1080
1585 61680 63480 9 1 1800
1586 63600 64740 1 0 1140
1587 64860 66180 0 2 1320
1588 66300 68700 2 10 2400
1589 68820 69720 10 12 900
1590 69840 70920 12 11 1080
1591 72480 74280 9 1 1800
1592 74400 75540 1 0 1140
1593 75660 76980 0 2 1320
1594 77100 79500 2 10 2400
1595 79620 80520 10 12 900
1597 30420 31140 1 3 720
1598 31260 34560 3 6 3300
1599 34680 36420 6 8 1740
1600 38700 40440 8 6 1740
1601 40560 43860 6 3 3300
1602 43980 44700 3 1 720
1604 33720 37020 12 2 3300
1605 37140 38460 2 0 1320
1606 38580 39720 0 1 1140
1607 42000 43140 1 0 1140
1608 43260 44580 0 2 1320
1609 44700 48000 2 12 3300
1610 48120 51300 12 13 3180
1611 52800 53940 1 0 1140
1612 54060 55380 0 2 1320
1613 55500 58800 2 12 3300
1614 58920 62100 12 13 3180
1615 63600 64740 1 0 1140
1616 64860 66180 0 2 1320
1617 66300 69600 2 12 3300
1618 69720 72900 12 13 3180
1619 74400 75540 1 0 1140
1620 75660 76980 0 2 1320
1621 77100 80400 2 12 3300
1622 80520 83700 12 13 3180
1623 30720 32040 2 0 1320
1624 32160 33060 0 3 900
1625 33180 35820 3 4 2640
1626 35940 36960 4 6 1020
1627 37080 38820 6 8 1740
1628 40020 41760 8 6 1740
1629 41880 42900 6 4 1020
1630 43080 45720 4 3 2640
1631 45840 46740 3 0 900
1632 46860 48180 0 2 1320
1633 50820 52560 8 6 1740
1634 52680 53700 6 4 1020
1635 53880 56520 4 3 2640
1636 56640 57540 3 0 900
1637 57660 58980 0 2 1320
1638 61620 63360 8 6 1740
1639 63480 64500 6 4 1020
1640 64680 67320 4 3 2640
1641 67440 68340 3 0 900
1642 68460 69780 0 2 1320
1643 72420 74160 8 6 1740
1644 74280 75300 6 4 1020
1645 75480 78120 4 3 2640
1646 78240 79140 3 0 900
1647 79260 80580 0 2 1320
1648 31200 32340 1 0 1140
1649 32460 33780 0 2 1320
1650 33900 37200 2 12 3300
1651 37320 40500 12 13 3180
1652 41220 44400 13 12 3180
1653 44520 47820 12 2 3300
1654 47940 49260 2 0 1320
1655 49380 50520 0 1 1140
1656 52020 55200 13 12 3180
1657 55320 58620 12 2 3300
1658 58740 60060 2 0 1320
1659 60180 61320 0 1 1140
1660 62820 66000 13 12 3180
1661 66120 69420 12 2 3300
1662 69540 70860 2 0 1320
1663 70980 72120 0 1 1140
1664 73620 76800 13 12 3180
1665 76920 80220 12 2 3300
1666 80340 81660 2 0 1320
1668 32520 33600 11 12 1080
1669 33720 37020 12 2 3300
1670 37140 38460 2 0 1320
1671 38580 39480 0 3 900
1672 43020 43920 3 0 900
1673 44040 45360 0 2 1320
1674 45480 48780 2 12 3300
1675 48900 49980 12 11 1080
1676 32700 33600 0 3 900
1677 33840 37140 3 6 3300
1678 37740 41040 6 3 3300
1679 41160 42060 3 0 900
1680 32760 34800 7 9 2040
1681 34920 36720 9 1 1800
1682 38400 40200 1 9 1800
1683 40320 42360 9 7 2040
1684 33000 34140 1 0 1140
1685 34260 35580 0 2 1320
1686 35700 39000 2 12 3300
1687 39120 42300 12 13 3180
1688 43020 46200 13 12 3180
1689 46320 49620 12 2 3300
1690 49740 51060 2 0 1320
1691 51180 52320 0 1 1140
1692 33060 34800 7 5 1740
1693 34920 37560 5 0 2640
1694 38160 40800 0 5 2640
1695 40920 42660 5 7 1740
1696 36120 37680 5 9 1560
1697 37800 39600 9 1 1800
1698 39720 40440 1 3 720
1699 42840 43560 3 1 720
1700 43800 45600 1 9 1800
1701 45720 47280 9 5 1560
1702 36420 38460 7 9 2040
1703 38580 40980 9 6 2400
1704 42660 45060 6 9 2400
1705 45180 47220 9 7 2040
1706 39060 40800 7 5 1740
1707 40920 43560 5 0 2640
1708 44160 46800 0 5 2640
1709 46920 48660 5 7 1740
1710 39900 40800 0 3 900
1711 41040 44340 3 6 3300
1712 44940 48240 6 3 3300
1713 48360 49260 3 0 900
1714 39960 42000 7 9 2040
1715 42120 43920 9 1 1800
1716 45600 47400 1 9 1800
1717 47520 49560 9 7 2040
1718 43320 44880 5 9 1560
1719 45000 46800 9 1 1800
1720 46920 47640 1 3 720
1721 50040 50760 3 1 720
1722 51000 52800 1 9 1800
1723 52920 54480 9 5 1560
1724 43320 44400 11 12 1080
1725 44520 47820 12 2 3300
1726 47940 49260 2 0 1320
1727 49380 50280 0 3 900
1728 53820 54720 3 0 900
1729 54840 56160 0 2 1320
1730 56280 59580 2 12 3300
1731 59700 60780 12 11 1080
1732 43620 45660 7 9 2040
1733 45780 48180 9 6 2400
1734 49860 52260 6 9 2400
1735 52380 54420 9 7 2040
1736 43800 44940 1 0 1140
1737 45060 46380 0 2 1320
1738 46500 49800 2 12 3300
1739 49920 53100 12 13 3180
1740 53820 57000 13 12 3180
1741 57120 60420 12 2 3300
1742 60540 61860 2 0 1320
1743 61980 63120 0 1 1140
1744 45060 46800 7 5 1740
1745 46920 49560 5 0 2640
1746 50160 52800 0 5 2640
1747 52920 54660 5 7 1740
1748 47100 48000 0 3 900
1749 48240 51540 3 6 3300
1750 52140 55440 6 3 3300
1751 55560 56460 3 0 900
1752 47160 49200 7 9 2040
1753 49320 51120 9 1 1800
1754 52800 54600 1 9 1800
1755 54720 56760 9 7 2040
1756 50520 52080 5 9 1560
1757 52200 54000 9 1 1800
1758 54120 54840 1 3 720
1759 57240 57960 3 1 720
1760 58200 60000 1 9 1800
1761 60120 61680 9 5 1560
1762 50820 52860 7 9 2040
1763 52980 55380 9 6 2400
1764 57060 59460 6 9 2400
1765 59580 61620 9 7 2040
1766 51060 52800 7 5 1740
1767 52920 55560 5 0 2640
1768 56160 58800 0 5 2640
1769 58920 60660 5 7 1740
1770 54120 55200 11 12 1080
1771 55320 58620 12 2 3300
1772 58740 60060 2 0 1320
1773 60180 61080 0 3 900
1774 64620 65520 3 0 900
1775 65640 66960 0 2 1320
1776 67080 70380 2 12 3300
1777 70500 71580 12 11 1080
1778 54300 55200 0 3 900
1779 55440 58740 3 6 3300
1780 59340 62640 6 3 3300
1781 62760 63660 3 0 900
1782 54360 56400 7 9 2040
1783 56520 58320 9 1 1800
1784 60000 61800 1 9 1800
1785 61920 63960 9 7 2040
1786 54600 55740 1 0 1140
1787 55860 57180 0 2 1320
1788 57300 60600 2 12 3300
1789 60720 63900 12 13 3180
1790 64620 67800 13 12 3180
1791 67920 71220 12 2 3300
1792 71340 72660 2 0 1320
1793 72780 73920 0 1 1140
1794 57060 58800 7 5 1740
1795 58920 61560 5 0 2640
1796 62160 64800 0 5 2640
1797 64920 66660 5 7 1740
1798 57720 59280 5 9 1560
1799 59400 61200 9 1 1800
1800 61320 62040 1 3 720
1801 64440 65160 3 1 720
1802 65400 67200 1 9 1800
1803 67320 68880 9 5 1560
1804 58020 60060 7 9 2040
1805 60180 62580 9 6 2400
1806 64260 66660 6 9 2400
1807 66780 68820 9 7 2040
1808 61500 62400 0 3 900
1809 62640 65940 3 6 3300
1810 66540 69840 6 3 3300
1811 69960 70860 3 0 900
1812 61560 63600 7 9 2040
1813 63720 65520 9 1 1800
1814 67200 69000 1 9 1800
1815 69120 71160 9 7 2040
1816 63060 64800 7 5 1740
1817 64920 67560 5 0 2640
1818 68160 70800 0 5 2640
1819 70920 72660 5 7 1740
1820 64920 66480 5 9 1560
1821 66600 68400 9 1 1800
1822 68520 69240 1 3 720
1823 71640 72360 3 1 720
1824 72600 74400 1 9 1800
1825 74520 76080 9 5 1560
1826 64920 66000 11 12 1080
1827 66120 69420 12 2 3300
1828 69540 70860 2 0 1320
1829 70980 71880 0 3 900
1830 75420 76320 3 0 900
1831 76440 77760 0 2 1320
1832 77880 81180 2 12 3300
1834 65220 67260 7 9 2040
1835 67380 69780 9 6 2400
1836 71460 73860 6 9 2400
1837 73980 76020 9 7 2040
1838 65400 66540 1 0 1140
1839 66660 67980 0 2 1320
1840 68100 71400 2 12 3300
1841 71520 74700 12 13 3180
1842 75420 78600 13 12 3180
1843 78720 82020 12 2 3300
1844 82140 83460 2 0 1320
1845 83580 84720 0 1 1140
1846 68700 69600 0 3 900
1847 69840 73140 3 6 3300
1848 73740 77040 6 3 3300
1849 77160 78060 3 0 900
1850 68760 70800 7 9 2040
1851 70920 72720 9 1 1800
1852 74400 76200 1 9 1800
1854 69060 70800 7 5 1740
1855 70920 73560 5 0 2640
1856 74160 76800 0 5 2640
1858 72120 73680 5 9 1560
1859 73800 75600 9 1 1800
1860 75720 76440 1 3 720
1861 78840 79560 3 1 720
1864 72420 74460 7 9 2040
1865 74580 76980 9 6 2400
1868 75060 76800 7 5 1740
1869 76920 79560 5 0 2640
1872 75720 76800 11 12 1080
1873 76920 80220 12 2 3300
1874 80340 81660 2 0 1320
1875 81780 82680 0 3 900
1876 86220 87120 3 0 900
1877 87240 88560 0 2 1320
1880 75900 76800 0 3 900
1881 77040 80340 3 6 3300
1882 80940 84240 6 3 3300
1883 84360 85260 3 0 900
1884 75960 78000 7 9 2040
1885 78120 79920 9 1 1800
1888 76200 77340 1 0 1140
1889 77460 78780 0 2 1320
1890 78900 82200 2 12 3300
1891 82320 85500 12 13 3180
1892 86220 89400 13 12 3180
1893 89520 92820 12 2 3300
1894 92940 94260 2 0 1320
