0 3 15
1 3 12
5 9 26
4 6 17
2 10 40
10 12 15
11 12 18
3 0 15
3 1 12
9 5 26
6 4 17
10 2 40
12 10 15
12 11 18
6 9 40
9 6 40
0 1 19
1 0 19
5 7 29
7 5 29
13 14 13
14 13 13
3 15 12
15 3 12
5 16 15
16 5 15
0 16 27
16 0 27
0 17 13
17 0 13
2 17 7
17 2 7
2 18 31
18 2 31
12 18 22
18 12 22
8 19 6
19 8 6
6 19 21
19 6 21
11 20 12
20 11 12
13 20 24
20 13 24
6 21 11
21 6 11
1 22 14
22 1 14
9 22 14
22 9 14
12 23 27
23 12 27
14 23 9
23 14 9
3 24 13
24 3 13
21 25 11
25 21 11
24 25 14
25 24 14
7 26 22
26 7 22
9 26 10
26 9 10
4 27 23
27 4 23
15 27 5
27 15 5
