0 29700 31320 13 8 1620
1 31440 33840 8 3 2400
2 33960 34740 3 0 780
3 36900 38520 13 8 1620
4 38640 41040 8 3 2400
5 41160 41940 3 0 780
6 44100 45720 13 8 1620
7 45840 48240 8 3 2400
8 48360 49140 3 0 780
9 51300 52920 13 8 1620
10 53040 55440 8 3 2400
11 55560 56340 3 0 780
12 58500 60120 13 8 1620
13 60240 62640 8 3 2400
14 62760 63540 3 0 780
15 65700 67320 13 8 1620
16 67440 69840 8 3 2400
17 69960 70740 3 0 780
18 72900 74520 13 8 1620
19 74640 77040 8 3 2400
20 77160 77940 3 0 780
21 79200 79980 0 3 780
22 80100 82500 3 8 2400
23 35400 38280 6 8 2880
24 38400 39900 8 7 1500
25 40140 40980 7 3 840
26 41100 41880 3 0 780
27 44160 46080 12 6 1920
28 46200 49080 6 8 2880
29 49200 50700 8 7 1500
30 50940 51780 7 3 840
31 51900 52680 3 0 780
32 54960 56880 12 6 1920
33 57000 59880 6 8 2880
34 60000 61500 8 7 1500
35 61740 62580 7 3 840
36 62700 63480 3 0 780
37 65760 67680 12 6 1920
38 67800 70680 6 8 2880
39 70800 72300 8 7 1500
40 72540 73380 7 3 840
41 73500 74280 3 0 780
42 76560 78480 12 6 1920
43 78600 81480 6 8 2880
44 81600 83100 8 7 1500
45 83340 84180 7 3 840
46 35040 37440 8 3 2400
47 37560 38340 3 0 780
48 39240 42120 6 8 2880
49 42240 44640 8 3 2400
50 44760 45540 3 0 780
51 46440 49320 6 8 2880
52 49440 51840 8 3 2400
53 51960 52740 3 0 780
54 53640 56520 6 8 2880
55 56640 59040 8 3 2400
56 59160 59940 3 0 780
57 60840 63720 6 8 2880
58 63840 66240 8 3 2400
59 66360 67140 3 0 780
60 68040 70920 6 8 2880
61 71040 73440 8 3 2400
62 73560 74340 3 0 780
63 75240 78120 6 8 2880
64 78240 80640 8 3 2400
65 80760 81540 3 0 780
66 25020 26880 1 8 1860
67 27000 28620 8 13 1620
68 32040 33660 13 8 1620
69 33780 35640 8 1 1860
70 35820 38940 1 6 3120
71 42840 44460 13 8 1620
72 44580 46440 8 1 1860
73 46620 49740 1 6 3120
74 53640 55260 13 8 1620
75 55380 57240 8 1 1860
76 57420 60540 1 6 3120
77 64440 66060 13 8 1620
78 66180 68040 8 1 1860
79 68220 71340 1 6 3120
80 75240 76860 13 8 1620
81 76980 78840 8 1 1860
82 26880 29280 1 3 2400
83 29400 30240 3 7 840
84 32220 33060 7 3 840
85 33300 35700 3 1 2400
86 35820 37920 1 2 2100
87 38040 40680 2 4 2640
88 43020 43860 7 3 840
89 44100 46500 3 1 2400
90 46620 48720 1 2 2100
91 48840 51480 2 4 2640
92 53820 54660 7 3 840
93 54900 57300 3 1 2400
94 57420 59520 1 2 2100
95 59640 62280 2 4 2640
96 64620 65460 7 3 840
97 65700 68100 3 1 2400
98 68220 70320 1 2 2100
99 70440 73080 2 4 2640
100 75420 76260 7 3 840
101 76500 78900 3 1 2400
102 79020 81120 1 2 2100
103 81240 83880 2 4 2640
104 24240 26640 1 3 2400
105 26760 27540 3 0 780
106 29580 30360 0 3 780
107 30480 32880 3 1 2400
108 33000 35100 1 2 2100
109 36780 37560 0 3 780
110 37680 40080 3 1 2400
111 40200 42300 1 2 2100
112 43980 44760 0 3 780
113 44880 47280 3 1 2400
114 47400 49500 1 2 2100
115 51180 51960 0 3 780
116 52080 54480 3 1 2400
117 54600 56700 1 2 2100
118 58380 59160 0 3 780
119 59280 61680 3 1 2400
120 61800 63900 1 2 2100
121 65580 66360 0 3 780
122 66480 68880 3 1 2400
123 69000 71100 1 2 2100
124 72780 73560 0 3 780
125 73680 76080 3 1 2400
126 76200 78300 1 2 2100
127 34620 37800 6 13 3180
128 38940 39660 4 12 720
129 39780 41700 12 6 1920
130 41820 45000 6 13 3180
131 46140 46860 4 12 720
132 46980 48900 12 6 1920
133 49020 52200 6 13 3180
134 53340 54060 4 12 720
135 54180 56100 12 6 1920
136 56220 59400 6 13 3180
137 60540 61260 4 12 720
138 61380 63300 12 6 1920
139 63420 66600 6 13 3180
140 67740 68460 4 12 720
141 68580 70500 12 6 1920
142 70620 73800 6 13 3180
143 74940 75660 4 12 720
144 75780 77700 12 6 1920
145 77820 81000 6 13 3180
146 28020 31560 1 9 3540
147 31680 33120 9 11 1440
148 35160 36600 11 9 1440
149 36720 40260 9 1 3540
150 40380 42480 1 2 2100
151 42600 45240 2 4 2640
152 45360 46080 4 12 720
153 49560 51000 11 9 1440
154 51120 54660 9 1 3540
155 54780 56880 1 2 2100
156 57000 59640 2 4 2640
157 59760 60480 4 12 720
158 63960 65400 11 9 1440
159 65520 69060 9 1 3540
160 69180 71280 1 2 2100
161 71400 74040 2 4 2640
162 74160 74880 4 12 720
163 78360 79800 11 9 1440
164 79920 83460 9 1 3540
165 83580 85680 1 2 2100
166 85800 88440 2 4 2640
167 25800 29340 1 9 3540
168 29460 30900 9 11 1440
169 33420 34860 11 9 1440
170 34980 38520 9 1 3540
171 38640 41040 1 3 2400
172 41160 41940 3 0 780
173 44220 45660 11 9 1440
174 45780 49320 9 1 3540
175 49440 51840 1 3 2400
176 51960 52740 3 0 780
177 55020 56460 11 9 1440
178 56580 60120 9 1 3540
179 60240 62640 1 3 2400
180 62760 63540 3 0 780
181 65820 67260 11 9 1440
182 67380 70920 9 1 3540
183 71040 73440 1 3 2400
184 73560 74340 3 0 780
185 76620 78060 11 9 1440
186 78180 81720 9 1 3540
187 81840 84240 1 3 2400
188 25800 27900 1 2 2100
189 29220 31320 2 1 2100
190 31440 33840 1 3 2400
191 33960 34740 3 0 780
192 36420 38520 2 1 2100
193 38640 41040 1 3 2400
194 41160 41940 3 0 780
195 43620 45720 2 1 2100
196 45840 48240 1 3 2400
197 48360 49140 3 0 780
198 50820 52920 2 1 2100
199 53040 55440 1 3 2400
200 55560 56340 3 0 780
201 58020 60120 2 1 2100
202 60240 62640 1 3 2400
203 62760 63540 3 0 780
204 65220 67320 2 1 2100
205 67440 69840 1 3 2400
206 69960 70740 3 0 780
207 72420 74520 2 1 2100
208 74640 77040 1 3 2400
209 77160 77940 3 0 780
210 28800 29580 0 3 780
211 29700 32100 3 8 2400
212 32220 33840 8 13 1620
213 36000 36780 0 3 780
214 36900 39300 3 8 2400
215 39420 41040 8 13 1620
216 43200 43980 0 3 780
217 44100 46500 3 8 2400
218 46620 48240 8 13 1620
219 50400 51180 0 3 780
220 51300 53700 3 8 2400
221 53820 55440 8 13 1620
222 57600 58380 0 3 780
223 58500 60900 3 8 2400
224 61020 62640 8 13 1620
225 64800 65580 0 3 780
226 65700 68100 3 8 2400
227 68220 69840 8 13 1620
228 72000 72780 0 3 780
229 72900 75300 3 8 2400
230 75420 77040 8 13 1620
231 27600 29100 8 7 1500
232 29340 30180 7 3 840
233 30300 31080 3 0 780
234 32400 33180 0 3 780
235 33300 34140 3 7 840
236 34260 35760 7 8 1500
237 35880 38760 8 6 2880
238 38880 40800 6 12 1920
239 43200 43980 0 3 780
240 44100 44940 3 7 840
241 45060 46560 7 8 1500
242 46680 49560 8 6 2880
243 49680 51600 6 12 1920
244 54000 54780 0 3 780
245 54900 55740 3 7 840
246 55860 57360 7 8 1500
247 57480 60360 8 6 2880
248 60480 62400 6 12 1920
249 64800 65580 0 3 780
250 65700 66540 3 7 840
251 66660 68160 7 8 1500
252 68280 71160 8 6 2880
253 71280 73200 6 12 1920
254 75600 76380 0 3 780
255 76500 77340 3 7 840
256 77460 78960 7 8 1500
257 27840 30240 1 3 2400
258 30360 31140 3 0 780
259 33060 33840 0 3 780
260 33960 36360 3 1 2400
261 36600 40140 1 9 3540
262 40260 41700 9 11 1440
263 43860 44640 0 3 780
264 44760 47160 3 1 2400
265 47400 50940 1 9 3540
266 51060 52500 9 11 1440
267 54660 55440 0 3 780
268 55560 57960 3 1 2400
269 58200 61740 1 9 3540
270 61860 63300 9 11 1440
271 65460 66240 0 3 780
272 66360 68760 3 1 2400
273 69000 72540 1 9 3540
274 72660 74100 9 11 1440
275 76260 77040 0 3 780
276 77160 79560 3 1 2400
277 79800 83340 1 9 3540
278 83460 84900 9 11 1440
279 28440 29220 0 3 780
280 29340 31800 3 14 2460
281 33840 34620 0 3 780
282 34740 37200 3 14 2460
283 39240 40020 0 3 780
284 40140 42600 3 14 2460
285 44640 45420 0 3 780
286 45540 48000 3 14 2460
287 50040 50820 0 3 780
288 50940 53400 3 14 2460
289 55440 56220 0 3 780
290 56340 58800 3 14 2460
291 60840 61620 0 3 780
292 61740 64200 3 14 2460
293 66240 67020 0 3 780
294 67140 69600 3 14 2460
295 71640 72420 0 3 780
296 72540 75000 3 14 2460
297 77040 77820 0 3 780
298 25020 26880 1 8 1860
299 27000 28500 8 7 1500
300 30600 32100 7 8 1500
301 32220 34080 8 1 1860
302 34200 36300 1 2 2100
303 37800 39300 7 8 1500
304 39420 41280 8 1 1860
305 41400 43500 1 2 2100
306 45000 46500 7 8 1500
307 46620 48480 8 1 1860
308 48600 50700 1 2 2100
309 52200 53700 7 8 1500
310 53820 55680 8 1 1860
311 55800 57900 1 2 2100
312 59400 60900 7 8 1500
313 61020 62880 8 1 1860
314 63000 65100 1 2 2100
315 66600 68100 7 8 1500
316 68220 70080 8 1 1860
317 70200 72300 1 2 2100
318 73800 75300 7 8 1500
319 75420 77280 8 1 1860
320 77400 79500 1 2 2100
321 28440 30540 0 5 2100
322 30660 31560 5 14 900
323 33840 35940 0 5 2100
324 36060 36960 5 14 900
325 39240 41340 0 5 2100
326 41460 42360 5 14 900
327 44640 46740 0 5 2100
328 46860 47760 5 14 900
329 50040 52140 0 5 2100
330 52260 53160 5 14 900
331 55440 57540 0 5 2100
332 57660 58560 5 14 900
333 60840 62940 0 5 2100
334 63060 63960 5 14 900
335 66240 68340 0 5 2100
336 68460 69360 5 14 900
337 71640 73740 0 5 2100
338 73860 74760 5 14 900
339 77040 79140 0 5 2100
340 33000 35100 5 0 2100
341 35220 36000 0 3 780
342 36120 36960 3 7 840
343 37680 40080 10 5 2400
344 40200 42300 5 0 2100
345 42420 43200 0 3 780
346 43320 44160 3 7 840
347 44880 47280 10 5 2400
348 47400 49500 5 0 2100
349 49620 50400 0 3 780
350 50520 51360 3 7 840
351 52080 54480 10 5 2400
352 54600 56700 5 0 2100
353 56820 57600 0 3 780
354 57720 58560 3 7 840
355 59280 61680 10 5 2400
356 61800 63900 5 0 2100
357 64020 64800 0 3 780
358 64920 65760 3 7 840
359 66480 68880 10 5 2400
360 69000 71100 5 0 2100
361 71220 72000 0 3 780
362 72120 72960 3 7 840
363 73680 76080 10 5 2400
364 76200 78300 5 0 2100
365 78420 79200 0 3 780
366 79320 80160 3 7 840
367 33780 34680 14 5 900
368 34800 36900 5 0 2100
369 39180 40080 14 5 900
370 40200 42300 5 0 2100
371 44580 45480 14 5 900
372 45600 47700 5 0 2100
373 49980 50880 14 5 900
374 51000 53100 5 0 2100
375 55380 56280 14 5 900
376 56400 58500 5 0 2100
377 60780 61680 14 5 900
378 61800 63900 5 0 2100
379 66180 67080 14 5 900
380 67200 69300 5 0 2100
381 71580 72480 14 5 900
382 72600 74700 5 0 2100
383 76980 77880 14 5 900
384 78000 80100 5 0 2100
385 30720 31500 3 0 780
386 33540 36000 14 3 2460
387 36120 36900 3 0 780
388 38940 41400 14 3 2460
389 41520 42300 3 0 780
390 44340 46800 14 3 2460
391 46920 47700 3 0 780
392 49740 52200 14 3 2460
393 52320 53100 3 0 780
394 55140 57600 14 3 2460
395 57720 58500 3 0 780
396 60540 63000 14 3 2460
397 63120 63900 3 0 780
398 65940 68400 14 3 2460
399 68520 69300 3 0 780
400 71340 73800 14 3 2460
401 73920 74700 3 0 780
402 76740 79200 14 3 2460
403 79320 80100 3 0 780
404 29460 31080 8 13 1620
405 35040 36660 13 8 1620
406 36780 39180 8 3 2400
407 39300 40080 3 0 780
408 40200 42960 0 9 2760
409 45840 47460 13 8 1620
410 47580 49980 8 3 2400
411 50100 50880 3 0 780
412 51000 53760 0 9 2760
413 56640 58260 13 8 1620
414 58380 60780 8 3 2400
415 60900 61680 3 0 780
416 61800 64560 0 9 2760
417 67440 69060 13 8 1620
418 69180 71580 8 3 2400
419 71700 72480 3 0 780
420 72600 75360 0 9 2760
421 78240 79860 13 8 1620
422 79980 82380 8 3 2400
423 82500 83280 3 0 780
424 83400 86160 0 9 2760
425 31500 32280 3 0 780
426 32400 35160 0 9 2760
427 35280 36720 9 11 1440
428 38700 39480 3 0 780
429 39600 42360 0 9 2760
430 42480 43920 9 11 1440
431 45900 46680 3 0 780
432 46800 49560 0 9 2760
433 49680 51120 9 11 1440
434 53100 53880 3 0 780
435 54000 56760 0 9 2760
436 56880 58320 9 11 1440
437 60300 61080 3 0 780
438 61200 63960 0 9 2760
439 64080 65520 9 11 1440
440 67500 68280 3 0 780
441 68400 71160 0 9 2760
442 71280 72720 9 11 1440
443 74700 75480 3 0 780
444 75600 78360 0 9 2760
445 28920 29760 3 7 840
446 31980 32820 7 3 840
447 32940 33720 3 0 780
448 33840 35940 0 5 2100
449 36060 38460 5 10 2400
450 39180 40020 7 3 840
451 40140 40920 3 0 780
452 41040 43140 0 5 2100
453 43260 45660 5 10 2400
454 46380 47220 7 3 840
455 47340 48120 3 0 780
456 48240 50340 0 5 2100
457 50460 52860 5 10 2400
458 53580 54420 7 3 840
459 54540 55320 3 0 780
460 55440 57540 0 5 2100
461 57660 60060 5 10 2400
462 60780 61620 7 3 840
463 61740 62520 3 0 780
464 62640 64740 0 5 2100
465 64860 67260 5 10 2400
466 67980 68820 7 3 840
467 68940 69720 3 0 780
468 69840 71940 0 5 2100
469 72060 74460 5 10 2400
470 75180 76020 7 3 840
471 76140 76920 3 0 780
472 77040 79140 0 5 2100
473 27000 29100 1 2 2100
474 30000 32100 2 1 2100
475 32220 34080 1 8 1860
476 34200 35700 8 7 1500
477 37200 39300 2 1 2100
478 39420 41280 1 8 1860
479 41400 42900 8 7 1500
480 44400 46500 2 1 2100
481 46620 48480 1 8 1860
482 48600 50100 8 7 1500
483 51600 53700 2 1 2100
484 53820 55680 1 8 1860
485 55800 57300 8 7 1500
486 58800 60900 2 1 2100
487 61020 62880 1 8 1860
488 63000 64500 8 7 1500
489 66000 68100 2 1 2100
490 68220 70080 1 8 1860
491 70200 71700 8 7 1500
492 73200 75300 2 1 2100
493 75420 77280 1 8 1860
494 77400 78900 8 7 1500
495 28500 29280 3 0 780
496 29400 32160 0 9 2760
497 33960 36720 9 0 2760
498 36840 37620 0 3 780
499 37740 40140 3 8 2400
500 40260 41880 8 13 1620
501 44760 47520 9 0 2760
502 47640 48420 0 3 780
503 48540 50940 3 8 2400
504 51060 52680 8 13 1620
505 55560 58320 9 0 2760
506 58440 59220 0 3 780
507 59340 61740 3 8 2400
508 61860 63480 8 13 1620
509 66360 69120 9 0 2760
510 69240 70020 0 3 780
511 70140 72540 3 8 2400
512 72660 74280 8 13 1620
513 77160 79920 9 0 2760
514 80040 80820 0 3 780
515 80940 83340 3 8 2400
516 31980 34740 9 0 2760
517 34860 35640 0 3 780
518 37620 39060 11 9 1440
519 39180 41940 9 0 2760
520 42060 42840 0 3 780
521 44820 46260 11 9 1440
522 46380 49140 9 0 2760
523 49260 50040 0 3 780
524 52020 53460 11 9 1440
525 53580 56340 9 0 2760
526 56460 57240 0 3 780
527 59220 60660 11 9 1440
528 60780 63540 9 0 2760
529 63660 64440 0 3 780
530 66420 67860 11 9 1440
531 67980 70740 9 0 2760
532 70860 71640 0 3 780
533 73620 75060 11 9 1440
534 75180 77940 9 0 2760
535 78060 78840 0 3 780
536 29580 31680 1 2 2100
537 31800 34440 2 4 2640
538 34560 35280 4 12 720
539 36600 37320 12 4 720
540 37440 40080 4 2 2640
541 40200 42300 2 1 2100
542 42420 45960 1 9 3540
543 46080 47520 9 11 1440
544 51000 51720 12 4 720
545 51840 54480 4 2 2640
546 54600 56700 2 1 2100
547 56820 60360 1 9 3540
548 60480 61920 9 11 1440
549 65400 66120 12 4 720
550 66240 68880 4 2 2640
551 69000 71100 2 1 2100
552 71220 74760 1 9 3540
553 74880 76320 9 11 1440
554 30240 31020 0 3 780
555 31140 33600 3 14 2460
556 35640 36420 0 3 780
557 36540 39000 3 14 2460
558 41040 41820 0 3 780
559 41940 44400 3 14 2460
560 46440 47220 0 3 780
561 47340 49800 3 14 2460
562 51840 52620 0 3 780
563 52740 55200 3 14 2460
564 57240 58020 0 3 780
565 58140 60600 3 14 2460
566 62640 63420 0 3 780
567 63540 66000 3 14 2460
568 68040 68820 0 3 780
569 68940 71400 3 14 2460
570 73440 74220 0 3 780
571 74340 76800 3 14 2460
572 78840 79620 0 3 780
573 32940 36120 13 6 3180
574 36240 38160 6 12 1920
575 38280 39000 12 4 720
576 40140 43320 13 6 3180
577 43440 45360 6 12 1920
578 45480 46200 12 4 720
579 47340 50520 13 6 3180
580 50640 52560 6 12 1920
581 52680 53400 12 4 720
582 54540 57720 13 6 3180
583 57840 59760 6 12 1920
584 59880 60600 12 4 720
585 61740 64920 13 6 3180
586 65040 66960 6 12 1920
587 67080 67800 12 4 720
588 68940 72120 13 6 3180
589 72240 74160 6 12 1920
590 74280 75000 12 4 720
591 30240 32340 0 5 2100
592 32460 33360 5 14 900
593 35640 37740 0 5 2100
594 37860 38760 5 14 900
595 41040 43140 0 5 2100
596 43260 44160 5 14 900
597 46440 48540 0 5 2100
598 48660 49560 5 14 900
599 51840 53940 0 5 2100
600 54060 54960 5 14 900
601 57240 59340 0 5 2100
602 59460 60360 5 14 900
603 62640 64740 0 5 2100
604 64860 65760 5 14 900
605 68040 70140 0 5 2100
606 70260 71160 5 14 900
607 73440 75540 0 5 2100
608 75660 76560 5 14 900
609 78840 80940 0 5 2100
610 34800 36900 5 0 2100
611 37020 37800 0 3 780
612 37920 38760 3 7 840
613 39480 41880 10 5 2400
614 42000 44100 5 0 2100
615 44220 45000 0 3 780
616 45120 45960 3 7 840
617 46680 49080 10 5 2400
618 49200 51300 5 0 2100
619 51420 52200 0 3 780
620 52320 53160 3 7 840
621 53880 56280 10 5 2400
622 56400 58500 5 0 2100
623 58620 59400 0 3 780
624 59520 60360 3 7 840
625 61080 63480 10 5 2400
626 63600 65700 5 0 2100
627 65820 66600 0 3 780
628 66720 67560 3 7 840
629 68280 70680 10 5 2400
630 70800 72900 5 0 2100
631 73020 73800 0 3 780
632 73920 74760 3 7 840
633 75480 77880 10 5 2400
634 78000 80100 5 0 2100
635 80220 81000 0 3 780
636 81120 81960 3 7 840
637 31200 33300 5 0 2100
638 35580 36480 14 5 900
639 36600 38700 5 0 2100
640 40980 41880 14 5 900
641 42000 44100 5 0 2100
642 46380 47280 14 5 900
643 47400 49500 5 0 2100
644 51780 52680 14 5 900
645 52800 54900 5 0 2100
646 57180 58080 14 5 900
647 58200 60300 5 0 2100
648 62580 63480 14 5 900
649 63600 65700 5 0 2100
650 67980 68880 14 5 900
651 69000 71100 5 0 2100
652 73380 74280 14 5 900
653 74400 76500 5 0 2100
654 78780 79680 14 5 900
655 79800 81900 5 0 2100
656 32520 33300 3 0 780
657 35340 37800 14 3 2460
658 37920 38700 3 0 780
659 40740 43200 14 3 2460
660 43320 44100 3 0 780
661 46140 48600 14 3 2460
662 48720 49500 3 0 780
663 51540 54000 14 3 2460
664 54120 54900 3 0 780
665 56940 59400 14 3 2460
666 59520 60300 3 0 780
667 62340 64800 14 3 2460
668 64920 65700 3 0 780
669 67740 70200 14 3 2460
670 70320 71100 3 0 780
671 73140 75600 14 3 2460
672 75720 76500 3 0 780
673 78540 81000 14 3 2460
674 81120 81900 3 0 780
675 27840 30240 8 3 2400
676 30360 31140 3 0 780
677 32400 33180 0 3 780
678 33300 35700 3 8 2400
679 35820 38700 8 6 2880
680 39600 40380 0 3 780
681 40500 42900 3 8 2400
682 43020 45900 8 6 2880
683 46800 47580 0 3 780
684 47700 50100 3 8 2400
685 50220 53100 8 6 2880
686 54000 54780 0 3 780
687 54900 57300 3 8 2400
688 57420 60300 8 6 2880
689 61200 61980 0 3 780
690 62100 64500 3 8 2400
691 64620 67500 8 6 2880
692 68400 69180 0 3 780
693 69300 71700 3 8 2400
694 71820 74700 8 6 2880
695 75600 76380 0 3 780
696 76500 78900 3 8 2400
697 28620 31740 1 6 3120
698 32580 35700 6 1 3120
699 35820 37680 1 8 1860
700 37800 39420 8 13 1620
701 43380 46500 6 1 3120
702 46620 48480 1 8 1860
703 48600 50220 8 13 1620
704 54180 57300 6 1 3120
705 57420 59280 1 8 1860
706 59400 61020 8 13 1620
707 64980 68100 6 1 3120
708 68220 70080 1 8 1860
709 70200 71820 8 13 1620
710 75780 78900 6 1 3120
711 79020 80880 1 8 1860
712 28620 30720 1 2 2100
713 30840 33480 2 4 2640
714 36300 38940 4 2 2640
715 39060 41160 2 1 2100
716 41280 43680 1 3 2400
717 43800 44640 3 7 840
718 47100 49740 4 2 2640
719 49860 51960 2 1 2100
720 52080 54480 1 3 2400
721 54600 55440 3 7 840
722 57900 60540 4 2 2640
723 60660 62760 2 1 2100
724 62880 65280 1 3 2400
725 65400 66240 3 7 840
726 68700 71340 4 2 2640
727 71460 73560 2 1 2100
728 73680 76080 1 3 2400
729 76200 77040 3 7 840
730 79020 79860 7 3 840
731 80100 82500 3 1 2400
732 82620 84720 1 2 2100
733 84840 87480 2 4 2640
734 90300 92940 4 2 2640
735 93060 95160 2 1 2100
736 29820 30600 0 3 780
737 30720 31560 3 7 840
738 33780 34620 7 3 840
739 34740 35520 3 0 780
740 35640 37740 0 5 2100
741 37860 40260 5 10 2400
742 40980 41820 7 3 840
743 41940 42720 3 0 780
744 42840 44940 0 5 2100
745 45060 47460 5 10 2400
746 48180 49020 7 3 840
747 49140 49920 3 0 780
748 50040 52140 0 5 2100
749 52260 54660 5 10 2400
750 55380 56220 7 3 840
751 56340 57120 3 0 780
752 57240 59340 0 5 2100
753 59460 61860 5 10 2400
754 62580 63420 7 3 840
755 63540 64320 3 0 780
756 64440 66540 0 5 2100
757 66660 69060 5 10 2400
758 69780 70620 7 3 840
759 70740 71520 3 0 780
760 71640 73740 0 5 2100
761 73860 76260 5 10 2400
762 76980 77820 7 3 840
763 77940 78720 3 0 780
764 78840 80940 0 5 2100
765 28620 30240 8 13 1620
766 33300 34920 13 8 1620
767 35040 37440 8 3 2400
768 37560 38340 3 0 780
769 40500 42120 13 8 1620
770 42240 44640 8 3 2400
771 44760 45540 3 0 780
772 47700 49320 13 8 1620
773 49440 51840 8 3 2400
774 51960 52740 3 0 780
775 54900 56520 13 8 1620
776 56640 59040 8 3 2400
777 59160 59940 3 0 780
778 62100 63720 13 8 1620
779 63840 66240 8 3 2400
780 66360 67140 3 0 780
781 69300 70920 13 8 1620
782 71040 73440 8 3 2400
783 73560 74340 3 0 780
784 76500 78120 13 8 1620
785 78240 80640 8 3 2400
786 80760 81540 3 0 780
787 28680 31560 8 6 2880
788 31680 33600 6 12 1920
789 36960 38880 12 6 1920
790 39000 41880 6 8 2880
791 42000 43500 8 7 1500
792 43740 44580 7 3 840
793 44700 45480 3 0 780
794 47760 49680 12 6 1920
795 49800 52680 6 8 2880
796 52800 54300 8 7 1500
797 54540 55380 7 3 840
798 55500 56280 3 0 780
799 58560 60480 12 6 1920
800 60600 63480 6 8 2880
801 63600 65100 8 7 1500
802 65340 66180 7 3 840
803 66300 67080 3 0 780
804 69360 71280 12 6 1920
805 71400 74280 6 8 2880
806 74400 75900 8 7 1500
807 76140 76980 7 3 840
808 77100 77880 3 0 780
809 79200 79980 0 3 780
810 80100 80940 3 7 840
811 81060 82560 7 8 1500
812 28620 31500 8 6 2880
813 35640 38520 6 8 2880
814 38640 41040 8 3 2400
815 41160 41940 3 0 780
816 42840 45720 6 8 2880
817 45840 48240 8 3 2400
818 48360 49140 3 0 780
819 50040 52920 6 8 2880
820 53040 55440 8 3 2400
821 55560 56340 3 0 780
822 57240 60120 6 8 2880
823 60240 62640 8 3 2400
824 62760 63540 3 0 780
825 64440 67320 6 8 2880
826 67440 69840 8 3 2400
827 69960 70740 3 0 780
828 71640 74520 6 8 2880
829 74640 77040 8 3 2400
830 77160 77940 3 0 780
831 78840 81720 6 8 2880
832 81840 84240 8 3 2400
833 28620 30480 1 8 1860
834 30600 32220 8 13 1620
835 35640 37260 13 8 1620
836 37380 39240 8 1 1860
837 39420 42540 1 6 3120
838 46440 48060 13 8 1620
839 48180 50040 8 1 1860
840 50220 53340 1 6 3120
841 57240 58860 13 8 1620
842 58980 60840 8 1 1860
843 61020 64140 1 6 3120
844 68040 69660 13 8 1620
845 69780 71640 8 1 1860
846 71820 74940 1 6 3120
847 78840 80460 13 8 1620
848 80580 82440 8 1 1860
849 30480 32880 1 3 2400
850 33000 33840 3 7 840
851 35820 36660 7 3 840
852 36900 39300 3 1 2400
853 39420 41520 1 2 2100
854 41640 44280 2 4 2640
855 46620 47460 7 3 840
856 47700 50100 3 1 2400
857 50220 52320 1 2 2100
858 52440 55080 2 4 2640
859 57420 58260 7 3 840
860 58500 60900 3 1 2400
861 61020 63120 1 2 2100
862 63240 65880 2 4 2640
863 68220 69060 7 3 840
864 69300 71700 3 1 2400
865 71820 73920 1 2 2100
866 27840 30240 1 3 2400
867 30360 31140 3 0 780
868 33180 33960 0 3 780
869 34080 36480 3 1 2400
870 36600 38700 1 2 2100
871 40380 41160 0 3 780
872 41280 43680 3 1 2400
873 43800 45900 1 2 2100
874 47580 48360 0 3 780
875 48480 50880 3 1 2400
876 51000 53100 1 2 2100
877 54780 55560 0 3 780
878 55680 58080 3 1 2400
879 58200 60300 1 2 2100
880 61980 62760 0 3 780
881 62880 65280 3 1 2400
882 65400 67500 1 2 2100
883 69180 69960 0 3 780
884 70080 72480 3 1 2400
885 72600 74700 1 2 2100
886 76380 77160 0 3 780
887 77280 79680 3 1 2400
888 79800 81900 1 2 2100
889 35340 36060 4 12 720
890 36180 38100 12 6 1920
891 38220 41400 6 13 3180
892 42540 43260 4 12 720
893 43380 45300 12 6 1920
894 45420 48600 6 13 3180
895 49740 50460 4 12 720
896 50580 52500 12 6 1920
897 52620 55800 6 13 3180
898 56940 57660 4 12 720
899 57780 59700 12 6 1920
900 59820 63000 6 13 3180
901 64140 64860 4 12 720
902 64980 66900 12 6 1920
903 67020 70200 6 13 3180
904 71340 72060 4 12 720
905 72180 74100 12 6 1920
906 74220 77400 6 13 3180
907 29400 31500 2 1 2100
908 31620 35160 1 9 3540
909 35280 36720 9 11 1440
910 38760 40200 11 9 1440
911 40320 43860 9 1 3540
912 43980 46080 1 2 2100
913 46200 48840 2 4 2640
914 48960 49680 4 12 720
915 53160 54600 11 9 1440
916 54720 58260 9 1 3540
917 58380 60480 1 2 2100
918 60600 63240 2 4 2640
919 63360 64080 4 12 720
920 67560 69000 11 9 1440
921 69120 72660 9 1 3540
922 72780 74880 1 2 2100
923 29400 32940 1 9 3540
924 33060 34500 9 11 1440
925 37020 38460 11 9 1440
926 38580 42120 9 1 3540
927 42240 44640 1 3 2400
928 44760 45540 3 0 780
929 47820 49260 11 9 1440
930 49380 52920 9 1 3540
931 53040 55440 1 3 2400
932 55560 56340 3 0 780
933 58620 60060 11 9 1440
934 60180 63720 9 1 3540
935 63840 66240 1 3 2400
936 66360 67140 3 0 780
937 69420 70860 11 9 1440
938 70980 74520 9 1 3540
939 74640 77040 1 3 2400
940 77160 77940 3 0 780
941 29400 31500 1 2 2100
942 32820 34920 2 1 2100
943 35040 37440 1 3 2400
944 37560 38340 3 0 780
945 40020 42120 2 1 2100
946 42240 44640 1 3 2400
947 44760 45540 3 0 780
948 47220 49320 2 1 2100
949 49440 51840 1 3 2400
950 51960 52740 3 0 780
951 54420 56520 2 1 2100
952 56640 59040 1 3 2400
953 59160 59940 3 0 780
954 61620 63720 2 1 2100
955 63840 66240 1 3 2400
956 66360 67140 3 0 780
957 68820 70920 2 1 2100
958 71040 73440 1 3 2400
959 73560 74340 3 0 780
960 76020 78120 2 1 2100
961 78240 80640 1 3 2400
962 80760 81540 3 0 780
963 27840 30240 8 3 2400
964 30360 31140 3 0 780
965 32400 33180 0 3 780
966 33300 35700 3 8 2400
967 35820 37440 8 13 1620
968 39600 40380 0 3 780
969 40500 42900 3 8 2400
970 43020 44640 8 13 1620
971 46800 47580 0 3 780
972 47700 50100 3 8 2400
973 50220 51840 8 13 1620
974 54000 54780 0 3 780
975 54900 57300 3 8 2400
976 57420 59040 8 13 1620
977 61200 61980 0 3 780
978 62100 64500 3 8 2400
979 64620 66240 8 13 1620
980 68400 69180 0 3 780
981 69300 71700 3 8 2400
982 71820 73440 8 13 1620
983 75600 76380 0 3 780
984 76500 78900 3 8 2400
985 79020 80640 8 13 1620
986 31200 32700 8 7 1500
987 32940 33780 7 3 840
988 33900 34680 3 0 780
989 36000 36780 0 3 780
990 36900 37740 3 7 840
991 37860 39360 7 8 1500
992 39480 42360 8 6 2880
993 42480 44400 6 12 1920
994 46800 47580 0 3 780
995 47700 48540 3 7 840
996 48660 50160 7 8 1500
997 50280 53160 8 6 2880
998 53280 55200 6 12 1920
999 57600 58380 0 3 780
1000 58500 59340 3 7 840
1001 59460 60960 7 8 1500
1002 61080 63960 8 6 2880
1003 64080 66000 6 12 1920
1004 68400 69180 0 3 780
1005 69300 70140 3 7 840
1006 70260 71760 7 8 1500
1007 71880 74760 8 6 2880
1008 31440 33840 1 3 2400
1009 33960 34740 3 0 780
1010 36660 37440 0 3 780
1011 37560 39960 3 1 2400
1012 40200 43740 1 9 3540
1013 43860 45300 9 11 1440
1014 47460 48240 0 3 780
1015 48360 50760 3 1 2400
1016 51000 54540 1 9 3540
1017 54660 56100 9 11 1440
1018 58260 59040 0 3 780
1019 59160 61560 3 1 2400
1020 61800 65340 1 9 3540
1021 65460 66900 9 11 1440
1022 69060 69840 0 3 780
1023 69960 72360 3 1 2400
1024 72600 76140 1 9 3540
1025 76260 77700 9 11 1440
1026 28920 29700 3 0 780
1027 32040 32820 0 3 780
1028 32940 35400 3 14 2460
1029 37440 38220 0 3 780
1030 38340 40800 3 14 2460
1031 42840 43620 0 3 780
1032 43740 46200 3 14 2460
1033 48240 49020 0 3 780
1034 49140 51600 3 14 2460
1035 53640 54420 0 3 780
1036 54540 57000 3 14 2460
1037 59040 59820 0 3 780
1038 59940 62400 3 14 2460
1039 64440 65220 0 3 780
1040 65340 67800 3 14 2460
1041 69840 70620 0 3 780
1042 70740 73200 3 14 2460
1043 75240 76020 0 3 780
1044 28620 30480 1 8 1860
1045 30600 32100 8 7 1500
1046 34200 35700 7 8 1500
1047 35820 37680 8 1 1860
1048 37800 39900 1 2 2100
1049 41400 42900 7 8 1500
1050 43020 44880 8 1 1860
1051 45000 47100 1 2 2100
1052 48600 50100 7 8 1500
1053 50220 52080 8 1 1860
1054 52200 54300 1 2 2100
1055 55800 57300 7 8 1500
1056 57420 59280 8 1 1860
1057 59400 61500 1 2 2100
1058 63000 64500 7 8 1500
1059 64620 66480 8 1 1860
1060 66600 68700 1 2 2100
1061 70200 71700 7 8 1500
1062 71820 73680 8 1 1860
1063 73800 75900 1 2 2100
1064 77400 78900 7 8 1500
1065 79020 80880 8 1 1860
1066 81000 83100 1 2 2100
1067 32040 34140 0 5 2100
1068 34260 35160 5 14 900
1069 37440 39540 0 5 2100
1070 39660 40560 5 14 900
1071 42840 44940 0 5 2100
1072 45060 45960 5 14 900
1073 48240 50340 0 5 2100
1074 50460 51360 5 14 900
1075 53640 55740 0 5 2100
1076 55860 56760 5 14 900
1077 59040 61140 0 5 2100
1078 61260 62160 5 14 900
1079 64440 66540 0 5 2100
1080 66660 67560 5 14 900
1081 69840 71940 0 5 2100
1082 72060 72960 5 14 900
1083 75240 77340 0 5 2100
1084 27540 28320 3 0 780
1085 28440 30540 0 5 2100
1086 30660 33060 5 10 2400
1087 34080 36480 10 5 2400
1088 36600 38700 5 0 2100
1089 38820 39600 0 3 780
1090 39720 40560 3 7 840
1091 41280 43680 10 5 2400
1092 43800 45900 5 0 2100
1093 46020 46800 0 3 780
1094 46920 47760 3 7 840
1095 48480 50880 10 5 2400
1096 51000 53100 5 0 2100
1097 53220 54000 0 3 780
1098 54120 54960 3 7 840
1099 55680 58080 10 5 2400
1100 58200 60300 5 0 2100
1101 60420 61200 0 3 780
1102 61320 62160 3 7 840
1103 62880 65280 10 5 2400
1104 65400 67500 5 0 2100
1105 67620 68400 0 3 780
1106 68520 69360 3 7 840
1107 70080 72480 10 5 2400
1108 72600 74700 5 0 2100
1109 74820 75600 0 3 780
1110 75720 76560 3 7 840
1111 77280 79680 10 5 2400
1112 79800 81900 5 0 2100
1113 82020 82800 0 3 780
1114 82920 83760 3 7 840
1115 31980 32880 14 5 900
1116 33000 35100 5 0 2100
1117 37380 38280 14 5 900
1118 38400 40500 5 0 2100
1119 42780 43680 14 5 900
1120 43800 45900 5 0 2100
1121 48180 49080 14 5 900
1122 49200 51300 5 0 2100
1123 53580 54480 14 5 900
1124 54600 56700 5 0 2100
1125 58980 59880 14 5 900
1126 60000 62100 5 0 2100
1127 64380 65280 14 5 900
1128 65400 67500 5 0 2100
1129 69780 70680 14 5 900
1130 70800 72900 5 0 2100
1131 75180 76080 14 5 900
1132 76200 78300 5 0 2100
1133 27540 30000 3 14 2460
1134 31740 34200 14 3 2460
1135 34320 35100 3 0 780
1136 37140 39600 14 3 2460
1137 39720 40500 3 0 780
1138 42540 45000 14 3 2460
1139 45120 45900 3 0 780
1140 47940 50400 14 3 2460
1141 50520 51300 3 0 780
1142 53340 55800 14 3 2460
1143 55920 56700 3 0 780
1144 58740 61200 14 3 2460
1145 61320 62100 3 0 780
1146 64140 66600 14 3 2460
1147 66720 67500 3 0 780
1148 69540 72000 14 3 2460
1149 72120 72900 3 0 780
1150 74940 77400 14 3 2460
1151 77520 78300 3 0 780
1152 29640 30420 0 3 780
1153 30540 32940 3 8 2400
1154 33060 34680 8 13 1620
1155 38640 40260 13 8 1620
1156 40380 42780 8 3 2400
1157 42900 43680 3 0 780
1158 43800 46560 0 9 2760
1159 49440 51060 13 8 1620
1160 51180 53580 8 3 2400
1161 53700 54480 3 0 780
1162 54600 57360 0 9 2760
1163 60240 61860 13 8 1620
1164 61980 64380 8 3 2400
1165 64500 65280 3 0 780
1166 65400 68160 0 9 2760
1167 71040 72660 13 8 1620
1168 72780 75180 8 3 2400
1169 75300 76080 3 0 780
1170 76200 78960 0 9 2760
1171 31260 32040 0 3 780
1172 35100 35880 3 0 780
1173 36000 38760 0 9 2760
1174 38880 40320 9 11 1440
1175 42300 43080 3 0 780
1176 43200 45960 0 9 2760
1177 46080 47520 9 11 1440
1178 49500 50280 3 0 780
1179 50400 53160 0 9 2760
1180 53280 54720 9 11 1440
1181 56700 57480 3 0 780
1182 57600 60360 0 9 2760
1183 60480 61920 9 11 1440
1184 63900 64680 3 0 780
1185 64800 67560 0 9 2760
1186 67680 69120 9 11 1440
1187 71100 71880 3 0 780
1188 72000 74760 0 9 2760
1189 74880 76320 9 11 1440
1190 78300 79080 3 0 780
1191 79200 81960 0 9 2760
1192 82080 83520 9 11 1440
1193 31620 32400 0 3 780
1194 32520 33360 3 7 840
1195 35580 36420 7 3 840
1196 36540 37320 3 0 780
1197 37440 39540 0 5 2100
1198 39660 42060 5 10 2400
1199 42780 43620 7 3 840
1200 43740 44520 3 0 780
1201 44640 46740 0 5 2100
1202 46860 49260 5 10 2400
1203 49980 50820 7 3 840
1204 50940 51720 3 0 780
1205 51840 53940 0 5 2100
1206 54060 56460 5 10 2400
1207 57180 58020 7 3 840
1208 58140 58920 3 0 780
1209 59040 61140 0 5 2100
1210 61260 63660 5 10 2400
1211 64380 65220 7 3 840
1212 65340 66120 3 0 780
1213 66240 68340 0 5 2100
1214 68460 70860 5 10 2400
1215 71580 72420 7 3 840
1216 72540 73320 3 0 780
1217 73440 75540 0 5 2100
1218 75660 78060 5 10 2400
1219 78780 79620 7 3 840
1220 79740 80520 3 0 780
1221 28620 30480 8 1 1860
1222 30600 32700 1 2 2100
1223 33600 35700 2 1 2100
1224 35820 37680 1 8 1860
1225 37800 39300 8 7 1500
1226 40800 42900 2 1 2100
1227 43020 44880 1 8 1860
1228 45000 46500 8 7 1500
1229 48000 50100 2 1 2100
1230 50220 52080 1 8 1860
1231 52200 53700 8 7 1500
1232 55200 57300 2 1 2100
1233 57420 59280 1 8 1860
1234 59400 60900 8 7 1500
1235 62400 64500 2 1 2100
1236 64620 66480 1 8 1860
1237 66600 68100 8 7 1500
1238 69600 71700 2 1 2100
1239 71820 73680 1 8 1860
1240 73800 75300 8 7 1500
1241 76800 78900 2 1 2100
1242 79020 80880 1 8 1860
1243 81000 82500 8 7 1500
1244 29580 31980 8 3 2400
1245 32100 32880 3 0 780
1246 33000 35760 0 9 2760
1247 37560 40320 9 0 2760
1248 40440 41220 0 3 780
1249 41340 43740 3 8 2400
1250 43860 45480 8 13 1620
1251 48360 51120 9 0 2760
1252 51240 52020 0 3 780
1253 52140 54540 3 8 2400
1254 54660 56280 8 13 1620
1255 59160 61920 9 0 2760
1256 62040 62820 0 3 780
1257 62940 65340 3 8 2400
1258 65460 67080 8 13 1620
1259 69960 72720 9 0 2760
1260 72840 73620 0 3 780
1261 73740 76140 3 8 2400
1262 76260 77880 8 13 1620
1263 27900 28680 3 0 780
1264 28800 31560 0 9 2760
1265 31680 33120 9 11 1440
1266 34020 35460 11 9 1440
1267 35580 38340 9 0 2760
1268 38460 39240 0 3 780
1269 41220 42660 11 9 1440
1270 42780 45540 9 0 2760
1271 45660 46440 0 3 780
1272 48420 49860 11 9 1440
1273 49980 52740 9 0 2760
1274 52860 53640 0 3 780
1275 55620 57060 11 9 1440
1276 57180 59940 9 0 2760
1277 60060 60840 0 3 780
1278 62820 64260 11 9 1440
1279 64380 67140 9 0 2760
1280 67260 68040 0 3 780
1281 70020 71460 11 9 1440
1282 71580 74340 9 0 2760
1283 74460 75240 0 3 780
1284 77220 78660 11 9 1440
1285 78780 81540 9 0 2760
1286 81660 82440 0 3 780
1287 33180 35280 1 2 2100
1288 35400 38040 2 4 2640
1289 38160 38880 4 12 720
1290 40200 40920 12 4 720
1291 41040 43680 4 2 2640
1292 43800 45900 2 1 2100
1293 46020 49560 1 9 3540
1294 49680 51120 9 11 1440
1295 54600 55320 12 4 720
1296 55440 58080 4 2 2640
1297 58200 60300 2 1 2100
1298 60420 63960 1 9 3540
1299 64080 65520 9 11 1440
1300 69000 69720 12 4 720
1301 69840 72480 4 2 2640
1302 72600 74700 2 1 2100
1303 74820 78360 1 9 3540
1304 36540 39720 13 6 3180
1305 39840 41760 6 12 1920
1306 41880 42600 12 4 720
1307 43740 46920 13 6 3180
1308 47040 48960 6 12 1920
1309 49080 49800 12 4 720
1310 50940 54120 13 6 3180
1311 54240 56160 6 12 1920
1312 56280 57000 12 4 720
1313 58140 61320 13 6 3180
1314 61440 63360 6 12 1920
1315 63480 64200 12 4 720
1316 65340 68520 13 6 3180
1317 68640 70560 6 12 1920
1318 70680 71400 12 4 720
1319 72540 75720 13 6 3180
1320 29340 30120 3 0 780
1321 30240 32340 0 5 2100
1322 32460 34860 5 10 2400
1323 35880 38280 10 5 2400
1324 38400 40500 5 0 2100
1325 40620 41400 0 3 780
1326 41520 42360 3 7 840
1327 43080 45480 10 5 2400
1328 45600 47700 5 0 2100
1329 47820 48600 0 3 780
1330 48720 49560 3 7 840
1331 50280 52680 10 5 2400
1332 52800 54900 5 0 2100
1333 55020 55800 0 3 780
1334 55920 56760 3 7 840
1335 57480 59880 10 5 2400
1336 60000 62100 5 0 2100
1337 62220 63000 0 3 780
1338 63120 63960 3 7 840
1339 64680 67080 10 5 2400
1340 67200 69300 5 0 2100
1341 69420 70200 0 3 780
1342 70320 71160 3 7 840
1343 71880 74280 10 5 2400
1344 74400 76500 5 0 2100
1345 76620 77400 0 3 780
1346 77520 78360 3 7 840
1347 79080 81480 10 5 2400
1348 81600 83700 5 0 2100
1349 83820 84600 0 3 780
1350 84720 85560 3 7 840
1351 31440 33840 8 3 2400
1352 33960 34740 3 0 780
1353 36000 36780 0 3 780
1354 36900 39300 3 8 2400
1355 39420 42300 8 6 2880
1356 43200 43980 0 3 780
1357 44100 46500 3 8 2400
1358 46620 49500 8 6 2880
1359 50400 51180 0 3 780
1360 51300 53700 3 8 2400
1361 53820 56700 8 6 2880
1362 57600 58380 0 3 780
1363 58500 60900 3 8 2400
1364 61020 63900 8 6 2880
1365 64800 65580 0 3 780
1366 65700 68100 3 8 2400
1367 68220 71100 8 6 2880
1368 72000 72780 0 3 780
1369 72900 75300 3 8 2400
1370 79200 79980 0 3 780
1371 80100 82500 3 8 2400
1372 30180 32040 8 1 1860
1373 32220 35340 1 6 3120
1374 36180 39300 6 1 3120
1375 39420 41280 1 8 1860
1376 41400 43020 8 13 1620
1377 46980 50100 6 1 3120
1378 50220 52080 1 8 1860
1379 52200 53820 8 13 1620
1380 57780 60900 6 1 3120
1381 61020 62880 1 8 1860
1382 63000 64620 8 13 1620
1383 68580 71700 6 1 3120
1384 71820 73680 1 8 1860
1385 73800 75420 8 13 1620
1386 29700 32100 3 1 2400
1387 32220 34320 1 2 2100
1388 34440 37080 2 4 2640
1389 39900 42540 4 2 2640
1390 42660 44760 2 1 2100
1391 44880 47280 1 3 2400
1392 47400 48240 3 7 840
1393 50700 53340 4 2 2640
1394 53460 55560 2 1 2100
1395 55680 58080 1 3 2400
1396 58200 59040 3 7 840
1397 61500 64140 4 2 2640
1398 64260 66360 2 1 2100
1399 66480 68880 1 3 2400
1400 69000 69840 3 7 840
1401 72300 74940 4 2 2640
1402 75060 77160 2 1 2100
1403 77280 79680 1 3 2400
1404 79800 80640 3 7 840
1405 31200 33300 5 0 2100
1406 33420 34200 0 3 780
1407 34320 35160 3 7 840
1408 37380 38220 7 3 840
1409 38340 39120 3 0 780
1410 39240 41340 0 5 2100
1411 41460 43860 5 10 2400
1412 44580 45420 7 3 840
1413 45540 46320 3 0 780
1414 46440 48540 0 5 2100
1415 48660 51060 5 10 2400
1416 51780 52620 7 3 840
1417 52740 53520 3 0 780
1418 53640 55740 0 5 2100
1419 55860 58260 5 10 2400
1420 58980 59820 7 3 840
1421 59940 60720 3 0 780
1422 60840 62940 0 5 2100
1423 63060 65460 5 10 2400
1424 66180 67020 7 3 840
1425 67140 67920 3 0 780
1426 68040 70140 0 5 2100
1427 70260 72660 5 10 2400
1428 73380 74220 7 3 840
1429 74340 75120 3 0 780
1430 75240 77340 0 5 2100
1431 28800 29580 0 3 780
1432 29700 30540 3 7 840
1433 30660 32160 7 8 1500
1434 32280 35160 8 6 2880
1435 35280 37200 6 12 1920
1436 40560 42480 12 6 1920
1437 42600 45480 6 8 2880
1438 45600 47100 8 7 1500
1439 47340 48180 7 3 840
1440 48300 49080 3 0 780
1441 51360 53280 12 6 1920
1442 53400 56280 6 8 2880
1443 56400 57900 8 7 1500
1444 58140 58980 7 3 840
1445 59100 59880 3 0 780
1446 62160 64080 12 6 1920
1447 64200 67080 6 8 2880
1448 67200 68700 8 7 1500
1449 68940 69780 7 3 840
1450 69900 70680 3 0 780
1451 72960 74880 12 6 1920
1452 75000 77880 6 8 2880
1453 78000 79500 8 7 1500
1454 79740 80580 7 3 840
1455 80700 81480 3 0 780
1456 28800 29580 0 3 780
1457 29700 32100 3 8 2400
1458 32220 35100 8 6 2880
1459 39240 42120 6 8 2880
1460 42240 44640 8 3 2400
1461 44760 45540 3 0 780
1462 32220 34080 1 8 1860
1463 34200 35820 8 13 1620
1464 39240 40860 13 8 1620
1465 40980 42840 8 1 1860
1466 43020 46140 1 6 3120
1467 50040 51660 13 8 1620
1468 51780 53640 8 1 1860
1469 53820 56940 1 6 3120
1470 60840 62460 13 8 1620
1471 62580 64440 8 1 1860
1472 64620 67740 1 6 3120
1473 71640 73260 13 8 1620
1474 73380 75240 8 1 1860
1475 31860 33960 2 1 2100
1476 34080 36480 1 3 2400
1477 36600 37440 3 7 840
1478 39420 40260 7 3 840
1479 40500 42900 3 1 2400
1480 43020 45120 1 2 2100
1481 45240 47880 2 4 2640
1482 50220 51060 7 3 840
1483 51300 53700 3 1 2400
1484 53820 55920 1 2 2100
1485 56040 58680 2 4 2640
1486 61020 61860 7 3 840
1487 62100 64500 3 1 2400
1488 64620 66720 1 2 2100
1489 66840 69480 2 4 2640
1490 71820 72660 7 3 840
1491 72900 75300 3 1 2400
1492 75420 77520 1 2 2100
1493 29340 32520 13 6 3180
1494 32640 34560 6 12 1920
1495 34680 35400 12 4 720
1496 38940 39660 4 12 720
1497 39780 41700 12 6 1920
1498 41820 45000 6 13 3180
1499 33000 35100 2 1 2100
1500 35220 38760 1 9 3540
1501 38880 40320 9 11 1440
1502 42360 43800 11 9 1440
1503 43920 47460 9 1 3540
1504 47580 49680 1 2 2100
1505 49800 52440 2 4 2640
1506 52560 53280 4 12 720
1507 56760 58200 11 9 1440
1508 58320 61860 9 1 3540
1509 61980 64080 1 2 2100
1510 64200 66840 2 4 2640
1511 66960 67680 4 12 720
1512 71160 72600 11 9 1440
1513 72720 76260 9 1 3540
1514 76380 78480 1 2 2100
1515 29460 30240 0 3 780
1516 30360 32760 3 1 2400
1517 33000 36540 1 9 3540
1518 36660 38100 9 11 1440
1519 40620 42060 11 9 1440
1520 42180 45720 9 1 3540
1521 45840 48240 1 3 2400
1522 48360 49140 3 0 780
1523 51420 52860 11 9 1440
1524 52980 56520 9 1 3540
1525 56640 59040 1 3 2400
1526 59160 59940 3 0 780
1527 62220 63660 11 9 1440
1528 63780 67320 9 1 3540
1529 67440 69840 1 3 2400
1530 69960 70740 3 0 780
1531 73020 74460 11 9 1440
1532 74580 78120 9 1 3540
1533 78240 80640 1 3 2400
1534 80760 81540 3 0 780
1535 34800 36300 8 7 1500
1536 36540 37380 7 3 840
1537 37500 38280 3 0 780
1538 39600 40380 0 3 780
1539 40500 41340 3 7 840
1540 41460 42960 7 8 1500
1541 43080 45960 8 6 2880
1542 46080 48000 6 12 1920
1543 50400 51180 0 3 780
1544 51300 52140 3 7 840
1545 52260 53760 7 8 1500
1546 53880 56760 8 6 2880
1547 56880 58800 6 12 1920
1548 61200 61980 0 3 780
1549 62100 62940 3 7 840
1550 63060 64560 7 8 1500
1551 64680 67560 8 6 2880
1552 67680 69600 6 12 1920
1553 72000 72780 0 3 780
1554 72900 73740 3 7 840
1555 73860 75360 7 8 1500
1556 31380 34920 9 1 3540
1557 35040 37440 1 3 2400
1558 37560 38340 3 0 780
1559 40260 41040 0 3 780
1560 41160 43560 3 1 2400
1561 43800 47340 1 9 3540
1562 47460 48900 9 11 1440
1563 51060 51840 0 3 780
1564 51960 54360 3 1 2400
1565 54600 58140 1 9 3540
1566 58260 59700 9 11 1440
1567 61860 62640 0 3 780
1568 62760 65160 3 1 2400
1569 65400 68940 1 9 3540
1570 69060 70500 9 11 1440
1571 72660 73440 0 3 780
1572 73560 75960 3 1 2400
1573 76200 79740 1 9 3540
1574 30180 31020 7 3 840
1575 31140 31920 3 0 780
1576 32040 34140 0 5 2100
1577 34260 36660 5 10 2400
1578 37680 40080 10 5 2400
1579 40200 42300 5 0 2100
1580 42420 43200 0 3 780
1581 43320 44160 3 7 840
1582 30360 33120 9 0 2760
1583 33240 34020 0 3 780
1584 34140 36540 3 8 2400
1585 36660 38280 8 13 1620
1586 42240 43860 13 8 1620
1587 43980 46380 8 3 2400
1588 46500 47280 3 0 780
1589 47400 50160 0 9 2760
1590 53040 54660 13 8 1620
1591 54780 57180 8 3 2400
1592 57300 58080 3 0 780
1593 58200 60960 0 9 2760
1594 63840 65460 13 8 1620
1595 65580 67980 8 3 2400
1596 68100 68880 3 0 780
1597 69000 71760 0 9 2760
1598 74640 76260 13 8 1620
1599 76380 78780 8 3 2400
1600 78900 79680 3 0 780
1601 79800 82560 0 9 2760
1602 31440 33060 13 8 1620
1603 33180 35580 8 3 2400
1604 35700 36480 3 0 780
1605 36600 39360 0 9 2760
1606 41160 43920 9 0 2760
1607 44040 44820 0 3 780
1608 44940 47340 3 8 2400
1609 47460 49080 8 13 1620
1610 51960 54720 9 0 2760
1611 54840 55620 0 3 780
1612 55740 58140 3 8 2400
1613 58260 59880 8 13 1620
1614 62760 65520 9 0 2760
1615 65640 66420 0 3 780
1616 66540 68940 3 8 2400
1617 69060 70680 8 13 1620
1618 73560 76320 9 0 2760
1619 76440 77220 0 3 780
1620 77340 79740 3 8 2400
1621 79860 81480 8 13 1620
1622 31560 33000 11 9 1440
1623 33120 36660 9 1 3540
1624 36780 38880 1 2 2100
1625 39000 41640 2 4 2640
1626 41760 42480 4 12 720
1627 43800 44520 12 4 720
1628 44640 47280 4 2 2640
1629 47400 49500 2 1 2100
1630 49620 53160 1 9 3540
1631 53280 54720 9 11 1440
1632 58200 58920 12 4 720
1633 59040 61680 4 2 2640
1634 61800 63900 2 1 2100
1635 64020 67560 1 9 3540
1636 67680 69120 9 11 1440
1637 72600 73320 12 4 720
1638 73440 76080 4 2 2640
1639 76200 78300 2 1 2100
1640 78420 81960 1 9 3540
1641 82080 83520 9 11 1440
1642 35460 37560 2 1 2100
1643 37680 40080 1 3 2400
1644 40200 41040 3 7 840
1645 43020 43860 7 3 840
1646 44100 46500 3 1 2400
1647 46620 48720 1 2 2100
1648 48840 51480 2 4 2640
1649 36600 38700 2 1 2100
1650 38820 42360 1 9 3540
1651 42480 43920 9 11 1440
1652 45960 47400 11 9 1440
1653 47520 51060 9 1 3540
1654 51180 53280 1 2 2100
1655 53400 56040 2 4 2640
1656 56160 56880 4 12 720
1657 60360 61800 11 9 1440
1658 61920 65460 9 1 3540
1659 65580 67680 1 2 2100
1660 67800 70440 2 4 2640
1661 70560 71280 4 12 720
1662 74760 76200 11 9 1440
1663 76320 79860 9 1 3540
1664 79980 82080 1 2 2100
1665 82200 84840 2 4 2640
1666 39780 42900 6 1 3120
1667 43020 44880 1 8 1860
1668 45000 46620 8 13 1620
1669 50040 51660 13 8 1620
1670 51780 53640 8 1 1860
1671 53820 56940 1 6 3120
1672 43500 46140 4 2 2640
1673 46260 48360 2 1 2100
1674 48480 50880 1 3 2400
1675 51000 51840 3 7 840
1676 53820 54660 7 3 840
1677 54900 57300 3 1 2400
1678 57420 59520 1 2 2100
1679 59640 62280 2 4 2640
1680 47400 48120 12 4 720
1681 48240 50880 4 2 2640
1682 51000 53100 2 1 2100
1683 53220 56760 1 9 3540
1684 56880 58320 9 11 1440
1685 60360 61800 11 9 1440
1686 61920 65460 9 1 3540
1687 65580 67680 1 2 2100
1688 67800 70440 2 4 2640
1689 70560 71280 4 12 720
1690 50580 53700 6 1 3120
1691 53820 55680 1 8 1860
1692 55800 57420 8 13 1620
1693 60840 62460 13 8 1620
1694 62580 64440 8 1 1860
1695 64620 67740 1 6 3120
1696 54300 56940 4 2 2640
1697 57060 59160 2 1 2100
1698 59280 61680 1 3 2400
1699 61800 62640 3 7 840
1700 64620 65460 7 3 840
1701 65700 68100 3 1 2400
1702 68220 70320 1 2 2100
1703 70440 73080 2 4 2640
1704 61380 64500 6 1 3120
1705 64620 66480 1 8 1860
1706 66600 68220 8 13 1620
1707 71640 73260 13 8 1620
1708 73380 75240 8 1 1860
1709 61800 62520 12 4 720
1710 62640 65280 4 2 2640
1711 65400 67500 2 1 2100
1712 67620 71160 1 9 3540
1713 71280 72720 9 11 1440
1714 74760 76200 11 9 1440
1715 76320 79860 9 1 3540
1716 79980 82080 1 2 2100
1717 82200 84840 2 4 2640
1718 65100 67740 4 2 2640
1719 67860 69960 2 1 2100
1720 70080 72480 1 3 2400
1721 72600 73440 3 7 840
1722 75420 76260 7 3 840
1723 76500 78900 3 1 2400
1724 79020 81120 1 2 2100
1725 81240 83880 2 4 2640
1726 72180 75300 6 1 3120
1727 75420 77280 1 8 1860
1728 77400 79020 8 13 1620
1729 82440 84060 13 8 1620
1730 84180 86040 8 1 1860
1731 75900 78540 4 2 2640
1732 78660 80760 2 1 2100
1733 80880 83280 1 3 2400
1734 83400 84240 3 7 840
1735 86220 87060 7 3 840
1736 87300 89700 3 1 2400
1737 89820 91920 1 2 2100
1738 76200 76920 12 4 720
1739 77040 79680 4 2 2640
1740 79800 81900 2 1 2100
1741 82020 85560 1 9 3540
1742 85680 87120 9 11 1440
1743 89160 90600 11 9 1440
1744 90720 94260 9 1 3540
