0 3 13
3 7 14
7 8 25
5 14 15
1 2 35
4 12 12
5 10 40
3 0 13
7 3 14
8 7 25
14 5 15
2 1 35
12 4 12
10 5 40
6 8 48
8 6 48
1 6 52
6 1 52
3 15 15
15 3 15
14 15 24
15 14 24
6 16 12
16 6 12
11 17 12
17 11 12
9 17 10
17 9 10
2 18 11
18 2 11
4 18 31
18 4 31
8 19 7
19 8 7
1 20 8
20 1 8
0 21 34
21 0 34
9 21 10
21 9 10
0 22 20
22 0 20
5 22 13
22 5 13
1 23 12
23 1 12
8 23 17
23 8 17
13 24 28
24 13 28
16 24 9
24 16 9
3 25 14
25 3 14
19 25 15
25 19 15
3 26 12
26 3 12
20 26 16
26 20 16
8 27 8
27 8 8
13 27 17
27 13 17
1 28 45
28 1 45
9 28 12
28 9 12
6 29 7
29 6 7
12 29 23
29 12 23
