3 31080 32460 8 13 1380
4 35640 38160 4 8 2520
5 38280 39660 8 13 1380
6 42840 45360 4 8 2520
7 45480 46860 8 13 1380
8 50040 52560 4 8 2520
9 52680 54060 8 13 1380
10 57240 59760 4 8 2520
11 59880 61260 8 13 1380
12 64440 66960 4 8 2520
13 67080 68460 8 13 1380
14 71640 74160 4 8 2520
15 74280 75660 8 13 1380
16 78840 81360 4 8 2520
22 29520 30840 8 5 1320
23 30960 31680 5 2 720
24 34680 36600 0 8 1920
25 36720 38040 8 5 1320
26 38160 38880 5 2 720
27 41880 43800 0 8 1920
28 43920 45240 8 5 1320
29 45360 46080 5 2 720
30 49080 51000 0 8 1920
31 51120 52440 8 5 1320
32 52560 53280 5 2 720
33 56280 58200 0 8 1920
34 58320 59640 8 5 1320
35 59760 60480 5 2 720
36 63480 65400 0 8 1920
37 65520 66840 8 5 1320
38 66960 67680 5 2 720
39 70680 72600 0 8 1920
40 72720 74040 8 5 1320
41 74160 74880 5 2 720
42 77880 79800 0 8 1920
43 79920 81240 8 5 1320
44 81360 82080 5 2 720
48 32280 34440 5 1 2160
49 37260 39360 4 5 2100
50 39480 41640 5 1 2160
51 44460 46560 4 5 2100
52 46680 48840 5 1 2160
53 51660 53760 4 5 2100
54 53880 56040 5 1 2160
55 58860 60960 4 5 2100
56 61080 63240 5 1 2160
57 66060 68160 4 5 2100
58 68280 70440 5 1 2160
59 73260 75360 4 5 2100
60 75480 77640 5 1 2160
63 26220 27300 9 10 1080
64 28620 29700 10 9 1080
65 29820 32460 9 7 2640
66 32580 34140 7 2 1560
67 35820 36900 10 9 1080
68 37020 39660 9 7 2640
69 39780 41340 7 2 1560
70 43020 44100 10 9 1080
71 44220 46860 9 7 2640
72 46980 48540 7 2 1560
73 50220 51300 10 9 1080
74 51420 54060 9 7 2640
75 54180 55740 7 2 1560
76 57420 58500 10 9 1080
77 58620 61260 9 7 2640
78 61380 62940 7 2 1560
79 64620 65700 10 9 1080
80 65820 68460 9 7 2640
81 68580 70140 7 2 1560
82 71820 72900 10 9 1080
83 73020 75660 9 7 2640
84 75780 77340 7 2 1560
85 79020 80100 10 9 1080
86 80220 82860 9 7 2640
87 82980 84540 7 2 1560
92 33300 34680 13 8 1380
93 34800 37320 8 4 2520
94 38220 40380 3 13 2160
95 40500 41880 13 8 1380
96 42000 44520 8 4 2520
97 45420 47580 3 13 2160
98 47700 49080 13 8 1380
99 49200 51720 8 4 2520
100 52620 54780 3 13 2160
101 54900 56280 13 8 1380
102 56400 58920 8 4 2520
103 59820 61980 3 13 2160
104 62100 63480 13 8 1380
105 63600 66120 8 4 2520
106 67020 69180 3 13 2160
107 69300 70680 13 8 1380
108 70800 73320 8 4 2520
109 74220 76380 3 13 2160
110 76500 77880 13 8 1380
116 37020 39720 13 6 2700
117 39840 42540 6 15 2700
118 44220 46920 13 6 2700
119 47040 49740 6 15 2700
120 51420 54120 13 6 2700
121 54240 56940 6 15 2700
122 58620 61320 13 6 2700
123 61440 64140 6 15 2700
124 65820 68520 13 6 2700
125 68640 71340 6 15 2700
126 73020 75720 13 6 2700
132 30420 31080 12 1 660
133 31800 32460 1 12 660
134 32580 33780 12 0 1200
135 33900 34860 0 13 960
136 34980 37680 13 6 2700
137 37800 40500 6 15 2700
138 42600 43260 1 12 660
139 43380 44580 12 0 1200
140 44700 45660 0 13 960
141 45780 48480 13 6 2700
142 48600 51300 6 15 2700
143 53400 54060 1 12 660
144 54180 55380 12 0 1200
145 55500 56460 0 13 960
146 56580 59280 13 6 2700
147 59400 62100 6 15 2700
148 64200 64860 1 12 660
149 64980 66180 12 0 1200
150 66300 67260 0 13 960
151 67380 70080 13 6 2700
152 70200 72900 6 15 2700
153 75000 75660 1 12 660
154 75780 76980 12 0 1200
155 77100 78060 0 13 960
158 22620 25800 9 2 3180
159 25920 26640 2 5 720
160 26760 28080 5 8 1320
161 28260 30180 8 0 1920
162 31080 33000 0 8 1920
163 33120 34440 8 5 1320
164 34560 35280 5 2 720
165 35400 38580 2 9 3180
166 41880 43800 0 8 1920
167 43920 45240 8 5 1320
168 45360 46080 5 2 720
169 46200 49380 2 9 3180
170 52680 54600 0 8 1920
171 54720 56040 8 5 1320
172 56160 56880 5 2 720
173 57000 60180 2 9 3180
174 63480 65400 0 8 1920
175 65520 66840 8 5 1320
176 66960 67680 5 2 720
177 67800 70980 2 9 3180
178 74280 76200 0 8 1920
179 76320 77640 8 5 1320
180 77760 78480 5 2 720
181 78600 81780 2 9 3180
187 39600 42300 6 13 2700
188 43980 46680 15 6 2700
189 46800 49500 6 13 2700
190 51180 53880 15 6 2700
191 54000 56700 6 13 2700
192 58380 61080 15 6 2700
193 61200 63900 6 13 2700
194 65580 68280 15 6 2700
195 68400 71100 6 13 2700
196 72780 75480 15 6 2700
197 75600 78300 6 13 2700
202 35040 37320 14 0 2280
203 37560 38520 0 13 960
204 42240 44520 14 0 2280
205 44760 45720 0 13 960
206 49440 51720 14 0 2280
207 51960 52920 0 13 960
208 56640 58920 14 0 2280
209 59160 60120 0 13 960
210 63840 66120 14 0 2280
211 66360 67320 0 13 960
212 71040 73320 14 0 2280
213 73560 74520 0 13 960
214 78240 80520 14 0 2280
219 26700 28260 2 7 1560
220 30000 31560 7 2 1560
221 31680 32400 2 5 720
222 32520 34680 5 1 2160
223 34800 35460 1 12 660
224 37200 38760 7 2 1560
225 38880 39600 2 5 720
226 39720 41880 5 1 2160
227 42000 42660 1 12 660
228 44400 45960 7 2 1560
229 46080 46800 2 5 720
230 46920 49080 5 1 2160
231 49200 49860 1 12 660
232 51600 53160 7 2 1560
233 53280 54000 2 5 720
234 54120 56280 5 1 2160
235 56400 57060 1 12 660
236 58800 60360 7 2 1560
237 60480 61200 2 5 720
238 61320 63480 5 1 2160
239 63600 64260 1 12 660
240 66000 67560 7 2 1560
241 67680 68400 2 5 720
242 68520 70680 5 1 2160
243 70800 71460 1 12 660
244 73200 74760 7 2 1560
245 74880 75600 2 5 720
246 75720 77880 5 1 2160
247 78000 78660 1 12 660
252 30000 30660 12 1 660
253 30780 32940 1 5 2160
254 33060 33780 5 2 720
255 33900 35460 2 7 1560
256 37200 37860 12 1 660
257 37980 40140 1 5 2160
258 40260 40980 5 2 720
259 41100 42660 2 7 1560
260 44400 45060 12 1 660
261 45180 47340 1 5 2160
262 47460 48180 5 2 720
263 48300 49860 2 7 1560
264 51600 52260 12 1 660
265 52380 54540 1 5 2160
266 54660 55380 5 2 720
267 55500 57060 2 7 1560
268 58800 59460 12 1 660
269 59580 61740 1 5 2160
270 61860 62580 5 2 720
271 62700 64260 2 7 1560
272 66000 66660 12 1 660
273 66780 68940 1 5 2160
274 69060 69780 5 2 720
275 69900 71460 2 7 1560
276 73200 73860 12 1 660
277 73980 76140 1 5 2160
278 76260 76980 5 2 720
279 77100 78660 2 7 1560
282 28860 31020 1 5 2160
283 31140 33240 5 4 2100
284 36060 38220 1 5 2160
285 38340 40440 5 4 2100
286 43260 45420 1 5 2160
287 45540 47640 5 4 2100
288 50460 52620 1 5 2160
289 52740 54840 5 4 2100
290 57660 59820 1 5 2160
291 59940 62040 5 4 2100
292 64860 67020 1 5 2160
293 67140 69240 5 4 2100
294 72060 74220 1 5 2160
295 74340 76440 5 4 2100
301 37560 40260 6 3 2700
302 40380 41280 3 14 900
303 41520 43800 14 0 2280
304 45540 48240 15 6 2700
305 48360 51060 6 3 2700
306 51180 52080 3 14 900
307 52320 54600 14 0 2280
308 56340 59040 15 6 2700
309 59160 61860 6 3 2700
310 61980 62880 3 14 900
311 63120 65400 14 0 2280
312 67140 69840 15 6 2700
313 69960 72660 6 3 2700
314 72780 73680 3 14 900
315 73920 76200 14 0 2280
321 24420 27060 9 7 2640
322 27180 28740 7 2 1560
323 30780 32340 2 7 1560
324 32460 35100 7 9 2640
325 35220 36300 9 10 1080
326 37980 39540 2 7 1560
327 39660 42300 7 9 2640
328 42420 43500 9 10 1080
329 45180 46740 2 7 1560
330 46860 49500 7 9 2640
331 49620 50700 9 10 1080
332 52380 53940 2 7 1560
333 54060 56700 7 9 2640
334 56820 57900 9 10 1080
335 59580 61140 2 7 1560
336 61260 63900 7 9 2640
337 64020 65100 9 10 1080
338 66780 68340 2 7 1560
339 68460 71100 7 9 2640
340 71220 72300 9 10 1080
341 73980 75540 2 7 1560
342 75660 78300 7 9 2640
346 26100 29280 9 2 3180
347 29400 30120 2 5 720
348 30240 32340 5 4 2100
349 34440 36540 4 5 2100
350 36660 37380 5 2 720
351 37500 40680 2 9 3180
352 40800 41880 9 10 1080
353 42000 43380 10 11 1380
354 45240 47340 4 5 2100
355 47460 48180 5 2 720
356 48300 51480 2 9 3180
357 51600 52680 9 10 1080
358 52800 54180 10 11 1380
359 56040 58140 4 5 2100
360 58260 58980 5 2 720
361 59100 62280 2 9 3180
362 62400 63480 9 10 1080
363 63600 64980 10 11 1380
364 66840 68940 4 5 2100
365 69060 69780 5 2 720
366 69900 73080 2 9 3180
367 73200 74280 9 10 1080
368 74400 75780 10 11 1380
369 77640 79740 4 5 2100
370 79860 80580 5 2 720
371 80700 83880 2 9 3180
375 25440 28080 9 1 2640
376 28200 28860 1 12 660
377 28980 30180 12 0 1200
378 30300 31260 0 13 960
379 31860 32820 13 0 960
380 32940 34140 0 12 1200
381 34260 34920 12 1 660
382 35040 37680 1 9 2640
383 37800 39660 9 11 1860
384 42660 43620 13 0 960
385 43740 44940 0 12 1200
386 45060 45720 12 1 660
387 45840 48480 1 9 2640
388 48600 50460 9 11 1860
389 53460 54420 13 0 960
390 54540 55740 0 12 1200
391 55860 56520 12 1 660
392 56640 59280 1 9 2640
393 59400 61260 9 11 1860
394 64260 65220 13 0 960
395 65340 66540 0 12 1200
396 66660 67320 12 1 660
397 67440 70080 1 9 2640
398 70200 72060 9 11 1860
399 75060 76020 13 0 960
400 76140 77340 0 12 1200
401 77460 78120 12 1 660
402 78240 80880 1 9 2640
410 35220 36180 13 0 960
411 36300 37500 0 12 1200
412 39000 39900 14 3 900
413 40140 42300 3 13 2160
414 42420 43380 13 0 960
415 43500 44700 0 12 1200
416 46200 47100 14 3 900
417 47340 49500 3 13 2160
418 49620 50580 13 0 960
419 50700 51900 0 12 1200
420 53400 54300 14 3 900
421 54540 56700 3 13 2160
422 56820 57780 13 0 960
423 57900 59100 0 12 1200
424 60600 61500 14 3 900
425 61740 63900 3 13 2160
426 64020 64980 13 0 960
427 65100 66300 0 12 1200
428 67800 68700 14 3 900
429 68940 71100 3 13 2160
430 71220 72180 13 0 960
431 72300 73500 0 12 1200
432 75000 75900 14 3 900
433 76140 78300 3 13 2160
434 78420 79380 13 0 960
435 79500 80700 0 12 1200
441 31200 32160 0 13 960
442 32400 33780 13 8 1380
443 33900 35220 8 5 1320
444 35340 36060 5 2 720
445 36180 37740 2 7 1560
446 38400 39360 0 13 960
447 39600 40980 13 8 1380
448 41100 42420 8 5 1320
449 42540 43260 5 2 720
450 43380 44940 2 7 1560
451 45600 46560 0 13 960
452 46800 48180 13 8 1380
453 48300 49620 8 5 1320
454 49740 50460 5 2 720
455 50580 52140 2 7 1560
456 52800 53760 0 13 960
457 54000 55380 13 8 1380
458 55500 56820 8 5 1320
459 56940 57660 5 2 720
460 57780 59340 2 7 1560
461 60000 60960 0 13 960
462 61200 62580 13 8 1380
463 62700 64020 8 5 1320
464 64140 64860 5 2 720
465 64980 66540 2 7 1560
466 67200 68160 0 13 960
467 68400 69780 13 8 1380
468 69900 71220 8 5 1320
469 71340 72060 5 2 720
470 72180 73740 2 7 1560
471 74400 75360 0 13 960
472 75600 76980 13 8 1380
473 77100 78420 8 5 1320
474 78540 79260 5 2 720
475 79380 80940 2 7 1560
478 28020 29100 9 10 1080
479 30420 31500 10 9 1080
480 31620 34260 9 7 2640
481 34380 35940 7 2 1560
482 37620 38700 10 9 1080
483 38820 41460 9 7 2640
484 41580 43140 7 2 1560
485 44820 45900 10 9 1080
486 46020 48660 9 7 2640
487 48780 50340 7 2 1560
488 52020 53100 10 9 1080
489 53220 55860 9 7 2640
490 55980 57540 7 2 1560
491 59220 60300 10 9 1080
492 60420 63060 9 7 2640
493 63180 64740 7 2 1560
494 66420 67500 10 9 1080
495 67620 70260 9 7 2640
496 70380 71940 7 2 1560
497 73620 74700 10 9 1080
498 74820 77460 9 7 2640
499 77580 79140 7 2 1560
502 26700 29880 2 9 3180
503 30000 31080 9 10 1080
504 31200 32580 10 11 1380
505 34200 35580 11 10 1380
506 35700 36780 10 9 1080
507 36900 40080 9 2 3180
508 40200 40920 2 5 720
509 41040 43140 5 4 2100
510 45000 46380 11 10 1380
511 46500 47580 10 9 1080
512 47700 50880 9 2 3180
513 51000 51720 2 5 720
514 51840 53940 5 4 2100
515 55800 57180 11 10 1380
516 57300 58380 10 9 1080
517 58500 61680 9 2 3180
518 61800 62520 2 5 720
519 62640 64740 5 4 2100
520 66600 67980 11 10 1380
521 68100 69180 10 9 1080
522 69300 72480 9 2 3180
523 72600 73320 2 5 720
524 73440 75540 5 4 2100
525 77400 78780 11 10 1380
526 78900 79980 10 9 1080
527 80100 83280 9 2 3180
528 83400 84120 2 5 720
532 26400 29040 9 1 2640
533 29160 29820 1 12 660
534 29940 31140 12 0 1200
535 31260 33540 0 14 2280
536 34740 37020 14 0 2280
537 37140 38340 0 12 1200
538 38460 39120 12 1 660
539 39240 41880 1 9 2640
540 42000 43080 9 10 1080
541 43200 44580 10 11 1380
542 45540 47820 14 0 2280
543 47940 49140 0 12 1200
544 49260 49920 12 1 660
545 50040 52680 1 9 2640
546 52800 53880 9 10 1080
547 54000 55380 10 11 1380
548 56340 58620 14 0 2280
549 58740 59940 0 12 1200
550 60060 60720 12 1 660
551 60840 63480 1 9 2640
552 63600 64680 9 10 1080
553 64800 66180 10 11 1380
554 67140 69420 14 0 2280
555 69540 70740 0 12 1200
556 70860 71520 12 1 660
557 71640 74280 1 9 2640
558 74400 75480 9 10 1080
559 75600 76980 10 11 1380
560 77940 80220 14 0 2280
561 80340 81540 0 12 1200
562 81660 82320 12 1 660
563 82440 85080 1 9 2640
569 28680 29760 9 10 1080
570 31440 32520 10 9 1080
571 32640 35280 9 1 2640
572 35400 36060 1 12 660
573 36180 37380 12 0 1200
574 38640 39720 10 9 1080
575 39840 42480 9 1 2640
576 42600 43260 1 12 660
577 43380 44580 12 0 1200
578 45840 46920 10 9 1080
579 47040 49680 9 1 2640
580 49800 50460 1 12 660
581 50580 51780 12 0 1200
582 53040 54120 10 9 1080
583 54240 56880 9 1 2640
584 57000 57660 1 12 660
585 57780 58980 12 0 1200
586 60240 61320 10 9 1080
587 61440 64080 9 1 2640
588 64200 64860 1 12 660
589 64980 66180 12 0 1200
590 67440 68520 10 9 1080
591 68640 71280 9 1 2640
592 71400 72060 1 12 660
593 72180 73380 12 0 1200
594 74640 75720 10 9 1080
595 75840 78480 9 1 2640
596 78600 79260 1 12 660
597 79380 80580 12 0 1200
601 32880 35400 4 8 2520
602 35520 36900 8 13 1380
603 37020 39180 13 3 2160
604 40080 42600 4 8 2520
605 42720 44100 8 13 1380
606 44220 46380 13 3 2160
607 47280 49800 4 8 2520
608 49920 51300 8 13 1380
609 51420 53580 13 3 2160
610 54480 57000 4 8 2520
611 57120 58500 8 13 1380
612 58620 60780 13 3 2160
613 61680 64200 4 8 2520
614 64320 65700 8 13 1380
615 65820 67980 13 3 2160
616 68880 71400 4 8 2520
617 71520 72900 8 13 1380
618 73020 75180 13 3 2160
619 76080 78600 4 8 2520
620 78720 80100 8 13 1380
624 27360 28080 5 2 720
625 28860 29580 2 5 720
626 29700 31020 5 8 1320
627 31140 33060 8 0 1920
628 36060 36780 2 5 720
629 36900 38220 5 8 1320
630 38340 40260 8 0 1920
631 43260 43980 2 5 720
632 44100 45420 5 8 1320
633 45540 47460 8 0 1920
634 50460 51180 2 5 720
635 51300 52620 5 8 1320
636 52740 54660 8 0 1920
637 57660 58380 2 5 720
638 58500 59820 5 8 1320
639 59940 61860 8 0 1920
640 64860 65580 2 5 720
641 65700 67020 5 8 1320
642 67140 69060 8 0 1920
643 72060 72780 2 5 720
644 72900 74220 5 8 1320
645 74340 76260 8 0 1920
648 27360 28080 5 2 720
649 28200 31380 2 9 3180
650 33420 36600 9 2 3180
651 36720 37440 2 5 720
652 37560 38880 5 8 1320
653 39060 40980 8 0 1920
654 44220 47400 9 2 3180
655 47520 48240 2 5 720
656 48360 49680 5 8 1320
657 49860 51780 8 0 1920
658 55020 58200 9 2 3180
659 58320 59040 2 5 720
660 59160 60480 5 8 1320
661 60660 62580 8 0 1920
662 65820 69000 9 2 3180
663 69120 69840 2 5 720
664 69960 71280 5 8 1320
665 71460 73380 8 0 1920
666 76620 79800 9 2 3180
667 79920 80640 2 5 720
668 80760 82080 5 8 1320
674 33960 36240 0 14 2280
675 36420 37320 14 3 900
676 37440 40140 3 6 2700
677 40260 42960 6 15 2700
678 44760 47040 0 14 2280
679 47220 48120 14 3 900
680 48240 50940 3 6 2700
681 51060 53760 6 15 2700
682 55560 57840 0 14 2280
683 58020 58920 14 3 900
684 59040 61740 3 6 2700
685 61860 64560 6 15 2700
686 66360 68640 0 14 2280
687 68820 69720 14 3 900
688 69840 72540 3 6 2700
697 29700 31800 5 4 2100
698 35460 37560 4 5 2100
699 37680 39000 5 8 1320
700 39120 40500 8 13 1380
701 40620 43320 13 6 2700
702 46260 48360 4 5 2100
703 48480 49800 5 8 1320
704 49920 51300 8 13 1380
705 51420 54120 13 6 2700
706 57060 59160 4 5 2100
707 59280 60600 5 8 1320
708 60720 62100 8 13 1380
709 62220 64920 13 6 2700
710 67860 69960 4 5 2100
711 70080 71400 5 8 1320
712 71520 72900 8 13 1380
713 73020 75720 13 6 2700
714 78660 80760 4 5 2100
715 80880 82200 5 8 1320
722 31200 32280 9 10 1080
723 32400 33780 10 11 1380
724 34500 35880 11 10 1380
725 36000 37080 10 9 1080
726 37200 39840 9 1 2640
727 39960 40620 1 12 660
728 40740 41940 12 0 1200
729 42060 44340 0 14 2280
730 45300 46680 11 10 1380
731 46800 47880 10 9 1080
732 48000 50640 9 1 2640
733 50760 51420 1 12 660
734 51540 52740 12 0 1200
735 52860 55140 0 14 2280
736 56100 57480 11 10 1380
737 57600 58680 10 9 1080
738 58800 61440 9 1 2640
739 61560 62220 1 12 660
740 62340 63540 12 0 1200
741 63660 65940 0 14 2280
742 66900 68280 11 10 1380
743 68400 69480 10 9 1080
744 69600 72240 9 1 2640
745 72360 73020 1 12 660
746 73140 74340 12 0 1200
747 74460 76740 0 14 2280
748 77700 79080 11 10 1380
749 79200 80280 10 9 1080
750 80400 83040 9 1 2640
751 83160 83820 1 12 660
757 28140 28860 5 2 720
758 28980 30540 2 7 1560
759 34380 35940 7 2 1560
760 36060 36780 2 5 720
761 36900 38220 5 8 1320
762 38340 39720 8 13 1380
763 39840 40800 13 0 960
764 41580 43140 7 2 1560
765 43260 43980 2 5 720
766 44100 45420 5 8 1320
767 45540 46920 8 13 1380
768 47040 48000 13 0 960
769 48780 50340 7 2 1560
770 50460 51180 2 5 720
771 51300 52620 5 8 1320
772 52740 54120 8 13 1380
773 54240 55200 13 0 960
774 55980 57540 7 2 1560
775 57660 58380 2 5 720
776 58500 59820 5 8 1320
777 59940 61320 8 13 1380
778 61440 62400 13 0 960
779 63180 64740 7 2 1560
780 64860 65580 2 5 720
781 65700 67020 5 8 1320
782 67140 68520 8 13 1380
783 68640 69600 13 0 960
784 70380 71940 7 2 1560
785 72060 72780 2 5 720
786 72900 74220 5 8 1320
787 74340 75720 8 13 1380
788 75840 76800 13 0 960
789 77580 79140 7 2 1560
790 79260 79980 2 5 720
791 80100 81420 5 8 1320
795 25440 28080 9 1 2640
796 28200 28860 1 12 660
797 28980 30180 12 0 1200
798 31020 32220 0 12 1200
799 32340 33000 12 1 660
800 33120 35760 1 9 2640
801 35880 36960 9 10 1080
802 38220 39420 0 12 1200
803 39540 40200 12 1 660
804 40320 42960 1 9 2640
805 43080 44160 9 10 1080
806 45420 46620 0 12 1200
807 46740 47400 12 1 660
808 47520 50160 1 9 2640
809 50280 51360 9 10 1080
810 52620 53820 0 12 1200
811 53940 54600 12 1 660
812 54720 57360 1 9 2640
813 57480 58560 9 10 1080
814 59820 61020 0 12 1200
815 61140 61800 12 1 660
816 61920 64560 1 9 2640
817 64680 65760 9 10 1080
818 67020 68220 0 12 1200
819 68340 69000 12 1 660
820 69120 71760 1 9 2640
821 71880 72960 9 10 1080
822 74220 75420 0 12 1200
823 75540 76200 12 1 660
824 76320 78960 1 9 2640
829 31080 33360 0 14 2280
830 37200 38160 13 0 960
831 38280 40560 0 14 2280
832 44400 45360 13 0 960
833 45480 47760 0 14 2280
834 51600 52560 13 0 960
835 52680 54960 0 14 2280
836 58800 59760 13 0 960
837 59880 62160 0 14 2280
838 66000 66960 13 0 960
839 67080 69360 0 14 2280
840 73200 74160 13 0 960
841 74280 76560 0 14 2280
845 31500 32160 12 1 660
846 32280 34440 1 5 2160
847 34560 35280 5 2 720
848 38700 39360 12 1 660
849 39480 41640 1 5 2160
850 41760 42480 5 2 720
851 45900 46560 12 1 660
852 46680 48840 1 5 2160
853 48960 49680 5 2 720
854 53100 53760 12 1 660
855 53880 56040 1 5 2160
856 56160 56880 5 2 720
857 60300 60960 12 1 660
858 61080 63240 1 5 2160
859 63360 64080 5 2 720
860 67500 68160 12 1 660
861 68280 70440 1 5 2160
862 70560 71280 5 2 720
863 74700 75360 12 1 660
864 75480 77640 1 5 2160
865 77760 78480 5 2 720
868 27360 28080 5 2 720
869 31440 32160 2 5 720
870 32280 34440 5 1 2160
871 34560 35220 1 12 660
872 38640 39360 2 5 720
873 39480 41640 5 1 2160
874 41760 42420 1 12 660
875 45840 46560 2 5 720
876 46680 48840 5 1 2160
877 48960 49620 1 12 660
878 53040 53760 2 5 720
879 53880 56040 5 1 2160
880 56160 56820 1 12 660
881 60240 60960 2 5 720
882 61080 63240 5 1 2160
883 63360 64020 1 12 660
884 67440 68160 2 5 720
885 68280 70440 5 1 2160
886 70560 71220 1 12 660
887 74640 75360 2 5 720
888 75480 77640 5 1 2160
889 77760 78420 1 12 660
894 34260 35460 12 0 1200
895 35580 36540 0 13 960
896 36660 38820 13 3 2160
897 38940 39840 3 14 900
898 41460 42660 12 0 1200
899 42780 43740 0 13 960
900 43860 46020 13 3 2160
901 46140 47040 3 14 900
902 48660 49860 12 0 1200
903 49980 50940 0 13 960
904 51060 53220 13 3 2160
905 53340 54240 3 14 900
906 55860 57060 12 0 1200
907 57180 58140 0 13 960
908 58260 60420 13 3 2160
909 60540 61440 3 14 900
910 63060 64260 12 0 1200
911 64380 65340 0 13 960
912 65460 67620 13 3 2160
913 67740 68640 3 14 900
914 70260 71460 12 0 1200
915 71580 72540 0 13 960
916 72660 74820 13 3 2160
917 74940 75840 3 14 900
918 77460 78660 12 0 1200
919 78780 79740 0 13 960
928 39600 42300 6 13 2700
929 42420 43380 13 0 960
930 43500 44700 0 12 1200
931 44820 45480 12 1 660
932 47580 50280 15 6 2700
933 50400 53100 6 13 2700
934 53220 54180 13 0 960
935 54300 55500 0 12 1200
936 55620 56280 12 1 660
937 58380 61080 15 6 2700
938 61200 63900 6 13 2700
939 64020 64980 13 0 960
940 65100 66300 0 12 1200
941 66420 67080 12 1 660
942 69180 71880 15 6 2700
943 72000 74700 6 13 2700
944 74820 75780 13 0 960
945 75900 77100 0 12 1200
946 77220 77880 12 1 660
947 78600 79260 1 12 660
948 79380 80580 12 0 1200
949 80700 81660 0 13 960
961 30600 32460 9 11 1860
962 34260 36120 11 9 1860
963 36240 38880 9 1 2640
964 39000 39660 1 12 660
965 39780 40980 12 0 1200
966 41100 42060 0 13 960
967 45060 46920 11 9 1860
968 47040 49680 9 1 2640
969 49800 50460 1 12 660
970 50580 51780 12 0 1200
971 51900 52860 0 13 960
972 55860 57720 11 9 1860
973 57840 60480 9 1 2640
974 60600 61260 1 12 660
975 61380 62580 12 0 1200
976 62700 63660 0 13 960
977 66660 68520 11 9 1860
978 68640 71280 9 1 2640
979 71400 72060 1 12 660
980 72180 73380 12 0 1200
981 73500 74460 0 13 960
982 77460 79320 11 9 1860
983 79440 82080 9 1 2640
984 82200 82860 1 12 660
992 37560 38940 13 8 1380
993 39060 40380 8 5 1320
994 40500 42600 5 4 2100
995 45540 48240 6 13 2700
996 48360 49740 13 8 1380
997 49860 51180 8 5 1320
998 51300 53400 5 4 2100
999 56340 59040 6 13 2700
1000 59160 60540 13 8 1380
1001 60660 61980 8 5 1320
1002 62100 64200 5 4 2100
1003 67140 69840 6 13 2700
1004 69960 71340 13 8 1380
1005 71460 72780 8 5 1320
1006 72900 75000 5 4 2100
1007 77940 80640 6 13 2700
1008 80760 82140 13 8 1380
1009 82260 83580 8 5 1320
1014 34680 36600 0 8 1920
1015 39480 41760 14 0 2280
1016 41880 43800 0 8 1920
1017 46680 48960 14 0 2280
1018 49080 51000 0 8 1920
1019 53880 56160 14 0 2280
1020 56280 58200 0 8 1920
1021 61080 63360 14 0 2280
1022 63480 65400 0 8 1920
1023 68280 70560 14 0 2280
1024 70680 72600 0 8 1920
1025 75480 77760 14 0 2280
1026 77880 79800 0 8 1920
1029 32400 33780 13 8 1380
1030 33900 36420 8 4 2520
1031 39600 40980 13 8 1380
1032 41100 43620 8 4 2520
1033 46800 48180 13 8 1380
1034 48300 50820 8 4 2520
1035 54000 55380 13 8 1380
1036 55500 58020 8 4 2520
1037 61200 62580 13 8 1380
1038 62700 65220 8 4 2520
1039 68400 69780 13 8 1380
1040 69900 72420 8 4 2520
1041 75600 76980 13 8 1380
1044 26220 28860 9 7 2640
1045 28980 30540 7 2 1560
1046 32580 34140 2 7 1560
1047 34260 36900 7 9 2640
1048 37020 38100 9 10 1080
1049 39780 41340 2 7 1560
1050 41460 44100 7 9 2640
1051 44220 45300 9 10 1080
1052 46980 48540 2 7 1560
1053 48660 51300 7 9 2640
1054 51420 52500 9 10 1080
1055 54180 55740 2 7 1560
1056 55860 58500 7 9 2640
1057 58620 59700 9 10 1080
1058 61380 62940 2 7 1560
1059 63060 65700 7 9 2640
1060 65820 66900 9 10 1080
1061 68580 70140 2 7 1560
1062 70260 72900 7 9 2640
1063 73020 74100 9 10 1080
1064 75780 77340 2 7 1560
1065 77460 80100 7 9 2640
1069 31920 33840 8 0 1920
1070 33960 36240 0 14 2280
1071 39120 41040 8 0 1920
1072 41160 43440 0 14 2280
1073 46320 48240 8 0 1920
1074 48360 50640 0 14 2280
1075 53520 55440 8 0 1920
1076 55560 57840 0 14 2280
1077 60720 62640 8 0 1920
1078 62760 65040 0 14 2280
1079 67920 69840 8 0 1920
1080 69960 72240 0 14 2280
1081 75120 77040 8 0 1920
1085 32040 34560 4 8 2520
1086 34680 36060 8 13 1380
1087 39240 41760 4 8 2520
1088 41880 43260 8 13 1380
1089 46440 48960 4 8 2520
1090 49080 50460 8 13 1380
1091 53640 56160 4 8 2520
1092 56280 57660 8 13 1380
1093 60840 63360 4 8 2520
1094 63480 64860 8 13 1380
1095 68040 70560 4 8 2520
1096 70680 72060 8 13 1380
1097 75240 77760 4 8 2520
1098 77880 79260 8 13 1380
1102 31080 33000 0 8 1920
1103 33120 34440 8 5 1320
1104 34560 35280 5 2 720
1105 38280 40200 0 8 1920
1106 40320 41640 8 5 1320
1107 41760 42480 5 2 720
1108 45480 47400 0 8 1920
1109 47520 48840 8 5 1320
1110 48960 49680 5 2 720
1111 52680 54600 0 8 1920
1112 54720 56040 8 5 1320
1113 56160 56880 5 2 720
1114 59880 61800 0 8 1920
1115 61920 63240 8 5 1320
1116 63360 64080 5 2 720
1117 67080 69000 0 8 1920
1118 69120 70440 8 5 1320
1119 70560 71280 5 2 720
1120 74280 76200 0 8 1920
1121 76320 77640 8 5 1320
1122 77760 78480 5 2 720
1124 27540 29640 5 4 2100
1125 33660 35760 4 5 2100
1126 35880 38040 5 1 2160
1127 40860 42960 4 5 2100
1128 43080 45240 5 1 2160
1129 48060 50160 4 5 2100
1130 50280 52440 5 1 2160
1131 55260 57360 4 5 2100
1132 57480 59640 5 1 2160
1133 62460 64560 4 5 2100
1134 64680 66840 5 1 2160
1135 69660 71760 4 5 2100
1136 71880 74040 5 1 2160
1137 76860 78960 4 5 2100
1138 79080 81240 5 1 2160
1141 29820 30900 9 10 1080
1142 32220 33300 10 9 1080
1143 33420 36060 9 7 2640
1144 36180 37740 7 2 1560
1145 39420 40500 10 9 1080
1146 40620 43260 9 7 2640
1147 43380 44940 7 2 1560
1148 46620 47700 10 9 1080
1149 47820 50460 9 7 2640
1150 50580 52140 7 2 1560
1151 53820 54900 10 9 1080
1152 55020 57660 9 7 2640
1153 57780 59340 7 2 1560
1154 61020 62100 10 9 1080
1155 62220 64860 9 7 2640
1156 64980 66540 7 2 1560
1157 68220 69300 10 9 1080
1158 69420 72060 9 7 2640
1159 72180 73740 7 2 1560
1160 75420 76500 10 9 1080
1161 76620 79260 9 7 2640
1162 79380 80940 7 2 1560
1167 36900 38280 13 8 1380
1168 38400 40920 8 4 2520
1169 41820 43980 3 13 2160
1170 44100 45480 13 8 1380
1171 45600 48120 8 4 2520
1172 49020 51180 3 13 2160
1173 51300 52680 13 8 1380
1174 52800 55320 8 4 2520
1175 56220 58380 3 13 2160
1176 58500 59880 13 8 1380
1177 60000 62520 8 4 2520
1178 63420 65580 3 13 2160
1179 65700 67080 13 8 1380
1180 67200 69720 8 4 2520
1181 70620 72780 3 13 2160
1182 72900 74280 13 8 1380
1183 74400 76920 8 4 2520
1184 77820 79980 3 13 2160
1185 80100 81480 13 8 1380
1189 33420 36120 13 6 2700
1190 36240 38940 6 15 2700
1191 40620 43320 13 6 2700
1192 43440 46140 6 15 2700
1193 47820 50520 13 6 2700
1194 50640 53340 6 15 2700
1195 55020 57720 13 6 2700
1196 57840 60540 6 15 2700
1197 62220 64920 13 6 2700
1198 65040 67740 6 15 2700
1199 69420 72120 13 6 2700
1206 32700 33900 0 12 1200
1207 34020 34680 12 1 660
1208 35400 36060 1 12 660
1209 36180 37380 12 0 1200
1210 37500 38460 0 13 960
1211 38580 41280 13 6 2700
1212 41400 44100 6 15 2700
1213 46200 46860 1 12 660
1214 46980 48180 12 0 1200
1215 48300 49260 0 13 960
1216 49380 52080 13 6 2700
1217 52200 54900 6 15 2700
1218 57000 57660 1 12 660
1219 57780 58980 12 0 1200
1220 59100 60060 0 13 960
1221 60180 62880 13 6 2700
1222 63000 65700 6 15 2700
1223 67800 68460 1 12 660
1224 68580 69780 12 0 1200
1225 69900 70860 0 13 960
1226 70980 73680 13 6 2700
1228 26220 29400 9 2 3180
1229 29520 30240 2 5 720
1230 30360 31680 5 8 1320
1231 31860 33780 8 0 1920
1232 34680 36600 0 8 1920
1233 36720 38040 8 5 1320
1234 38160 38880 5 2 720
1235 39000 42180 2 9 3180
1236 45480 47400 0 8 1920
1237 47520 48840 8 5 1320
1238 48960 49680 5 2 720
1239 49800 52980 2 9 3180
1240 56280 58200 0 8 1920
1241 58320 59640 8 5 1320
1242 59760 60480 5 2 720
1243 60600 63780 2 9 3180
1244 67080 69000 0 8 1920
1245 69120 70440 8 5 1320
1246 70560 71280 5 2 720
1247 71400 74580 2 9 3180
1248 77880 79800 0 8 1920
1249 79920 81240 8 5 1320
1250 81360 82080 5 2 720
1251 82200 85380 2 9 3180
1256 40380 43080 15 6 2700
1257 43200 45900 6 13 2700
1258 47580 50280 15 6 2700
1259 50400 53100 6 13 2700
1260 54780 57480 15 6 2700
1261 57600 60300 6 13 2700
1262 61980 64680 15 6 2700
1263 64800 67500 6 13 2700
1264 69180 71880 15 6 2700
1265 72000 74700 6 13 2700
1271 33960 34920 0 13 960
1272 38640 40920 14 0 2280
1273 41160 42120 0 13 960
1274 45840 48120 14 0 2280
1275 48360 49320 0 13 960
1276 53040 55320 14 0 2280
1277 55560 56520 0 13 960
1278 60240 62520 14 0 2280
1279 62760 63720 0 13 960
1280 67440 69720 14 0 2280
1281 69960 70920 0 13 960
1282 74640 76920 14 0 2280
1283 77160 78120 0 13 960
1286 29460 30180 5 2 720
1287 30300 31860 2 7 1560
1288 33600 35160 7 2 1560
1289 35280 36000 2 5 720
1290 36120 38280 5 1 2160
1291 38400 39060 1 12 660
1292 40800 42360 7 2 1560
1293 42480 43200 2 5 720
1294 43320 45480 5 1 2160
1295 45600 46260 1 12 660
1296 48000 49560 7 2 1560
1297 49680 50400 2 5 720
1298 50520 52680 5 1 2160
1299 52800 53460 1 12 660
1300 55200 56760 7 2 1560
1301 56880 57600 2 5 720
1302 57720 59880 5 1 2160
1303 60000 60660 1 12 660
1304 62400 63960 7 2 1560
1305 64080 64800 2 5 720
1306 64920 67080 5 1 2160
1307 67200 67860 1 12 660
1308 69600 71160 7 2 1560
1309 71280 72000 2 5 720
1310 72120 74280 5 1 2160
1311 74400 75060 1 12 660
1312 76800 78360 7 2 1560
1313 78480 79200 2 5 720
1314 79320 81480 5 1 2160
1315 81600 82260 1 12 660
1317 28080 28800 2 5 720
1318 28920 31080 5 1 2160
1319 31200 31860 1 12 660
1320 33600 34260 12 1 660
1321 34380 36540 1 5 2160
1322 36660 37380 5 2 720
1323 37500 39060 2 7 1560
1324 40800 41460 12 1 660
1325 41580 43740 1 5 2160
1326 43860 44580 5 2 720
1327 44700 46260 2 7 1560
1328 48000 48660 12 1 660
1329 48780 50940 1 5 2160
1330 51060 51780 5 2 720
1331 51900 53460 2 7 1560
1332 55200 55860 12 1 660
1333 55980 58140 1 5 2160
1334 58260 58980 5 2 720
1335 59100 60660 2 7 1560
1336 62400 63060 12 1 660
1337 63180 65340 1 5 2160
1338 65460 66180 5 2 720
1339 66300 67860 2 7 1560
1340 69600 70260 12 1 660
1341 70380 72540 1 5 2160
1342 72660 73380 5 2 720
1343 73500 75060 2 7 1560
1344 76800 77460 12 1 660
1345 77580 79740 1 5 2160
1346 79860 80580 5 2 720
1347 80700 82260 2 7 1560
1349 28680 30840 5 1 2160
1350 32460 34620 1 5 2160
1351 34740 36840 5 4 2100
1352 39660 41820 1 5 2160
1353 41940 44040 5 4 2100
1354 46860 49020 1 5 2160
1355 49140 51240 5 4 2100
1356 54060 56220 1 5 2160
1357 56340 58440 5 4 2100
1358 61260 63420 1 5 2160
1359 63540 65640 5 4 2100
1360 68460 70620 1 5 2160
1361 70740 72840 5 4 2100
1362 75660 77820 1 5 2160
1369 41160 43860 6 3 2700
1370 43980 44880 3 14 900
1371 45120 47400 14 0 2280
1372 49140 51840 15 6 2700
1373 51960 54660 6 3 2700
1374 54780 55680 3 14 900
1375 55920 58200 14 0 2280
1376 59940 62640 15 6 2700
1377 62760 65460 6 3 2700
1378 65580 66480 3 14 900
1379 66720 69000 14 0 2280
1380 70740 73440 15 6 2700
1381 73560 76260 6 3 2700
1382 76380 77280 3 14 900
1383 77520 79800 14 0 2280
1385 28020 30660 9 7 2640
1386 30780 32340 7 2 1560
1387 34380 35940 2 7 1560
1388 36060 38700 7 9 2640
1389 38820 39900 9 10 1080
1390 41580 43140 2 7 1560
1391 43260 45900 7 9 2640
1392 46020 47100 9 10 1080
1393 48780 50340 2 7 1560
1394 50460 53100 7 9 2640
1395 53220 54300 9 10 1080
1396 55980 57540 2 7 1560
1397 57660 60300 7 9 2640
1398 60420 61500 9 10 1080
1399 63180 64740 2 7 1560
1400 64860 67500 7 9 2640
1401 67620 68700 9 10 1080
1402 70380 71940 2 7 1560
1403 72060 74700 7 9 2640
1404 74820 75900 9 10 1080
1405 77580 79140 2 7 1560
1406 79260 81900 7 9 2640
1409 28500 29580 10 9 1080
1410 29700 32880 9 2 3180
1411 33000 33720 2 5 720
1412 33840 35940 5 4 2100
1413 38040 40140 4 5 2100
1414 40260 40980 5 2 720
1415 41100 44280 2 9 3180
1416 44400 45480 9 10 1080
1417 45600 46980 10 11 1380
1418 48840 50940 4 5 2100
1419 51060 51780 5 2 720
1420 51900 55080 2 9 3180
1421 55200 56280 9 10 1080
1422 56400 57780 10 11 1380
1423 59640 61740 4 5 2100
1424 61860 62580 5 2 720
1425 62700 65880 2 9 3180
1426 66000 67080 9 10 1080
1427 67200 68580 10 11 1380
1428 70440 72540 4 5 2100
1429 72660 73380 5 2 720
1430 73500 76680 2 9 3180
1431 76800 77880 9 10 1080
1434 29040 31680 9 1 2640
1435 31800 32460 1 12 660
1436 32580 33780 12 0 1200
1437 33900 34860 0 13 960
1438 35460 36420 13 0 960
1439 36540 37740 0 12 1200
1440 37860 38520 12 1 660
1441 38640 41280 1 9 2640
1442 41400 43260 9 11 1860
1443 46260 47220 13 0 960
1444 47340 48540 0 12 1200
1445 48660 49320 12 1 660
1446 49440 52080 1 9 2640
1447 52200 54060 9 11 1860
1448 57060 58020 13 0 960
1449 58140 59340 0 12 1200
1450 59460 60120 12 1 660
1451 60240 62880 1 9 2640
1452 63000 64860 9 11 1860
1453 67860 68820 13 0 960
1454 68940 70140 0 12 1200
1455 70260 70920 12 1 660
1456 71040 73680 1 9 2640
1457 73800 75660 9 11 1860
1458 78660 79620 13 0 960
1459 79740 80940 0 12 1200
1460 81060 81720 12 1 660
1461 81840 84480 1 9 2640
1467 35400 36300 14 3 900
1468 36540 38700 3 13 2160
1469 38820 39780 13 0 960
1470 39900 41100 0 12 1200
1471 42600 43500 14 3 900
1472 43740 45900 3 13 2160
1473 46020 46980 13 0 960
1474 47100 48300 0 12 1200
1475 49800 50700 14 3 900
1476 50940 53100 3 13 2160
1477 53220 54180 13 0 960
1478 54300 55500 0 12 1200
1479 57000 57900 14 3 900
1480 58140 60300 3 13 2160
1481 60420 61380 13 0 960
1482 61500 62700 0 12 1200
1483 64200 65100 14 3 900
1484 65340 67500 3 13 2160
1485 67620 68580 13 0 960
1486 68700 69900 0 12 1200
1487 71400 72300 14 3 900
1488 72540 74700 3 13 2160
1489 74820 75780 13 0 960
1490 75900 77100 0 12 1200
1496 28860 29580 2 5 720
1497 29700 31020 5 8 1320
1498 31140 32520 8 13 1380
1499 32640 33600 13 0 960
1500 34800 35760 0 13 960
1501 36000 37380 13 8 1380
1502 37500 38820 8 5 1320
1503 38940 39660 5 2 720
1504 39780 41340 2 7 1560
1505 42000 42960 0 13 960
1506 43200 44580 13 8 1380
1507 44700 46020 8 5 1320
1508 46140 46860 5 2 720
1509 46980 48540 2 7 1560
1510 49200 50160 0 13 960
1511 50400 51780 13 8 1380
1512 51900 53220 8 5 1320
1513 53340 54060 5 2 720
1514 54180 55740 2 7 1560
1515 56400 57360 0 13 960
1516 57600 58980 13 8 1380
1517 59100 60420 8 5 1320
1518 60540 61260 5 2 720
1519 61380 62940 2 7 1560
1520 63600 64560 0 13 960
1521 64800 66180 13 8 1380
1522 66300 67620 8 5 1320
1523 67740 68460 5 2 720
1524 68580 70140 2 7 1560
1525 70800 71760 0 13 960
1526 72000 73380 13 8 1380
1527 73500 74820 8 5 1320
1528 74940 75660 5 2 720
1529 75780 77340 2 7 1560
1530 78000 78960 0 13 960
1531 79200 80580 13 8 1380
1532 80700 82020 8 5 1320
1533 82140 82860 5 2 720
1535 27180 28740 2 7 1560
1536 28860 31500 7 9 2640
1537 31620 32700 9 10 1080
1538 34020 35100 10 9 1080
1539 35220 37860 9 7 2640
1540 37980 39540 7 2 1560
1541 41220 42300 10 9 1080
1542 42420 45060 9 7 2640
1543 45180 46740 7 2 1560
1544 48420 49500 10 9 1080
1545 49620 52260 9 7 2640
1546 52380 53940 7 2 1560
1547 55620 56700 10 9 1080
1548 56820 59460 9 7 2640
1549 59580 61140 7 2 1560
1550 62820 63900 10 9 1080
1551 64020 66660 9 7 2640
1552 66780 68340 7 2 1560
1553 70020 71100 10 9 1080
1554 71220 73860 9 7 2640
1555 73980 75540 7 2 1560
1556 77220 78300 10 9 1080
1557 78420 81060 9 7 2640
1558 81180 82740 7 2 1560
1560 29460 30180 5 2 720
1561 30300 33480 2 9 3180
1562 33600 34680 9 10 1080
1563 34800 36180 10 11 1380
1564 37800 39180 11 10 1380
1565 39300 40380 10 9 1080
1566 40500 43680 9 2 3180
1567 43800 44520 2 5 720
1568 44640 46740 5 4 2100
1569 48600 49980 11 10 1380
1570 50100 51180 10 9 1080
1571 51300 54480 9 2 3180
1572 54600 55320 2 5 720
1573 55440 57540 5 4 2100
1574 59400 60780 11 10 1380
1575 60900 61980 10 9 1080
1576 62100 65280 9 2 3180
1577 65400 66120 2 5 720
1578 66240 68340 5 4 2100
1579 70200 71580 11 10 1380
1580 71700 72780 10 9 1080
1581 72900 76080 9 2 3180
1582 76200 76920 2 5 720
1585 28800 29880 10 9 1080
1586 30000 32640 9 1 2640
1587 32760 33420 1 12 660
1588 33540 34740 12 0 1200
1589 34860 37140 0 14 2280
1590 38340 40620 14 0 2280
1591 40740 41940 0 12 1200
1592 42060 42720 12 1 660
1593 42840 45480 1 9 2640
1594 45600 46680 9 10 1080
1595 46800 48180 10 11 1380
1596 49140 51420 14 0 2280
1597 51540 52740 0 12 1200
1598 52860 53520 12 1 660
1599 53640 56280 1 9 2640
1600 56400 57480 9 10 1080
1601 57600 58980 10 11 1380
1602 59940 62220 14 0 2280
1603 62340 63540 0 12 1200
1604 63660 64320 12 1 660
1605 64440 67080 1 9 2640
1606 67200 68280 9 10 1080
1607 68400 69780 10 11 1380
1608 70740 73020 14 0 2280
1609 73140 74340 0 12 1200
1610 74460 75120 12 1 660
1611 75240 77880 1 9 2640
1616 29520 32160 1 9 2640
1617 32280 33360 9 10 1080
1618 35040 36120 10 9 1080
1619 36240 38880 9 1 2640
1620 39000 39660 1 12 660
1621 39780 40980 12 0 1200
1622 42240 43320 10 9 1080
1623 43440 46080 9 1 2640
1624 46200 46860 1 12 660
1625 46980 48180 12 0 1200
1626 49440 50520 10 9 1080
1627 50640 53280 9 1 2640
1628 53400 54060 1 12 660
1629 54180 55380 12 0 1200
1630 56640 57720 10 9 1080
1631 57840 60480 9 1 2640
1632 60600 61260 1 12 660
1633 61380 62580 12 0 1200
1634 63840 64920 10 9 1080
1635 65040 67680 9 1 2640
1636 67800 68460 1 12 660
1637 68580 69780 12 0 1200
1638 71040 72120 10 9 1080
1639 72240 74880 9 1 2640
1640 75000 75660 1 12 660
1641 75780 76980 12 0 1200
1642 78240 79320 10 9 1080
1643 79440 82080 9 1 2640
1644 82200 82860 1 12 660
1648 31200 33720 8 4 2520
1649 36480 39000 4 8 2520
1650 39120 40500 8 13 1380
1651 40620 42780 13 3 2160
1652 43680 46200 4 8 2520
1653 46320 47700 8 13 1380
1654 47820 49980 13 3 2160
1655 50880 53400 4 8 2520
1656 53520 54900 8 13 1380
1657 55020 57180 13 3 2160
1658 58080 60600 4 8 2520
1659 60720 62100 8 13 1380
1660 62220 64380 13 3 2160
1661 65280 67800 4 8 2520
1662 67920 69300 8 13 1380
1663 69420 71580 13 3 2160
1664 72480 75000 4 8 2520
1665 75120 76500 8 13 1380
1668 29520 30840 8 5 1320
1669 30960 31680 5 2 720
1670 31800 34980 2 9 3180
1671 37020 40200 9 2 3180
1672 40320 41040 2 5 720
1673 41160 42480 5 8 1320
1674 42660 44580 8 0 1920
1675 47820 51000 9 2 3180
1676 51120 51840 2 5 720
1677 51960 53280 5 8 1320
1678 53460 55380 8 0 1920
1679 58620 61800 9 2 3180
1680 61920 62640 2 5 720
1681 62760 64080 5 8 1320
1682 64260 66180 8 0 1920
1683 69420 72600 9 2 3180
1684 72720 73440 2 5 720
1685 73560 74880 5 8 1320
1686 75060 76980 8 0 1920
1690 34320 36600 14 0 2280
1691 37560 39840 0 14 2280
1692 40020 40920 14 3 900
1693 41040 43740 3 6 2700
1694 43860 46560 6 15 2700
1695 48360 50640 0 14 2280
1696 50820 51720 14 3 900
1697 51840 54540 3 6 2700
1698 54660 57360 6 15 2700
1699 59160 61440 0 14 2280
1700 61620 62520 14 3 900
1701 62640 65340 3 6 2700
1702 65460 68160 6 15 2700
1703 69960 72240 0 14 2280
1704 72420 73320 14 3 900
1705 73440 76140 3 6 2700
1709 31860 33180 8 5 1320
1710 33300 35400 5 4 2100
1711 39060 41160 4 5 2100
1712 41280 42600 5 8 1320
1713 42720 44100 8 13 1380
1714 44220 46920 13 6 2700
1715 49860 51960 4 5 2100
1716 52080 53400 5 8 1320
1717 53520 54900 8 13 1380
1718 55020 57720 13 6 2700
1719 60660 62760 4 5 2100
1720 62880 64200 5 8 1320
1721 64320 65700 8 13 1380
1722 65820 68520 13 6 2700
1723 71460 73560 4 5 2100
1724 73680 75000 5 8 1320
1725 75120 76500 8 13 1380
1729 31260 31920 12 1 660
1730 32040 34680 1 9 2640
1731 34800 35880 9 10 1080
1732 36000 37380 10 11 1380
1733 38100 39480 11 10 1380
1734 39600 40680 10 9 1080
1735 40800 43440 9 1 2640
1736 43560 44220 1 12 660
1737 44340 45540 12 0 1200
1738 45660 47940 0 14 2280
1739 48900 50280 11 10 1380
1740 50400 51480 10 9 1080
1741 51600 54240 9 1 2640
1742 54360 55020 1 12 660
1743 55140 56340 12 0 1200
1744 56460 58740 0 14 2280
1745 59700 61080 11 10 1380
1746 61200 62280 10 9 1080
1747 62400 65040 9 1 2640
1748 65160 65820 1 12 660
1749 65940 67140 12 0 1200
1750 67260 69540 0 14 2280
1751 70500 71880 11 10 1380
1752 72000 73080 10 9 1080
1753 73200 75840 9 1 2640
1754 75960 76620 1 12 660
1755 76740 77940 12 0 1200
1759 30300 31620 8 5 1320
1760 31740 32460 5 2 720
1761 32580 34140 2 7 1560
1762 37980 39540 7 2 1560
1763 39660 40380 2 5 720
1764 40500 41820 5 8 1320
1765 41940 43320 8 13 1380
1766 43440 44400 13 0 960
1767 45180 46740 7 2 1560
1768 46860 47580 2 5 720
1769 47700 49020 5 8 1320
1770 49140 50520 8 13 1380
1771 50640 51600 13 0 960
1772 52380 53940 7 2 1560
1773 54060 54780 2 5 720
1774 54900 56220 5 8 1320
1775 56340 57720 8 13 1380
1776 57840 58800 13 0 960
1777 59580 61140 7 2 1560
1778 61260 61980 2 5 720
1779 62100 63420 5 8 1320
1780 63540 64920 8 13 1380
1781 65040 66000 13 0 960
1782 66780 68340 7 2 1560
1783 68460 69180 2 5 720
1784 69300 70620 5 8 1320
1785 70740 72120 8 13 1380
1786 72240 73200 13 0 960
1787 73980 75540 7 2 1560
1788 75660 76380 2 5 720
1789 76500 77820 5 8 1320
1790 77940 79320 8 13 1380
1791 79440 80400 13 0 960
1793 29040 31680 9 1 2640
1794 31800 32460 1 12 660
1795 32580 33780 12 0 1200
1796 34620 35820 0 12 1200
1797 35940 36600 12 1 660
1798 36720 39360 1 9 2640
1799 39480 40560 9 10 1080
1800 41820 43020 0 12 1200
1801 43140 43800 12 1 660
1802 43920 46560 1 9 2640
1803 46680 47760 9 10 1080
1804 49020 50220 0 12 1200
1805 50340 51000 12 1 660
1806 51120 53760 1 9 2640
1807 53880 54960 9 10 1080
1808 56220 57420 0 12 1200
1809 57540 58200 12 1 660
1810 58320 60960 1 9 2640
1811 61080 62160 9 10 1080
1812 63420 64620 0 12 1200
1813 64740 65400 12 1 660
1814 65520 68160 1 9 2640
1815 68280 69360 9 10 1080
1816 70620 71820 0 12 1200
1817 71940 72600 12 1 660
1818 72720 75360 1 9 2640
1819 75480 76560 9 10 1080
1820 77820 79020 0 12 1200
1821 79140 79800 12 1 660
1822 79920 82560 1 9 2640
1824 27840 28560 2 5 720
1825 28680 30840 5 1 2160
1826 30960 31620 1 12 660
1827 35100 35760 12 1 660
1828 35880 38040 1 5 2160
1829 38160 38880 5 2 720
1830 42300 42960 12 1 660
1831 43080 45240 1 5 2160
1832 45360 46080 5 2 720
1833 49500 50160 12 1 660
1834 50280 52440 1 5 2160
1835 52560 53280 5 2 720
1836 56700 57360 12 1 660
1837 57480 59640 1 5 2160
1838 59760 60480 5 2 720
1839 63900 64560 12 1 660
1840 64680 66840 1 5 2160
1841 66960 67680 5 2 720
1842 71100 71760 12 1 660
1843 71880 74040 1 5 2160
1844 74160 74880 5 2 720
1845 78300 78960 12 1 660
1846 79080 81240 1 5 2160
1847 81360 82080 5 2 720
1849 28680 30840 1 5 2160
1850 30960 31680 5 2 720
1851 35040 35760 2 5 720
1852 35880 38040 5 1 2160
1853 38160 38820 1 12 660
1854 42240 42960 2 5 720
1855 43080 45240 5 1 2160
1856 45360 46020 1 12 660
1857 49440 50160 2 5 720
1858 50280 52440 5 1 2160
1859 52560 53220 1 12 660
1860 56640 57360 2 5 720
1861 57480 59640 5 1 2160
1862 59760 60420 1 12 660
1863 63840 64560 2 5 720
1864 64680 66840 5 1 2160
1865 66960 67620 1 12 660
1866 71040 71760 2 5 720
1867 71880 74040 5 1 2160
1868 74160 74820 1 12 660
1869 78240 78960 2 5 720
1870 79080 81240 5 1 2160
1871 81360 82020 1 12 660
1875 32700 33900 0 12 1200
1876 37860 39060 12 0 1200
1877 39180 40140 0 13 960
1878 40260 42420 13 3 2160
1879 42540 43440 3 14 900
1880 45060 46260 12 0 1200
1881 46380 47340 0 13 960
1882 47460 49620 13 3 2160
1883 49740 50640 3 14 900
1884 52260 53460 12 0 1200
1885 53580 54540 0 13 960
1886 54660 56820 13 3 2160
1887 56940 57840 3 14 900
1888 59460 60660 12 0 1200
1889 60780 61740 0 13 960
1890 61860 64020 13 3 2160
1891 64140 65040 3 14 900
1892 66660 67860 12 0 1200
1893 67980 68940 0 13 960
1894 69060 71220 13 3 2160
1895 71340 72240 3 14 900
1896 73860 75060 12 0 1200
1897 75180 76140 0 13 960
1905 40380 43080 15 6 2700
1906 43200 45900 6 13 2700
1907 46020 46980 13 0 960
1908 47100 48300 0 12 1200
1909 48420 49080 12 1 660
1910 51180 53880 15 6 2700
1911 54000 56700 6 13 2700
1912 56820 57780 13 0 960
1913 57900 59100 0 12 1200
1914 59220 59880 12 1 660
1915 61980 64680 15 6 2700
1916 64800 67500 6 13 2700
1917 67620 68580 13 0 960
1918 68700 69900 0 12 1200
1919 70020 70680 12 1 660
1920 72780 75480 15 6 2700
1921 75600 78300 6 13 2700
1922 78420 79380 13 0 960
1923 79500 80700 0 12 1200
1924 80820 81480 12 1 660
1927 30660 31320 12 1 660
1928 31440 34080 1 9 2640
1929 34200 36060 9 11 1860
1930 37860 39720 11 9 1860
1931 39840 42480 9 1 2640
1932 42600 43260 1 12 660
1933 43380 44580 12 0 1200
1934 44700 45660 0 13 960
1935 48660 50520 11 9 1860
1936 50640 53280 9 1 2640
1937 53400 54060 1 12 660
1938 54180 55380 12 0 1200
1939 55500 56460 0 13 960
1940 59460 61320 11 9 1860
1941 61440 64080 9 1 2640
1942 64200 64860 1 12 660
1943 64980 66180 12 0 1200
1944 66300 67260 0 13 960
1945 70260 72120 11 9 1860
1946 72240 74880 9 1 2640
1947 75000 75660 1 12 660
1948 75780 76980 12 0 1200
1949 77100 78060 0 13 960
1951 30480 31800 5 8 1320
1952 31920 33300 8 13 1380
1953 33420 36120 13 6 2700
1954 38340 41040 6 13 2700
1955 41160 42540 13 8 1380
1956 42660 43980 8 5 1320
1957 44100 46200 5 4 2100
1958 49140 51840 6 13 2700
1959 51960 53340 13 8 1380
1960 53460 54780 8 5 1320
1961 54900 57000 5 4 2100
1962 59940 62640 6 13 2700
1963 62760 64140 13 8 1380
1964 64260 65580 8 5 1320
1965 65700 67800 5 4 2100
1966 70740 73440 6 13 2700
1967 73560 74940 13 8 1380
1968 75060 76380 8 5 1320
1972 35880 38160 14 0 2280
1973 38280 40200 0 8 1920
1974 43080 45360 14 0 2280
1975 45480 47400 0 8 1920
1976 50280 52560 14 0 2280
1977 52680 54600 0 8 1920
1978 57480 59760 14 0 2280
1979 59880 61800 0 8 1920
1980 64680 66960 14 0 2280
1981 67080 69000 0 8 1920
1982 71880 74160 14 0 2280
1983 74280 76200 0 8 1920
1984 79080 81360 14 0 2280
1987 31080 33000 0 8 1920
1988 35520 37440 8 0 1920
1989 37560 39840 0 14 2280
1990 42720 44640 8 0 1920
1991 44760 47040 0 14 2280
1992 49920 51840 8 0 1920
1993 51960 54240 0 14 2280
1994 57120 59040 8 0 1920
1995 59160 61440 0 14 2280
1996 64320 66240 8 0 1920
1997 66360 68640 0 14 2280
1998 71520 73440 8 0 1920
1999 73560 75840 0 14 2280
2000 78720 80640 8 0 1920
2003 30300 32820 8 4 2520
2004 35640 38160 4 8 2520
2005 38280 39660 8 13 1380
2006 28980 30540 2 7 1560
2007 30660 33300 7 9 2640
2008 33420 34500 9 10 1080
2009 35820 36900 10 9 1080
2010 37020 39660 9 7 2640
2011 39780 41340 7 2 1560
2013 31920 33300 8 13 1380
2014 33420 35580 13 3 2160
2015 38220 40380 3 13 2160
2016 40500 41880 13 8 1380
2017 42000 44520 8 4 2520
2020 35220 36180 13 0 960
2021 36300 37500 0 12 1200
2022 37620 38280 12 1 660
2023 39000 39660 1 12 660
2024 39780 40980 12 0 1200
2025 41100 42060 0 13 960
2026 42180 44880 13 6 2700
2027 45000 47700 6 15 2700
2028 49800 50460 1 12 660
2029 50580 51780 12 0 1200
2030 51900 52860 0 13 960
2031 52980 55680 13 6 2700
2032 55800 58500 6 15 2700
2033 60600 61260 1 12 660
2034 61380 62580 12 0 1200
2035 62700 63660 0 13 960
2036 63780 66480 13 6 2700
2037 66600 69300 6 15 2700
2038 71400 72060 1 12 660
2039 72180 73380 12 0 1200
2040 73500 74460 0 13 960
2041 74580 77280 13 6 2700
2043 29820 33000 9 2 3180
2044 33120 33840 2 5 720
2045 33960 35280 5 8 1320
2046 35460 37380 8 0 1920
2047 38280 40200 0 8 1920
2048 40320 41640 8 5 1320
2049 41760 42480 5 2 720
2050 42600 45780 2 9 3180
2051 49080 51000 0 8 1920
2052 51120 52440 8 5 1320
2053 52560 53280 5 2 720
2054 53400 56580 2 9 3180
2055 59880 61800 0 8 1920
2056 61920 63240 8 5 1320
2057 63360 64080 5 2 720
2058 64200 67380 2 9 3180
2059 70680 72600 0 8 1920
2060 72720 74040 8 5 1320
2061 74160 74880 5 2 720
2062 75000 78180 2 9 3180
2067 41940 44640 15 6 2700
2068 44760 47460 6 3 2700
2069 47580 48480 3 14 900
2070 48720 51000 14 0 2280
2071 52740 55440 15 6 2700
2072 55560 58260 6 3 2700
2073 58380 59280 3 14 900
2074 59520 61800 14 0 2280
2075 63540 66240 15 6 2700
2076 66360 69060 6 3 2700
2077 69180 70080 3 14 900
2078 70320 72600 14 0 2280
2079 74340 77040 15 6 2700
2084 32100 33180 10 9 1080
2085 33300 36480 9 2 3180
2086 36600 37320 2 5 720
2087 37440 39540 5 4 2100
2088 41640 43740 4 5 2100
2089 43860 44580 5 2 720
2090 44700 47880 2 9 3180
2091 48000 49080 9 10 1080
2092 49200 50580 10 11 1380
2093 52440 54540 4 5 2100
2094 54660 55380 5 2 720
2095 55500 58680 2 9 3180
2096 58800 59880 9 10 1080
2097 60000 61380 10 11 1380
2098 63240 65340 4 5 2100
2099 65460 66180 5 2 720
2100 66300 69480 2 9 3180
2101 69600 70680 9 10 1080
2102 70800 72180 10 11 1380
2103 74040 76140 4 5 2100
2104 76260 76980 5 2 720
2105 77100 80280 2 9 3180
2109 32640 35280 9 1 2640
2110 35400 36060 1 12 660
2111 36180 37380 12 0 1200
2112 37500 38460 0 13 960
2113 39060 40020 13 0 960
2114 40140 41340 0 12 1200
2115 41460 42120 12 1 660
2116 42240 44880 1 9 2640
2117 45000 46860 9 11 1860
2118 49860 50820 13 0 960
2119 50940 52140 0 12 1200
2120 52260 52920 12 1 660
2121 53040 55680 1 9 2640
2122 55800 57660 9 11 1860
2123 60660 61620 13 0 960
2124 61740 62940 0 12 1200
2125 63060 63720 12 1 660
2126 63840 66480 1 9 2640
2127 66600 68460 9 11 1860
2128 71460 72420 13 0 960
2129 72540 73740 0 12 1200
2130 73860 74520 12 1 660
2131 74640 77280 1 9 2640
2133 30660 31860 12 0 1200
2134 31980 32940 0 13 960
2135 33060 35220 13 3 2160
2136 35340 36240 3 14 900
2137 39000 39900 14 3 900
2138 40140 42300 3 13 2160
2139 42420 43380 13 0 960
2140 43500 44700 0 12 1200
2141 30780 32340 7 2 1560
2142 32460 33180 2 5 720
2143 33300 34620 5 8 1320
2144 34740 36120 8 13 1380
2145 36240 37200 13 0 960
2146 38400 39360 0 13 960
2147 39600 40980 13 8 1380
2148 41100 42420 8 5 1320
2149 42540 43260 5 2 720
2150 43380 44940 2 7 1560
2151 30840 32940 4 5 2100
2152 33060 33780 5 2 720
2153 33900 37080 2 9 3180
2154 37200 38280 9 10 1080
2155 38400 39780 10 11 1380
2156 41400 42780 11 10 1380
2157 42900 43980 10 9 1080
2158 44100 47280 9 2 3180
2159 47400 48120 2 5 720
2160 48240 50340 5 4 2100
2161 52200 53580 11 10 1380
2162 53700 54780 10 9 1080
2163 54900 58080 9 2 3180
2164 58200 58920 2 5 720
2165 59040 61140 5 4 2100
2166 63000 64380 11 10 1380
2167 64500 65580 10 9 1080
2168 65700 68880 9 2 3180
2169 69000 69720 2 5 720
2170 69840 71940 5 4 2100
2171 73800 75180 11 10 1380
2172 75300 76380 10 9 1080
2173 76500 79680 9 2 3180
2174 79800 80520 2 5 720
2177 32400 33480 10 9 1080
2178 33600 36240 9 1 2640
2179 36360 37020 1 12 660
2180 37140 38340 12 0 1200
2181 38460 40740 0 14 2280
2182 41940 44220 14 0 2280
2183 44340 45540 0 12 1200
2184 45660 46320 12 1 660
2185 46440 49080 1 9 2640
2186 49200 50280 9 10 1080
2187 50400 51780 10 11 1380
2188 52740 55020 14 0 2280
2189 55140 56340 0 12 1200
2190 56460 57120 12 1 660
2191 57240 59880 1 9 2640
2192 60000 61080 9 10 1080
2193 61200 62580 10 11 1380
2194 63540 65820 14 0 2280
2195 65940 67140 0 12 1200
2196 67260 67920 12 1 660
2197 68040 70680 1 9 2640
2198 70800 71880 9 10 1080
2199 72000 73380 10 11 1380
2200 74340 76620 14 0 2280
2201 76740 77940 0 12 1200
2202 78060 78720 12 1 660
2203 78840 81480 1 9 2640
2208 36780 37680 3 14 900
2209 37920 40200 14 0 2280
2210 41160 43440 0 14 2280
2211 43620 44520 14 3 900
2212 44640 47340 3 6 2700
2213 47460 50160 6 15 2700
2214 51960 54240 0 14 2280
2215 54420 55320 14 3 900
2216 55440 58140 3 6 2700
2217 58260 60960 6 15 2700
2218 62760 65040 0 14 2280
2219 65220 66120 14 3 900
2220 66240 68940 3 6 2700
2221 69060 71760 6 15 2700
2222 73560 75840 0 14 2280
2223 76020 76920 14 3 900
2227 33960 35340 13 8 1380
2228 35460 36780 8 5 1320
2229 36900 39000 5 4 2100
2230 42660 44760 4 5 2100
2231 44880 46200 5 8 1320
2232 46320 47700 8 13 1380
2233 47820 50520 13 6 2700
2234 53460 55560 4 5 2100
2235 55680 57000 5 8 1320
2236 57120 58500 8 13 1380
2237 58620 61320 13 6 2700
2238 64260 66360 4 5 2100
2239 66480 67800 5 8 1320
2240 67920 69300 8 13 1380
2241 69420 72120 13 6 2700
2242 75060 77160 4 5 2100
2243 77280 78600 5 8 1320
2244 78720 80100 8 13 1380
2247 33540 34740 0 12 1200
2248 34860 35520 12 1 660
2249 35640 38280 1 9 2640
2250 38400 39480 9 10 1080
2251 39600 40980 10 11 1380
2252 41700 43080 11 10 1380
2253 43200 44280 10 9 1080
2254 44400 47040 9 1 2640
2255 47160 47820 1 12 660
2256 47940 49140 12 0 1200
2257 49260 51540 0 14 2280
2258 52500 53880 11 10 1380
2259 54000 55080 10 9 1080
2260 55200 57840 9 1 2640
2261 57960 58620 1 12 660
2262 58740 59940 12 0 1200
2263 60060 62340 0 14 2280
2264 63300 64680 11 10 1380
2265 64800 65880 10 9 1080
2266 66000 68640 9 1 2640
2267 68760 69420 1 12 660
2268 69540 70740 12 0 1200
2269 70860 73140 0 14 2280
2270 74100 75480 11 10 1380
2271 75600 76680 10 9 1080
2272 76800 79440 9 1 2640
2273 79560 80220 1 12 660
2274 80340 81540 12 0 1200
2276 31860 33960 4 5 2100
2277 34080 35400 5 8 1320
2278 35520 36900 8 13 1380
2279 37020 39720 13 6 2700
2280 41940 44640 6 13 2700
2281 44760 46140 13 8 1380
2282 46260 47580 8 5 1320
2283 47700 49800 5 4 2100
2284 52740 55440 6 13 2700
2285 55560 56940 13 8 1380
2286 57060 58380 8 5 1320
2287 58500 60600 5 4 2100
2288 63540 66240 6 13 2700
2289 66360 67740 13 8 1380
2290 67860 69180 8 5 1320
2291 69300 71400 5 4 2100
2292 74340 77040 6 13 2700
2293 77160 78540 13 8 1380
2294 78660 79980 8 5 1320
2296 32460 33180 2 5 720
2297 33300 34620 5 8 1320
2298 34740 36660 8 0 1920
2299 38280 40200 0 8 1920
2300 40320 41640 8 5 1320
2301 41760 42480 5 2 720
2304 38820 39780 13 0 960
2305 39900 41100 0 12 1200
2306 41220 41880 12 1 660
2307 42600 43260 1 12 660
2308 43380 44580 12 0 1200
2309 44700 45660 0 13 960
2310 45780 48480 13 6 2700
2311 48600 51300 6 15 2700
2312 33600 34560 13 0 960
2313 34680 36960 0 14 2280
2314 38640 40920 14 0 2280
2315 41160 42120 0 13 960
2316 36000 37380 13 8 1380
2317 37500 40020 8 4 2520
2318 42840 45360 4 8 2520
2319 45480 46860 8 13 1380
2320 36180 37740 2 7 1560
2321 37860 40500 7 9 2640
2322 40620 41700 9 10 1080
2323 43020 44100 10 9 1080
2324 44220 46860 9 7 2640
2325 46980 48540 7 2 1560
2326 39660 40380 2 5 720
2327 40500 41820 5 8 1320
2328 41940 43860 8 0 1920
2329 45480 47400 0 8 1920
2330 47520 48840 8 5 1320
2331 48960 49680 5 2 720
2332 40620 43800 9 2 3180
2333 43920 44640 2 5 720
2334 44760 46080 5 8 1320
2335 46260 48180 8 0 1920
2336 49080 51000 0 8 1920
2337 51120 52440 8 5 1320
2338 52560 53280 5 2 720
2339 53400 56580 2 9 3180
2340 40800 41760 13 0 960
2341 41880 44160 0 14 2280
2342 45840 48120 14 0 2280
2343 48360 49320 0 13 960
2344 41460 43320 11 9 1860
2345 43440 46080 9 1 2640
2346 46200 46860 1 12 660
2347 46980 48180 12 0 1200
2348 48300 49260 0 13 960
2349 49860 50820 13 0 960
2350 50940 52140 0 12 1200
2351 52260 52920 12 1 660
2352 53040 55680 1 9 2640
2353 55800 57660 9 11 1860
2354 43200 44580 13 8 1380
2355 44700 47220 8 4 2520
2356 50040 52560 4 8 2520
2357 52680 54060 8 13 1380
2358 43380 44940 2 7 1560
2359 45060 47700 7 9 2640
2360 47820 48900 9 10 1080
2361 50220 51300 10 9 1080
2362 51420 54060 9 7 2640
2363 54180 55740 7 2 1560
2364 43980 46680 15 6 2700
2365 46800 49500 6 13 2700
2366 49620 50580 13 0 960
2367 50700 51900 0 12 1200
2368 52020 52680 12 1 660
2369 53400 54060 1 12 660
2370 54180 55380 12 0 1200
2371 55500 56460 0 13 960
2372 56580 59280 13 6 2700
2373 59400 62100 6 15 2700
2374 46860 47580 2 5 720
2375 47700 49020 5 8 1320
2376 49140 51060 8 0 1920
2377 52680 54600 0 8 1920
2378 54720 56040 8 5 1320
2379 56160 56880 5 2 720
2380 48000 48960 13 0 960
2381 49080 51360 0 14 2280
2382 53040 55320 14 0 2280
2383 55560 56520 0 13 960
2384 50400 51780 13 8 1380
2385 51900 54420 8 4 2520
2386 57240 59760 4 8 2520
2387 59880 61260 8 13 1380
2388 50580 52140 2 7 1560
2389 52260 54900 7 9 2640
2390 55020 56100 9 10 1080
2391 57420 58500 10 9 1080
2392 58620 61260 9 7 2640
2393 61380 62940 7 2 1560
2394 51420 54600 9 2 3180
2395 54720 55440 2 5 720
2396 55560 56880 5 8 1320
2397 57060 58980 8 0 1920
2398 59880 61800 0 8 1920
2399 61920 63240 8 5 1320
2400 63360 64080 5 2 720
2401 64200 67380 2 9 3180
2402 52260 54120 11 9 1860
2403 54240 56880 9 1 2640
2404 57000 57660 1 12 660
2405 57780 58980 12 0 1200
2406 59100 60060 0 13 960
2407 60660 61620 13 0 960
2408 61740 62940 0 12 1200
2409 63060 63720 12 1 660
2410 63840 66480 1 9 2640
2411 66600 68460 9 11 1860
2412 54060 54780 2 5 720
2413 54900 56220 5 8 1320
2414 56340 58260 8 0 1920
2415 59880 61800 0 8 1920
2416 61920 63240 8 5 1320
2417 63360 64080 5 2 720
2418 54780 57480 15 6 2700
2419 57600 60300 6 13 2700
2420 60420 61380 13 0 960
2421 61500 62700 0 12 1200
2422 62820 63480 12 1 660
2423 64200 64860 1 12 660
2424 64980 66180 12 0 1200
2425 66300 67260 0 13 960
2426 67380 70080 13 6 2700
2427 70200 72900 6 15 2700
2428 55200 56160 13 0 960
2429 56280 58560 0 14 2280
2430 60240 62520 14 0 2280
2431 62760 63720 0 13 960
2432 57600 58980 13 8 1380
2433 59100 61620 8 4 2520
2434 64440 66960 4 8 2520
2435 67080 68460 8 13 1380
2436 57780 59340 2 7 1560
2437 59460 62100 7 9 2640
2438 62220 63300 9 10 1080
2439 64620 65700 10 9 1080
2440 65820 68460 9 7 2640
2441 68580 70140 7 2 1560
2442 61260 61980 2 5 720
2443 62100 63420 5 8 1320
2444 63540 65460 8 0 1920
2445 67080 69000 0 8 1920
2446 69120 70440 8 5 1320
2447 70560 71280 5 2 720
2448 62220 65400 9 2 3180
2449 65520 66240 2 5 720
2450 66360 67680 5 8 1320
2451 67860 69780 8 0 1920
2452 70680 72600 0 8 1920
2453 72720 74040 8 5 1320
2454 74160 74880 5 2 720
2455 75000 78180 2 9 3180
2456 62400 63360 13 0 960
2457 63480 65760 0 14 2280
2458 67440 69720 14 0 2280
2459 69960 70920 0 13 960
2460 63060 64920 11 9 1860
2461 65040 67680 9 1 2640
2462 67800 68460 1 12 660
2463 68580 69780 12 0 1200
2464 69900 70860 0 13 960
2465 71460 72420 13 0 960
2466 72540 73740 0 12 1200
2467 73860 74520 12 1 660
2468 74640 77280 1 9 2640
2470 64800 66180 13 8 1380
2471 66300 68820 8 4 2520
2472 71640 74160 4 8 2520
2473 74280 75660 8 13 1380
2474 64980 66540 2 7 1560
2475 66660 69300 7 9 2640
2476 69420 70500 9 10 1080
2477 71820 72900 10 9 1080
2478 73020 75660 9 7 2640
2479 75780 77340 7 2 1560
2480 65580 68280 15 6 2700
2481 68400 71100 6 13 2700
2482 71220 72180 13 0 960
2483 72300 73500 0 12 1200
2484 73620 74280 12 1 660
2485 75000 75660 1 12 660
2486 75780 76980 12 0 1200
2487 77100 78060 0 13 960
2490 68460 69180 2 5 720
2491 69300 70620 5 8 1320
2492 70740 72660 8 0 1920
2493 74280 76200 0 8 1920
2494 76320 77640 8 5 1320
2495 77760 78480 5 2 720
2496 69600 70560 13 0 960
2497 70680 72960 0 14 2280
2498 74640 76920 14 0 2280
2499 77160 78120 0 13 960
2500 72000 73380 13 8 1380
2501 73500 76020 8 4 2520
2502 78840 81360 4 8 2520
2504 72180 73740 2 7 1560
2505 73860 76500 7 9 2640
2506 76620 77700 9 10 1080
2507 79020 80100 10 9 1080
2508 80220 82860 9 7 2640
2509 82980 84540 7 2 1560
2510 73020 76200 9 2 3180
2511 76320 77040 2 5 720
2512 77160 78480 5 8 1320
2513 78660 80580 8 0 1920
2514 81480 83400 0 8 1920
2515 83520 84840 8 5 1320
2516 84960 85680 5 2 720
2517 85800 88980 2 9 3180
2518 73860 75720 11 9 1860
2519 75840 78480 9 1 2640
2520 78600 79260 1 12 660
2521 79380 80580 12 0 1200
2522 80700 81660 0 13 960
2523 82260 83220 13 0 960
2524 83340 84540 0 12 1200
2525 84660 85320 12 1 660
2526 85440 88080 1 9 2640
2528 75660 76380 2 5 720
2529 76500 77820 5 8 1320
2530 77940 79860 8 0 1920
2544 76800 77760 13 0 960
2548 79200 80580 13 8 1380
