0 13 16
0 12 20
1 12 11
8 13 23
5 8 22
2 5 12
9 10 18
10 11 23
6 13 45
13 0 16
12 0 20
12 1 11
13 8 23
8 5 22
5 2 12
10 9 18
11 10 23
13 6 45
3 6 45
6 3 45
9 11 31
11 9 31
3 13 36
13 3 36
7 16 8
16 7 8
9 16 34
16 9 34
2 17 18
17 2 18
9 17 33
17 9 33
0 18 8
18 0 8
0 19 11
19 0 11
8 19 19
19 8 19
14 20 19
20 14 19
18 20 7
20 18 7
4 21 5
21 4 5
5 21 28
21 5 28
4 23 7
23 4 7
22 23 5
23 22 5
6 25 8
25 6 8
24 25 7
25 24 7
8 26 19
26 8 19
22 26 5
26 22 5
1 27 11
27 1 11
9 27 31
27 9 31
3 28 8
28 3 8
14 28 5
28 14 5
5 29 26
29 5 26
1 29 8
29 1 8
15 30 15
30 15 15
24 30 9
30 24 9
2 31 15
31 2 15
7 31 9
31 7 9
