0 21600 23820 0 2 2220
1 24060 25560 2 4 1500
2 25800 27180 4 5 1380
3 27900 29280 5 4 1380
4 29400 30900 4 2 1500
5 31020 33240 2 0 2220
6 35100 36480 5 4 1380
7 36600 38100 4 2 1500
8 38220 40440 2 0 2220
9 42300 43680 5 4 1380
10 43800 45300 4 2 1500
11 45420 47640 2 0 2220
12 49500 50880 5 4 1380
13 51000 52500 4 2 1500
14 52620 54840 2 0 2220
15 56700 58080 5 4 1380
16 58200 59700 4 2 1500
17 59820 62040 2 0 2220
18 63900 65280 5 4 1380
19 65400 66900 4 2 1500
20 67020 69240 2 0 2220
21 71100 72480 5 4 1380
22 72600 74100 4 2 1500
23 74220 76440 2 0 2220
24 78300 79680 5 4 1380
25 79800 81300 4 2 1500
26 81420 83640 2 0 2220
27 22320 23280 0 1 960
28 23400 24780 1 3 1380
29 26580 27960 3 1 1380
30 28080 29040 1 0 960
31 30180 31560 3 1 1380
32 31680 32640 1 0 960
33 33780 35160 3 1 1380
34 35280 36240 1 0 960
35 37380 38760 3 1 1380
36 38880 39840 1 0 960
37 40980 42360 3 1 1380
38 42480 43440 1 0 960
39 44580 45960 3 1 1380
40 46080 47040 1 0 960
41 48180 49560 3 1 1380
42 49680 50640 1 0 960
43 51780 53160 3 1 1380
44 53280 54240 1 0 960
45 55380 56760 3 1 1380
46 56880 57840 1 0 960
47 58980 60360 3 1 1380
48 60480 61440 1 0 960
49 62580 63960 3 1 1380
50 64080 65040 1 0 960
51 66180 67560 3 1 1380
52 67680 68640 1 0 960
53 69780 71160 3 1 1380
54 71280 72240 1 0 960
55 73380 74760 3 1 1380
56 74880 75840 1 0 960
57 76980 78360 3 1 1380
58 78480 79440 1 0 960
59 24480 25440 1 0 960
60 27720 28680 0 1 960
61 28800 30180 1 3 1380
62 31320 32280 0 1 960
63 32400 33780 1 3 1380
64 34920 35880 0 1 960
65 36000 37380 1 3 1380
66 38520 39480 0 1 960
67 39600 40980 1 3 1380
68 42120 43080 0 1 960
69 43200 44580 1 3 1380
70 45720 46680 0 1 960
71 46800 48180 1 3 1380
72 49320 50280 0 1 960
73 50400 51780 1 3 1380
74 52920 53880 0 1 960
75 54000 55380 1 3 1380
76 56520 57480 0 1 960
77 57600 58980 1 3 1380
78 60120 61080 0 1 960
79 61200 62580 1 3 1380
80 63720 64680 0 1 960
81 64800 66180 1 3 1380
82 67320 68280 0 1 960
83 68400 69780 1 3 1380
84 70920 71880 0 1 960
85 72000 73380 1 3 1380
86 74520 75480 0 1 960
87 75600 76980 1 3 1380
88 78120 79080 0 1 960
89 79200 80580 1 3 1380
90 24600 26820 2 0 2220
91 26940 28020 0 3 1080
92 28740 29820 3 0 1080
93 29940 32160 0 2 2220
94 32280 33720 2 5 1440
95 35940 37020 3 0 1080
96 37140 39360 0 2 2220
97 39480 40920 2 5 1440
98 43140 44220 3 0 1080
99 44340 46560 0 2 2220
100 46680 48120 2 5 1440
101 50340 51420 3 0 1080
102 51540 53760 0 2 2220
103 53880 55320 2 5 1440
104 57540 58620 3 0 1080
105 58740 60960 0 2 2220
106 61080 62520 2 5 1440
107 64740 65820 3 0 1080
108 65940 68160 0 2 2220
109 68280 69720 2 5 1440
110 71940 73020 3 0 1080
111 73140 75360 0 2 2220
112 75480 76920 2 5 1440
113 79140 80220 3 0 1080
114 80340 82560 0 2 2220
115 82680 84120 2 5 1440
116 24420 28500 0 4 4080
117 31020 35100 4 0 4080
118 35280 36360 0 3 1080
119 38220 42300 4 0 4080
120 42480 43560 0 3 1080
121 45420 49500 4 0 4080
122 49680 50760 0 3 1080
123 52620 56700 4 0 4080
124 56880 57960 0 3 1080
125 59820 63900 4 0 4080
126 64080 65160 0 3 1080
127 67020 71100 4 0 4080
128 71280 72360 0 3 1080
129 74220 78300 4 0 4080
130 78480 79560 0 3 1080
131 24540 26760 0 2 2220
132 26880 28320 2 5 1440
133 30240 31680 5 2 1440
134 31800 34020 2 0 2220
135 34140 35220 0 3 1080
136 37440 38880 5 2 1440
137 39000 41220 2 0 2220
138 41340 42420 0 3 1080
139 44640 46080 5 2 1440
140 46200 48420 2 0 2220
141 48540 49620 0 3 1080
142 51840 53280 5 2 1440
143 53400 55620 2 0 2220
144 55740 56820 0 3 1080
145 59040 60480 5 2 1440
146 60600 62820 2 0 2220
147 62940 64020 0 3 1080
148 66240 67680 5 2 1440
149 67800 70020 2 0 2220
150 70140 71220 0 3 1080
151 73440 74880 5 2 1440
152 75000 77220 2 0 2220
153 77340 78420 0 3 1080
154 28080 29160 0 3 1080
155 30420 31500 3 0 1080
156 31620 35700 0 4 4080
157 37620 38700 3 0 1080
158 38820 42900 0 4 4080
159 44820 45900 3 0 1080
160 46020 50100 0 4 4080
161 52020 53100 3 0 1080
162 53220 57300 0 4 4080
163 59220 60300 3 0 1080
164 60420 64500 0 4 4080
165 66420 67500 3 0 1080
166 67620 71700 0 4 4080
167 73620 74700 3 0 1080
168 74820 78900 0 4 4080
169 24120 25080 0 1 960
170 25200 26580 1 3 1380
171 28380 29760 3 1 1380
172 29880 30840 1 0 960
173 31980 33360 3 1 1380
174 33480 34440 1 0 960
175 35580 36960 3 1 1380
176 37080 38040 1 0 960
177 39180 40560 3 1 1380
178 40680 41640 1 0 960
179 42780 44160 3 1 1380
180 44280 45240 1 0 960
181 46380 47760 3 1 1380
182 47880 48840 1 0 960
183 49980 51360 3 1 1380
184 51480 52440 1 0 960
185 53580 54960 3 1 1380
186 55080 56040 1 0 960
187 57180 58560 3 1 1380
188 58680 59640 1 0 960
189 60780 62160 3 1 1380
190 62280 63240 1 0 960
191 64380 65760 3 1 1380
192 65880 66840 1 0 960
193 67980 69360 3 1 1380
194 69480 70440 1 0 960
195 71580 72960 3 1 1380
196 73080 74040 1 0 960
197 75180 76560 3 1 1380
198 76680 77640 1 0 960
199 78780 80160 3 1 1380
200 80280 81240 1 0 960
201 27420 29640 2 0 2220
202 32400 34620 0 2 2220
203 34860 36360 2 4 1500
204 36600 37980 4 5 1380
205 39600 41820 0 2 2220
206 42060 43560 2 4 1500
207 43800 45180 4 5 1380
208 46800 49020 0 2 2220
209 49260 50760 2 4 1500
210 51000 52380 4 5 1380
211 54000 56220 0 2 2220
212 56460 57960 2 4 1500
213 58200 59580 4 5 1380
214 61200 63420 0 2 2220
215 63660 65160 2 4 1500
216 65400 66780 4 5 1380
217 68400 70620 0 2 2220
218 70860 72360 2 4 1500
219 72600 73980 4 5 1380
220 75600 77820 0 2 2220
221 78060 79560 2 4 1500
222 79800 81180 4 5 1380
223 26280 27240 1 0 960
224 29520 30480 0 1 960
225 30600 31980 1 3 1380
226 33120 34080 0 1 960
227 34200 35580 1 3 1380
228 36720 37680 0 1 960
229 37800 39180 1 3 1380
230 40320 41280 0 1 960
231 41400 42780 1 3 1380
232 43920 44880 0 1 960
233 45000 46380 1 3 1380
234 47520 48480 0 1 960
235 48600 49980 1 3 1380
236 51120 52080 0 1 960
237 52200 53580 1 3 1380
238 54720 55680 0 1 960
239 55800 57180 1 3 1380
240 58320 59280 0 1 960
241 59400 60780 1 3 1380
242 61920 62880 0 1 960
243 63000 64380 1 3 1380
244 65520 66480 0 1 960
245 66600 67980 1 3 1380
246 69120 70080 0 1 960
247 70200 71580 1 3 1380
248 72720 73680 0 1 960
249 73800 75180 1 3 1380
250 76320 77280 0 1 960
251 77400 78780 1 3 1380
252 26400 28620 2 0 2220
253 28740 29820 0 3 1080
254 30540 31620 3 0 1080
255 31740 33960 0 2 2220
256 34080 35520 2 5 1440
257 37740 38820 3 0 1080
258 38940 41160 0 2 2220
259 41280 42720 2 5 1440
260 44940 46020 3 0 1080
261 46140 48360 0 2 2220
262 48480 49920 2 5 1440
263 52140 53220 3 0 1080
264 53340 55560 0 2 2220
265 55680 57120 2 5 1440
266 59340 60420 3 0 1080
267 60540 62760 0 2 2220
268 62880 64320 2 5 1440
269 66540 67620 3 0 1080
270 67740 69960 0 2 2220
271 70080 71520 2 5 1440
272 73740 74820 3 0 1080
273 74940 77160 0 2 2220
274 77280 78720 2 5 1440
275 26340 28560 0 2 2220
276 28680 30120 2 5 1440
277 32040 33480 5 2 1440
278 33600 35820 2 0 2220
279 35940 37020 0 3 1080
280 39240 40680 5 2 1440
281 40800 43020 2 0 2220
282 43140 44220 0 3 1080
283 46440 47880 5 2 1440
284 48000 50220 2 0 2220
285 50340 51420 0 3 1080
286 53640 55080 5 2 1440
287 55200 57420 2 0 2220
288 57540 58620 0 3 1080
289 60840 62280 5 2 1440
290 62400 64620 2 0 2220
291 64740 65820 0 3 1080
292 68040 69480 5 2 1440
293 69600 71820 2 0 2220
294 71940 73020 0 3 1080
295 75240 76680 5 2 1440
296 76800 79020 2 0 2220
297 79140 80220 0 3 1080
298 25200 27420 0 2 2220
299 27660 29160 2 4 1500
300 29400 30780 4 5 1380
301 31500 32880 5 4 1380
302 33000 34500 4 2 1500
303 34620 36840 2 0 2220
304 38700 40080 5 4 1380
305 40200 41700 4 2 1500
306 41820 44040 2 0 2220
307 45900 47280 5 4 1380
308 47400 48900 4 2 1500
309 49020 51240 2 0 2220
310 53100 54480 5 4 1380
311 54600 56100 4 2 1500
312 56220 58440 2 0 2220
313 60300 61680 5 4 1380
314 61800 63300 4 2 1500
315 63420 65640 2 0 2220
316 67500 68880 5 4 1380
317 69000 70500 4 2 1500
318 70620 72840 2 0 2220
319 74700 76080 5 4 1380
320 76200 77700 4 2 1500
321 77820 80040 2 0 2220
322 25920 26880 0 1 960
323 27000 28380 1 3 1380
324 30180 31560 3 1 1380
325 31680 32640 1 0 960
326 28200 30420 2 0 2220
327 30540 31620 0 3 1080
328 32340 33420 3 0 1080
329 33540 35760 0 2 2220
330 35880 37320 2 5 1440
331 39540 40620 3 0 1080
332 40740 42960 0 2 2220
333 43080 44520 2 5 1440
334 46740 47820 3 0 1080
335 47940 50160 0 2 2220
336 50280 51720 2 5 1440
337 53940 55020 3 0 1080
338 55140 57360 0 2 2220
339 57480 58920 2 5 1440
340 61140 62220 3 0 1080
341 62340 64560 0 2 2220
342 64680 66120 2 5 1440
343 68340 69420 3 0 1080
344 69540 71760 0 2 2220
345 71880 73320 2 5 1440
346 75540 76620 3 0 1080
347 76740 78960 0 2 2220
348 79080 80520 2 5 1440
349 26820 27900 3 0 1080
350 28020 32100 0 4 4080
351 34620 38700 4 0 4080
352 38880 39960 0 3 1080
353 41820 45900 4 0 4080
354 46080 47160 0 3 1080
355 49020 53100 4 0 4080
356 53280 54360 0 3 1080
357 56220 60300 4 0 4080
358 60480 61560 0 3 1080
359 63420 67500 4 0 4080
360 67680 68760 0 3 1080
361 70620 74700 4 0 4080
362 74880 75960 0 3 1080
363 77820 81900 4 0 4080
364 82080 83160 0 3 1080
365 26940 28020 3 0 1080
366 28140 30360 0 2 2220
367 30480 31920 2 5 1440
368 33840 35280 5 2 1440
369 35400 37620 2 0 2220
370 37740 38820 0 3 1080
371 41040 42480 5 2 1440
372 42600 44820 2 0 2220
373 44940 46020 0 3 1080
374 48240 49680 5 2 1440
375 49800 52020 2 0 2220
376 52140 53220 0 3 1080
377 55440 56880 5 2 1440
378 57000 59220 2 0 2220
379 59340 60420 0 3 1080
380 62640 64080 5 2 1440
381 64200 66420 2 0 2220
382 66540 67620 0 3 1080
383 69840 71280 5 2 1440
384 71400 73620 2 0 2220
385 73740 74820 0 3 1080
386 77040 78480 5 2 1440
387 78600 80820 2 0 2220
388 80940 82020 0 3 1080
389 27420 31500 4 0 4080
390 31680 32760 0 3 1080
391 34020 35100 3 0 1080
392 35220 39300 0 4 4080
393 41220 42300 3 0 1080
394 42420 46500 0 4 4080
395 48420 49500 3 0 1080
396 49620 53700 0 4 4080
397 55620 56700 3 0 1080
398 56820 60900 0 4 4080
399 62820 63900 3 0 1080
400 64020 68100 0 4 4080
401 70020 71100 3 0 1080
402 71220 75300 0 4 4080
403 77220 78300 3 0 1080
404 78420 82500 0 4 4080
405 28440 29880 5 2 1440
406 30000 32220 2 0 2220
407 32340 33420 0 3 1080
408 34140 35220 3 0 1080
409 35340 37560 0 2 2220
410 37680 39120 2 5 1440
411 41340 42420 3 0 1080
412 42540 44760 0 2 2220
413 44880 46320 2 5 1440
414 48540 49620 3 0 1080
415 49740 51960 0 2 2220
416 52080 53520 2 5 1440
417 55740 56820 3 0 1080
418 56940 59160 0 2 2220
419 59280 60720 2 5 1440
420 62940 64020 3 0 1080
421 64140 66360 0 2 2220
422 66480 67920 2 5 1440
423 70140 71220 3 0 1080
424 71340 73560 0 2 2220
425 73680 75120 2 5 1440
426 77340 78420 3 0 1080
427 78540 80760 0 2 2220
428 80880 82320 2 5 1440
429 28800 31020 0 2 2220
430 31260 32760 2 4 1500
431 33000 34380 4 5 1380
432 35100 36480 5 4 1380
433 36600 38100 4 2 1500
434 38220 40440 2 0 2220
435 35640 37080 5 2 1440
436 37200 39420 2 0 2220
437 39540 40620 0 3 1080
438 41340 42420 3 0 1080
439 42540 44760 0 2 2220
440 44880 46320 2 5 1440
441 36000 38220 0 2 2220
442 38460 39960 2 4 1500
443 40200 41580 4 5 1380
444 42300 43680 5 4 1380
445 43800 45300 4 2 1500
446 45420 47640 2 0 2220
447 42840 44280 5 2 1440
448 44400 46620 2 0 2220
449 46740 47820 0 3 1080
450 48540 49620 3 0 1080
451 49740 51960 0 2 2220
452 52080 53520 2 5 1440
453 43200 45420 0 2 2220
454 45660 47160 2 4 1500
455 47400 48780 4 5 1380
456 49500 50880 5 4 1380
457 51000 52500 4 2 1500
458 52620 54840 2 0 2220
459 50040 51480 5 2 1440
460 51600 53820 2 0 2220
461 53940 55020 0 3 1080
462 55740 56820 3 0 1080
463 56940 59160 0 2 2220
464 59280 60720 2 5 1440
465 50400 52620 0 2 2220
466 52860 54360 2 4 1500
467 54600 55980 4 5 1380
468 56700 58080 5 4 1380
469 58200 59700 4 2 1500
470 59820 62040 2 0 2220
471 57240 58680 5 2 1440
472 58800 61020 2 0 2220
473 61140 62220 0 3 1080
474 62940 64020 3 0 1080
475 64140 66360 0 2 2220
476 66480 67920 2 5 1440
477 57600 59820 0 2 2220
478 60060 61560 2 4 1500
479 61800 63180 4 5 1380
480 63900 65280 5 4 1380
481 65400 66900 4 2 1500
482 67020 69240 2 0 2220
483 64440 65880 5 2 1440
484 66000 68220 2 0 2220
485 68340 69420 0 3 1080
486 70140 71220 3 0 1080
487 71340 73560 0 2 2220
488 73680 75120 2 5 1440
489 64800 67020 0 2 2220
490 67260 68760 2 4 1500
491 69000 70380 4 5 1380
492 71100 72480 5 4 1380
493 72600 74100 4 2 1500
494 74220 76440 2 0 2220
495 71640 73080 5 2 1440
496 73200 75420 2 0 2220
497 75540 76620 0 3 1080
498 77340 78420 3 0 1080
499 78540 80760 0 2 2220
500 80880 82320 2 5 1440
501 72000 74220 0 2 2220
502 74460 75960 2 4 1500
503 76200 77580 4 5 1380
504 78300 79680 5 4 1380
505 79800 81300 4 2 1500
506 81420 83640 2 0 2220
507 78840 80280 5 2 1440
508 80400 82620 2 0 2220
509 82740 83820 0 3 1080
510 84540 85620 3 0 1080
511 85740 87960 0 2 2220
512 79200 81420 0 2 2220
513 81660 83160 2 4 1500
514 83400 84780 4 5 1380
515 85500 86880 5 4 1380
516 87000 88500 4 2 1500
517 88620 90840 2 0 2220
