0 29940 30540 0 1 600
1 30660 31380 1 4 720
2 31500 33840 4 2 2340
3 37140 37740 0 1 600
4 37860 38580 1 4 720
5 38700 41040 4 2 2340
6 44340 44940 0 1 600
7 45060 45780 1 4 720
8 45900 48240 4 2 2340
9 51540 52140 0 1 600
10 52260 52980 1 4 720
11 53100 55440 4 2 2340
12 58740 59340 0 1 600
13 59460 60180 1 4 720
14 60300 62640 4 2 2340
15 65940 66540 0 1 600
16 66660 67380 1 4 720
17 67500 69840 4 2 2340
18 73140 73740 0 1 600
19 73860 74580 1 4 720
20 74700 77040 4 2 2340
21 23460 25080 3 0 1620
22 25200 25800 0 1 600
23 28140 28740 1 0 600
24 28860 30480 0 3 1620
25 30600 31800 3 2 1200
26 33540 34140 1 0 600
27 34260 35880 0 3 1620
28 36000 37200 3 2 1200
29 38940 39540 1 0 600
30 39660 41280 0 3 1620
31 41400 42600 3 2 1200
32 44340 44940 1 0 600
33 45060 46680 0 3 1620
34 46800 48000 3 2 1200
35 49740 50340 1 0 600
36 50460 52080 0 3 1620
37 52200 53400 3 2 1200
38 55140 55740 1 0 600
39 55860 57480 0 3 1620
40 57600 58800 3 2 1200
41 60540 61140 1 0 600
42 61260 62880 0 3 1620
43 63000 64200 3 2 1200
44 65940 66540 1 0 600
45 66660 68280 0 3 1620
46 68400 69600 3 2 1200
47 71340 71940 1 0 600
48 72060 73680 0 3 1620
49 73800 75000 3 2 1200
50 76740 77340 1 0 600
51 77460 79080 0 3 1620
52 29100 31440 2 4 2340
53 31560 32280 4 1 720
54 32400 33000 1 0 600
55 36300 38640 2 4 2340
56 38760 39480 4 1 720
57 39600 40200 1 0 600
58 43500 45840 2 4 2340
59 45960 46680 4 1 720
60 46800 47400 1 0 600
61 50700 53040 2 4 2340
62 53160 53880 4 1 720
63 54000 54600 1 0 600
64 57900 60240 2 4 2340
65 60360 61080 4 1 720
66 61200 61800 1 0 600
67 65100 67440 2 4 2340
68 67560 68280 4 1 720
69 68400 69000 1 0 600
70 72300 74640 2 4 2340
71 74760 75480 4 1 720
72 75600 76200 1 0 600
73 25200 26400 3 2 1200
74 27540 28740 2 3 1200
75 28860 30480 3 0 1620
76 30600 31200 0 1 600
77 32940 34140 2 3 1200
78 34260 35880 3 0 1620
79 36000 36600 0 1 600
80 38340 39540 2 3 1200
81 39660 41280 3 0 1620
82 41400 42000 0 1 600
83 43740 44940 2 3 1200
84 45060 46680 3 0 1620
85 46800 47400 0 1 600
86 49140 50340 2 3 1200
87 50460 52080 3 0 1620
88 52200 52800 0 1 600
89 54540 55740 2 3 1200
90 55860 57480 3 0 1620
91 57600 58200 0 1 600
92 59940 61140 2 3 1200
93 61260 62880 3 0 1620
94 63000 63600 0 1 600
95 65340 66540 2 3 1200
96 66660 68280 3 0 1620
97 68400 69000 0 1 600
98 70740 71940 2 3 1200
99 72060 73680 3 0 1620
100 73800 74400 0 1 600
101 76140 77340 2 3 1200
102 23220 25080 3 4 1860
103 25200 25920 4 1 720
104 26940 27660 1 4 720
105 27780 29640 4 3 1860
106 30540 31260 1 4 720
107 31380 33240 4 3 1860
108 34140 34860 1 4 720
109 34980 36840 4 3 1860
110 37740 38460 1 4 720
111 38580 40440 4 3 1860
112 41340 42060 1 4 720
113 42180 44040 4 3 1860
114 44940 45660 1 4 720
115 45780 47640 4 3 1860
116 48540 49260 1 4 720
117 49380 51240 4 3 1860
118 52140 52860 1 4 720
119 52980 54840 4 3 1860
120 55740 56460 1 4 720
121 56580 58440 4 3 1860
122 59340 60060 1 4 720
123 60180 62040 4 3 1860
124 62940 63660 1 4 720
125 63780 65640 4 3 1860
126 66540 67260 1 4 720
127 67380 69240 4 3 1860
128 70140 70860 1 4 720
129 70980 72840 4 3 1860
130 73740 74460 1 4 720
131 74580 76440 4 3 1860
132 77340 78060 1 4 720
133 78180 80040 4 3 1860
134 26820 28680 3 4 1860
135 28800 29520 4 1 720
136 30420 32280 3 4 1860
137 32400 33120 4 1 720
138 34020 35880 3 4 1860
139 36000 36720 4 1 720
140 37620 39480 3 4 1860
141 39600 40320 4 1 720
142 41220 43080 3 4 1860
143 43200 43920 4 1 720
144 44820 46680 3 4 1860
145 46800 47520 4 1 720
146 48420 50280 3 4 1860
147 50400 51120 4 1 720
148 52020 53880 3 4 1860
149 54000 54720 4 1 720
150 55620 57480 3 4 1860
151 57600 58320 4 1 720
152 59220 61080 3 4 1860
153 61200 61920 4 1 720
154 62820 64680 3 4 1860
155 64800 65520 4 1 720
156 66420 68280 3 4 1860
157 68400 69120 4 1 720
158 70020 71880 3 4 1860
159 72000 72720 4 1 720
160 73620 75480 3 4 1860
161 75600 76320 4 1 720
162 77220 79080 3 4 1860
163 25260 26880 3 0 1620
164 27000 27600 0 1 600
165 29940 30540 1 0 600
166 30660 32280 0 3 1620
167 32400 33600 3 2 1200
168 35340 35940 1 0 600
169 36060 37680 0 3 1620
170 37800 39000 3 2 1200
171 40740 41340 1 0 600
172 41460 43080 0 3 1620
173 43200 44400 3 2 1200
174 46140 46740 1 0 600
175 46860 48480 0 3 1620
176 48600 49800 3 2 1200
177 51540 52140 1 0 600
178 52260 53880 0 3 1620
179 54000 55200 3 2 1200
180 56940 57540 1 0 600
181 57660 59280 0 3 1620
182 59400 60600 3 2 1200
183 62340 62940 1 0 600
184 63060 64680 0 3 1620
185 64800 66000 3 2 1200
186 67740 68340 1 0 600
187 68460 70080 0 3 1620
188 70200 71400 3 2 1200
189 73140 73740 1 0 600
190 73860 75480 0 3 1620
191 75600 76800 3 2 1200
192 78540 79140 1 0 600
193 79260 80880 0 3 1620
194 27000 28200 3 2 1200
195 29340 30540 2 3 1200
196 30660 32280 3 0 1620
197 32400 33000 0 1 600
198 34740 35940 2 3 1200
199 36060 37680 3 0 1620
200 37800 38400 0 1 600
201 40140 41340 2 3 1200
202 41460 43080 3 0 1620
203 43200 43800 0 1 600
204 45540 46740 2 3 1200
205 46860 48480 3 0 1620
206 48600 49200 0 1 600
207 50940 52140 2 3 1200
208 52260 53880 3 0 1620
209 54000 54600 0 1 600
210 56340 57540 2 3 1200
211 57660 59280 3 0 1620
212 59400 60000 0 1 600
213 61740 62940 2 3 1200
214 63060 64680 3 0 1620
215 64800 65400 0 1 600
216 67140 68340 2 3 1200
217 68460 70080 3 0 1620
218 70200 70800 0 1 600
219 72540 73740 2 3 1200
220 73860 75480 3 0 1620
221 75600 76200 0 1 600
222 77940 79140 2 3 1200
223 25020 26880 3 4 1860
224 27000 27720 4 1 720
225 28740 29460 1 4 720
226 29580 31440 4 3 1860
227 32340 33060 1 4 720
228 33180 35040 4 3 1860
229 35940 36660 1 4 720
230 36780 38640 4 3 1860
231 39540 40260 1 4 720
232 40380 42240 4 3 1860
233 43140 43860 1 4 720
234 43980 45840 4 3 1860
235 46740 47460 1 4 720
236 47580 49440 4 3 1860
237 50340 51060 1 4 720
238 51180 53040 4 3 1860
239 53940 54660 1 4 720
240 54780 56640 4 3 1860
241 57540 58260 1 4 720
242 58380 60240 4 3 1860
243 61140 61860 1 4 720
244 61980 63840 4 3 1860
245 64740 65460 1 4 720
246 65580 67440 4 3 1860
247 68340 69060 1 4 720
248 69180 71040 4 3 1860
249 71940 72660 1 4 720
250 72780 74640 4 3 1860
251 75540 76260 1 4 720
252 76380 78240 4 3 1860
253 79140 79860 1 4 720
254 79980 81840 4 3 1860
255 25980 27840 4 3 1860
256 28620 30480 3 4 1860
257 30600 31320 4 1 720
258 32220 34080 3 4 1860
259 34200 34920 4 1 720
260 35820 37680 3 4 1860
261 37800 38520 4 1 720
262 39420 41280 3 4 1860
263 41400 42120 4 1 720
264 43020 44880 3 4 1860
265 45000 45720 4 1 720
266 46620 48480 3 4 1860
267 48600 49320 4 1 720
268 50220 52080 3 4 1860
269 52200 52920 4 1 720
270 53820 55680 3 4 1860
271 55800 56520 4 1 720
272 57420 59280 3 4 1860
273 59400 60120 4 1 720
274 61020 62880 3 4 1860
275 63000 63720 4 1 720
276 64620 66480 3 4 1860
277 66600 67320 4 1 720
278 68220 70080 3 4 1860
279 70200 70920 4 1 720
280 71820 73680 3 4 1860
281 73800 74520 4 1 720
282 75420 77280 3 4 1860
283 77400 78120 4 1 720
284 27960 28680 4 1 720
285 28800 29400 1 0 600
286 33540 34140 0 1 600
287 34260 34980 1 4 720
288 35100 37440 4 2 2340
289 40740 41340 0 1 600
290 41460 42180 1 4 720
291 42300 44640 4 2 2340
292 47940 48540 0 1 600
293 48660 49380 1 4 720
294 49500 51840 4 2 2340
295 55140 55740 0 1 600
296 55860 56580 1 4 720
297 56700 59040 4 2 2340
298 62340 62940 0 1 600
299 63060 63780 1 4 720
300 63900 66240 4 2 2340
301 69540 70140 0 1 600
302 70260 70980 1 4 720
303 71100 73440 4 2 2340
304 76740 77340 0 1 600
305 77460 78180 1 4 720
306 27060 28680 3 0 1620
307 28800 29400 0 1 600
308 31740 32340 1 0 600
309 32460 34080 0 3 1620
310 34200 35400 3 2 1200
311 37140 37740 1 0 600
312 37860 39480 0 3 1620
313 39600 40800 3 2 1200
314 42540 43140 1 0 600
315 43260 44880 0 3 1620
316 45000 46200 3 2 1200
317 47940 48540 1 0 600
318 48660 50280 0 3 1620
319 50400 51600 3 2 1200
320 53340 53940 1 0 600
321 54060 55680 0 3 1620
322 55800 57000 3 2 1200
323 58740 59340 1 0 600
324 59460 61080 0 3 1620
325 61200 62400 3 2 1200
326 64140 64740 1 0 600
327 64860 66480 0 3 1620
328 66600 67800 3 2 1200
329 69540 70140 1 0 600
330 70260 71880 0 3 1620
331 72000 73200 3 2 1200
332 74940 75540 1 0 600
333 75660 77280 0 3 1620
334 26340 26940 0 1 600
335 27060 27780 1 4 720
336 27900 30240 4 2 2340
337 32700 35040 2 4 2340
338 35160 35880 4 1 720
339 36000 36600 1 0 600
340 39900 42240 2 4 2340
341 42360 43080 4 1 720
342 43200 43800 1 0 600
343 47100 49440 2 4 2340
344 49560 50280 4 1 720
345 50400 51000 1 0 600
346 54300 56640 2 4 2340
347 56760 57480 4 1 720
348 57600 58200 1 0 600
349 61500 63840 2 4 2340
350 63960 64680 4 1 720
351 64800 65400 1 0 600
352 68700 71040 2 4 2340
353 71160 71880 4 1 720
354 72000 72600 1 0 600
355 75900 78240 2 4 2340
356 27060 28680 0 3 1620
357 28800 30000 3 2 1200
358 31140 32340 2 3 1200
359 32460 34080 3 0 1620
360 34200 34800 0 1 600
361 36540 37740 2 3 1200
362 37860 39480 3 0 1620
363 39600 40200 0 1 600
364 41940 43140 2 3 1200
365 43260 44880 3 0 1620
366 45000 45600 0 1 600
367 47340 48540 2 3 1200
368 48660 50280 3 0 1620
369 50400 51000 0 1 600
370 52740 53940 2 3 1200
371 54060 55680 3 0 1620
372 55800 56400 0 1 600
373 58140 59340 2 3 1200
374 59460 61080 3 0 1620
375 61200 61800 0 1 600
376 63540 64740 2 3 1200
377 64860 66480 3 0 1620
378 66600 67200 0 1 600
379 68940 70140 2 3 1200
380 70260 71880 3 0 1620
381 72000 72600 0 1 600
382 74340 75540 2 3 1200
383 75660 77280 3 0 1620
384 77400 78000 0 1 600
