3 26700 28440 1 0 1740
4 30360 32100 0 1 1740
5 32220 34200 1 7 1980
6 34320 35220 7 3 900
7 35340 37140 3 8 1800
8 39360 41100 0 1 1740
9 41220 43200 1 7 1980
10 43320 44220 7 3 900
11 44340 46140 3 8 1800
12 48360 50100 0 1 1740
13 50220 52200 1 7 1980
14 52320 53220 7 3 900
15 53340 55140 3 8 1800
16 57360 59100 0 1 1740
17 59220 61200 1 7 1980
18 61320 62220 7 3 900
19 62340 64140 3 8 1800
20 66360 68100 0 1 1740
21 68220 70200 1 7 1980
22 70320 71220 7 3 900
23 71340 73140 3 8 1800
24 75360 77100 0 1 1740
25 77220 79200 1 7 1980
26 79320 80220 7 3 900
27 80340 82140 3 8 1800
30 24600 26520 0 12 1920
31 26640 27660 12 4 1020
32 27780 30720 4 8 2940
33 30840 31980 8 15 1140
34 34440 35580 15 8 1140
35 35700 38640 8 4 2940
36 38760 39780 4 12 1020
37 39900 41820 12 0 1920
38 41940 43620 0 2 1680
39 43740 44700 2 16 960
40 48840 49980 15 8 1140
41 50100 53040 8 4 2940
42 53160 54180 4 12 1020
43 54300 56220 12 0 1920
44 56340 58020 0 2 1680
45 58140 59100 2 16 960
46 63240 64380 15 8 1140
47 64500 67440 8 4 2940
48 67560 68580 4 12 1020
49 68700 70620 12 0 1920
50 70740 72420 0 2 1680
51 72540 73500 2 16 960
52 77640 78780 15 8 1140
53 78900 81840 8 4 2940
54 81960 82980 4 12 1020
55 83100 85020 12 0 1920
59 23160 24900 0 1 1740
60 25020 27780 1 6 2760
61 27900 29040 6 13 1140
62 31560 32700 13 6 1140
63 32820 35580 6 1 2760
64 35700 37440 1 0 1740
65 37560 38640 0 14 1080
66 42360 43500 13 6 1140
67 43620 46380 6 1 2760
68 46500 48240 1 0 1740
69 48360 49440 0 14 1080
70 53160 54300 13 6 1140
71 54420 57180 6 1 2760
72 57300 59040 1 0 1740
73 59160 60240 0 14 1080
74 63960 65100 13 6 1140
75 65220 67980 6 1 2760
76 68100 69840 1 0 1740
77 69960 71040 0 14 1080
78 74760 75900 13 6 1140
79 76020 78780 6 1 2760
80 78900 80640 1 0 1740
85 28320 30000 0 11 1680
86 30120 31620 11 5 1500
87 35700 37200 5 11 1500
88 37320 39000 11 0 1680
89 39120 41040 0 12 1920
90 41160 42180 12 4 1020
91 42300 45240 4 8 2940
92 46500 48000 5 11 1500
93 48120 49800 11 0 1680
94 49920 51840 0 12 1920
95 51960 52980 12 4 1020
96 53100 56040 4 8 2940
97 57300 58800 5 11 1500
98 58920 60600 11 0 1680
99 60720 62640 0 12 1920
100 62760 63780 12 4 1020
101 63900 66840 4 8 2940
102 68100 69600 5 11 1500
103 69720 71400 11 0 1680
104 71520 73440 0 12 1920
105 73560 74580 12 4 1020
106 74700 77640 4 8 2940
107 78900 80400 5 11 1500
108 80520 82200 11 0 1680
109 82320 84240 0 12 1920
110 84360 85380 12 4 1020
111 85500 88440 4 8 2940
114 25980 27060 0 14 1080
115 29940 31020 14 0 1080
116 31140 32820 0 11 1680
117 32940 34440 11 5 1500
118 37140 38220 14 0 1080
119 38340 40020 0 11 1680
120 40140 41640 11 5 1500
121 44340 45420 14 0 1080
122 45540 47220 0 11 1680
123 47340 48840 11 5 1500
124 51540 52620 14 0 1080
125 52740 54420 0 11 1680
126 54540 56040 11 5 1500
127 58740 59820 14 0 1080
128 59940 61620 0 11 1680
129 61740 63240 11 5 1500
130 65940 67020 14 0 1080
131 67140 68820 0 11 1680
132 68940 70440 11 5 1500
133 73140 74220 14 0 1080
134 74340 76020 0 11 1680
135 76140 77640 11 5 1500
140 29700 32460 6 9 2760
141 34500 37260 9 6 2760
142 37380 38520 6 13 1140
143 38640 41160 13 3 2520
144 41280 43080 3 8 1800
145 43200 44340 8 15 1140
146 45300 48060 9 6 2760
147 48180 49320 6 13 1140
148 49440 51960 13 3 2520
149 52080 53880 3 8 1800
150 54000 55140 8 15 1140
151 56100 58860 9 6 2760
152 58980 60120 6 13 1140
153 60240 62760 13 3 2520
154 62880 64680 3 8 1800
155 64800 65940 8 15 1140
156 66900 69660 9 6 2760
157 69780 70920 6 13 1140
158 71040 73560 13 3 2520
159 73680 75480 3 8 1800
160 75600 76740 8 15 1140
161 77700 80460 9 6 2760
162 80580 81720 6 13 1140
163 81840 84360 13 3 2520
164 84480 86280 3 8 1800
165 86400 87540 8 15 1140
168 28560 30120 11 16 1560
169 31200 32760 16 11 1560
170 33000 36660 11 1 3660
171 36780 38760 1 7 1980
172 42000 43560 16 11 1560
173 43800 47460 11 1 3660
174 47580 49560 1 7 1980
175 52800 54360 16 11 1560
176 54600 58260 11 1 3660
177 58380 60360 1 7 1980
178 63600 65160 16 11 1560
179 65400 69060 11 1 3660
180 69180 71160 1 7 1980
181 74400 75960 16 11 1560
182 76200 79860 11 1 3660
183 79980 81960 1 7 1980
185 23940 25620 0 2 1680
186 25740 26700 2 16 960
187 30300 31260 16 2 960
188 31380 33060 2 0 1680
189 33300 34380 0 14 1080
190 37500 38460 16 2 960
191 38580 40260 2 0 1680
192 40500 41580 0 14 1080
193 44700 45660 16 2 960
194 45780 47460 2 0 1680
195 47700 48780 0 14 1080
196 51900 52860 16 2 960
197 52980 54660 2 0 1680
198 54900 55980 0 14 1080
199 59100 60060 16 2 960
200 60180 61860 2 0 1680
201 62100 63180 0 14 1080
202 66300 67260 16 2 960
203 67380 69060 2 0 1680
204 69300 70380 0 14 1080
205 73500 74460 16 2 960
206 74580 76260 2 0 1680
207 76500 77580 0 14 1080
209 23940 25620 0 11 1680
210 25740 27240 11 5 1500
211 29760 31260 5 11 1500
212 31380 33060 11 0 1680
213 33180 34260 0 14 1080
214 36960 38460 5 11 1500
215 38580 40260 11 0 1680
216 40380 41460 0 14 1080
217 44160 45660 5 11 1500
218 45780 47460 11 0 1680
219 47580 48660 0 14 1080
220 51360 52860 5 11 1500
221 52980 54660 11 0 1680
222 54780 55860 0 14 1080
223 58560 60060 5 11 1500
224 60180 61860 11 0 1680
225 61980 63060 0 14 1080
226 65760 67260 5 11 1500
227 67380 69060 11 0 1680
228 69180 70260 0 14 1080
229 72960 74460 5 11 1500
230 74580 76260 11 0 1680
231 76380 77460 0 14 1080
233 24720 26460 0 1 1740
234 26580 29340 1 6 2760
235 29460 32220 6 9 2760
236 34200 36960 9 6 2760
237 37080 39840 6 1 2760
238 39960 41700 1 0 1740
239 41820 43500 0 11 1680
240 45000 47760 9 6 2760
241 47880 50640 6 1 2760
242 50760 52500 1 0 1740
243 52620 54300 0 11 1680
244 55800 58560 9 6 2760
245 58680 61440 6 1 2760
246 61560 63300 1 0 1740
247 63420 65100 0 11 1680
248 66600 69360 9 6 2760
249 69480 72240 6 1 2760
250 72360 74100 1 0 1740
251 74220 75900 0 11 1680
252 77400 80160 9 6 2760
253 80280 83040 6 1 2760
254 83160 84900 1 0 1740
259 27840 30600 7 6 2760
260 32220 34980 6 7 2760
261 35100 36720 7 4 1620
262 36840 37860 4 12 1020
263 37980 39780 12 14 1800
264 41220 43980 6 7 2760
265 44100 45720 7 4 1620
266 45840 46860 4 12 1020
267 46980 48780 12 14 1800
268 50220 52980 6 7 2760
269 53100 54720 7 4 1620
270 54840 55860 4 12 1020
271 55980 57780 12 14 1800
272 59220 61980 6 7 2760
273 62100 63720 7 4 1620
274 63840 64860 4 12 1020
275 64980 66780 12 14 1800
276 68220 70980 6 7 2760
277 71100 72720 7 4 1620
278 72840 73860 4 12 1020
279 73980 75780 12 14 1800
280 77220 79980 6 7 2760
281 80100 81720 7 4 1620
282 81840 82860 4 12 1020
286 26100 27180 0 14 1080
287 29940 31020 14 0 1080
288 31140 32820 0 2 1680
289 32940 33900 2 16 960
290 37140 38220 14 0 1080
291 38340 40020 0 2 1680
292 40140 41100 2 16 960
293 44340 45420 14 0 1080
294 45540 47220 0 2 1680
295 47340 48300 2 16 960
296 51540 52620 14 0 1080
297 52740 54420 0 2 1680
298 54540 55500 2 16 960
299 58740 59820 14 0 1080
300 59940 61620 0 2 1680
301 61740 62700 2 16 960
302 65940 67020 14 0 1080
303 67140 68820 0 2 1680
304 68940 69900 2 16 960
305 73140 74220 14 0 1080
306 74340 76020 0 2 1680
307 76140 77100 2 16 960
308 23160 24900 0 1 1740
309 25020 27000 1 7 1980
310 27120 28020 7 3 900
311 28140 29940 3 8 1800
312 30660 32460 8 3 1800
313 32580 33480 3 7 900
314 33600 35580 7 1 1980
315 35700 37440 1 0 1740
316 39660 41460 8 3 1800
317 41580 42480 3 7 900
318 42600 44580 7 1 1980
319 44700 46440 1 0 1740
320 48660 50460 8 3 1800
321 50580 51480 3 7 900
322 51600 53580 7 1 1980
323 53700 55440 1 0 1740
324 57660 59460 8 3 1800
325 59580 60480 3 7 900
326 60600 62580 7 1 1980
327 62700 64440 1 0 1740
328 66660 68460 8 3 1800
329 68580 69480 3 7 900
330 69600 71580 7 1 1980
331 71700 73440 1 0 1740
332 75660 77460 8 3 1800
333 77580 78480 3 7 900
334 78600 80580 7 1 1980
335 80700 82440 1 0 1740
338 26640 27660 12 4 1020
339 27780 30720 4 8 2940
340 30840 31980 8 15 1140
341 35820 36960 15 8 1140
342 37080 40020 8 4 2940
343 40140 41160 4 12 1020
344 41280 43080 12 14 1800
345 43200 44640 14 10 1440
346 46620 47760 15 8 1140
347 47880 50820 8 4 2940
348 50940 51960 4 12 1020
349 52080 53880 12 14 1800
350 54000 55440 14 10 1440
351 57420 58560 15 8 1140
352 58680 61620 8 4 2940
353 61740 62760 4 12 1020
354 62880 64680 12 14 1800
355 64800 66240 14 10 1440
356 68220 69360 15 8 1140
357 69480 72420 8 4 2940
358 72540 73560 4 12 1020
359 73680 75480 12 14 1800
360 75600 77040 14 10 1440
361 79020 80160 15 8 1140
362 80280 83220 8 4 2940
368 27840 28860 4 12 1020
369 28980 30780 12 14 1800
370 32040 33840 14 12 1800
371 33960 34980 12 4 1020
372 35100 36720 4 7 1620
373 36840 39600 7 6 2760
374 41040 42840 14 12 1800
375 42960 43980 12 4 1020
376 44100 45720 4 7 1620
377 45840 48600 7 6 2760
378 50040 51840 14 12 1800
379 51960 52980 12 4 1020
380 53100 54720 4 7 1620
381 54840 57600 7 6 2760
382 59040 60840 14 12 1800
383 60960 61980 12 4 1020
384 62100 63720 4 7 1620
385 63840 66600 7 6 2760
386 68040 69840 14 12 1800
387 69960 70980 12 4 1020
388 71100 72720 4 7 1620
389 72840 75600 7 6 2760
390 77040 78840 14 12 1800
391 78960 79980 12 4 1020
392 80100 81720 4 7 1620
393 81840 84600 7 6 2760
396 29160 30900 1 0 1740
397 31020 32700 0 11 1680
398 33720 35400 11 0 1680
399 35520 37260 0 1 1740
400 37380 40140 1 6 2760
401 40260 43020 6 9 2760
402 44520 46200 11 0 1680
403 46320 48060 0 1 1740
404 48180 50940 1 6 2760
405 51060 53820 6 9 2760
406 55320 57000 11 0 1680
407 57120 58860 0 1 1740
408 58980 61740 1 6 2760
409 61860 64620 6 9 2760
410 66120 67800 11 0 1680
411 67920 69660 0 1 1740
412 69780 72540 1 6 2760
413 72660 75420 6 9 2760
414 76920 78600 11 0 1680
415 78720 80460 0 1 1740
416 80580 83340 1 6 2760
417 83460 86220 6 9 2760
421 28500 30240 1 0 1740
422 32160 33900 0 1 1740
423 34020 36000 1 7 1980
424 36120 37020 7 3 900
425 37140 38940 3 8 1800
426 41160 42900 0 1 1740
427 43020 45000 1 7 1980
428 45120 46020 7 3 900
429 46140 47940 3 8 1800
430 50160 51900 0 1 1740
431 52020 54000 1 7 1980
432 54120 55020 7 3 900
433 55140 56940 3 8 1800
434 59160 60900 0 1 1740
435 61020 63000 1 7 1980
436 63120 64020 7 3 900
437 64140 65940 3 8 1800
438 68160 69900 0 1 1740
439 70020 72000 1 7 1980
440 72120 73020 7 3 900
441 73140 74940 3 8 1800
442 77160 78900 0 1 1740
443 79020 81000 1 7 1980
444 81120 82020 7 3 900
445 82140 83940 3 8 1800
449 28920 29940 4 12 1020
450 30060 31860 12 14 1800
451 35880 37680 14 12 1800
452 37800 38820 12 4 1020
453 38940 40560 4 7 1620
454 40680 41580 7 3 900
455 41700 44220 3 13 2520
456 46680 48480 14 12 1800
457 48600 49620 12 4 1020
458 49740 51360 4 7 1620
459 51480 52380 7 3 900
460 52500 55020 3 13 2520
461 57480 59280 14 12 1800
462 59400 60420 12 4 1020
463 60540 62160 4 7 1620
464 62280 63180 7 3 900
465 63300 65820 3 13 2520
466 68280 70080 14 12 1800
467 70200 71220 12 4 1020
468 71340 72960 4 7 1620
469 73080 73980 7 3 900
470 74100 76620 3 13 2520
471 79080 80880 14 12 1800
472 81000 82020 12 4 1020
478 26520 27480 2 16 960
479 27600 29160 16 11 1560
480 29280 30780 11 5 1500
481 34920 36420 5 11 1500
482 36540 38100 11 16 1560
483 38220 39180 16 2 960
484 39360 40620 2 10 1260
485 40740 42180 10 14 1440
486 45720 47220 5 11 1500
487 47340 48900 11 16 1560
488 49020 49980 16 2 960
489 50160 51420 2 10 1260
490 51540 52980 10 14 1440
491 56520 58020 5 11 1500
492 58140 59700 11 16 1560
493 59820 60780 16 2 960
494 60960 62220 2 10 1260
495 62340 63780 10 14 1440
496 67320 68820 5 11 1500
497 68940 70500 11 16 1560
498 70620 71580 16 2 960
499 71760 73020 2 10 1260
500 73140 74580 10 14 1440
501 78120 79620 5 11 1500
508 27960 28980 4 12 1020
509 29100 31020 12 0 1920
510 31140 32820 0 2 1680
511 32940 33900 2 16 960
512 36120 37080 16 2 960
513 37200 38880 2 0 1680
514 39000 40920 0 12 1920
515 41040 42060 12 4 1020
516 42180 45120 4 8 2940
517 45240 46380 8 15 1140
518 50520 51480 16 2 960
519 51600 53280 2 0 1680
520 53400 55320 0 12 1920
521 55440 56460 12 4 1020
522 56580 59520 4 8 2940
523 59640 60780 8 15 1140
524 64920 65880 16 2 960
525 66000 67680 2 0 1680
526 67800 69720 0 12 1920
527 69840 70860 12 4 1020
528 70980 73920 4 8 2940
529 74040 75180 8 15 1140
533 30480 32280 3 8 1800
534 32400 33540 8 15 1140
535 37020 38160 15 8 1140
536 38280 40080 8 3 1800
537 40200 42720 3 13 2520
538 42840 43980 13 6 1140
539 44100 46860 6 9 2760
540 47820 48960 15 8 1140
541 49080 50880 8 3 1800
542 51000 53520 3 13 2520
543 53640 54780 13 6 1140
544 54900 57660 6 9 2760
545 58620 59760 15 8 1140
546 59880 61680 8 3 1800
547 61800 64320 3 13 2520
548 64440 65580 13 6 1140
549 65700 68460 6 9 2760
550 69420 70560 15 8 1140
551 70680 72480 8 3 1800
552 72600 75120 3 13 2520
553 75240 76380 13 6 1140
555 23940 25860 0 12 1920
556 26100 27120 12 4 1020
557 27360 28980 4 7 1620
558 31860 33480 7 4 1620
559 33600 34620 4 12 1020
560 34740 36660 12 0 1920
561 39060 40680 7 4 1620
562 40800 41820 4 12 1020
563 41940 43860 12 0 1920
564 46260 47880 7 4 1620
565 48000 49020 4 12 1020
566 49140 51060 12 0 1920
567 53460 55080 7 4 1620
568 55200 56220 4 12 1020
569 56340 58260 12 0 1920
570 60660 62280 7 4 1620
571 62400 63420 4 12 1020
572 63540 65460 12 0 1920
573 67860 69480 7 4 1620
574 69600 70620 4 12 1020
575 70740 72660 12 0 1920
576 75060 76680 7 4 1620
577 76800 77820 4 12 1020
578 77940 79860 12 0 1920
581 29580 31560 1 7 1980
582 33480 35460 7 1 1980
583 35580 39240 1 11 3660
584 39360 40920 11 16 1560
585 44280 46260 7 1 1980
586 46380 50040 1 11 3660
587 50160 51720 11 16 1560
588 55080 57060 7 1 1980
589 57180 60840 1 11 3660
590 60960 62520 11 16 1560
591 65880 67860 7 1 1980
592 67980 71640 1 11 3660
593 71760 73320 11 16 1560
594 76680 78660 7 1 1980
599 27420 28380 16 2 960
600 28560 29820 2 10 1260
601 29940 31380 10 14 1440
602 34380 35820 14 10 1440
603 35940 37200 10 2 1260
604 37320 38280 2 16 960
605 38400 39960 16 11 1560
606 40080 41580 11 5 1500
607 45180 46620 14 10 1440
608 46740 48000 10 2 1260
609 48120 49080 2 16 960
610 49200 50760 16 11 1560
611 50880 52380 11 5 1500
612 55980 57420 14 10 1440
613 57540 58800 10 2 1260
614 58920 59880 2 16 960
615 60000 61560 16 11 1560
616 61680 63180 11 5 1500
617 66780 68220 14 10 1440
618 68340 69600 10 2 1260
619 69720 70680 2 16 960
620 70800 72360 16 11 1560
621 72480 73980 11 5 1500
629 28500 30240 1 0 1740
630 30360 31440 0 14 1080
631 32760 33840 14 0 1080
632 33960 35700 0 1 1740
633 35820 38580 1 6 2760
634 38700 39840 6 13 1140
635 43560 44640 14 0 1080
636 44760 46500 0 1 1740
637 46620 49380 1 6 2760
638 49500 50640 6 13 1140
639 54360 55440 14 0 1080
640 55560 57300 0 1 1740
641 57420 60180 1 6 2760
642 60300 61440 6 13 1140
643 65160 66240 14 0 1080
644 66360 68100 0 1 1740
645 68220 70980 1 6 2760
646 71100 72240 6 13 1140
647 75960 77040 14 0 1080
648 77160 78900 0 1 1740
649 79020 81780 1 6 2760
653 27540 29280 0 1 1740
654 29400 32160 1 6 2760
655 32280 35040 6 9 2760
656 35700 38460 9 6 2760
657 38580 41340 6 1 2760
658 41460 43200 1 0 1740
659 43320 45000 0 2 1680
660 45120 46380 2 10 1260
661 50100 52860 9 6 2760
662 52980 55740 6 1 2760
663 55860 57600 1 0 1740
664 57720 59400 0 2 1680
665 59520 60780 2 10 1260
666 64500 67260 9 6 2760
667 67380 70140 6 1 2760
668 70260 72000 1 0 1740
669 72120 73800 0 2 1680
670 73920 75180 2 10 1260
671 78900 81660 9 6 2760
672 81780 84540 6 1 2760
673 84660 86400 1 0 1740
678 27540 29460 12 0 1920
679 31140 33060 0 12 1920
680 33300 34320 12 4 1020
681 34560 36180 4 7 1620
682 38340 40260 0 12 1920
683 40500 41520 12 4 1020
684 41760 43380 4 7 1620
685 45540 47460 0 12 1920
686 47700 48720 12 4 1020
687 48960 50580 4 7 1620
688 52740 54660 0 12 1920
689 54900 55920 12 4 1020
690 56160 57780 4 7 1620
691 59940 61860 0 12 1920
692 62100 63120 12 4 1020
693 63360 64980 4 7 1620
694 67140 69060 0 12 1920
695 69300 70320 12 4 1020
696 70560 72180 4 7 1620
697 74340 76260 0 12 1920
698 76500 77520 12 4 1020
699 77760 79380 4 7 1620
701 26760 27780 12 4 1020
702 27900 29520 4 7 1620
703 29640 32400 7 6 2760
704 34020 36780 6 7 2760
705 36900 38520 7 4 1620
706 38640 39660 4 12 1020
707 39780 41580 12 14 1800
708 43020 45780 6 7 2760
709 45900 47520 7 4 1620
710 47640 48660 4 12 1020
711 48780 50580 12 14 1800
712 52020 54780 6 7 2760
713 54900 56520 7 4 1620
714 56640 57660 4 12 1020
715 57780 59580 12 14 1800
716 61020 63780 6 7 2760
717 63900 65520 7 4 1620
718 65640 66660 4 12 1020
719 66780 68580 12 14 1800
720 70020 72780 6 7 2760
721 72900 74520 7 4 1620
722 74640 75660 4 12 1020
723 75780 77580 12 14 1800
724 79020 81780 6 7 2760
725 81900 83520 7 4 1620
730 30660 32400 1 0 1740
731 32520 34200 0 2 1680
732 34320 35580 2 10 1260
733 38760 40020 10 2 1260
734 40140 41820 2 0 1680
735 41940 43680 0 1 1740
736 43800 46560 1 6 2760
737 46680 49440 6 9 2760
738 53160 54420 10 2 1260
739 54540 56220 2 0 1680
740 56340 58080 0 1 1740
741 58200 60960 1 6 2760
742 61080 63840 6 9 2760
743 67560 68820 10 2 1260
744 68940 70620 2 0 1680
745 70740 72480 0 1 1740
746 72600 75360 1 6 2760
747 75480 78240 6 9 2760
749 26520 28200 11 0 1680
750 28320 30240 0 12 1920
751 30360 31380 12 4 1020
752 31500 34440 4 8 2940
753 36480 39420 8 4 2940
754 39540 40560 4 12 1020
755 40680 42600 12 0 1920
756 42720 44400 0 11 1680
757 44520 46020 11 5 1500
758 47280 50220 8 4 2940
759 50340 51360 4 12 1020
760 51480 53400 12 0 1920
761 53520 55200 0 11 1680
762 55320 56820 11 5 1500
763 58080 61020 8 4 2940
764 61140 62160 4 12 1020
765 62280 64200 12 0 1920
766 64320 66000 0 11 1680
767 66120 67620 11 5 1500
768 68880 71820 8 4 2940
769 71940 72960 4 12 1020
770 73080 75000 12 0 1920
771 75120 76800 0 11 1680
773 24960 26700 0 1 1740
774 26820 28800 1 7 1980
775 28920 29820 7 3 900
776 29940 31740 3 8 1800
777 32460 34260 8 3 1800
778 34380 35280 3 7 900
779 35400 37380 7 1 1980
780 37500 39240 1 0 1740
781 41460 43260 8 3 1800
782 43380 44280 3 7 900
783 44400 46380 7 1 1980
784 46500 48240 1 0 1740
785 50460 52260 8 3 1800
786 52380 53280 3 7 900
787 53400 55380 7 1 1980
788 55500 57240 1 0 1740
789 59460 61260 8 3 1800
790 61380 62280 3 7 900
791 62400 64380 7 1 1980
792 64500 66240 1 0 1740
793 68460 70260 8 3 1800
794 70380 71280 3 7 900
795 71400 73380 7 1 1980
796 73500 75240 1 0 1740
797 77460 79260 8 3 1800
798 79380 80280 3 7 900
799 80400 82380 7 1 1980
800 82500 84240 1 0 1740
802 27900 29520 7 4 1620
803 29640 30660 4 12 1020
804 30780 32580 12 14 1800
805 33840 35640 14 12 1800
806 35760 36780 12 4 1020
807 36900 38520 4 7 1620
808 38640 41400 7 6 2760
809 42840 44640 14 12 1800
810 44760 45780 12 4 1020
811 45900 47520 4 7 1620
812 47640 50400 7 6 2760
813 51840 53640 14 12 1800
814 53760 54780 12 4 1020
815 54900 56520 4 7 1620
816 56640 59400 7 6 2760
817 60840 62640 14 12 1800
818 62760 63780 12 4 1020
819 63900 65520 4 7 1620
820 65640 68400 7 6 2760
821 69840 71640 14 12 1800
822 71760 72780 12 4 1020
823 72900 74520 4 7 1620
824 74640 77400 7 6 2760
825 78840 80640 14 12 1800
826 80760 81780 12 4 1020
827 81900 83520 4 7 1620
828 83640 86400 7 6 2760
831 29340 30360 4 12 1020
832 30480 32280 12 14 1800
833 32400 33840 14 10 1440
834 37560 39000 10 14 1440
835 39120 40920 14 12 1800
836 41040 42060 12 4 1020
837 42180 45120 4 8 2940
838 45240 46380 8 15 1140
839 48360 49800 10 14 1440
840 49920 51720 14 12 1800
841 51840 52860 12 4 1020
842 52980 55920 4 8 2940
843 56040 57180 8 15 1140
844 59160 60600 10 14 1440
845 60720 62520 14 12 1800
846 62640 63660 12 4 1020
847 63780 66720 4 8 2940
848 66840 67980 8 15 1140
849 69960 71400 10 14 1440
850 71520 73320 14 12 1800
851 73440 74460 12 4 1020
852 74580 77520 4 8 2940
855 27000 28020 12 4 1020
856 28140 29760 4 7 1620
857 29880 30780 7 3 900
858 30900 33420 3 13 2520
859 34320 36840 13 3 2520
860 36960 37860 3 7 900
861 37980 39600 7 4 1620
862 39720 40740 4 12 1020
863 40860 42660 12 14 1800
864 45120 47640 13 3 2520
865 47760 48660 3 7 900
866 48780 50400 7 4 1620
867 50520 51540 4 12 1020
868 51660 53460 12 14 1800
869 55920 58440 13 3 2520
870 58560 59460 3 7 900
871 59580 61200 7 4 1620
872 61320 62340 4 12 1020
873 62460 64260 12 14 1800
874 66720 69240 13 3 2520
875 69360 70260 3 7 900
876 70380 72000 7 4 1620
877 72120 73140 4 12 1020
878 73260 75060 12 14 1800
879 77520 80040 13 3 2520
880 80160 81060 3 7 900
881 81180 82800 7 4 1620
886 28200 30180 7 1 1980
887 30300 32040 1 0 1740
888 33960 35700 0 1 1740
889 35820 37800 1 7 1980
890 37920 38820 7 3 900
891 38940 40740 3 8 1800
892 42960 44700 0 1 1740
893 44820 46800 1 7 1980
894 46920 47820 7 3 900
895 47940 49740 3 8 1800
896 51960 53700 0 1 1740
897 53820 55800 1 7 1980
898 55920 56820 7 3 900
899 56940 58740 3 8 1800
900 60960 62700 0 1 1740
901 62820 64800 1 7 1980
902 64920 65820 7 3 900
903 65940 67740 3 8 1800
904 69960 71700 0 1 1740
905 71820 73800 1 7 1980
906 73920 74820 7 3 900
907 74940 76740 3 8 1800
908 78960 80700 0 1 1740
909 80820 82800 1 7 1980
910 82920 83820 7 3 900
911 83940 85740 3 8 1800
913 26400 28080 2 0 1680
914 28200 30120 0 12 1920
915 30240 31260 12 4 1020
916 31380 34320 4 8 2940
917 34440 35580 8 15 1140
918 38040 39180 15 8 1140
919 39300 42240 8 4 2940
920 42360 43380 4 12 1020
921 43500 45420 12 0 1920
922 45540 47220 0 2 1680
923 47340 48300 2 16 960
924 52440 53580 15 8 1140
925 53700 56640 8 4 2940
926 56760 57780 4 12 1020
927 57900 59820 12 0 1920
928 59940 61620 0 2 1680
929 61740 62700 2 16 960
930 66840 67980 15 8 1140
931 68100 71040 8 4 2940
932 71160 72180 4 12 1020
933 72300 74220 12 0 1920
934 74340 76020 0 2 1680
935 76140 77100 2 16 960
937 26760 28500 0 1 1740
938 28620 31380 1 6 2760
939 31500 32640 6 13 1140
940 35160 36300 13 6 1140
941 36420 39180 6 1 2760
942 39300 41040 1 0 1740
943 41160 42240 0 14 1080
944 45960 47100 13 6 1140
945 47220 49980 6 1 2760
946 50100 51840 1 0 1740
947 51960 53040 0 14 1080
948 56760 57900 13 6 1140
949 58020 60780 6 1 2760
950 60900 62640 1 0 1740
951 62760 63840 0 14 1080
952 67560 68700 13 6 1140
953 68820 71580 6 1 2760
954 71700 73440 1 0 1740
955 73560 74640 0 14 1080
956 78360 79500 13 6 1140
957 79620 82380 6 1 2760
958 82500 84240 1 0 1740
961 28740 29760 4 12 1020
962 29880 31800 12 0 1920
963 31920 33600 0 11 1680
964 33720 35220 11 5 1500
965 39300 40800 5 11 1500
966 40920 42600 11 0 1680
967 42720 44640 0 12 1920
968 44760 45780 12 4 1020
969 45900 48840 4 8 2940
970 50100 51600 5 11 1500
971 51720 53400 11 0 1680
972 53520 55440 0 12 1920
973 55560 56580 12 4 1020
974 56700 59640 4 8 2940
975 60900 62400 5 11 1500
976 62520 64200 11 0 1680
977 64320 66240 0 12 1920
978 66360 67380 12 4 1020
979 67500 70440 4 8 2940
980 71700 73200 5 11 1500
981 73320 75000 11 0 1680
982 75120 77040 0 12 1920
983 77160 78180 12 4 1020
984 78300 81240 4 8 2940
986 27780 29460 11 0 1680
987 29580 30660 0 14 1080
988 33540 34620 14 0 1080
989 34740 36420 0 11 1680
990 36540 38040 11 5 1500
991 40740 41820 14 0 1080
992 41940 43620 0 11 1680
993 43740 45240 11 5 1500
994 47940 49020 14 0 1080
995 49140 50820 0 11 1680
996 50940 52440 11 5 1500
997 55140 56220 14 0 1080
998 56340 58020 0 11 1680
999 58140 59640 11 5 1500
1000 62340 63420 14 0 1080
1001 63540 65220 0 11 1680
1002 65340 66840 11 5 1500
1003 69540 70620 14 0 1080
1004 70740 72420 0 11 1680
1005 72540 74040 11 5 1500
1006 76740 77820 14 0 1080
1007 77940 79620 0 11 1680
1011 29400 31920 3 13 2520
1012 32040 33180 13 6 1140
1013 33300 36060 6 9 2760
1014 38100 40860 9 6 2760
1015 40980 42120 6 13 1140
1016 42240 44760 13 3 2520
1017 44880 46680 3 8 1800
1018 46800 47940 8 15 1140
1019 48900 51660 9 6 2760
1020 51780 52920 6 13 1140
1021 53040 55560 13 3 2520
1022 55680 57480 3 8 1800
1023 57600 58740 8 15 1140
1024 59700 62460 9 6 2760
1025 62580 63720 6 13 1140
1026 63840 66360 13 3 2520
1027 66480 68280 3 8 1800
1028 68400 69540 8 15 1140
1029 70500 73260 9 6 2760
1030 73380 74520 6 13 1140
1031 74640 77160 13 3 2520
1032 77280 79080 3 8 1800
1035 28380 32040 1 11 3660
1036 32160 33720 11 16 1560
1037 34800 36360 16 11 1560
1038 36600 40260 11 1 3660
1039 40380 42360 1 7 1980
1040 45600 47160 16 11 1560
1041 47400 51060 11 1 3660
1042 51180 53160 1 7 1980
1043 56400 57960 16 11 1560
1044 58200 61860 11 1 3660
1045 61980 63960 1 7 1980
1046 67200 68760 16 11 1560
1047 69000 72660 11 1 3660
1048 72780 74760 1 7 1980
1049 78000 79560 16 11 1560
1050 79800 83460 11 1 3660
1053 27540 29220 0 2 1680
1054 29340 30300 2 16 960
1055 33900 34860 16 2 960
1056 34980 36660 2 0 1680
1057 36900 37980 0 14 1080
1058 41100 42060 16 2 960
1059 42180 43860 2 0 1680
1060 44100 45180 0 14 1080
1061 48300 49260 16 2 960
1062 49380 51060 2 0 1680
1063 51300 52380 0 14 1080
1064 55500 56460 16 2 960
1065 56580 58260 2 0 1680
1066 58500 59580 0 14 1080
1067 62700 63660 16 2 960
1068 63780 65460 2 0 1680
1069 65700 66780 0 14 1080
1070 69900 70860 16 2 960
1071 70980 72660 2 0 1680
1072 72900 73980 0 14 1080
1073 77100 78060 16 2 960
1074 78180 79860 2 0 1680
1077 27540 29220 0 11 1680
1078 29340 30840 11 5 1500
1079 33360 34860 5 11 1500
1080 34980 36660 11 0 1680
1081 36780 37860 0 14 1080
1082 40560 42060 5 11 1500
1083 42180 43860 11 0 1680
1084 43980 45060 0 14 1080
1085 47760 49260 5 11 1500
1086 49380 51060 11 0 1680
1087 51180 52260 0 14 1080
1088 54960 56460 5 11 1500
1089 56580 58260 11 0 1680
1090 58380 59460 0 14 1080
1091 62160 63660 5 11 1500
1092 63780 65460 11 0 1680
1093 65580 66660 0 14 1080
1094 69360 70860 5 11 1500
1095 70980 72660 11 0 1680
1096 72780 73860 0 14 1080
1097 76560 78060 5 11 1500
1098 78180 79860 11 0 1680
1100 26520 28200 11 0 1680
1101 28320 30060 0 1 1740
1102 30180 32940 1 6 2760
1103 33060 35820 6 9 2760
1104 37800 40560 9 6 2760
1105 40680 43440 6 1 2760
1106 43560 45300 1 0 1740
1107 45420 47100 0 11 1680
1108 48600 51360 9 6 2760
1109 51480 54240 6 1 2760
1110 54360 56100 1 0 1740
1111 56220 57900 0 11 1680
1112 59400 62160 9 6 2760
1113 62280 65040 6 1 2760
1114 65160 66900 1 0 1740
1115 67020 68700 0 11 1680
1116 70200 72960 9 6 2760
1117 73080 75840 6 1 2760
1118 75960 77700 1 0 1740
1119 77820 79500 0 11 1680
1121 28560 29580 12 4 1020
1122 29700 31320 4 7 1620
1123 31440 34200 7 6 2760
1124 35820 38580 6 7 2760
1125 38700 40320 7 4 1620
1126 40440 41460 4 12 1020
1127 41580 43380 12 14 1800
1128 44820 47580 6 7 2760
1129 47700 49320 7 4 1620
1130 49440 50460 4 12 1020
1131 50580 52380 12 14 1800
1132 53820 56580 6 7 2760
1133 56700 58320 7 4 1620
1134 58440 59460 4 12 1020
1135 59580 61380 12 14 1800
1136 62820 65580 6 7 2760
1137 65700 67320 7 4 1620
1138 67440 68460 4 12 1020
1139 68580 70380 12 14 1800
1140 71820 74580 6 7 2760
1141 74700 76320 7 4 1620
1142 76440 77460 4 12 1020
1145 27780 29460 2 0 1680
1146 29700 30780 0 14 1080
1147 33540 34620 14 0 1080
1148 34740 36420 0 2 1680
1149 36540 37500 2 16 960
1150 40740 41820 14 0 1080
1151 41940 43620 0 2 1680
1152 43740 44700 2 16 960
1153 47940 49020 14 0 1080
1154 49140 50820 0 2 1680
1155 50940 51900 2 16 960
1156 55140 56220 14 0 1080
1157 56340 58020 0 2 1680
1158 58140 59100 2 16 960
1159 62340 63420 14 0 1080
1160 63540 65220 0 2 1680
1161 65340 66300 2 16 960
1162 69540 70620 14 0 1080
1163 70740 72420 0 2 1680
1164 72540 73500 2 16 960
1165 76740 77820 14 0 1080
1168 26760 28500 0 1 1740
1169 28620 30600 1 7 1980
1170 30720 31620 7 3 900
1171 31740 33540 3 8 1800
1172 34260 36060 8 3 1800
1173 36180 37080 3 7 900
1174 37200 39180 7 1 1980
1175 39300 41040 1 0 1740
1176 43260 45060 8 3 1800
1177 45180 46080 3 7 900
1178 46200 48180 7 1 1980
1179 48300 50040 1 0 1740
1180 52260 54060 8 3 1800
1181 54180 55080 3 7 900
1182 55200 57180 7 1 1980
1183 57300 59040 1 0 1740
1184 61260 63060 8 3 1800
1185 63180 64080 3 7 900
1186 64200 66180 7 1 1980
1187 66300 68040 1 0 1740
1188 70260 72060 8 3 1800
1189 72180 73080 3 7 900
1190 73200 75180 7 1 1980
1191 75300 77040 1 0 1740
1193 28320 30120 14 12 1800
1194 30240 31260 12 4 1020
1195 31380 34320 4 8 2940
1196 34440 35580 8 15 1140
1197 39420 40560 15 8 1140
1198 40680 43620 8 4 2940
1199 43740 44760 4 12 1020
1200 44880 46680 12 14 1800
1201 46800 48240 14 10 1440
1202 50220 51360 15 8 1140
1203 51480 54420 8 4 2940
1204 54540 55560 4 12 1020
1205 55680 57480 12 14 1800
1206 57600 59040 14 10 1440
1207 61020 62160 15 8 1140
1208 62280 65220 8 4 2940
1209 65340 66360 4 12 1020
1210 66480 68280 12 14 1800
1211 68400 69840 14 10 1440
1212 71820 72960 15 8 1140
1213 73080 76020 8 4 2940
1214 76140 77160 4 12 1020
1218 29700 31320 7 4 1620
1219 31440 32460 4 12 1020
1220 32580 34380 12 14 1800
1221 35640 37440 14 12 1800
1222 37560 38580 12 4 1020
1223 38700 40320 4 7 1620
1224 40440 43200 7 6 2760
1225 44640 46440 14 12 1800
1226 46560 47580 12 4 1020
1227 47700 49320 4 7 1620
1228 49440 52200 7 6 2760
1229 53640 55440 14 12 1800
1230 55560 56580 12 4 1020
1231 56700 58320 4 7 1620
1232 58440 61200 7 6 2760
1233 62640 64440 14 12 1800
1234 64560 65580 12 4 1020
1235 65700 67320 4 7 1620
1236 67440 70200 7 6 2760
1237 71640 73440 14 12 1800
1238 73560 74580 12 4 1020
1239 74700 76320 4 7 1620
1240 76440 79200 7 6 2760
1242 29880 32640 6 1 2760
1243 32760 34500 1 0 1740
1244 34620 36300 0 11 1680
1245 37320 39000 11 0 1680
1246 39120 40860 0 1 1740
1247 40980 43740 1 6 2760
1248 43860 46620 6 9 2760
1249 48120 49800 11 0 1680
1250 49920 51660 0 1 1740
1251 51780 54540 1 6 2760
1252 54660 57420 6 9 2760
1253 58920 60600 11 0 1680
1254 60720 62460 0 1 1740
1255 62580 65340 1 6 2760
1256 65460 68220 6 9 2760
1257 69720 71400 11 0 1680
1258 71520 73260 0 1 1740
1259 73380 76140 1 6 2760
1262 28980 29880 3 7 900
1263 30000 31980 7 1 1980
1264 32100 33840 1 0 1740
1265 35760 37500 0 1 1740
1266 37620 39600 1 7 1980
1267 39720 40620 7 3 900
1268 40740 42540 3 8 1800
1269 44760 46500 0 1 1740
1270 46620 48600 1 7 1980
1271 48720 49620 7 3 900
1272 49740 51540 3 8 1800
1273 53760 55500 0 1 1740
1274 55620 57600 1 7 1980
1275 57720 58620 7 3 900
1276 58740 60540 3 8 1800
1277 62760 64500 0 1 1740
1278 64620 66600 1 7 1980
1279 66720 67620 7 3 900
1280 67740 69540 3 8 1800
1281 71760 73500 0 1 1740
1282 73620 75600 1 7 1980
1283 75720 76620 7 3 900
1284 76740 78540 3 8 1800
1286 29760 30660 3 7 900
1287 30780 32400 7 4 1620
1288 32520 33540 4 12 1020
1289 33660 35460 12 14 1800
1290 39480 41280 14 12 1800
1291 41400 42420 12 4 1020
1292 42540 44160 4 7 1620
1293 44280 45180 7 3 900
1294 45300 47820 3 13 2520
1295 50280 52080 14 12 1800
1296 52200 53220 12 4 1020
1297 53340 54960 4 7 1620
1298 55080 55980 7 3 900
1299 56100 58620 3 13 2520
1300 61080 62880 14 12 1800
1301 63000 64020 12 4 1020
1302 64140 65760 4 7 1620
1303 65880 66780 7 3 900
1304 66900 69420 3 13 2520
1305 71880 73680 14 12 1800
1306 73800 74820 12 4 1020
1307 74940 76560 4 7 1620
1308 76680 77580 7 3 900
1309 77700 80220 3 13 2520
1312 30120 31080 2 16 960
1313 31200 32760 16 11 1560
1314 32880 34380 11 5 1500
1315 38520 40020 5 11 1500
1316 40140 41700 11 16 1560
1317 41820 42780 16 2 960
1318 42960 44220 2 10 1260
1319 44340 45780 10 14 1440
1320 49320 50820 5 11 1500
1321 50940 52500 11 16 1560
1322 52620 53580 16 2 960
1323 53760 55020 2 10 1260
1324 55140 56580 10 14 1440
1325 60120 61620 5 11 1500
1326 61740 63300 11 16 1560
1327 63420 64380 16 2 960
1328 64560 65820 2 10 1260
1329 65940 67380 10 14 1440
1330 70920 72420 5 11 1500
1331 72540 74100 11 16 1560
1332 74220 75180 16 2 960
1333 75360 76620 2 10 1260
1334 76740 78180 10 14 1440
1337 31560 32580 4 12 1020
1338 32700 34620 12 0 1920
1339 34740 36420 0 2 1680
1340 36540 37500 2 16 960
1341 39720 40680 16 2 960
1342 40800 42480 2 0 1680
1343 42600 44520 0 12 1920
1344 44640 45660 12 4 1020
1345 45780 48720 4 8 2940
1346 48840 49980 8 15 1140
1347 54120 55080 16 2 960
1348 55200 56880 2 0 1680
1349 57000 58920 0 12 1920
1350 59040 60060 12 4 1020
1351 60180 63120 4 8 2940
1352 63240 64380 8 15 1140
1353 68520 69480 16 2 960
1354 69600 71280 2 0 1680
1355 71400 73320 0 12 1920
1356 73440 74460 12 4 1020
1357 74580 77520 4 8 2940
1360 30180 31320 6 13 1140
1361 31440 33960 13 3 2520
1362 34080 35880 3 8 1800
1363 36000 37140 8 15 1140
1364 40620 41760 15 8 1140
1365 41880 43680 8 3 1800
1366 43800 46320 3 13 2520
1367 46440 47580 13 6 1140
1368 47700 50460 6 9 2760
1369 51420 52560 15 8 1140
1370 52680 54480 8 3 1800
1371 54600 57120 3 13 2520
1372 57240 58380 13 6 1140
1373 58500 61260 6 9 2760
1374 62220 63360 15 8 1140
1375 63480 65280 8 3 1800
1376 65400 67920 3 13 2520
1377 68040 69180 13 6 1140
1378 69300 72060 6 9 2760
1379 73020 74160 15 8 1140
1380 74280 76080 8 3 1800
1381 76200 78720 3 13 2520
1382 78840 79980 13 6 1140
1383 80100 82860 6 9 2760
1384 27540 29460 0 12 1920
1385 29700 30720 12 4 1020
1386 30960 32580 4 7 1620
1387 35460 37080 7 4 1620
1388 37200 38220 4 12 1020
1389 38340 40260 12 0 1920
1390 42660 44280 7 4 1620
1391 44400 45420 4 12 1020
1392 45540 47460 12 0 1920
1393 49860 51480 7 4 1620
1394 51600 52620 4 12 1020
1395 52740 54660 12 0 1920
1396 57060 58680 7 4 1620
1397 58800 59820 4 12 1020
1398 59940 61860 12 0 1920
1399 64260 65880 7 4 1620
1400 66000 67020 4 12 1020
1401 67140 69060 12 0 1920
1402 71460 73080 7 4 1620
1403 73200 74220 4 12 1020
1404 74340 76260 12 0 1920
1405 78660 80280 7 4 1620
1406 80400 81420 4 12 1020
1407 81540 83460 12 0 1920
1408 27600 29160 16 11 1560
1409 29400 33060 11 1 3660
1410 33180 35160 1 7 1980
1411 37080 39060 7 1 1980
1412 39180 42840 1 11 3660
1413 42960 44520 11 16 1560
1414 47880 49860 7 1 1980
1415 49980 53640 1 11 3660
1416 53760 55320 11 16 1560
1417 58680 60660 7 1 1980
1418 60780 64440 1 11 3660
1419 64560 66120 11 16 1560
1420 69480 71460 7 1 1980
1421 71580 75240 1 11 3660
1422 75360 76920 11 16 1560
1424 29340 30900 11 16 1560
1425 31020 31980 16 2 960
1426 32160 33420 2 10 1260
1427 33540 34980 10 14 1440
1428 37980 39420 14 10 1440
1429 39540 40800 10 2 1260
1430 40920 41880 2 16 960
1431 42000 43560 16 11 1560
1432 43680 45180 11 5 1500
1433 48780 50220 14 10 1440
1434 50340 51600 10 2 1260
1435 51720 52680 2 16 960
1436 52800 54360 16 11 1560
1437 54480 55980 11 5 1500
1438 59580 61020 14 10 1440
1439 61140 62400 10 2 1260
1440 62520 63480 2 16 960
1441 63600 65160 16 11 1560
1442 65280 66780 11 5 1500
1443 70380 71820 14 10 1440
1444 71940 73200 10 2 1260
1445 73320 74280 2 16 960
1446 74400 75960 16 11 1560
1447 76080 77580 11 5 1500
1449 29220 31980 6 1 2760
1450 32100 33840 1 0 1740
1451 33960 35040 0 14 1080
1452 36360 37440 14 0 1080
1453 37560 39300 0 1 1740
1454 39420 42180 1 6 2760
1455 42300 43440 6 13 1140
1456 47160 48240 14 0 1080
1457 48360 50100 0 1 1740
1458 50220 52980 1 6 2760
1459 53100 54240 6 13 1140
1460 57960 59040 14 0 1080
1461 59160 60900 0 1 1740
1462 61020 63780 1 6 2760
1463 63900 65040 6 13 1140
1464 68760 69840 14 0 1080
1465 69960 71700 0 1 1740
1466 71820 74580 1 6 2760
1467 74700 75840 6 13 1140
1469 29340 31020 2 0 1680
1470 31140 32880 0 1 1740
1471 33000 35760 1 6 2760
1472 35880 38640 6 9 2760
1473 39300 42060 9 6 2760
1474 42180 44940 6 1 2760
1475 45060 46800 1 0 1740
1476 46920 48600 0 2 1680
1477 48720 49980 2 10 1260
1478 53700 56460 9 6 2760
1479 56580 59340 6 1 2760
1480 59460 61200 1 0 1740
1481 61320 63000 0 2 1680
1482 63120 64380 2 10 1260
1483 68100 70860 9 6 2760
1484 70980 73740 6 1 2760
1485 73860 75600 1 0 1740
1486 75720 77400 0 2 1680
1488 28260 29880 7 4 1620
1489 30000 31020 4 12 1020
1490 31140 33060 12 0 1920
1491 34740 36660 0 12 1920
1492 36900 37920 12 4 1020
1493 38160 39780 4 7 1620
1494 41940 43860 0 12 1920
1495 44100 45120 12 4 1020
1496 45360 46980 4 7 1620
1497 49140 51060 0 12 1920
1498 51300 52320 12 4 1020
1499 52560 54180 4 7 1620
1500 56340 58260 0 12 1920
1501 58500 59520 12 4 1020
1502 59760 61380 4 7 1620
1503 63540 65460 0 12 1920
1504 65700 66720 12 4 1020
1505 66960 68580 4 7 1620
1506 70740 72660 0 12 1920
1507 72900 73920 12 4 1020
1508 74160 75780 4 7 1620
1509 77940 79860 0 12 1920
1510 80100 81120 12 4 1020
1511 81360 82980 4 7 1620
1512 28440 30240 14 12 1800
1513 30360 31380 12 4 1020
1514 31500 33120 4 7 1620
1515 33240 36000 7 6 2760
1516 37620 40380 6 7 2760
1517 40500 42120 7 4 1620
1518 42240 43260 4 12 1020
1519 43380 45180 12 14 1800
1520 46620 49380 6 7 2760
1521 49500 51120 7 4 1620
1522 51240 52260 4 12 1020
1523 52380 54180 12 14 1800
1524 55620 58380 6 7 2760
1525 58500 60120 7 4 1620
1526 60240 61260 4 12 1020
1527 61380 63180 12 14 1800
1528 64620 67380 6 7 2760
1529 67500 69120 7 4 1620
1530 69240 70260 4 12 1020
1531 70380 72180 12 14 1800
1532 73620 76380 6 7 2760
1533 76500 78120 7 4 1620
1534 78240 79260 4 12 1020
1537 31380 34140 6 1 2760
1538 34260 36000 1 0 1740
1539 36120 37800 0 2 1680
1540 37920 39180 2 10 1260
1541 42360 43620 10 2 1260
1542 43740 45420 2 0 1680
1543 45540 47280 0 1 1740
1544 47400 50160 1 6 2760
1545 50280 53040 6 9 2760
1546 56760 58020 10 2 1260
1547 58140 59820 2 0 1680
1548 59940 61680 0 1 1740
1549 61800 64560 1 6 2760
1550 64680 67440 6 9 2760
1551 71160 72420 10 2 1260
1552 72540 74220 2 0 1680
1553 74340 76080 0 1 1740
1554 76200 78960 1 6 2760
1556 28500 30000 5 11 1500
1557 30120 31800 11 0 1680
1558 31920 33840 0 12 1920
1559 33960 34980 12 4 1020
1560 35100 38040 4 8 2940
1561 40080 43020 8 4 2940
1562 43140 44160 4 12 1020
1563 44280 46200 12 0 1920
1564 46320 48000 0 11 1680
1565 48120 49620 11 5 1500
1566 50880 53820 8 4 2940
1567 53940 54960 4 12 1020
1568 55080 57000 12 0 1920
1569 57120 58800 0 11 1680
1570 58920 60420 11 5 1500
1571 61680 64620 8 4 2940
1572 64740 65760 4 12 1020
1573 65880 67800 12 0 1920
1574 67920 69600 0 11 1680
1575 69720 71220 11 5 1500
1576 72480 75420 8 4 2940
1577 75540 76560 4 12 1020
1578 76680 78600 12 0 1920
1581 28560 30300 0 1 1740
1582 30420 32400 1 7 1980
1583 32520 33420 7 3 900
1584 33540 35340 3 8 1800
1585 36060 37860 8 3 1800
1586 37980 38880 3 7 900
1587 39000 40980 7 1 1980
1588 41100 42840 1 0 1740
1589 45060 46860 8 3 1800
1590 46980 47880 3 7 900
1591 48000 49980 7 1 1980
1592 50100 51840 1 0 1740
1593 54060 55860 8 3 1800
1594 55980 56880 3 7 900
1595 57000 58980 7 1 1980
1596 59100 60840 1 0 1740
1597 63060 64860 8 3 1800
1598 64980 65880 3 7 900
1599 66000 67980 7 1 1980
1600 68100 69840 1 0 1740
1601 72060 73860 8 3 1800
1602 73980 74880 3 7 900
1603 75000 76980 7 1 1980
1604 77100 78840 1 0 1740
1605 28620 31380 6 7 2760
1606 31500 33120 7 4 1620
1607 33240 34260 4 12 1020
1608 34380 36180 12 14 1800
1609 37440 39240 14 12 1800
1610 39360 40380 12 4 1020
1611 40500 42120 4 7 1620
1612 42240 45000 7 6 2760
1613 46440 48240 14 12 1800
1614 48360 49380 12 4 1020
1615 49500 51120 4 7 1620
1616 51240 54000 7 6 2760
1617 55440 57240 14 12 1800
1618 57360 58380 12 4 1020
1619 58500 60120 4 7 1620
1620 60240 63000 7 6 2760
1621 64440 66240 14 12 1800
1622 66360 67380 12 4 1020
1623 67500 69120 4 7 1620
1624 69240 72000 7 6 2760
1625 73440 75240 14 12 1800
1626 75360 76380 12 4 1020
1627 76500 78120 4 7 1620
1628 78240 81000 7 6 2760
1631 32940 33960 4 12 1020
1632 34080 35880 12 14 1800
1633 36000 37440 14 10 1440
1634 41160 42600 10 14 1440
1635 42720 44520 14 12 1800
1636 44640 45660 12 4 1020
1637 45780 48720 4 8 2940
1638 48840 49980 8 15 1140
1639 51960 53400 10 14 1440
1640 53520 55320 14 12 1800
1641 55440 56460 12 4 1020
1642 56580 59520 4 8 2940
1643 59640 60780 8 15 1140
1644 62760 64200 10 14 1440
1645 64320 66120 14 12 1800
1646 66240 67260 12 4 1020
1647 67380 70320 4 8 2940
1648 70440 71580 8 15 1140
1649 73560 75000 10 14 1440
1650 75120 76920 14 12 1800
1651 77040 78060 12 4 1020
1652 78180 81120 4 8 2940
1653 81240 82380 8 15 1140
1654 28680 30480 14 12 1800
1655 30600 31620 12 4 1020
1656 31740 33360 4 7 1620
1657 33480 34380 7 3 900
1658 34500 37020 3 13 2520
1659 37920 40440 13 3 2520
1660 40560 41460 3 7 900
1661 41580 43200 7 4 1620
1662 43320 44340 4 12 1020
1663 44460 46260 12 14 1800
1664 48720 51240 13 3 2520
1665 51360 52260 3 7 900
1666 52380 54000 7 4 1620
1667 54120 55140 4 12 1020
1668 55260 57060 12 14 1800
1669 59520 62040 13 3 2520
1670 62160 63060 3 7 900
1671 63180 64800 7 4 1620
1672 64920 65940 4 12 1020
1673 66060 67860 12 14 1800
1674 70320 72840 13 3 2520
1675 72960 73860 3 7 900
1676 73980 75600 7 4 1620
1677 75720 76740 4 12 1020
1680 30780 31680 3 7 900
1681 31800 33780 7 1 1980
1682 33900 35640 1 0 1740
1683 37560 39300 0 1 1740
1684 39420 41400 1 7 1980
1685 41520 42420 7 3 900
1686 42540 44340 3 8 1800
1687 46560 48300 0 1 1740
1688 48420 50400 1 7 1980
1689 50520 51420 7 3 900
1690 51540 53340 3 8 1800
1691 55560 57300 0 1 1740
1692 57420 59400 1 7 1980
1693 59520 60420 7 3 900
1694 60540 62340 3 8 1800
1695 64560 66300 0 1 1740
1696 66420 68400 1 7 1980
1697 68520 69420 7 3 900
1698 69540 71340 3 8 1800
1699 73560 75300 0 1 1740
1700 75420 77400 1 7 1980
1701 77520 78420 7 3 900
1702 78540 80340 3 8 1800
1703 28920 29880 16 2 960
1704 30000 31680 2 0 1680
1705 31800 33720 0 12 1920
1706 33840 34860 12 4 1020
1707 34980 37920 4 8 2940
1708 38040 39180 8 15 1140
1709 41640 42780 15 8 1140
1710 42900 45840 8 4 2940
1711 45960 46980 4 12 1020
1712 47100 49020 12 0 1920
1713 49140 50820 0 2 1680
1714 50940 51900 2 16 960
1715 56040 57180 15 8 1140
1716 57300 60240 8 4 2940
1717 60360 61380 4 12 1020
1718 61500 63420 12 0 1920
1719 63540 65220 0 2 1680
1720 65340 66300 2 16 960
1721 70440 71580 15 8 1140
1722 71700 74640 8 4 2940
1723 74760 75780 4 12 1020
1724 75900 77820 12 0 1920
1727 29160 30240 14 0 1080
1728 30360 32100 0 1 1740
1729 32220 34980 1 6 2760
1730 35100 36240 6 13 1140
1731 38760 39900 13 6 1140
1732 40020 42780 6 1 2760
1733 42900 44640 1 0 1740
1734 44760 45840 0 14 1080
1735 49560 50700 13 6 1140
1736 50820 53580 6 1 2760
1737 53700 55440 1 0 1740
1738 55560 56640 0 14 1080
1739 60360 61500 13 6 1140
1740 61620 64380 6 1 2760
1741 64500 66240 1 0 1740
1742 66360 67440 0 14 1080
1743 71160 72300 13 6 1140
1744 72420 75180 6 1 2760
1745 75300 77040 1 0 1740
1746 77160 78240 0 14 1080
1748 32340 33360 4 12 1020
1749 33480 35400 12 0 1920
1750 35520 37200 0 11 1680
1751 37320 38820 11 5 1500
1752 42900 44400 5 11 1500
1753 44520 46200 11 0 1680
1754 46320 48240 0 12 1920
1755 48360 49380 12 4 1020
1756 49500 52440 4 8 2940
1757 53700 55200 5 11 1500
1758 55320 57000 11 0 1680
1759 57120 59040 0 12 1920
1760 59160 60180 12 4 1020
1761 60300 63240 4 8 2940
1762 64500 66000 5 11 1500
1763 66120 67800 11 0 1680
1764 67920 69840 0 12 1920
1765 69960 70980 12 4 1020
1766 71100 74040 4 8 2940
1767 75300 76800 5 11 1500
1768 76920 78600 11 0 1680
1769 78720 80640 0 12 1920
1770 80760 81780 12 4 1020
1771 81900 84840 4 8 2940
1773 31080 32880 8 3 1800
1774 33000 35520 3 13 2520
1775 35640 36780 13 6 1140
1776 36900 39660 6 9 2760
1777 41700 44460 9 6 2760
1778 44580 45720 6 13 1140
1779 45840 48360 13 3 2520
1780 48480 50280 3 8 1800
1781 50400 51540 8 15 1140
1782 52500 55260 9 6 2760
1783 55380 56520 6 13 1140
1784 56640 59160 13 3 2520
1785 59280 61080 3 8 1800
1786 61200 62340 8 15 1140
1787 63300 66060 9 6 2760
1788 66180 67320 6 13 1140
1789 67440 69960 13 3 2520
1790 70080 71880 3 8 1800
1791 72000 73140 8 15 1140
1792 74100 76860 9 6 2760
1793 76980 78120 6 13 1140
1794 78240 80760 13 3 2520
1795 80880 82680 3 8 1800
1796 82800 83940 8 15 1140
1797 29880 31860 7 1 1980
1798 31980 35640 1 11 3660
1799 35760 37320 11 16 1560
1800 38400 39960 16 11 1560
1801 40200 43860 11 1 3660
1802 43980 45960 1 7 1980
1803 49200 50760 16 11 1560
1804 51000 54660 11 1 3660
1805 54780 56760 1 7 1980
1806 60000 61560 16 11 1560
1807 61800 65460 11 1 3660
1808 65580 67560 1 7 1980
1809 70800 72360 16 11 1560
1810 72600 76260 11 1 3660
1811 76380 78360 1 7 1980
1812 30120 31800 11 0 1680
1813 31920 33660 0 1 1740
1814 33780 36540 1 6 2760
1815 36660 39420 6 9 2760
1816 41400 44160 9 6 2760
1817 44280 47040 6 1 2760
1818 47160 48900 1 0 1740
1819 49020 50700 0 11 1680
1820 52200 54960 9 6 2760
1821 55080 57840 6 1 2760
1822 57960 59700 1 0 1740
1823 59820 61500 0 11 1680
1824 63000 65760 9 6 2760
1825 65880 68640 6 1 2760
1826 68760 70500 1 0 1740
1827 70620 72300 0 11 1680
1828 73800 76560 9 6 2760
1829 76680 79440 6 1 2760
1830 79560 81300 1 0 1740
1832 30240 32040 14 12 1800
1833 32160 33180 12 4 1020
1834 33300 34920 4 7 1620
1835 35040 37800 7 6 2760
1836 39420 42180 6 7 2760
1837 42300 43920 7 4 1620
1838 44040 45060 4 12 1020
1839 45180 46980 12 14 1800
1840 48420 51180 6 7 2760
1841 51300 52920 7 4 1620
1842 53040 54060 4 12 1020
1843 54180 55980 12 14 1800
1844 57420 60180 6 7 2760
1845 60300 61920 7 4 1620
1846 62040 63060 4 12 1020
1847 63180 64980 12 14 1800
1848 66420 69180 6 7 2760
1849 69300 70920 7 4 1620
1850 71040 72060 4 12 1020
1851 72180 73980 12 14 1800
1852 75420 78180 6 7 2760
1853 78300 79920 7 4 1620
1854 80040 81060 4 12 1020
1857 31920 33720 14 12 1800
1858 33840 34860 12 4 1020
1859 34980 37920 4 8 2940
1860 38040 39180 8 15 1140
1861 43020 44160 15 8 1140
1862 44280 47220 8 4 2940
1863 47340 48360 4 12 1020
1864 48480 50280 12 14 1800
1865 50400 51840 14 10 1440
1866 53820 54960 15 8 1140
1867 55080 58020 8 4 2940
1868 58140 59160 4 12 1020
1869 59280 61080 12 14 1800
1870 61200 62640 14 10 1440
1871 64620 65760 15 8 1140
1872 65880 68820 8 4 2940
1873 68940 69960 4 12 1020
1874 70080 71880 12 14 1800
1875 72000 73440 14 10 1440
1876 75420 76560 15 8 1140
1877 76680 79620 8 4 2940
1878 79740 80760 4 12 1020
1881 30420 33180 6 7 2760
1882 33300 34920 7 4 1620
1883 35040 36060 4 12 1020
1884 36180 37980 12 14 1800
1885 39240 41040 14 12 1800
1886 41160 42180 12 4 1020
1887 42300 43920 4 7 1620
1888 44040 46800 7 6 2760
1889 48240 50040 14 12 1800
1890 50160 51180 12 4 1020
1891 51300 52920 4 7 1620
1892 53040 55800 7 6 2760
1893 57240 59040 14 12 1800
1894 59160 60180 12 4 1020
1895 60300 61920 4 7 1620
1896 62040 64800 7 6 2760
1897 66240 68040 14 12 1800
1898 68160 69180 12 4 1020
1899 69300 70920 4 7 1620
1900 71040 73800 7 6 2760
1901 75240 77040 14 12 1800
1902 77160 78180 12 4 1020
1903 78300 79920 4 7 1620
1904 80040 82800 7 6 2760
1906 33480 36240 6 1 2760
1907 36360 38100 1 0 1740
1908 38220 39900 0 11 1680
1909 40920 42600 11 0 1680
1910 42720 44460 0 1 1740
1911 44580 47340 1 6 2760
1912 47460 50220 6 9 2760
1913 51720 53400 11 0 1680
1914 53520 55260 0 1 1740
1915 55380 58140 1 6 2760
1916 58260 61020 6 9 2760
1917 62520 64200 11 0 1680
1918 64320 66060 0 1 1740
1919 66180 68940 1 6 2760
1920 69060 71820 6 9 2760
1921 73320 75000 11 0 1680
1922 75120 76860 0 1 1740
1923 76980 79740 1 6 2760
1924 79860 82620 6 9 2760
1925 30720 33240 13 3 2520
1926 33360 34260 3 7 900
1927 34380 36000 7 4 1620
1928 36120 37140 4 12 1020
1929 37260 39060 12 14 1800
1930 43080 44880 14 12 1800
1931 45000 46020 12 4 1020
1932 46140 47760 4 7 1620
1933 47880 48780 7 3 900
1934 48900 51420 3 13 2520
1935 53880 55680 14 12 1800
1936 55800 56820 12 4 1020
1937 56940 58560 4 7 1620
1938 58680 59580 7 3 900
1939 59700 62220 3 13 2520
1940 64680 66480 14 12 1800
1941 66600 67620 12 4 1020
1942 67740 69360 4 7 1620
1943 69480 70380 7 3 900
1944 70500 73020 3 13 2520
1945 75480 77280 14 12 1800
1946 77400 78420 12 4 1020
1947 78540 80160 4 7 1620
1948 80280 81180 7 3 900
1950 30780 32220 14 10 1440
1951 32340 33600 10 2 1260
1952 33720 34680 2 16 960
1953 34800 36360 16 11 1560
1954 36480 37980 11 5 1500
1955 42120 43620 5 11 1500
1956 43740 45300 11 16 1560
1957 45420 46380 16 2 960
1958 46560 47820 2 10 1260
1959 47940 49380 10 14 1440
1960 52920 54420 5 11 1500
1961 54540 56100 11 16 1560
1962 56220 57180 16 2 960
1963 57360 58620 2 10 1260
1964 58740 60180 10 14 1440
1965 63720 65220 5 11 1500
1966 65340 66900 11 16 1560
1967 67020 67980 16 2 960
1968 68160 69420 2 10 1260
1969 69540 70980 10 14 1440
1970 74520 76020 5 11 1500
1971 76140 77700 11 16 1560
1972 77820 78780 16 2 960
1976 32100 35040 8 4 2940
1977 35160 36180 4 12 1020
1978 36300 38220 12 0 1920
1979 38340 40020 0 2 1680
1980 40140 41100 2 16 960
1981 43320 44280 16 2 960
1982 44400 46080 2 0 1680
1983 46200 48120 0 12 1920
1984 48240 49260 12 4 1020
1985 49380 52320 4 8 2940
1986 52440 53580 8 15 1140
1987 57720 58680 16 2 960
1988 58800 60480 2 0 1680
1989 60600 62520 0 12 1920
1990 62640 63660 12 4 1020
1991 63780 66720 4 8 2940
1992 66840 67980 8 15 1140
1993 72120 73080 16 2 960
1994 73200 74880 2 0 1680
1995 75000 76920 0 12 1920
1996 77040 78060 12 4 1020
1997 78180 81120 4 8 2940
1998 81240 82380 8 15 1140
2000 33780 34920 6 13 1140
2001 35040 37560 13 3 2520
2002 37680 39480 3 8 1800
2003 39600 40740 8 15 1140
2004 44220 45360 15 8 1140
2005 45480 47280 8 3 1800
2006 47400 49920 3 13 2520
2007 50040 51180 13 6 1140
2008 51300 54060 6 9 2760
2009 55020 56160 15 8 1140
2010 56280 58080 8 3 1800
2011 58200 60720 3 13 2520
2012 60840 61980 13 6 1140
2013 62100 64860 6 9 2760
2014 65820 66960 15 8 1140
2015 67080 68880 8 3 1800
2016 69000 71520 3 13 2520
2017 71640 72780 13 6 1140
2018 72900 75660 6 9 2760
2019 76620 77760 15 8 1140
2020 77880 79680 8 3 1800
2021 79800 82320 3 13 2520
2022 82440 83580 13 6 1140
2023 83700 86460 6 9 2760
2024 31320 32820 5 11 1500
2025 32940 34500 11 16 1560
2026 34620 35580 16 2 960
2027 35760 37020 2 10 1260
2028 37140 38580 10 14 1440
2029 41580 43020 14 10 1440
2030 43140 44400 10 2 1260
2031 44520 45480 2 16 960
2032 45600 47160 16 11 1560
2033 47280 48780 11 5 1500
2034 52380 53820 14 10 1440
2035 53940 55200 10 2 1260
2036 55320 56280 2 16 960
2037 56400 57960 16 11 1560
2038 58080 59580 11 5 1500
2039 63180 64620 14 10 1440
2040 64740 66000 10 2 1260
2041 66120 67080 2 16 960
2042 67200 68760 16 11 1560
2043 68880 70380 11 5 1500
2044 73980 75420 14 10 1440
2045 75540 76800 10 2 1260
2046 76920 77880 2 16 960
2047 78000 79560 16 11 1560
2049 31560 32820 10 2 1260
2050 32940 34620 2 0 1680
2051 34740 36480 0 1 1740
2052 36600 39360 1 6 2760
2053 39480 42240 6 9 2760
2054 42900 45660 9 6 2760
2055 45780 48540 6 1 2760
2056 48660 50400 1 0 1740
2057 50520 52200 0 2 1680
2058 52320 53580 2 10 1260
2059 57300 60060 9 6 2760
2060 60180 62940 6 1 2760
2061 63060 64800 1 0 1740
2062 64920 66600 0 2 1680
2063 66720 67980 2 10 1260
2064 71700 74460 9 6 2760
2065 74580 77340 6 1 2760
2066 77460 79200 1 0 1740
2070 34980 37740 6 1 2760
2071 37860 39600 1 0 1740
2072 39720 41400 0 2 1680
2073 41520 42780 2 10 1260
2074 45960 47220 10 2 1260
2075 47340 49020 2 0 1680
2076 49140 50880 0 1 1740
2077 51000 53760 1 6 2760
2078 53880 56640 6 9 2760
2079 60360 61620 10 2 1260
2080 61740 63420 2 0 1680
2081 63540 65280 0 1 1740
2082 65400 68160 1 6 2760
2083 68280 71040 6 9 2760
2084 74760 76020 10 2 1260
2085 76140 77820 2 0 1680
2086 77940 79680 0 1 1740
2087 79800 82560 1 6 2760
2088 82680 85440 6 9 2760
2089 32100 33600 5 11 1500
2090 33720 35400 11 0 1680
2091 35520 37440 0 12 1920
2092 37560 38580 12 4 1020
2093 38700 41640 4 8 2940
2094 43680 46620 8 4 2940
2095 46740 47760 4 12 1020
2096 47880 49800 12 0 1920
2097 49920 51600 0 11 1680
2098 51720 53220 11 5 1500
2099 54480 57420 8 4 2940
2100 57540 58560 4 12 1020
2101 58680 60600 12 0 1920
2102 60720 62400 0 11 1680
2103 62520 64020 11 5 1500
2104 65280 68220 8 4 2940
2105 68340 69360 4 12 1020
2106 69480 71400 12 0 1920
2107 71520 73200 0 11 1680
2108 73320 74820 11 5 1500
2109 76080 79020 8 4 2940
2110 79140 80160 4 12 1020
2111 80280 82200 12 0 1920
2115 33480 36420 8 4 2940
2116 36540 37560 4 12 1020
2117 37680 39480 12 14 1800
2118 39600 41040 14 10 1440
2119 44760 46200 10 14 1440
2120 46320 48120 14 12 1800
2121 48240 49260 12 4 1020
2122 49380 52320 4 8 2940
2123 52440 53580 8 15 1140
2124 55560 57000 10 14 1440
2125 57120 58920 14 12 1800
2126 59040 60060 12 4 1020
2127 60180 63120 4 8 2940
2128 63240 64380 8 15 1140
2129 66360 67800 10 14 1440
2130 67920 69720 14 12 1800
2131 69840 70860 12 4 1020
2132 70980 73920 4 8 2940
2133 74040 75180 8 15 1140
2134 77160 78600 10 14 1440
2135 78720 80520 14 12 1800
2136 80640 81660 12 4 1020
2137 81780 84720 4 8 2940
2138 84840 85980 8 15 1140
2139 32280 34080 14 12 1800
2140 34200 35220 12 4 1020
2141 35340 36960 4 7 1620
2142 37080 37980 7 3 900
2143 38100 40620 3 13 2520
2144 41520 44040 13 3 2520
2145 44160 45060 3 7 900
2146 45180 46800 7 4 1620
2147 46920 47940 4 12 1020
2148 48060 49860 12 14 1800
2149 52320 54840 13 3 2520
2150 54960 55860 3 7 900
2151 55980 57600 7 4 1620
2152 57720 58740 4 12 1020
2153 58860 60660 12 14 1800
2154 63120 65640 13 3 2520
2155 65760 66660 3 7 900
2156 66780 68400 7 4 1620
2157 68520 69540 4 12 1020
2158 69660 71460 12 14 1800
2159 73920 76440 13 3 2520
2160 76560 77460 3 7 900
2161 77580 79200 7 4 1620
2162 79320 80340 4 12 1020
2164 32520 33480 16 2 960
2165 33600 35280 2 0 1680
2166 35400 37320 0 12 1920
2167 37440 38460 12 4 1020
2168 38580 41520 4 8 2940
2169 41640 42780 8 15 1140
2170 45240 46380 15 8 1140
2171 46500 49440 8 4 2940
2172 49560 50580 4 12 1020
2173 50700 52620 12 0 1920
2174 52740 54420 0 2 1680
2175 54540 55500 2 16 960
2176 59640 60780 15 8 1140
2177 60900 63840 8 4 2940
2178 63960 64980 4 12 1020
2179 65100 67020 12 0 1920
2180 67140 68820 0 2 1680
2181 68940 69900 2 16 960
2182 74040 75180 15 8 1140
2183 75300 78240 8 4 2940
2184 78360 79380 4 12 1020
2185 79500 81420 12 0 1920
2188 32880 35820 8 4 2940
2189 35940 36960 4 12 1020
2190 37080 39000 12 0 1920
2191 39120 40800 0 11 1680
2192 40920 42420 11 5 1500
2193 46500 48000 5 11 1500
2194 48120 49800 11 0 1680
2195 49920 51840 0 12 1920
2196 51960 52980 12 4 1020
2197 53100 56040 4 8 2940
2198 33420 34560 15 8 1140
2199 34680 36480 8 3 1800
2200 36600 39120 3 13 2520
2201 39240 40380 13 6 1140
2202 40500 43260 6 9 2760
2203 45300 48060 9 6 2760
2204 48180 49320 6 13 1140
2205 49440 51960 13 3 2520
2206 52080 53880 3 8 1800
2207 54000 55140 8 15 1140
2208 33960 35400 10 14 1440
2209 35520 37320 14 12 1800
2210 37440 38460 12 4 1020
2211 38580 41520 4 8 2940
2212 41640 42780 8 15 1140
2213 46620 47760 15 8 1140
2214 47880 50820 8 4 2940
2215 50940 51960 4 12 1020
2216 52080 53880 12 14 1800
2217 54000 55440 14 10 1440
2218 35160 36420 10 2 1260
2219 36540 38220 2 0 1680
2220 38340 40080 0 1 1740
2221 40200 42960 1 6 2760
2222 43080 45840 6 9 2760
2223 46500 49260 9 6 2760
2224 49380 52140 6 1 2760
2225 52260 54000 1 0 1740
2226 54120 55800 0 2 1680
2227 55920 57180 2 10 1260
2228 60900 63660 9 6 2760
2229 63780 66540 6 1 2760
2230 66660 68400 1 0 1740
2231 68520 70200 0 2 1680
2232 70320 71580 2 10 1260
2233 75300 78060 9 6 2760
2234 78180 80940 6 1 2760
2235 81060 82800 1 0 1740
2238 37860 39660 8 3 1800
2239 39780 40680 3 7 900
2240 40800 42780 7 1 1980
2241 42900 44640 1 0 1740
2242 46560 48300 0 1 1740
2243 48420 50400 1 7 1980
2244 50520 51420 7 3 900
2245 51540 53340 3 8 1800
2246 39960 41040 14 0 1080
2247 41160 42900 0 1 1740
2248 43020 45780 1 6 2760
2249 45900 47040 6 13 1140
2250 49560 50700 13 6 1140
2251 50820 53580 6 1 2760
2252 53700 55440 1 0 1740
2253 55560 56640 0 14 1080
2254 40680 42660 7 1 1980
2255 42780 46440 1 11 3660
2256 46560 48120 11 16 1560
2257 49200 50760 16 11 1560
2258 51000 54660 11 1 3660
2259 54780 56760 1 7 1980
2260 46860 48660 8 3 1800
2261 48780 49680 3 7 900
2262 49800 51780 7 1 1980
2263 51900 53640 1 0 1740
2264 55560 57300 0 1 1740
2265 57420 59400 1 7 1980
2266 59520 60420 7 3 900
2267 60540 62340 3 8 1800
2268 46920 47880 16 2 960
2269 48000 49680 2 0 1680
2270 49800 51720 0 12 1920
2271 51840 52860 12 4 1020
2272 52980 55920 4 8 2940
2273 56040 57180 8 15 1140
2274 59640 60780 15 8 1140
2275 60900 63840 8 4 2940
2276 63960 64980 4 12 1020
2277 65100 67020 12 0 1920
2278 67140 68820 0 2 1680
2279 68940 69900 2 16 960
2280 49560 50820 10 2 1260
2281 50940 52620 2 0 1680
2282 52740 54480 0 1 1740
2283 54600 57360 1 6 2760
2284 57480 60240 6 9 2760
2285 60900 63660 9 6 2760
2286 63780 66540 6 1 2760
2287 66660 68400 1 0 1740
2288 68520 70200 0 2 1680
2289 70320 71580 2 10 1260
2290 50760 51840 14 0 1080
2291 51960 53700 0 1 1740
2292 53820 56580 1 6 2760
2293 56700 57840 6 13 1140
2294 60360 61500 13 6 1140
2295 61620 64380 6 1 2760
2296 64500 66240 1 0 1740
2297 66360 67440 0 14 1080
2298 51480 53460 7 1 1980
2299 53580 57240 1 11 3660
2300 57360 58920 11 16 1560
2301 60000 61560 16 11 1560
2302 61800 65460 11 1 3660
2303 65580 67560 1 7 1980
2304 55860 57660 8 3 1800
2305 57780 58680 3 7 900
2306 58800 60780 7 1 1980
2307 60900 62640 1 0 1740
2308 64560 66300 0 1 1740
2309 66420 68400 1 7 1980
2310 68520 69420 7 3 900
2311 69540 71340 3 8 1800
2312 61320 62280 16 2 960
2313 62400 64080 2 0 1680
2314 64200 66120 0 12 1920
2315 66240 67260 12 4 1020
2316 67380 70320 4 8 2940
2317 70440 71580 8 15 1140
2318 74040 75180 15 8 1140
2319 75300 78240 8 4 2940
2320 78360 79380 4 12 1020
2321 79500 81420 12 0 1920
2324 61560 62640 14 0 1080
2325 62760 64500 0 1 1740
2326 64620 67380 1 6 2760
2327 67500 68640 6 13 1140
2328 71160 72300 13 6 1140
2329 72420 75180 6 1 2760
2330 75300 77040 1 0 1740
2331 77160 78240 0 14 1080
2332 62280 64260 7 1 1980
2333 64380 68040 1 11 3660
2334 68160 69720 11 16 1560
2335 70800 72360 16 11 1560
2336 72600 76260 11 1 3660
2337 76380 78360 1 7 1980
2338 63960 65220 10 2 1260
2339 65340 67020 2 0 1680
2340 67140 68880 0 1 1740
2341 69000 71760 1 6 2760
2342 71880 74640 6 9 2760
2343 75300 78060 9 6 2760
2344 78180 80940 6 1 2760
2345 81060 82800 1 0 1740
2348 64860 66660 8 3 1800
2349 66780 67680 3 7 900
2350 67800 69780 7 1 1980
2351 69900 71640 1 0 1740
2352 73560 75300 0 1 1740
2353 75420 77400 1 7 1980
2354 77520 78420 7 3 900
2355 78540 80340 3 8 1800
2356 72360 73440 14 0 1080
2357 73560 75300 0 1 1740
2358 75420 78180 1 6 2760
2359 78300 79440 6 13 1140
2360 81960 83100 13 6 1140
2361 83220 85980 6 1 2760
2362 86100 87840 1 0 1740
2364 73080 75060 7 1 1980
2365 75180 78840 1 11 3660
2370 73860 75660 8 3 1800
2371 75780 76680 3 7 900
2372 76800 78780 7 1 1980
2373 78900 80640 1 0 1740
2374 82560 84300 0 1 1740
2378 75720 76680 16 2 960
2379 76800 78480 2 0 1680
2380 78600 80520 0 12 1920
2381 80640 81660 12 4 1020
2382 81780 84720 4 8 2940
2383 84840 85980 8 15 1140
2384 88440 89580 15 8 1140
2385 89700 92640 8 4 2940
2386 92760 93780 4 12 1020
2387 93900 95820 12 0 1920
2390 78360 79620 10 2 1260
2391 79740 81420 2 0 1680
2392 81540 83280 0 1 1740
2393 83400 86160 1 6 2760
2394 86280 89040 6 9 2760
2395 89700 92460 9 6 2760
2396 92580 95340 6 1 2760
2397 95460 97200 1 0 1740
