0 14 18
2 10 21
2 16 16
4 12 17
4 7 27
3 7 15
8 15 19
6 13 19
14 0 18
10 2 21
16 2 16
12 4 17
7 4 27
7 3 15
15 8 19
13 6 19
0 1 29
1 0 29
0 2 28
2 0 28
0 11 28
11 0 28
0 17 20
17 0 20
12 17 10
17 12 10
1 18 13
18 1 13
6 19 9
19 6 9
18 20 10
20 18 10
14 21 12
21 14 12
12 21 16
21 12 16
1 22 36
22 1 36
6 22 8
22 6 8
6 23 7
23 6 7
3 24 18
24 3 18
8 24 10
24 8 10
10 25 11
25 10 11
14 25 11
25 14 11
1 26 8
26 1 8
7 26 23
26 7 23
5 27 12
27 5 12
11 27 11
27 11 11
11 28 15
28 11 15
16 28 9
28 16 9
11 29 24
29 11 24
20 29 8
29 20 8
7 30 27
30 7 27
19 30 6
30 19 6
3 31 31
31 3 31
13 31 9
31 13 9
9 32 24
32 9 24
23 32 11
32 23 11
4 33 7
33 4 7
8 33 40
33 8 40
