0 30540 33240 0 17 2700
1 33360 36960 17 18 3600
2 37740 40440 0 17 2700
3 40560 44160 17 18 3600
4 44940 47640 0 17 2700
5 47760 51360 17 18 3600
6 52140 54840 0 17 2700
7 54960 58560 17 18 3600
8 59340 62040 0 17 2700
9 62160 65760 17 18 3600
10 66540 69240 0 17 2700
11 69360 72960 17 18 3600
12 73740 76440 0 17 2700
13 23160 24540 4 2 1380
14 24660 26040 2 0 1380
15 29880 31260 0 2 1380
16 31500 32880 2 4 1380
17 33000 34320 4 5 1320
18 37080 38460 0 2 1380
19 38700 40080 2 4 1380
20 40200 41520 4 5 1320
21 44280 45660 0 2 1380
22 45900 47280 2 4 1380
23 47400 48720 4 5 1320
24 51480 52860 0 2 1380
25 53100 54480 2 4 1380
26 54600 55920 4 5 1320
27 58680 60060 0 2 1380
28 60300 61680 2 4 1380
29 61800 63120 4 5 1320
30 65880 67260 0 2 1380
31 67500 68880 2 4 1380
32 69000 70320 4 5 1320
33 73080 74460 0 2 1380
34 74700 76080 2 4 1380
35 76200 77520 4 5 1320
36 22800 24120 4 5 1320
37 24240 25800 5 6 1560
38 26040 27000 6 8 960
39 27960 28920 8 6 960
40 29160 30720 6 5 1560
41 30840 32160 5 4 1320
42 32280 33240 4 0 960
43 35160 36120 8 6 960
44 36360 37920 6 5 1560
45 38040 39360 5 4 1320
46 39480 40440 4 0 960
47 42360 43320 8 6 960
48 43560 45120 6 5 1560
49 45240 46560 5 4 1320
50 46680 47640 4 0 960
51 49560 50520 8 6 960
52 50760 52320 6 5 1560
53 52440 53760 5 4 1320
54 53880 54840 4 0 960
55 56760 57720 8 6 960
56 57960 59520 6 5 1560
57 59640 60960 5 4 1320
58 61080 62040 4 0 960
59 63960 64920 8 6 960
60 65160 66720 6 5 1560
61 66840 68160 5 4 1320
62 68280 69240 4 0 960
63 71160 72120 8 6 960
64 72360 73920 6 5 1560
65 74040 75360 5 4 1320
66 75480 76440 4 0 960
67 78360 79320 8 6 960
68 79560 81120 6 5 1560
69 81240 82560 5 4 1320
70 82680 83640 4 0 960
71 22800 26160 4 7 3360
72 28740 32100 7 4 3360
73 32220 33180 4 0 960
74 35940 39300 7 4 3360
75 39420 40380 4 0 960
76 43140 46500 7 4 3360
77 46620 47580 4 0 960
78 50340 53700 7 4 3360
79 53820 54780 4 0 960
80 57540 60900 7 4 3360
81 61020 61980 4 0 960
82 64740 68100 7 4 3360
83 68220 69180 4 0 960
84 71940 75300 7 4 3360
85 75420 76380 4 0 960
86 79140 82500 7 4 3360
87 82620 83580 4 0 960
88 22800 26700 4 13 3900
89 28260 32160 13 4 3900
90 32280 33240 4 0 960
91 35460 39360 13 4 3900
92 39480 40440 4 0 960
93 42660 46560 13 4 3900
94 46680 47640 4 0 960
95 49860 53760 13 4 3900
96 53880 54840 4 0 960
97 57060 60960 13 4 3900
98 61080 62040 4 0 960
99 64260 68160 13 4 3900
100 68280 69240 4 0 960
101 71460 75360 13 4 3900
102 75480 76440 4 0 960
103 78660 82560 13 4 3900
104 82680 83640 4 0 960
105 22800 24120 4 5 1320
106 24240 25260 5 8 1020
107 25380 27060 8 14 1680
108 27900 29580 14 8 1680
109 29700 30720 8 5 1020
110 30840 32160 5 4 1320
111 32280 33240 4 0 960
112 35100 36780 14 8 1680
113 36900 37920 8 5 1020
114 38040 39360 5 4 1320
115 39480 40440 4 0 960
116 42300 43980 14 8 1680
117 44100 45120 8 5 1020
118 45240 46560 5 4 1320
119 46680 47640 4 0 960
120 49500 51180 14 8 1680
121 51300 52320 8 5 1020
122 52440 53760 5 4 1320
123 53880 54840 4 0 960
124 56700 58380 14 8 1680
125 58500 59520 8 5 1020
126 59640 60960 5 4 1320
127 61080 62040 4 0 960
128 63900 65580 14 8 1680
129 65700 66720 8 5 1020
130 66840 68160 5 4 1320
131 68280 69240 4 0 960
132 71100 72780 14 8 1680
133 72900 73920 8 5 1020
134 74040 75360 5 4 1320
135 75480 76440 4 0 960
136 78300 79980 14 8 1680
137 80100 81120 8 5 1020
138 81240 82560 5 4 1320
139 82680 83640 4 0 960
140 30300 32400 1 17 2100
141 32520 34560 17 10 2040
142 34800 35580 10 2 780
143 35700 37080 2 0 1380
144 41100 43200 1 17 2100
145 43320 45360 17 10 2040
146 45600 46380 10 2 780
147 46500 47880 2 0 1380
148 51900 54000 1 17 2100
149 54120 56160 17 10 2040
150 56400 57180 10 2 780
151 57300 58680 2 0 1380
152 62700 64800 1 17 2100
153 64920 66960 17 10 2040
154 67200 67980 10 2 780
155 68100 69480 2 0 1380
156 73500 75600 1 17 2100
157 75720 77760 17 10 2040
158 78000 78780 10 2 780
159 78900 80280 2 0 1380
160 29460 30840 4 2 1380
161 30960 31740 2 10 780
162 31860 33240 10 11 1380
163 36660 38040 4 2 1380
164 38160 38940 2 10 780
165 39060 40440 10 11 1380
166 43860 45240 4 2 1380
167 45360 46140 2 10 780
168 46260 47640 10 11 1380
169 51060 52440 4 2 1380
170 52560 53340 2 10 780
171 53460 54840 10 11 1380
172 58260 59640 4 2 1380
173 59760 60540 2 10 780
174 60660 62040 10 11 1380
175 65460 66840 4 2 1380
176 66960 67740 2 10 780
177 67860 69240 10 11 1380
178 72660 74040 4 2 1380
179 74160 74940 2 10 780
180 75060 76440 10 11 1380
181 24300 25680 4 2 1380
182 25920 27300 2 0 1380
183 28140 29520 0 2 1380
184 29640 31020 2 4 1380
185 31140 32460 4 5 1320
186 32580 33540 5 3 960
187 35340 36720 0 2 1380
188 36840 38220 2 4 1380
189 38340 39660 4 5 1320
190 39780 40740 5 3 960
191 42540 43920 0 2 1380
192 44040 45420 2 4 1380
193 45540 46860 4 5 1320
194 46980 47940 5 3 960
195 49740 51120 0 2 1380
196 51240 52620 2 4 1380
197 52740 54060 4 5 1320
198 54180 55140 5 3 960
199 56940 58320 0 2 1380
200 58440 59820 2 4 1380
201 59940 61260 4 5 1320
202 61380 62340 5 3 960
203 64140 65520 0 2 1380
204 65640 67020 2 4 1380
205 67140 68460 4 5 1320
206 68580 69540 5 3 960
207 71340 72720 0 2 1380
208 72840 74220 2 4 1380
209 74340 75660 4 5 1320
210 75780 76740 5 3 960
211 78540 79920 0 2 1380
212 80040 81420 2 4 1380
213 81540 82860 4 5 1320
214 26040 28680 3 12 2640
215 31560 34200 12 3 2640
216 34440 37020 3 11 2580
217 37140 38520 11 10 1380
218 42360 45000 12 3 2640
219 45240 47820 3 11 2580
220 47940 49320 11 10 1380
221 53160 55800 12 3 2640
222 56040 58620 3 11 2580
223 58740 60120 11 10 1380
224 63960 66600 12 3 2640
225 66840 69420 3 11 2580
226 69540 70920 11 10 1380
227 74760 77400 12 3 2640
228 77640 80220 3 11 2580
229 80340 81720 11 10 1380
230 22980 24300 4 5 1320
231 24420 25380 5 3 960
232 25500 28140 3 12 2640
233 28260 31380 12 19 3120
234 34380 37500 19 12 3120
235 37620 40260 12 3 2640
236 40380 41340 3 5 960
237 41460 42780 5 4 1320
238 42900 43860 4 0 960
239 45180 48300 19 12 3120
240 48420 51060 12 3 2640
241 51180 52140 3 5 960
242 52260 53580 5 4 1320
243 53700 54660 4 0 960
244 55980 59100 19 12 3120
245 59220 61860 12 3 2640
246 61980 62940 3 5 960
247 63060 64380 5 4 1320
248 64500 65460 4 0 960
249 66780 69900 19 12 3120
250 70020 72660 12 3 2640
251 72780 73740 3 5 960
252 73860 75180 5 4 1320
253 75300 76260 4 0 960
254 77580 80700 19 12 3120
255 80820 83460 12 3 2640
256 83580 84540 3 5 960
257 84660 85980 5 4 1320
258 22260 23640 4 2 1380
259 23760 24540 2 10 780
260 24660 26040 10 11 1380
261 28920 30300 11 10 1380
262 30420 31200 10 2 780
263 31320 32700 2 4 1380
264 36120 37500 11 10 1380
265 37620 38400 10 2 780
266 38520 39900 2 4 1380
267 43320 44700 11 10 1380
268 44820 45600 10 2 780
269 45720 47100 2 4 1380
270 50520 51900 11 10 1380
271 52020 52800 10 2 780
272 52920 54300 2 4 1380
273 57720 59100 11 10 1380
274 59220 60000 10 2 780
275 60120 61500 2 4 1380
276 64920 66300 11 10 1380
277 66420 67200 10 2 780
278 67320 68700 2 4 1380
279 72120 73500 11 10 1380
280 73620 74400 10 2 780
281 74520 75900 2 4 1380
282 22260 23640 4 2 1380
283 23760 24540 2 10 780
284 24660 26040 10 11 1380
285 26160 28140 11 12 1980
286 28260 31380 12 19 3120
287 35400 38520 19 12 3120
288 38640 40620 12 11 1980
289 40740 42120 11 10 1380
290 42240 43020 10 2 780
291 43140 44520 2 4 1380
292 46200 49320 19 12 3120
293 49440 51420 12 11 1980
294 51540 52920 11 10 1380
295 53040 53820 10 2 780
296 53940 55320 2 4 1380
297 57000 60120 19 12 3120
298 60240 62220 12 11 1980
299 62340 63720 11 10 1380
300 63840 64620 10 2 780
301 64740 66120 2 4 1380
302 67800 70920 19 12 3120
303 71040 73020 12 11 1980
304 73140 74520 11 10 1380
305 74640 75420 10 2 780
306 75540 76920 2 4 1380
307 78600 81720 19 12 3120
308 81840 83820 12 11 1980
309 83940 85320 11 10 1380
310 85440 86220 10 2 780
311 86340 87720 2 4 1380
312 28260 29040 10 2 780
313 29160 30540 2 4 1380
314 30660 31980 4 5 1320
315 32100 33120 5 8 1020
316 34440 35460 8 5 1020
317 35580 36900 5 4 1320
318 37020 38400 4 2 1380
319 38520 39300 2 10 780
320 39420 41460 10 17 2040
321 41580 45180 17 18 3600
322 48840 49860 8 5 1020
323 49980 51300 5 4 1320
324 51420 52800 4 2 1380
325 52920 53700 2 10 780
326 53820 55860 10 17 2040
327 55980 59580 17 18 3600
328 63240 64260 8 5 1020
329 64380 65700 5 4 1320
330 65820 67200 4 2 1380
331 67320 68100 2 10 780
332 68220 70260 10 17 2040
333 70380 73980 17 18 3600
334 77640 78660 8 5 1020
335 78780 80100 5 4 1320
336 80220 81600 4 2 1380
337 81720 82500 2 10 780
338 29940 31200 7 6 1260
339 31320 32280 6 8 960
340 32400 34080 8 14 1680
341 37140 38400 7 6 1260
342 38520 39480 6 8 960
343 39600 41280 8 14 1680
344 44340 45600 7 6 1260
345 45720 46680 6 8 960
346 46800 48480 8 14 1680
347 51540 52800 7 6 1260
348 52920 53880 6 8 960
349 54000 55680 8 14 1680
350 58740 60000 7 6 1260
351 60120 61080 6 8 960
352 61200 62880 8 14 1680
353 65940 67200 7 6 1260
354 67320 68280 6 8 960
355 68400 70080 8 14 1680
356 73140 74400 7 6 1260
357 74520 75480 6 8 960
358 75600 77280 8 14 1680
359 25440 26760 5 4 1320
360 26880 27840 4 0 960
361 28920 29880 0 4 960
362 30000 31320 4 5 1320
363 31440 33000 5 6 1560
364 33240 34200 6 8 960
365 36120 37080 0 4 960
366 37200 38520 4 5 1320
367 38640 40200 5 6 1560
368 40440 41400 6 8 960
369 43320 44280 0 4 960
370 44400 45720 4 5 1320
371 45840 47400 5 6 1560
372 47640 48600 6 8 960
373 50520 51480 0 4 960
374 51600 52920 4 5 1320
375 53040 54600 5 6 1560
376 54840 55800 6 8 960
377 57720 58680 0 4 960
378 58800 60120 4 5 1320
379 60240 61800 5 6 1560
380 62040 63000 6 8 960
381 64920 65880 0 4 960
382 66000 67320 4 5 1320
383 67440 69000 5 6 1560
384 69240 70200 6 8 960
385 72120 73080 0 4 960
386 73200 74520 4 5 1320
387 74640 76200 5 6 1560
388 76440 77400 6 8 960
389 24300 25680 2 4 1380
390 25800 27120 4 5 1320
391 28920 30240 5 4 1320
392 30360 31740 4 2 1380
393 31860 33240 2 0 1380
394 36120 37440 5 4 1320
395 37560 38940 4 2 1380
396 39060 40440 2 0 1380
397 43320 44640 5 4 1320
398 44760 46140 4 2 1380
399 46260 47640 2 0 1380
400 50520 51840 5 4 1320
401 51960 53340 4 2 1380
402 53460 54840 2 0 1380
403 57720 59040 5 4 1320
404 59160 60540 4 2 1380
405 60660 62040 2 0 1380
406 64920 66240 5 4 1320
407 66360 67740 4 2 1380
408 67860 69240 2 0 1380
409 72120 73440 5 4 1320
410 73560 74940 4 2 1380
411 75060 76440 2 0 1380
412 28020 28980 5 3 960
413 29100 31680 3 11 2580
414 35220 36180 5 3 960
415 36300 38880 3 11 2580
416 42420 43380 5 3 960
417 43500 46080 3 11 2580
418 49620 50580 5 3 960
419 50700 53280 3 11 2580
420 56820 57780 5 3 960
421 57900 60480 3 11 2580
422 64020 64980 5 3 960
423 65100 67680 3 11 2580
424 71220 72180 5 3 960
425 72300 74880 3 11 2580
426 78420 79380 5 3 960
427 79500 82080 3 11 2580
428 29640 31320 14 8 1680
429 31440 32400 8 6 960
430 32520 33780 6 7 1260
431 36840 38520 14 8 1680
432 38640 39600 8 6 960
433 39720 40980 6 7 1260
434 44040 45720 14 8 1680
435 45840 46800 8 6 960
436 46920 48180 6 7 1260
437 51240 52920 14 8 1680
438 53040 54000 8 6 960
439 54120 55380 6 7 1260
440 58440 60120 14 8 1680
441 60240 61200 8 6 960
442 61320 62580 6 7 1260
443 65640 67320 14 8 1680
444 67440 68400 8 6 960
445 68520 69780 6 7 1260
446 72840 74520 14 8 1680
447 74640 75600 8 6 960
448 75720 76980 6 7 1260
449 33120 35220 1 17 2100
450 35340 38940 17 18 3600
451 42120 43800 9 1 1680
452 43920 46020 1 17 2100
453 46140 49740 17 18 3600
454 52920 54600 9 1 1680
455 54720 56820 1 17 2100
456 56940 60540 17 18 3600
457 63720 65400 9 1 1680
458 65520 67620 1 17 2100
459 67740 71340 17 18 3600
460 74520 76200 9 1 1680
461 76320 78420 1 17 2100
462 28260 29640 10 11 1380
463 29760 31740 11 12 1980
464 34800 36780 12 11 1980
465 36900 38280 11 10 1380
466 38400 40440 10 17 2040
467 40560 42660 17 1 2100
468 42780 43620 1 15 840
469 45600 47580 12 11 1980
470 47700 49080 11 10 1380
471 49200 51240 10 17 2040
472 51360 53460 17 1 2100
473 53580 54420 1 15 840
474 56400 58380 12 11 1980
475 58500 59880 11 10 1380
476 60000 62040 10 17 2040
477 62160 64260 17 1 2100
478 64380 65220 1 15 840
479 67200 69180 12 11 1980
480 69300 70680 11 10 1380
481 70800 72840 10 17 2040
482 72960 75060 17 1 2100
483 75180 76020 1 15 840
484 78000 79980 12 11 1980
485 80100 81480 11 10 1380
486 27600 28380 10 2 780
487 28500 29880 2 0 1380
488 32520 33900 0 2 1380
489 34020 34800 2 10 780
490 35040 37080 10 17 2040
491 37200 39300 17 1 2100
492 43320 44700 0 2 1380
493 44820 45600 2 10 780
494 45840 47880 10 17 2040
495 48000 50100 17 1 2100
496 54120 55500 0 2 1380
497 55620 56400 2 10 780
498 56640 58680 10 17 2040
499 58800 60900 17 1 2100
500 64920 66300 0 2 1380
501 66420 67200 2 10 780
502 67440 69480 10 17 2040
503 69600 71700 17 1 2100
504 75720 77100 0 2 1380
505 77220 78000 2 10 780
506 78240 80280 10 17 2040
507 80400 82500 17 1 2100
508 34260 36120 16 9 1860
509 36240 39600 9 17 3360
510 39720 41760 17 10 2040
511 41880 42660 10 2 780
512 45060 46920 16 9 1860
513 47040 50400 9 17 3360
514 50520 52560 17 10 2040
515 52680 53460 10 2 780
516 55860 57720 16 9 1860
517 57840 61200 9 17 3360
518 61320 63360 17 10 2040
519 63480 64260 10 2 780
520 66660 68520 16 9 1860
521 68640 72000 9 17 3360
522 72120 74160 17 10 2040
523 74280 75060 10 2 780
524 77460 79320 16 9 1860
525 34980 35820 15 1 840
526 35940 38820 1 0 2880
527 42180 43020 15 1 840
528 43140 46020 1 0 2880
529 49380 50220 15 1 840
530 50340 53220 1 0 2880
531 56580 57420 15 1 840
532 57540 60420 1 0 2880
533 63780 64620 15 1 840
534 64740 67620 1 0 2880
535 70980 71820 15 1 840
536 71940 74820 1 0 2880
537 78180 79020 15 1 840
538 79140 82020 1 0 2880
539 34140 35820 9 1 1680
540 35940 38820 1 0 2880
541 42960 44820 16 9 1860
542 44940 46620 9 1 1680
543 46740 49620 1 0 2880
544 53760 55620 16 9 1860
545 55740 57420 9 1 1680
546 57540 60420 1 0 2880
547 64560 66420 16 9 1860
548 66540 68220 9 1 1680
549 68340 71220 1 0 2880
550 75360 77220 16 9 1860
551 77340 79020 9 1 1680
552 79140 82020 1 0 2880
553 36120 38820 17 0 2700
554 39600 43200 18 17 3600
555 43320 46020 17 0 2700
556 46800 50400 18 17 3600
557 50520 53220 17 0 2700
558 54000 57600 18 17 3600
559 57720 60420 17 0 2700
560 61200 64800 18 17 3600
561 64920 67620 17 0 2700
562 68400 72000 18 17 3600
563 72120 74820 17 0 2700
564 75600 79200 18 17 3600
565 79320 82020 17 0 2700
566 27600 28980 7 13 1380
567 31260 32640 13 7 1380
568 32760 34020 7 6 1260
569 34140 35700 6 5 1560
570 35820 36780 5 3 960
571 38460 39840 13 7 1380
572 39960 41220 7 6 1260
573 41340 42900 6 5 1560
574 43020 43980 5 3 960
575 45660 47040 13 7 1380
576 47160 48420 7 6 1260
577 48540 50100 6 5 1560
578 50220 51180 5 3 960
579 52860 54240 13 7 1380
580 54360 55620 7 6 1260
581 55740 57300 6 5 1560
582 57420 58380 5 3 960
583 60060 61440 13 7 1380
584 61560 62820 7 6 1260
585 62940 64500 6 5 1560
586 64620 65580 5 3 960
587 67260 68640 13 7 1380
588 68760 70020 7 6 1260
589 70140 71700 6 5 1560
590 71820 72780 5 3 960
591 74460 75840 13 7 1380
592 75960 77220 7 6 1260
593 77340 78900 6 5 1560
594 79020 79980 5 3 960
595 29460 30420 3 5 960
596 30540 31560 5 8 1020
597 31680 32640 8 6 960
598 32760 34020 6 7 1260
599 34260 35640 7 13 1380
600 39060 40440 13 7 1380
601 40560 41820 7 6 1260
602 41940 42900 6 8 960
603 43020 44040 8 5 1020
604 44160 45120 5 3 960
605 45240 47880 3 12 2640
606 48000 51120 12 19 3120
607 53460 54840 13 7 1380
608 54960 56220 7 6 1260
609 56340 57300 6 8 960
610 57420 58440 8 5 1020
611 58560 59520 5 3 960
612 59640 62280 3 12 2640
613 62400 65520 12 19 3120
614 67860 69240 13 7 1380
615 69360 70620 7 6 1260
616 70740 71700 6 8 960
617 71820 72840 8 5 1020
618 72960 73920 5 3 960
619 74040 76680 3 12 2640
620 31080 31860 10 2 780
621 33900 34680 2 10 780
622 34800 36840 10 17 2040
623 36960 40320 17 9 3360
624 40440 42300 9 16 1860
625 44700 45480 2 10 780
626 45600 47640 10 17 2040
627 47760 51120 17 9 3360
628 51240 53100 9 16 1860
629 55500 56280 2 10 780
630 56400 58440 10 17 2040
631 58560 61920 17 9 3360
632 62040 63900 9 16 1860
633 66300 67080 2 10 780
634 67200 69240 10 17 2040
635 69360 72720 17 9 3360
636 72840 74700 9 16 1860
637 77100 77880 2 10 780
638 78000 80040 10 17 2040
639 24600 25920 4 5 1320
640 26040 27600 5 6 1560
641 27840 28800 6 8 960
642 29760 30720 8 6 960
643 30960 32520 6 5 1560
644 32640 33960 5 4 1320
645 34080 35040 4 0 960
646 36960 37920 8 6 960
647 38160 39720 6 5 1560
648 39840 41160 5 4 1320
649 41280 42240 4 0 960
650 44160 45120 8 6 960
651 45360 46920 6 5 1560
652 47040 48360 5 4 1320
653 48480 49440 4 0 960
654 51360 52320 8 6 960
655 52560 54120 6 5 1560
656 54240 55560 5 4 1320
657 55680 56640 4 0 960
658 58560 59520 8 6 960
659 59760 61320 6 5 1560
660 61440 62760 5 4 1320
661 62880 63840 4 0 960
662 65760 66720 8 6 960
663 66960 68520 6 5 1560
664 68640 69960 5 4 1320
665 70080 71040 4 0 960
666 72960 73920 8 6 960
667 74160 75720 6 5 1560
668 75840 77160 5 4 1320
669 77280 78240 4 0 960
670 29580 30540 3 5 960
671 30660 31980 5 4 1320
672 32100 33060 4 0 960
673 36300 37260 0 4 960
674 37380 38700 4 5 1320
675 38820 39780 5 3 960
676 39900 42540 3 12 2640
677 42660 45780 12 19 3120
678 47100 48060 0 4 960
679 48180 49500 4 5 1320
680 49620 50580 5 3 960
681 50700 53340 3 12 2640
682 53460 56580 12 19 3120
683 57900 58860 0 4 960
684 58980 60300 4 5 1320
685 60420 61380 5 3 960
686 61500 64140 3 12 2640
687 64260 67380 12 19 3120
688 68700 69660 0 4 960
689 69780 71100 4 5 1320
690 71220 72180 5 3 960
691 72300 74940 3 12 2640
692 24780 26100 5 4 1320
693 26220 27600 4 2 1380
694 27720 28500 2 10 780
695 28620 30660 10 17 2040
696 30780 34380 17 18 3600
697 36780 40380 18 17 3600
698 40500 42540 17 10 2040
699 42660 43440 10 2 780
700 43560 44940 2 4 1380
701 45060 46380 4 5 1320
702 46500 47520 5 8 1020
703 51180 54780 18 17 3600
704 54900 56940 17 10 2040
705 57060 57840 10 2 780
706 57960 59340 2 4 1380
707 59460 60780 4 5 1320
708 60900 61920 5 8 1020
709 65580 69180 18 17 3600
710 69300 71340 17 10 2040
711 71460 72240 10 2 780
712 72360 73740 2 4 1380
713 73860 75180 4 5 1320
714 75300 76320 5 8 1020
715 27600 29640 10 17 2040
716 29760 31860 17 1 2100
717 31980 32820 1 15 840
718 33720 34560 15 1 840
719 34680 36780 1 17 2100
720 36900 38940 17 10 2040
721 39060 40440 10 11 1380
722 40560 42540 11 12 1980
723 44520 45360 15 1 840
724 45480 47580 1 17 2100
725 47700 49740 17 10 2040
726 49860 51240 10 11 1380
727 51360 53340 11 12 1980
728 55320 56160 15 1 840
729 56280 58380 1 17 2100
730 58500 60540 17 10 2040
731 60660 62040 10 11 1380
732 62160 64140 11 12 1980
733 66120 66960 15 1 840
734 67080 69180 1 17 2100
735 69300 71340 17 10 2040
736 71460 72840 10 11 1380
737 72960 74940 11 12 1980
738 76920 77760 15 1 840
739 77880 79980 1 17 2100
740 80100 82140 17 10 2040
741 26940 28500 6 5 1560
742 28620 29580 5 3 960
743 30660 31620 3 5 960
744 31740 33300 5 6 1560
745 33420 34680 6 7 1260
746 34800 36180 7 13 1380
747 37860 38820 3 5 960
748 38940 40500 5 6 1560
749 40620 41880 6 7 1260
750 42000 43380 7 13 1380
751 45060 46020 3 5 960
752 46140 47700 5 6 1560
753 47820 49080 6 7 1260
754 49200 50580 7 13 1380
755 52260 53220 3 5 960
756 53340 54900 5 6 1560
757 55020 56280 6 7 1260
758 56400 57780 7 13 1380
759 59460 60420 3 5 960
760 60540 62100 5 6 1560
761 62220 63480 6 7 1260
762 63600 64980 7 13 1380
763 66660 67620 3 5 960
764 67740 69300 5 6 1560
765 69420 70680 6 7 1260
766 70800 72180 7 13 1380
767 73860 74820 3 5 960
768 74940 76500 5 6 1560
769 76620 77880 6 7 1260
770 28920 29880 0 4 960
771 32280 33240 4 0 960
772 33360 36240 0 1 2880
773 36360 38040 1 9 1680
774 39480 40440 4 0 960
775 40560 43440 0 1 2880
776 43560 45240 1 9 1680
777 46680 47640 4 0 960
778 47760 50640 0 1 2880
779 50760 52440 1 9 1680
780 53880 54840 4 0 960
781 54960 57840 0 1 2880
782 57960 59640 1 9 1680
783 61080 62040 4 0 960
784 62160 65040 0 1 2880
785 65160 66840 1 9 1680
786 68280 69240 4 0 960
787 69360 72240 0 1 2880
788 72360 74040 1 9 1680
789 75480 76440 4 0 960
790 76560 79440 0 1 2880
791 37380 39480 17 1 2100
792 39600 41280 1 9 1680
793 44460 48060 18 17 3600
794 48180 50280 17 1 2100
795 50400 52080 1 9 1680
796 55260 58860 18 17 3600
797 58980 61080 17 1 2100
798 61200 62880 1 9 1680
799 66060 69660 18 17 3600
800 69780 71880 17 1 2100
801 72000 73680 1 9 1680
802 76860 80460 18 17 3600
803 80580 82680 17 1 2100
804 30540 33420 0 1 2880
805 33540 34380 1 15 840
806 37740 40620 0 1 2880
807 40740 41580 1 15 840
808 44940 47820 0 1 2880
809 47940 48780 1 15 840
810 52140 55020 0 1 2880
811 55140 55980 1 15 840
812 59340 62220 0 1 2880
813 62340 63180 1 15 840
814 66540 69420 0 1 2880
815 69540 70380 1 15 840
816 73740 76620 0 1 2880
817 76740 77580 1 15 840
818 26100 27120 8 5 1020
819 27240 28560 5 4 1320
820 28680 29640 4 0 960
821 32520 33480 0 4 960
822 33600 34920 4 5 1320
823 35040 36060 5 8 1020
824 36180 37860 8 14 1680
825 39720 40680 0 4 960
826 40800 42120 4 5 1320
827 42240 43260 5 8 1020
828 43380 45060 8 14 1680
829 46920 47880 0 4 960
830 48000 49320 4 5 1320
831 49440 50460 5 8 1020
832 50580 52260 8 14 1680
833 54120 55080 0 4 960
834 55200 56520 4 5 1320
835 56640 57660 5 8 1020
836 57780 59460 8 14 1680
837 61320 62280 0 4 960
838 62400 63720 4 5 1320
839 63840 64860 5 8 1020
840 64980 66660 8 14 1680
841 68520 69480 0 4 960
842 69600 70920 4 5 1320
843 71040 72060 5 8 1020
844 72180 73860 8 14 1680
845 75720 76680 0 4 960
846 76800 78120 4 5 1320
847 78240 79260 5 8 1020
848 26100 27120 8 5 1020
849 27240 28560 5 4 1320
850 28680 29640 4 0 960
851 29760 32640 0 1 2880
852 32760 33600 1 15 840
853 33720 35760 15 9 2040
854 35880 37740 9 16 1860
855 39000 40860 16 9 1860
856 40980 43020 9 15 2040
857 43140 43980 15 1 840
858 44100 46980 1 0 2880
859 47100 48060 0 4 960
860 48180 49500 4 5 1320
861 49620 50640 5 8 1020
862 50760 52440 8 14 1680
863 53400 55260 16 9 1860
864 55380 57420 9 15 2040
865 57540 58380 15 1 840
866 58500 61380 1 0 2880
867 61500 62460 0 4 960
868 62580 63900 4 5 1320
869 64020 65040 5 8 1020
870 65160 66840 8 14 1680
871 67800 69660 16 9 1860
872 69780 71820 9 15 2040
873 71940 72780 15 1 840
874 72900 75780 1 0 2880
875 75900 76860 0 4 960
876 76980 78300 4 5 1320
877 78420 79440 5 8 1020
878 27240 28560 5 4 1320
879 28680 29640 4 0 960
880 30720 31680 0 4 960
881 31800 33120 4 5 1320
882 33240 34800 5 6 1560
883 35040 36000 6 8 960
884 37920 38880 0 4 960
885 39000 40320 4 5 1320
886 40440 42000 5 6 1560
887 42240 43200 6 8 960
888 45120 46080 0 4 960
889 46200 47520 4 5 1320
890 47640 49200 5 6 1560
891 49440 50400 6 8 960
892 52320 53280 0 4 960
893 53400 54720 4 5 1320
894 54840 56400 5 6 1560
895 56640 57600 6 8 960
896 59520 60480 0 4 960
897 60600 61920 4 5 1320
898 62040 63600 5 6 1560
899 63840 64800 6 8 960
900 66720 67680 0 4 960
901 67800 69120 4 5 1320
902 69240 70800 5 6 1560
903 71040 72000 6 8 960
904 73920 74880 0 4 960
905 75000 76320 4 5 1320
906 76440 78000 5 6 1560
907 78240 79200 6 8 960
908 27240 29820 3 11 2580
909 29940 31320 11 10 1380
910 32640 34020 10 11 1380
911 34140 36720 11 3 2580
912 36840 39480 3 12 2640
913 43440 44820 10 11 1380
914 44940 47520 11 3 2580
915 47640 50280 3 12 2640
916 54240 55620 10 11 1380
917 55740 58320 11 3 2580
918 58440 61080 3 12 2640
919 65040 66420 10 11 1380
920 66540 69120 11 3 2580
921 69240 71880 3 12 2640
922 75840 77220 10 11 1380
923 77340 79920 11 3 2580
924 29880 32460 11 3 2580
925 32580 33540 3 5 960
926 37080 39660 11 3 2580
927 39780 40740 3 5 960
928 44280 46860 11 3 2580
929 46980 47940 3 5 960
930 51480 54060 11 3 2580
931 54180 55140 3 5 960
932 58680 61260 11 3 2580
933 61380 62340 3 5 960
934 65880 68460 11 3 2580
935 68580 69540 3 5 960
936 73080 75660 11 3 2580
937 75780 76740 3 5 960
938 26040 27420 2 4 1380
939 27540 28860 4 5 1320
940 28980 29940 5 3 960
941 32580 33540 3 5 960
942 33660 34980 5 4 1320
943 35100 36480 4 2 1380
944 36720 38100 2 0 1380
945 39780 40740 3 5 960
946 40860 42180 5 4 1320
947 42300 43680 4 2 1380
948 43920 45300 2 0 1380
949 46980 47940 3 5 960
950 48060 49380 5 4 1320
951 49500 50880 4 2 1380
952 51120 52500 2 0 1380
953 54180 55140 3 5 960
954 55260 56580 5 4 1320
955 56700 58080 4 2 1380
956 58320 59700 2 0 1380
957 61380 62340 3 5 960
958 62460 63780 5 4 1320
959 63900 65280 4 2 1380
960 65520 66900 2 0 1380
961 68580 69540 3 5 960
962 69660 70980 5 4 1320
963 71100 72480 4 2 1380
964 72720 74100 2 0 1380
965 75780 76740 3 5 960
966 76860 78180 5 4 1320
967 78300 79680 4 2 1380
968 79920 81300 2 0 1380
969 29940 31320 11 10 1380
970 31440 32220 10 2 780
971 32340 33720 2 4 1380
972 36660 38040 4 2 1380
973 38160 38940 2 10 780
974 39060 40440 10 11 1380
975 40560 42540 11 12 1980
976 42660 45780 12 19 3120
977 47460 48840 4 2 1380
978 48960 49740 2 10 780
979 49860 51240 10 11 1380
980 51360 53340 11 12 1980
981 53460 56580 12 19 3120
982 58260 59640 4 2 1380
983 59760 60540 2 10 780
984 60660 62040 10 11 1380
985 62160 64140 11 12 1980
986 64260 67380 12 19 3120
987 69060 70440 4 2 1380
988 70560 71340 2 10 780
989 71460 72840 10 11 1380
990 72960 74940 11 12 1980
991 29700 32580 1 0 2880
992 32700 33660 0 4 960
993 33780 35100 4 5 1320
994 35220 36240 5 8 1020
995 36360 38040 8 14 1680
996 38700 40380 14 8 1680
997 40500 41520 8 5 1020
998 41640 42960 5 4 1320
999 43080 44040 4 0 960
1000 44160 47040 0 1 2880
1001 47160 48000 1 15 840
1002 48120 50160 15 9 2040
1003 50280 52140 9 16 1860
1004 53100 54780 14 8 1680
1005 54900 55920 8 5 1020
1006 56040 57360 5 4 1320
1007 57480 58440 4 0 960
1008 58560 61440 0 1 2880
1009 61560 62400 1 15 840
1010 62520 64560 15 9 2040
1011 64680 66540 9 16 1860
1012 67500 69180 14 8 1680
1013 69300 70320 8 5 1020
1014 70440 71760 5 4 1320
1015 71880 72840 4 0 960
1016 72960 75840 0 1 2880
1017 75960 76800 1 15 840
1018 76920 78960 15 9 2040
1019 28680 29640 4 0 960
1020 32520 33480 0 4 960
1021 33600 37500 4 13 3900
1022 39720 40680 0 4 960
1023 40800 44700 4 13 3900
1024 46920 47880 0 4 960
1025 48000 51900 4 13 3900
1026 54120 55080 0 4 960
1027 55200 59100 4 13 3900
1028 61320 62280 0 4 960
1029 62400 66300 4 13 3900
1030 68520 69480 0 4 960
1031 69600 73500 4 13 3900
1032 75720 76680 0 4 960
1033 27540 28500 6 8 960
1034 28620 29640 8 5 1020
1035 29760 30720 5 3 960
1036 30840 33480 3 12 2640
1037 33600 36720 12 19 3120
1038 37860 40980 19 12 3120
1039 41100 43740 12 3 2640
1040 43860 44820 3 5 960
1041 44940 45960 5 8 1020
1042 46080 47040 8 6 960
1043 47160 48420 6 7 1260
1044 48660 50040 7 13 1380
1045 52260 55380 19 12 3120
1046 55500 58140 12 3 2640
1047 58260 59220 3 5 960
1048 59340 60360 5 8 1020
1049 60480 61440 8 6 960
1050 61560 62820 6 7 1260
1051 63060 64440 7 13 1380
1052 66660 69780 19 12 3120
1053 69900 72540 12 3 2640
1054 72660 73620 3 5 960
1055 73740 74760 5 8 1020
1056 74880 75840 8 6 960
1057 75960 77220 6 7 1260
1058 34140 37020 0 1 2880
1059 37140 38820 1 9 1680
1060 38940 40800 9 16 1860
1061 44940 47820 0 1 2880
1062 47940 49620 1 9 1680
1063 49740 51600 9 16 1860
1064 55740 58620 0 1 2880
1065 58740 60420 1 9 1680
1066 60540 62400 9 16 1860
1067 66540 69420 0 1 2880
1068 69540 71220 1 9 1680
1069 71340 73200 9 16 1860
1070 77340 80220 0 1 2880
1071 25080 26040 4 0 960
1072 26160 29040 0 1 2880
1073 29160 30840 1 9 1680
1074 34920 36600 9 1 1680
1075 36720 39600 1 0 2880
1076 39720 40680 0 4 960
1077 42120 43800 9 1 1680
1078 43920 46800 1 0 2880
1079 46920 47880 0 4 960
1080 49320 51000 9 1 1680
1081 51120 54000 1 0 2880
1082 54120 55080 0 4 960
1083 56520 58200 9 1 1680
1084 58320 61200 1 0 2880
1085 61320 62280 0 4 960
1086 63720 65400 9 1 1680
1087 65520 68400 1 0 2880
1088 68520 69480 0 4 960
1089 70920 72600 9 1 1680
1090 72720 75600 1 0 2880
1091 75720 76680 0 4 960
1092 78120 79800 9 1 1680
1093 79920 82800 1 0 2880
1094 82920 83880 0 4 960
1095 28620 29580 4 0 960
1096 32520 33480 0 4 960
1097 33600 36960 4 7 3360
1098 39720 40680 0 4 960
1099 40800 44160 4 7 3360
1100 46920 47880 0 4 960
1101 48000 51360 4 7 3360
1102 54120 55080 0 4 960
1103 55200 58560 4 7 3360
1104 61320 62280 0 4 960
1105 62400 65760 4 7 3360
1106 68520 69480 0 4 960
1107 69600 72960 4 7 3360
1108 75720 76680 0 4 960
1109 34140 36840 0 17 2700
1110 36960 40560 17 18 3600
1111 41340 44040 0 17 2700
1112 44160 47760 17 18 3600
1113 48540 51240 0 17 2700
1114 51360 54960 17 18 3600
1115 55740 58440 0 17 2700
1116 58560 62160 17 18 3600
1117 62940 65640 0 17 2700
1118 65760 69360 17 18 3600
1119 70140 72840 0 17 2700
1120 72960 76560 17 18 3600
1121 77340 80040 0 17 2700
1122 25320 26640 5 4 1320
1123 26760 28140 4 2 1380
1124 28260 29640 2 0 1380
1125 33480 34860 0 2 1380
1126 35100 36480 2 4 1380
1127 36600 37920 4 5 1320
1128 40680 42060 0 2 1380
1129 42300 43680 2 4 1380
1130 43800 45120 4 5 1320
1131 47880 49260 0 2 1380
1132 49500 50880 2 4 1380
1133 51000 52320 4 5 1320
1134 55080 56460 0 2 1380
1135 56700 58080 2 4 1380
1136 58200 59520 4 5 1320
1137 62280 63660 0 2 1380
1138 63900 65280 2 4 1380
1139 65400 66720 4 5 1320
1140 69480 70860 0 2 1380
1141 71100 72480 2 4 1380
1142 72600 73920 4 5 1320
1143 76680 78060 0 2 1380
1144 78300 79680 2 4 1380
1145 79800 81120 4 5 1320
1146 26400 27720 4 5 1320
1147 27840 29400 5 6 1560
1148 29640 30600 6 8 960
1149 31560 32520 8 6 960
1150 32760 34320 6 5 1560
1151 34440 35760 5 4 1320
1152 35880 36840 4 0 960
1153 38760 39720 8 6 960
1154 39960 41520 6 5 1560
1155 41640 42960 5 4 1320
1156 43080 44040 4 0 960
1157 45960 46920 8 6 960
1158 47160 48720 6 5 1560
1159 48840 50160 5 4 1320
1160 50280 51240 4 0 960
1161 53160 54120 8 6 960
1162 54360 55920 6 5 1560
1163 56040 57360 5 4 1320
1164 57480 58440 4 0 960
1165 60360 61320 8 6 960
1166 61560 63120 6 5 1560
1167 63240 64560 5 4 1320
1168 64680 65640 4 0 960
1169 67560 68520 8 6 960
1170 68760 70320 6 5 1560
1171 70440 71760 5 4 1320
1172 71880 72840 4 0 960
1173 74760 75720 8 6 960
1174 75960 77520 6 5 1560
1175 77640 78960 5 4 1320
1176 79080 80040 4 0 960
1177 26400 29760 4 7 3360
1178 32340 35700 7 4 3360
1179 35820 36780 4 0 960
1180 39540 42900 7 4 3360
1181 43020 43980 4 0 960
1182 46740 50100 7 4 3360
1183 50220 51180 4 0 960
1184 53940 57300 7 4 3360
1185 57420 58380 4 0 960
1186 61140 64500 7 4 3360
1187 64620 65580 4 0 960
1188 68340 71700 7 4 3360
1189 71820 72780 4 0 960
1190 75540 78900 7 4 3360
1191 79020 79980 4 0 960
1192 26400 30300 4 13 3900
1193 31860 35760 13 4 3900
1194 35880 36840 4 0 960
1195 39060 42960 13 4 3900
1196 43080 44040 4 0 960
1197 46260 50160 13 4 3900
1198 50280 51240 4 0 960
1199 53460 57360 13 4 3900
1200 57480 58440 4 0 960
1201 60660 64560 13 4 3900
1202 64680 65640 4 0 960
1203 67860 71760 13 4 3900
1204 71880 72840 4 0 960
1205 75060 78960 13 4 3900
1206 79080 80040 4 0 960
1207 26400 27720 4 5 1320
1208 27840 28860 5 8 1020
1209 28980 30660 8 14 1680
1210 31500 33180 14 8 1680
1211 33300 34320 8 5 1020
1212 34440 35760 5 4 1320
1213 35880 36840 4 0 960
1214 38700 40380 14 8 1680
1215 40500 41520 8 5 1020
1216 41640 42960 5 4 1320
1217 43080 44040 4 0 960
1218 45900 47580 14 8 1680
1219 47700 48720 8 5 1020
1220 48840 50160 5 4 1320
1221 50280 51240 4 0 960
1222 53100 54780 14 8 1680
1223 54900 55920 8 5 1020
1224 56040 57360 5 4 1320
1225 57480 58440 4 0 960
1226 60300 61980 14 8 1680
1227 62100 63120 8 5 1020
1228 63240 64560 5 4 1320
1229 64680 65640 4 0 960
1230 67500 69180 14 8 1680
1231 69300 70320 8 5 1020
1232 70440 71760 5 4 1320
1233 71880 72840 4 0 960
1234 74700 76380 14 8 1680
1235 76500 77520 8 5 1020
1236 77640 78960 5 4 1320
1237 79080 80040 4 0 960
1238 26820 27600 2 10 780
1239 27840 29880 10 17 2040
1240 30000 32100 17 1 2100
1241 33900 36000 1 17 2100
1242 36120 38160 17 10 2040
1243 38400 39180 10 2 780
1244 39300 40680 2 0 1380
1245 44700 46800 1 17 2100
1246 46920 48960 17 10 2040
1247 49200 49980 10 2 780
1248 50100 51480 2 0 1380
1249 55500 57600 1 17 2100
1250 57720 59760 17 10 2040
1251 60000 60780 10 2 780
1252 60900 62280 2 0 1380
1253 66300 68400 1 17 2100
1254 68520 70560 17 10 2040
1255 70800 71580 10 2 780
1256 71700 73080 2 0 1380
1257 77100 79200 1 17 2100
1258 79320 81360 17 10 2040
1259 81600 82380 10 2 780
1260 82500 83880 2 0 1380
1261 26820 27600 10 2 780
1262 27720 29100 2 4 1380
1263 33060 34440 4 2 1380
1264 34560 35340 2 10 780
1265 35460 36840 10 11 1380
1266 40260 41640 4 2 1380
1267 41760 42540 2 10 780
1268 42660 44040 10 11 1380
1269 47460 48840 4 2 1380
1270 48960 49740 2 10 780
1271 49860 51240 10 11 1380
1272 54660 56040 4 2 1380
1273 56160 56940 2 10 780
1274 57060 58440 10 11 1380
1275 61860 63240 4 2 1380
1276 63360 64140 2 10 780
1277 64260 65640 10 11 1380
1278 69060 70440 4 2 1380
1279 70560 71340 2 10 780
1280 71460 72840 10 11 1380
1281 76260 77640 4 2 1380
1282 77760 78540 2 10 780
1283 78660 80040 10 11 1380
1284 26460 27780 5 4 1320
1285 27900 29280 4 2 1380
1286 29520 30900 2 0 1380
1287 31740 33120 0 2 1380
1288 33240 34620 2 4 1380
1289 34740 36060 4 5 1320
1290 36180 37140 5 3 960
1291 38940 40320 0 2 1380
1292 40440 41820 2 4 1380
1293 41940 43260 4 5 1320
1294 43380 44340 5 3 960
1295 46140 47520 0 2 1380
1296 47640 49020 2 4 1380
1297 49140 50460 4 5 1320
1298 50580 51540 5 3 960
1299 53340 54720 0 2 1380
1300 54840 56220 2 4 1380
1301 56340 57660 4 5 1320
1302 57780 58740 5 3 960
1303 60540 61920 0 2 1380
1304 62040 63420 2 4 1380
1305 63540 64860 4 5 1320
1306 64980 65940 5 3 960
1307 67740 69120 0 2 1380
1308 69240 70620 2 4 1380
1309 70740 72060 4 5 1320
1310 72180 73140 5 3 960
1311 74940 76320 0 2 1380
1312 76440 77820 2 4 1380
1313 77940 79260 4 5 1320
1314 79380 80340 5 3 960
1315 25440 26820 10 11 1380
1316 26940 29520 11 3 2580
1317 29640 32280 3 12 2640
1318 35160 37800 12 3 2640
1319 38040 40620 3 11 2580
1320 40740 42120 11 10 1380
1321 45960 48600 12 3 2640
1322 48840 51420 3 11 2580
1323 51540 52920 11 10 1380
1324 56760 59400 12 3 2640
1325 59640 62220 3 11 2580
1326 62340 63720 11 10 1380
1327 67560 70200 12 3 2640
1328 70440 73020 3 11 2580
1329 73140 74520 11 10 1380
1330 78360 81000 12 3 2640
1331 26580 27900 4 5 1320
1332 28020 28980 5 3 960
1333 29100 31740 3 12 2640
1334 31860 34980 12 19 3120
1335 37980 41100 19 12 3120
1336 41220 43860 12 3 2640
1337 43980 44940 3 5 960
1338 45060 46380 5 4 1320
1339 46500 47460 4 0 960
1340 48780 51900 19 12 3120
1341 52020 54660 12 3 2640
1342 54780 55740 3 5 960
1343 55860 57180 5 4 1320
1344 57300 58260 4 0 960
1345 59580 62700 19 12 3120
1346 62820 65460 12 3 2640
1347 65580 66540 3 5 960
1348 66660 67980 5 4 1320
1349 68100 69060 4 0 960
1350 70380 73500 19 12 3120
1351 73620 76260 12 3 2640
1352 76380 77340 3 5 960
1353 77460 78780 5 4 1320
1354 78900 79860 4 0 960
1355 25860 27240 4 2 1380
1356 27360 28140 2 10 780
1357 28260 29640 10 11 1380
1358 32520 33900 11 10 1380
1359 34020 34800 10 2 780
1360 34920 36300 2 4 1380
1361 39720 41100 11 10 1380
1362 41220 42000 10 2 780
1363 42120 43500 2 4 1380
1364 46920 48300 11 10 1380
1365 48420 49200 10 2 780
1366 49320 50700 2 4 1380
1367 54120 55500 11 10 1380
1368 55620 56400 10 2 780
1369 56520 57900 2 4 1380
1370 61320 62700 11 10 1380
1371 62820 63600 10 2 780
1372 63720 65100 2 4 1380
1373 68520 69900 11 10 1380
1374 70020 70800 10 2 780
1375 70920 72300 2 4 1380
1376 75720 77100 11 10 1380
1377 77220 78000 10 2 780
1378 78120 79500 2 4 1380
1379 25860 27240 4 2 1380
1380 27360 28140 2 10 780
1381 28260 29640 10 11 1380
1382 29760 31740 11 12 1980
1383 31860 34980 12 19 3120
1384 39000 42120 19 12 3120
1385 42240 44220 12 11 1980
1386 44340 45720 11 10 1380
1387 45840 46620 10 2 780
1388 46740 48120 2 4 1380
1389 49800 52920 19 12 3120
1390 53040 55020 12 11 1980
1391 55140 56520 11 10 1380
1392 56640 57420 10 2 780
1393 57540 58920 2 4 1380
1394 60600 63720 19 12 3120
1395 63840 65820 12 11 1980
1396 65940 67320 11 10 1380
1397 67440 68220 10 2 780
1398 68340 69720 2 4 1380
1399 71400 74520 19 12 3120
1400 74640 76620 12 11 1980
1401 76740 78120 11 10 1380
1402 78240 79020 10 2 780
1403 79140 80520 2 4 1380
1404 31860 32640 10 2 780
1405 32760 34140 2 4 1380
1406 34260 35580 4 5 1320
1407 35700 36720 5 8 1020
1408 38040 39060 8 5 1020
1409 39180 40500 5 4 1320
1410 40620 42000 4 2 1380
1411 42120 42900 2 10 780
1412 43020 45060 10 17 2040
1413 45180 48780 17 18 3600
1414 52440 53460 8 5 1020
1415 53580 54900 5 4 1320
1416 55020 56400 4 2 1380
1417 56520 57300 2 10 780
1418 57420 59460 10 17 2040
1419 59580 63180 17 18 3600
1420 66840 67860 8 5 1020
1421 67980 69300 5 4 1320
1422 69420 70800 4 2 1380
1423 70920 71700 2 10 780
1424 71820 73860 10 17 2040
1425 73980 77580 17 18 3600
1426 27840 28800 8 6 960
1427 28920 30180 6 7 1260
1428 33540 34800 7 6 1260
1429 34920 35880 6 8 960
1430 36000 37680 8 14 1680
1431 40740 42000 7 6 1260
1432 42120 43080 6 8 960
1433 43200 44880 8 14 1680
1434 47940 49200 7 6 1260
1435 49320 50280 6 8 960
1436 50400 52080 8 14 1680
1437 55140 56400 7 6 1260
1438 56520 57480 6 8 960
1439 57600 59280 8 14 1680
1440 62340 63600 7 6 1260
1441 63720 64680 6 8 960
1442 64800 66480 8 14 1680
1443 69540 70800 7 6 1260
1444 70920 71880 6 8 960
1445 72000 73680 8 14 1680
1446 76740 78000 7 6 1260
1447 78120 79080 6 8 960
1448 26160 27120 8 6 960
1449 27360 28920 6 5 1560
1450 29040 30360 5 4 1320
1451 30480 31440 4 0 960
1452 32520 33480 0 4 960
1453 33600 34920 4 5 1320
1454 35040 36600 5 6 1560
1455 36840 37800 6 8 960
1456 39720 40680 0 4 960
1457 40800 42120 4 5 1320
1458 42240 43800 5 6 1560
1459 44040 45000 6 8 960
1460 46920 47880 0 4 960
1461 48000 49320 4 5 1320
1462 49440 51000 5 6 1560
1463 51240 52200 6 8 960
1464 54120 55080 0 4 960
1465 55200 56520 4 5 1320
1466 56640 58200 5 6 1560
1467 58440 59400 6 8 960
1468 61320 62280 0 4 960
1469 62400 63720 4 5 1320
1470 63840 65400 5 6 1560
1471 65640 66600 6 8 960
1472 68520 69480 0 4 960
1473 69600 70920 4 5 1320
1474 71040 72600 5 6 1560
1475 72840 73800 6 8 960
1476 75720 76680 0 4 960
1477 76800 78120 4 5 1320
1478 78240 79800 5 6 1560
1479 80040 81000 6 8 960
1480 27900 29280 2 4 1380
1481 29400 30720 4 5 1320
1482 32520 33840 5 4 1320
1483 33960 35340 4 2 1380
1484 35460 36840 2 0 1380
1485 39720 41040 5 4 1320
1486 41160 42540 4 2 1380
1487 42660 44040 2 0 1380
1488 46920 48240 5 4 1320
1489 48360 49740 4 2 1380
1490 49860 51240 2 0 1380
1491 54120 55440 5 4 1320
1492 55560 56940 4 2 1380
1493 57060 58440 2 0 1380
1494 61320 62640 5 4 1320
1495 62760 64140 4 2 1380
1496 64260 65640 2 0 1380
1497 68520 69840 5 4 1320
1498 69960 71340 4 2 1380
1499 71460 72840 2 0 1380
1500 75720 77040 5 4 1320
1501 77160 78540 4 2 1380
1502 78660 80040 2 0 1380
1503 28980 29940 3 5 960
1504 31620 32580 5 3 960
1505 32700 35280 3 11 2580
1506 38820 39780 5 3 960
1507 39900 42480 3 11 2580
1508 46020 46980 5 3 960
1509 47100 49680 3 11 2580
1510 53220 54180 5 3 960
1511 54300 56880 3 11 2580
1512 60420 61380 5 3 960
1513 61500 64080 3 11 2580
1514 67620 68580 5 3 960
1515 68700 71280 3 11 2580
1516 74820 75780 5 3 960
1517 75900 78480 3 11 2580
1518 27720 28680 6 8 960
1519 28800 30480 8 14 1680
1520 33240 34920 14 8 1680
1521 35040 36000 8 6 960
1522 36120 37380 6 7 1260
1523 40440 42120 14 8 1680
1524 42240 43200 8 6 960
1525 43320 44580 6 7 1260
1526 47640 49320 14 8 1680
1527 49440 50400 8 6 960
1528 50520 51780 6 7 1260
1529 54840 56520 14 8 1680
1530 56640 57600 8 6 960
1531 57720 58980 6 7 1260
1532 62040 63720 14 8 1680
1533 63840 64800 8 6 960
1534 64920 66180 6 7 1260
1535 69240 70920 14 8 1680
1536 71040 72000 8 6 960
1537 72120 73380 6 7 1260
1538 76440 78120 14 8 1680
1539 78240 79200 8 6 960
1540 32400 34080 1 9 1680
1541 34920 36600 9 1 1680
1542 36720 38820 1 17 2100
1543 38940 42540 17 18 3600
1544 45720 47400 9 1 1680
1545 47520 49620 1 17 2100
1546 49740 53340 17 18 3600
1547 56520 58200 9 1 1680
1548 58320 60420 1 17 2100
1549 60540 64140 17 18 3600
1550 67320 69000 9 1 1680
1551 69120 71220 1 17 2100
1552 71340 74940 17 18 3600
1553 78120 79800 9 1 1680
1554 79920 82020 1 17 2100
1555 31860 33240 10 11 1380
1556 33360 35340 11 12 1980
1557 38400 40380 12 11 1980
1558 40500 41880 11 10 1380
1559 42000 44040 10 17 2040
1560 44160 46260 17 1 2100
1561 46380 47220 1 15 840
1562 49200 51180 12 11 1980
1563 51300 52680 11 10 1380
1564 52800 54840 10 17 2040
1565 54960 57060 17 1 2100
1566 57180 58020 1 15 840
1567 60000 61980 12 11 1980
1568 62100 63480 11 10 1380
1569 63600 65640 10 17 2040
1570 65760 67860 17 1 2100
1571 67980 68820 1 15 840
1572 70800 72780 12 11 1980
1573 72900 74280 11 10 1380
1574 74400 76440 10 17 2040
1575 76560 78660 17 1 2100
1576 78780 79620 1 15 840
1577 31200 31980 10 2 780
1578 32100 33480 2 0 1380
1579 36120 37500 0 2 1380
1580 37620 38400 2 10 780
1581 38640 40680 10 17 2040
1582 40800 42900 17 1 2100
1583 46920 48300 0 2 1380
1584 48420 49200 2 10 780
1585 49440 51480 10 17 2040
1586 51600 53700 17 1 2100
1587 57720 59100 0 2 1380
1588 59220 60000 2 10 780
1589 60240 62280 10 17 2040
1590 62400 64500 17 1 2100
1591 68520 69900 0 2 1380
1592 70020 70800 2 10 780
1593 71040 73080 10 17 2040
1594 73200 75300 17 1 2100
1595 26700 27480 2 10 780
1596 27600 29640 10 17 2040
1597 29760 33120 17 9 3360
1598 33240 35100 9 16 1860
1599 37860 39720 16 9 1860
1600 39840 43200 9 17 3360
1601 43320 45360 17 10 2040
1602 45480 46260 10 2 780
1603 48660 50520 16 9 1860
1604 50640 54000 9 17 3360
1605 54120 56160 17 10 2040
1606 56280 57060 10 2 780
1607 59460 61320 16 9 1860
1608 61440 64800 9 17 3360
1609 64920 66960 17 10 2040
1610 67080 67860 10 2 780
1611 70260 72120 16 9 1860
1612 72240 75600 9 17 3360
1613 75720 77760 17 10 2040
1614 77880 78660 10 2 780
1615 26940 29820 0 1 2880
1616 29940 30780 1 15 840
1617 31380 32220 15 1 840
1618 32340 35220 1 0 2880
1619 38580 39420 15 1 840
1620 39540 42420 1 0 2880
1621 45780 46620 15 1 840
1622 46740 49620 1 0 2880
1623 52980 53820 15 1 840
1624 53940 56820 1 0 2880
1625 60180 61020 15 1 840
1626 61140 64020 1 0 2880
1627 67380 68220 15 1 840
1628 68340 71220 1 0 2880
1629 74580 75420 15 1 840
1630 75540 78420 1 0 2880
1631 26940 29820 0 1 2880
1632 29940 31620 1 9 1680
1633 31740 33600 9 16 1860
1634 35760 37620 16 9 1860
1635 37740 39420 9 1 1680
1636 39540 42420 1 0 2880
1637 46560 48420 16 9 1860
1638 48540 50220 9 1 1680
1639 50340 53220 1 0 2880
1640 57360 59220 16 9 1860
1641 59340 61020 9 1 1680
1642 61140 64020 1 0 2880
1643 68160 70020 16 9 1860
1644 70140 71820 9 1 1680
1645 71940 74820 1 0 2880
1646 78960 80820 16 9 1860
1647 80940 82620 9 1 1680
1648 82740 85620 1 0 2880
1649 26940 29640 0 17 2700
1650 29760 33360 17 18 3600
1651 36000 39600 18 17 3600
1652 39720 42420 17 0 2700
1653 43200 46800 18 17 3600
1654 46920 49620 17 0 2700
1655 50400 54000 18 17 3600
1656 54120 56820 17 0 2700
1657 57600 61200 18 17 3600
1658 61320 64020 17 0 2700
1659 64800 68400 18 17 3600
1660 68520 71220 17 0 2700
1661 72000 75600 18 17 3600
1662 75720 78420 17 0 2700
1663 79200 82800 18 17 3600
1664 82920 85620 17 0 2700
1665 27060 28020 3 5 960
1666 28140 29700 5 6 1560
1667 29820 31080 6 7 1260
1668 31200 32580 7 13 1380
1669 34860 36240 13 7 1380
1670 36360 37620 7 6 1260
1671 37740 39300 6 5 1560
1672 39420 40380 5 3 960
1673 42060 43440 13 7 1380
1674 43560 44820 7 6 1260
1675 44940 46500 6 5 1560
1676 46620 47580 5 3 960
1677 49260 50640 13 7 1380
1678 50760 52020 7 6 1260
1679 52140 53700 6 5 1560
1680 53820 54780 5 3 960
1681 56460 57840 13 7 1380
1682 57960 59220 7 6 1260
1683 59340 60900 6 5 1560
1684 61020 61980 5 3 960
1685 63660 65040 13 7 1380
1686 65160 66420 7 6 1260
1687 66540 68100 6 5 1560
1688 68220 69180 5 3 960
1689 70860 72240 13 7 1380
1690 72360 73620 7 6 1260
1691 73740 75300 6 5 1560
1692 75420 76380 5 3 960
1693 78060 79440 13 7 1380
1694 79560 80820 7 6 1260
1695 80940 82500 6 5 1560
1696 30300 32940 12 3 2640
1697 33060 34020 3 5 960
1698 34140 35160 5 8 1020
1699 35280 36240 8 6 960
1700 36360 37620 6 7 1260
1701 37860 39240 7 13 1380
1702 42660 44040 13 7 1380
1703 44160 45420 7 6 1260
1704 45540 46500 6 8 960
1705 46620 47640 8 5 1020
1706 47760 48720 5 3 960
1707 48840 51480 3 12 2640
1708 51600 54720 12 19 3120
1709 57060 58440 13 7 1380
1710 58560 59820 7 6 1260
1711 59940 60900 6 8 960
1712 61020 62040 8 5 1020
1713 62160 63120 5 3 960
1714 63240 65880 3 12 2640
1715 66000 69120 12 19 3120
1716 71460 72840 13 7 1380
1717 72960 74220 7 6 1260
1718 74340 75300 6 8 960
1719 75420 76440 8 5 1020
1720 76560 77520 5 3 960
1721 77640 80280 3 12 2640
1722 32520 34560 17 10 2040
1723 34680 35460 10 2 780
1724 37500 38280 2 10 780
1725 38400 40440 10 17 2040
1726 40560 43920 17 9 3360
1727 44040 45900 9 16 1860
1728 48300 49080 2 10 780
1729 49200 51240 10 17 2040
1730 51360 54720 17 9 3360
1731 54840 56700 9 16 1860
1732 59100 59880 2 10 780
1733 60000 62040 10 17 2040
1734 62160 65520 17 9 3360
1735 65640 67500 9 16 1860
1736 69900 70680 2 10 780
1737 70800 72840 10 17 2040
1738 72960 76320 17 9 3360
1739 76440 78300 9 16 1860
1740 27120 28080 0 4 960
1741 28200 29520 4 5 1320
1742 29640 31200 5 6 1560
1743 31440 32400 6 8 960
1744 33360 34320 8 6 960
1745 34560 36120 6 5 1560
1746 36240 37560 5 4 1320
1747 37680 38640 4 0 960
1748 40560 41520 8 6 960
1749 41760 43320 6 5 1560
1750 43440 44760 5 4 1320
1751 44880 45840 4 0 960
1752 47760 48720 8 6 960
1753 48960 50520 6 5 1560
1754 50640 51960 5 4 1320
1755 52080 53040 4 0 960
1756 54960 55920 8 6 960
1757 56160 57720 6 5 1560
1758 57840 59160 5 4 1320
1759 59280 60240 4 0 960
1760 62160 63120 8 6 960
1761 63360 64920 6 5 1560
1762 65040 66360 5 4 1320
1763 66480 67440 4 0 960
1764 69360 70320 8 6 960
1765 70560 72120 6 5 1560
1766 72240 73560 5 4 1320
1767 73680 74640 4 0 960
1768 76560 77520 8 6 960
1769 77760 79320 6 5 1560
1770 79440 80760 5 4 1320
1771 80880 81840 4 0 960
1772 30420 33060 12 3 2640
1773 33180 34140 3 5 960
1774 34260 35580 5 4 1320
1775 35700 36660 4 0 960
1776 39900 40860 0 4 960
1777 40980 42300 4 5 1320
1778 42420 43380 5 3 960
1779 43500 46140 3 12 2640
1780 46260 49380 12 19 3120
1781 50700 51660 0 4 960
1782 51780 53100 4 5 1320
1783 53220 54180 5 3 960
1784 54300 56940 3 12 2640
1785 57060 60180 12 19 3120
1786 61500 62460 0 4 960
1787 62580 63900 4 5 1320
1788 64020 64980 5 3 960
1789 65100 67740 3 12 2640
1790 67860 70980 12 19 3120
1791 72300 73260 0 4 960
1792 73380 74700 4 5 1320
1793 74820 75780 5 3 960
1794 75900 78540 3 12 2640
1795 27240 28260 8 5 1020
1796 28380 29700 5 4 1320
1797 29820 31200 4 2 1380
1798 31320 32100 2 10 780
1799 32220 34260 10 17 2040
1800 34380 37980 17 18 3600
1801 40380 43980 18 17 3600
1802 44100 46140 17 10 2040
1803 46260 47040 10 2 780
1804 47160 48540 2 4 1380
1805 48660 49980 4 5 1320
1806 50100 51120 5 8 1020
1807 54780 58380 18 17 3600
1808 58500 60540 17 10 2040
1809 60660 61440 10 2 780
1810 61560 62940 2 4 1380
1811 63060 64380 4 5 1320
1812 64500 65520 5 8 1020
1813 69180 72780 18 17 3600
1814 72900 74940 17 10 2040
1815 75060 75840 10 2 780
1816 75960 77340 2 4 1380
1817 77460 78780 4 5 1320
1818 78900 79920 5 8 1020
1819 29700 31080 11 10 1380
1820 31200 33240 10 17 2040
1821 33360 35460 17 1 2100
1822 35580 36420 1 15 840
1823 37320 38160 15 1 840
1824 38280 40380 1 17 2100
1825 40500 42540 17 10 2040
1826 42660 44040 10 11 1380
1827 44160 46140 11 12 1980
1828 48120 48960 15 1 840
1829 49080 51180 1 17 2100
1830 51300 53340 17 10 2040
1831 53460 54840 10 11 1380
1832 54960 56940 11 12 1980
1833 58920 59760 15 1 840
1834 59880 61980 1 17 2100
1835 62100 64140 17 10 2040
1836 64260 65640 10 11 1380
1837 65760 67740 11 12 1980
1838 69720 70560 15 1 840
1839 70680 72780 1 17 2100
1840 72900 74940 17 10 2040
1841 75060 76440 10 11 1380
1842 76560 78540 11 12 1980
1843 27660 29040 13 7 1380
1844 29160 30420 7 6 1260
1845 30540 32100 6 5 1560
1846 32220 33180 5 3 960
1847 34260 35220 3 5 960
1848 35340 36900 5 6 1560
1849 37020 38280 6 7 1260
1850 38400 39780 7 13 1380
1851 41460 42420 3 5 960
1852 42540 44100 5 6 1560
1853 44220 45480 6 7 1260
1854 45600 46980 7 13 1380
1855 48660 49620 3 5 960
1856 49740 51300 5 6 1560
1857 51420 52680 6 7 1260
1858 52800 54180 7 13 1380
1859 55860 56820 3 5 960
1860 56940 58500 5 6 1560
1861 58620 59880 6 7 1260
1862 60000 61380 7 13 1380
1863 63060 64020 3 5 960
1864 64140 65700 5 6 1560
1865 65820 67080 6 7 1260
1866 67200 68580 7 13 1380
1867 70260 71220 3 5 960
1868 71340 72900 5 6 1560
1869 73020 74280 6 7 1260
1870 74400 75780 7 13 1380
1871 77460 78420 3 5 960
1872 78540 80100 5 6 1560
1873 32520 33480 0 4 960
1874 35880 36840 4 0 960
1875 36960 39840 0 1 2880
1876 39960 41640 1 9 1680
1877 43080 44040 4 0 960
1878 44160 47040 0 1 2880
1879 47160 48840 1 9 1680
1880 50280 51240 4 0 960
1881 51360 54240 0 1 2880
1882 54360 56040 1 9 1680
1883 57480 58440 4 0 960
1884 58560 61440 0 1 2880
1885 61560 63240 1 9 1680
1886 64680 65640 4 0 960
1887 65760 68640 0 1 2880
1888 68760 70440 1 9 1680
1889 71880 72840 4 0 960
1890 72960 75840 0 1 2880
1891 75960 77640 1 9 1680
1892 79080 80040 4 0 960
1893 80160 83040 0 1 2880
1894 31740 35340 17 18 3600
1895 37260 40860 18 17 3600
1896 40980 43080 17 1 2100
1897 43200 44880 1 9 1680
1898 48060 51660 18 17 3600
1899 51780 53880 17 1 2100
1900 54000 55680 1 9 1680
1901 58860 62460 18 17 3600
1902 62580 64680 17 1 2100
1903 64800 66480 1 9 1680
1904 69660 73260 18 17 3600
1905 73380 75480 17 1 2100
1906 75600 77280 1 9 1680
1907 27900 29580 14 8 1680
1908 29700 30720 8 5 1020
1909 30840 32160 5 4 1320
1910 32280 33240 4 0 960
1911 33360 36240 0 1 2880
1912 36360 37200 1 15 840
1913 37320 39360 15 9 2040
1914 39480 41340 9 16 1860
1915 42600 44460 16 9 1860
1916 44580 46620 9 15 2040
1917 46740 47580 15 1 840
1918 47700 50580 1 0 2880
1919 50700 51660 0 4 960
1920 51780 53100 4 5 1320
1921 53220 54240 5 8 1020
1922 54360 56040 8 14 1680
1923 57000 58860 16 9 1860
1924 58980 61020 9 15 2040
1925 61140 61980 15 1 840
1926 62100 64980 1 0 2880
1927 65100 66060 0 4 960
1928 66180 67500 4 5 1320
1929 67620 68640 5 8 1020
1930 68760 70440 8 14 1680
1931 71400 73260 16 9 1860
1932 73380 75420 9 15 2040
1933 75540 76380 15 1 840
1934 76500 79380 1 0 2880
1935 79500 80460 0 4 960
1936 80580 81900 4 5 1320
1937 82020 83040 5 8 1020
1938 30840 33420 3 11 2580
1939 33540 34920 11 10 1380
1940 36240 37620 10 11 1380
1941 37740 40320 11 3 2580
1942 40440 43080 3 12 2640
1943 47040 48420 10 11 1380
1944 48540 51120 11 3 2580
1945 51240 53880 3 12 2640
1946 57840 59220 10 11 1380
1947 59340 61920 11 3 2580
1948 62040 64680 3 12 2640
1949 68640 70020 10 11 1380
1950 70140 72720 11 3 2580
1951 72840 75480 3 12 2640
1952 31440 33420 12 11 1980
1953 33540 34920 11 10 1380
1954 35040 35820 10 2 780
1955 35940 37320 2 4 1380
1956 40260 41640 4 2 1380
1957 41760 42540 2 10 780
1958 42660 44040 10 11 1380
1959 44160 46140 11 12 1980
1960 46260 49380 12 19 3120
1961 51060 52440 4 2 1380
1962 52560 53340 2 10 780
1963 53460 54840 10 11 1380
1964 54960 56940 11 12 1980
1965 57060 60180 12 19 3120
1966 61860 63240 4 2 1380
1967 63360 64140 2 10 780
1968 64260 65640 10 11 1380
1969 65760 67740 11 12 1980
1970 67860 70980 12 19 3120
1971 72660 74040 4 2 1380
1972 74160 74940 2 10 780
1973 75060 76440 10 11 1380
1974 76560 78540 11 12 1980
1975 32340 33180 15 1 840
1976 33300 36180 1 0 2880
1977 36300 37260 0 4 960
1978 37380 38700 4 5 1320
1979 38820 39840 5 8 1020
1980 39960 41640 8 14 1680
1981 42300 43980 14 8 1680
1982 44100 45120 8 5 1020
1983 45240 46560 5 4 1320
1984 46680 47640 4 0 960
1985 47760 50640 0 1 2880
1986 50760 51600 1 15 840
1987 51720 53760 15 9 2040
1988 53880 55740 9 16 1860
1989 56700 58380 14 8 1680
1990 58500 59520 8 5 1020
1991 59640 60960 5 4 1320
1992 61080 62040 4 0 960
1993 62160 65040 0 1 2880
1994 65160 66000 1 15 840
1995 66120 68160 15 9 2040
1996 68280 70140 9 16 1860
1997 71100 72780 14 8 1680
1998 72900 73920 8 5 1020
1999 74040 75360 5 4 1320
2000 75480 76440 4 0 960
2001 76560 79440 0 1 2880
2002 79560 80400 1 15 840
2003 28260 29640 13 7 1380
2004 29760 31020 7 6 1260
2005 31140 32100 6 8 960
2006 32220 33240 8 5 1020
2007 33360 34320 5 3 960
2008 34440 37080 3 12 2640
2009 37200 40320 12 19 3120
2010 41460 44580 19 12 3120
2011 44700 47340 12 3 2640
2012 47460 48420 3 5 960
2013 48540 49560 5 8 1020
2014 49680 50640 8 6 960
2015 50760 52020 6 7 1260
2016 52260 53640 7 13 1380
2017 55860 58980 19 12 3120
2018 59100 61740 12 3 2640
2019 61860 62820 3 5 960
2020 62940 63960 5 8 1020
2021 64080 65040 8 6 960
2022 65160 66420 6 7 1260
2023 66660 68040 7 13 1380
2024 70260 73380 19 12 3120
2025 73500 76140 12 3 2640
2026 76260 77220 3 5 960
2027 77340 78360 5 8 1020
2028 78480 79440 8 6 960
2029 32340 35220 1 0 2880
2030 37740 40620 0 1 2880
2031 40740 42420 1 9 1680
2032 42540 44400 9 16 1860
2033 48540 51420 0 1 2880
2034 51540 53220 1 9 1680
2035 53340 55200 9 16 1860
2036 59340 62220 0 1 2880
2037 62340 64020 1 9 1680
2038 64140 66000 9 16 1860
2039 70140 73020 0 1 2880
2040 73140 74820 1 9 1680
2041 74940 76800 9 16 1860
2042 28680 29640 4 0 960
2043 29760 32640 0 1 2880
2044 32760 34440 1 9 1680
2045 38520 40200 9 1 1680
2046 40320 43200 1 0 2880
2047 43320 44280 0 4 960
2048 45720 47400 9 1 1680
2049 47520 50400 1 0 2880
2050 50520 51480 0 4 960
2051 52920 54600 9 1 1680
2052 54720 57600 1 0 2880
2053 57720 58680 0 4 960
2054 60120 61800 9 1 1680
2055 61920 64800 1 0 2880
2056 64920 65880 0 4 960
2057 67320 69000 9 1 1680
2058 69120 72000 1 0 2880
2059 72120 73080 0 4 960
2060 74520 76200 9 1 1680
2061 76320 79200 1 0 2880
2062 79320 80280 0 4 960
2063 32520 35220 17 0 2700
2064 37740 40440 0 17 2700
2065 40560 44160 17 18 3600
2066 28920 29880 0 4 960
2067 30000 33360 4 7 3360
2068 35940 39300 7 4 3360
2069 39420 40380 4 0 960
2070 28920 29880 0 4 960
2071 30000 33900 4 13 3900
2072 35460 39360 13 4 3900
2073 39480 40440 4 0 960
2074 28920 29880 0 4 960
2075 30000 31320 4 5 1320
2076 31440 32460 5 8 1020
2077 32580 34260 8 14 1680
2078 35100 36780 14 8 1680
2079 36900 37920 8 5 1020
2080 38040 39360 5 4 1320
2081 39480 40440 4 0 960
2082 28920 30300 0 2 1380
2083 30420 31200 2 10 780
2084 31440 33480 10 17 2040
2085 33600 35700 17 1 2100
2086 37500 39600 1 17 2100
2087 39720 41760 17 10 2040
2088 42000 42780 10 2 780
2089 42900 44280 2 0 1380
2090 48300 50400 1 17 2100
2091 50520 52560 17 10 2040
2092 52800 53580 10 2 780
2093 53700 55080 2 0 1380
2094 59100 61200 1 17 2100
2095 61320 63360 17 10 2040
2096 63600 64380 10 2 780
2097 64500 65880 2 0 1380
2098 69900 72000 1 17 2100
2099 72120 74160 17 10 2040
2100 74400 75180 10 2 780
2101 75300 76680 2 0 1380
2102 28980 29940 3 5 960
2103 30060 31380 5 4 1320
2104 31500 32880 4 2 1380
2105 33120 34500 2 0 1380
2106 35340 36720 0 2 1380
2107 36840 38220 2 4 1380
2108 38340 39660 4 5 1320
2109 39780 40740 5 3 960
2110 29040 30420 10 11 1380
2111 30540 33120 11 3 2580
2112 33240 35880 3 12 2640
2113 38760 41400 12 3 2640
2114 41640 44220 3 11 2580
2115 44340 45720 11 10 1380
2116 49560 52200 12 3 2640
2117 52440 55020 3 11 2580
2118 55140 56520 11 10 1380
2119 60360 63000 12 3 2640
2120 63240 65820 3 11 2580
2121 65940 67320 11 10 1380
2122 71160 73800 12 3 2640
2123 74040 76620 3 11 2580
2124 76740 78120 11 10 1380
2125 29100 30060 0 4 960
2126 30180 31500 4 5 1320
2127 31620 32580 5 3 960
2128 32700 35340 3 12 2640
2129 35460 38580 12 19 3120
2130 41580 44700 19 12 3120
2131 44820 47460 12 3 2640
2132 47580 48540 3 5 960
2133 48660 49980 5 4 1320
2134 50100 51060 4 0 960
2135 52380 55500 19 12 3120
2136 55620 58260 12 3 2640
2137 58380 59340 3 5 960
2138 59460 60780 5 4 1320
2139 60900 61860 4 0 960
2140 63180 66300 19 12 3120
2141 66420 69060 12 3 2640
2142 69180 70140 3 5 960
2143 70260 71580 5 4 1320
2144 71700 72660 4 0 960
2145 73980 77100 19 12 3120
2146 77220 79860 12 3 2640
2147 79980 80940 3 5 960
2148 81060 82380 5 4 1320
2149 82500 83460 4 0 960
2150 29460 30840 4 2 1380
2151 30960 31740 2 10 780
2152 31860 33240 10 11 1380
2153 33360 35340 11 12 1980
2154 35460 38580 12 19 3120
2155 42600 45720 19 12 3120
2156 45840 47820 12 11 1980
2157 47940 49320 11 10 1380
2158 49440 50220 10 2 780
2159 50340 51720 2 4 1380
2160 53400 56520 19 12 3120
2161 56640 58620 12 11 1980
2162 58740 60120 11 10 1380
2163 60240 61020 10 2 780
2164 61140 62520 2 4 1380
2165 64200 67320 19 12 3120
2166 67440 69420 12 11 1980
2167 69540 70920 11 10 1380
2168 71040 71820 10 2 780
2169 71940 73320 2 4 1380
2170 75000 78120 19 12 3120
2171 78240 80220 12 11 1980
2172 80340 81720 11 10 1380
2173 81840 82620 10 2 780
2174 82740 84120 2 4 1380
2175 33300 35340 17 10 2040
2176 35460 36240 10 2 780
2177 36360 37740 2 4 1380
2178 37860 39180 4 5 1320
2179 39300 40320 5 8 1020
2180 41640 42660 8 5 1020
2181 42780 44100 5 4 1320
2182 44220 45600 4 2 1380
2183 45720 46500 2 10 780
2184 46620 48660 10 17 2040
2185 48780 52380 17 18 3600
2186 56040 57060 8 5 1020
2187 57180 58500 5 4 1320
2188 58620 60000 4 2 1380
2189 60120 60900 2 10 780
2190 61020 63060 10 17 2040
2191 63180 66780 17 18 3600
2192 70440 71460 8 5 1020
2193 71580 72900 5 4 1320
2194 73020 74400 4 2 1380
2195 74520 75300 2 10 780
2196 75420 77460 10 17 2040
2197 33780 35880 17 1 2100
2198 36000 37680 1 9 1680
2199 38520 40200 9 1 1680
2200 40320 42420 1 17 2100
2201 42540 46140 17 18 3600
2202 49320 51000 9 1 1680
2203 51120 53220 1 17 2100
2204 53340 56940 17 18 3600
2205 60120 61800 9 1 1680
2206 61920 64020 1 17 2100
2207 64140 67740 17 18 3600
2208 70920 72600 9 1 1680
2209 72720 74820 1 17 2100
2210 74940 78540 17 18 3600
2211 31080 33180 1 17 2100
2212 33300 35340 17 10 2040
2213 35460 36840 10 11 1380
2214 36960 38940 11 12 1980
2215 42000 43980 12 11 1980
2216 44100 45480 11 10 1380
2217 45600 47640 10 17 2040
2218 47760 49860 17 1 2100
2219 49980 50820 1 15 840
2220 52800 54780 12 11 1980
2221 54900 56280 11 10 1380
2222 56400 58440 10 17 2040
2223 58560 60660 17 1 2100
2224 60780 61620 1 15 840
2225 63600 65580 12 11 1980
2226 65700 67080 11 10 1380
2227 67200 69240 10 17 2040
2228 69360 71460 17 1 2100
2229 71580 72420 1 15 840
2230 74400 76380 12 11 1980
2231 76500 77880 11 10 1380
2232 78000 80040 10 17 2040
2233 80160 82260 17 1 2100
2234 30300 31080 2 10 780
2235 31200 33240 10 17 2040
2236 33360 36720 17 9 3360
2237 36840 38700 9 16 1860
2238 41460 43320 16 9 1860
2239 43440 46800 9 17 3360
2240 46920 48960 17 10 2040
2241 49080 49860 10 2 780
2242 52260 54120 16 9 1860
2243 54240 57600 9 17 3360
2244 57720 59760 17 10 2040
2245 59880 60660 10 2 780
2246 63060 64920 16 9 1860
2247 65040 68400 9 17 3360
2248 68520 70560 17 10 2040
2249 70680 71460 10 2 780
2250 73860 75720 16 9 1860
2251 75840 79200 9 17 3360
2252 79320 81360 17 10 2040
2253 81480 82260 10 2 780
2254 30540 33420 0 1 2880
2255 33540 35220 1 9 1680
2256 35340 37200 9 16 1860
2257 39360 41220 16 9 1860
2258 41340 43020 9 1 1680
2259 43140 46020 1 0 2880
2260 50160 52020 16 9 1860
2261 52140 53820 9 1 1680
2262 53940 56820 1 0 2880
2263 60960 62820 16 9 1860
2264 62940 64620 9 1 1680
2265 64740 67620 1 0 2880
2266 71760 73620 16 9 1860
2267 73740 75420 9 1 1680
2268 75540 78420 1 0 2880
2269 33900 36540 12 3 2640
2270 36660 37620 3 5 960
2271 37740 38760 5 8 1020
2272 38880 39840 8 6 960
2273 39960 41220 6 7 1260
2274 41460 42840 7 13 1380
2275 46260 47640 13 7 1380
2276 47760 49020 7 6 1260
2277 49140 50100 6 8 960
2278 50220 51240 8 5 1020
2279 51360 52320 5 3 960
2280 52440 55080 3 12 2640
2281 55200 58320 12 19 3120
2282 60660 62040 13 7 1380
2283 62160 63420 7 6 1260
2284 63540 64500 6 8 960
2285 64620 65640 8 5 1020
2286 65760 66720 5 3 960
2287 66840 69480 3 12 2640
2288 69600 72720 12 19 3120
2289 75060 76440 13 7 1380
2290 76560 77820 7 6 1260
2291 77940 78900 6 8 960
2292 79020 80040 8 5 1020
2293 80160 81120 5 3 960
2294 32640 36000 9 17 3360
2295 36120 38160 17 10 2040
2296 38280 39060 10 2 780
2297 41100 41880 2 10 780
2298 42000 44040 10 17 2040
2299 44160 47520 17 9 3360
2300 47640 49500 9 16 1860
2301 51900 52680 2 10 780
2302 52800 54840 10 17 2040
2303 54960 58320 17 9 3360
2304 58440 60300 9 16 1860
2305 62700 63480 2 10 780
2306 63600 65640 10 17 2040
2307 65760 69120 17 9 3360
2308 69240 71100 9 16 1860
2309 73500 74280 2 10 780
2310 74400 76440 10 17 2040
2311 76560 79920 17 9 3360
2312 34020 36660 12 3 2640
2313 36780 37740 3 5 960
2314 37860 39180 5 4 1320
2315 39300 40260 4 0 960
2316 43500 44460 0 4 960
2317 44580 45900 4 5 1320
2318 46020 46980 5 3 960
2319 47100 49740 3 12 2640
2320 49860 52980 12 19 3120
2321 54300 55260 0 4 960
2322 55380 56700 4 5 1320
2323 56820 57780 5 3 960
2324 57900 60540 3 12 2640
2325 60660 63780 12 19 3120
2326 65100 66060 0 4 960
2327 66180 67500 4 5 1320
2328 67620 68580 5 3 960
2329 68700 71340 3 12 2640
2330 71460 74580 12 19 3120
2331 75900 76860 0 4 960
2332 76980 78300 4 5 1320
2333 78420 79380 5 3 960
2334 30840 31860 8 5 1020
2335 31980 33300 5 4 1320
2336 33420 34800 4 2 1380
2337 34920 35700 2 10 780
2338 35820 37860 10 17 2040
2339 37980 41580 17 18 3600
2340 43980 47580 18 17 3600
2341 47700 49740 17 10 2040
2342 49860 50640 10 2 780
2343 50760 52140 2 4 1380
2344 52260 53580 4 5 1320
2345 53700 54720 5 8 1020
2346 58380 61980 18 17 3600
2347 62100 64140 17 10 2040
2348 64260 65040 10 2 780
2349 65160 66540 2 4 1380
2350 66660 67980 4 5 1320
2351 68100 69120 5 8 1020
2352 72780 76380 18 17 3600
2353 76500 78540 17 10 2040
2354 78660 79440 10 2 780
2355 79560 80940 2 4 1380
2356 81060 82380 4 5 1320
2357 82500 83520 5 8 1020
2358 31200 33180 12 11 1980
2359 33300 34680 11 10 1380
2360 34800 36840 10 17 2040
2361 36960 39060 17 1 2100
2362 39180 40020 1 15 840
2363 40920 41760 15 1 840
2364 41880 43980 1 17 2100
2365 44100 46140 17 10 2040
2366 46260 47640 10 11 1380
2367 47760 49740 11 12 1980
2368 51720 52560 15 1 840
2369 52680 54780 1 17 2100
2370 54900 56940 17 10 2040
2371 57060 58440 10 11 1380
2372 58560 60540 11 12 1980
2373 62520 63360 15 1 840
2374 63480 65580 1 17 2100
2375 65700 67740 17 10 2040
2376 67860 69240 10 11 1380
2377 69360 71340 11 12 1980
2378 73320 74160 15 1 840
2379 74280 76380 1 17 2100
2380 76500 78540 17 10 2040
2381 78660 80040 10 11 1380
2382 33120 36000 1 0 2880
2383 36120 37080 0 4 960
2384 39480 40440 4 0 960
2385 40560 43440 0 1 2880
2386 43560 45240 1 9 1680
2387 31500 33180 14 8 1680
2388 33300 34320 8 5 1020
2389 34440 35760 5 4 1320
2390 35880 36840 4 0 960
2391 36960 39840 0 1 2880
2392 39960 40800 1 15 840
2393 40920 42960 15 9 2040
2394 43080 44940 9 16 1860
2395 46200 48060 16 9 1860
2396 48180 50220 9 15 2040
2397 50340 51180 15 1 840
2398 51300 54180 1 0 2880
2399 54300 55260 0 4 960
2400 55380 56700 4 5 1320
2401 56820 57840 5 8 1020
2402 57960 59640 8 14 1680
2403 60600 62460 16 9 1860
2404 62580 64620 9 15 2040
2405 64740 65580 15 1 840
2406 65700 68580 1 0 2880
2407 68700 69660 0 4 960
2408 69780 71100 4 5 1320
2409 71220 72240 5 8 1020
2410 72360 74040 8 14 1680
2411 75000 76860 16 9 1860
2412 76980 79020 9 15 2040
2413 79140 79980 15 1 840
2414 80100 82980 1 0 2880
2415 83100 84060 0 4 960
2416 84180 85500 4 5 1320
2417 85620 86640 5 8 1020
2418 35040 37020 12 11 1980
2419 37140 38520 11 10 1380
2420 38640 39420 10 2 780
2421 39540 40920 2 4 1380
2422 43860 45240 4 2 1380
2423 45360 46140 2 10 780
2424 46260 47640 10 11 1380
2425 47760 49740 11 12 1980
2426 49860 52980 12 19 3120
2427 54660 56040 4 2 1380
2428 56160 56940 2 10 780
2429 57060 58440 10 11 1380
2430 58560 60540 11 12 1980
2431 60660 63780 12 19 3120
2432 65460 66840 4 2 1380
2433 66960 67740 2 10 780
2434 67860 69240 10 11 1380
2435 69360 71340 11 12 1980
2436 71460 74580 12 19 3120
2437 76260 77640 4 2 1380
2438 77760 78540 2 10 780
2439 78660 80040 10 11 1380
2440 33780 35820 9 15 2040
2441 35940 36780 15 1 840
2442 36900 39780 1 0 2880
2443 39900 40860 0 4 960
2444 40980 42300 4 5 1320
2445 42420 43440 5 8 1020
2446 43560 45240 8 14 1680
2447 45900 47580 14 8 1680
2448 47700 48720 8 5 1020
2449 48840 50160 5 4 1320
2450 50280 51240 4 0 960
2451 51360 54240 0 1 2880
2452 54360 55200 1 15 840
2453 55320 57360 15 9 2040
2454 57480 59340 9 16 1860
2455 60300 61980 14 8 1680
2456 62100 63120 8 5 1020
2457 63240 64560 5 4 1320
2458 64680 65640 4 0 960
2459 65760 68640 0 1 2880
2460 68760 69600 1 15 840
2461 69720 71760 15 9 2040
2462 71880 73740 9 16 1860
2463 74700 76380 14 8 1680
2464 76500 77520 8 5 1020
2465 77640 78960 5 4 1320
2466 79080 80040 4 0 960
2467 80160 83040 0 1 2880
2468 31860 33240 13 7 1380
2469 33360 34620 7 6 1260
2470 34740 35700 6 8 960
2471 35820 36840 8 5 1020
2472 36960 37920 5 3 960
2473 38040 40680 3 12 2640
2474 40800 43920 12 19 3120
2475 45060 48180 19 12 3120
2476 48300 50940 12 3 2640
2477 51060 52020 3 5 960
2478 52140 53160 5 8 1020
2479 53280 54240 8 6 960
2480 54360 55620 6 7 1260
2481 55860 57240 7 13 1380
2482 59460 62580 19 12 3120
2483 62700 65340 12 3 2640
2484 65460 66420 3 5 960
2485 66540 67560 5 8 1020
2486 67680 68640 8 6 960
2487 68760 70020 6 7 1260
2488 70260 71640 7 13 1380
2489 73860 76980 19 12 3120
2490 77100 79740 12 3 2640
2491 79860 80820 3 5 960
2492 80940 81960 5 8 1020
2493 82080 83040 8 6 960
2494 32700 33660 0 4 960
2495 33780 35100 4 5 1320
2496 35220 36180 5 3 960
2497 36300 38940 3 12 2640
2498 39060 42180 12 19 3120
2499 45180 48300 19 12 3120
2500 48420 51060 12 3 2640
2501 51180 52140 3 5 960
2502 52260 53580 5 4 1320
2503 53700 54660 4 0 960
2504 33060 34440 4 2 1380
2505 34560 35340 2 10 780
2506 35460 36840 10 11 1380
2507 36960 38940 11 12 1980
2508 39060 42180 12 19 3120
2509 46200 49320 19 12 3120
2510 49440 51420 12 11 1980
2511 51540 52920 11 10 1380
2512 53040 53820 10 2 780
2513 53940 55320 2 4 1380
2514 36900 38940 17 10 2040
2515 39060 39840 10 2 780
2516 39960 41340 2 4 1380
2517 41460 42780 4 5 1320
2518 42900 43920 5 8 1020
2519 45240 46260 8 5 1020
2520 46380 47700 5 4 1320
2521 47820 49200 4 2 1380
2522 49320 50100 2 10 780
2523 50220 52260 10 17 2040
2524 52380 55980 17 18 3600
2525 59640 60660 8 5 1020
2526 60780 62100 5 4 1320
2527 62220 63600 4 2 1380
2528 63720 64500 2 10 780
2529 64620 66660 10 17 2040
2530 66780 70380 17 18 3600
2531 74040 75060 8 5 1020
2532 75180 76500 5 4 1320
2533 76620 78000 4 2 1380
2534 78120 78900 2 10 780
2535 79020 81060 10 17 2040
2536 33480 36060 11 3 2580
2537 36180 37140 3 5 960
2538 38820 39780 5 3 960
2539 39900 42480 3 11 2580
2540 34140 37020 0 1 2880
2541 37140 37980 1 15 840
2542 38580 39420 15 1 840
2543 39540 42420 1 0 2880
2544 34260 37380 19 12 3120
2545 37500 40140 12 3 2640
2546 40260 41220 3 5 960
2547 41340 42360 5 8 1020
2548 42480 43440 8 6 960
2549 43560 44820 6 7 1260
2550 45060 46440 7 13 1380
2551 49860 51240 13 7 1380
2552 51360 52620 7 6 1260
2553 52740 53700 6 8 960
2554 53820 54840 8 5 1020
2555 54960 55920 5 3 960
2556 56040 58680 3 12 2640
2557 58800 61920 12 19 3120
2558 64260 65640 13 7 1380
2559 65760 67020 7 6 1260
2560 67140 68100 6 8 960
2561 68220 69240 8 5 1020
2562 69360 70320 5 3 960
2563 70440 73080 3 12 2640
2564 73200 76320 12 19 3120
2565 78660 80040 13 7 1380
2566 80160 81420 7 6 1260
2567 81540 82500 6 8 960
2568 82620 83640 8 5 1020
2569 34320 35280 0 4 960
2570 35400 36720 4 5 1320
2571 36840 38400 5 6 1560
2572 38640 39600 6 8 960
2573 40560 41520 8 6 960
2574 41760 43320 6 5 1560
2575 43440 44760 5 4 1320
2576 44880 45840 4 0 960
2577 35100 36780 14 8 1680
2578 36900 37920 8 5 1020
2579 38040 39360 5 4 1320
2580 39480 40440 4 0 960
2581 40560 43440 0 1 2880
2582 43560 44400 1 15 840
2583 44520 46560 15 9 2040
2584 46680 48540 9 16 1860
2585 49800 51660 16 9 1860
2586 51780 53820 9 15 2040
2587 53940 54780 15 1 840
2588 54900 57780 1 0 2880
2589 57900 58860 0 4 960
2590 58980 60300 4 5 1320
2591 60420 61440 5 8 1020
2592 61560 63240 8 14 1680
2593 64200 66060 16 9 1860
2594 66180 68220 9 15 2040
2595 68340 69180 15 1 840
2596 69300 72180 1 0 2880
2597 72300 73260 0 4 960
2598 73380 74700 4 5 1320
2599 74820 75840 5 8 1020
2600 75960 77640 8 14 1680
2601 78600 80460 16 9 1860
2602 80580 82620 9 15 2040
2603 82740 83580 15 1 840
2604 83700 86580 1 0 2880
2605 86700 87660 0 4 960
2606 35400 37260 16 9 1860
2607 37380 39420 9 15 2040
2608 39540 40380 15 1 840
2609 40500 43380 1 0 2880
2610 43500 44460 0 4 960
2611 44580 45900 4 5 1320
2612 46020 47040 5 8 1020
2613 47160 48840 8 14 1680
2614 49500 51180 14 8 1680
2615 51300 52320 8 5 1020
2616 52440 53760 5 4 1320
2617 53880 54840 4 0 960
2618 54960 57840 0 1 2880
2619 57960 58800 1 15 840
2620 58920 60960 15 9 2040
2621 61080 62940 9 16 1860
2622 63900 65580 14 8 1680
2623 65700 66720 8 5 1020
2624 66840 68160 5 4 1320
2625 68280 69240 4 0 960
2626 69360 72240 0 1 2880
2627 72360 73200 1 15 840
2628 73320 75360 15 9 2040
2629 75480 77340 9 16 1860
2630 78300 79980 14 8 1680
2631 80100 81120 8 5 1020
2632 81240 82560 5 4 1320
2633 82680 83640 4 0 960
2634 35460 36840 13 7 1380
2635 36960 38220 7 6 1260
2636 38340 39300 6 8 960
2637 39420 40440 8 5 1020
2638 40560 41520 5 3 960
2639 41640 44280 3 12 2640
2640 44400 47520 12 19 3120
2641 48660 51780 19 12 3120
2642 51900 54540 12 3 2640
2643 54660 55620 3 5 960
2644 55740 56760 5 8 1020
2645 56880 57840 8 6 960
2646 57960 59220 6 7 1260
2647 59460 60840 7 13 1380
2648 63060 66180 19 12 3120
2649 66300 68940 12 3 2640
2650 69060 70020 3 5 960
2651 70140 71160 5 8 1020
2652 71280 72240 8 6 960
2653 72360 73620 6 7 1260
2654 73860 75240 7 13 1380
2655 77460 80580 19 12 3120
2656 80700 83340 12 3 2640
2657 83460 84420 3 5 960
2658 84540 85560 5 8 1020
2659 36120 37080 0 4 960
2660 37200 40560 4 7 3360
2661 43140 46500 7 4 3360
2662 46620 47580 4 0 960
2663 36120 37080 0 4 960
2664 37200 41100 4 13 3900
2665 42660 46560 13 4 3900
2666 46680 47640 4 0 960
2667 36120 37080 0 4 960
2668 37200 38520 4 5 1320
2669 38640 39660 5 8 1020
2670 39780 41460 8 14 1680
2671 42300 43980 14 8 1680
2672 44100 45120 8 5 1020
2673 45240 46560 5 4 1320
2674 46680 47640 4 0 960
2675 36180 37140 3 5 960
2676 37260 38580 5 4 1320
2677 38700 40080 4 2 1380
2678 40320 41700 2 0 1380
2679 42540 43920 0 2 1380
2680 44040 45420 2 4 1380
2681 45540 46860 4 5 1320
2682 46980 47940 5 3 960
2683 39720 41100 0 2 1380
2684 41220 42000 2 10 780
2685 42240 44280 10 17 2040
2686 44400 46500 17 1 2100
2687 48300 50400 1 17 2100
2688 50520 52560 17 10 2040
2689 52800 53580 10 2 780
2690 53700 55080 2 0 1380
2691 39840 41220 10 11 1380
2692 41340 43920 11 3 2580
2693 44040 46680 3 12 2640
2694 49560 52200 12 3 2640
2695 52440 55020 3 11 2580
2696 55140 56520 11 10 1380
2697 40680 43260 11 3 2580
2698 43380 44340 3 5 960
2699 46020 46980 5 3 960
2700 47100 49680 3 11 2580
2701 40860 44460 18 17 3600
2702 44580 46680 17 1 2100
2703 46800 48480 1 9 1680
2704 49320 51000 9 1 1680
2705 51120 53220 1 17 2100
2706 53340 56940 17 18 3600
2707 41340 44220 0 1 2880
2708 44340 45180 1 15 840
2709 45780 46620 15 1 840
2710 46740 49620 1 0 2880
2711 41340 44220 0 1 2880
2712 44340 46020 1 9 1680
2713 46140 48000 9 16 1860
2714 50160 52020 16 9 1860
2715 52140 53820 9 1 1680
2716 53940 56820 1 0 2880
2717 41520 42480 0 4 960
2718 42600 43920 4 5 1320
2719 44040 45600 5 6 1560
2720 45840 46800 6 8 960
2721 47760 48720 8 6 960
2722 48960 50520 6 5 1560
2723 50640 51960 5 4 1320
2724 52080 53040 4 0 960
2725 43320 44280 0 4 960
2726 44400 47760 4 7 3360
2727 50340 53700 7 4 3360
2728 53820 54780 4 0 960
2729 43320 44280 0 4 960
2730 44400 48300 4 13 3900
2731 49860 53760 13 4 3900
2732 53880 54840 4 0 960
2733 43320 44280 0 4 960
2734 44400 45720 4 5 1320
2735 45840 46860 5 8 1020
2736 46980 48660 8 14 1680
2737 49500 51180 14 8 1680
2738 51300 52320 8 5 1020
2739 52440 53760 5 4 1320
2740 53880 54840 4 0 960
2741 43380 44340 3 5 960
2742 44460 45780 5 4 1320
2743 45900 47280 4 2 1380
2744 47520 48900 2 0 1380
2745 49740 51120 0 2 1380
2746 51240 52620 2 4 1380
2747 52740 54060 4 5 1320
2748 54180 55140 5 3 960
2749 47580 51180 18 17 3600
2750 51300 53340 17 10 2040
2751 53460 54240 10 2 780
2752 54360 55740 2 4 1380
2753 55860 57180 4 5 1320
2754 57300 58320 5 8 1020
2755 59640 60660 8 5 1020
2756 60780 62100 5 4 1320
2757 62220 63600 4 2 1380
2758 63720 64500 2 10 780
2759 64620 66660 10 17 2040
2760 66780 70380 17 18 3600
2761 47880 50460 11 3 2580
2762 50580 51540 3 5 960
2763 53220 54180 5 3 960
2764 54300 56880 3 11 2580
2765 48540 51420 0 1 2880
2766 51540 52380 1 15 840
2767 52980 53820 15 1 840
2768 53940 56820 1 0 2880
2769 48720 49680 0 4 960
2770 49800 51120 4 5 1320
2771 51240 52800 5 6 1560
2772 53040 54000 6 8 960
2773 54960 55920 8 6 960
2774 56160 57720 6 5 1560
2775 57840 59160 5 4 1320
2776 59280 60240 4 0 960
2777 50520 51480 0 4 960
2778 51600 54960 4 7 3360
2779 57540 60900 7 4 3360
2780 61020 61980 4 0 960
2781 50520 51480 0 4 960
2782 51600 55500 4 13 3900
2783 57060 60960 13 4 3900
2784 61080 62040 4 0 960
2785 50520 51480 0 4 960
2786 51600 52920 4 5 1320
2787 53040 54060 5 8 1020
2788 54180 55860 8 14 1680
2789 56700 58380 14 8 1680
2790 58500 59520 8 5 1020
2791 59640 60960 5 4 1320
2792 61080 62040 4 0 960
2793 50520 51900 0 2 1380
2794 52020 52800 2 10 780
2795 53040 55080 10 17 2040
2796 55200 57300 17 1 2100
2797 59100 61200 1 17 2100
2798 61320 63360 17 10 2040
2799 63600 64380 10 2 780
2800 64500 65880 2 0 1380
2801 50580 51540 3 5 960
2802 51660 52980 5 4 1320
2803 53100 54480 4 2 1380
2804 54720 56100 2 0 1380
2805 56940 58320 0 2 1380
2806 58440 59820 2 4 1380
2807 59940 61260 4 5 1320
2808 61380 62340 5 3 960
2809 50640 52020 10 11 1380
2810 52140 54720 11 3 2580
2811 54840 57480 3 12 2640
2812 60360 63000 12 3 2640
2813 63240 65820 3 11 2580
2814 65940 67320 11 10 1380
2815 51660 55260 18 17 3600
2816 55380 57480 17 1 2100
2817 57600 59280 1 9 1680
2818 60120 61800 9 1 1680
2819 61920 64020 1 17 2100
2820 64140 67740 17 18 3600
2821 52140 55020 0 1 2880
2822 55140 56820 1 9 1680
2823 56940 58800 9 16 1860
2824 60960 62820 16 9 1860
2825 62940 64620 9 1 1680
2826 64740 67620 1 0 2880
2827 55080 57660 11 3 2580
2828 57780 58740 3 5 960
2829 60420 61380 5 3 960
2830 61500 64080 3 11 2580
2831 55740 58620 0 1 2880
2832 58740 59580 1 15 840
2833 60180 61020 15 1 840
2834 61140 64020 1 0 2880
2835 55920 56880 0 4 960
2836 57000 58320 4 5 1320
2837 58440 60000 5 6 1560
2838 60240 61200 6 8 960
2839 62160 63120 8 6 960
2840 63360 64920 6 5 1560
2841 65040 66360 5 4 1320
2842 66480 67440 4 0 960
2843 57720 58680 0 4 960
2844 58800 62160 4 7 3360
2845 64740 68100 7 4 3360
2846 68220 69180 4 0 960
2847 57720 58680 0 4 960
2848 58800 62700 4 13 3900
2849 64260 68160 13 4 3900
2850 68280 69240 4 0 960
2851 57720 58680 0 4 960
2852 58800 60120 4 5 1320
2853 60240 61260 5 8 1020
2854 61380 63060 8 14 1680
2855 63900 65580 14 8 1680
2856 65700 66720 8 5 1020
2857 66840 68160 5 4 1320
2858 68280 69240 4 0 960
2859 57780 58740 3 5 960
2860 58860 60180 5 4 1320
2861 60300 61680 4 2 1380
2862 61920 63300 2 0 1380
2863 64140 65520 0 2 1380
2864 65640 67020 2 4 1380
2865 67140 68460 4 5 1320
2866 68580 69540 5 3 960
2867 61320 62700 0 2 1380
2868 62820 63600 2 10 780
2869 63840 65880 10 17 2040
2870 66000 68100 17 1 2100
2871 69900 72000 1 17 2100
2872 72120 74160 17 10 2040
2873 74400 75180 10 2 780
2874 75300 76680 2 0 1380
2875 61440 62820 10 11 1380
2876 62940 65520 11 3 2580
2877 65640 68280 3 12 2640
2878 71160 73800 12 3 2640
2879 74040 76620 3 11 2580
2880 76740 78120 11 10 1380
2881 61980 65580 18 17 3600
2882 65700 67740 17 10 2040
2883 67860 68640 10 2 780
2884 68760 70140 2 4 1380
2885 70260 71580 4 5 1320
2886 71700 72720 5 8 1020
2887 74040 75060 8 5 1020
2888 75180 76500 5 4 1320
2889 76620 78000 4 2 1380
2890 78120 78900 2 10 780
2891 79020 81060 10 17 2040
2892 62280 64860 11 3 2580
2893 64980 65940 3 5 960
2894 67620 68580 5 3 960
2895 68700 71280 3 11 2580
2896 62460 66060 18 17 3600
2897 66180 68280 17 1 2100
2898 68400 70080 1 9 1680
2899 70920 72600 9 1 1680
2900 72720 74820 1 17 2100
2901 74940 78540 17 18 3600
2902 62940 65820 0 1 2880
2903 65940 66780 1 15 840
2904 67380 68220 15 1 840
2905 68340 71220 1 0 2880
2906 62940 65820 0 1 2880
2907 65940 67620 1 9 1680
2908 67740 69600 9 16 1860
2909 71760 73620 16 9 1860
2910 73740 75420 9 1 1680
2911 75540 78420 1 0 2880
2912 63120 64080 0 4 960
2913 64200 65520 4 5 1320
2914 65640 67200 5 6 1560
2915 67440 68400 6 8 960
2916 69360 70320 8 6 960
2917 70560 72120 6 5 1560
2918 72240 73560 5 4 1320
2919 73680 74640 4 0 960
2920 64920 65880 0 4 960
2921 66000 69360 4 7 3360
2922 71940 75300 7 4 3360
2923 75420 76380 4 0 960
2924 64920 65880 0 4 960
2925 66000 69900 4 13 3900
2926 71460 75360 13 4 3900
2927 75480 76440 4 0 960
2928 64920 65880 0 4 960
2929 66000 67320 4 5 1320
2930 67440 68460 5 8 1020
2931 68580 70260 8 14 1680
2932 71100 72780 14 8 1680
2933 72900 73920 8 5 1020
2934 74040 75360 5 4 1320
2935 75480 76440 4 0 960
2936 64980 65940 3 5 960
2937 66060 67380 5 4 1320
2938 67500 68880 4 2 1380
2939 69120 70500 2 0 1380
2940 71340 72720 0 2 1380
2941 72840 74220 2 4 1380
2942 74340 75660 4 5 1320
2943 75780 76740 5 3 960
2944 69480 72060 11 3 2580
2945 72180 73140 3 5 960
2946 74820 75780 5 3 960
2947 75900 78480 3 11 2580
2948 70140 73020 0 1 2880
2949 73140 73980 1 15 840
2950 74580 75420 15 1 840
2951 75540 78420 1 0 2880
2952 70320 71280 0 4 960
2953 71400 72720 4 5 1320
2954 72840 74400 5 6 1560
2955 74640 75600 6 8 960
2956 76560 77520 8 6 960
2957 77760 79320 6 5 1560
2958 79440 80760 5 4 1320
2959 80880 81840 4 0 960
2960 72120 73080 0 4 960
2961 73200 76560 4 7 3360
2962 79140 82500 7 4 3360
2963 82620 83580 4 0 960
2964 72120 73080 0 4 960
2965 73200 77100 4 13 3900
2966 78660 82560 13 4 3900
2967 82680 83640 4 0 960
2968 72120 73080 0 4 960
2969 73200 74520 4 5 1320
2970 74640 75660 5 8 1020
2971 75780 77460 8 14 1680
2972 78300 79980 14 8 1680
2973 80100 81120 8 5 1020
2974 81240 82560 5 4 1320
2975 82680 83640 4 0 960
2976 72120 73500 0 2 1380
2977 73620 74400 2 10 780
2978 74640 76680 10 17 2040
2979 76800 78900 17 1 2100
2980 72180 73140 3 5 960
2981 73260 74580 5 4 1320
2982 74700 76080 4 2 1380
2983 76320 77700 2 0 1380
2984 78540 79920 0 2 1380
2985 80040 81420 2 4 1380
2986 81540 82860 4 5 1320
2987 72240 73620 10 11 1380
2988 73740 76320 11 3 2580
2989 76440 79080 3 12 2640
2990 73260 76860 18 17 3600
2991 76980 79080 17 1 2100
2992 73740 76620 0 1 2880
2993 76740 78420 1 9 1680
2994 76380 79980 18 17 3600
2995 80100 82140 17 10 2040
2996 82260 83040 10 2 780
2997 83160 84540 2 4 1380
2998 84660 85980 4 5 1320
2999 86100 87120 5 8 1020
3000 88440 89460 8 5 1020
3001 89580 90900 5 4 1320
3002 76680 79260 11 3 2580
3003 79380 80340 3 5 960
3004 82020 82980 5 3 960
3005 77340 80220 0 1 2880
3006 80340 81180 1 15 840
3007 81780 82620 15 1 840
3008 82740 85620 1 0 2880
3009 77520 78480 0 4 960
3010 78600 79920 4 5 1320
3011 80040 81600 5 6 1560
3012 81840 82800 6 8 960
3013 83760 84720 8 6 960
3014 84960 86520 6 5 1560
3015 86640 87960 5 4 1320
