4 34800 38580 13 5 3780
5 38700 39300 5 6 600
6 39420 41160 6 16 1740
7 41280 43860 16 14 2580
8 45600 49380 13 5 3780
9 49500 50100 5 6 600
10 50220 51960 6 16 1740
11 52080 54660 16 14 2580
12 56400 60180 13 5 3780
13 60300 60900 5 6 600
14 61020 62760 6 16 1740
15 62880 65460 16 14 2580
16 67200 70980 13 5 3780
17 71100 71700 5 6 600
18 71820 73560 6 16 1740
19 73680 76260 16 14 2580
20 78000 81780 13 5 3780
21 81900 82500 5 6 600
26 25920 28200 1 16 2280
27 28320 30060 16 6 1740
28 30180 30780 6 5 600
29 30900 32940 5 10 2040
30 34800 36840 10 5 2040
31 36960 37560 5 6 600
32 37680 39420 6 16 1740
33 39540 41820 16 1 2280
34 41940 43920 1 0 1980
35 44040 45600 0 3 1560
36 49200 51240 10 5 2040
37 51360 51960 5 6 600
38 52080 53820 6 16 1740
39 53940 56220 16 1 2280
40 56340 58320 1 0 1980
41 58440 60000 0 3 1560
42 63600 65640 10 5 2040
43 65760 66360 5 6 600
44 66480 68220 6 16 1740
45 68340 70620 16 1 2280
46 70740 72720 1 0 1980
47 72840 74400 0 3 1560
48 78000 80040 10 5 2040
49 80160 80760 5 6 600
50 80880 82620 6 16 1740
51 82740 85020 16 1 2280
52 85140 87120 1 0 1980
56 26040 28740 1 5 2700
57 28860 32640 5 13 3780
58 35820 39600 13 5 3780
59 39720 42420 5 1 2700
60 42540 44520 1 0 1980
61 44640 46200 0 3 1560
62 50220 54000 13 5 3780
63 54120 56820 5 1 2700
64 56940 58920 1 0 1980
65 59040 60600 0 3 1560
66 64620 68400 13 5 3780
67 68520 71220 5 1 2700
68 71340 73320 1 0 1980
69 73440 75000 0 3 1560
70 79020 82800 13 5 3780
71 82920 85620 5 1 2700
75 25260 27960 1 2 2700
76 28200 31560 2 0 3360
77 33540 36780 0 2 3240
78 36900 39600 2 1 2700
79 39720 42360 1 7 2640
80 44340 47580 0 2 3240
81 47700 50400 2 1 2700
82 50520 53160 1 7 2640
83 55140 58380 0 2 3240
84 58500 61200 2 1 2700
85 61320 63960 1 7 2640
86 65940 69180 0 2 3240
87 69300 72000 2 1 2700
88 72120 74760 1 7 2640
89 76740 79980 0 2 3240
90 80100 82800 2 1 2700
96 30900 32880 1 0 1980
97 33960 35940 0 1 1980
98 36060 38760 1 5 2700
99 38880 39480 5 6 600
100 39720 41640 6 8 1920
101 41880 44580 8 15 2700
102 48360 50340 0 1 1980
103 50460 53160 1 5 2700
104 53280 53880 5 6 600
105 54120 56040 6 8 1920
106 56280 58980 8 15 2700
107 62760 64740 0 1 1980
108 64860 67560 1 5 2700
109 67680 68280 5 6 600
110 68520 70440 6 8 1920
111 70680 73380 8 15 2700
112 77160 79140 0 1 1980
113 79260 81960 1 5 2700
114 82080 82680 5 6 600
115 82920 84840 6 8 1920
121 32160 34740 14 16 2580
122 34860 36780 16 8 1920
123 40860 42840 4 14 1980
124 42960 45540 14 16 2580
125 45660 47580 16 8 1920
126 51660 53640 4 14 1980
127 53760 56340 14 16 2580
128 56460 58380 16 8 1920
129 62460 64440 4 14 1980
130 64560 67140 14 16 2580
131 67260 69180 16 8 1920
132 73260 75240 4 14 1980
133 75360 77940 14 16 2580
134 78060 79980 16 8 1920
139 33600 36600 13 10 3000
140 36720 38760 10 5 2040
141 38880 39480 5 6 600
142 39600 41520 6 8 1920
143 44400 47400 13 10 3000
144 47520 49560 10 5 2040
145 49680 50280 5 6 600
146 50400 52320 6 8 1920
147 55200 58200 13 10 3000
148 58320 60360 10 5 2040
149 60480 61080 5 6 600
150 61200 63120 6 8 1920
151 66000 69000 13 10 3000
152 69120 71160 10 5 2040
153 71280 71880 5 6 600
154 72000 73920 6 8 1920
155 76800 79800 13 10 3000
156 79920 81960 10 5 2040
157 82080 82680 5 6 600
158 82800 84720 6 8 1920
161 28920 31560 1 7 2640
162 33180 35820 7 1 2640
163 36060 38760 1 2 2700
164 39000 42360 2 0 3360
165 43980 46620 7 1 2640
166 46860 49560 1 2 2700
167 49800 53160 2 0 3360
168 54780 57420 7 1 2640
169 57660 60360 1 2 2700
170 60600 63960 2 0 3360
171 65580 68220 7 1 2640
172 68460 71160 1 2 2700
173 71400 74760 2 0 3360
174 76380 79020 7 1 2640
175 79260 81960 1 2 2700
176 82200 85560 2 0 3360
180 27720 30000 16 1 2280
181 31920 34200 1 16 2280
182 34320 36240 16 8 1920
183 36360 38280 8 6 1920
184 38400 39000 6 5 600
185 42720 45000 1 16 2280
186 45120 47040 16 8 1920
187 47160 49080 8 6 1920
188 49200 49800 6 5 600
189 53520 55800 1 16 2280
190 55920 57840 16 8 1920
191 57960 59880 8 6 1920
192 60000 60600 6 5 600
193 64320 66600 1 16 2280
194 66720 68640 16 8 1920
195 68760 70680 8 6 1920
196 70800 71400 6 5 600
197 75120 77400 1 16 2280
198 77520 79440 16 8 1920
199 79560 81480 8 6 1920
200 81600 82200 6 5 600
205 33300 35220 8 6 1920
206 35340 35940 6 5 600
207 36060 38100 5 10 2040
208 38340 41340 10 13 3000
209 44100 46020 8 6 1920
210 46140 46740 6 5 600
211 46860 48900 5 10 2040
212 49140 52140 10 13 3000
213 54900 56820 8 6 1920
214 56940 57540 6 5 600
215 57660 59700 5 10 2040
216 59940 62940 10 13 3000
217 65700 67620 8 6 1920
218 67740 68340 6 5 600
219 68460 70500 5 10 2040
220 70740 73740 10 13 3000
221 76500 78420 8 6 1920
222 78540 79140 6 5 600
223 79260 81300 5 10 2040
224 81540 84540 10 13 3000
227 27660 29580 16 8 1920
228 33300 35220 8 16 1920
229 35340 37920 16 14 2580
230 38160 40140 14 4 1980
231 44100 46020 8 16 1920
232 46140 48720 16 14 2580
233 48960 50940 14 4 1980
234 54900 56820 8 16 1920
235 56940 59520 16 14 2580
236 59760 61740 14 4 1980
237 65700 67620 8 16 1920
238 67740 70320 16 14 2580
239 70560 72540 14 4 1980
240 76500 78420 8 16 1920
246 30960 34200 0 2 3240
247 34320 35040 2 4 720
248 35160 36420 4 11 1260
249 38160 41400 0 2 3240
250 41520 42240 2 4 720
251 42360 43620 4 11 1260
252 45360 48600 0 2 3240
253 48720 49440 2 4 720
254 49560 50820 4 11 1260
255 52560 55800 0 2 3240
256 55920 56640 2 4 720
257 56760 58020 4 11 1260
258 59760 63000 0 2 3240
259 63120 63840 2 4 720
260 63960 65220 4 11 1260
261 66960 70200 0 2 3240
262 70320 71040 2 4 720
263 71160 72420 4 11 1260
264 74160 77400 0 2 3240
265 77520 78240 2 4 720
269 30420 31980 0 3 1560
270 32100 35640 3 9 3540
271 37620 39180 0 3 1560
272 39300 42840 3 9 3540
273 44820 46380 0 3 1560
274 46500 50040 3 9 3540
275 52020 53580 0 3 1560
276 53700 57240 3 9 3540
277 59220 60780 0 3 1560
278 60900 64440 3 9 3540
279 66420 67980 0 3 1560
280 68100 71640 3 9 3540
281 73620 75180 0 3 1560
284 25260 27960 1 5 2700
285 28080 28680 5 6 600
286 28920 30840 6 8 1920
287 31080 33780 8 15 2700
288 36900 39600 15 8 2700
289 39720 41640 8 6 1920
290 41760 42360 6 5 600
291 42480 45180 5 1 2700
292 45300 47280 1 0 1980
293 51300 54000 15 8 2700
294 54120 56040 8 6 1920
295 56160 56760 6 5 600
296 56880 59580 5 1 2700
297 59700 61680 1 0 1980
298 65700 68400 15 8 2700
299 68520 70440 8 6 1920
300 70560 71160 6 5 600
301 71280 73980 5 1 2700
302 74100 76080 1 0 1980
305 28740 31020 16 1 2280
306 31140 33120 1 0 1980
307 34560 36540 0 1 1980
308 36660 38940 1 16 2280
309 39060 40980 16 8 1920
310 41100 44460 8 12 3360
311 45360 47340 0 1 1980
312 47460 49740 1 16 2280
313 49860 51780 16 8 1920
314 51900 55260 8 12 3360
315 56160 58140 0 1 1980
316 58260 60540 1 16 2280
317 60660 62580 16 8 1920
318 62700 66060 8 12 3360
319 66960 68940 0 1 1980
320 69060 71340 1 16 2280
321 71460 73380 16 8 1920
322 73500 76860 8 12 3360
323 77760 79740 0 1 1980
324 79860 82140 1 16 2280
325 82260 84180 16 8 1920
330 31740 34980 0 2 3240
331 35100 35820 2 4 720
332 35940 37920 4 14 1980
333 38940 42180 0 2 3240
334 42300 43020 2 4 720
335 43140 45120 4 14 1980
336 46140 49380 0 2 3240
337 49500 50220 2 4 720
338 50340 52320 4 14 1980
339 53340 56580 0 2 3240
340 56700 57420 2 4 720
341 57540 59520 4 14 1980
342 60540 63780 0 2 3240
343 63900 64620 2 4 720
344 64740 66720 4 14 1980
345 67740 70980 0 2 3240
346 71100 71820 2 4 720
347 71940 73920 4 14 1980
348 74940 78180 0 2 3240
349 78300 79020 2 4 720
354 33900 35460 3 0 1560
355 37440 40980 9 3 3540
356 41100 42660 3 0 1560
357 44640 48180 9 3 3540
358 48300 49860 3 0 1560
359 51840 55380 9 3 3540
360 55500 57060 3 0 1560
361 59040 62580 9 3 3540
362 62700 64260 3 0 1560
363 66240 69780 9 3 3540
364 69900 71460 3 0 1560
365 73440 76980 9 3 3540
366 77100 78660 3 0 1560
367 23520 25800 1 16 2280
368 25920 28500 16 14 2580
369 31980 34560 14 16 2580
370 34680 36960 16 1 2280
371 39180 41760 14 16 2580
372 41880 44160 16 1 2280
373 46380 48960 14 16 2580
374 49080 51360 16 1 2280
375 53580 56160 14 16 2580
376 56280 58560 16 1 2280
377 60780 63360 14 16 2580
378 63480 65760 16 1 2280
379 67980 70560 14 16 2580
380 70680 72960 16 1 2280
381 75180 77760 14 16 2580
382 77880 80160 16 1 2280
386 35100 38040 15 12 2940
387 38160 39660 12 10 1500
388 39780 42780 10 13 3000
389 45900 48840 15 12 2940
390 48960 50460 12 10 1500
391 50580 53580 10 13 3000
392 56700 59640 15 12 2940
393 59760 61260 12 10 1500
394 61380 64380 10 13 3000
395 67500 70440 15 12 2940
396 70560 72060 12 10 1500
397 72180 75180 10 13 3000
398 78300 81240 15 12 2940
399 81360 82860 12 10 1500
400 82980 85980 10 13 3000
403 27480 29760 16 1 2280
404 29880 32520 1 7 2640
405 35040 37680 7 1 2640
406 37800 40080 1 16 2280
407 40320 43140 16 2 2820
408 43260 43980 2 4 720
409 45840 48480 7 1 2640
410 48600 50880 1 16 2280
411 51120 53940 16 2 2820
412 54060 54780 2 4 720
413 56640 59280 7 1 2640
414 59400 61680 1 16 2280
415 61920 64740 16 2 2820
416 64860 65580 2 4 720
417 67440 70080 7 1 2640
418 70200 72480 1 16 2280
419 72720 75540 16 2 2820
420 75660 76380 2 4 720
421 78240 80880 7 1 2640
422 81000 83280 1 16 2280
426 25860 28500 1 7 2640
427 31980 34620 7 1 2640
428 34740 36720 1 0 1980
429 39180 41820 7 1 2640
430 41940 43920 1 0 1980
431 46380 49020 7 1 2640
432 49140 51120 1 0 1980
433 53580 56220 7 1 2640
434 56340 58320 1 0 1980
435 60780 63420 7 1 2640
436 63540 65520 1 0 1980
437 67980 70620 7 1 2640
438 70740 72720 1 0 1980
439 75180 77820 7 1 2640
442 25860 28140 1 16 2280
443 28260 30180 16 8 1920
444 30300 33660 8 12 3360
445 37620 40980 12 8 3360
446 41100 43020 8 16 1920
447 43140 45420 16 1 2280
448 45540 47520 1 0 1980
449 48420 51780 12 8 3360
450 51900 53820 8 16 1920
451 53940 56220 16 1 2280
452 56340 58320 1 0 1980
453 59220 62580 12 8 3360
454 62700 64620 8 16 1920
455 64740 67020 16 1 2280
456 67140 69120 1 0 1980
457 70020 73380 12 8 3360
458 73500 75420 8 16 1920
459 75540 77820 16 1 2280
466 32520 35760 2 0 3240
467 37380 38640 11 4 1260
468 38880 39600 4 2 720
469 39720 42960 2 0 3240
470 44580 45840 11 4 1260
471 46080 46800 4 2 720
472 46920 50160 2 0 3240
473 51780 53040 11 4 1260
474 53280 54000 4 2 720
475 54120 57360 2 0 3240
476 58980 60240 11 4 1260
477 60480 61200 4 2 720
478 61320 64560 2 0 3240
479 66180 67440 11 4 1260
480 67680 68400 4 2 720
481 68520 71760 2 0 3240
482 73380 74640 11 4 1260
483 74880 75600 4 2 720
484 75720 78960 2 0 3240
488 29040 30960 16 8 1920
489 31080 33780 8 15 2700
490 35460 38160 15 8 2700
491 38280 40200 8 16 1920
492 40320 43140 16 2 2820
493 43260 43980 2 4 720
494 44100 45360 4 11 1260
495 46260 48960 15 8 2700
496 49080 51000 8 16 1920
497 51120 53940 16 2 2820
498 54060 54780 2 4 720
499 54900 56160 4 11 1260
500 57060 59760 15 8 2700
501 59880 61800 8 16 1920
502 61920 64740 16 2 2820
503 64860 65580 2 4 720
504 65700 66960 4 11 1260
505 67860 70560 15 8 2700
506 70680 72600 8 16 1920
507 72720 75540 16 2 2820
508 75660 76380 2 4 720
509 76500 77760 4 11 1260
510 78660 81360 15 8 2700
511 81480 83400 8 16 1920
518 28740 31020 16 1 2280
519 31140 33120 1 0 1980
520 33240 34800 0 3 1560
521 36480 38040 3 0 1560
522 38160 40140 0 1 1980
523 40320 42600 1 16 2280
524 42720 44460 16 6 1740
525 44580 45180 6 5 600
526 45300 47340 5 10 2040
527 50880 52440 3 0 1560
528 52560 54540 0 1 1980
529 54720 57000 1 16 2280
530 57120 58860 16 6 1740
531 58980 59580 6 5 600
532 59700 61740 5 10 2040
533 65280 66840 3 0 1560
534 66960 68940 0 1 1980
535 69120 71400 1 16 2280
536 71520 73260 16 6 1740
537 73380 73980 6 5 600
538 74100 76140 5 10 2040
542 30480 33060 16 14 2580
543 36360 38940 14 16 2580
544 39060 40800 16 6 1740
545 40920 41520 6 5 600
546 41640 45420 5 13 3780
547 47160 49740 14 16 2580
548 49860 51600 16 6 1740
549 51720 52320 6 5 600
550 52440 56220 5 13 3780
551 57960 60540 14 16 2580
552 60660 62400 16 6 1740
553 62520 63120 6 5 600
554 63240 67020 5 13 3780
555 68760 71340 14 16 2580
556 71460 73200 16 6 1740
557 73320 73920 6 5 600
558 74040 77820 5 13 3780
562 30660 33300 1 7 2640
563 34920 37560 7 1 2640
564 37680 40380 1 5 2700
565 40500 42540 5 10 2040
566 42660 44160 10 12 1500
567 45720 48360 7 1 2640
568 48480 51180 1 5 2700
569 51300 53340 5 10 2040
570 53460 54960 10 12 1500
571 56520 59160 7 1 2640
572 59280 61980 1 5 2700
573 62100 64140 5 10 2040
574 64260 65760 10 12 1500
575 67320 69960 7 1 2640
576 70080 72780 1 5 2700
577 72900 74940 5 10 2040
578 75060 76560 10 12 1500
579 78120 80760 7 1 2640
580 80880 83580 1 5 2700
581 83700 85740 5 10 2040
584 26880 29580 1 5 2700
585 29700 31740 5 10 2040
586 31860 33360 10 12 1500
587 34860 36360 12 10 1500
588 36480 38520 10 5 2040
589 38640 41340 5 1 2700
590 41460 44100 1 7 2640
591 45660 47160 12 10 1500
592 47280 49320 10 5 2040
593 49440 52140 5 1 2700
594 52260 54900 1 7 2640
595 56460 57960 12 10 1500
596 58080 60120 10 5 2040
597 60240 62940 5 1 2700
598 63060 65700 1 7 2640
599 67260 68760 12 10 1500
600 68880 70920 10 5 2040
601 71040 73740 5 1 2700
602 73860 76500 1 7 2640
603 78060 79560 12 10 1500
604 79680 81720 10 5 2040
605 81840 84540 5 1 2700
608 27000 29280 1 16 2280
609 29520 32340 16 2 2820
610 32460 33180 2 4 720
611 34500 35220 4 2 720
612 35340 38160 2 16 2820
613 38280 40560 16 1 2280
614 40680 43320 1 7 2640
615 45300 46020 4 2 720
616 46140 48960 2 16 2820
617 49080 51360 16 1 2280
618 51480 54120 1 7 2640
619 56100 56820 4 2 720
620 56940 59760 2 16 2820
621 59880 62160 16 1 2280
622 62280 64920 1 7 2640
623 66900 67620 4 2 720
624 67740 70560 2 16 2820
625 70680 72960 16 1 2280
626 73080 75720 1 7 2640
627 77700 78420 4 2 720
628 78540 81360 2 16 2820
629 81480 83760 16 1 2280
634 34320 37320 13 10 3000
635 37440 38940 10 12 1500
636 39060 42000 12 15 2940
637 45120 48120 13 10 3000
638 48240 49740 10 12 1500
639 49860 52800 12 15 2940
640 55920 58920 13 10 3000
641 59040 60540 10 12 1500
642 60660 63600 12 15 2940
643 66720 69720 13 10 3000
644 69840 71340 10 12 1500
645 71460 74400 12 15 2940
646 77520 80520 13 10 3000
652 34020 36000 14 4 1980
653 36120 36840 4 2 720
654 36960 40200 2 0 3240
655 41220 43200 14 4 1980
656 43320 44040 4 2 720
657 44160 47400 2 0 3240
658 48420 50400 14 4 1980
659 50520 51240 4 2 720
660 51360 54600 2 0 3240
661 55620 57600 14 4 1980
662 57720 58440 4 2 720
663 58560 61800 2 0 3240
664 62820 64800 14 4 1980
665 64920 65640 4 2 720
666 65760 69000 2 0 3240
667 70020 72000 14 4 1980
668 72120 72840 4 2 720
669 72960 76200 2 0 3240
670 77220 79200 14 4 1980
671 79320 80040 4 2 720
672 80160 83400 2 0 3240
675 29520 32340 16 2 2820
676 32460 33180 2 4 720
677 33300 34560 4 11 1260
678 38280 39540 11 4 1260
679 39660 40380 4 2 720
680 40500 43320 2 16 2820
681 43440 45360 16 8 1920
682 45480 48180 8 15 2700
683 49080 50340 11 4 1260
684 50460 51180 4 2 720
685 51300 54120 2 16 2820
686 54240 56160 16 8 1920
687 56280 58980 8 15 2700
688 59880 61140 11 4 1260
689 61260 61980 4 2 720
690 62100 64920 2 16 2820
691 65040 66960 16 8 1920
692 67080 69780 8 15 2700
693 70680 71940 11 4 1260
694 72060 72780 4 2 720
695 72900 75720 2 16 2820
696 75840 77760 16 8 1920
698 24720 27000 1 16 2280
699 27120 29040 16 8 1920
700 29160 31080 8 6 1920
701 31200 31800 6 5 600
702 33600 34200 5 6 600
703 34320 36240 6 8 1920
704 36480 38400 8 16 1920
705 38520 40800 16 1 2280
706 44400 45000 5 6 600
707 45120 47040 6 8 1920
708 47280 49200 8 16 1920
709 49320 51600 16 1 2280
710 55200 55800 5 6 600
711 55920 57840 6 8 1920
712 58080 60000 8 16 1920
713 60120 62400 16 1 2280
714 66000 66600 5 6 600
715 66720 68640 6 8 1920
716 68880 70800 8 16 1920
717 70920 73200 16 1 2280
718 76800 77400 5 6 600
719 77520 79440 6 8 1920
720 79680 81600 8 16 1920
721 81720 84000 16 1 2280
725 29880 31620 16 6 1740
726 31740 32340 6 5 600
727 32460 34500 5 10 2040
728 34620 36120 10 12 1500
729 39480 40980 12 10 1500
730 41100 43140 10 5 2040
731 43260 43860 5 6 600
732 43980 45720 6 16 1740
733 45840 48660 16 2 2820
734 48780 49500 2 4 720
735 49620 50880 4 11 1260
736 53880 55380 12 10 1500
737 55500 57540 10 5 2040
738 57660 58260 5 6 600
739 58380 60120 6 16 1740
740 60240 63060 16 2 2820
741 63180 63900 2 4 720
742 64020 65280 4 11 1260
743 68280 69780 12 10 1500
744 69900 71940 10 5 2040
745 72060 72660 5 6 600
746 72780 74520 6 16 1740
747 74640 77460 16 2 2820
748 77580 78300 2 4 720
751 27540 29520 1 0 1980
752 30960 32940 0 1 1980
753 33060 35700 1 7 2640
754 38160 40140 0 1 1980
755 40260 42900 1 7 2640
756 45360 47340 0 1 1980
757 47460 50100 1 7 2640
758 52560 54540 0 1 1980
759 54660 57300 1 7 2640
760 59760 61740 0 1 1980
761 61860 64500 1 7 2640
762 66960 68940 0 1 1980
763 69060 71700 1 7 2640
764 74160 76140 0 1 1980
767 27480 29760 16 1 2280
768 30720 33000 1 16 2280
769 33120 35700 16 14 2580
770 37920 40200 1 16 2280
771 40320 42900 16 14 2580
772 45120 47400 1 16 2280
773 47520 50100 16 14 2580
774 52320 54600 1 16 2280
775 54720 57300 16 14 2580
776 59520 61800 1 16 2280
777 61920 64500 16 14 2580
778 66720 69000 1 16 2280
779 69120 71700 16 14 2580
780 73920 76200 1 16 2280
784 32220 33780 0 3 1560
785 33900 37440 3 9 3540
786 39420 40980 0 3 1560
787 41100 44640 3 9 3540
788 46620 48180 0 3 1560
789 48300 51840 3 9 3540
790 53820 55380 0 3 1560
791 55500 59040 3 9 3540
792 61020 62580 0 3 1560
793 62700 66240 3 9 3540
794 68220 69780 0 3 1560
795 69900 73440 3 9 3540
796 75420 76980 0 3 1560
801 35700 37260 3 0 1560
802 39240 42780 9 3 3540
803 42900 44460 3 0 1560
804 46440 49980 9 3 3540
805 50100 51660 3 0 1560
806 53640 57180 9 3 3540
807 57300 58860 3 0 1560
808 60840 64380 9 3 3540
809 64500 66060 3 0 1560
810 68040 71580 9 3 3540
811 71700 73260 3 0 1560
812 75240 78780 9 3 3540
815 28920 31620 5 1 2700
816 31740 33720 1 0 1980
817 33840 35400 0 3 1560
818 36660 38220 3 0 1560
819 38340 40320 0 1 1980
820 40440 43140 1 5 2700
821 43260 47040 5 13 3780
822 51060 52620 3 0 1560
823 52740 54720 0 1 1980
824 54840 57540 1 5 2700
825 57660 61440 5 13 3780
826 65460 67020 3 0 1560
827 67140 69120 0 1 1980
828 69240 71940 1 5 2700
829 72060 75840 5 13 3780
832 28860 29460 5 6 600
833 29580 31320 6 16 1740
834 31440 34260 16 2 2820
835 34380 35100 2 4 720
836 35220 36480 4 11 1260
837 39120 40380 11 4 1260
838 40500 41220 4 2 720
839 41340 44160 2 16 2820
840 44280 46020 16 6 1740
841 46140 46740 6 5 600
842 46860 48900 5 10 2040
843 49020 50520 10 12 1500
844 53520 54780 11 4 1260
845 54900 55620 4 2 720
846 55740 58560 2 16 2820
847 58680 60420 16 6 1740
848 60540 61140 6 5 600
849 61260 63300 5 10 2040
850 63420 64920 10 12 1500
851 67920 69180 11 4 1260
852 69300 70020 4 2 720
853 70140 72960 2 16 2820
854 73080 74820 16 6 1740
855 74940 75540 6 5 600
856 75660 77700 5 10 2040
857 77820 79320 10 12 1500
859 28260 30000 16 6 1740
860 30120 30720 6 5 600
861 30840 34620 5 13 3780
862 38400 42180 13 5 3780
863 42300 42900 5 6 600
864 43020 44760 6 16 1740
865 44880 47460 16 14 2580
866 49200 52980 13 5 3780
867 53100 53700 5 6 600
868 53820 55560 6 16 1740
869 55680 58260 16 14 2580
870 60000 63780 13 5 3780
871 63900 64500 5 6 600
872 64620 66360 6 16 1740
873 66480 69060 16 14 2580
874 70800 74580 13 5 3780
875 74700 75300 5 6 600
876 75420 77160 6 16 1740
880 29520 31800 1 16 2280
881 31920 33660 16 6 1740
882 33780 34380 6 5 600
883 34500 36540 5 10 2040
884 38400 40440 10 5 2040
885 40560 41160 5 6 600
886 41280 43020 6 16 1740
887 43140 45420 16 1 2280
888 45540 47520 1 0 1980
889 47640 49200 0 3 1560
890 52800 54840 10 5 2040
891 54960 55560 5 6 600
892 55680 57420 6 16 1740
893 57540 59820 16 1 2280
894 59940 61920 1 0 1980
895 62040 63600 0 3 1560
896 67200 69240 10 5 2040
897 69360 69960 5 6 600
898 70080 71820 6 16 1740
899 71940 74220 16 1 2280
900 74340 76320 1 0 1980
901 76440 78000 0 3 1560
904 29640 32340 1 5 2700
905 32460 36240 5 13 3780
906 39420 43200 13 5 3780
907 43320 46020 5 1 2700
908 46140 48120 1 0 1980
909 48240 49800 0 3 1560
910 53820 57600 13 5 3780
911 57720 60420 5 1 2700
912 60540 62520 1 0 1980
913 62640 64200 0 3 1560
914 68220 72000 13 5 3780
915 72120 74820 5 1 2700
916 74940 76920 1 0 1980
917 77040 78600 0 3 1560
919 28860 31560 1 2 2700
920 31800 35160 2 0 3360
921 37140 40380 0 2 3240
922 40500 43200 2 1 2700
923 43320 45960 1 7 2640
924 47940 51180 0 2 3240
925 51300 54000 2 1 2700
926 54120 56760 1 7 2640
927 58740 61980 0 2 3240
928 62100 64800 2 1 2700
929 64920 67560 1 7 2640
930 69540 72780 0 2 3240
931 72900 75600 2 1 2700
935 30960 31560 6 5 600
936 31680 34380 5 1 2700
937 34500 36480 1 0 1980
938 37560 39540 0 1 1980
939 39660 42360 1 5 2700
940 42480 43080 5 6 600
941 43320 45240 6 8 1920
942 45480 48180 8 15 2700
943 51960 53940 0 1 1980
944 54060 56760 1 5 2700
945 56880 57480 5 6 600
946 57720 59640 6 8 1920
947 59880 62580 8 15 2700
948 66360 68340 0 1 1980
949 68460 71160 1 5 2700
950 71280 71880 5 6 600
951 72120 74040 6 8 1920
952 74280 76980 8 15 2700
954 28140 30720 16 14 2580
955 30960 32940 14 4 1980
956 33660 35640 4 14 1980
957 35760 38340 14 16 2580
958 38460 40380 16 8 1920
959 44460 46440 4 14 1980
960 46560 49140 14 16 2580
961 49260 51180 16 8 1920
962 55260 57240 4 14 1980
963 57360 59940 14 16 2580
964 60060 61980 16 8 1920
965 66060 68040 4 14 1980
966 68160 70740 14 16 2580
967 70860 72780 16 8 1920
968 76860 78840 4 14 1980
969 78960 81540 14 16 2580
970 81660 83580 16 8 1920
973 28860 30900 5 10 2040
974 31140 34140 10 13 3000
975 37200 40200 13 10 3000
976 40320 42360 10 5 2040
977 42480 43080 5 6 600
978 43200 45120 6 8 1920
979 48000 51000 13 10 3000
980 51120 53160 10 5 2040
981 53280 53880 5 6 600
982 54000 55920 6 8 1920
983 58800 61800 13 10 3000
984 61920 63960 10 5 2040
985 64080 64680 5 6 600
986 64800 66720 6 8 1920
987 69600 72600 13 10 3000
988 72720 74760 10 5 2040
989 74880 75480 5 6 600
990 75600 77520 6 8 1920
992 29700 32400 2 1 2700
993 32520 35160 1 7 2640
994 36780 39420 7 1 2640
995 39660 42360 1 2 2700
996 42600 45960 2 0 3360
997 47580 50220 7 1 2640
998 50460 53160 1 2 2700
999 53400 56760 2 0 3360
1000 58380 61020 7 1 2640
1001 61260 63960 1 2 2700
1002 64200 67560 2 0 3360
1003 69180 71820 7 1 2640
1004 72060 74760 1 2 2700
1005 75000 78360 2 0 3360
1009 31320 33600 16 1 2280
1010 35520 37800 1 16 2280
1011 37920 39840 16 8 1920
1012 39960 41880 8 6 1920
1013 42000 42600 6 5 600
1014 46320 48600 1 16 2280
1015 48720 50640 16 8 1920
1016 50760 52680 8 6 1920
1017 52800 53400 6 5 600
1018 57120 59400 1 16 2280
1019 59520 61440 16 8 1920
1020 61560 63480 8 6 1920
1021 63600 64200 6 5 600
1022 67920 70200 1 16 2280
1023 70320 72240 16 8 1920
1024 72360 74280 8 6 1920
1025 74400 75000 6 5 600
1026 78720 81000 1 16 2280
1027 81120 83040 16 8 1920
1028 83160 85080 8 6 1920
1029 85200 85800 6 5 600
1032 31680 32280 5 6 600
1033 32400 34320 6 8 1920
1034 36900 38820 8 6 1920
1035 38940 39540 6 5 600
1036 39660 41700 5 10 2040
1037 41940 44940 10 13 3000
1038 47700 49620 8 6 1920
1039 49740 50340 6 5 600
1040 50460 52500 5 10 2040
1041 52740 55740 10 13 3000
1042 58500 60420 8 6 1920
1043 60540 61140 6 5 600
1044 61260 63300 5 10 2040
1045 63540 66540 10 13 3000
1046 69300 71220 8 6 1920
1047 71340 71940 6 5 600
1048 72060 74100 5 10 2040
1049 74340 77340 10 13 3000
1052 31260 33180 16 8 1920
1053 36900 38820 8 16 1920
1054 38940 41520 16 14 2580
1055 41760 43740 14 4 1980
1056 47700 49620 8 16 1920
1057 49740 52320 16 14 2580
1058 52560 54540 14 4 1980
1059 58500 60420 8 16 1920
1060 60540 63120 16 14 2580
1061 63360 65340 14 4 1980
1062 69300 71220 8 16 1920
1063 71340 73920 16 14 2580
1064 74160 76140 14 4 1980
1067 28920 32160 2 0 3240
1068 34560 37800 0 2 3240
1069 37920 38640 2 4 720
1070 38760 40020 4 11 1260
1071 41760 45000 0 2 3240
1072 45120 45840 2 4 720
1073 45960 47220 4 11 1260
1074 48960 52200 0 2 3240
1075 52320 53040 2 4 720
1076 53160 54420 4 11 1260
1077 56160 59400 0 2 3240
1078 59520 60240 2 4 720
1079 60360 61620 4 11 1260
1080 63360 66600 0 2 3240
1081 66720 67440 2 4 720
1082 67560 68820 4 11 1260
1083 70560 73800 0 2 3240
1084 73920 74640 2 4 720
1085 74760 76020 4 11 1260
1086 77760 81000 0 2 3240
1091 34020 35580 0 3 1560
1092 35700 39240 3 9 3540
1093 41220 42780 0 3 1560
1094 42900 46440 3 9 3540
1095 48420 49980 0 3 1560
1096 50100 53640 3 9 3540
1097 55620 57180 0 3 1560
1098 57300 60840 3 9 3540
1099 62820 64380 0 3 1560
1100 64500 68040 3 9 3540
1101 70020 71580 0 3 1560
1102 71700 75240 3 9 3540
1103 77220 78780 0 3 1560
1106 28860 31560 1 5 2700
1107 31680 32280 5 6 600
1108 32520 34440 6 8 1920
1109 34680 37380 8 15 2700
1110 40500 43200 15 8 2700
1111 43320 45240 8 6 1920
1112 45360 45960 6 5 600
1113 46080 48780 5 1 2700
1114 48900 50880 1 0 1980
1115 54900 57600 15 8 2700
1116 57720 59640 8 6 1920
1117 59760 60360 6 5 600
1118 60480 63180 5 1 2700
1119 63300 65280 1 0 1980
1120 69300 72000 15 8 2700
1121 72120 74040 8 6 1920
1122 74160 74760 6 5 600
1123 74880 77580 5 1 2700
1126 30300 32220 8 16 1920
1127 32340 34620 16 1 2280
1128 34740 36720 1 0 1980
1129 38160 40140 0 1 1980
1130 40260 42540 1 16 2280
1131 42660 44580 16 8 1920
1132 44700 48060 8 12 3360
1133 48960 50940 0 1 1980
1134 51060 53340 1 16 2280
1135 53460 55380 16 8 1920
1136 55500 58860 8 12 3360
1137 59760 61740 0 1 1980
1138 61860 64140 1 16 2280
1139 64260 66180 16 8 1920
1140 66300 69660 8 12 3360
1141 70560 72540 0 1 1980
1142 72660 74940 1 16 2280
1143 75060 76980 16 8 1920
1144 77100 80460 8 12 3360
1147 29760 33000 2 0 3240
1148 35340 38580 0 2 3240
1149 38700 39420 2 4 720
1150 39540 41520 4 14 1980
1151 42540 45780 0 2 3240
1152 45900 46620 2 4 720
1153 46740 48720 4 14 1980
1154 49740 52980 0 2 3240
1155 53100 53820 2 4 720
1156 53940 55920 4 14 1980
1157 56940 60180 0 2 3240
1158 60300 61020 2 4 720
1159 61140 63120 4 14 1980
1160 64140 67380 0 2 3240
1161 67500 68220 2 4 720
1162 68340 70320 4 14 1980
1163 71340 74580 0 2 3240
1164 74700 75420 2 4 720
1165 75540 77520 4 14 1980
1172 37500 39060 3 0 1560
1173 41040 44580 9 3 3540
1174 44700 46260 3 0 1560
1175 48240 51780 9 3 3540
1176 51900 53460 3 0 1560
1177 55440 58980 9 3 3540
1178 59100 60660 3 0 1560
1179 62640 66180 9 3 3540
1180 66300 67860 3 0 1560
1181 69840 73380 9 3 3540
1182 73500 75060 3 0 1560
1183 77040 80580 9 3 3540
1184 80700 82260 3 0 1560
1185 27120 29400 1 16 2280
1186 29520 32100 16 14 2580
1187 35580 38160 14 16 2580
1188 38280 40560 16 1 2280
1189 42780 45360 14 16 2580
1190 45480 47760 16 1 2280
1191 49980 52560 14 16 2580
1192 52680 54960 16 1 2280
1193 57180 59760 14 16 2580
1194 59880 62160 16 1 2280
1195 64380 66960 14 16 2580
1196 67080 69360 16 1 2280
1197 71580 74160 14 16 2580
1198 74280 76560 16 1 2280
1199 78780 81360 14 16 2580
1200 81480 83760 16 1 2280
1204 38700 41640 15 12 2940
1205 41760 43260 12 10 1500
1206 43380 46380 10 13 3000
1207 49500 52440 15 12 2940
1208 52560 54060 12 10 1500
1209 54180 57180 10 13 3000
1210 60300 63240 15 12 2940
1211 63360 64860 12 10 1500
1212 64980 67980 10 13 3000
1213 71100 74040 15 12 2940
1214 74160 75660 12 10 1500
1218 31080 33360 16 1 2280
1219 33480 36120 1 7 2640
1220 38640 41280 7 1 2640
1221 41400 43680 1 16 2280
1222 43920 46740 16 2 2820
1223 46860 47580 2 4 720
1224 49440 52080 7 1 2640
1225 52200 54480 1 16 2280
1226 54720 57540 16 2 2820
1227 57660 58380 2 4 720
1228 60240 62880 7 1 2640
1229 63000 65280 1 16 2280
1230 65520 68340 16 2 2820
1231 68460 69180 2 4 720
1232 71040 73680 7 1 2640
1233 73800 76080 1 16 2280
1234 76320 79140 16 2 2820
1237 29460 32100 1 7 2640
1238 35580 38220 7 1 2640
1239 38340 40320 1 0 1980
1240 42780 45420 7 1 2640
1241 45540 47520 1 0 1980
1242 49980 52620 7 1 2640
1243 52740 54720 1 0 1980
1244 57180 59820 7 1 2640
1245 59940 61920 1 0 1980
1246 64380 67020 7 1 2640
1247 67140 69120 1 0 1980
1248 71580 74220 7 1 2640
1249 74340 76320 1 0 1980
1250 78780 81420 7 1 2640
1251 81540 83520 1 0 1980
1253 29460 31740 1 16 2280
1254 31860 33780 16 8 1920
1255 33900 37260 8 12 3360
1256 41220 44580 12 8 3360
1257 44700 46620 8 16 1920
1258 46740 49020 16 1 2280
1259 49140 51120 1 0 1980
1260 52020 55380 12 8 3360
1261 55500 57420 8 16 1920
1262 57540 59820 16 1 2280
1263 59940 61920 1 0 1980
1264 62820 66180 12 8 3360
1265 66300 68220 8 16 1920
1266 68340 70620 16 1 2280
1267 70740 72720 1 0 1980
1268 73620 76980 12 8 3360
1269 77100 79020 8 16 1920
1270 79140 81420 16 1 2280
1271 81540 83520 1 0 1980
1273 30720 31440 2 4 720
1274 31560 32820 4 11 1260
1275 33780 35040 11 4 1260
1276 35280 36000 4 2 720
1277 36120 39360 2 0 3240
1278 40980 42240 11 4 1260
1279 42480 43200 4 2 720
1280 43320 46560 2 0 3240
1281 48180 49440 11 4 1260
1282 49680 50400 4 2 720
1283 50520 53760 2 0 3240
1284 55380 56640 11 4 1260
1285 56880 57600 4 2 720
1286 57720 60960 2 0 3240
1287 62580 63840 11 4 1260
1288 64080 64800 4 2 720
1289 64920 68160 2 0 3240
1290 69780 71040 11 4 1260
1291 71280 72000 4 2 720
1292 72120 75360 2 0 3240
1293 76980 78240 11 4 1260
1294 78480 79200 4 2 720
1295 79320 82560 2 0 3240
1298 29700 32520 2 16 2820
1299 32640 34560 16 8 1920
1300 34680 37380 8 15 2700
1301 39060 41760 15 8 2700
1302 41880 43800 8 16 1920
1303 43920 46740 16 2 2820
1304 46860 47580 2 4 720
1305 47700 48960 4 11 1260
1306 49860 52560 15 8 2700
1307 52680 54600 8 16 1920
1308 54720 57540 16 2 2820
1309 57660 58380 2 4 720
1310 58500 59760 4 11 1260
1311 60660 63360 15 8 2700
1312 63480 65400 8 16 1920
1313 65520 68340 16 2 2820
1314 68460 69180 2 4 720
1315 69300 70560 4 11 1260
1316 71460 74160 15 8 2700
1317 74280 76200 8 16 1920
1318 76320 79140 16 2 2820
1322 29760 30360 5 6 600
1323 30480 32220 6 16 1740
1324 32340 34620 16 1 2280
1325 34740 36720 1 0 1980
1326 36840 38400 0 3 1560
1327 40080 41640 3 0 1560
1328 41760 43740 0 1 1980
1329 43920 46200 1 16 2280
1330 46320 48060 16 6 1740
1331 48180 48780 6 5 600
1332 48900 50940 5 10 2040
1333 54480 56040 3 0 1560
1334 56160 58140 0 1 1980
1335 58320 60600 1 16 2280
1336 60720 62460 16 6 1740
1337 62580 63180 6 5 600
1338 63300 65340 5 10 2040
1339 68880 70440 3 0 1560
1340 70560 72540 0 1 1980
1341 72720 75000 1 16 2280
1342 75120 76860 16 6 1740
1343 76980 77580 6 5 600
1344 77700 79740 5 10 2040
1346 31500 32100 5 6 600
1347 32220 33960 6 16 1740
1348 34080 36660 16 14 2580
1349 39960 42540 14 16 2580
1350 42660 44400 16 6 1740
1351 44520 45120 6 5 600
1352 45240 49020 5 13 3780
1353 50760 53340 14 16 2580
1354 53460 55200 16 6 1740
1355 55320 55920 6 5 600
1356 56040 59820 5 13 3780
1357 61560 64140 14 16 2580
1358 64260 66000 16 6 1740
1359 66120 66720 6 5 600
1360 66840 70620 5 13 3780
1361 72360 74940 14 16 2580
1362 75060 76800 16 6 1740
1363 76920 77520 6 5 600
1367 31440 34140 5 1 2700
1368 34260 36900 1 7 2640
1369 38520 41160 7 1 2640
1370 41280 43980 1 5 2700
1371 44100 46140 5 10 2040
1372 46260 47760 10 12 1500
1373 49320 51960 7 1 2640
1374 52080 54780 1 5 2700
1375 54900 56940 5 10 2040
1376 57060 58560 10 12 1500
1377 60120 62760 7 1 2640
1378 62880 65580 1 5 2700
1379 65700 67740 5 10 2040
1380 67860 69360 10 12 1500
1381 70920 73560 7 1 2640
1382 73680 76380 1 5 2700
1383 76500 78540 5 10 2040
1384 78660 80160 10 12 1500
1386 30480 33180 1 5 2700
1387 33300 35340 5 10 2040
1388 35460 36960 10 12 1500
1389 38460 39960 12 10 1500
1390 40080 42120 10 5 2040
1391 42240 44940 5 1 2700
1392 45060 47700 1 7 2640
1393 49260 50760 12 10 1500
1394 50880 52920 10 5 2040
1395 53040 55740 5 1 2700
1396 55860 58500 1 7 2640
1397 60060 61560 12 10 1500
1398 61680 63720 10 5 2040
1399 63840 66540 5 1 2700
1400 66660 69300 1 7 2640
1401 70860 72360 12 10 1500
1402 72480 74520 10 5 2040
1403 74640 77340 5 1 2700
1406 30600 32880 1 16 2280
1407 33120 35940 16 2 2820
1408 36060 36780 2 4 720
1409 38100 38820 4 2 720
1410 38940 41760 2 16 2820
1411 41880 44160 16 1 2280
1412 44280 46920 1 7 2640
1413 48900 49620 4 2 720
1414 49740 52560 2 16 2820
1415 52680 54960 16 1 2280
1416 55080 57720 1 7 2640
1417 59700 60420 4 2 720
1418 60540 63360 2 16 2820
1419 63480 65760 16 1 2280
1420 65880 68520 1 7 2640
1421 70500 71220 4 2 720
1422 71340 74160 2 16 2820
1423 74280 76560 16 1 2280
1427 32580 35580 10 13 3000
1428 37920 40920 13 10 3000
1429 41040 42540 10 12 1500
1430 42660 45600 12 15 2940
1431 48720 51720 13 10 3000
1432 51840 53340 10 12 1500
1433 53460 56400 12 15 2940
1434 59520 62520 13 10 3000
1435 62640 64140 10 12 1500
1436 64260 67200 12 15 2940
1437 70320 73320 13 10 3000
1438 73440 74940 10 12 1500
1439 75060 78000 12 15 2940
1441 31500 32220 2 4 720
1442 32340 34320 4 14 1980
1443 37620 39600 14 4 1980
1444 39720 40440 4 2 720
1445 40560 43800 2 0 3240
1446 44820 46800 14 4 1980
1447 46920 47640 4 2 720
1448 47760 51000 2 0 3240
1449 52020 54000 14 4 1980
1450 54120 54840 4 2 720
1451 54960 58200 2 0 3240
1452 59220 61200 14 4 1980
1453 61320 62040 4 2 720
1454 62160 65400 2 0 3240
1455 66420 68400 14 4 1980
1456 68520 69240 4 2 720
1457 69360 72600 2 0 3240
1458 73620 75600 14 4 1980
1459 75720 76440 4 2 720
1462 31080 33000 8 16 1920
1463 33120 35940 16 2 2820
1464 36060 36780 2 4 720
1465 36900 38160 4 11 1260
1466 41880 43140 11 4 1260
1467 43260 43980 4 2 720
1468 44100 46920 2 16 2820
1469 47040 48960 16 8 1920
1470 49080 51780 8 15 2700
1471 52680 53940 11 4 1260
1472 54060 54780 4 2 720
1473 54900 57720 2 16 2820
1474 57840 59760 16 8 1920
1475 59880 62580 8 15 2700
1476 63480 64740 11 4 1260
1477 64860 65580 4 2 720
1478 65700 68520 2 16 2820
1479 68640 70560 16 8 1920
1480 70680 73380 8 15 2700
1481 74280 75540 11 4 1260
1482 75660 76380 4 2 720
1483 76500 79320 2 16 2820
1484 79440 81360 16 8 1920
1486 28320 30600 1 16 2280
1487 30720 32640 16 8 1920
1488 32760 34680 8 6 1920
1489 34800 35400 6 5 600
1490 37200 37800 5 6 600
1491 37920 39840 6 8 1920
1492 40080 42000 8 16 1920
1493 42120 44400 16 1 2280
1494 48000 48600 5 6 600
1495 48720 50640 6 8 1920
1496 50880 52800 8 16 1920
1497 52920 55200 16 1 2280
1498 58800 59400 5 6 600
1499 59520 61440 6 8 1920
1500 61680 63600 8 16 1920
1501 63720 66000 16 1 2280
1502 69600 70200 5 6 600
1503 70320 72240 6 8 1920
1504 72480 74400 8 16 1920
1505 74520 76800 16 1 2280
1508 30540 33360 2 16 2820
1509 33480 35220 16 6 1740
1510 35340 35940 6 5 600
1511 36060 38100 5 10 2040
1512 38220 39720 10 12 1500
1513 43080 44580 12 10 1500
1514 44700 46740 10 5 2040
1515 46860 47460 5 6 600
1516 47580 49320 6 16 1740
1517 49440 52260 16 2 2820
1518 52380 53100 2 4 720
1519 53220 54480 4 11 1260
1520 57480 58980 12 10 1500
1521 59100 61140 10 5 2040
1522 61260 61860 5 6 600
1523 61980 63720 6 16 1740
1524 63840 66660 16 2 2820
1525 66780 67500 2 4 720
1526 67620 68880 4 11 1260
1527 71880 73380 12 10 1500
1528 73500 75540 10 5 2040
1529 75660 76260 5 6 600
1530 76380 78120 6 16 1740
1531 78240 81060 16 2 2820
1535 31140 33120 1 0 1980
1536 34560 36540 0 1 1980
1537 36660 39300 1 7 2640
1538 41760 43740 0 1 1980
1539 43860 46500 1 7 2640
1540 48960 50940 0 1 1980
1541 51060 53700 1 7 2640
1542 56160 58140 0 1 1980
1543 58260 60900 1 7 2640
1544 63360 65340 0 1 1980
1545 65460 68100 1 7 2640
1546 70560 72540 0 1 1980
1547 72660 75300 1 7 2640
1548 77760 79740 0 1 1980
1551 31080 33360 16 1 2280
1552 34320 36600 1 16 2280
1553 36720 39300 16 14 2580
1554 41520 43800 1 16 2280
1555 43920 46500 16 14 2580
1556 48720 51000 1 16 2280
1557 51120 53700 16 14 2580
1558 55920 58200 1 16 2280
1559 58320 60900 16 14 2580
1560 63120 65400 1 16 2280
1561 65520 68100 16 14 2580
1562 70320 72600 1 16 2280
1563 72720 75300 16 14 2580
1564 77520 79800 1 16 2280
1568 35820 37380 0 3 1560
1569 37500 41040 3 9 3540
1570 43020 44580 0 3 1560
1571 44700 48240 3 9 3540
1572 50220 51780 0 3 1560
1573 51900 55440 3 9 3540
1574 57420 58980 0 3 1560
1575 59100 62640 3 9 3540
1576 64620 66180 0 3 1560
1577 66300 69840 3 9 3540
1578 71820 73380 0 3 1560
1579 73500 77040 3 9 3540
1580 79020 80580 0 3 1560
1585 39300 40860 3 0 1560
1586 42840 46380 9 3 3540
1587 46500 48060 3 0 1560
1588 50040 53580 9 3 3540
1589 53700 55260 3 0 1560
1590 57240 60780 9 3 3540
1591 60900 62460 3 0 1560
1592 64440 67980 9 3 3540
1593 68100 69660 3 0 1560
1594 71640 75180 9 3 3540
1595 75300 76860 3 0 1560
1596 78840 82380 9 3 3540
1597 82500 84060 3 0 1560
1599 32520 35220 5 1 2700
1600 35340 37320 1 0 1980
1601 37440 39000 0 3 1560
1602 40260 41820 3 0 1560
1603 41940 43920 0 1 1980
1604 44040 46740 1 5 2700
1605 46860 50640 5 13 3780
1606 54660 56220 3 0 1560
1607 56340 58320 0 1 1980
1608 58440 61140 1 5 2700
1609 61260 65040 5 13 3780
1610 69060 70620 3 0 1560
1611 70740 72720 0 1 1980
1612 72840 75540 1 5 2700
1616 32460 33060 5 6 600
1617 33180 34920 6 16 1740
1618 35040 37860 16 2 2820
1619 37980 38700 2 4 720
1620 38820 40080 4 11 1260
1621 42720 43980 11 4 1260
1622 44100 44820 4 2 720
1623 44940 47760 2 16 2820
1624 47880 49620 16 6 1740
1625 49740 50340 6 5 600
1626 50460 52500 5 10 2040
1627 52620 54120 10 12 1500
1628 57120 58380 11 4 1260
1629 58500 59220 4 2 720
1630 59340 62160 2 16 2820
1631 62280 64020 16 6 1740
1632 64140 64740 6 5 600
1633 64860 66900 5 10 2040
1634 67020 68520 10 12 1500
1635 71520 72780 11 4 1260
1636 72900 73620 4 2 720
1637 73740 76560 2 16 2820
1638 76680 78420 16 6 1740
1639 78540 79140 6 5 600
1640 79260 81300 5 10 2040
1642 29160 31740 14 16 2580
1643 31860 33600 16 6 1740
1644 33720 34320 6 5 600
1645 34440 38220 5 13 3780
1646 42000 45780 13 5 3780
1647 45900 46500 5 6 600
1648 46620 48360 6 16 1740
1649 48480 51060 16 14 2580
1650 52800 56580 13 5 3780
1651 56700 57300 5 6 600
1652 57420 59160 6 16 1740
1653 59280 61860 16 14 2580
1654 63600 67380 13 5 3780
1655 67500 68100 5 6 600
1656 68220 69960 6 16 1740
1657 70080 72660 16 14 2580
1658 74400 78180 13 5 3780
1659 78300 78900 5 6 600
1660 79020 80760 6 16 1740
1663 30960 32940 0 1 1980
1664 33120 35400 1 16 2280
1665 35520 37260 16 6 1740
1666 37380 37980 6 5 600
1667 38100 40140 5 10 2040
1668 42000 44040 10 5 2040
1669 44160 44760 5 6 600
1670 44880 46620 6 16 1740
1671 46740 49020 16 1 2280
1672 49140 51120 1 0 1980
1673 51240 52800 0 3 1560
1674 56400 58440 10 5 2040
1675 58560 59160 5 6 600
1676 59280 61020 6 16 1740
1677 61140 63420 16 1 2280
1678 63540 65520 1 0 1980
1679 65640 67200 0 3 1560
1680 70800 72840 10 5 2040
1681 72960 73560 5 6 600
1682 73680 75420 6 16 1740
1683 75540 77820 16 1 2280
1684 77940 79920 1 0 1980
1685 80040 81600 0 3 1560
1687 31140 33120 0 1 1980
1688 33240 35940 1 5 2700
1689 36060 39840 5 13 3780
1690 43020 46800 13 5 3780
1691 46920 49620 5 1 2700
1692 49740 51720 1 0 1980
1693 51840 53400 0 3 1560
1694 57420 61200 13 5 3780
1695 61320 64020 5 1 2700
1696 64140 66120 1 0 1980
1697 66240 67800 0 3 1560
1698 71820 75600 13 5 3780
1699 75720 78420 5 1 2700
1702 29580 32220 7 1 2640
1703 32460 35160 1 2 2700
1704 35400 38760 2 0 3360
1705 40740 43980 0 2 3240
1706 44100 46800 2 1 2700
1707 46920 49560 1 7 2640
1708 51540 54780 0 2 3240
1709 54900 57600 2 1 2700
1710 57720 60360 1 7 2640
1711 62340 65580 0 2 3240
1712 65700 68400 2 1 2700
1713 68520 71160 1 7 2640
1714 73140 76380 0 2 3240
1715 76500 79200 2 1 2700
1718 32520 34440 8 6 1920
1719 34560 35160 6 5 600
1720 35280 37980 5 1 2700
1721 38100 40080 1 0 1980
1722 41160 43140 0 1 1980
1723 43260 45960 1 5 2700
1724 46080 46680 5 6 600
1725 46920 48840 6 8 1920
1726 49080 51780 8 15 2700
1727 55560 57540 0 1 1980
1728 57660 60360 1 5 2700
1729 60480 61080 5 6 600
1730 61320 63240 6 8 1920
1731 63480 66180 8 15 2700
1732 69960 71940 0 1 1980
1733 72060 74760 1 5 2700
1734 74880 75480 5 6 600
1735 75720 77640 6 8 1920
1737 29700 31620 8 16 1920
1738 31740 34320 16 14 2580
1739 34560 36540 14 4 1980
1740 37260 39240 4 14 1980
1741 39360 41940 14 16 2580
1742 42060 43980 16 8 1920
1743 48060 50040 4 14 1980
1744 50160 52740 14 16 2580
1745 52860 54780 16 8 1920
1746 58860 60840 4 14 1980
1747 60960 63540 14 16 2580
1748 63660 65580 16 8 1920
1749 69660 71640 4 14 1980
1750 71760 74340 14 16 2580
1751 74460 76380 16 8 1920
1752 29700 31620 8 6 1920
1753 31740 32340 6 5 600
1754 32460 34500 5 10 2040
1755 34740 37740 10 13 3000
1756 40800 43800 13 10 3000
1757 43920 45960 10 5 2040
1758 46080 46680 5 6 600
1759 46800 48720 6 8 1920
1760 51600 54600 13 10 3000
1761 54720 56760 10 5 2040
1762 56880 57480 5 6 600
1763 57600 59520 6 8 1920
1764 62400 65400 13 10 3000
1765 65520 67560 10 5 2040
1766 67680 68280 5 6 600
1767 68400 70320 6 8 1920
1768 73200 76200 13 10 3000
1769 76320 78360 10 5 2040
1770 78480 79080 5 6 600
1771 79200 81120 6 8 1920
1773 33300 36000 2 1 2700
1774 36120 38760 1 7 2640
1775 40380 43020 7 1 2640
1776 43260 45960 1 2 2700
1777 46200 49560 2 0 3360
1778 51180 53820 7 1 2640
1779 54060 56760 1 2 2700
1780 57000 60360 2 0 3360
1781 61980 64620 7 1 2640
1782 64860 67560 1 2 2700
1783 67800 71160 2 0 3360
1784 72780 75420 7 1 2640
1785 75660 78360 1 2 2700
1786 78600 81960 2 0 3360
1787 30000 30600 5 6 600
1788 30720 32640 6 8 1920
1789 32880 34800 8 16 1920
1790 34920 37200 16 1 2280
1791 39120 41400 1 16 2280
1792 41520 43440 16 8 1920
1793 43560 45480 8 6 1920
1794 45600 46200 6 5 600
1795 49920 52200 1 16 2280
1796 52320 54240 16 8 1920
1797 54360 56280 8 6 1920
1798 56400 57000 6 5 600
1799 60720 63000 1 16 2280
1800 63120 65040 16 8 1920
1801 65160 67080 8 6 1920
1802 67200 67800 6 5 600
1803 71520 73800 1 16 2280
1804 73920 75840 16 8 1920
1805 75960 77880 8 6 1920
1806 78000 78600 6 5 600
1808 33120 35160 10 5 2040
1809 35280 35880 5 6 600
1810 36000 37920 6 8 1920
1811 40500 42420 8 6 1920
1812 42540 43140 6 5 600
1813 43260 45300 5 10 2040
1814 45540 48540 10 13 3000
1815 51300 53220 8 6 1920
1816 53340 53940 6 5 600
1817 54060 56100 5 10 2040
1818 56340 59340 10 13 3000
1819 62100 64020 8 6 1920
1820 64140 64740 6 5 600
1821 64860 66900 5 10 2040
1822 67140 70140 10 13 3000
1823 72900 74820 8 6 1920
1824 74940 75540 6 5 600
1825 75660 77700 5 10 2040
1827 30360 32340 0 1 1980
1828 32460 35160 1 5 2700
1829 35280 35880 5 6 600
1830 36120 38040 6 8 1920
1831 38280 40980 8 15 2700
1832 44100 46800 15 8 2700
1833 46920 48840 8 6 1920
1834 48960 49560 6 5 600
1835 49680 52380 5 1 2700
1836 52500 54480 1 0 1980
1837 58500 61200 15 8 2700
1838 61320 63240 8 6 1920
1839 63360 63960 6 5 600
1840 64080 66780 5 1 2700
1841 66900 68880 1 0 1980
1842 72900 75600 15 8 2700
1843 75720 77640 8 6 1920
1844 77760 78360 6 5 600
1845 78480 81180 5 1 2700
1846 81300 83280 1 0 1980
1848 33900 35820 8 16 1920
1849 35940 38220 16 1 2280
1850 38340 40320 1 0 1980
1851 41760 43740 0 1 1980
1852 43860 46140 1 16 2280
1853 46260 48180 16 8 1920
1854 48300 51660 8 12 3360
1855 52560 54540 0 1 1980
1856 54660 56940 1 16 2280
1857 57060 58980 16 8 1920
1858 59100 62460 8 12 3360
1859 63360 65340 0 1 1980
1860 65460 67740 1 16 2280
1861 67860 69780 16 8 1920
1862 69900 73260 8 12 3360
1863 74160 76140 0 1 1980
1864 76260 78540 1 16 2280
1865 78660 80580 16 8 1920
1867 30420 32400 14 4 1980
1868 32520 33240 4 2 720
1869 33360 36600 2 0 3240
1870 38940 42180 0 2 3240
1871 42300 43020 2 4 720
1872 43140 45120 4 14 1980
1874 33840 35340 10 12 1500
1875 35460 38400 12 15 2940
1876 42300 45240 15 12 2940
1877 45360 46860 12 10 1500
1878 46980 49980 10 13 3000
1879 53100 56040 15 12 2940
1880 56160 57660 12 10 1500
1881 57780 60780 10 13 3000
1882 63900 66840 15 12 2940
1883 66960 68460 12 10 1500
1884 68580 71580 10 13 3000
1885 74700 77640 15 12 2940
1886 77760 79260 12 10 1500
1889 31740 34560 2 16 2820
1890 34680 36960 16 1 2280
1891 37080 39720 1 7 2640
1892 42240 44880 7 1 2640
1893 45000 47280 1 16 2280
1894 47520 50340 16 2 2820
1895 50460 51180 2 4 720
1896 53040 55680 7 1 2640
1897 55800 58080 1 16 2280
1898 58320 61140 16 2 2820
1899 61260 61980 2 4 720
1900 63840 66480 7 1 2640
1901 66600 68880 1 16 2280
1902 69120 71940 16 2 2820
1903 72060 72780 2 4 720
1904 74640 77280 7 1 2640
1905 77400 79680 1 16 2280
1908 30960 32940 0 1 1980
1909 33060 35340 1 16 2280
1910 35460 37380 16 8 1920
1911 37500 40860 8 12 3360
1912 44820 48180 12 8 3360
1913 48300 50220 8 16 1920
1914 50340 52620 16 1 2280
1915 52740 54720 1 0 1980
1916 55620 58980 12 8 3360
1917 59100 61020 8 16 1920
1918 61140 63420 16 1 2280
1919 63540 65520 1 0 1980
1920 66420 69780 12 8 3360
1921 69900 71820 8 16 1920
1922 71940 74220 16 1 2280
1923 74340 76320 1 0 1980
1924 77220 80580 12 8 3360
1925 80700 82620 8 16 1920
1926 82740 85020 16 1 2280
1927 85140 87120 1 0 1980
1929 32460 33180 4 2 720
1930 33300 36120 2 16 2820
1931 36240 38160 16 8 1920
1932 38280 40980 8 15 2700
1933 42660 45360 15 8 2700
1934 45480 47400 8 16 1920
1935 47520 50340 16 2 2820
1936 50460 51180 2 4 720
1937 51300 52560 4 11 1260
1938 53460 56160 15 8 2700
1939 56280 58200 8 16 1920
1940 58320 61140 16 2 2820
1941 61260 61980 2 4 720
1942 62100 63360 4 11 1260
1943 64260 66960 15 8 2700
1944 67080 69000 8 16 1920
1945 69120 71940 16 2 2820
1946 72060 72780 2 4 720
1947 72900 74160 4 11 1260
1948 75060 77760 15 8 2700
1949 77880 79800 8 16 1920
1954 33360 33960 5 6 600
1955 34080 35820 6 16 1740
1956 35940 38220 16 1 2280
1957 38340 40320 1 0 1980
1958 40440 42000 0 3 1560
1959 43680 45240 3 0 1560
1960 45360 47340 0 1 1980
1961 47520 49800 1 16 2280
1962 49920 51660 16 6 1740
1963 51780 52380 6 5 600
1964 52500 54540 5 10 2040
1965 58080 59640 3 0 1560
1966 59760 61740 0 1 1980
1967 61920 64200 1 16 2280
1968 64320 66060 16 6 1740
1969 66180 66780 6 5 600
1970 66900 68940 5 10 2040
1971 72480 74040 3 0 1560
1972 74160 76140 0 1 1980
1973 76320 78600 1 16 2280
1974 78720 80460 16 6 1740
1975 80580 81180 6 5 600
1976 81300 83340 5 10 2040
1978 35100 35700 5 6 600
1979 35820 37560 6 16 1740
1980 37680 40260 16 14 2580
1981 43560 46140 14 16 2580
1982 46260 48000 16 6 1740
1983 48120 48720 6 5 600
1984 48840 52620 5 13 3780
1985 54360 56940 14 16 2580
1986 57060 58800 16 6 1740
1987 58920 59520 6 5 600
1988 59640 63420 5 13 3780
1989 65160 67740 14 16 2580
1990 67860 69600 16 6 1740
1991 69720 70320 6 5 600
1992 70440 74220 5 13 3780
1993 75960 78540 14 16 2580
1994 78660 80400 16 6 1740
1995 80520 81120 6 5 600
1996 81240 85020 5 13 3780
1998 32880 34920 10 5 2040
1999 35040 37740 5 1 2700
2000 37860 40500 1 7 2640
2001 42120 44760 7 1 2640
2002 44880 47580 1 5 2700
2003 47700 49740 5 10 2040
2004 49860 51360 10 12 1500
2005 52920 55560 7 1 2640
2006 55680 58380 1 5 2700
2007 58500 60540 5 10 2040
2008 60660 62160 10 12 1500
2009 63720 66360 7 1 2640
2010 66480 69180 1 5 2700
2011 69300 71340 5 10 2040
2012 71460 72960 10 12 1500
2013 74520 77160 7 1 2640
2014 77280 79980 1 5 2700
2015 80100 82140 5 10 2040
2017 31320 33960 7 1 2640
2018 34080 36780 1 5 2700
2019 36900 38940 5 10 2040
2020 39060 40560 10 12 1500
2021 42060 43560 12 10 1500
2022 43680 45720 10 5 2040
2023 45840 48540 5 1 2700
2024 48660 51300 1 7 2640
2025 52860 54360 12 10 1500
2026 54480 56520 10 5 2040
2027 56640 59340 5 1 2700
2028 59460 62100 1 7 2640
2029 63660 65160 12 10 1500
2030 65280 67320 10 5 2040
2031 67440 70140 5 1 2700
2032 70260 72900 1 7 2640
2033 74460 75960 12 10 1500
2034 76080 78120 10 5 2040
2035 78240 80940 5 1 2700
2037 31440 34080 7 1 2640
2038 34200 36480 1 16 2280
2039 36720 39540 16 2 2820
2040 39660 40380 2 4 720
2041 41700 42420 4 2 720
2042 42540 45360 2 16 2820
2043 45480 47760 16 1 2280
2044 47880 50520 1 7 2640
2045 52500 53220 4 2 720
2046 53340 56160 2 16 2820
2047 56280 58560 16 1 2280
2048 58680 61320 1 7 2640
2049 63300 64020 4 2 720
2050 64140 66960 2 16 2820
2051 67080 69360 16 1 2280
2052 69480 72120 1 7 2640
2053 74100 74820 4 2 720
2054 74940 77760 2 16 2820
2055 77880 80160 16 1 2280
2058 34560 36060 12 10 1500
2059 36180 39180 10 13 3000
2060 41520 44520 13 10 3000
2061 44640 46140 10 12 1500
2062 46260 49200 12 15 2940
2063 52320 55320 13 10 3000
2064 55440 56940 10 12 1500
2065 57060 60000 12 15 2940
2066 63120 66120 13 10 3000
2067 66240 67740 10 12 1500
2068 67860 70800 12 15 2940
2069 73920 76920 13 10 3000
2070 77040 78540 10 12 1500
2073 34680 36600 8 16 1920
2074 36720 39540 16 2 2820
2075 39660 40380 2 4 720
2076 40500 41760 4 11 1260
2077 45480 46740 11 4 1260
2078 46860 47580 4 2 720
2079 47700 50520 2 16 2820
2080 50640 52560 16 8 1920
2081 52680 55380 8 15 2700
2082 56280 57540 11 4 1260
2083 57660 58380 4 2 720
2084 58500 61320 2 16 2820
2085 61440 63360 16 8 1920
2086 63480 66180 8 15 2700
2087 67080 68340 11 4 1260
2088 68460 69180 4 2 720
2089 69300 72120 2 16 2820
2090 72240 74160 16 8 1920
2091 74280 76980 8 15 2700
2092 77880 79140 11 4 1260
2093 79260 79980 4 2 720
2094 80100 82920 2 16 2820
2095 83040 84960 16 8 1920
2098 33300 34020 4 2 720
2099 34140 36960 2 16 2820
2100 37080 38820 16 6 1740
2101 38940 39540 6 5 600
2102 39660 41700 5 10 2040
2103 41820 43320 10 12 1500
2104 46680 48180 12 10 1500
2105 48300 50340 10 5 2040
2106 50460 51060 5 6 600
2107 51180 52920 6 16 1740
2108 53040 55860 16 2 2820
2109 55980 56700 2 4 720
2110 56820 58080 4 11 1260
2111 61080 62580 12 10 1500
2112 62700 64740 10 5 2040
2113 64860 65460 5 6 600
2114 65580 67320 6 16 1740
2115 67440 70260 16 2 2820
2116 70380 71100 2 4 720
2117 71220 72480 4 11 1260
2118 75480 76980 12 10 1500
2119 77100 79140 10 5 2040
2120 79260 79860 5 6 600
2121 79980 81720 6 16 1740
2126 36120 38820 5 1 2700
2127 38940 40920 1 0 1980
2128 41040 42600 0 3 1560
2129 43860 45420 3 0 1560
2130 45540 47520 0 1 1980
2131 47640 50340 1 5 2700
2132 50460 54240 5 13 3780
2133 58260 59820 3 0 1560
2134 59940 61920 0 1 1980
2135 62040 64740 1 5 2700
2136 64860 68640 5 13 3780
2137 72660 74220 3 0 1560
2138 74340 76320 0 1 1980
2139 76440 79140 1 5 2700
2140 79260 83040 5 13 3780
2142 33900 35940 10 5 2040
2143 36060 36660 5 6 600
2144 36780 38520 6 16 1740
2145 38640 41460 16 2 2820
2146 41580 42300 2 4 720
2147 42420 43680 4 11 1260
2148 46320 47580 11 4 1260
2149 47700 48420 4 2 720
2150 48540 51360 2 16 2820
2151 51480 53220 16 6 1740
2152 53340 53940 6 5 600
2153 54060 56100 5 10 2040
2154 56220 57720 10 12 1500
2155 60720 61980 11 4 1260
2156 62100 62820 4 2 720
2157 62940 65760 2 16 2820
2158 65880 67620 16 6 1740
2159 67740 68340 6 5 600
2160 68460 70500 5 10 2040
2161 70620 72120 10 12 1500
2162 75120 76380 11 4 1260
2163 76500 77220 4 2 720
2164 77340 80160 2 16 2820
2165 80280 82020 16 6 1740
2166 82140 82740 6 5 600
2167 82860 84900 5 10 2040
2169 32760 35340 14 16 2580
2170 35460 37200 16 6 1740
2171 37320 37920 6 5 600
2172 38040 41820 5 13 3780
2173 45600 49380 13 5 3780
2174 49500 50100 5 6 600
2175 50220 51960 6 16 1740
2176 52080 54660 16 14 2580
2177 32880 34440 3 0 1560
2178 34560 36540 0 1 1980
2179 36720 39000 1 16 2280
2180 39120 40860 16 6 1740
2181 40980 41580 6 5 600
2182 41700 43740 5 10 2040
2183 45600 47640 10 5 2040
2184 47760 48360 5 6 600
2185 48480 50220 6 16 1740
2186 50340 52620 16 1 2280
2187 52740 54720 1 0 1980
2188 54840 56400 0 3 1560
2189 60000 62040 10 5 2040
2190 62160 62760 5 6 600
2191 62880 64620 6 16 1740
2192 64740 67020 16 1 2280
2193 67140 69120 1 0 1980
2194 69240 70800 0 3 1560
2195 74400 76440 10 5 2040
2196 76560 77160 5 6 600
2197 77280 79020 6 16 1740
2198 79140 81420 16 1 2280
2199 81540 83520 1 0 1980
2201 33060 34620 3 0 1560
2202 34740 36720 0 1 1980
2203 36840 39540 1 5 2700
2204 39660 43440 5 13 3780
2205 46620 50400 13 5 3780
2206 50520 53220 5 1 2700
2207 53340 55320 1 0 1980
2208 55440 57000 0 3 1560
2209 61020 64800 13 5 3780
2210 64920 67620 5 1 2700
2211 67740 69720 1 0 1980
2212 69840 71400 0 3 1560
2213 75420 79200 13 5 3780
2214 79320 82020 5 1 2700
2215 82140 84120 1 0 1980
2218 36120 38040 8 6 1920
2219 38160 38760 6 5 600
2220 38880 41580 5 1 2700
2221 41700 43680 1 0 1980
2222 44760 46740 0 1 1980
2223 46860 49560 1 5 2700
2224 49680 50280 5 6 600
2225 50520 52440 6 8 1920
2226 52680 55380 8 15 2700
2227 59160 61140 0 1 1980
2228 61260 63960 1 5 2700
2229 64080 64680 5 6 600
2230 64920 66840 6 8 1920
2231 67080 69780 8 15 2700
2232 73560 75540 0 1 1980
2233 75660 78360 1 5 2700
2234 78480 79080 5 6 600
2235 79320 81240 6 8 1920
2237 34020 37380 12 8 3360
2238 37500 39420 8 16 1920
2239 39540 41820 16 1 2280
2240 41940 43920 1 0 1980
2241 45360 47340 0 1 1980
2242 47460 49740 1 16 2280
2243 49860 51780 16 8 1920
2244 51900 55260 8 12 3360
2245 34680 35940 11 4 1260
2246 36060 36780 4 2 720
2247 36900 39720 2 16 2820
2248 39840 41760 16 8 1920
2249 41880 44580 8 15 2700
2250 46260 48960 15 8 2700
2251 49080 51000 8 16 1920
2252 51120 53940 16 2 2820
2253 54060 54780 2 4 720
2254 54900 56160 4 11 1260
2255 35520 36780 11 4 1260
2256 36900 37620 4 2 720
2257 37740 40560 2 16 2820
2258 40680 42420 16 6 1740
2259 42540 43140 6 5 600
2260 43260 45300 5 10 2040
2261 45420 46920 10 12 1500
2262 50280 51780 12 10 1500
2263 51900 53940 10 5 2040
2264 54060 54660 5 6 600
2265 54780 56520 6 16 1740
2266 56640 59460 16 2 2820
2267 59580 60300 2 4 720
2268 60420 61680 4 11 1260
2269 64680 66180 12 10 1500
2270 66300 68340 10 5 2040
2271 68460 69060 5 6 600
2272 69180 70920 6 16 1740
2273 71040 73860 16 2 2820
2274 73980 74700 2 4 720
2275 74820 76080 4 11 1260
2276 79080 80580 12 10 1500
2277 80700 82740 10 5 2040
2278 82860 83460 5 6 600
2283 35880 37380 12 10 1500
2284 37500 39540 10 5 2040
2285 39660 40260 5 6 600
2286 40380 42120 6 16 1740
2287 42240 45060 16 2 2820
2288 45180 45900 2 4 720
2289 46020 47280 4 11 1260
2290 49920 51180 11 4 1260
2291 51300 52020 4 2 720
2292 52140 54960 2 16 2820
2293 55080 56820 16 6 1740
2294 56940 57540 6 5 600
2295 57660 59700 5 10 2040
2296 59820 61320 10 12 1500
2297 64320 65580 11 4 1260
2298 65700 66420 4 2 720
2299 66540 69360 2 16 2820
2300 69480 71220 16 6 1740
2301 71340 71940 6 5 600
2302 72060 74100 5 10 2040
2303 74220 75720 10 12 1500
2304 78720 79980 11 4 1260
2305 80100 80820 4 2 720
2306 80940 83760 2 16 2820
2307 83880 85620 16 6 1740
2308 85740 86340 6 5 600
2311 40500 42420 8 16 1920
2312 42540 45120 16 14 2580
2313 45360 47340 14 4 1980
2314 48060 50040 4 14 1980
2315 50160 52740 14 16 2580
2316 52860 54780 16 8 1920
2317 40800 41400 5 6 600
2318 41520 43440 6 8 1920
2319 43680 45600 8 16 1920
2320 45720 48000 16 1 2280
2321 49920 52200 1 16 2280
2322 52320 54240 16 8 1920
2323 54360 56280 8 6 1920
2324 56400 57000 6 5 600
2325 47280 48840 3 0 1560
2326 48960 50940 0 1 1980
2327 51120 53400 1 16 2280
2328 53520 55260 16 6 1740
2329 55380 55980 6 5 600
2330 56100 58140 5 10 2040
2331 60000 62040 10 5 2040
2332 62160 62760 5 6 600
2333 62880 64620 6 16 1740
2334 64740 67020 16 1 2280
2335 67140 69120 1 0 1980
2336 69240 70800 0 3 1560
2337 47460 49020 3 0 1560
2338 49140 51120 0 1 1980
2339 51240 53940 1 5 2700
2340 54060 57840 5 13 3780
2341 61020 64800 13 5 3780
2342 64920 67620 5 1 2700
2343 67740 69720 1 0 1980
2344 69840 71400 0 3 1560
2345 47700 50400 15 8 2700
2346 50520 52440 8 6 1920
2347 52560 53160 6 5 600
2348 53280 55980 5 1 2700
2349 56100 58080 1 0 1980
2350 59160 61140 0 1 1980
2351 61260 63960 1 5 2700
2352 64080 64680 5 6 600
2353 64920 66840 6 8 1920
2354 67080 69780 8 15 2700
2355 51300 53220 8 16 1920
2356 53340 55920 16 14 2580
2357 56160 58140 14 4 1980
2358 58860 60840 4 14 1980
2359 60960 63540 14 16 2580
2360 63660 65580 16 8 1920
2361 51600 52200 5 6 600
2362 52320 54240 6 8 1920
2363 54480 56400 8 16 1920
2364 56520 58800 16 1 2280
2365 60720 63000 1 16 2280
2366 63120 65040 16 8 1920
2367 65160 67080 8 6 1920
2368 67200 67800 6 5 600
2369 61680 63240 3 0 1560
2370 63360 65340 0 1 1980
2371 65520 67800 1 16 2280
2372 67920 69660 16 6 1740
2373 69780 70380 6 5 600
2374 70500 72540 5 10 2040
2375 74400 76440 10 5 2040
2376 76560 77160 5 6 600
2377 77280 79020 6 16 1740
2378 79140 81420 16 1 2280
2379 81540 83520 1 0 1980
2381 61860 63420 3 0 1560
2382 63540 65520 0 1 1980
2383 65640 68340 1 5 2700
2384 68460 72240 5 13 3780
2385 75420 79200 13 5 3780
2386 79320 82020 5 1 2700
2387 82140 84120 1 0 1980
2389 62100 64800 15 8 2700
2390 64920 66840 8 6 1920
2391 66960 67560 6 5 600
2392 67680 70380 5 1 2700
2393 70500 72480 1 0 1980
2394 73560 75540 0 1 1980
2395 75660 78360 1 5 2700
2396 78480 79080 5 6 600
2397 79320 81240 6 8 1920
2399 62100 64020 8 16 1920
2400 64140 66720 16 14 2580
2401 66960 68940 14 4 1980
2402 69660 71640 4 14 1980
2403 71760 74340 14 16 2580
2404 74460 76380 16 8 1920
2405 62400 63000 5 6 600
2406 63120 65040 6 8 1920
2407 65280 67200 8 16 1920
2408 67320 69600 16 1 2280
2409 71520 73800 1 16 2280
2410 73920 75840 16 8 1920
2411 75960 77880 8 6 1920
2412 78000 78600 6 5 600
2413 72900 74820 8 16 1920
2414 74940 77520 16 14 2580
2419 73200 73800 5 6 600
2420 73920 75840 6 8 1920
2421 76080 78000 8 16 1920
2422 78120 80400 16 1 2280
2423 82320 84600 1 16 2280
2424 84720 86640 16 8 1920
2425 86760 88680 8 6 1920
2426 88800 89400 6 5 600
2427 76080 77640 3 0 1560
2428 77760 79740 0 1 1980
2429 79920 82200 1 16 2280
2430 82320 84060 16 6 1740
2431 84180 84780 6 5 600
2432 84900 86940 5 10 2040
2433 88800 90840 10 5 2040
2434 90960 91560 5 6 600
2435 91680 93420 6 16 1740
2436 93540 95820 16 1 2280
2439 76260 77820 3 0 1560
2440 77940 79920 0 1 1980
2441 80040 82740 1 5 2700
2442 82860 86640 5 13 3780
2443 89820 93600 13 5 3780
2444 93720 96420 5 1 2700
2447 76500 79200 15 8 2700
2448 79320 81240 8 6 1920
2449 81360 81960 6 5 600
2450 82080 84780 5 1 2700
2451 84900 86880 1 0 1980
2452 87960 89940 0 1 1980
2453 90060 92760 1 5 2700
