0 1 33
1 16 38
5 6 10
5 10 34
10 12 25
4 14 33
2 4 12
4 11 21
8 15 45
1 0 33
16 1 38
6 5 10
10 5 34
12 10 25
14 4 33
4 2 12
11 4 21
15 8 45
1 5 45
5 1 45
12 15 49
15 12 49
1 2 45
2 1 45
6 8 32
8 6 32
8 17 44
17 8 44
12 17 10
17 12 10
8 18 13
18 8 13
16 18 17
18 16 17
7 19 5
19 7 5
0 21 14
21 0 14
2 21 38
21 2 38
6 22 13
22 6 13
16 22 14
22 16 14
9 23 10
23 9 10
10 24 11
24 10 11
0 25 6
25 0 6
3 25 18
25 3 18
14 26 11
26 14 11
16 26 30
26 16 30
2 27 33
27 2 33
16 27 12
27 16 12
13 28 29
28 13 29
24 28 6
28 24 6
20 29 18
29 20 18
23 29 9
29 23 9
5 30 11
30 5 11
1 31 13
31 1 13
19 31 22
31 19 22
13 32 33
32 13 33
30 32 15
32 30 15
3 33 9
33 3 9
20 33 5
33 20 5
