0 21600 22560 0 2 960
1 22800 23580 2 5 780
2 23700 25980 5 4 2280
3 26100 28560 4 8 2460
4 29700 32160 8 4 2460
5 32280 34560 4 5 2280
6 34800 35580 5 2 780
7 35700 36660 2 0 960
8 40500 42960 8 4 2460
9 43080 45360 4 5 2280
10 45600 46380 5 2 780
11 46500 47460 2 0 960
12 51300 53760 8 4 2460
13 53880 56160 4 5 2280
14 56400 57180 5 2 780
15 57300 58260 2 0 960
16 62100 64560 8 4 2460
17 64680 66960 4 5 2280
18 67200 67980 5 2 780
19 68100 69060 2 0 960
20 72900 75360 8 4 2460
21 75480 77760 4 5 2280
22 78000 78780 5 2 780
23 78900 79860 2 0 960
24 30900 32700 8 7 1800
25 32820 35100 7 4 2280
26 35220 37500 4 5 2280
27 38100 39900 8 7 1800
28 40020 42300 7 4 2280
29 42420 44700 4 5 2280
30 45300 47100 8 7 1800
31 47220 49500 7 4 2280
32 49620 51900 4 5 2280
33 52500 54300 8 7 1800
34 54420 56700 7 4 2280
35 56820 59100 4 5 2280
36 59700 61500 8 7 1800
37 61620 63900 7 4 2280
38 64020 66300 4 5 2280
39 66900 68700 8 7 1800
40 68820 71100 7 4 2280
41 71220 73500 4 5 2280
42 74100 75900 8 7 1800
43 76020 78300 7 4 2280
44 78420 80700 4 5 2280
45 28020 29160 0 3 1140
46 29280 30240 3 2 960
47 30360 31140 2 5 780
48 34800 35580 5 2 780
49 35700 36660 2 3 960
50 36780 37920 3 0 1140
51 38040 40680 0 1 2640
52 40800 44040 1 9 3240
53 45600 46380 5 2 780
54 46500 47460 2 3 960
55 47580 48720 3 0 1140
56 48840 51480 0 1 2640
57 51600 54840 1 9 3240
58 56400 57180 5 2 780
59 57300 58260 2 3 960
60 58380 59520 3 0 1140
61 59640 62280 0 1 2640
62 62400 65640 1 9 3240
63 67200 67980 5 2 780
64 68100 69060 2 3 960
65 69180 70320 3 0 1140
66 70440 73080 0 1 2640
67 78000 78780 5 2 780
68 78900 79860 2 3 960
69 79980 81120 3 0 1140
70 23160 26100 0 10 2940
71 28560 31500 10 0 2940
72 31620 32760 0 3 1140
73 35760 38700 10 0 2940
74 38820 39960 0 3 1140
75 42960 45900 10 0 2940
76 46020 47160 0 3 1140
77 50160 53100 10 0 2940
78 53220 54360 0 3 1140
79 57360 60300 10 0 2940
80 60420 61560 0 3 1140
81 64560 67500 10 0 2940
82 67620 68760 0 3 1140
83 71760 74700 10 0 2940
84 74820 75960 0 3 1140
85 78960 81900 10 0 2940
86 28020 30420 0 4 2400
87 30540 32820 4 7 2280
88 34260 36540 7 4 2280
89 36660 39060 4 0 2400
90 39180 41820 0 1 2640
91 41940 45180 1 9 3240
92 48660 50940 7 4 2280
93 51060 53460 4 0 2400
94 53580 56220 0 1 2640
95 56340 59580 1 9 3240
96 63060 65340 7 4 2280
97 65460 67860 4 0 2400
98 67980 70620 0 1 2640
99 70740 73980 1 9 3240
100 77460 79740 7 4 2280
101 79860 82260 4 0 2400
102 24780 27720 0 10 2940
103 27840 29100 10 1 1260
104 30660 31920 1 10 1260
105 32160 35100 10 0 2940
106 35220 37620 0 4 2400
107 41460 42720 1 10 1260
108 42960 45900 10 0 2940
109 46020 48420 0 4 2400
110 52260 53520 1 10 1260
111 53760 56700 10 0 2940
112 56820 59220 0 4 2400
113 63060 64320 1 10 1260
114 64560 67500 10 0 2940
115 67620 70020 0 4 2400
116 73860 75120 1 10 1260
117 75360 78300 10 0 2940
118 78420 80820 0 4 2400
119 27240 28200 0 2 960
120 31320 32280 2 0 960
121 32400 35040 0 1 2640
122 35160 37080 1 6 1920
123 38520 39480 2 0 960
124 39600 42240 0 1 2640
125 42360 44280 1 6 1920
126 45720 46680 2 0 960
127 46800 49440 0 1 2640
128 49560 51480 1 6 1920
129 52920 53880 2 0 960
130 54000 56640 0 1 2640
131 56760 58680 1 6 1920
132 60120 61080 2 0 960
133 61200 63840 0 1 2640
134 63960 65880 1 6 1920
135 67320 68280 2 0 960
136 68400 71040 0 1 2640
137 71160 73080 1 6 1920
138 74520 75480 2 0 960
139 75600 78240 0 1 2640
140 27240 28200 0 2 960
141 28320 29100 2 5 780
142 31200 31980 5 2 780
143 32100 33060 2 0 960
144 33180 35820 0 1 2640
145 35940 37860 1 6 1920
146 42000 42780 5 2 780
147 42900 43860 2 0 960
148 43980 46620 0 1 2640
149 46740 48660 1 6 1920
150 52800 53580 5 2 780
151 53700 54660 2 0 960
152 54780 57420 0 1 2640
153 57540 59460 1 6 1920
154 63600 64380 5 2 780
155 64500 65460 2 0 960
156 65580 68220 0 1 2640
157 68340 70260 1 6 1920
158 74400 75180 5 2 780
159 75300 76260 2 0 960
160 76380 79020 0 1 2640
161 27600 28380 5 2 780
162 28500 29460 2 0 960
163 32400 33360 0 2 960
164 33600 34380 2 5 780
165 34500 36780 5 4 2280
166 36900 39360 4 8 2460
167 43200 44160 0 2 960
168 44400 45180 2 5 780
169 45300 47580 5 4 2280
170 47700 50160 4 8 2460
171 54000 54960 0 2 960
172 55200 55980 2 5 780
173 56100 58380 5 4 2280
174 58500 60960 4 8 2460
175 64800 65760 0 2 960
176 66000 66780 2 5 780
177 66900 69180 5 4 2280
178 69300 71760 4 8 2460
179 75600 76560 0 2 960
180 76800 77580 2 5 780
181 77700 79980 5 4 2280
182 28020 29160 0 3 1140
183 31140 32280 3 0 1140
184 32400 34800 0 4 2400
185 34920 37380 4 8 2460
186 38340 39480 3 0 1140
187 39600 42000 0 4 2400
188 42120 44580 4 8 2460
189 45540 46680 3 0 1140
190 46800 49200 0 4 2400
191 49320 51780 4 8 2460
192 52740 53880 3 0 1140
193 54000 56400 0 4 2400
194 56520 58980 4 8 2460
195 59940 61080 3 0 1140
196 61200 63600 0 4 2400
197 63720 66180 4 8 2460
198 67140 68280 3 0 1140
199 68400 70800 0 4 2400
200 70920 73380 4 8 2460
201 74340 75480 3 0 1140
202 75600 78000 0 4 2400
203 28020 30420 0 4 2400
204 33060 35460 4 0 2400
205 35580 38520 0 10 2940
206 38640 39900 10 1 1260
207 43860 46260 4 0 2400
208 46380 49320 0 10 2940
209 49440 50700 10 1 1260
210 54660 57060 4 0 2400
211 57180 60120 0 10 2940
212 60240 61500 10 1 1260
213 65460 67860 4 0 2400
214 67980 70920 0 10 2940
215 71040 72300 10 1 1260
216 76260 78660 4 0 2400
217 78780 81720 0 10 2940
218 28380 31020 0 1 2640
219 31140 34380 1 9 3240
220 36300 39540 9 1 3240
221 39660 42300 1 0 2640
222 42420 44820 0 4 2400
223 44940 47220 4 7 2280
224 50700 53940 9 1 3240
225 54060 56700 1 0 2640
226 56820 59220 0 4 2400
227 59340 61620 4 7 2280
228 65100 68340 9 1 3240
229 68460 71100 1 0 2640
230 71220 73620 0 4 2400
231 73740 76020 4 7 2280
232 28020 30300 4 5 2280
233 32520 34800 5 4 2280
234 34920 37200 4 7 2280
235 37320 39120 7 8 1800
236 39720 42000 5 4 2280
237 42120 44400 4 7 2280
238 44520 46320 7 8 1800
239 46920 49200 5 4 2280
240 49320 51600 4 7 2280
241 51720 53520 7 8 1800
242 54120 56400 5 4 2280
243 56520 58800 4 7 2280
244 58920 60720 7 8 1800
245 61320 63600 5 4 2280
246 63720 66000 4 7 2280
247 66120 67920 7 8 1800
248 68520 70800 5 4 2280
249 70920 73200 4 7 2280
250 73320 75120 7 8 1800
251 75720 78000 5 4 2280
252 28860 30120 1 10 1260
253 31500 32760 10 1 1260
254 32880 34800 1 6 1920
255 35040 37980 6 9 2940
256 38700 39960 10 1 1260
257 40080 42000 1 6 1920
258 42240 45180 6 9 2940
259 45900 47160 10 1 1260
260 47280 49200 1 6 1920
261 49440 52380 6 9 2940
262 53100 54360 10 1 1260
263 54480 56400 1 6 1920
264 56640 59580 6 9 2940
265 60300 61560 10 1 1260
266 61680 63600 1 6 1920
267 63840 66780 6 9 2940
268 67500 68760 10 1 1260
269 68880 70800 1 6 1920
270 71040 73980 6 9 2940
271 74700 75960 10 1 1260
272 25200 27600 0 4 2400
273 27720 30180 4 8 2460
274 33720 36180 8 4 2460
275 36300 38700 4 0 2400
276 38820 39960 0 3 1140
277 40920 43380 8 4 2460
278 43500 45900 4 0 2400
279 46020 47160 0 3 1140
280 48120 50580 8 4 2460
281 50700 53100 4 0 2400
282 53220 54360 0 3 1140
283 55320 57780 8 4 2460
284 57900 60300 4 0 2400
285 60420 61560 0 3 1140
286 62520 64980 8 4 2460
287 65100 67500 4 0 2400
288 67620 68760 0 3 1140
289 69720 72180 8 4 2460
290 72300 74700 4 0 2400
291 74820 75960 0 3 1140
292 76920 79380 8 4 2460
293 79500 81900 4 0 2400
294 24900 25860 2 0 960
295 25980 28620 0 1 2640
296 28740 30660 1 6 1920
297 33240 35160 6 1 1920
298 35280 37920 1 0 2640
299 38040 39000 0 2 960
300 39120 39900 2 5 780
301 44040 45960 6 1 1920
302 46080 48720 1 0 2640
303 48840 49800 0 2 960
304 49920 50700 2 5 780
305 54840 56760 6 1 1920
306 56880 59520 1 0 2640
307 59640 60600 0 2 960
308 60720 61500 2 5 780
309 65640 67560 6 1 1920
310 67680 70320 1 0 2640
311 70440 71400 0 2 960
312 71520 72300 2 5 780
313 76440 78360 6 1 1920
314 78480 81120 1 0 2640
315 81240 82200 0 2 960
316 82320 83100 2 5 780
317 24900 25860 2 3 960
318 25980 27120 3 0 1140
319 27240 29880 0 1 2640
320 30000 33240 1 9 3240
321 36300 39540 9 1 3240
322 39660 42300 1 0 2640
323 42420 43560 0 3 1140
324 43680 44640 3 2 960
325 44760 45540 2 5 780
326 47100 50340 9 1 3240
327 50460 53100 1 0 2640
328 53220 54360 0 3 1140
329 54480 55440 3 2 960
330 55560 56340 2 5 780
331 57900 61140 9 1 3240
332 61260 63900 1 0 2640
333 64020 65160 0 3 1140
334 65280 66240 3 2 960
335 66360 67140 2 5 780
336 68700 71940 9 1 3240
337 72060 74700 1 0 2640
338 74820 75960 0 3 1140
339 76080 77040 3 2 960
340 77160 77940 2 5 780
341 24120 25080 2 0 960
342 25200 27840 0 1 2640
343 27960 29880 1 6 1920
344 33240 35160 6 1 1920
345 35280 37920 1 0 2640
346 38040 39000 0 2 960
347 40440 42360 6 1 1920
348 42480 45120 1 0 2640
349 45240 46200 0 2 960
350 47640 49560 6 1 1920
351 49680 52320 1 0 2640
352 52440 53400 0 2 960
353 54840 56760 6 1 1920
354 56880 59520 1 0 2640
355 59640 60600 0 2 960
356 62040 63960 6 1 1920
357 64080 66720 1 0 2640
358 66840 67800 0 2 960
359 69240 71160 6 1 1920
360 71280 73920 1 0 2640
361 74040 75000 0 2 960
362 76440 78360 6 1 1920
363 78480 81120 1 0 2640
364 81240 82200 0 2 960
365 34560 37500 9 6 2940
366 37620 39540 6 1 1920
367 39660 40920 1 10 1260
368 41760 44700 9 6 2940
369 44820 46740 6 1 1920
370 46860 48120 1 10 1260
371 48960 51900 9 6 2940
372 52020 53940 6 1 1920
373 54060 55320 1 10 1260
374 56160 59100 9 6 2940
375 59220 61140 6 1 1920
376 61260 62520 1 10 1260
377 63360 66300 9 6 2940
378 66420 68340 6 1 1920
379 68460 69720 1 10 1260
380 70560 73500 9 6 2940
381 73620 75540 6 1 1920
382 75660 76920 1 10 1260
383 28020 29160 0 3 1140
384 32700 33840 3 0 1140
385 33960 36900 0 10 2940
386 39900 41040 3 0 1140
387 41160 44100 0 10 2940
388 47100 48240 3 0 1140
389 48360 51300 0 10 2940
390 54300 55440 3 0 1140
391 55560 58500 0 10 2940
392 61500 62640 3 0 1140
393 62760 65700 0 10 2940
394 68700 69840 3 0 1140
395 69960 72900 0 10 2940
396 75900 77040 3 0 1140
397 77160 80100 0 10 2940
398 25200 26160 0 2 960
399 26400 27180 2 5 780
400 27300 29580 5 4 2280
401 29700 32160 4 8 2460
402 33300 35760 8 4 2460
403 35880 38160 4 5 2280
404 38400 39180 5 2 780
405 39300 40260 2 0 960
406 44100 46560 8 4 2460
407 46680 48960 4 5 2280
408 49200 49980 5 2 780
409 50100 51060 2 0 960
410 54900 57360 8 4 2460
411 57480 59760 4 5 2280
412 60000 60780 5 2 780
413 60900 61860 2 0 960
414 65700 68160 8 4 2460
415 68280 70560 4 5 2280
416 70800 71580 5 2 780
417 71700 72660 2 0 960
418 76500 78960 8 4 2460
419 79080 81360 4 5 2280
420 81600 82380 5 2 780
421 82500 83460 2 0 960
422 25320 27600 5 4 2280
423 27720 30000 4 7 2280
424 30120 31920 7 8 1800
425 34500 36300 8 7 1800
426 36420 38700 7 4 2280
427 38820 41100 4 5 2280
428 41700 43500 8 7 1800
429 43620 45900 7 4 2280
430 46020 48300 4 5 2280
431 48900 50700 8 7 1800
432 50820 53100 7 4 2280
433 53220 55500 4 5 2280
434 56100 57900 8 7 1800
435 58020 60300 7 4 2280
436 60420 62700 4 5 2280
437 63300 65100 8 7 1800
438 65220 67500 7 4 2280
439 67620 69900 4 5 2280
440 70500 72300 8 7 1800
441 72420 74700 7 4 2280
442 74820 77100 4 5 2280
443 77700 79500 8 7 1800
444 79620 81900 7 4 2280
445 82020 84300 4 5 2280
446 28860 31500 1 0 2640
447 31620 32760 0 3 1140
448 32880 33840 3 2 960
449 33960 34740 2 5 780
450 38400 39180 5 2 780
451 39300 40260 2 3 960
452 40380 41520 3 0 1140
453 41640 44280 0 1 2640
454 44400 47640 1 9 3240
455 49200 49980 5 2 780
456 50100 51060 2 3 960
457 51180 52320 3 0 1140
458 52440 55080 0 1 2640
459 55200 58440 1 9 3240
460 60000 60780 5 2 780
461 60900 61860 2 3 960
462 61980 63120 3 0 1140
463 63240 65880 0 1 2640
464 66000 69240 1 9 3240
465 70800 71580 5 2 780
466 71700 72660 2 3 960
467 72780 73920 3 0 1140
468 74040 76680 0 1 2640
469 26760 29700 0 10 2940
470 32160 35100 10 0 2940
471 35220 36360 0 3 1140
472 39360 42300 10 0 2940
473 42420 43560 0 3 1140
474 46560 49500 10 0 2940
475 49620 50760 0 3 1140
476 53760 56700 10 0 2940
477 56820 57960 0 3 1140
478 60960 63900 10 0 2940
479 64020 65160 0 3 1140
480 68160 71100 10 0 2940
481 71220 72360 0 3 1140
482 75360 78300 10 0 2940
483 78420 79560 0 3 1140
484 28860 31500 1 0 2640
485 31620 34020 0 4 2400
486 34140 36420 4 7 2280
487 37860 40140 7 4 2280
488 40260 42660 4 0 2400
489 42780 45420 0 1 2640
490 45540 48780 1 9 3240
491 52260 54540 7 4 2280
492 54660 57060 4 0 2400
493 57180 59820 0 1 2640
494 59940 63180 1 9 3240
495 66660 68940 7 4 2280
496 69060 71460 4 0 2400
497 71580 74220 0 1 2640
498 28380 31320 0 10 2940
499 31440 32700 10 1 1260
500 34260 35520 1 10 1260
501 35760 38700 10 0 2940
502 38820 41220 0 4 2400
503 45060 46320 1 10 1260
504 46560 49500 10 0 2940
505 49620 52020 0 4 2400
506 55860 57120 1 10 1260
507 57360 60300 10 0 2940
508 60420 62820 0 4 2400
509 66660 67920 1 10 1260
510 68160 71100 10 0 2940
511 71220 73620 0 4 2400
512 77460 78720 1 10 1260
513 78960 81900 10 0 2940
514 82020 84420 0 4 2400
515 30840 31800 0 2 960
516 34920 35880 2 0 960
517 36000 38640 0 1 2640
518 38760 40680 1 6 1920
519 42120 43080 2 0 960
520 43200 45840 0 1 2640
521 45960 47880 1 6 1920
522 49320 50280 2 0 960
523 50400 53040 0 1 2640
524 53160 55080 1 6 1920
525 56520 57480 2 0 960
526 57600 60240 0 1 2640
527 60360 62280 1 6 1920
528 63720 64680 2 0 960
529 64800 67440 0 1 2640
530 67560 69480 1 6 1920
531 70920 71880 2 0 960
532 72000 74640 0 1 2640
533 78120 79080 2 0 960
534 30840 31800 0 2 960
535 31920 32700 2 5 780
536 34800 35580 5 2 780
537 35700 36660 2 0 960
538 36780 39420 0 1 2640
539 39540 41460 1 6 1920
540 45600 46380 5 2 780
541 46500 47460 2 0 960
542 47580 50220 0 1 2640
543 50340 52260 1 6 1920
544 56400 57180 5 2 780
545 57300 58260 2 0 960
546 58380 61020 0 1 2640
547 61140 63060 1 6 1920
548 67200 67980 5 2 780
549 68100 69060 2 0 960
550 69180 71820 0 1 2640
551 71940 73860 1 6 1920
552 78000 78780 5 2 780
553 78900 79860 2 0 960
554 28680 30960 4 5 2280
555 31200 31980 5 2 780
556 32100 33060 2 0 960
557 36000 36960 0 2 960
558 37200 37980 2 5 780
559 38100 40380 5 4 2280
560 40500 42960 4 8 2460
561 46800 47760 0 2 960
562 48000 48780 2 5 780
563 48900 51180 5 4 2280
564 51300 53760 4 8 2460
565 57600 58560 0 2 960
566 58800 59580 2 5 780
567 59700 61980 5 4 2280
568 62100 64560 4 8 2460
569 68400 69360 0 2 960
570 69600 70380 2 5 780
571 70500 72780 5 4 2280
572 72900 75360 4 8 2460
573 79200 80160 0 2 960
574 80400 81180 2 5 780
575 81300 83580 5 4 2280
576 29100 31500 4 0 2400
577 31620 32760 0 3 1140
578 34740 35880 3 0 1140
579 36000 38400 0 4 2400
580 38520 40980 4 8 2460
581 41940 43080 3 0 1140
582 43200 45600 0 4 2400
583 45720 48180 4 8 2460
584 49140 50280 3 0 1140
585 50400 52800 0 4 2400
586 52920 55380 4 8 2460
587 56340 57480 3 0 1140
588 57600 60000 0 4 2400
589 60120 62580 4 8 2460
590 63540 64680 3 0 1140
591 64800 67200 0 4 2400
592 67320 69780 4 8 2460
593 70740 71880 3 0 1140
594 72000 74400 0 4 2400
595 74520 76980 4 8 2460
596 77940 79080 3 0 1140
597 79200 81600 0 4 2400
598 28560 31500 10 0 2940
599 31620 34020 0 4 2400
600 36660 39060 4 0 2400
601 39180 42120 0 10 2940
602 42240 43500 10 1 1260
603 47460 49860 4 0 2400
604 49980 52920 0 10 2940
605 53040 54300 10 1 1260
606 58260 60660 4 0 2400
607 60780 63720 0 10 2940
608 63840 65100 10 1 1260
609 69060 71460 4 0 2400
610 71580 74520 0 10 2940
611 74640 75900 10 1 1260
612 29460 31860 4 0 2400
613 31980 34620 0 1 2640
614 34740 37980 1 9 3240
615 39900 43140 9 1 3240
616 43260 45900 1 0 2640
617 46020 48420 0 4 2400
618 48540 50820 4 7 2280
619 54300 57540 9 1 3240
620 57660 60300 1 0 2640
621 60420 62820 0 4 2400
622 62940 65220 4 7 2280
623 68700 71940 9 1 3240
624 72060 74700 1 0 2640
625 74820 77220 0 4 2400
626 31620 33900 4 5 2280
627 36120 38400 5 4 2280
628 38520 40800 4 7 2280
629 40920 42720 7 8 1800
630 43320 45600 5 4 2280
631 45720 48000 4 7 2280
632 48120 49920 7 8 1800
633 50520 52800 5 4 2280
634 52920 55200 4 7 2280
635 55320 57120 7 8 1800
636 57720 60000 5 4 2280
637 60120 62400 4 7 2280
638 62520 64320 7 8 1800
639 64920 67200 5 4 2280
640 67320 69600 4 7 2280
641 69720 71520 7 8 1800
642 72120 74400 5 4 2280
643 74520 76800 4 7 2280
644 76920 78720 7 8 1800
645 32460 33720 1 10 1260
646 35100 36360 10 1 1260
647 36480 38400 1 6 1920
648 38640 41580 6 9 2940
649 42300 43560 10 1 1260
650 43680 45600 1 6 1920
651 45840 48780 6 9 2940
652 49500 50760 10 1 1260
653 50880 52800 1 6 1920
654 53040 55980 6 9 2940
655 56700 57960 10 1 1260
656 58080 60000 1 6 1920
657 60240 63180 6 9 2940
658 63900 65160 10 1 1260
659 65280 67200 1 6 1920
660 67440 70380 6 9 2940
661 71100 72360 10 1 1260
662 72480 74400 1 6 1920
663 78300 79560 10 1 1260
664 27540 28680 3 0 1140
665 28800 31200 0 4 2400
666 31320 33780 4 8 2460
667 37320 39780 8 4 2460
668 39900 42300 4 0 2400
669 42420 43560 0 3 1140
670 44520 46980 8 4 2460
671 47100 49500 4 0 2400
672 49620 50760 0 3 1140
673 51720 54180 8 4 2460
674 54300 56700 4 0 2400
675 56820 57960 0 3 1140
676 58920 61380 8 4 2460
677 61500 63900 4 0 2400
678 64020 65160 0 3 1140
679 66120 68580 8 4 2460
680 68700 71100 4 0 2400
681 71220 72360 0 3 1140
682 73320 75780 8 4 2460
683 75900 78300 4 0 2400
684 78420 79560 0 3 1140
685 27600 28380 5 2 780
686 28500 29460 2 0 960
687 29580 32220 0 1 2640
688 32340 34260 1 6 1920
689 36840 38760 6 1 1920
690 38880 41520 1 0 2640
691 41640 42600 0 2 960
692 42720 43500 2 5 780
693 47640 49560 6 1 1920
694 49680 52320 1 0 2640
695 52440 53400 0 2 960
696 53520 54300 2 5 780
697 58440 60360 6 1 1920
698 60480 63120 1 0 2640
699 63240 64200 0 2 960
700 64320 65100 2 5 780
701 69240 71160 6 1 1920
702 71280 73920 1 0 2640
703 74040 75000 0 2 960
704 75120 75900 2 5 780
705 27600 28380 5 2 780
706 28500 29460 2 3 960
707 29580 30720 3 0 1140
708 30840 33480 0 1 2640
709 33600 36840 1 9 3240
710 39900 43140 9 1 3240
711 43260 45900 1 0 2640
712 46020 47160 0 3 1140
713 47280 48240 3 2 960
714 48360 49140 2 5 780
715 50700 53940 9 1 3240
716 54060 56700 1 0 2640
717 56820 57960 0 3 1140
718 58080 59040 3 2 960
719 59160 59940 2 5 780
720 61500 64740 9 1 3240
721 64860 67500 1 0 2640
722 67620 68760 0 3 1140
723 68880 69840 3 2 960
724 69960 70740 2 5 780
725 72300 75540 9 1 3240
726 75660 78300 1 0 2640
727 78420 79560 0 3 1140
728 79680 80640 3 2 960
729 80760 81540 2 5 780
730 27720 28680 2 0 960
731 28800 31440 0 1 2640
732 31560 33480 1 6 1920
733 36840 38760 6 1 1920
734 38880 41520 1 0 2640
735 41640 42600 0 2 960
736 44040 45960 6 1 1920
737 46080 48720 1 0 2640
738 48840 49800 0 2 960
739 51240 53160 6 1 1920
740 53280 55920 1 0 2640
741 56040 57000 0 2 960
742 58440 60360 6 1 1920
743 60480 63120 1 0 2640
744 63240 64200 0 2 960
745 65640 67560 6 1 1920
746 67680 70320 1 0 2640
747 70440 71400 0 2 960
748 72840 74760 6 1 1920
749 74880 77520 1 0 2640
750 77640 78600 0 2 960
751 27900 29160 10 1 1260
752 29280 31200 1 6 1920
753 31440 34380 6 9 2940
754 38160 41100 9 6 2940
755 41220 43140 6 1 1920
756 43260 44520 1 10 1260
757 45360 48300 9 6 2940
758 48420 50340 6 1 1920
759 50460 51720 1 10 1260
760 52560 55500 9 6 2940
761 55620 57540 6 1 1920
762 57660 58920 1 10 1260
763 59760 62700 9 6 2940
764 62820 64740 6 1 1920
765 64860 66120 1 10 1260
766 66960 69900 9 6 2940
767 70020 71940 6 1 1920
768 72060 73320 1 10 1260
769 74160 77100 9 6 2940
770 77220 79140 6 1 1920
771 79260 80520 1 10 1260
772 28800 29760 0 2 960
773 30000 30780 2 5 780
774 30900 33180 5 4 2280
775 33300 35760 4 8 2460
776 36900 39360 8 4 2460
777 39480 41760 4 5 2280
778 42000 42780 5 2 780
779 42900 43860 2 0 960
780 47700 50160 8 4 2460
781 50280 52560 4 5 2280
782 52800 53580 5 2 780
783 53700 54660 2 0 960
784 58500 60960 8 4 2460
785 61080 63360 4 5 2280
786 63600 64380 5 2 780
787 64500 65460 2 0 960
788 69300 71760 8 4 2460
789 71880 74160 4 5 2280
790 74400 75180 5 2 780
791 75300 76260 2 0 960
792 28920 31200 5 4 2280
793 31320 33600 4 7 2280
794 33720 35520 7 8 1800
795 38100 39900 8 7 1800
796 40020 42300 7 4 2280
797 42420 44700 4 5 2280
798 32460 35100 1 0 2640
799 35220 36360 0 3 1140
800 36480 37440 3 2 960
801 37560 38340 2 5 780
802 42000 42780 5 2 780
803 42900 43860 2 3 960
804 43980 45120 3 0 1140
805 45240 47880 0 1 2640
806 48000 51240 1 9 3240
807 52800 53580 5 2 780
808 53700 54660 2 3 960
809 54780 55920 3 0 1140
810 56040 58680 0 1 2640
811 58800 62040 1 9 3240
812 63600 64380 5 2 780
813 64500 65460 2 3 960
814 65580 66720 3 0 1140
815 66840 69480 0 1 2640
816 69600 72840 1 9 3240
817 74400 75180 5 2 780
818 75300 76260 2 3 960
819 76380 77520 3 0 1140
820 77640 80280 0 1 2640
821 29100 30240 3 0 1140
822 30360 33300 0 10 2940
823 35760 38700 10 0 2940
824 38820 39960 0 3 1140
825 32460 35100 1 0 2640
826 35220 37620 0 4 2400
827 37740 40020 4 7 2280
828 41460 43740 7 4 2280
829 43860 46260 4 0 2400
830 46380 49020 0 1 2640
831 49140 52380 1 9 3240
832 55860 58140 7 4 2280
833 58260 60660 4 0 2400
834 60780 63420 0 1 2640
835 63540 66780 1 9 3240
836 70260 72540 7 4 2280
837 72660 75060 4 0 2400
838 75180 77820 0 1 2640
839 29460 31860 4 0 2400
840 31980 34920 0 10 2940
841 35040 36300 10 1 1260
842 37860 39120 1 10 1260
843 39360 42300 10 0 2940
844 42420 44820 0 4 2400
845 48660 49920 1 10 1260
846 50160 53100 10 0 2940
847 53220 55620 0 4 2400
848 59460 60720 1 10 1260
849 60960 63900 10 0 2940
850 64020 66420 0 4 2400
851 70260 71520 1 10 1260
852 71760 74700 10 0 2940
853 74820 77220 0 4 2400
854 31680 34320 1 0 2640
855 34440 35400 0 2 960
856 38520 39480 2 0 960
857 39600 42240 0 1 2640
858 42360 44280 1 6 1920
859 31680 34320 1 0 2640
860 34440 35400 0 2 960
861 35520 36300 2 5 780
862 38400 39180 5 2 780
863 39300 40260 2 0 960
864 40380 43020 0 1 2640
865 43140 45060 1 6 1920
866 49200 49980 5 2 780
867 50100 51060 2 0 960
868 51180 53820 0 1 2640
869 53940 55860 1 6 1920
870 60000 60780 5 2 780
871 60900 61860 2 0 960
872 61980 64620 0 1 2640
873 64740 66660 1 6 1920
874 70800 71580 5 2 780
875 71700 72660 2 0 960
876 72780 75420 0 1 2640
877 30120 32580 8 4 2460
878 32700 35100 4 0 2400
879 35220 36360 0 3 1140
880 38340 39480 3 0 1140
881 39600 42000 0 4 2400
882 42120 44580 4 8 2460
883 30660 32940 7 4 2280
884 33060 35460 4 0 2400
885 35580 38220 0 1 2640
886 38340 41580 1 9 3240
887 43500 46740 9 1 3240
888 46860 49500 1 0 2640
889 49620 52020 0 4 2400
890 52140 54420 4 7 2280
891 57900 61140 9 1 3240
892 61260 63900 1 0 2640
893 64020 66420 0 4 2400
894 66540 68820 4 7 2280
895 72300 75540 9 1 3240
896 75660 78300 1 0 2640
897 78420 80820 0 4 2400
898 80940 83220 4 7 2280
899 34020 35940 6 1 1920
900 36060 37320 1 10 1260
901 38700 39960 10 1 1260
902 40080 42000 1 6 1920
903 42240 45180 6 9 2940
904 31200 31980 5 2 780
905 32100 33060 2 3 960
906 33180 34320 3 0 1140
907 34440 37080 0 1 2640
908 37200 40440 1 9 3240
909 43500 46740 9 1 3240
910 46860 49500 1 0 2640
911 49620 50760 0 3 1140
912 50880 51840 3 2 960
913 51960 52740 2 5 780
914 54300 57540 9 1 3240
915 57660 60300 1 0 2640
916 60420 61560 0 3 1140
917 61680 62640 3 2 960
918 62760 63540 2 5 780
919 65100 68340 9 1 3240
920 68460 71100 1 0 2640
921 71220 72360 0 3 1140
922 72480 73440 3 2 960
923 73560 74340 2 5 780
924 75900 79140 9 1 3240
925 79260 81900 1 0 2640
926 82020 83160 0 3 1140
927 83280 84240 3 2 960
928 36060 38700 1 0 2640
929 38820 39960 0 3 1140
930 40080 41040 3 2 960
931 41160 41940 2 5 780
932 45600 46380 5 2 780
933 46500 47460 2 3 960
934 47580 48720 3 0 1140
935 48840 51480 0 1 2640
936 51600 54840 1 9 3240
937 36060 38700 1 0 2640
938 38820 41220 0 4 2400
939 41340 43620 4 7 2280
940 45060 47340 7 4 2280
941 47460 49860 4 0 2400
942 49980 52620 0 1 2640
943 52740 55980 1 9 3240
944 59460 61740 7 4 2280
945 61860 64260 4 0 2400
946 64380 67020 0 1 2640
947 67140 70380 1 9 3240
948 73860 76140 7 4 2280
949 76260 78660 4 0 2400
950 36300 37440 3 0 1140
951 37560 40500 0 10 2940
952 42960 45900 10 0 2940
953 46020 47160 0 3 1140
954 39600 40560 0 2 960
955 40800 41580 2 5 780
956 41700 43980 5 4 2280
957 44100 46560 4 8 2460
958 47700 50160 8 4 2460
959 50280 52560 4 5 2280
960 52800 53580 5 2 780
961 53700 54660 2 0 960
962 40260 42660 4 0 2400
963 42780 45720 0 10 2940
964 45840 47100 10 1 1260
965 48660 49920 1 10 1260
966 50160 53100 10 0 2940
967 53220 55620 0 4 2400
968 40440 42360 6 1 1920
969 42480 45120 1 0 2640
970 45240 46200 0 2 960
971 46320 47100 2 5 780
972 49200 49980 5 2 780
973 50100 51060 2 0 960
974 51180 53820 0 1 2640
975 53940 55860 1 6 1920
976 43500 44640 3 0 1140
977 44760 47700 0 10 2940
978 50160 53100 10 0 2940
979 53220 54360 0 3 1140
980 47100 50340 9 1 3240
981 50460 53100 1 0 2640
982 53220 55620 0 4 2400
983 55740 58020 4 7 2280
984 59460 61740 7 4 2280
985 61860 64260 4 0 2400
986 64380 67020 0 1 2640
987 67140 70380 1 9 3240
988 50400 51360 0 2 960
989 51600 52380 2 5 780
990 52500 54780 5 4 2280
991 54900 57360 4 8 2460
992 58500 60960 8 4 2460
993 61080 63360 4 5 2280
994 63600 64380 5 2 780
995 64500 65460 2 0 960
996 50700 51840 3 0 1140
997 51960 54900 0 10 2940
998 57360 60300 10 0 2940
999 60420 61560 0 3 1140
1000 51060 53460 4 0 2400
1001 53580 56520 0 10 2940
1002 56640 57900 10 1 1260
1003 59460 60720 1 10 1260
1004 60960 63900 10 0 2940
1005 64020 66420 0 4 2400
1006 51240 53160 6 1 1920
1007 53280 55920 1 0 2640
1008 56040 57000 0 2 960
1009 57120 57900 2 5 780
1010 60000 60780 5 2 780
1011 60900 61860 2 0 960
1012 61980 64620 0 1 2640
1013 64740 66660 1 6 1920
1014 57900 59040 3 0 1140
1015 59160 62100 0 10 2940
1016 64560 67500 10 0 2940
1017 67620 68760 0 3 1140
1018 61200 62160 0 2 960
1019 62400 63180 2 5 780
1020 63300 65580 5 4 2280
1021 65700 68160 4 8 2460
1022 69300 71760 8 4 2460
1023 71880 74160 4 5 2280
1024 74400 75180 5 2 780
1025 75300 76260 2 0 960
1026 61500 64740 9 1 3240
1027 64860 67500 1 0 2640
1028 67620 70020 0 4 2400
1029 70140 72420 4 7 2280
1030 73860 76140 7 4 2280
1031 76260 78660 4 0 2400
1032 61860 64260 4 0 2400
1033 64380 67320 0 10 2940
1034 67440 68700 10 1 1260
1035 70260 71520 1 10 1260
1036 71760 74700 10 0 2940
1037 74820 77220 0 4 2400
1038 62040 63960 6 1 1920
1039 64080 66720 1 0 2640
1040 66840 67800 0 2 960
1041 67920 68700 2 5 780
1042 70800 71580 5 2 780
1043 71700 72660 2 0 960
1044 72780 75420 0 1 2640
1045 65100 66240 3 0 1140
1046 66360 69300 0 10 2940
1047 71760 74700 10 0 2940
1048 74820 75960 0 3 1140
1049 72000 72960 0 2 960
1050 73200 73980 2 5 780
1051 74100 76380 5 4 2280
1052 76500 78960 4 8 2460
1053 80100 82560 8 4 2460
1054 82680 84960 4 5 2280
1055 85200 85980 5 2 780
1056 86100 87060 2 0 960
1057 72300 73440 3 0 1140
1058 73560 76500 0 10 2940
1059 78960 81900 10 0 2940
1060 72660 75060 4 0 2400
1061 75180 78120 0 10 2940
1062 78240 79500 10 1 1260
1063 81060 82320 1 10 1260
1064 82560 85500 10 0 2940
1065 85620 88020 0 4 2400
1066 72840 74760 6 1 1920
1067 74880 77520 1 0 2640
1068 77640 78600 0 2 960
1069 78720 79500 2 5 780
1070 81600 82380 5 2 780
1071 82500 83460 2 0 960
1072 75900 79140 9 1 3240
1073 79260 81900 1 0 2640
1074 82020 84420 0 4 2400
1075 84540 86820 4 7 2280
1076 88260 90540 7 4 2280
1077 90660 93060 4 0 2400
