0 8 11
1 4 13
2 11 19
1 3 26
3 9 25
2 6 28
6 12 18
10 13 17
8 18 37
16 18 11
8 0 11
4 1 13
11 2 19
3 1 26
9 3 25
6 2 28
12 6 18
13 10 17
18 8 37
18 16 11
0 11 24
11 0 24
5 19 7
19 5 7
8 19 49
19 8 49
3 20 14
20 3 14
5 20 24
20 5 24
12 21 20
21 12 20
0 22 16
22 0 16
4 22 8
22 4 8
0 23 14
23 0 14
2 23 9
23 2 9
16 24 10
24 16 10
10 25 22
25 10 22
12 25 6
25 12 6
11 26 20
26 11 20
21 26 14
26 21 14
11 27 26
27 11 26
17 27 7
27 17 7
7 28 15
28 7 15
9 28 13
28 9 13
4 29 19
29 4 19
7 29 25
29 7 25
1 30 25
30 1 25
8 30 7
30 8 7
7 31 30
31 7 30
15 31 12
31 15 12
4 32 16
32 4 16
9 32 20
32 9 20
6 33 27
33 6 27
15 33 9
33 15 9
3 34 8
34 3 8
14 34 31
34 14 31
4 35 13
35 4 13
6 36 42
36 6 42
35 36 7
36 35 7
11 37 30
37 11 30
24 37 12
37 24 12
