0 9 10
9 16 11
0 2 17
2 3 22
1 2 31
7 12 21
7 14 24
8 13 15
8 10 32
9 0 10
16 9 11
2 0 17
3 2 22
2 1 31
12 7 21
14 7 24
13 8 15
10 8 32
1 5 54
5 1 54
13 14 23
14 13 23
1 3 41
3 1 41
15 17 6
17 15 6
10 18 12
18 10 12
7 19 12
19 7 12
3 20 10
20 3 10
5 20 9
20 5 9
3 21 7
21 3 7
2 22 41
22 2 41
15 22 7
22 15 7
1 23 40
23 1 40
4 23 7
23 4 7
8 24 5
24 8 5
14 24 13
24 14 13
15 25 12
25 15 12
21 25 13
25 21 13
1 26 9
26 1 9
5 27 8
27 5 8
17 27 12
27 17 12
4 28 25
28 4 25
12 28 13
28 12 13
4 29 6
29 4 6
7 29 31
29 7 31
18 30 11
30 18 11
19 30 28
30 19 28
5 31 21
31 5 21
6 31 14
31 6 14
11 32 10
32 11 10
15 32 14
32 15 14
0 33 10
33 0 10
26 33 14
33 26 14
