0 30540 32400 4 0 1860
1 33120 34740 0 4 1620
2 34980 37980 4 1 3000
3 38100 40200 1 3 2100
4 40320 43560 3 13 3240
5 47520 49140 0 4 1620
6 49380 52380 4 1 3000
7 52500 54600 1 3 2100
8 54720 57960 3 13 3240
9 61920 63540 0 4 1620
10 63780 66780 4 1 3000
11 66900 69000 1 3 2100
12 69120 72360 3 13 3240
13 76320 77940 0 4 1620
14 78180 81180 4 1 3000
15 32460 35400 14 17 2940
16 35520 36600 17 0 1080
17 37200 39420 9 14 2220
18 39660 42600 14 17 2940
19 42720 43800 17 0 1080
20 44400 46620 9 14 2220
21 46860 49800 14 17 2940
22 49920 51000 17 0 1080
23 51600 53820 9 14 2220
24 54060 57000 14 17 2940
25 57120 58200 17 0 1080
26 58800 61020 9 14 2220
27 61260 64200 14 17 2940
28 64320 65400 17 0 1080
29 66000 68220 9 14 2220
30 68460 71400 14 17 2940
31 71520 72600 17 0 1080
32 73200 75420 9 14 2220
33 75660 78600 14 17 2940
34 78720 79800 17 0 1080
35 31200 32820 4 0 1620
36 32940 34020 0 17 1080
37 34140 34860 17 2 720
38 38220 38940 2 17 720
39 39060 40140 17 0 1080
40 40260 41880 0 4 1620
41 42000 45120 4 6 3120
42 45240 48300 6 10 3060
43 48420 50880 10 12 2460
44 52620 53340 2 17 720
45 53460 54540 17 0 1080
46 54660 56280 0 4 1620
47 56400 59520 4 6 3120
48 59640 62700 6 10 3060
49 62820 65280 10 12 2460
50 67020 67740 2 17 720
51 67860 68940 17 0 1080
52 69060 70680 0 4 1620
53 70800 73920 4 6 3120
54 74040 77100 6 10 3060
55 34800 37020 14 9 2220
56 37140 39420 9 3 2280
57 42000 44220 14 9 2220
58 44340 46620 9 3 2280
59 49200 51420 14 9 2220
60 51540 53820 9 3 2280
61 56400 58620 14 9 2220
62 58740 61020 9 3 2280
63 63600 65820 14 9 2220
64 65940 68220 9 3 2280
65 70800 73020 14 9 2220
66 73140 75420 9 3 2280
67 31680 33000 7 8 1320
68 33120 36720 8 2 3600
69 36840 39480 2 14 2640
70 42480 43800 7 8 1320
71 43920 47520 8 2 3600
72 47640 50280 2 14 2640
73 53280 54600 7 8 1320
74 54720 58320 8 2 3600
75 58440 61080 2 14 2640
76 64080 65400 7 8 1320
77 65520 69120 8 2 3600
78 69240 71880 2 14 2640
79 74880 76200 7 8 1320
80 76320 79920 8 2 3600
81 30000 30900 8 15 900
82 31680 32580 15 8 900
83 32700 36300 8 2 3600
84 36420 37140 2 17 720
85 37260 38100 17 1 840
86 38220 40320 1 3 2100
87 42480 43380 15 8 900
88 43500 47100 8 2 3600
89 47220 47940 2 17 720
90 48060 48900 17 1 840
91 49020 51120 1 3 2100
92 53280 54180 15 8 900
93 54300 57900 8 2 3600
94 58020 58740 2 17 720
95 58860 59700 17 1 840
96 59820 61920 1 3 2100
97 64080 64980 15 8 900
98 65100 68700 8 2 3600
99 68820 69540 2 17 720
100 69660 70500 17 1 840
101 70620 72720 1 3 2100
102 74880 75780 15 8 900
103 75900 79500 8 2 3600
104 79620 80340 2 17 720
105 80460 81300 17 1 840
106 34440 35160 16 9 720
107 35400 37680 9 3 2280
108 41640 42360 16 9 720
109 42600 44880 9 3 2280
110 48840 49560 16 9 720
111 49800 52080 9 3 2280
112 56040 56760 16 9 720
113 57000 59280 9 3 2280
114 63240 63960 16 9 720
115 64200 66480 9 3 2280
116 70440 71160 16 9 720
117 71400 73680 9 3 2280
118 78600 80880 9 3 2280
119 39480 41580 3 1 2100
120 41700 44700 1 4 3000
121 44940 46800 4 0 1860
122 50520 53760 13 3 3240
123 53880 55980 3 1 2100
124 56100 59100 1 4 3000
125 59340 61200 4 0 1860
126 64920 68160 13 3 3240
127 68280 70380 3 1 2100
128 70500 73500 1 4 3000
129 73740 75600 4 0 1860
130 27540 30540 5 8 3000
131 30660 31560 8 15 900
132 32220 33120 15 8 900
133 33240 36240 8 5 3000
134 36360 38160 5 4 1800
135 38280 41400 4 6 3120
136 43020 43920 15 8 900
137 44040 47040 8 5 3000
138 47160 48960 5 4 1800
139 49080 52200 4 6 3120
140 53820 54720 15 8 900
141 54840 57840 8 5 3000
142 57960 59760 5 4 1800
143 59880 63000 4 6 3120
144 64620 65520 15 8 900
145 65640 68640 8 5 3000
146 68760 70560 5 4 1800
147 70680 73800 4 6 3120
148 75420 76320 15 8 900
149 76440 79440 8 5 3000
150 79560 81360 5 4 1800
151 81480 84600 4 6 3120
152 33720 34560 1 17 840
153 34680 35760 17 0 1080
154 37380 38100 16 9 720
155 38220 40800 9 1 2580
156 40920 41760 1 17 840
157 41880 42960 17 0 1080
158 44580 45300 16 9 720
159 45420 48000 9 1 2580
160 48120 48960 1 17 840
161 49080 50160 17 0 1080
162 51780 52500 16 9 720
163 52620 55200 9 1 2580
164 55320 56160 1 17 840
165 56280 57360 17 0 1080
166 58980 59700 16 9 720
167 59820 62400 9 1 2580
168 62520 63360 1 17 840
169 63480 64560 17 0 1080
170 66180 66900 16 9 720
171 67020 69600 9 1 2580
172 69720 70560 1 17 840
173 70680 71760 17 0 1080
174 73380 74100 16 9 720
175 74220 76800 9 1 2580
176 76920 77760 1 17 840
177 77880 78960 17 0 1080
178 34200 37200 4 1 3000
179 37320 38160 1 17 840
180 41760 44880 6 4 3120
181 45000 48000 4 1 3000
182 48120 48960 1 17 840
183 52560 55680 6 4 3120
184 55800 58800 4 1 3000
185 58920 59760 1 17 840
186 63360 66480 6 4 3120
187 66600 69600 4 1 3000
188 69720 70560 1 17 840
189 74160 77280 6 4 3120
190 77400 80400 4 1 3000
191 80520 81360 1 17 840
192 28320 29400 17 0 1080
193 30960 32040 0 17 1080
194 32160 35100 17 14 2940
195 35220 37440 14 9 2220
196 38160 39240 0 17 1080
197 39360 42300 17 14 2940
198 42420 44640 14 9 2220
199 45360 46440 0 17 1080
200 46560 49500 17 14 2940
201 49620 51840 14 9 2220
202 52560 53640 0 17 1080
203 53760 56700 17 14 2940
204 56820 59040 14 9 2220
205 59760 60840 0 17 1080
206 60960 63900 17 14 2940
207 64020 66240 14 9 2220
208 66960 68040 0 17 1080
209 68160 71100 17 14 2940
210 71220 73440 14 9 2220
211 74160 75240 0 17 1080
212 75360 78300 17 14 2940
213 29700 30780 0 17 1080
214 30900 31740 17 1 840
215 31860 34440 1 9 2580
216 34560 35280 9 16 720
217 36900 37980 0 17 1080
218 38100 38940 17 1 840
219 39060 41640 1 9 2580
220 41760 42480 9 16 720
221 44100 45180 0 17 1080
222 45300 46140 17 1 840
223 46260 48840 1 9 2580
224 48960 49680 9 16 720
225 51300 52380 0 17 1080
226 52500 53340 17 1 840
227 53460 56040 1 9 2580
228 56160 56880 9 16 720
229 58500 59580 0 17 1080
230 59700 60540 17 1 840
231 60660 63240 1 9 2580
232 63360 64080 9 16 720
233 65700 66780 0 17 1080
234 66900 67740 17 1 840
235 67860 70440 1 9 2580
236 70560 71280 9 16 720
237 72900 73980 0 17 1080
238 74100 74940 17 1 840
239 75060 77640 1 9 2580
240 32040 33840 4 5 1800
241 33960 35640 5 0 1680
242 38280 39960 0 5 1680
243 40080 41880 5 4 1800
244 42000 45120 4 6 3120
245 45240 48300 6 10 3060
246 48420 50880 10 12 2460
247 52680 54360 0 5 1680
248 54480 56280 5 4 1800
249 56400 59520 4 6 3120
250 59640 62700 6 10 3060
251 62820 65280 10 12 2460
252 67080 68760 0 5 1680
253 68880 70680 5 4 1800
254 70800 73920 4 6 3120
255 74040 77100 6 10 3060
256 32820 34440 4 0 1620
257 34560 35640 0 17 1080
258 35760 36480 17 2 720
259 38520 39240 2 17 720
260 39360 40440 17 0 1080
261 40560 42180 0 4 1620
262 42300 45420 4 6 3120
263 45660 48960 6 10 3300
264 49200 51840 10 11 2640
265 52920 53640 2 17 720
266 53760 54840 17 0 1080
267 54960 56580 0 4 1620
268 56700 59820 4 6 3120
269 60060 63360 6 10 3300
270 63600 66240 10 11 2640
271 67320 68040 2 17 720
272 68160 69240 17 0 1080
273 69360 70980 0 4 1620
274 71100 74220 4 6 3120
275 74460 77760 6 10 3300
276 24360 26040 5 0 1680
277 26160 27240 0 17 1080
278 27360 28200 17 1 840
279 28320 30900 1 9 2580
280 31140 31860 9 16 720
281 34860 35580 16 9 720
282 35700 38280 9 1 2580
283 38400 39240 1 17 840
284 39360 40440 17 0 1080
285 40560 42240 0 5 1680
286 42360 43140 5 18 780
287 45660 46380 16 9 720
288 46500 49080 9 1 2580
289 49200 50040 1 17 840
290 50160 51240 17 0 1080
291 51360 53040 0 5 1680
292 53160 53940 5 18 780
293 56460 57180 16 9 720
294 57300 59880 9 1 2580
295 60000 60840 1 17 840
296 60960 62040 17 0 1080
297 62160 63840 0 5 1680
298 63960 64740 5 18 780
299 67260 67980 16 9 720
300 68100 70680 9 1 2580
301 70800 71640 1 17 840
302 71760 72840 17 0 1080
303 72960 74640 0 5 1680
304 74760 75540 5 18 780
305 78060 78780 16 9 720
306 78900 81480 9 1 2580
307 81600 82440 1 17 840
308 82560 83640 17 0 1080
309 83760 85440 0 5 1680
310 29400 33000 2 8 3600
311 33120 34020 8 15 900
312 35520 36420 15 8 900
313 36540 40140 8 2 3600
314 40260 42900 2 14 2640
315 43020 45240 14 9 2220
316 45360 46080 9 16 720
317 49920 50820 15 8 900
318 50940 54540 8 2 3600
319 54660 57300 2 14 2640
320 57420 59640 14 9 2220
321 59760 60480 9 16 720
322 64320 65220 15 8 900
323 65340 68940 8 2 3600
324 69060 71700 2 14 2640
325 71820 74040 14 9 2220
326 74160 74880 9 16 720
327 78720 79620 15 8 900
328 31860 32580 9 16 720
329 36660 38940 3 9 2280
330 39060 39780 9 16 720
331 43860 46140 3 9 2280
332 46260 46980 9 16 720
333 51060 53340 3 9 2280
334 53460 54180 9 16 720
335 58260 60540 3 9 2280
336 60660 61380 9 16 720
337 65460 67740 3 9 2280
338 67860 68580 9 16 720
339 72660 74940 3 9 2280
340 75060 75780 9 16 720
341 28380 30060 5 0 1680
342 31260 32940 0 5 1680
343 33060 35160 5 7 2100
344 35280 36600 7 8 1320
345 36720 37620 8 15 900
346 38460 40140 0 5 1680
347 40260 42360 5 7 2100
348 42480 43800 7 8 1320
349 43920 44820 8 15 900
350 45660 47340 0 5 1680
351 47460 49560 5 7 2100
352 49680 51000 7 8 1320
353 51120 52020 8 15 900
354 52860 54540 0 5 1680
355 54660 56760 5 7 2100
356 56880 58200 7 8 1320
357 58320 59220 8 15 900
358 60060 61740 0 5 1680
359 61860 63960 5 7 2100
360 64080 65400 7 8 1320
361 65520 66420 8 15 900
362 67260 68940 0 5 1680
363 69060 71160 5 7 2100
364 71280 72600 7 8 1320
365 72720 73620 8 15 900
366 74460 76140 0 5 1680
367 76260 78360 5 7 2100
368 78480 79800 7 8 1320
369 79920 80820 8 15 900
370 31800 34020 9 14 2220
371 34260 37200 14 17 2940
372 37320 38400 17 0 1080
373 39000 41220 9 14 2220
374 41460 44400 14 17 2940
375 44520 45600 17 0 1080
376 46200 48420 9 14 2220
377 48660 51600 14 17 2940
378 51720 52800 17 0 1080
379 53400 55620 9 14 2220
380 55860 58800 14 17 2940
381 58920 60000 17 0 1080
382 60600 62820 9 14 2220
383 63060 66000 14 17 2940
384 66120 67200 17 0 1080
385 67800 70020 9 14 2220
386 70260 73200 14 17 2940
387 73320 74400 17 0 1080
388 75000 77220 9 14 2220
389 77460 80400 14 17 2940
390 80520 81600 17 0 1080
391 30120 30960 1 17 840
392 33540 34380 17 1 840
393 34500 37500 1 4 3000
394 37620 40740 4 6 3120
395 44340 45180 17 1 840
396 45300 48300 1 4 3000
397 48420 51540 4 6 3120
398 55140 55980 17 1 840
399 56100 59100 1 4 3000
400 59220 62340 4 6 3120
401 65940 66780 17 1 840
402 66900 69900 1 4 3000
403 70020 73140 4 6 3120
404 76740 77580 17 1 840
405 77700 80700 1 4 3000
406 80820 83940 4 6 3120
407 26340 28140 5 4 1800
408 28260 31380 4 6 3120
409 31500 34560 6 10 3060
410 34800 37440 10 11 2640
411 38820 41460 11 10 2640
412 41580 44640 10 6 3060
413 44760 47880 6 4 3120
414 48000 49800 4 5 1800
415 49920 50700 5 18 780
416 50820 52380 18 7 1560
417 53220 55860 11 10 2640
418 55980 59040 10 6 3060
419 59160 62280 6 4 3120
420 62400 64200 4 5 1800
421 64320 65100 5 18 780
422 65220 66780 18 7 1560
423 67620 70260 11 10 2640
424 70380 73440 10 6 3060
425 73560 76680 6 4 3120
426 76800 78600 4 5 1800
427 78720 79500 5 18 780
428 79620 81180 18 7 1560
429 28500 31260 5 17 2760
430 31380 32100 17 2 720
431 35700 38460 5 17 2760
432 38580 39300 17 2 720
433 42900 45660 5 17 2760
434 45780 46500 17 2 720
435 50100 52860 5 17 2760
436 52980 53700 17 2 720
437 57300 60060 5 17 2760
438 60180 60900 17 2 720
439 64500 67260 5 17 2760
440 67380 68100 17 2 720
441 71700 74460 5 17 2760
442 74580 75300 17 2 720
443 78900 81660 5 17 2760
444 81780 82500 17 2 720
445 40200 42660 12 10 2460
446 42780 45840 10 6 3060
447 45960 49080 6 4 3120
448 49200 50820 4 0 1620
449 50940 52020 0 17 1080
450 52140 52860 17 2 720
451 54600 57060 12 10 2460
452 57180 60240 10 6 3060
453 60360 63480 6 4 3120
454 63600 65220 4 0 1620
455 65340 66420 0 17 1080
456 66540 67260 17 2 720
457 69000 71460 12 10 2460
458 71580 74640 10 6 3060
459 74760 77880 6 4 3120
460 78000 79620 4 0 1620
461 79740 80820 0 17 1080
462 80940 81660 17 2 720
463 25680 27480 5 4 1800
464 27600 30720 4 6 3120
465 30840 33900 6 10 3060
466 34020 36480 10 12 2460
467 37440 39900 12 10 2460
468 40020 43080 10 6 3060
469 43200 46320 6 4 3120
470 46440 48240 4 5 1800
471 48360 50040 5 0 1680
472 51840 54300 12 10 2460
473 54420 57480 10 6 3060
474 57600 60720 6 4 3120
475 60840 62640 4 5 1800
476 62760 64440 5 0 1680
477 66240 68700 12 10 2460
478 68820 71880 10 6 3060
479 72000 75120 6 4 3120
480 75240 77040 4 5 1800
481 77160 78840 5 0 1680
482 24900 27660 5 17 2760
483 28260 31020 17 5 2760
484 31140 31920 5 18 780
485 35460 38220 17 5 2760
486 38340 39120 5 18 780
487 42660 45420 17 5 2760
488 45540 46320 5 18 780
489 49860 52620 17 5 2760
490 52740 53520 5 18 780
491 57060 59820 17 5 2760
492 59940 60720 5 18 780
493 64260 67020 17 5 2760
494 67140 67920 5 18 780
495 71460 74220 17 5 2760
496 74340 75120 5 18 780
497 78660 81420 17 5 2760
498 31800 34020 9 14 2220
499 36600 38880 3 9 2280
500 39000 41220 9 14 2220
501 43800 46080 3 9 2280
502 46200 48420 9 14 2220
503 51000 53280 3 9 2280
504 53400 55620 9 14 2220
505 58200 60480 3 9 2280
506 60600 62820 9 14 2220
507 65400 67680 3 9 2280
508 67800 70020 9 14 2220
509 72600 74880 3 9 2280
510 75000 77220 9 14 2220
511 25860 27960 5 7 2100
512 28080 29400 7 8 1320
513 29520 30420 8 15 900
514 34500 35400 15 8 900
515 35520 36840 8 7 1320
516 36960 39060 7 5 2100
517 39180 40860 5 0 1680
518 41700 42600 15 8 900
519 42720 44040 8 7 1320
520 44160 46260 7 5 2100
521 46380 48060 5 0 1680
522 48900 49800 15 8 900
523 49920 51240 8 7 1320
524 51360 53460 7 5 2100
525 53580 55260 5 0 1680
526 56100 57000 15 8 900
527 57120 58440 8 7 1320
528 58560 60660 7 5 2100
529 60780 62460 5 0 1680
530 63300 64200 15 8 900
531 64320 65640 8 7 1320
532 65760 67860 7 5 2100
533 67980 69660 5 0 1680
534 70500 71400 15 8 900
535 71520 72840 8 7 1320
536 72960 75060 7 5 2100
537 75180 76860 5 0 1680
538 77700 78600 15 8 900
539 78720 80040 8 7 1320
540 80160 82260 7 5 2100
541 82380 84060 5 0 1680
542 26280 29040 5 17 2760
543 31860 34620 17 5 2760
544 34740 36840 5 7 2100
545 39060 41820 17 5 2760
546 41940 44040 5 7 2100
547 46260 49020 17 5 2760
548 49140 51240 5 7 2100
549 53460 56220 17 5 2760
550 56340 58440 5 7 2100
551 60660 63420 17 5 2760
552 63540 65640 5 7 2100
553 67860 70620 17 5 2760
554 70740 72840 5 7 2100
555 75060 77820 17 5 2760
556 77940 80040 5 7 2100
557 28560 29640 17 0 1080
558 29760 31440 0 5 1680
559 31560 32340 5 18 780
560 34260 35040 18 5 780
561 35160 36840 5 0 1680
562 36960 38040 0 17 1080
563 38160 39000 17 1 840
564 39120 41700 1 9 2580
565 41940 42660 9 16 720
566 45060 45840 18 5 780
567 45960 47640 5 0 1680
568 47760 48840 0 17 1080
569 48960 49800 17 1 840
570 49920 52500 1 9 2580
571 52740 53460 9 16 720
572 55860 56640 18 5 780
573 56760 58440 5 0 1680
574 58560 59640 0 17 1080
575 59760 60600 17 1 840
576 60720 63300 1 9 2580
577 63540 64260 9 16 720
578 66660 67440 18 5 780
579 67560 69240 5 0 1680
580 69360 70440 0 17 1080
581 70560 71400 17 1 840
582 71520 74100 1 9 2580
583 74340 75060 9 16 720
584 77460 78240 18 5 780
585 78360 80040 5 0 1680
586 80160 81240 0 17 1080
587 81360 82200 17 1 840
588 34800 37440 10 11 2640
589 41280 43920 11 10 2640
590 44160 47340 10 6 3180
591 47460 50580 6 4 3120
592 50820 52440 4 0 1620
593 52560 53640 0 17 1080
594 53760 54480 17 2 720
595 55680 58320 11 10 2640
596 58560 61740 10 6 3180
597 61860 64980 6 4 3120
598 65220 66840 4 0 1620
599 66960 68040 0 17 1080
600 68160 68880 17 2 720
601 70080 72720 11 10 2640
602 72960 76140 10 6 3180
603 76260 79380 6 4 3120
604 79620 81240 4 0 1620
605 81360 82440 0 17 1080
606 38580 40860 3 9 2280
607 40980 43560 9 1 2580
608 43680 44520 1 17 840
609 44640 45360 17 2 720
610 46020 49260 13 3 3240
611 49380 51660 3 9 2280
612 51780 54360 9 1 2580
613 54480 55320 1 17 840
614 55440 56160 17 2 720
615 56820 60060 13 3 3240
616 60180 62460 3 9 2280
617 62580 65160 9 1 2580
618 65280 66120 1 17 840
619 66240 66960 17 2 720
620 67620 70860 13 3 3240
621 70980 73260 3 9 2280
622 73380 75960 9 1 2580
623 76080 76920 1 17 840
624 77040 77760 17 2 720
625 32880 33720 1 17 840
626 33840 34560 17 2 720
627 38520 39240 2 17 720
628 39360 40200 17 1 840
629 40320 42900 1 9 2580
630 43020 45300 9 3 2280
631 45420 48660 3 13 3240
632 49320 50040 2 17 720
633 50160 51000 17 1 840
634 51120 53700 1 9 2580
635 53820 56100 9 3 2280
636 56220 59460 3 13 3240
637 60120 60840 2 17 720
638 60960 61800 17 1 840
639 61920 64500 1 9 2580
640 64620 66900 9 3 2280
641 67020 70260 3 13 3240
642 70920 71640 2 17 720
643 71760 72600 17 1 840
644 72720 75300 1 9 2580
645 75420 77700 9 3 2280
646 33600 35400 4 5 1800
647 35520 36300 5 18 780
648 36420 37980 18 7 1560
649 41760 43320 7 18 1560
650 43440 44220 18 5 780
651 44340 46140 5 4 1800
652 46260 49380 4 6 3120
653 49500 52560 6 10 3060
654 52800 55440 10 11 2640
655 56160 57720 7 18 1560
656 57840 58620 18 5 780
657 58740 60540 5 4 1800
658 60660 63780 4 6 3120
659 63900 66960 6 10 3060
660 67200 69840 10 11 2640
661 70560 72120 7 18 1560
662 72240 73020 18 5 780
663 73140 74940 5 4 1800
664 75060 78180 4 6 3120
665 29640 32280 2 14 2640
666 33060 35700 14 2 2640
667 35820 39420 2 8 3600
668 39540 40860 8 7 1320
669 43860 46500 14 2 2640
670 46620 50220 2 8 3600
671 50340 51660 8 7 1320
672 54660 57300 14 2 2640
673 57420 61020 2 8 3600
674 61140 62460 8 7 1320
675 65460 68100 14 2 2640
676 68220 71820 2 8 3600
677 71940 73260 8 7 1320
678 76260 78900 14 2 2640
679 79020 82620 2 8 3600
680 29220 29940 2 17 720
681 30060 30900 17 1 840
682 31020 33120 1 3 2100
683 36660 38760 3 1 2100
684 38880 39720 1 17 840
685 39840 40560 17 2 720
686 40680 44280 2 8 3600
687 44400 45300 8 15 900
688 47460 49560 3 1 2100
689 49680 50520 1 17 840
690 50640 51360 17 2 720
691 51480 55080 2 8 3600
692 55200 56100 8 15 900
693 58260 60360 3 1 2100
694 60480 61320 1 17 840
695 61440 62160 17 2 720
696 62280 65880 2 8 3600
697 66000 66900 8 15 900
698 69060 71160 3 1 2100
699 71280 72120 1 17 840
700 72240 72960 17 2 720
701 73080 76680 2 8 3600
702 76800 77700 8 15 900
703 78480 79380 15 8 900
704 79500 83100 8 2 3600
705 83220 83940 2 17 720
706 30120 30960 1 17 840
707 31080 32160 17 0 1080
708 35940 37020 0 17 1080
709 37140 37980 17 1 840
710 38100 40200 1 3 2100
711 40320 43560 3 13 3240
712 46740 47820 0 17 1080
713 47940 48780 17 1 840
714 48900 51000 1 3 2100
715 51120 54360 3 13 3240
716 57540 58620 0 17 1080
717 58740 59580 17 1 840
718 59700 61800 1 3 2100
719 61920 65160 3 13 3240
720 68340 69420 0 17 1080
721 69540 70380 17 1 840
722 70500 72600 1 3 2100
723 79140 80220 0 17 1080
724 80340 81180 17 1 840
725 30120 31200 17 0 1080
726 32760 33840 0 17 1080
727 33960 36900 17 14 2940
728 37020 39240 14 9 2220
729 39960 41040 0 17 1080
730 41160 44100 17 14 2940
731 44220 46440 14 9 2220
732 47160 48240 0 17 1080
733 48360 51300 17 14 2940
734 51420 53640 14 9 2220
735 54360 55440 0 17 1080
736 55560 58500 17 14 2940
737 58620 60840 14 9 2220
738 61560 62640 0 17 1080
739 62760 65700 17 14 2940
740 65820 68040 14 9 2220
741 68760 69840 0 17 1080
742 69960 72900 17 14 2940
743 73020 75240 14 9 2220
744 75960 77040 0 17 1080
745 77160 80100 17 14 2940
746 27540 28320 5 18 780
747 31200 31980 18 5 780
748 32100 34860 5 17 2760
749 38400 39180 18 5 780
750 39300 42060 5 17 2760
751 45600 46380 18 5 780
752 46500 49260 5 17 2760
753 52800 53580 18 5 780
754 53700 56460 5 17 2760
755 60000 60780 18 5 780
756 60900 63660 5 17 2760
757 67200 67980 18 5 780
758 68100 70860 5 17 2760
759 74400 75180 18 5 780
760 75300 78060 5 17 2760
761 27540 29640 5 7 2100
762 31260 33360 7 5 2100
763 33480 36240 5 17 2760
764 38460 40560 7 5 2100
765 40680 43440 5 17 2760
766 45660 47760 7 5 2100
767 47880 50640 5 17 2760
768 52860 54960 7 5 2100
769 55080 57840 5 17 2760
770 60060 62160 7 5 2100
771 62280 65040 5 17 2760
772 67260 69360 7 5 2100
773 69480 72240 5 17 2760
774 74460 76560 7 5 2100
775 76680 79440 5 17 2760
776 29460 32100 2 14 2640
777 32220 34440 14 9 2220
778 34560 35280 9 16 720
779 37860 38580 16 9 720
780 38700 40920 9 14 2220
781 41040 43680 14 2 2640
782 43800 47400 2 8 3600
783 47520 48420 8 15 900
784 52260 52980 16 9 720
785 53100 55320 9 14 2220
786 55440 58080 14 2 2640
787 58200 61800 2 8 3600
788 61920 62820 8 15 900
789 66660 67380 16 9 720
790 67500 69720 9 14 2220
791 69840 72480 14 2 2640
792 72600 76200 2 8 3600
793 76320 77220 8 15 900
794 24900 27660 5 17 2760
795 27780 28500 17 2 720
796 31020 31740 2 17 720
797 31860 34620 17 5 2760
798 38220 38940 2 17 720
799 39060 41820 17 5 2760
800 45420 46140 2 17 720
801 46260 49020 17 5 2760
802 52620 53340 2 17 720
803 53460 56220 17 5 2760
804 59820 60540 2 17 720
805 60660 63420 17 5 2760
806 67020 67740 2 17 720
807 67860 70620 17 5 2760
808 74220 74940 2 17 720
809 75060 77820 17 5 2760
810 29160 30960 5 4 1800
811 31080 34200 4 6 3120
812 36780 39900 6 4 3120
813 40020 41820 4 5 1800
814 41940 44940 5 8 3000
815 45060 45960 8 15 900
816 47580 50700 6 4 3120
817 50820 52620 4 5 1800
818 52740 55740 5 8 3000
819 55860 56760 8 15 900
820 58380 61500 6 4 3120
821 61620 63420 4 5 1800
822 63540 66540 5 8 3000
823 66660 67560 8 15 900
824 69180 72300 6 4 3120
825 72420 74220 4 5 1800
826 74340 77340 5 8 3000
827 77460 78360 8 15 900
828 79020 79920 15 8 900
829 80040 83040 8 5 3000
830 83160 84960 5 4 1800
831 85080 88200 4 6 3120
832 90780 93900 6 4 3120
833 94020 95820 4 5 1800
834 30120 32220 1 3 2100
835 35880 37980 3 1 2100
836 38100 41100 1 4 3000
837 41220 42840 4 0 1620
838 46680 48780 3 1 2100
839 48900 51900 1 4 3000
840 52020 53640 4 0 1620
841 57480 59580 3 1 2100
842 59700 62700 1 4 3000
843 62820 64440 4 0 1620
844 68280 70380 3 1 2100
845 70500 73500 1 4 3000
846 73620 75240 4 0 1620
847 79080 81180 3 1 2100
848 81300 84300 1 4 3000
849 84420 86040 4 0 1620
850 30420 32040 4 0 1620
851 35880 37500 0 4 1620
852 37740 40740 4 1 3000
853 40920 43020 1 3 2100
854 46680 48300 0 4 1620
855 48540 51540 4 1 3000
856 51720 53820 1 3 2100
857 57480 59100 0 4 1620
858 59340 62340 4 1 3000
859 62520 64620 1 3 2100
860 68280 69900 0 4 1620
861 70140 73140 4 1 3000
862 73320 75420 1 3 2100
863 79080 80700 0 4 1620
864 38700 40800 3 1 2100
865 40920 41760 1 17 840
866 41880 42960 17 0 1080
867 46140 49380 13 3 3240
868 49500 51600 3 1 2100
869 51720 52560 1 17 840
870 52680 53760 17 0 1080
871 56940 60180 13 3 3240
872 60300 62400 3 1 2100
873 62520 63360 1 17 840
874 63480 64560 17 0 1080
875 67740 70980 13 3 3240
876 71100 73200 3 1 2100
877 73320 74160 1 17 840
878 74280 75360 17 0 1080
879 81900 84000 3 1 2100
880 84120 84960 1 17 840
881 85080 86160 17 0 1080
882 30900 33900 1 4 3000
883 34140 36000 4 0 1860
884 36720 38340 0 4 1620
885 38580 41580 4 1 3000
886 41700 43800 1 3 2100
887 43920 47160 3 13 3240
888 51120 52740 0 4 1620
889 52980 55980 4 1 3000
890 56100 58200 1 3 2100
891 58320 61560 3 13 3240
892 65520 67140 0 4 1620
893 67380 70380 4 1 3000
894 70500 72600 1 3 2100
895 33600 35820 9 14 2220
896 36060 39000 14 17 2940
897 39120 40200 17 0 1080
898 40800 43020 9 14 2220
899 43260 46200 14 17 2940
900 46320 47400 17 0 1080
901 48000 50220 9 14 2220
902 50460 53400 14 17 2940
903 53520 54600 17 0 1080
904 55200 57420 9 14 2220
905 57660 60600 14 17 2940
906 60720 61800 17 0 1080
907 62400 64620 9 14 2220
908 64860 67800 14 17 2940
909 67920 69000 17 0 1080
910 69600 71820 9 14 2220
911 72060 75000 14 17 2940
912 75120 76200 17 0 1080
913 76800 79020 9 14 2220
914 79260 82200 14 17 2940
915 82320 83400 17 0 1080
916 31560 34680 6 4 3120
917 34800 36420 4 0 1620
918 36540 37620 0 17 1080
919 37740 38460 17 2 720
920 41820 42540 2 17 720
921 42660 43740 17 0 1080
922 43860 45480 0 4 1620
923 45600 48720 4 6 3120
924 48840 51900 6 10 3060
925 52020 54480 10 12 2460
926 56220 56940 2 17 720
927 57060 58140 17 0 1080
928 58260 59880 0 4 1620
929 60000 63120 4 6 3120
930 63240 66300 6 10 3060
931 66420 68880 10 12 2460
932 70620 71340 2 17 720
933 71460 72540 17 0 1080
934 72660 74280 0 4 1620
935 74400 77520 4 6 3120
936 33540 35820 9 3 2280
937 38400 40620 14 9 2220
938 40740 43020 9 3 2280
939 45600 47820 14 9 2220
940 47940 50220 9 3 2280
941 52800 55020 14 9 2220
942 55140 57420 9 3 2280
943 60000 62220 14 9 2220
944 62340 64620 9 3 2280
945 67200 69420 14 9 2220
946 69540 71820 9 3 2280
947 74400 76620 14 9 2220
948 32340 33660 8 7 1320
949 35280 36600 7 8 1320
950 36720 40320 8 2 3600
951 40440 43080 2 14 2640
952 46080 47400 7 8 1320
953 47520 51120 8 2 3600
954 51240 53880 2 14 2640
955 56880 58200 7 8 1320
956 58320 61920 8 2 3600
957 62040 64680 2 14 2640
958 67680 69000 7 8 1320
959 69120 72720 8 2 3600
960 72840 75480 2 14 2640
961 78480 79800 7 8 1320
962 29040 29760 17 2 720
963 29880 33480 2 8 3600
964 33600 34500 8 15 900
965 35280 36180 15 8 900
966 36300 39900 8 2 3600
967 40020 40740 2 17 720
968 40860 41700 17 1 840
969 41820 43920 1 3 2100
970 46080 46980 15 8 900
971 47100 50700 8 2 3600
972 50820 51540 2 17 720
973 51660 52500 17 1 840
974 52620 54720 1 3 2100
975 56880 57780 15 8 900
976 57900 61500 8 2 3600
977 61620 62340 2 17 720
978 62460 63300 17 1 840
979 63420 65520 1 3 2100
980 67680 68580 15 8 900
981 68700 72300 8 2 3600
982 72420 73140 2 17 720
983 73260 74100 17 1 840
984 74220 76320 1 3 2100
985 31800 34080 9 3 2280
986 38040 38760 16 9 720
987 39000 41280 9 3 2280
988 45240 45960 16 9 720
989 46200 48480 9 3 2280
990 52440 53160 16 9 720
991 53400 55680 9 3 2280
992 59640 60360 16 9 720
993 60600 62880 9 3 2280
994 66840 67560 16 9 720
995 67800 70080 9 3 2280
996 74040 74760 16 9 720
997 75000 77280 9 3 2280
998 30900 33000 1 3 2100
999 33120 36360 3 13 3240
1000 39720 42960 13 3 3240
1001 43080 45180 3 1 2100
1002 45300 48300 1 4 3000
1003 48540 50400 4 0 1860
1004 54120 57360 13 3 3240
1005 57480 59580 3 1 2100
1006 59700 62700 1 4 3000
1007 62940 64800 4 0 1860
1008 68520 71760 13 3 3240
1009 71880 73980 3 1 2100
1010 74100 77100 1 4 3000
1011 77340 79200 4 0 1860
1012 29220 31020 4 5 1800
1013 31140 34140 5 8 3000
1014 34260 35160 8 15 900
1015 35820 36720 15 8 900
1016 36840 39840 8 5 3000
1017 39960 41760 5 4 1800
1018 41880 45000 4 6 3120
1019 46620 47520 15 8 900
1020 47640 50640 8 5 3000
1021 50760 52560 5 4 1800
1022 52680 55800 4 6 3120
1023 57420 58320 15 8 900
1024 58440 61440 8 5 3000
1025 61560 63360 5 4 1800
1026 63480 66600 4 6 3120
1027 68220 69120 15 8 900
1028 69240 72240 8 5 3000
1029 72360 74160 5 4 1800
1030 74280 77400 4 6 3120
1031 33780 34500 16 9 720
1032 34620 37200 9 1 2580
1033 37320 38160 1 17 840
1034 38280 39360 17 0 1080
1035 40980 41700 16 9 720
1036 41820 44400 9 1 2580
1037 44520 45360 1 17 840
1038 45480 46560 17 0 1080
1039 48180 48900 16 9 720
1040 49020 51600 9 1 2580
1041 51720 52560 1 17 840
1042 52680 53760 17 0 1080
1043 55380 56100 16 9 720
1044 56220 58800 9 1 2580
1045 58920 59760 1 17 840
1046 59880 60960 17 0 1080
1047 62580 63300 16 9 720
1048 63420 66000 9 1 2580
1049 66120 66960 1 17 840
1050 67080 68160 17 0 1080
1051 69780 70500 16 9 720
1052 70620 73200 9 1 2580
1053 73320 74160 1 17 840
1054 74280 75360 17 0 1080
1055 76980 77700 16 9 720
1056 77820 80400 9 1 2580
1057 80520 81360 1 17 840
1058 81480 82560 17 0 1080
1059 30420 33540 4 6 3120
1060 34560 37680 6 4 3120
1061 37800 40800 4 1 3000
1062 40920 41760 1 17 840
1063 45360 48480 6 4 3120
1064 48600 51600 4 1 3000
1065 51720 52560 1 17 840
1066 56160 59280 6 4 3120
1067 59400 62400 4 1 3000
1068 62520 63360 1 17 840
1069 66960 70080 6 4 3120
1070 70200 73200 4 1 3000
1071 73320 74160 1 17 840
1072 77760 80880 6 4 3120
1073 31920 33000 17 0 1080
1074 34560 35640 0 17 1080
1075 35760 38700 17 14 2940
1076 38820 41040 14 9 2220
1077 41760 42840 0 17 1080
1078 42960 45900 17 14 2940
1079 46020 48240 14 9 2220
1080 48960 50040 0 17 1080
1081 50160 53100 17 14 2940
1082 53220 55440 14 9 2220
1083 56160 57240 0 17 1080
1084 57360 60300 17 14 2940
1085 60420 62640 14 9 2220
1086 63360 64440 0 17 1080
1087 64560 67500 17 14 2940
1088 67620 69840 14 9 2220
1089 70560 71640 0 17 1080
1090 71760 74700 17 14 2940
1091 74820 77040 14 9 2220
1092 77760 78840 0 17 1080
1093 30120 30960 1 17 840
1094 31080 32160 17 0 1080
1095 33300 34380 0 17 1080
1096 34500 35340 17 1 840
1097 35460 38040 1 9 2580
1098 38160 38880 9 16 720
1099 40500 41580 0 17 1080
1100 41700 42540 17 1 840
1101 42660 45240 1 9 2580
1102 45360 46080 9 16 720
1103 47700 48780 0 17 1080
1104 48900 49740 17 1 840
1105 49860 52440 1 9 2580
1106 52560 53280 9 16 720
1107 54900 55980 0 17 1080
1108 56100 56940 17 1 840
1109 57060 59640 1 9 2580
1110 59760 60480 9 16 720
1111 62100 63180 0 17 1080
1112 63300 64140 17 1 840
1113 64260 66840 1 9 2580
1114 66960 67680 9 16 720
1115 69300 70380 0 17 1080
1116 70500 71340 17 1 840
1117 71460 74040 1 9 2580
1118 74160 74880 9 16 720
1119 76500 77580 0 17 1080
1120 77700 78540 17 1 840
1121 32400 35520 6 4 3120
1122 35640 37440 4 5 1800
1123 37560 39240 5 0 1680
1124 41880 43560 0 5 1680
1125 43680 45480 5 4 1800
1126 45600 48720 4 6 3120
1127 48840 51900 6 10 3060
1128 52020 54480 10 12 2460
1129 56280 57960 0 5 1680
1130 58080 59880 5 4 1800
1131 60000 63120 4 6 3120
1132 63240 66300 6 10 3060
1133 66420 68880 10 12 2460
1134 70680 72360 0 5 1680
1135 72480 74280 5 4 1800
1136 74400 77520 4 6 3120
1137 33060 36180 6 4 3120
1138 36420 38040 4 0 1620
1139 38160 39240 0 17 1080
1140 39360 40080 17 2 720
1141 42120 42840 2 17 720
1142 42960 44040 17 0 1080
1143 44160 45780 0 4 1620
1144 45900 49020 4 6 3120
1145 49260 52560 6 10 3300
1146 52800 55440 10 11 2640
1147 56520 57240 2 17 720
1148 57360 58440 17 0 1080
1149 58560 60180 0 4 1620
1150 60300 63420 4 6 3120
1151 63660 66960 6 10 3300
1152 67200 69840 10 11 2640
1153 70920 71640 2 17 720
1154 71760 72840 17 0 1080
1155 72960 74580 0 4 1620
1156 74700 77820 4 6 3120
1157 27960 29640 5 0 1680
1158 29760 30840 0 17 1080
1159 30960 31800 17 1 840
1160 31920 34500 1 9 2580
1161 34740 35460 9 16 720
1162 38460 39180 16 9 720
1163 39300 41880 9 1 2580
1164 42000 42840 1 17 840
1165 42960 44040 17 0 1080
1166 44160 45840 0 5 1680
1167 45960 46740 5 18 780
1168 49260 49980 16 9 720
1169 50100 52680 9 1 2580
1170 52800 53640 1 17 840
1171 53760 54840 17 0 1080
1172 54960 56640 0 5 1680
1173 56760 57540 5 18 780
1174 60060 60780 16 9 720
1175 60900 63480 9 1 2580
1176 63600 64440 1 17 840
1177 64560 65640 17 0 1080
1178 65760 67440 0 5 1680
1179 67560 68340 5 18 780
1180 70860 71580 16 9 720
1181 71700 74280 9 1 2580
1182 74400 75240 1 17 840
1183 75360 76440 17 0 1080
1184 76560 78240 0 5 1680
1185 33000 36600 2 8 3600
1186 36720 37620 8 15 900
1187 39120 40020 15 8 900
1188 40140 43740 8 2 3600
1189 43860 46500 2 14 2640
1190 46620 48840 14 9 2220
1191 48960 49680 9 16 720
1192 53520 54420 15 8 900
1193 54540 58140 8 2 3600
1194 58260 60900 2 14 2640
1195 61020 63240 14 9 2220
1196 63360 64080 9 16 720
1197 67920 68820 15 8 900
1198 68940 72540 8 2 3600
1199 72660 75300 2 14 2640
1200 75420 77640 14 9 2220
1201 29760 31860 7 5 2100
1202 31980 33660 5 0 1680
1203 34860 36540 0 5 1680
1204 36660 38760 5 7 2100
1205 38880 40200 7 8 1320
1206 40320 41220 8 15 900
1207 42060 43740 0 5 1680
1208 43860 45960 5 7 2100
1209 46080 47400 7 8 1320
1210 47520 48420 8 15 900
1211 49260 50940 0 5 1680
1212 51060 53160 5 7 2100
1213 53280 54600 7 8 1320
1214 54720 55620 8 15 900
1215 56460 58140 0 5 1680
1216 58260 60360 5 7 2100
1217 60480 61800 7 8 1320
1218 61920 62820 8 15 900
1219 63660 65340 0 5 1680
1220 65460 67560 5 7 2100
1221 67680 69000 7 8 1320
1222 69120 70020 8 15 900
1223 70860 72540 0 5 1680
1224 72660 74760 5 7 2100
1225 74880 76200 7 8 1320
1226 76320 77220 8 15 900
1227 78060 79740 0 5 1680
1228 79860 81960 5 7 2100
1229 82080 83400 7 8 1320
1230 83520 84420 8 15 900
1231 27360 28440 0 17 1080
1232 28560 31500 17 14 2940
1233 31620 33840 14 9 2220
1234 35400 37620 9 14 2220
1235 37860 40800 14 17 2940
1236 40920 42000 17 0 1080
1237 42600 44820 9 14 2220
1238 45060 48000 14 17 2940
1239 48120 49200 17 0 1080
1240 49800 52020 9 14 2220
1241 52260 55200 14 17 2940
1242 55320 56400 17 0 1080
1243 57000 59220 9 14 2220
1244 59460 62400 14 17 2940
1245 62520 63600 17 0 1080
1246 64200 66420 9 14 2220
1247 66660 69600 14 17 2940
1248 69720 70800 17 0 1080
1249 71400 73620 9 14 2220
1250 73860 76800 14 17 2940
1251 76920 78000 17 0 1080
1252 78600 80820 9 14 2220
1253 81060 84000 14 17 2940
1254 84120 85200 17 0 1080
1255 30600 33600 4 1 3000
1256 33720 34560 1 17 840
1257 37140 37980 17 1 840
1258 38100 41100 1 4 3000
1259 41220 44340 4 6 3120
1260 47940 48780 17 1 840
1261 48900 51900 1 4 3000
1262 52020 55140 4 6 3120
1263 58740 59580 17 1 840
1264 59700 62700 1 4 3000
1265 62820 65940 4 6 3120
1266 69540 70380 17 1 840
1267 70500 73500 1 4 3000
1268 73620 76740 4 6 3120
1269 29040 29820 18 5 780
1270 29940 31740 5 4 1800
1271 31860 34980 4 6 3120
1272 35100 38160 6 10 3060
1273 38400 41040 10 11 2640
1274 42420 45060 11 10 2640
1275 45180 48240 10 6 3060
1276 48360 51480 6 4 3120
1277 51600 53400 4 5 1800
1278 53520 54300 5 18 780
1279 54420 55980 18 7 1560
1280 56820 59460 11 10 2640
1281 59580 62640 10 6 3060
1282 62760 65880 6 4 3120
1283 66000 67800 4 5 1800
1284 67920 68700 5 18 780
1285 68820 70380 18 7 1560
1286 71220 73860 11 10 2640
1287 73980 77040 10 6 3060
1288 77160 80280 6 4 3120
1289 80400 82200 4 5 1800
1290 28260 31020 17 5 2760
1291 32100 34860 5 17 2760
1292 34980 35700 17 2 720
1293 39300 42060 5 17 2760
1294 42180 42900 17 2 720
1295 46500 49260 5 17 2760
1296 49380 50100 17 2 720
1297 53700 56460 5 17 2760
1298 56580 57300 17 2 720
1299 60900 63660 5 17 2760
1300 63780 64500 17 2 720
1301 68100 70860 5 17 2760
1302 70980 71700 17 2 720
1303 75300 78060 5 17 2760
1304 78180 78900 17 2 720
1305 28260 29340 17 0 1080
1306 29460 31080 0 4 1620
1307 31200 34320 4 6 3120
1308 34440 37500 6 10 3060
1309 37620 40080 10 12 2460
1310 43800 46260 12 10 2460
1311 46380 49440 10 6 3060
1312 49560 52680 6 4 3120
1313 52800 54420 4 0 1620
1314 54540 55620 0 17 1080
1315 55740 56460 17 2 720
1316 58200 60660 12 10 2460
1317 60780 63840 10 6 3060
1318 63960 67080 6 4 3120
1319 67200 68820 4 0 1620
1320 68940 70020 0 17 1080
1321 70140 70860 17 2 720
1322 72600 75060 12 10 2460
1323 75180 78240 10 6 3060
1324 78360 81480 6 4 3120
1325 81600 83220 4 0 1620
1326 83340 84420 0 17 1080
1327 27480 29160 0 5 1680
1328 29280 31080 5 4 1800
1329 31200 34320 4 6 3120
1330 34440 37500 6 10 3060
1331 37620 40080 10 12 2460
1332 41040 43500 12 10 2460
1333 43620 46680 10 6 3060
1334 46800 49920 6 4 3120
1335 50040 51840 4 5 1800
1336 51960 53640 5 0 1680
1337 55440 57900 12 10 2460
1338 58020 61080 10 6 3060
1339 61200 64320 6 4 3120
1340 64440 66240 4 5 1800
1341 66360 68040 5 0 1680
1342 69840 72300 12 10 2460
1343 72420 75480 10 6 3060
1344 75600 78720 6 4 3120
1345 78840 80640 4 5 1800
1346 80760 82440 5 0 1680
1347 28500 31260 5 17 2760
1348 31860 34620 17 5 2760
1349 34740 35520 5 18 780
1350 39060 41820 17 5 2760
1351 41940 42720 5 18 780
1352 46260 49020 17 5 2760
1353 49140 49920 5 18 780
1354 53460 56220 17 5 2760
1355 56340 57120 5 18 780
1356 60660 63420 17 5 2760
1357 63540 64320 5 18 780
1358 67860 70620 17 5 2760
1359 70740 71520 5 18 780
1360 75060 77820 17 5 2760
1361 77940 78720 5 18 780
1362 27660 29340 0 5 1680
1363 29460 31560 5 7 2100
1364 31680 33000 7 8 1320
1365 33120 34020 8 15 900
1366 38100 39000 15 8 900
1367 39120 40440 8 7 1320
1368 40560 42660 7 5 2100
1369 42780 44460 5 0 1680
1370 45300 46200 15 8 900
1371 46320 47640 8 7 1320
1372 47760 49860 7 5 2100
1373 49980 51660 5 0 1680
1374 52500 53400 15 8 900
1375 53520 54840 8 7 1320
1376 54960 57060 7 5 2100
1377 57180 58860 5 0 1680
1378 59700 60600 15 8 900
1379 60720 62040 8 7 1320
1380 62160 64260 7 5 2100
1381 64380 66060 5 0 1680
1382 66900 67800 15 8 900
1383 67920 69240 8 7 1320
1384 69360 71460 7 5 2100
1385 71580 73260 5 0 1680
1386 74100 75000 15 8 900
1387 75120 76440 8 7 1320
1388 76560 78660 7 5 2100
1389 78780 80460 5 0 1680
1390 29880 32640 5 17 2760
1391 35460 38220 17 5 2760
1392 38340 40440 5 7 2100
1393 42660 45420 17 5 2760
1394 45540 47640 5 7 2100
1395 49860 52620 17 5 2760
1396 52740 54840 5 7 2100
1397 57060 59820 17 5 2760
1398 59940 62040 5 7 2100
1399 64260 67020 17 5 2760
1400 67140 69240 5 7 2100
1401 71460 74220 17 5 2760
1402 74340 76440 5 7 2100
1403 78660 81420 17 5 2760
1404 31200 32040 1 17 840
1405 32160 33240 17 0 1080
1406 33360 35040 0 5 1680
1407 35160 35940 5 18 780
1408 37860 38640 18 5 780
1409 38760 40440 5 0 1680
1410 40560 41640 0 17 1080
1411 41760 42600 17 1 840
1412 42720 45300 1 9 2580
1413 45540 46260 9 16 720
1414 48660 49440 18 5 780
1415 49560 51240 5 0 1680
1416 51360 52440 0 17 1080
1417 52560 53400 17 1 840
1418 53520 56100 1 9 2580
1419 56340 57060 9 16 720
1420 59460 60240 18 5 780
1421 60360 62040 5 0 1680
1422 62160 63240 0 17 1080
1423 63360 64200 17 1 840
1424 64320 66900 1 9 2580
1425 67140 67860 9 16 720
1426 70260 71040 18 5 780
1427 71160 72840 5 0 1680
1428 72960 74040 0 17 1080
1429 74160 75000 17 1 840
1430 75120 77700 1 9 2580
1431 28560 29640 17 0 1080
1432 29760 31380 0 4 1620
1433 31500 34620 4 6 3120
1434 34860 38160 6 10 3300
1435 38400 41040 10 11 2640
1436 44880 47520 11 10 2640
1437 47760 50940 10 6 3180
1438 51060 54180 6 4 3120
1439 54420 56040 4 0 1620
1440 56160 57240 0 17 1080
1441 57360 58080 17 2 720
1442 59280 61920 11 10 2640
1443 62160 65340 10 6 3180
1444 65460 68580 6 4 3120
1445 68820 70440 4 0 1620
1446 70560 71640 0 17 1080
1447 71760 72480 17 2 720
1448 73680 76320 11 10 2640
1449 76560 79740 10 6 3180
1450 79860 82980 6 4 3120
1451 83220 84840 4 0 1620
1452 28560 29400 17 1 840
1453 29520 32100 1 9 2580
1454 32220 34500 9 3 2280
1455 34620 37860 3 13 3240
1456 38820 42060 13 3 3240
1457 42180 44460 3 9 2280
1458 44580 47160 9 1 2580
1459 47280 48120 1 17 840
1460 48240 48960 17 2 720
1461 49620 52860 13 3 3240
1462 52980 55260 3 9 2280
1463 55380 57960 9 1 2580
1464 58080 58920 1 17 840
1465 59040 59760 17 2 720
1466 60420 63660 13 3 3240
1467 63780 66060 3 9 2280
1468 66180 68760 9 1 2580
1469 68880 69720 1 17 840
1470 69840 70560 17 2 720
1471 71220 74460 13 3 3240
1472 74580 76860 3 9 2280
1473 76980 79560 9 1 2580
1474 79680 80520 1 17 840
1475 80640 81360 17 2 720
1476 33780 36360 9 1 2580
1477 36480 37320 1 17 840
1478 37440 38160 17 2 720
1479 42120 42840 2 17 720
1480 42960 43800 17 1 840
1481 43920 46500 1 9 2580
1482 46620 48900 9 3 2280
1483 49020 52260 3 13 3240
1484 52920 53640 2 17 720
1485 53760 54600 17 1 840
1486 54720 57300 1 9 2580
1487 57420 59700 9 3 2280
1488 59820 63060 3 13 3240
1489 63720 64440 2 17 720
1490 64560 65400 17 1 840
1491 65520 68100 1 9 2580
1492 68220 70500 9 3 2280
1493 70620 73860 3 13 3240
1494 74520 75240 2 17 720
1495 75360 76200 17 1 840
1496 76320 78900 1 9 2580
1497 79020 81300 9 3 2280
1498 33960 37080 6 4 3120
1499 37200 39000 4 5 1800
1500 39120 39900 5 18 780
1501 40020 41580 18 7 1560
1502 45360 46920 7 18 1560
1503 47040 47820 18 5 780
1504 47940 49740 5 4 1800
1505 49860 52980 4 6 3120
1506 53100 56160 6 10 3060
1507 56400 59040 10 11 2640
1508 59760 61320 7 18 1560
1509 61440 62220 18 5 780
1510 62340 64140 5 4 1800
1511 64260 67380 4 6 3120
1512 67500 70560 6 10 3060
1513 70800 73440 10 11 2640
1514 74160 75720 7 18 1560
1515 75840 76620 18 5 780
1516 76740 78540 5 4 1800
1517 78660 81780 4 6 3120
1518 33240 35880 2 14 2640
1519 36660 39300 14 2 2640
1520 39420 43020 2 8 3600
1521 43140 44460 8 7 1320
1522 47460 50100 14 2 2640
1523 50220 53820 2 8 3600
1524 53940 55260 8 7 1320
1525 58260 60900 14 2 2640
1526 61020 64620 2 8 3600
1527 64740 66060 8 7 1320
1528 69060 71700 14 2 2640
1529 71820 75420 2 8 3600
1530 75540 76860 8 7 1320
1531 32820 33540 2 17 720
1532 33660 34500 17 1 840
1533 34620 36720 1 3 2100
1534 40260 42360 3 1 2100
1535 42480 43320 1 17 840
1536 43440 44160 17 2 720
1537 44280 47880 2 8 3600
1538 48000 48900 8 15 900
1539 51060 53160 3 1 2100
1540 53280 54120 1 17 840
1541 54240 54960 17 2 720
1542 55080 58680 2 8 3600
1543 58800 59700 8 15 900
1544 61860 63960 3 1 2100
1545 64080 64920 1 17 840
1546 65040 65760 17 2 720
1547 65880 69480 2 8 3600
1548 69600 70500 8 15 900
1549 72660 74760 3 1 2100
1550 74880 75720 1 17 840
1551 75840 76560 17 2 720
1552 76680 80280 2 8 3600
1553 80400 81300 8 15 900
1554 33720 34560 1 17 840
1555 34680 35760 17 0 1080
1556 39540 40620 0 17 1080
1557 40740 41580 17 1 840
1558 41700 43800 1 3 2100
1559 43920 47160 3 13 3240
1560 50340 51420 0 17 1080
1561 51540 52380 17 1 840
1562 52500 54600 1 3 2100
1563 54720 57960 3 13 3240
1564 61140 62220 0 17 1080
1565 62340 63180 17 1 840
1566 63300 65400 1 3 2100
1567 65520 68760 3 13 3240
1568 71940 73020 0 17 1080
1569 73140 73980 17 1 840
1570 74100 76200 1 3 2100
1571 33720 34800 17 0 1080
1572 36360 37440 0 17 1080
1573 37560 40500 17 14 2940
1574 40620 42840 14 9 2220
1575 43560 44640 0 17 1080
1576 44760 47700 17 14 2940
1577 47820 50040 14 9 2220
1578 50760 51840 0 17 1080
1579 51960 54900 17 14 2940
1580 55020 57240 14 9 2220
1581 57960 59040 0 17 1080
1582 59160 62100 17 14 2940
1583 62220 64440 14 9 2220
1584 65160 66240 0 17 1080
1585 66360 69300 17 14 2940
1586 69420 71640 14 9 2220
1587 72360 73440 0 17 1080
1588 73560 76500 17 14 2940
1589 76620 78840 14 9 2220
1590 28260 31020 17 5 2760
1591 31140 33240 5 7 2100
1592 34860 36960 7 5 2100
1593 37080 39840 5 17 2760
1594 42060 44160 7 5 2100
1595 44280 47040 5 17 2760
1596 49260 51360 7 5 2100
1597 51480 54240 5 17 2760
1598 56460 58560 7 5 2100
1599 58680 61440 5 17 2760
1600 63660 65760 7 5 2100
1601 65880 68640 5 17 2760
1602 70860 72960 7 5 2100
1603 73080 75840 5 17 2760
1604 78060 80160 7 5 2100
1605 80280 83040 5 17 2760
1606 33060 35700 2 14 2640
1607 35820 38040 14 9 2220
1608 38160 38880 9 16 720
1609 41460 42180 16 9 720
1610 42300 44520 9 14 2220
1611 44640 47280 14 2 2640
1612 47400 51000 2 8 3600
1613 51120 52020 8 15 900
1614 55860 56580 16 9 720
1615 56700 58920 9 14 2220
1616 59040 61680 14 2 2640
1617 61800 65400 2 8 3600
1618 65520 66420 8 15 900
1619 70260 70980 16 9 720
1620 71100 73320 9 14 2220
1621 73440 76080 14 2 2640
1622 76200 79800 2 8 3600
1623 79920 80820 8 15 900
1624 32760 34560 5 4 1800
1625 34680 37800 4 6 3120
1626 40380 43500 6 4 3120
1627 43620 45420 4 5 1800
1628 45540 48540 5 8 3000
1629 48660 49560 8 15 900
1630 51180 54300 6 4 3120
1631 54420 56220 4 5 1800
1632 56340 59340 5 8 3000
1633 59460 60360 8 15 900
1634 61980 65100 6 4 3120
1635 65220 67020 4 5 1800
1636 67140 70140 5 8 3000
1637 70260 71160 8 15 900
1638 72780 75900 6 4 3120
1639 76020 77820 4 5 1800
1640 77940 80940 5 8 3000
1641 81060 81960 8 15 900
1642 28680 30300 0 4 1620
1643 30540 33540 4 1 3000
1644 33720 35820 1 3 2100
1645 39480 41580 3 1 2100
1646 41700 44700 1 4 3000
1647 44820 46440 4 0 1620
1648 50280 52380 3 1 2100
1649 52500 55500 1 4 3000
1650 55620 57240 4 0 1620
1651 61080 63180 3 1 2100
1652 63300 66300 1 4 3000
1653 66420 68040 4 0 1620
1654 71880 73980 3 1 2100
1655 74100 77100 1 4 3000
1656 77220 78840 4 0 1620
1657 30900 33900 1 4 3000
1658 34020 35640 4 0 1620
1659 39480 41100 0 4 1620
1660 41340 44340 4 1 3000
1661 44520 46620 1 3 2100
1662 50280 51900 0 4 1620
1663 52140 55140 4 1 3000
1664 55320 57420 1 3 2100
1665 61080 62700 0 4 1620
1666 62940 65940 4 1 3000
1667 66120 68220 1 3 2100
1668 71880 73500 0 4 1620
1669 73740 76740 4 1 3000
1670 76920 79020 1 3 2100
1671 28740 29820 0 17 1080
1672 29940 30780 17 1 840
1673 30900 33000 1 3 2100
1674 33120 36360 3 13 3240
1675 38940 42180 13 3 3240
1676 42300 44400 3 1 2100
1677 44520 45360 1 17 840
1678 45480 46560 17 0 1080
1679 49740 52980 13 3 3240
1680 53100 55200 3 1 2100
1681 55320 56160 1 17 840
1682 56280 57360 17 0 1080
1683 60540 63780 13 3 3240
1684 63900 66000 3 1 2100
1685 66120 66960 1 17 840
1686 67080 68160 17 0 1080
1687 71340 74580 13 3 3240
1688 74700 76800 3 1 2100
1689 76920 77760 1 17 840
1690 77880 78960 17 0 1080
1691 34500 37500 1 4 3000
1692 37740 39600 4 0 1860
1693 40320 41940 0 4 1620
1694 42180 45180 4 1 3000
1695 45300 47400 1 3 2100
1696 47520 50760 3 13 3240
1697 54720 56340 0 4 1620
1698 56580 59580 4 1 3000
1699 59700 61800 1 3 2100
1700 61920 65160 3 13 3240
1701 69120 70740 0 4 1620
1702 70980 73980 4 1 3000
1703 74100 76200 1 3 2100
1704 29160 30240 0 17 1080
1705 30360 33300 17 14 2940
1706 33420 35640 14 9 2220
1707 37200 39420 9 14 2220
1708 39660 42600 14 17 2940
1709 42720 43800 17 0 1080
1710 35160 38280 6 4 3120
1711 38400 40020 4 0 1620
1712 40140 41220 0 17 1080
1713 41340 42060 17 2 720
1714 45420 46140 2 17 720
1715 46260 47340 17 0 1080
1716 47460 49080 0 4 1620
1717 49200 52320 4 6 3120
1718 52440 55500 6 10 3060
1719 55620 58080 10 12 2460
1720 59820 60540 2 17 720
1721 60660 61740 17 0 1080
1722 61860 63480 0 4 1620
1723 63600 66720 4 6 3120
1724 66840 69900 6 10 3060
1725 70020 72480 10 12 2460
1726 74220 74940 2 17 720
1727 75060 76140 17 0 1080
1728 76260 77880 0 4 1620
1729 78000 81120 4 6 3120
1730 32220 35820 2 8 3600
1731 35940 37260 8 7 1320
1732 38880 40200 7 8 1320
1733 40320 43920 8 2 3600
1734 44040 46680 2 14 2640
1735 49680 51000 7 8 1320
1736 51120 54720 8 2 3600
1737 54840 57480 2 14 2640
1738 60480 61800 7 8 1320
1739 61920 65520 8 2 3600
1740 65640 68280 2 14 2640
1741 71280 72600 7 8 1320
1742 72720 76320 8 2 3600
1743 76440 79080 2 14 2640
1744 31680 32520 1 17 840
1745 32640 33360 17 2 720
1746 33480 37080 2 8 3600
1747 37200 38100 8 15 900
1748 38880 39780 15 8 900
1749 39900 43500 8 2 3600
1750 43620 44340 2 17 720
1751 44460 45300 17 1 840
1752 45420 47520 1 3 2100
1753 49680 50580 15 8 900
1754 50700 54300 8 2 3600
1755 54420 55140 2 17 720
1756 55260 56100 17 1 840
1757 56220 58320 1 3 2100
1758 60480 61380 15 8 900
1759 61500 65100 8 2 3600
1760 65220 65940 2 17 720
1761 66060 66900 17 1 840
1762 67020 69120 1 3 2100
1763 71280 72180 15 8 900
1764 72300 75900 8 2 3600
1765 76020 76740 2 17 720
1766 76860 77700 17 1 840
1767 77820 79920 1 3 2100
1768 29520 31140 0 4 1620
1769 31380 34380 4 1 3000
1770 34500 36600 1 3 2100
1771 36720 39960 3 13 3240
1772 43320 46560 13 3 3240
1773 46680 48780 3 1 2100
1774 48900 51900 1 4 3000
1775 52140 54000 4 0 1860
1776 57720 60960 13 3 3240
1777 61080 63180 3 1 2100
1778 63300 66300 1 4 3000
1779 66540 68400 4 0 1860
1780 72120 75360 13 3 3240
1781 75480 77580 3 1 2100
1782 77700 80700 1 4 3000
1783 80940 82800 4 0 1860
1784 32820 34620 4 5 1800
1785 34740 37740 5 8 3000
1786 37860 38760 8 15 900
1787 39420 40320 15 8 900
1788 40440 43440 8 5 3000
1789 43560 45360 5 4 1800
1790 45480 48600 4 6 3120
1791 50220 51120 15 8 900
1792 51240 54240 8 5 3000
1793 54360 56160 5 4 1800
1794 56280 59400 4 6 3120
1795 61020 61920 15 8 900
1796 62040 65040 8 5 3000
1797 65160 66960 5 4 1800
1798 67080 70200 4 6 3120
1799 71820 72720 15 8 900
1800 72840 75840 8 5 3000
1801 75960 77760 5 4 1800
1802 77880 81000 4 6 3120
1803 29940 30780 17 1 840
1804 30900 33900 1 4 3000
1805 34020 37140 4 6 3120
1806 38160 41280 6 4 3120
1807 41400 44400 4 1 3000
1808 44520 45360 1 17 840
1809 48960 52080 6 4 3120
1810 52200 55200 4 1 3000
1811 55320 56160 1 17 840
1812 59760 62880 6 4 3120
1813 63000 66000 4 1 3000
1814 66120 66960 1 17 840
1815 70560 73680 6 4 3120
1816 73800 76800 4 1 3000
1817 76920 77760 1 17 840
1818 36000 39120 6 4 3120
1819 39240 41040 4 5 1800
1820 41160 42840 5 0 1680
1821 45480 47160 0 5 1680
1822 47280 49080 5 4 1800
1823 49200 52320 4 6 3120
1824 52440 55500 6 10 3060
1825 55620 58080 10 12 2460
1826 59880 61560 0 5 1680
1827 61680 63480 5 4 1800
1828 63600 66720 4 6 3120
1829 66840 69900 6 10 3060
1830 70020 72480 10 12 2460
1831 74280 75960 0 5 1680
1832 76080 77880 5 4 1800
1833 78000 81120 4 6 3120
1834 36660 39780 6 4 3120
1835 40020 41640 4 0 1620
1836 41760 42840 0 17 1080
1837 42960 43680 17 2 720
1838 45720 46440 2 17 720
1839 46560 47640 17 0 1080
1840 47760 49380 0 4 1620
1841 49500 52620 4 6 3120
1842 52860 56160 6 10 3300
1843 56400 59040 10 11 2640
1844 60120 60840 2 17 720
1845 60960 62040 17 0 1080
1846 62160 63780 0 4 1620
1847 63900 67020 4 6 3120
1848 67260 70560 6 10 3300
1849 70800 73440 10 11 2640
1850 74520 75240 2 17 720
1851 75360 76440 17 0 1080
1852 76560 78180 0 4 1620
1853 78300 81420 4 6 3120
1854 30660 31440 18 5 780
1855 31560 33240 5 0 1680
1856 33360 34440 0 17 1080
1857 34560 35400 17 1 840
1858 35520 38100 1 9 2580
1859 38340 39060 9 16 720
1860 42060 42780 16 9 720
1861 42900 45480 9 1 2580
1862 45600 46440 1 17 840
1863 46560 47640 17 0 1080
1864 47760 49440 0 5 1680
1865 49560 50340 5 18 780
1866 52860 53580 16 9 720
1867 53700 56280 9 1 2580
1868 56400 57240 1 17 840
1869 57360 58440 17 0 1080
1870 58560 60240 0 5 1680
1871 60360 61140 5 18 780
1872 63660 64380 16 9 720
1873 64500 67080 9 1 2580
1874 67200 68040 1 17 840
1875 68160 69240 17 0 1080
1876 69360 71040 0 5 1680
1877 71160 71940 5 18 780
1878 74460 75180 16 9 720
1879 75300 77880 9 1 2580
1880 78000 78840 1 17 840
1881 78960 80040 17 0 1080
1882 80160 81840 0 5 1680
1883 31500 33720 9 14 2220
1884 33840 36480 14 2 2640
1885 36600 40200 2 8 3600
1886 40320 41220 8 15 900
1887 42720 43620 15 8 900
1888 43740 47340 8 2 3600
1889 47460 50100 2 14 2640
1890 50220 52440 14 9 2220
1891 52560 53280 9 16 720
1892 57120 58020 15 8 900
1893 58140 61740 8 2 3600
1894 61860 64500 2 14 2640
1895 64620 66840 14 9 2220
1896 66960 67680 9 16 720
1897 71520 72420 15 8 900
1898 72540 76140 8 2 3600
1899 76260 78900 2 14 2640
1900 31920 33240 8 7 1320
1901 33360 35460 7 5 2100
1902 35580 37260 5 0 1680
1903 38460 40140 0 5 1680
1904 40260 42360 5 7 2100
1905 42480 43800 7 8 1320
1906 43920 44820 8 15 900
1907 30960 32520 7 18 1560
1908 32640 33420 18 5 780
1909 33540 35340 5 4 1800
1910 35460 38580 4 6 3120
1911 38700 41760 6 10 3060
1912 42000 44640 10 11 2640
1913 46020 48660 11 10 2640
1914 48780 51840 10 6 3060
1915 51960 55080 6 4 3120
1916 55200 57000 4 5 1800
1917 57120 57900 5 18 780
1918 58020 59580 18 7 1560
1919 60420 63060 11 10 2640
1920 63180 66240 10 6 3060
1921 66360 69480 6 4 3120
1922 69600 71400 4 5 1800
1923 71520 72300 5 18 780
1924 72420 73980 18 7 1560
1925 74820 77460 11 10 2640
1926 77580 80640 10 6 3060
1927 80760 83880 6 4 3120
1928 84000 85800 4 5 1800
1929 31020 31740 2 17 720
1930 31860 32940 17 0 1080
1931 33060 34680 0 4 1620
1932 34800 37920 4 6 3120
1933 38040 41100 6 10 3060
1934 41220 43680 10 12 2460
1935 47400 49860 12 10 2460
1936 49980 53040 10 6 3060
1937 53160 56280 6 4 3120
1938 56400 58020 4 0 1620
1939 58140 59220 0 17 1080
1940 59340 60060 17 2 720
1941 61800 64260 12 10 2460
1942 64380 67440 10 6 3060
1943 67560 70680 6 4 3120
1944 70800 72420 4 0 1620
1945 72540 73620 0 17 1080
1946 73740 74460 17 2 720
1947 76200 78660 12 10 2460
1948 78780 81840 10 6 3060
1949 81960 85080 6 4 3120
1950 31080 32760 0 5 1680
1951 32880 34680 5 4 1800
1952 34800 37920 4 6 3120
1953 38040 41100 6 10 3060
1954 41220 43680 10 12 2460
1955 44640 47100 12 10 2460
1956 47220 50280 10 6 3060
1957 50400 53520 6 4 3120
1958 53640 55440 4 5 1800
1959 55560 57240 5 0 1680
1960 59040 61500 12 10 2460
1961 61620 64680 10 6 3060
1962 64800 67920 6 4 3120
1963 68040 69840 4 5 1800
1964 69960 71640 5 0 1680
1965 73440 75900 12 10 2460
1966 76020 79080 10 6 3060
1967 79200 82320 6 4 3120
1968 82440 84240 4 5 1800
1969 84360 86040 5 0 1680
1970 32100 34680 9 1 2580
1971 34800 35640 1 17 840
1972 35760 36840 17 0 1080
1973 36960 38640 0 5 1680
1974 38760 39540 5 18 780
1975 41460 42240 18 5 780
1976 42360 44040 5 0 1680
1977 44160 45240 0 17 1080
1978 45360 46200 17 1 840
1979 46320 48900 1 9 2580
1980 49140 49860 9 16 720
1981 52260 53040 18 5 780
1982 53160 54840 5 0 1680
1983 54960 56040 0 17 1080
1984 56160 57000 17 1 840
1985 57120 59700 1 9 2580
1986 59940 60660 9 16 720
1987 63060 63840 18 5 780
1988 63960 65640 5 0 1680
1989 65760 66840 0 17 1080
1990 66960 67800 17 1 840
1991 67920 70500 1 9 2580
1992 70740 71460 9 16 720
1993 73860 74640 18 5 780
1994 74760 76440 5 0 1680
1995 76560 77640 0 17 1080
1996 77760 78600 17 1 840
1997 31320 32040 2 17 720
1998 32160 33240 17 0 1080
1999 33360 34980 0 4 1620
2000 35100 38220 4 6 3120
2001 38460 41760 6 10 3300
2002 42000 44640 10 11 2640
2003 48480 51120 11 10 2640
2004 51360 54540 10 6 3180
2005 54660 57780 6 4 3120
2006 58020 59640 4 0 1620
2007 59760 60840 0 17 1080
2008 60960 61680 17 2 720
2009 62880 65520 11 10 2640
2010 65760 68940 10 6 3180
2011 69060 72180 6 4 3120
2012 72420 74040 4 0 1620
2013 74160 75240 0 17 1080
2014 75360 76080 17 2 720
2015 77280 79920 11 10 2640
2016 80160 83340 10 6 3180
2017 83460 86580 6 4 3120
2018 31320 32040 2 17 720
2019 32160 33000 17 1 840
2020 33120 35700 1 9 2580
2021 35820 38100 9 3 2280
2022 38220 41460 3 13 3240
2023 42420 45660 13 3 3240
2024 45780 48060 3 9 2280
2025 48180 50760 9 1 2580
2026 50880 51720 1 17 840
2027 51840 52560 17 2 720
2028 53220 56460 13 3 3240
2029 56580 58860 3 9 2280
2030 58980 61560 9 1 2580
2031 61680 62520 1 17 840
2032 62640 63360 17 2 720
2033 64020 67260 13 3 3240
2034 67380 69660 3 9 2280
2035 69780 72360 9 1 2580
2036 72480 73320 1 17 840
2037 73440 74160 17 2 720
2038 74820 78060 13 3 3240
2039 78180 80460 3 9 2280
2040 80580 83160 9 1 2580
2041 83280 84120 1 17 840
2042 34980 37260 3 9 2280
2043 37380 39960 9 1 2580
2044 40080 40920 1 17 840
2045 41040 41760 17 2 720
2046 45720 46440 2 17 720
2047 46560 47400 17 1 840
2048 47520 50100 1 9 2580
2049 50220 52500 9 3 2280
2050 52620 55860 3 13 3240
2051 56520 57240 2 17 720
2052 57360 58200 17 1 840
2053 58320 60900 1 9 2580
2054 61020 63300 9 3 2280
2055 63420 66660 3 13 3240
2056 67320 68040 2 17 720
2057 68160 69000 17 1 840
2058 69120 71700 1 9 2580
2059 71820 74100 9 3 2280
2060 78120 78840 2 17 720
2061 78960 79800 17 1 840
2062 37560 40680 6 4 3120
2063 40800 42600 4 5 1800
2064 42720 43500 5 18 780
2065 43620 45180 18 7 1560
2066 48960 50520 7 18 1560
2067 50640 51420 18 5 780
2068 51540 53340 5 4 1800
2069 53460 56580 4 6 3120
2070 56700 59760 6 10 3060
2071 60000 62640 10 11 2640
2072 63360 64920 7 18 1560
2073 65040 65820 18 5 780
2074 65940 67740 5 4 1800
2075 67860 70980 4 6 3120
2076 71100 74160 6 10 3060
2077 74400 77040 10 11 2640
2078 77760 79320 7 18 1560
2079 79440 80220 18 5 780
2080 80340 82140 5 4 1800
2081 82260 85380 4 6 3120
2082 35100 37200 3 1 2100
2083 37320 38160 1 17 840
2084 38280 39360 17 0 1080
2085 43140 44220 0 17 1080
2086 44340 45180 17 1 840
2087 45300 47400 1 3 2100
2088 47520 50760 3 13 3240
2089 53940 55020 0 17 1080
2090 55140 55980 17 1 840
2091 56100 58200 1 3 2100
2092 58320 61560 3 13 3240
2093 64740 65820 0 17 1080
2094 65940 66780 17 1 840
2095 66900 69000 1 3 2100
2096 69120 72360 3 13 3240
2097 75540 76620 0 17 1080
2098 76740 77580 17 1 840
2099 77700 79800 1 3 2100
2100 31920 32820 15 8 900
2101 32940 36540 8 2 3600
2102 36660 39300 2 14 2640
2103 39420 41640 14 9 2220
2104 41760 42480 9 16 720
2105 45060 45780 16 9 720
2106 45900 48120 9 14 2220
2107 48240 50880 14 2 2640
2108 51000 54600 2 8 3600
2109 54720 55620 8 15 900
2110 59460 60180 16 9 720
2111 60300 62520 9 14 2220
2112 62640 65280 14 2 2640
2113 65400 69000 2 8 3600
2114 69120 70020 8 15 900
2115 73860 74580 16 9 720
2116 74700 76920 9 14 2220
2117 77040 79680 14 2 2640
2118 79800 83400 2 8 3600
2119 83520 84420 8 15 900
2120 32280 33900 0 4 1620
2121 34140 37140 4 1 3000
2122 37320 39420 1 3 2100
2123 43080 45180 3 1 2100
2124 45300 48300 1 4 3000
2125 48420 50040 4 0 1620
2126 53880 55980 3 1 2100
2127 56100 59100 1 4 3000
2128 59220 60840 4 0 1620
2129 64680 66780 3 1 2100
2130 66900 69900 1 4 3000
2131 70020 71640 4 0 1620
2132 75480 77580 3 1 2100
2133 77700 80700 1 4 3000
2134 80820 82440 4 0 1620
2135 34500 37500 1 4 3000
2136 37620 39240 4 0 1620
2137 43080 44700 0 4 1620
2138 44940 47940 4 1 3000
2139 48120 50220 1 3 2100
2140 53880 55500 0 4 1620
2141 55740 58740 4 1 3000
2142 58920 61020 1 3 2100
2143 64680 66300 0 4 1620
2144 66540 69540 4 1 3000
2145 69720 71820 1 3 2100
2146 75480 77100 0 4 1620
2147 77340 80340 4 1 3000
2148 32340 33420 0 17 1080
2149 33540 34380 17 1 840
2150 34500 36600 1 3 2100
2151 36720 39960 3 13 3240
2152 42540 45780 13 3 3240
2153 45900 48000 3 1 2100
2154 48120 48960 1 17 840
2155 49080 50160 17 0 1080
2156 53340 56580 13 3 3240
2157 56700 58800 3 1 2100
2158 58920 59760 1 17 840
2159 59880 60960 17 0 1080
2160 64140 67380 13 3 3240
2161 67500 69600 3 1 2100
2162 69720 70560 1 17 840
2163 70680 71760 17 0 1080
2164 74940 78180 13 3 3240
2165 78300 80400 3 1 2100
2166 80520 81360 1 17 840
2167 81480 82560 17 0 1080
2168 35880 37980 3 1 2100
2169 38100 41100 1 4 3000
2170 41340 43200 4 0 1860
2171 43920 45540 0 4 1620
2172 45780 48780 4 1 3000
2173 48900 51000 1 3 2100
2174 51120 54360 3 13 3240
2175 58320 59940 0 4 1620
2176 60180 63180 4 1 3000
2177 63300 65400 1 3 2100
2178 65520 68760 3 13 3240
2179 72720 74340 0 4 1620
2180 74580 77580 4 1 3000
2181 77700 79800 1 3 2100
2182 35580 38640 10 6 3060
2183 38760 41880 6 4 3120
2184 42000 43620 4 0 1620
2185 43740 44820 0 17 1080
2186 44940 45660 17 2 720
2187 49020 49740 2 17 720
2188 49860 50940 17 0 1080
2189 51060 52680 0 4 1620
2190 52800 55920 4 6 3120
2191 56040 59100 6 10 3060
2192 59220 61680 10 12 2460
2193 63420 64140 2 17 720
2194 64260 65340 17 0 1080
2195 65460 67080 0 4 1620
2196 67200 70320 4 6 3120
2197 70440 73500 6 10 3060
2198 73620 76080 10 12 2460
2199 77820 78540 2 17 720
2200 78660 79740 17 0 1080
2201 79860 81480 0 4 1620
2202 81600 84720 4 6 3120
2203 33000 35280 3 9 2280
2204 35400 37620 9 14 2220
2205 38400 40620 14 9 2220
2206 40740 43020 9 3 2280
2207 33060 35160 3 1 2100
2208 35280 36120 1 17 840
2209 36240 36960 17 2 720
2210 37080 40680 2 8 3600
2211 40800 41700 8 15 900
2212 42480 43380 15 8 900
2213 43500 47100 8 2 3600
2214 47220 47940 2 17 720
2215 48060 48900 17 1 840
2216 49020 51120 1 3 2100
2217 33060 35340 3 9 2280
2218 35460 36180 9 16 720
2219 38040 38760 16 9 720
2220 39000 41280 9 3 2280
2221 33180 36300 6 4 3120
2222 36420 38220 4 5 1800
2223 38340 41340 5 8 3000
2224 41460 42360 8 15 900
2225 43020 43920 15 8 900
2226 44040 47040 8 5 3000
2227 47160 48960 5 4 1800
2228 49080 52200 4 6 3120
2229 36420 39480 10 6 3060
2230 39600 42720 6 4 3120
2231 42840 44640 4 5 1800
2232 44760 46440 5 0 1680
2233 49080 50760 0 5 1680
2234 50880 52680 5 4 1800
2235 52800 55920 4 6 3120
2236 56040 59100 6 10 3060
2237 59220 61680 10 12 2460
2238 63480 65160 0 5 1680
2239 65280 67080 5 4 1800
2240 67200 70320 4 6 3120
2241 70440 73500 6 10 3060
2242 73620 76080 10 12 2460
2243 77880 79560 0 5 1680
2244 79680 81480 5 4 1800
2245 81600 84720 4 6 3120
2246 36960 40140 10 6 3180
2247 40260 43380 6 4 3120
2248 43620 45240 4 0 1620
2249 45360 46440 0 17 1080
2250 46560 47280 17 2 720
2251 49320 50040 2 17 720
2252 50160 51240 17 0 1080
2253 51360 52980 0 4 1620
2254 53100 56220 4 6 3120
2255 56460 59760 6 10 3300
2256 60000 62640 10 11 2640
2257 63720 64440 2 17 720
2258 64560 65640 17 0 1080
2259 65760 67380 0 4 1620
2260 67500 70620 4 6 3120
2261 70860 74160 6 10 3300
2262 74400 77040 10 11 2640
2263 78120 78840 2 17 720
2264 78960 80040 17 0 1080
2265 80160 81780 0 4 1620
2266 81900 85020 4 6 3120
2267 34260 34980 16 9 720
2268 35100 37320 9 14 2220
2269 37440 40080 14 2 2640
2270 40200 43800 2 8 3600
2271 43920 44820 8 15 900
2272 46320 47220 15 8 900
2273 47340 50940 8 2 3600
2274 51060 53700 2 14 2640
2275 53820 56040 14 9 2220
2276 56160 56880 9 16 720
2277 60720 61620 15 8 900
2278 61740 65340 8 2 3600
2279 65460 68100 2 14 2640
2280 68220 70440 14 9 2220
2281 70560 71280 9 16 720
2282 75120 76020 15 8 900
2283 76140 79740 8 2 3600
2284 34560 36120 7 18 1560
2285 36240 37020 18 5 780
2286 37140 38940 5 4 1800
2287 39060 42180 4 6 3120
2288 42300 45360 6 10 3060
2289 45600 48240 10 11 2640
2290 49620 52260 11 10 2640
2291 52380 55440 10 6 3060
2292 55560 58680 6 4 3120
2293 58800 60600 4 5 1800
2294 60720 61500 5 18 780
2295 61620 63180 18 7 1560
2296 64020 66660 11 10 2640
2297 66780 69840 10 6 3060
2298 69960 73080 6 4 3120
2299 73200 75000 4 5 1800
2300 75120 75900 5 18 780
2301 76020 77580 18 7 1560
2302 78420 81060 11 10 2640
2303 81180 84240 10 6 3060
2304 84360 87480 6 4 3120
2305 87600 89400 4 5 1800
2306 34620 35340 2 17 720
2307 35460 38220 17 5 2760
2308 39300 42060 5 17 2760
2309 42180 42900 17 2 720
2310 34620 35340 2 17 720
2311 35460 36540 17 0 1080
2312 36660 38280 0 4 1620
2313 38400 41520 4 6 3120
2314 41640 44700 6 10 3060
2315 44820 47280 10 12 2460
2316 51000 53460 12 10 2460
2317 53580 56640 10 6 3060
2318 56760 59880 6 4 3120
2319 60000 61620 4 0 1620
2320 61740 62820 0 17 1080
2321 62940 63660 17 2 720
2322 65400 67860 12 10 2460
2323 67980 71040 10 6 3060
2324 71160 74280 6 4 3120
2325 74400 76020 4 0 1620
2326 76140 77220 0 17 1080
2327 77340 78060 17 2 720
2328 34680 36360 0 5 1680
2329 36480 38280 5 4 1800
2330 38400 41520 4 6 3120
2331 41640 44700 6 10 3060
2332 44820 47280 10 12 2460
2333 48240 50700 12 10 2460
2334 50820 53880 10 6 3060
2335 54000 57120 6 4 3120
2336 57240 59040 4 5 1800
2337 59160 60840 5 0 1680
2338 62640 65100 12 10 2460
2339 65220 68280 10 6 3060
2340 68400 71520 6 4 3120
2341 71640 73440 4 5 1800
2342 73560 75240 5 0 1680
2343 77040 79500 12 10 2460
2344 79620 82680 10 6 3060
2345 82800 85920 6 4 3120
2346 86040 87840 4 5 1800
2347 34800 35580 18 5 780
2348 35700 38460 5 17 2760
2349 39060 41820 17 5 2760
2350 41940 42720 5 18 780
2351 34920 35640 2 17 720
2352 35760 36840 17 0 1080
2353 36960 38580 0 4 1620
2354 38700 41820 4 6 3120
2355 42060 45360 6 10 3300
2356 45600 48240 10 11 2640
2357 52080 54720 11 10 2640
2358 54960 58140 10 6 3180
2359 58260 61380 6 4 3120
2360 61620 63240 4 0 1620
2361 63360 64440 0 17 1080
2362 64560 65280 17 2 720
2363 66480 69120 11 10 2640
2364 69360 72540 10 6 3180
2365 72660 75780 6 4 3120
2366 76020 77640 4 0 1620
2367 77760 78840 0 17 1080
2368 78960 79680 17 2 720
2369 34920 35640 2 17 720
2370 35760 36600 17 1 840
2371 36720 39300 1 9 2580
2372 39420 41700 9 3 2280
2373 41820 45060 3 13 3240
2374 46020 49260 13 3 3240
2375 49380 51660 3 9 2280
2376 51780 54360 9 1 2580
2377 54480 55320 1 17 840
2378 55440 56160 17 2 720
2379 37980 41040 10 6 3060
2380 41160 44280 6 4 3120
2381 44400 46200 4 5 1800
2382 46320 47100 5 18 780
2383 47220 48780 18 7 1560
2384 52560 54120 7 18 1560
2385 54240 55020 18 5 780
2386 55140 56940 5 4 1800
2387 57060 60180 4 6 3120
2388 60300 63360 6 10 3060
2389 63600 66240 10 11 2640
2390 66960 68520 7 18 1560
2391 68640 69420 18 5 780
2392 69540 71340 5 4 1800
2393 71460 74580 4 6 3120
2394 74700 77760 6 10 3060
2395 39180 42240 10 6 3060
2396 42360 45480 6 4 3120
2397 45600 47220 4 0 1620
2398 47340 48420 0 17 1080
2399 48540 49260 17 2 720
2400 52620 53340 2 17 720
2401 53460 54540 17 0 1080
2402 54660 56280 0 4 1620
2403 56400 59520 4 6 3120
2404 59640 62700 6 10 3060
2405 62820 65280 10 12 2460
2406 40560 43740 10 6 3180
2407 43860 46980 6 4 3120
2408 47220 48840 4 0 1620
2409 48960 50040 0 17 1080
2410 50160 50880 17 2 720
2411 52920 53640 2 17 720
2412 53760 54840 17 0 1080
2413 54960 56580 0 4 1620
2414 56700 59820 4 6 3120
2415 60060 63360 6 10 3300
2416 63600 66240 10 11 2640
2417 38160 39720 7 18 1560
2418 39840 40620 18 5 780
2419 40740 42540 5 4 1800
2420 42660 45780 4 6 3120
2421 45900 48960 6 10 3060
2422 49200 51840 10 11 2640
2423 53220 55860 11 10 2640
2424 55980 59040 10 6 3060
2425 59160 62280 6 4 3120
2426 62400 64200 4 5 1800
2427 64320 65100 5 18 780
2428 65220 66780 18 7 1560
2429 40200 42480 3 9 2280
2430 42600 44820 9 14 2220
2431 45600 47820 14 9 2220
2432 47940 50220 9 3 2280
2433 40260 42900 14 2 2640
2434 43020 46620 2 8 3600
2435 46740 48060 8 7 1320
2436 49680 51000 7 8 1320
2437 51120 54720 8 2 3600
2438 54840 57480 2 14 2640
2439 40260 42540 3 9 2280
2440 42660 43380 9 16 720
2441 45240 45960 16 9 720
2442 46200 48480 9 3 2280
2443 40740 41580 17 1 840
2444 41700 44700 1 4 3000
2445 44820 47940 4 6 3120
2446 48960 52080 6 4 3120
2447 52200 55200 4 1 3000
2448 55320 56160 1 17 840
2449 41820 42540 2 17 720
2450 42660 45420 17 5 2760
2451 46500 49260 5 17 2760
2452 49380 50100 17 2 720
2453 42000 42780 18 5 780
2454 42900 45660 5 17 2760
2455 46260 49020 17 5 2760
2456 49140 49920 5 18 780
2457 43860 45960 3 1 2100
2458 46080 46920 1 17 840
2459 47040 47760 17 2 720
2460 47880 51480 2 8 3600
2461 51600 52500 8 15 900
2462 53280 54180 15 8 900
2463 54300 57900 8 2 3600
2464 58020 58740 2 17 720
2465 58860 59700 17 1 840
2466 59820 61920 1 3 2100
2467 43980 47100 6 4 3120
2468 47220 49020 4 5 1800
2469 49140 52140 5 8 3000
2470 52260 53160 8 15 900
2471 53820 54720 15 8 900
2472 54840 57840 8 5 3000
2473 57960 59760 5 4 1800
2474 59880 63000 4 6 3120
2475 46920 50160 13 3 3240
2476 50280 52380 3 1 2100
2477 52500 55500 1 4 3000
2478 55740 57600 4 0 1860
2479 58320 59940 0 4 1620
2480 60180 63180 4 1 3000
2481 63300 65400 1 3 2100
2482 65520 68760 3 13 3240
2483 47400 49680 3 9 2280
2484 49800 52020 9 14 2220
2485 52800 55020 14 9 2220
2486 55140 57420 9 3 2280
2487 47460 49740 3 9 2280
2488 49860 50580 9 16 720
2489 52440 53160 16 9 720
2490 53400 55680 9 3 2280
2491 48660 49380 16 9 720
2492 49500 51720 9 14 2220
2493 51840 54480 14 2 2640
2494 54600 58200 2 8 3600
2495 58320 59220 8 15 900
2496 60720 61620 15 8 900
2497 61740 65340 8 2 3600
2498 65460 68100 2 14 2640
2499 68220 70440 14 9 2220
2500 70560 71280 9 16 720
2501 49020 49740 2 17 720
2502 49860 52620 17 5 2760
2503 53700 56460 5 17 2760
2504 56580 57300 17 2 720
2505 49200 49980 18 5 780
2506 50100 52860 5 17 2760
2507 53460 56220 17 5 2760
2508 56340 57120 5 18 780
2509 51060 53700 14 2 2640
2510 53820 57420 2 8 3600
2511 57540 58860 8 7 1320
2512 60480 61800 7 8 1320
2513 61920 65520 8 2 3600
2514 65640 68280 2 14 2640
2515 51540 52380 17 1 840
2516 52500 55500 1 4 3000
2517 55620 58740 4 6 3120
2518 59760 62880 6 4 3120
2519 63000 66000 4 1 3000
2520 66120 66960 1 17 840
2521 54600 56880 3 9 2280
2522 57000 59220 9 14 2220
2523 60000 62220 14 9 2220
2524 62340 64620 9 3 2280
2525 54660 56760 3 1 2100
2526 56880 57720 1 17 840
2527 57840 58560 17 2 720
2528 58680 62280 2 8 3600
2529 62400 63300 8 15 900
2530 64080 64980 15 8 900
2531 65100 68700 8 2 3600
2532 68820 69540 2 17 720
2533 69660 70500 17 1 840
2534 70620 72720 1 3 2100
2535 54660 56940 3 9 2280
2536 57060 57780 9 16 720
2537 59640 60360 16 9 720
2538 60600 62880 9 3 2280
2539 54780 57900 6 4 3120
2540 58020 59820 4 5 1800
2541 59940 62940 5 8 3000
2542 63060 63960 8 15 900
2543 64620 65520 15 8 900
2544 65640 68640 8 5 3000
2545 68760 70560 5 4 1800
2546 70680 73800 4 6 3120
2547 56220 56940 2 17 720
2548 57060 59820 17 5 2760
2549 60900 63660 5 17 2760
2550 63780 64500 17 2 720
2551 56400 57180 18 5 780
2552 57300 60060 5 17 2760
2553 60660 63420 17 5 2760
2554 63540 64320 5 18 780
2555 61320 64560 13 3 3240
2556 64680 66780 3 1 2100
2557 66900 69900 1 4 3000
2558 70140 72000 4 0 1860
2559 72720 74340 0 4 1620
2560 74580 77580 4 1 3000
2561 77700 79800 1 3 2100
2562 61800 64080 3 9 2280
2563 64200 66420 9 14 2220
2564 67200 69420 14 9 2220
2565 69540 71820 9 3 2280
2566 61860 64500 14 2 2640
2567 64620 68220 2 8 3600
2568 68340 69660 8 7 1320
2569 71280 72600 7 8 1320
2570 72720 76320 8 2 3600
2571 76440 79080 2 14 2640
2572 61860 64140 3 9 2280
2573 64260 64980 9 16 720
2574 66840 67560 16 9 720
2575 67800 70080 9 3 2280
2576 62340 63180 17 1 840
2577 63300 66300 1 4 3000
2578 66420 69540 4 6 3120
2579 70560 73680 6 4 3120
2580 73800 76800 4 1 3000
2581 76920 77760 1 17 840
2582 63060 63780 16 9 720
2583 63900 66120 9 14 2220
2584 66240 68880 14 2 2640
2585 69000 72600 2 8 3600
2586 72720 73620 8 15 900
2587 75120 76020 15 8 900
2588 76140 79740 8 2 3600
2589 63420 64140 2 17 720
2590 64260 67020 17 5 2760
2591 68100 70860 5 17 2760
2592 70980 71700 17 2 720
2593 63600 64380 18 5 780
2594 64500 67260 5 17 2760
2595 67860 70620 17 5 2760
2596 70740 71520 5 18 780
2597 65460 67560 3 1 2100
2598 67680 68520 1 17 840
2599 68640 69360 17 2 720
2600 69480 73080 2 8 3600
2601 73200 74100 8 15 900
2602 74880 75780 15 8 900
2603 75900 79500 8 2 3600
2604 79620 80340 2 17 720
2605 80460 81300 17 1 840
2606 65580 68700 6 4 3120
2607 68820 70620 4 5 1800
2608 70740 73740 5 8 3000
2609 73860 74760 8 15 900
2610 75420 76320 15 8 900
2611 76440 79440 8 5 3000
2612 79560 81360 5 4 1800
2613 81480 84600 4 6 3120
2614 69000 71280 3 9 2280
2615 71400 73620 9 14 2220
2616 74400 76620 14 9 2220
2617 69060 71340 3 9 2280
2618 71460 72180 9 16 720
2619 74040 74760 16 9 720
2620 75000 77280 9 3 2280
2621 70620 71340 2 17 720
2622 71460 74220 17 5 2760
2623 75300 78060 5 17 2760
2624 78180 78900 17 2 720
2625 70800 71580 18 5 780
2626 71700 74460 5 17 2760
2627 75060 77820 17 5 2760
2628 77940 78720 5 18 780
2629 72660 75300 14 2 2640
2630 75420 79020 2 8 3600
2631 79140 80460 8 7 1320
2632 82080 83400 7 8 1320
2633 73140 73980 17 1 840
2634 74100 77100 1 4 3000
2635 77220 80340 4 6 3120
2636 81360 84480 6 4 3120
2637 75720 78960 13 3 3240
2638 79080 81180 3 1 2100
2639 81300 84300 1 4 3000
2640 84540 86400 4 0 1860
2641 87120 88740 0 4 1620
2642 76260 78360 3 1 2100
2643 78480 79320 1 17 840
2644 79440 80160 17 2 720
2645 80280 83880 2 8 3600
2646 84000 84900 8 15 900
2647 85680 86580 15 8 900
2648 76380 79500 6 4 3120
2649 79620 81420 4 5 1800
2650 81540 84540 5 8 3000
2651 84660 85560 8 15 900
2652 86220 87120 15 8 900
2653 87240 90240 8 5 3000
2654 90360 92160 5 4 1800
2655 77460 78180 16 9 720
2656 77820 78540 2 17 720
2657 78660 81420 17 5 2760
2658 78000 78780 18 5 780
2659 78900 81660 5 17 2760
2660 82260 85020 17 5 2760
