2 26220 28680 3 1 2460
3 28800 29460 1 0 660
4 30780 31440 0 1 660
5 31560 34020 1 3 2460
6 34140 36420 3 8 2280
7 36540 38100 8 5 1560
8 39180 39840 0 1 660
9 39960 42420 1 3 2460
10 42540 44820 3 8 2280
11 44940 46500 8 5 1560
12 47580 48240 0 1 660
13 48360 50820 1 3 2460
14 50940 53220 3 8 2280
15 53340 54900 8 5 1560
16 55980 56640 0 1 660
17 56760 59220 1 3 2460
18 59340 61620 3 8 2280
19 61740 63300 8 5 1560
20 64380 65040 0 1 660
21 65160 67620 1 3 2460
22 67740 70020 3 8 2280
23 70140 71700 8 5 1560
24 72780 73440 0 1 660
25 73560 76020 1 3 2460
26 76140 78420 3 8 2280
27 78540 80100 8 5 1560
30 26220 29340 3 5 3120
31 29460 30540 5 6 1080
32 31380 32460 6 5 1080
33 32700 35820 5 3 3120
34 36060 37980 3 2 1920
35 38220 40020 2 7 1800
36 42180 43260 6 5 1080
37 43500 46620 5 3 3120
38 46860 48780 3 2 1920
39 49020 50820 2 7 1800
40 52980 54060 6 5 1080
41 54300 57420 5 3 3120
42 57660 59580 3 2 1920
43 59820 61620 2 7 1800
44 63780 64860 6 5 1080
45 65100 68220 5 3 3120
46 68460 70380 3 2 1920
47 70620 72420 2 7 1800
48 74580 75660 6 5 1080
49 75900 79020 5 3 3120
50 79260 81180 3 2 1920
53 24840 26760 3 2 1920
54 26880 29700 2 1 2820
55 29820 30480 1 0 660
56 31920 32580 0 1 660
57 32700 35520 1 2 2820
58 35760 37680 2 3 1920
59 37920 40320 3 4 2400
60 40920 41580 0 1 660
61 41700 44520 1 2 2820
62 44760 46680 2 3 1920
63 46920 49320 3 4 2400
64 49920 50580 0 1 660
65 50700 53520 1 2 2820
66 53760 55680 2 3 1920
67 55920 58320 3 4 2400
68 58920 59580 0 1 660
69 59700 62520 1 2 2820
70 62760 64680 2 3 1920
71 64920 67320 3 4 2400
72 67920 68580 0 1 660
73 68700 71520 1 2 2820
74 71760 73680 2 3 1920
75 73920 76320 3 4 2400
76 76920 77580 0 1 660
77 77700 80520 1 2 2820
78 80760 82680 2 3 1920
82 25740 28020 3 8 2280
83 28140 29700 8 5 1560
84 30420 31980 5 8 1560
85 32220 34500 8 3 2280
86 34620 37080 3 1 2460
87 37200 37860 1 0 660
88 38820 40380 5 8 1560
89 40620 42900 8 3 2280
90 43020 45480 3 1 2460
91 45600 46260 1 0 660
92 47220 48780 5 8 1560
93 49020 51300 8 3 2280
94 51420 53880 3 1 2460
95 54000 54660 1 0 660
96 55620 57180 5 8 1560
97 57420 59700 8 3 2280
98 59820 62280 3 1 2460
99 62400 63060 1 0 660
100 64020 65580 5 8 1560
101 65820 68100 8 3 2280
102 68220 70680 3 1 2460
103 70800 71460 1 0 660
104 72420 73980 5 8 1560
105 74220 76500 8 3 2280
110 27060 28980 3 2 1920
111 29220 31020 2 7 1800
112 33060 34860 7 2 1800
113 34980 36900 2 3 1920
114 37020 40140 3 5 3120
115 40260 41340 5 6 1080
116 42060 43860 7 2 1800
117 43980 45900 2 3 1920
118 46020 49140 3 5 3120
119 49260 50340 5 6 1080
120 51060 52860 7 2 1800
121 52980 54900 2 3 1920
122 55020 58140 3 5 3120
123 58260 59340 5 6 1080
124 60060 61860 7 2 1800
125 61980 63900 2 3 1920
126 64020 67140 3 5 3120
127 67260 68340 5 6 1080
128 69060 70860 7 2 1800
129 70980 72900 2 3 1920
130 73020 76140 3 5 3120
131 76260 77340 5 6 1080
132 78060 79860 7 2 1800
133 79980 81900 2 3 1920
136 22800 25920 3 5 3120
137 26160 28440 5 4 2280
138 31800 34080 4 5 2280
139 34200 37320 5 3 3120
140 39000 41280 4 5 2280
141 41400 44520 5 3 3120
142 46200 48480 4 5 2280
143 48600 51720 5 3 3120
144 53400 55680 4 5 2280
145 55800 58920 5 3 3120
146 60600 62880 4 5 2280
147 63000 66120 5 3 3120
148 67800 70080 4 5 2280
149 70200 73320 5 3 3120
150 75000 77280 4 5 2280
151 77400 80520 5 3 3120
155 28920 31320 3 4 2400
156 33120 35520 4 3 2400
157 35640 37560 3 2 1920
158 37680 40500 2 1 2820
159 40620 41280 1 0 660
160 42120 44520 4 3 2400
161 44640 46560 3 2 1920
162 46680 49500 2 1 2820
163 49620 50280 1 0 660
164 51120 53520 4 3 2400
165 53640 55560 3 2 1920
166 55680 58500 2 1 2820
167 58620 59280 1 0 660
168 60120 62520 4 3 2400
169 62640 64560 3 2 1920
170 64680 67500 2 1 2820
171 67620 68280 1 0 660
172 69120 71520 4 3 2400
173 71640 73560 3 2 1920
174 73680 76500 2 1 2820
175 76620 77280 1 0 660
176 78120 80520 4 3 2400
182 29400 30480 5 6 1080
183 32040 33120 6 5 1080
184 33240 35520 5 4 2280
185 35640 39360 4 7 3720
186 42840 43920 6 5 1080
187 44040 46320 5 4 2280
188 46440 50160 4 7 3720
189 53640 54720 6 5 1080
190 54840 57120 5 4 2280
191 57240 60960 4 7 3720
192 64440 65520 6 5 1080
193 65640 67920 5 4 2280
194 68040 71760 4 7 3720
195 75240 76320 6 5 1080
200 27420 29880 3 1 2460
201 30000 30660 1 0 660
202 31980 32640 0 1 660
203 32760 35220 1 3 2460
204 35340 37620 3 8 2280
205 37740 39300 8 5 1560
206 40380 41040 0 1 660
207 41160 43620 1 3 2460
208 43740 46020 3 8 2280
209 46140 47700 8 5 1560
210 48780 49440 0 1 660
211 49560 52020 1 3 2460
212 52140 54420 3 8 2280
213 54540 56100 8 5 1560
214 57180 57840 0 1 660
215 57960 60420 1 3 2460
216 60540 62820 3 8 2280
217 62940 64500 8 5 1560
218 65580 66240 0 1 660
219 66360 68820 1 3 2460
220 68940 71220 3 8 2280
221 71340 72900 8 5 1560
222 73980 74640 0 1 660
223 74760 77220 1 3 2460
224 77340 79620 3 8 2280
228 26940 29220 3 8 2280
229 29340 30900 8 5 1560
230 31620 33180 5 8 1560
231 33420 35700 8 3 2280
232 35820 38280 3 1 2460
233 38400 39060 1 0 660
234 40020 41580 5 8 1560
235 41820 44100 8 3 2280
236 44220 46680 3 1 2460
237 46800 47460 1 0 660
238 48420 49980 5 8 1560
239 50220 52500 8 3 2280
240 52620 55080 3 1 2460
241 55200 55860 1 0 660
242 56820 58380 5 8 1560
243 58620 60900 8 3 2280
244 61020 63480 3 1 2460
245 63600 64260 1 0 660
246 65220 66780 5 8 1560
247 67020 69300 8 3 2280
248 69420 71880 3 1 2460
249 72000 72660 1 0 660
250 73620 75180 5 8 1560
251 75420 77700 8 3 2280
256 28020 31140 3 5 3120
257 31260 32340 5 6 1080
258 33180 34260 6 5 1080
259 34500 37620 5 3 3120
260 37860 39780 3 2 1920
261 40020 41820 2 7 1800
262 43980 45060 6 5 1080
263 45300 48420 5 3 3120
264 48660 50580 3 2 1920
265 50820 52620 2 7 1800
266 54780 55860 6 5 1080
267 56100 59220 5 3 3120
268 59460 61380 3 2 1920
269 61620 63420 2 7 1800
270 65580 66660 6 5 1080
271 66900 70020 5 3 3120
272 70260 72180 3 2 1920
273 72420 74220 2 7 1800
274 76380 77460 6 5 1080
275 77700 80820 5 3 3120
279 26640 28560 3 2 1920
280 28680 31500 2 1 2820
281 31620 32280 1 0 660
282 33720 34380 0 1 660
283 34500 37320 1 2 2820
284 37560 39480 2 3 1920
285 39720 42120 3 4 2400
286 42720 43380 0 1 660
287 43500 46320 1 2 2820
288 46560 48480 2 3 1920
289 48720 51120 3 4 2400
290 51720 52380 0 1 660
291 52500 55320 1 2 2820
292 55560 57480 2 3 1920
293 57720 60120 3 4 2400
294 60720 61380 0 1 660
295 61500 64320 1 2 2820
296 64560 66480 2 3 1920
297 66720 69120 3 4 2400
298 69720 70380 0 1 660
299 70500 73320 1 2 2820
300 73560 75480 2 3 1920
302 78720 79380 0 1 660
303 79500 82320 1 2 2820
304 82560 84480 2 3 1920
308 28860 30780 3 2 1920
309 31020 32820 2 7 1800
310 34860 36660 7 2 1800
311 36780 38700 2 3 1920
312 38820 41940 3 5 3120
313 42060 43140 5 6 1080
314 43860 45660 7 2 1800
315 45780 47700 2 3 1920
316 47820 50940 3 5 3120
317 51060 52140 5 6 1080
318 52860 54660 7 2 1800
319 54780 56700 2 3 1920
320 56820 59940 3 5 3120
321 60060 61140 5 6 1080
322 61860 63660 7 2 1800
323 63780 65700 2 3 1920
324 65820 68940 3 5 3120
325 69060 70140 5 6 1080
326 70860 72660 7 2 1800
327 72780 74700 2 3 1920
328 74820 77940 3 5 3120
332 28620 31080 3 1 2460
333 31200 31860 1 0 660
334 33180 33840 0 1 660
335 33960 36420 1 3 2460
336 36540 38820 3 8 2280
337 38940 40500 8 5 1560
338 41580 42240 0 1 660
339 42360 44820 1 3 2460
340 44940 47220 3 8 2280
341 47340 48900 8 5 1560
342 49980 50640 0 1 660
343 50760 53220 1 3 2460
344 53340 55620 3 8 2280
345 55740 57300 8 5 1560
346 58380 59040 0 1 660
347 59160 61620 1 3 2460
348 61740 64020 3 8 2280
349 64140 65700 8 5 1560
350 66780 67440 0 1 660
351 67560 70020 1 3 2460
352 70140 72420 3 8 2280
353 72540 74100 8 5 1560
354 75180 75840 0 1 660
355 75960 78420 1 3 2460
359 27000 30120 5 3 3120
360 33600 36720 3 5 3120
361 36960 39240 5 4 2280
362 40800 43920 3 5 3120
363 44160 46440 5 4 2280
364 48000 51120 3 5 3120
365 51360 53640 5 4 2280
366 55200 58320 3 5 3120
367 58560 60840 5 4 2280
368 62400 65520 3 5 3120
369 65760 68040 5 4 2280
370 69600 72720 3 5 3120
371 72960 75240 5 4 2280
372 76800 79920 3 5 3120
376 28560 30480 2 3 1920
377 30720 33120 3 4 2400
378 34920 37320 4 3 2400
379 37440 39360 3 2 1920
380 39480 42300 2 1 2820
381 42420 43080 1 0 660
382 43920 46320 4 3 2400
383 46440 48360 3 2 1920
384 48480 51300 2 1 2820
385 51420 52080 1 0 660
386 52920 55320 4 3 2400
387 55440 57360 3 2 1920
388 57480 60300 2 1 2820
389 60420 61080 1 0 660
390 61920 64320 4 3 2400
391 64440 66360 3 2 1920
392 66480 69300 2 1 2820
393 69420 70080 1 0 660
394 70920 73320 4 3 2400
395 73440 75360 3 2 1920
396 75480 78300 2 1 2820
400 28140 30420 3 8 2280
401 30540 32100 8 5 1560
402 32820 34380 5 8 1560
403 34620 36900 8 3 2280
404 37020 39480 3 1 2460
405 39600 40260 1 0 660
406 41220 42780 5 8 1560
407 43020 45300 8 3 2280
408 45420 47880 3 1 2460
409 48000 48660 1 0 660
410 49620 51180 5 8 1560
411 51420 53700 8 3 2280
412 53820 56280 3 1 2460
413 56400 57060 1 0 660
414 58020 59580 5 8 1560
415 59820 62100 8 3 2280
416 62220 64680 3 1 2460
417 64800 65460 1 0 660
418 66420 67980 5 8 1560
419 68220 70500 8 3 2280
420 70620 73080 3 1 2460
421 73200 73860 1 0 660
422 74820 76380 5 8 1560
423 76620 78900 8 3 2280
429 33960 37680 7 4 3720
430 37800 40080 4 5 2280
431 40200 41280 5 6 1080
432 44760 48480 7 4 3720
433 48600 50880 4 5 2280
434 51000 52080 5 6 1080
435 55560 59280 7 4 3720
436 59400 61680 4 5 2280
437 61800 62880 5 6 1080
438 66360 70080 7 4 3720
439 70200 72480 4 5 2280
440 72600 73680 5 6 1080
446 29820 32280 3 1 2460
447 32400 33060 1 0 660
448 34380 35040 0 1 660
449 35160 37620 1 3 2460
450 37740 40020 3 8 2280
451 40140 41700 8 5 1560
452 42780 43440 0 1 660
453 43560 46020 1 3 2460
454 46140 48420 3 8 2280
455 48540 50100 8 5 1560
456 51180 51840 0 1 660
457 51960 54420 1 3 2460
458 54540 56820 3 8 2280
459 56940 58500 8 5 1560
460 59580 60240 0 1 660
461 60360 62820 1 3 2460
462 62940 65220 3 8 2280
463 65340 66900 8 5 1560
464 67980 68640 0 1 660
465 68760 71220 1 3 2460
466 71340 73620 3 8 2280
467 73740 75300 8 5 1560
468 76380 77040 0 1 660
469 77160 79620 1 3 2460
473 27780 29700 2 3 1920
474 29820 32940 3 5 3120
475 33060 34140 5 6 1080
476 34980 36060 6 5 1080
477 36300 39420 5 3 3120
478 39660 41580 3 2 1920
479 41820 43620 2 7 1800
480 45780 46860 6 5 1080
481 47100 50220 5 3 3120
482 50460 52380 3 2 1920
483 52620 54420 2 7 1800
484 56580 57660 6 5 1080
485 57900 61020 5 3 3120
486 61260 63180 3 2 1920
487 63420 65220 2 7 1800
488 67380 68460 6 5 1080
489 68700 71820 5 3 3120
490 72060 73980 3 2 1920
491 74220 76020 2 7 1800
492 78180 79260 6 5 1080
493 79500 82620 5 3 3120
497 28440 30360 3 2 1920
498 30480 33300 2 1 2820
499 33420 34080 1 0 660
500 35520 36180 0 1 660
501 36300 39120 1 2 2820
502 39360 41280 2 3 1920
503 41520 43920 3 4 2400
504 44520 45180 0 1 660
505 45300 48120 1 2 2820
506 48360 50280 2 3 1920
507 50520 52920 3 4 2400
508 53520 54180 0 1 660
509 54300 57120 1 2 2820
510 57360 59280 2 3 1920
511 59520 61920 3 4 2400
512 62520 63180 0 1 660
513 63300 66120 1 2 2820
514 66360 68280 2 3 1920
515 68520 70920 3 4 2400
516 71520 72180 0 1 660
517 72300 75120 1 2 2820
518 75360 77280 2 3 1920
522 29340 31620 3 8 2280
523 31740 33300 8 5 1560
524 34020 35580 5 8 1560
525 35820 38100 8 3 2280
526 38220 40680 3 1 2460
527 40800 41460 1 0 660
528 42420 43980 5 8 1560
529 44220 46500 8 3 2280
530 46620 49080 3 1 2460
531 49200 49860 1 0 660
532 50820 52380 5 8 1560
533 52620 54900 8 3 2280
534 55020 57480 3 1 2460
535 57600 58260 1 0 660
536 59220 60780 5 8 1560
537 61020 63300 8 3 2280
538 63420 65880 3 1 2460
539 66000 66660 1 0 660
540 67620 69180 5 8 1560
541 69420 71700 8 3 2280
542 71820 74280 3 1 2460
543 74400 75060 1 0 660
544 76020 77580 5 8 1560
545 77820 80100 8 3 2280
549 27300 30420 5 3 3120
550 30660 32580 3 2 1920
551 32820 34620 2 7 1800
552 36660 38460 7 2 1800
553 38580 40500 2 3 1920
554 40620 43740 3 5 3120
555 43860 44940 5 6 1080
556 45660 47460 7 2 1800
557 47580 49500 2 3 1920
558 49620 52740 3 5 3120
559 52860 53940 5 6 1080
560 54660 56460 7 2 1800
561 56580 58500 2 3 1920
562 58620 61740 3 5 3120
563 61860 62940 5 6 1080
564 63660 65460 7 2 1800
565 65580 67500 2 3 1920
566 67620 70740 3 5 3120
567 70860 71940 5 6 1080
568 72660 74460 7 2 1800
569 74580 76500 2 3 1920
570 76620 79740 3 5 3120
572 26400 29520 3 5 3120
573 29760 32040 5 4 2280
574 35400 37680 4 5 2280
575 37800 40920 5 3 3120
576 42600 44880 4 5 2280
577 45000 48120 5 3 3120
578 49800 52080 4 5 2280
579 52200 55320 5 3 3120
580 57000 59280 4 5 2280
581 59400 62520 5 3 3120
582 64200 66480 4 5 2280
583 66600 69720 5 3 3120
584 71400 73680 4 5 2280
585 73800 76920 5 3 3120
586 78600 80880 4 5 2280
587 81000 84120 5 3 3120
590 30360 32280 2 3 1920
591 32520 34920 3 4 2400
592 36720 39120 4 3 2400
593 39240 41160 3 2 1920
594 41280 44100 2 1 2820
595 44220 44880 1 0 660
596 45720 48120 4 3 2400
597 48240 50160 3 2 1920
598 50280 53100 2 1 2820
599 53220 53880 1 0 660
600 54720 57120 4 3 2400
601 57240 59160 3 2 1920
602 59280 62100 2 1 2820
603 62220 62880 1 0 660
604 63720 66120 4 3 2400
605 66240 68160 3 2 1920
606 68280 71100 2 1 2820
607 71220 71880 1 0 660
608 72720 75120 4 3 2400
609 75240 77160 3 2 1920
613 30600 32880 4 5 2280
614 33000 34080 5 6 1080
615 35640 36720 6 5 1080
616 36840 39120 5 4 2280
617 39240 42960 4 7 3720
618 46440 47520 6 5 1080
619 47640 49920 5 4 2280
620 50040 53760 4 7 3720
621 57240 58320 6 5 1080
622 58440 60720 5 4 2280
623 60840 64560 4 7 3720
624 68040 69120 6 5 1080
625 69240 71520 5 4 2280
626 71640 75360 4 7 3720
627 78840 79920 6 5 1080
630 26820 28380 5 8 1560
631 28620 30900 8 3 2280
632 31020 33480 3 1 2460
633 33600 34260 1 0 660
634 35580 36240 0 1 660
635 36360 38820 1 3 2460
636 38940 41220 3 8 2280
637 41340 42900 8 5 1560
638 43980 44640 0 1 660
639 44760 47220 1 3 2460
640 47340 49620 3 8 2280
641 49740 51300 8 5 1560
642 52380 53040 0 1 660
643 53160 55620 1 3 2460
644 55740 58020 3 8 2280
645 58140 59700 8 5 1560
646 60780 61440 0 1 660
647 61560 64020 1 3 2460
648 64140 66420 3 8 2280
649 66540 68100 8 5 1560
650 69180 69840 0 1 660
651 69960 72420 1 3 2460
652 72540 74820 3 8 2280
653 74940 76500 8 5 1560
654 77580 78240 0 1 660
655 78360 80820 1 3 2460
660 30540 32820 3 8 2280
661 32940 34500 8 5 1560
662 35220 36780 5 8 1560
663 37020 39300 8 3 2280
664 39420 41880 3 1 2460
665 42000 42660 1 0 660
666 43620 45180 5 8 1560
667 45420 47700 8 3 2280
668 47820 50280 3 1 2460
669 50400 51060 1 0 660
670 52020 53580 5 8 1560
671 53820 56100 8 3 2280
672 56220 58680 3 1 2460
673 58800 59460 1 0 660
674 60420 61980 5 8 1560
675 62220 64500 8 3 2280
676 64620 67080 3 1 2460
677 67200 67860 1 0 660
678 68820 70380 5 8 1560
679 70620 72900 8 3 2280
680 73020 75480 3 1 2460
681 75600 76260 1 0 660
682 77220 78780 5 8 1560
683 79020 81300 8 3 2280
687 29580 31500 2 3 1920
688 31620 34740 3 5 3120
689 34860 35940 5 6 1080
690 36780 37860 6 5 1080
691 38100 41220 5 3 3120
692 41460 43380 3 2 1920
693 43620 45420 2 7 1800
694 47580 48660 6 5 1080
695 48900 52020 5 3 3120
696 52260 54180 3 2 1920
697 54420 56220 2 7 1800
698 58380 59460 6 5 1080
699 59700 62820 5 3 3120
700 63060 64980 3 2 1920
701 65220 67020 2 7 1800
702 69180 70260 6 5 1080
703 70500 73620 5 3 3120
704 73860 75780 3 2 1920
707 30240 32160 3 2 1920
708 32280 35100 2 1 2820
709 35220 35880 1 0 660
710 37320 37980 0 1 660
711 38100 40920 1 2 2820
712 41160 43080 2 3 1920
713 43320 45720 3 4 2400
714 46320 46980 0 1 660
715 47100 49920 1 2 2820
716 50160 52080 2 3 1920
717 52320 54720 3 4 2400
718 55320 55980 0 1 660
719 56100 58920 1 2 2820
720 59160 61080 2 3 1920
721 61320 63720 3 4 2400
722 64320 64980 0 1 660
723 65100 67920 1 2 2820
724 68160 70080 2 3 1920
725 70320 72720 3 4 2400
726 73320 73980 0 1 660
727 74100 76920 1 2 2820
728 77160 79080 2 3 1920
731 29100 32220 5 3 3120
732 32460 34380 3 2 1920
733 34620 36420 2 7 1800
734 38460 40260 7 2 1800
735 40380 42300 2 3 1920
736 42420 45540 3 5 3120
737 45660 46740 5 6 1080
738 47460 49260 7 2 1800
739 49380 51300 2 3 1920
740 51420 54540 3 5 3120
741 54660 55740 5 6 1080
742 56460 58260 7 2 1800
743 58380 60300 2 3 1920
744 60420 63540 3 5 3120
745 63660 64740 5 6 1080
746 65460 67260 7 2 1800
747 67380 69300 2 3 1920
748 69420 72540 3 5 3120
749 72660 73740 5 6 1080
750 74460 76260 7 2 1800
751 76380 78300 2 3 1920
754 28020 29580 5 8 1560
755 29820 32100 8 3 2280
756 32220 34680 3 1 2460
757 34800 35460 1 0 660
758 36780 37440 0 1 660
759 37560 40020 1 3 2460
760 40140 42420 3 8 2280
761 42540 44100 8 5 1560
762 45180 45840 0 1 660
763 45960 48420 1 3 2460
764 48540 50820 3 8 2280
765 50940 52500 8 5 1560
766 53580 54240 0 1 660
767 54360 56820 1 3 2460
768 56940 59220 3 8 2280
769 59340 60900 8 5 1560
770 61980 62640 0 1 660
771 62760 65220 1 3 2460
772 65340 67620 3 8 2280
773 67740 69300 8 5 1560
774 70380 71040 0 1 660
775 71160 73620 1 3 2460
776 73740 76020 3 8 2280
777 76140 77700 8 5 1560
778 78780 79440 0 1 660
779 79560 82020 1 3 2460
783 30600 33720 5 3 3120
784 37200 40320 3 5 3120
785 40560 42840 5 4 2280
786 44400 47520 3 5 3120
787 47760 50040 5 4 2280
788 51600 54720 3 5 3120
789 54960 57240 5 4 2280
790 58800 61920 3 5 3120
791 62160 64440 5 4 2280
792 66000 69120 3 5 3120
793 69360 71640 5 4 2280
794 73200 76320 3 5 3120
798 32160 34080 2 3 1920
799 34320 36720 3 4 2400
800 38520 40920 4 3 2400
801 41040 42960 3 2 1920
802 43080 45900 2 1 2820
803 46020 46680 1 0 660
804 47520 49920 4 3 2400
805 50040 51960 3 2 1920
806 52080 54900 2 1 2820
807 55020 55680 1 0 660
808 56520 58920 4 3 2400
809 59040 60960 3 2 1920
810 61080 63900 2 1 2820
811 64020 64680 1 0 660
812 65520 67920 4 3 2400
813 68040 69960 3 2 1920
814 70080 72900 2 1 2820
815 73020 73680 1 0 660
816 74520 76920 4 3 2400
817 77040 78960 3 2 1920
822 31740 34020 3 8 2280
823 34140 35700 8 5 1560
824 36420 37980 5 8 1560
825 38220 40500 8 3 2280
826 40620 43080 3 1 2460
827 43200 43860 1 0 660
828 44820 46380 5 8 1560
829 46620 48900 8 3 2280
830 49020 51480 3 1 2460
831 51600 52260 1 0 660
832 53220 54780 5 8 1560
833 55020 57300 8 3 2280
834 57420 59880 3 1 2460
835 60000 60660 1 0 660
836 61620 63180 5 8 1560
837 63420 65700 8 3 2280
838 65820 68280 3 1 2460
839 68400 69060 1 0 660
840 70020 71580 5 8 1560
841 71820 74100 8 3 2280
842 74220 76680 3 1 2460
843 76800 77460 1 0 660
844 78420 79980 5 8 1560
845 80220 82500 8 3 2280
849 29640 31920 5 4 2280
850 32040 35760 4 7 3720
851 37560 41280 7 4 3720
852 41400 43680 4 5 2280
853 43800 44880 5 6 1080
854 48360 52080 7 4 3720
855 52200 54480 4 5 2280
856 54600 55680 5 6 1080
857 59160 62880 7 4 3720
858 63000 65280 4 5 2280
859 65400 66480 5 6 1080
860 69960 73680 7 4 3720
861 73800 76080 4 5 2280
862 76200 77280 5 6 1080
863 29220 30780 5 8 1560
864 31020 33300 8 3 2280
865 33420 35880 3 1 2460
866 36000 36660 1 0 660
867 37980 38640 0 1 660
868 38760 41220 1 3 2460
869 41340 43620 3 8 2280
870 43740 45300 8 5 1560
871 46380 47040 0 1 660
872 47160 49620 1 3 2460
873 49740 52020 3 8 2280
874 52140 53700 8 5 1560
875 54780 55440 0 1 660
876 55560 58020 1 3 2460
877 58140 60420 3 8 2280
878 60540 62100 8 5 1560
879 63180 63840 0 1 660
880 63960 66420 1 3 2460
881 66540 68820 3 8 2280
882 68940 70500 8 5 1560
883 71580 72240 0 1 660
884 72360 74820 1 3 2460
885 74940 77220 3 8 2280
886 77340 78900 8 5 1560
888 31380 33300 2 3 1920
889 33420 36540 3 5 3120
890 36660 37740 5 6 1080
891 38580 39660 6 5 1080
892 39900 43020 5 3 3120
893 43260 45180 3 2 1920
894 45420 47220 2 7 1800
895 49380 50460 6 5 1080
896 50700 53820 5 3 3120
897 54060 55980 3 2 1920
898 56220 58020 2 7 1800
899 60180 61260 6 5 1080
900 61500 64620 5 3 3120
901 64860 66780 3 2 1920
902 67020 68820 2 7 1800
903 70980 72060 6 5 1080
904 72300 75420 5 3 3120
905 75660 77580 3 2 1920
907 29520 31920 4 3 2400
908 32040 33960 3 2 1920
909 34080 36900 2 1 2820
910 37020 37680 1 0 660
911 39120 39780 0 1 660
912 39900 42720 1 2 2820
913 42960 44880 2 3 1920
914 45120 47520 3 4 2400
915 48120 48780 0 1 660
916 48900 51720 1 2 2820
917 51960 53880 2 3 1920
918 54120 56520 3 4 2400
919 57120 57780 0 1 660
920 57900 60720 1 2 2820
921 60960 62880 2 3 1920
922 63120 65520 3 4 2400
923 66120 66780 0 1 660
924 66900 69720 1 2 2820
925 69960 71880 2 3 1920
926 72120 74520 3 4 2400
927 75120 75780 0 1 660
928 75900 78720 1 2 2820
929 78960 80880 2 3 1920
932 30360 32820 1 3 2460
933 32940 35220 3 8 2280
934 35340 36900 8 5 1560
935 37620 39180 5 8 1560
936 39420 41700 8 3 2280
937 41820 44280 3 1 2460
938 44400 45060 1 0 660
939 46020 47580 5 8 1560
940 47820 50100 8 3 2280
941 50220 52680 3 1 2460
942 52800 53460 1 0 660
943 54420 55980 5 8 1560
944 56220 58500 8 3 2280
945 58620 61080 3 1 2460
946 61200 61860 1 0 660
947 62820 64380 5 8 1560
948 64620 66900 8 3 2280
949 67020 69480 3 1 2460
950 69600 70260 1 0 660
951 71220 72780 5 8 1560
952 73020 75300 8 3 2280
953 75420 77880 3 1 2460
956 30900 34020 5 3 3120
957 34260 36180 3 2 1920
958 36420 38220 2 7 1800
959 40260 42060 7 2 1800
960 42180 44100 2 3 1920
961 44220 47340 3 5 3120
962 47460 48540 5 6 1080
963 49260 51060 7 2 1800
964 51180 53100 2 3 1920
965 53220 56340 3 5 3120
966 56460 57540 5 6 1080
967 58260 60060 7 2 1800
968 60180 62100 2 3 1920
969 62220 65340 3 5 3120
970 65460 66540 5 6 1080
971 67260 69060 7 2 1800
972 69180 71100 2 3 1920
973 71220 74340 3 5 3120
974 74460 75540 5 6 1080
975 76260 78060 7 2 1800
976 78180 80100 2 3 1920
979 30000 33120 3 5 3120
980 33360 35640 5 4 2280
981 39000 41280 4 5 2280
982 41400 44520 5 3 3120
983 30120 30780 0 1 660
984 30900 33720 1 2 2820
985 33960 35880 2 3 1920
986 36120 38520 3 4 2400
987 40320 42720 4 3 2400
988 42840 44760 3 2 1920
989 44880 47700 2 1 2820
990 47820 48480 1 0 660
991 49320 51720 4 3 2400
992 51840 53760 3 2 1920
993 53880 56700 2 1 2820
994 56820 57480 1 0 660
995 58320 60720 4 3 2400
996 60840 62760 3 2 1920
997 62880 65700 2 1 2820
998 65820 66480 1 0 660
999 67320 69720 4 3 2400
1000 69840 71760 3 2 1920
1001 71880 74700 2 1 2820
1002 74820 75480 1 0 660
1003 76320 78720 4 3 2400
1004 78840 80760 3 2 1920
1008 34200 36480 4 5 2280
1009 36600 37680 5 6 1080
1010 39240 40320 6 5 1080
1011 40440 42720 5 4 2280
1012 42840 46560 4 7 3720
1013 50040 51120 6 5 1080
1014 51240 53520 5 4 2280
1015 53640 57360 4 7 3720
1016 60840 61920 6 5 1080
1017 62040 64320 5 4 2280
1018 64440 68160 4 7 3720
1019 71640 72720 6 5 1080
1020 72840 75120 5 4 2280
1023 33180 35100 2 3 1920
1024 35220 38340 3 5 3120
1025 38460 39540 5 6 1080
1026 40380 41460 6 5 1080
1027 41700 44820 5 3 3120
1028 45060 46980 3 2 1920
1029 47220 49020 2 7 1800
1030 51180 52260 6 5 1080
1031 52500 55620 5 3 3120
1032 55860 57780 3 2 1920
1033 58020 59820 2 7 1800
1034 61980 63060 6 5 1080
1035 63300 66420 5 3 3120
1036 66660 68580 3 2 1920
1037 68820 70620 2 7 1800
1038 72780 73860 6 5 1080
1039 74100 77220 5 3 3120
1040 77460 79380 3 2 1920
1042 31320 33720 4 3 2400
1043 33840 35760 3 2 1920
1044 35880 38700 2 1 2820
1045 38820 39480 1 0 660
1046 40920 41580 0 1 660
1047 41700 44520 1 2 2820
1048 44760 46680 2 3 1920
1049 46920 49320 3 4 2400
1050 41160 44880 7 4 3720
1051 45000 47280 4 5 2280
1052 47400 48480 5 6 1080
1053 50040 51120 6 5 1080
1054 51240 53520 5 4 2280
1055 53640 57360 4 7 3720
1056 51960 55680 7 4 3720
1057 55800 58080 4 5 2280
1058 58200 59280 5 6 1080
1059 60840 61920 6 5 1080
1060 62040 64320 5 4 2280
1061 64440 68160 4 7 3720
1062 62760 66480 7 4 3720
1063 66600 68880 4 5 2280
1064 69000 70080 5 6 1080
1065 71640 72720 6 5 1080
1066 72840 75120 5 4 2280
1068 73560 77280 7 4 3720
1069 77400 79680 4 5 2280
