0 SOURCE 1 52 -1 -1 960 29760
1 SOURCE 1 76 -1 -1 1140 29940
2 SOURCE 1 22 -1 -1 960 29760
3 SOURCE 1 138 -1 -1 1140 29940
4 SOURCE 1 219 -1 -1 960 29760
5 SOURCE 1 108 -1 -1 960 29760
6 SOURCE 1 244 -1 -1 1140 29940
7 SOURCE 1 192 -1 -1 960 29760
8 SOURCE 1 24 -1 -1 1140 29940
9 SOURCE 1 1 -1 -1 960 29760
10 SOURCE 1 80 -1 -1 960 29760
11 SOURCE 1 110 -1 -1 1140 29940
12 SOURCE 1 142 -1 -1 960 29760
13 SOURCE 1 194 -1 -1 1140 29940
14 SOURCE 1 171 -1 -1 960 29760
15 SOURCE 1 248 -1 -1 960 29760
16 SOURCE 1 27 -1 -1 1140 29940
17 SOURCE 1 83 -1 -1 960 29760
18 SOURCE 1 113 -1 -1 1140 29940
19 SOURCE 1 4 -1 -1 960 29760
20 SOURCE 1 145 -1 -1 960 29760
21 SOURCE 1 197 -1 -1 1140 29940
22 SOURCE 1 251 -1 -1 960 29760
23 SOURCE 1 30 -1 -1 1140 29940
24 SOURCE 1 174 -1 -1 960 29760
25 SOURCE 1 86 -1 -1 960 29760
26 SOURCE 1 116 -1 -1 1140 29940
27 SOURCE 1 148 -1 -1 960 29760
28 SOURCE 1 200 -1 -1 1140 29940
29 SOURCE 1 7 -1 -1 960 29760
30 SOURCE 1 254 -1 -1 960 29760
31 SOURCE 1 33 -1 -1 1140 29940
32 SOURCE 1 89 -1 -1 960 29760
33 SOURCE 1 119 -1 -1 1140 29940
34 SOURCE 1 177 -1 -1 960 29760
35 SOURCE 1 151 -1 -1 960 29760
36 SOURCE 1 203 -1 -1 1140 29940
37 SOURCE 1 257 -1 -1 960 29760
38 SOURCE 1 36 -1 -1 1140 29940
39 SOURCE 1 10 -1 -1 960 29760
40 SOURCE 1 92 -1 -1 960 29760
41 SOURCE 1 122 -1 -1 1140 29940
42 SOURCE 1 154 -1 -1 960 29760
43 SOURCE 1 206 -1 -1 1140 29940
44 SOURCE 1 180 -1 -1 960 29760
45 SOURCE 1 260 -1 -1 960 29760
46 SOURCE 1 39 -1 -1 1140 29940
47 SOURCE 1 95 -1 -1 960 29760
48 SOURCE 1 125 -1 -1 1140 29940
49 SOURCE 1 13 -1 -1 960 29760
50 SOURCE 1 157 -1 -1 960 29760
51 SOURCE 1 209 -1 -1 1140 29940
52 SOURCE 1 263 -1 -1 960 29760
53 SOURCE 1 42 -1 -1 1140 29940
54 SOURCE 1 183 -1 -1 960 29760
55 SOURCE 1 98 -1 -1 960 29760
56 SOURCE 1 128 -1 -1 1140 29940
57 SOURCE 1 160 -1 -1 960 29760
58 SOURCE 1 212 -1 -1 1140 29940
59 SOURCE 1 16 -1 -1 960 29760
60 SOURCE 1 266 -1 -1 960 29760
61 SOURCE 1 45 -1 -1 1140 29940
62 SOURCE 1 101 -1 -1 960 29760
63 SOURCE 1 131 -1 -1 1140 29940
64 SOURCE 1 186 -1 -1 960 29760
65 SOURCE 1 163 -1 -1 960 29760
66 SOURCE 1 215 -1 -1 1140 29940
67 SOURCE 1 269 -1 -1 960 29760
68 SOURCE 1 48 -1 -1 1140 29940
69 SOURCE 1 19 -1 -1 960 29760
70 SOURCE 1 104 -1 -1 960 29760
71 SOURCE 1 134 -1 -1 1140 29940
72 SOURCE 1 166 -1 -1 960 29760
73 SOURCE 1 218 -1 -1 1140 29940
74 SOURCE 1 189 -1 -1 960 29760
75 SOURCE 1 272 -1 -1 960 29760
76 SOURCE 1 51 -1 -1 1140 29940
77 CONNECTION 52 53 -1 -1 1440 1440
78 CONNECTION 52 137 -1 -1 1980 1980
79 CONNECTION 52 0 -1 -1 2520 2520
80 CONNECTION 52 243 -1 -1 3780 3780
81 CONNECTION 52 220 300 2940 5040 5040
82 CONNECTION 52 23 300 3480 5580 5580
83 CONNECTION 52 170 300 4020 6120 6120
84 CONNECTION 52 109 300 5280 7380 7380
85 CONNECTION 53 54 -1 -1 1620 1620
86 CONNECTION 53 107 -1 -1 1800 1800
87 CONNECTION 53 139 -1 -1 3420 3420
88 CONNECTION 53 169 -1 -1 3600 3600
89 CONNECTION 53 191 -1 -1 3600 3600
90 CONNECTION 53 221 300 3120 5220 5220
91 CONNECTION 53 245 300 3120 5220 5220
92 CONNECTION 53 79 300 3300 5400 5400
93 CONNECTION 53 25 300 4920 7020 7020
94 CONNECTION 53 56 300 5100 7200 7200
95 CONNECTION 53 141 300 5100 7200 7200
96 CONNECTION 76 77 -1 -1 1620 1620
97 CONNECTION 76 107 -1 -1 1800 1800
98 CONNECTION 76 139 -1 -1 3420 3420
99 CONNECTION 76 169 -1 -1 3600 3600
100 CONNECTION 76 191 -1 -1 3600 3600
101 CONNECTION 76 221 300 3120 5220 5220
102 CONNECTION 76 245 300 3120 5220 5220
103 CONNECTION 76 79 300 3300 5400 5400
104 CONNECTION 76 25 300 4920 7020 7020
105 CONNECTION 76 56 300 5100 7200 7200
106 CONNECTION 76 141 300 5100 7200 7200
107 CONNECTION 137 138 -1 -1 1260 1260
108 CONNECTION 137 219 -1 -1 1620 1620
109 CONNECTION 137 108 -1 -1 2340 2340
110 CONNECTION 137 244 -1 -1 3060 3060
111 CONNECTION 137 192 300 2040 4140 4140
112 CONNECTION 137 24 300 2760 4860 4860
113 CONNECTION 137 1 300 3120 5220 5220
114 CONNECTION 137 80 300 3840 5940 5940
115 CONNECTION 137 110 300 4560 6660 6660
116 CONNECTION 137 142 300 5640 7740 7740
117 SINK 137 1 -1 -1 0 0
118 CONNECTION 0 108 -1 -1 1800 1800
119 CONNECTION 0 244 -1 -1 2520 2520
120 CONNECTION 0 192 -1 -1 3600 3600
121 CONNECTION 0 24 300 2220 4320 4320
122 CONNECTION 0 1 300 2580 4680 4680
123 CONNECTION 0 80 300 3300 5400 5400
124 CONNECTION 0 110 300 4020 6120 6120
125 CONNECTION 0 142 300 5100 7200 7200
126 CONNECTION 0 194 300 5820 7920 7920
127 SINK 0 1 -1 -1 0 0
128 CONNECTION 22 220 -1 -1 2520 2520
129 CONNECTION 22 23 -1 -1 3060 3060
130 CONNECTION 22 170 -1 -1 3600 3600
131 CONNECTION 22 109 300 2760 4860 4860
132 CONNECTION 22 2 300 4020 6120 6120
133 CONNECTION 22 193 300 4560 6660 6660
134 CONNECTION 22 57 300 5100 7200 7200
135 CONNECTION 54 78 -1 -1 2520 2520
136 CONNECTION 54 55 -1 -1 4140 4140
137 CONNECTION 54 140 -1 -1 4320 4320
138 CONNECTION 54 246 300 4020 6120 6120
139 CONNECTION 54 222 300 5640 7740 7740
140 CONNECTION 54 81 300 5820 7920 7920
141 CONNECTION 77 78 -1 -1 2520 2520
142 CONNECTION 77 55 -1 -1 4140 4140
143 CONNECTION 77 140 -1 -1 4320 4320
144 CONNECTION 77 246 300 4020 6120 6120
145 CONNECTION 77 222 300 5640 7740 7740
146 CONNECTION 77 81 300 5820 7920 7920
147 CONNECTION 107 108 -1 -1 1080 1080
148 CONNECTION 107 244 -1 -1 1800 1800
149 CONNECTION 107 192 -1 -1 2880 2880
150 CONNECTION 107 24 -1 -1 3600 3600
151 CONNECTION 107 1 -1 -1 3960 3960
152 CONNECTION 107 80 300 2580 4680 4680
153 CONNECTION 107 110 300 3300 5400 5400
154 CONNECTION 107 142 300 4380 6480 6480
155 CONNECTION 107 194 300 5100 7200 7200
156 CONNECTION 107 171 300 5460 7560 7560
157 SINK 107 1 -1 -1 0 0
158 CONNECTION 138 139 -1 -1 1620 1620
159 CONNECTION 138 191 -1 -1 1800 1800
160 CONNECTION 138 221 -1 -1 3420 3420
161 CONNECTION 138 245 -1 -1 3420 3420
162 CONNECTION 138 79 -1 -1 3600 3600
163 CONNECTION 138 25 300 3120 5220 5220
164 CONNECTION 138 56 300 3300 5400 5400
165 CONNECTION 138 141 300 3300 5400 5400
166 CONNECTION 138 3 300 4920 7020 7020
167 CONNECTION 138 111 300 4920 7020 7020
168 CONNECTION 138 247 300 5100 7200 7200
169 CONNECTION 219 220 -1 -1 1440 1440
170 CONNECTION 219 23 -1 -1 1980 1980
171 CONNECTION 219 170 -1 -1 2520 2520
172 CONNECTION 219 109 -1 -1 3780 3780
173 CONNECTION 219 2 300 2940 5040 5040
174 CONNECTION 219 193 300 3480 5580 5580
175 CONNECTION 219 57 300 4020 6120 6120
176 CONNECTION 219 26 300 5280 7380 7380
177 CONNECTION 243 244 -1 -1 1260 1260
178 CONNECTION 243 192 -1 -1 2340 2340
179 CONNECTION 243 24 -1 -1 3060 3060
180 CONNECTION 243 1 -1 -1 3420 3420
181 CONNECTION 243 80 300 2040 4140 4140
182 CONNECTION 243 110 300 2760 4860 4860
183 CONNECTION 243 142 300 3840 5940 5940
184 CONNECTION 243 194 300 4560 6660 6660
185 CONNECTION 243 171 300 4920 7020 7020
186 CONNECTION 243 248 300 5640 7740 7740
187 SINK 243 1 -1 -1 0 0
188 CONNECTION 108 170 -1 -1 1800 1800
189 CONNECTION 108 109 -1 -1 3060 3060
190 CONNECTION 108 2 -1 -1 4320 4320
191 CONNECTION 108 193 300 2760 4860 4860
192 CONNECTION 108 57 300 3300 5400 5400
193 CONNECTION 108 26 300 4560 6660 6660
194 CONNECTION 108 172 300 5820 7920 7920
195 CONNECTION 139 55 -1 -1 2340 2340
196 CONNECTION 139 140 -1 -1 2520 2520
197 CONNECTION 139 246 -1 -1 4320 4320
198 CONNECTION 139 222 300 3840 5940 5940
199 CONNECTION 139 81 300 4020 6120 6120
200 CONNECTION 139 143 300 5820 7920 7920
201 CONNECTION 169 170 -1 -1 1080 1080
202 CONNECTION 169 109 -1 -1 2340 2340
203 CONNECTION 169 2 -1 -1 3600 3600
204 CONNECTION 169 193 300 2040 4140 4140
205 CONNECTION 169 57 300 2580 4680 4680
206 CONNECTION 169 26 300 3840 5940 5940
207 CONNECTION 169 172 300 5100 7200 7200
208 CONNECTION 169 112 300 5640 7740 7740
209 CONNECTION 220 221 -1 -1 1620 1620
210 CONNECTION 220 79 -1 -1 1800 1800
211 CONNECTION 220 25 -1 -1 3420 3420
212 CONNECTION 220 56 -1 -1 3600 3600
213 CONNECTION 220 141 -1 -1 3600 3600
214 CONNECTION 220 3 300 3120 5220 5220
215 CONNECTION 220 111 300 3120 5220 5220
216 CONNECTION 220 247 300 3300 5400 5400
217 CONNECTION 220 195 300 4920 7020 7020
218 CONNECTION 220 223 300 5100 7200 7200
219 CONNECTION 220 82 300 5100 7200 7200
220 CONNECTION 191 192 -1 -1 1080 1080
221 CONNECTION 191 24 -1 -1 1800 1800
222 CONNECTION 191 1 -1 -1 2160 2160
223 CONNECTION 191 80 -1 -1 2880 2880
224 CONNECTION 191 110 -1 -1 3600 3600
225 CONNECTION 191 142 300 2580 4680 4680
226 CONNECTION 191 194 300 3300 5400 5400
227 CONNECTION 191 171 300 3660 5760 5760
228 CONNECTION 191 248 300 4380 6480 6480
229 CONNECTION 191 27 300 5100 7200 7200
230 SINK 191 1 -1 -1 0 0
231 CONNECTION 244 245 -1 -1 1620 1620
232 CONNECTION 244 79 -1 -1 1800 1800
233 CONNECTION 244 25 -1 -1 3420 3420
234 CONNECTION 244 56 -1 -1 3600 3600
235 CONNECTION 244 141 -1 -1 3600 3600
236 CONNECTION 244 3 300 3120 5220 5220
237 CONNECTION 244 111 300 3120 5220 5220
238 CONNECTION 244 247 300 3300 5400 5400
239 CONNECTION 244 195 300 4920 7020 7020
240 CONNECTION 244 223 300 5100 7200 7200
241 CONNECTION 244 82 300 5100 7200 7200
242 CONNECTION 78 79 -1 -1 1260 1260
243 CONNECTION 78 25 -1 -1 2880 2880
244 CONNECTION 78 56 -1 -1 3060 3060
245 CONNECTION 78 141 -1 -1 3060 3060
246 CONNECTION 78 3 300 2580 4680 4680
247 CONNECTION 78 111 300 2580 4680 4680
248 CONNECTION 78 247 300 2760 4860 4860
249 CONNECTION 78 195 300 4380 6480 6480
250 CONNECTION 78 223 300 4560 6660 6660
251 CONNECTION 78 82 300 4560 6660 6660
252 CONNECTION 78 28 300 6180 8280 8280
253 CONNECTION 78 173 300 6180 8280 8280
254 CONNECTION 23 24 -1 -1 1260 1260
255 CONNECTION 23 1 -1 -1 1620 1620
256 CONNECTION 23 80 -1 -1 2340 2340
257 CONNECTION 23 110 -1 -1 3060 3060
258 CONNECTION 23 142 300 2040 4140 4140
259 CONNECTION 23 194 300 2760 4860 4860
260 CONNECTION 23 171 300 3120 5220 5220
261 CONNECTION 23 248 300 3840 5940 5940
262 CONNECTION 23 27 300 4560 6660 6660
263 CONNECTION 23 83 300 5640 7740 7740
264 SINK 23 1 -1 -1 0 0
265 CONNECTION 170 80 -1 -1 1800 1800
266 CONNECTION 170 110 -1 -1 2520 2520
267 CONNECTION 170 142 -1 -1 3600 3600
268 CONNECTION 170 194 300 2220 4320 4320
269 CONNECTION 170 171 300 2580 4680 4680
270 CONNECTION 170 248 300 3300 5400 5400
271 CONNECTION 170 27 300 4020 6120 6120
272 CONNECTION 170 83 300 5100 7200 7200
273 CONNECTION 170 113 300 5820 7920 7920
274 SINK 170 1 -1 -1 0 0
275 CONNECTION 192 2 -1 -1 2520 2520
276 CONNECTION 192 193 -1 -1 3060 3060
277 CONNECTION 192 57 -1 -1 3600 3600
278 CONNECTION 192 26 300 2760 4860 4860
279 CONNECTION 192 172 300 4020 6120 6120
280 CONNECTION 192 112 300 4560 6660 6660
281 CONNECTION 192 224 300 5100 7200 7200
282 CONNECTION 221 246 -1 -1 2520 2520
283 CONNECTION 221 222 -1 -1 4140 4140
284 CONNECTION 221 81 -1 -1 4320 4320
285 CONNECTION 221 143 300 4020 6120 6120
286 CONNECTION 221 58 300 5640 7740 7740
287 CONNECTION 221 249 300 5820 7920 7920
288 CONNECTION 245 246 -1 -1 2520 2520
289 CONNECTION 245 222 -1 -1 4140 4140
290 CONNECTION 245 81 -1 -1 4320 4320
291 CONNECTION 245 143 300 4020 6120 6120
292 CONNECTION 245 58 300 5640 7740 7740
293 CONNECTION 245 249 300 5820 7920 7920
294 CONNECTION 24 25 -1 -1 1620 1620
295 CONNECTION 24 141 -1 -1 1800 1800
296 CONNECTION 24 3 -1 -1 3420 3420
297 CONNECTION 24 111 -1 -1 3420 3420
298 CONNECTION 24 247 -1 -1 3600 3600
299 CONNECTION 24 195 300 3120 5220 5220
300 CONNECTION 24 223 300 3300 5400 5400
301 CONNECTION 24 82 300 3300 5400 5400
302 CONNECTION 24 28 300 4920 7020 7020
303 CONNECTION 24 173 300 4920 7020 7020
304 CONNECTION 24 144 300 5100 7200 7200
305 CONNECTION 55 56 -1 -1 1440 1440
306 CONNECTION 55 3 -1 -1 3060 3060
307 CONNECTION 55 111 -1 -1 3060 3060
308 CONNECTION 55 247 -1 -1 3240 3240
309 CONNECTION 55 195 300 2760 4860 4860
310 CONNECTION 55 223 300 2940 5040 5040
311 CONNECTION 55 82 300 2940 5040 5040
312 CONNECTION 55 28 300 4560 6660 6660
313 CONNECTION 55 173 300 4560 6660 6660
314 CONNECTION 55 144 300 4740 6840 6840
315 CONNECTION 55 114 300 6360 8460 8460
316 CONNECTION 79 80 -1 -1 1080 1080
317 CONNECTION 79 110 -1 -1 1800 1800
318 CONNECTION 79 142 -1 -1 2880 2880
319 CONNECTION 79 194 -1 -1 3600 3600
320 CONNECTION 79 171 -1 -1 3960 3960
321 CONNECTION 79 248 300 2580 4680 4680
322 CONNECTION 79 27 300 3300 5400 5400
323 CONNECTION 79 83 300 4380 6480 6480
324 CONNECTION 79 113 300 5100 7200 7200
325 CONNECTION 79 4 300 5460 7560 7560
326 SINK 79 1 -1 -1 0 0
327 CONNECTION 140 141 -1 -1 1260 1260
328 CONNECTION 140 3 -1 -1 2880 2880
329 CONNECTION 140 111 -1 -1 2880 2880
330 CONNECTION 140 247 -1 -1 3060 3060
331 CONNECTION 140 195 300 2580 4680 4680
332 CONNECTION 140 223 300 2760 4860 4860
333 CONNECTION 140 82 300 2760 4860 4860
334 CONNECTION 140 28 300 4380 6480 6480
335 CONNECTION 140 173 300 4380 6480 6480
336 CONNECTION 140 144 300 4560 6660 6660
337 CONNECTION 140 114 300 6180 8280 8280
338 CONNECTION 140 59 300 6360 8460 8460
339 CONNECTION 1 2 -1 -1 1440 1440
340 CONNECTION 1 193 -1 -1 1980 1980
341 CONNECTION 1 57 -1 -1 2520 2520
342 CONNECTION 1 26 -1 -1 3780 3780
343 CONNECTION 1 172 300 2940 5040 5040
344 CONNECTION 1 112 300 3480 5580 5580
345 CONNECTION 1 224 300 4020 6120 6120
346 CONNECTION 1 196 300 5280 7380 7380
347 CONNECTION 109 110 -1 -1 1260 1260
348 CONNECTION 109 142 -1 -1 2340 2340
349 CONNECTION 109 194 -1 -1 3060 3060
350 CONNECTION 109 171 -1 -1 3420 3420
351 CONNECTION 109 248 300 2040 4140 4140
352 CONNECTION 109 27 300 2760 4860 4860
353 CONNECTION 109 83 300 3840 5940 5940
354 CONNECTION 109 113 300 4560 6660 6660
355 CONNECTION 109 4 300 4920 7020 7020
356 CONNECTION 109 145 300 5640 7740 7740
357 SINK 109 1 -1 -1 0 0
358 CONNECTION 25 222 -1 -1 2340 2340
359 CONNECTION 25 81 -1 -1 2520 2520
360 CONNECTION 25 143 -1 -1 4320 4320
361 CONNECTION 25 58 300 3840 5940 5940
362 CONNECTION 25 249 300 4020 6120 6120
363 CONNECTION 25 84 300 5820 7920 7920
364 CONNECTION 80 57 -1 -1 1800 1800
365 CONNECTION 80 26 -1 -1 3060 3060
366 CONNECTION 80 172 -1 -1 4320 4320
367 CONNECTION 80 112 300 2760 4860 4860
368 CONNECTION 80 224 300 3300 5400 5400
369 CONNECTION 80 196 300 4560 6660 6660
370 CONNECTION 80 5 300 5820 7920 7920
371 CONNECTION 2 3 -1 -1 1620 1620
372 CONNECTION 2 247 -1 -1 1800 1800
373 CONNECTION 2 195 -1 -1 3420 3420
374 CONNECTION 2 223 -1 -1 3600 3600
375 CONNECTION 2 82 -1 -1 3600 3600
376 CONNECTION 2 28 300 3120 5220 5220
377 CONNECTION 2 173 300 3120 5220 5220
378 CONNECTION 2 144 300 3300 5400 5400
379 CONNECTION 2 114 300 4920 7020 7020
380 CONNECTION 2 59 300 5100 7200 7200
381 CONNECTION 2 250 300 5100 7200 7200
382 CONNECTION 56 57 -1 -1 1080 1080
383 CONNECTION 56 26 -1 -1 2340 2340
384 CONNECTION 56 172 -1 -1 3600 3600
385 CONNECTION 56 112 300 2040 4140 4140
386 CONNECTION 56 224 300 2580 4680 4680
387 CONNECTION 56 196 300 3840 5940 5940
388 CONNECTION 56 5 300 5100 7200 7200
389 CONNECTION 56 29 300 5640 7740 7740
390 CONNECTION 110 111 -1 -1 1620 1620
391 CONNECTION 110 247 -1 -1 1800 1800
392 CONNECTION 110 195 -1 -1 3420 3420
393 CONNECTION 110 223 -1 -1 3600 3600
394 CONNECTION 110 82 -1 -1 3600 3600
395 CONNECTION 110 28 300 3120 5220 5220
396 CONNECTION 110 173 300 3120 5220 5220
397 CONNECTION 110 144 300 3300 5400 5400
398 CONNECTION 110 114 300 4920 7020 7020
399 CONNECTION 110 59 300 5100 7200 7200
400 CONNECTION 110 250 300 5100 7200 7200
401 CONNECTION 141 142 -1 -1 1080 1080
402 CONNECTION 141 194 -1 -1 1800 1800
403 CONNECTION 141 171 -1 -1 2160 2160
404 CONNECTION 141 248 -1 -1 2880 2880
405 CONNECTION 141 27 -1 -1 3600 3600
406 CONNECTION 141 83 300 2580 4680 4680
407 CONNECTION 141 113 300 3300 5400 5400
408 CONNECTION 141 4 300 3660 5760 5760
409 CONNECTION 141 145 300 4380 6480 6480
410 CONNECTION 141 197 300 5100 7200 7200
411 SINK 141 1 -1 -1 0 0
412 CONNECTION 246 247 -1 -1 1260 1260
413 CONNECTION 246 195 -1 -1 2880 2880
414 CONNECTION 246 223 -1 -1 3060 3060
415 CONNECTION 246 82 -1 -1 3060 3060
416 CONNECTION 246 28 300 2580 4680 4680
417 CONNECTION 246 173 300 2580 4680 4680
418 CONNECTION 246 144 300 2760 4860 4860
419 CONNECTION 246 114 300 4380 6480 6480
420 CONNECTION 246 59 300 4560 6660 6660
421 CONNECTION 246 250 300 4560 6660 6660
422 CONNECTION 246 6 300 6180 8280 8280
423 CONNECTION 246 198 300 6180 8280 8280
424 CONNECTION 193 194 -1 -1 1260 1260
425 CONNECTION 193 171 -1 -1 1620 1620
426 CONNECTION 193 248 -1 -1 2340 2340
427 CONNECTION 193 27 -1 -1 3060 3060
428 CONNECTION 193 83 300 2040 4140 4140
429 CONNECTION 193 113 300 2760 4860 4860
430 CONNECTION 193 4 300 3120 5220 5220
431 CONNECTION 193 145 300 3840 5940 5940
432 CONNECTION 193 197 300 4560 6660 6660
433 CONNECTION 193 251 300 5640 7740 7740
434 SINK 193 1 -1 -1 0 0
435 CONNECTION 3 143 -1 -1 2520 2520
436 CONNECTION 3 58 -1 -1 4140 4140
437 CONNECTION 3 249 -1 -1 4320 4320
438 CONNECTION 3 84 300 4020 6120 6120
439 CONNECTION 3 225 300 5640 7740 7740
440 CONNECTION 3 146 300 5820 7920 7920
441 CONNECTION 57 248 -1 -1 1800 1800
442 CONNECTION 57 27 -1 -1 2520 2520
443 CONNECTION 57 83 -1 -1 3600 3600
444 CONNECTION 57 113 300 2220 4320 4320
445 CONNECTION 57 4 300 2580 4680 4680
446 CONNECTION 57 145 300 3300 5400 5400
447 CONNECTION 57 197 300 4020 6120 6120
448 CONNECTION 57 251 300 5100 7200 7200
449 CONNECTION 57 30 300 5820 7920 7920
450 SINK 57 1 -1 -1 0 0
451 CONNECTION 111 143 -1 -1 2520 2520
452 CONNECTION 111 58 -1 -1 4140 4140
453 CONNECTION 111 249 -1 -1 4320 4320
454 CONNECTION 111 84 300 4020 6120 6120
455 CONNECTION 111 225 300 5640 7740 7740
456 CONNECTION 111 146 300 5820 7920 7920
457 CONNECTION 142 172 -1 -1 2520 2520
458 CONNECTION 142 112 -1 -1 3060 3060
459 CONNECTION 142 224 -1 -1 3600 3600
460 CONNECTION 142 196 300 2760 4860 4860
461 CONNECTION 142 5 300 4020 6120 6120
462 CONNECTION 142 29 300 4560 6660 6660
463 CONNECTION 142 60 300 5100 7200 7200
464 CONNECTION 194 195 -1 -1 1620 1620
465 CONNECTION 194 82 -1 -1 1800 1800
466 CONNECTION 194 28 -1 -1 3420 3420
467 CONNECTION 194 173 -1 -1 3420 3420
468 CONNECTION 194 144 -1 -1 3600 3600
469 CONNECTION 194 114 300 3120 5220 5220
470 CONNECTION 194 59 300 3300 5400 5400
471 CONNECTION 194 250 300 3300 5400 5400
472 CONNECTION 194 6 300 4920 7020 7020
473 CONNECTION 194 198 300 4920 7020 7020
474 CONNECTION 194 85 300 5100 7200 7200
475 CONNECTION 222 223 -1 -1 1440 1440
476 CONNECTION 222 28 -1 -1 3060 3060
477 CONNECTION 222 173 -1 -1 3060 3060
478 CONNECTION 222 144 -1 -1 3240 3240
479 CONNECTION 222 114 300 2760 4860 4860
480 CONNECTION 222 59 300 2940 5040 5040
481 CONNECTION 222 250 300 2940 5040 5040
482 CONNECTION 222 6 300 4560 6660 6660
483 CONNECTION 222 198 300 4560 6660 6660
484 CONNECTION 222 85 300 4740 6840 6840
485 CONNECTION 222 31 300 6360 8460 8460
486 CONNECTION 247 248 -1 -1 1080 1080
487 CONNECTION 247 27 -1 -1 1800 1800
488 CONNECTION 247 83 -1 -1 2880 2880
489 CONNECTION 247 113 -1 -1 3600 3600
490 CONNECTION 247 4 -1 -1 3960 3960
491 CONNECTION 247 145 300 2580 4680 4680
492 CONNECTION 247 197 300 3300 5400 5400
493 CONNECTION 247 251 300 4380 6480 6480
494 CONNECTION 247 30 300 5100 7200 7200
495 CONNECTION 247 174 300 5460 7560 7560
496 SINK 247 1 -1 -1 0 0
497 CONNECTION 81 82 -1 -1 1260 1260
498 CONNECTION 81 28 -1 -1 2880 2880
499 CONNECTION 81 173 -1 -1 2880 2880
500 CONNECTION 81 144 -1 -1 3060 3060
501 CONNECTION 81 114 300 2580 4680 4680
502 CONNECTION 81 59 300 2760 4860 4860
503 CONNECTION 81 250 300 2760 4860 4860
504 CONNECTION 81 6 300 4380 6480 6480
505 CONNECTION 81 198 300 4380 6480 6480
506 CONNECTION 81 85 300 4560 6660 6660
507 CONNECTION 81 31 300 6180 8280 8280
508 CONNECTION 81 226 300 6360 8460 8460
509 CONNECTION 171 172 -1 -1 1440 1440
510 CONNECTION 171 112 -1 -1 1980 1980
511 CONNECTION 171 224 -1 -1 2520 2520
512 CONNECTION 171 196 -1 -1 3780 3780
513 CONNECTION 171 5 300 2940 5040 5040
514 CONNECTION 171 29 300 3480 5580 5580
515 CONNECTION 171 60 300 4020 6120 6120
516 CONNECTION 171 115 300 5280 7380 7380
517 CONNECTION 26 27 -1 -1 1260 1260
518 CONNECTION 26 83 -1 -1 2340 2340
519 CONNECTION 26 113 -1 -1 3060 3060
520 CONNECTION 26 4 -1 -1 3420 3420
521 CONNECTION 26 145 300 2040 4140 4140
522 CONNECTION 26 197 300 2760 4860 4860
523 CONNECTION 26 251 300 3840 5940 5940
524 CONNECTION 26 30 300 4560 6660 6660
525 CONNECTION 26 174 300 4920 7020 7020
526 CONNECTION 26 86 300 5640 7740 7740
527 SINK 26 1 -1 -1 0 0
528 CONNECTION 195 58 -1 -1 2340 2340
529 CONNECTION 195 249 -1 -1 2520 2520
530 CONNECTION 195 84 -1 -1 4320 4320
531 CONNECTION 195 225 300 3840 5940 5940
532 CONNECTION 195 146 300 4020 6120 6120
533 CONNECTION 195 252 300 5820 7920 7920
534 CONNECTION 248 224 -1 -1 1800 1800
535 CONNECTION 248 196 -1 -1 3060 3060
536 CONNECTION 248 5 -1 -1 4320 4320
537 CONNECTION 248 29 300 2760 4860 4860
538 CONNECTION 248 60 300 3300 5400 5400
539 CONNECTION 248 115 300 4560 6660 6660
540 CONNECTION 248 175 300 5820 7920 7920
541 CONNECTION 172 173 -1 -1 1620 1620
542 CONNECTION 172 144 -1 -1 1800 1800
543 CONNECTION 172 114 -1 -1 3420 3420
544 CONNECTION 172 59 -1 -1 3600 3600
545 CONNECTION 172 250 -1 -1 3600 3600
546 CONNECTION 172 6 300 3120 5220 5220
547 CONNECTION 172 198 300 3120 5220 5220
548 CONNECTION 172 85 300 3300 5400 5400
549 CONNECTION 172 31 300 4920 7020 7020
550 CONNECTION 172 226 300 5100 7200 7200
551 CONNECTION 172 147 300 5100 7200 7200
552 CONNECTION 223 224 -1 -1 1080 1080
553 CONNECTION 223 196 -1 -1 2340 2340
554 CONNECTION 223 5 -1 -1 3600 3600
555 CONNECTION 223 29 300 2040 4140 4140
556 CONNECTION 223 60 300 2580 4680 4680
557 CONNECTION 223 115 300 3840 5940 5940
558 CONNECTION 223 175 300 5100 7200 7200
559 CONNECTION 223 199 300 5640 7740 7740
560 CONNECTION 27 28 -1 -1 1620 1620
561 CONNECTION 27 144 -1 -1 1800 1800
562 CONNECTION 27 114 -1 -1 3420 3420
563 CONNECTION 27 59 -1 -1 3600 3600
564 CONNECTION 27 250 -1 -1 3600 3600
565 CONNECTION 27 6 300 3120 5220 5220
566 CONNECTION 27 198 300 3120 5220 5220
567 CONNECTION 27 85 300 3300 5400 5400
568 CONNECTION 27 31 300 4920 7020 7020
569 CONNECTION 27 226 300 5100 7200 7200
570 CONNECTION 27 147 300 5100 7200 7200
571 CONNECTION 82 83 -1 -1 1080 1080
572 CONNECTION 82 113 -1 -1 1800 1800
573 CONNECTION 82 4 -1 -1 2160 2160
574 CONNECTION 82 145 -1 -1 2880 2880
575 CONNECTION 82 197 -1 -1 3600 3600
576 CONNECTION 82 251 300 2580 4680 4680
577 CONNECTION 82 30 300 3300 5400 5400
578 CONNECTION 82 174 300 3660 5760 5760
579 CONNECTION 82 86 300 4380 6480 6480
580 CONNECTION 82 116 300 5100 7200 7200
581 SINK 82 1 -1 -1 0 0
582 CONNECTION 143 144 -1 -1 1260 1260
583 CONNECTION 143 114 -1 -1 2880 2880
584 CONNECTION 143 59 -1 -1 3060 3060
585 CONNECTION 143 250 -1 -1 3060 3060
586 CONNECTION 143 6 300 2580 4680 4680
587 CONNECTION 143 198 300 2580 4680 4680
588 CONNECTION 143 85 300 2760 4860 4860
589 CONNECTION 143 31 300 4380 6480 6480
590 CONNECTION 143 226 300 4560 6660 6660
591 CONNECTION 143 147 300 4560 6660 6660
592 CONNECTION 143 117 300 6180 8280 8280
593 CONNECTION 143 176 300 6180 8280 8280
594 CONNECTION 112 113 -1 -1 1260 1260
595 CONNECTION 112 4 -1 -1 1620 1620
596 CONNECTION 112 145 -1 -1 2340 2340
597 CONNECTION 112 197 -1 -1 3060 3060
598 CONNECTION 112 251 300 2040 4140 4140
599 CONNECTION 112 30 300 2760 4860 4860
600 CONNECTION 112 174 300 3120 5220 5220
601 CONNECTION 112 86 300 3840 5940 5940
602 CONNECTION 112 116 300 4560 6660 6660
603 CONNECTION 112 148 300 5640 7740 7740
604 SINK 112 1 -1 -1 0 0
605 CONNECTION 28 84 -1 -1 2520 2520
606 CONNECTION 28 225 -1 -1 4140 4140
607 CONNECTION 28 146 -1 -1 4320 4320
608 CONNECTION 28 252 300 4020 6120 6120
609 CONNECTION 28 61 300 5640 7740 7740
610 CONNECTION 28 87 300 5820 7920 7920
611 CONNECTION 83 5 -1 -1 2520 2520
612 CONNECTION 83 29 -1 -1 3060 3060
613 CONNECTION 83 60 -1 -1 3600 3600
614 CONNECTION 83 115 300 2760 4860 4860
615 CONNECTION 83 175 300 4020 6120 6120
616 CONNECTION 83 199 300 4560 6660 6660
617 CONNECTION 83 227 300 5100 7200 7200
618 CONNECTION 173 84 -1 -1 2520 2520
619 CONNECTION 173 225 -1 -1 4140 4140
620 CONNECTION 173 146 -1 -1 4320 4320
621 CONNECTION 173 252 300 4020 6120 6120
622 CONNECTION 173 61 300 5640 7740 7740
623 CONNECTION 173 87 300 5820 7920 7920
624 CONNECTION 224 145 -1 -1 1800 1800
625 CONNECTION 224 197 -1 -1 2520 2520
626 CONNECTION 224 251 -1 -1 3600 3600
627 CONNECTION 224 30 300 2220 4320 4320
628 CONNECTION 224 174 300 2580 4680 4680
629 CONNECTION 224 86 300 3300 5400 5400
630 CONNECTION 224 116 300 4020 6120 6120
631 CONNECTION 224 148 300 5100 7200 7200
632 CONNECTION 224 200 300 5820 7920 7920
633 SINK 224 1 -1 -1 0 0
634 CONNECTION 58 59 -1 -1 1440 1440
635 CONNECTION 58 6 -1 -1 3060 3060
636 CONNECTION 58 198 -1 -1 3060 3060
637 CONNECTION 58 85 -1 -1 3240 3240
638 CONNECTION 58 31 300 2760 4860 4860
639 CONNECTION 58 226 300 2940 5040 5040
640 CONNECTION 58 147 300 2940 5040 5040
641 CONNECTION 58 117 300 4560 6660 6660
642 CONNECTION 58 176 300 4560 6660 6660
643 CONNECTION 58 253 300 4740 6840 6840
644 CONNECTION 58 201 300 6360 8460 8460
645 CONNECTION 113 114 -1 -1 1620 1620
646 CONNECTION 113 250 -1 -1 1800 1800
647 CONNECTION 113 6 -1 -1 3420 3420
648 CONNECTION 113 198 -1 -1 3420 3420
649 CONNECTION 113 85 -1 -1 3600 3600
650 CONNECTION 113 31 300 3120 5220 5220
651 CONNECTION 113 226 300 3300 5400 5400
652 CONNECTION 113 147 300 3300 5400 5400
653 CONNECTION 113 117 300 4920 7020 7020
654 CONNECTION 113 176 300 4920 7020 7020
655 CONNECTION 113 253 300 5100 7200 7200
656 CONNECTION 144 145 -1 -1 1080 1080
657 CONNECTION 144 197 -1 -1 1800 1800
658 CONNECTION 144 251 -1 -1 2880 2880
659 CONNECTION 144 30 -1 -1 3600 3600
660 CONNECTION 144 174 -1 -1 3960 3960
661 CONNECTION 144 86 300 2580 4680 4680
662 CONNECTION 144 116 300 3300 5400 5400
663 CONNECTION 144 148 300 4380 6480 6480
664 CONNECTION 144 200 300 5100 7200 7200
665 CONNECTION 144 7 300 5460 7560 7560
666 SINK 144 1 -1 -1 0 0
667 CONNECTION 249 250 -1 -1 1260 1260
668 CONNECTION 249 6 -1 -1 2880 2880
669 CONNECTION 249 198 -1 -1 2880 2880
670 CONNECTION 249 85 -1 -1 3060 3060
671 CONNECTION 249 31 300 2580 4680 4680
672 CONNECTION 249 226 300 2760 4860 4860
673 CONNECTION 249 147 300 2760 4860 4860
674 CONNECTION 249 117 300 4380 6480 6480
675 CONNECTION 249 176 300 4380 6480 6480
676 CONNECTION 249 253 300 4560 6660 6660
677 CONNECTION 249 201 300 6180 8280 8280
678 CONNECTION 249 62 300 6360 8460 8460
679 CONNECTION 4 5 -1 -1 1440 1440
680 CONNECTION 4 29 -1 -1 1980 1980
681 CONNECTION 4 60 -1 -1 2520 2520
682 CONNECTION 4 115 -1 -1 3780 3780
683 CONNECTION 4 175 300 2940 5040 5040
684 CONNECTION 4 199 300 3480 5580 5580
685 CONNECTION 4 227 300 4020 6120 6120
686 CONNECTION 4 32 300 5280 7380 7380
687 CONNECTION 196 197 -1 -1 1260 1260
688 CONNECTION 196 251 -1 -1 2340 2340
689 CONNECTION 196 30 -1 -1 3060 3060
690 CONNECTION 196 174 -1 -1 3420 3420
691 CONNECTION 196 86 300 2040 4140 4140
692 CONNECTION 196 116 300 2760 4860 4860
693 CONNECTION 196 148 300 3840 5940 5940
694 CONNECTION 196 200 300 4560 6660 6660
695 CONNECTION 196 7 300 4920 7020 7020
696 CONNECTION 196 254 300 5640 7740 7740
697 SINK 196 1 -1 -1 0 0
698 CONNECTION 114 225 -1 -1 2340 2340
699 CONNECTION 114 146 -1 -1 2520 2520
700 CONNECTION 114 252 -1 -1 4320 4320
701 CONNECTION 114 61 300 3840 5940 5940
702 CONNECTION 114 87 300 4020 6120 6120
703 CONNECTION 114 149 300 5820 7920 7920
704 CONNECTION 145 60 -1 -1 1800 1800
705 CONNECTION 145 115 -1 -1 3060 3060
706 CONNECTION 145 175 -1 -1 4320 4320
707 CONNECTION 145 199 300 2760 4860 4860
708 CONNECTION 145 227 300 3300 5400 5400
709 CONNECTION 145 32 300 4560 6660 6660
710 CONNECTION 145 8 300 5820 7920 7920
711 CONNECTION 5 6 -1 -1 1620 1620
712 CONNECTION 5 85 -1 -1 1800 1800
713 CONNECTION 5 31 -1 -1 3420 3420
714 CONNECTION 5 226 -1 -1 3600 3600
715 CONNECTION 5 147 -1 -1 3600 3600
716 CONNECTION 5 117 300 3120 5220 5220
717 CONNECTION 5 176 300 3120 5220 5220
718 CONNECTION 5 253 300 3300 5400 5400
719 CONNECTION 5 201 300 4920 7020 7020
720 CONNECTION 5 62 300 5100 7200 7200
721 CONNECTION 5 88 300 5100 7200 7200
722 CONNECTION 59 60 -1 -1 1080 1080
723 CONNECTION 59 115 -1 -1 2340 2340
724 CONNECTION 59 175 -1 -1 3600 3600
725 CONNECTION 59 199 300 2040 4140 4140
726 CONNECTION 59 227 300 2580 4680 4680
727 CONNECTION 59 32 300 3840 5940 5940
728 CONNECTION 59 8 300 5100 7200 7200
729 CONNECTION 59 118 300 5640 7740 7740
730 CONNECTION 197 198 -1 -1 1620 1620
731 CONNECTION 197 85 -1 -1 1800 1800
732 CONNECTION 197 31 -1 -1 3420 3420
733 CONNECTION 197 226 -1 -1 3600 3600
734 CONNECTION 197 147 -1 -1 3600 3600
735 CONNECTION 197 117 300 3120 5220 5220
736 CONNECTION 197 176 300 3120 5220 5220
737 CONNECTION 197 253 300 3300 5400 5400
738 CONNECTION 197 201 300 4920 7020 7020
739 CONNECTION 197 62 300 5100 7200 7200
740 CONNECTION 197 88 300 5100 7200 7200
741 CONNECTION 250 251 -1 -1 1080 1080
742 CONNECTION 250 30 -1 -1 1800 1800
743 CONNECTION 250 174 -1 -1 2160 2160
744 CONNECTION 250 86 -1 -1 2880 2880
745 CONNECTION 250 116 -1 -1 3600 3600
746 CONNECTION 250 148 300 2580 4680 4680
747 CONNECTION 250 200 300 3300 5400 5400
748 CONNECTION 250 7 300 3660 5760 5760
749 CONNECTION 250 254 300 4380 6480 6480
750 CONNECTION 250 33 300 5100 7200 7200
751 SINK 250 1 -1 -1 0 0
752 CONNECTION 84 85 -1 -1 1260 1260
753 CONNECTION 84 31 -1 -1 2880 2880
754 CONNECTION 84 226 -1 -1 3060 3060
755 CONNECTION 84 147 -1 -1 3060 3060
756 CONNECTION 84 117 300 2580 4680 4680
757 CONNECTION 84 176 300 2580 4680 4680
758 CONNECTION 84 253 300 2760 4860 4860
759 CONNECTION 84 201 300 4380 6480 6480
760 CONNECTION 84 62 300 4560 6660 6660
761 CONNECTION 84 88 300 4560 6660 6660
762 CONNECTION 84 9 300 6180 8280 8280
763 CONNECTION 84 34 300 6180 8280 8280
764 CONNECTION 29 30 -1 -1 1260 1260
765 CONNECTION 29 174 -1 -1 1620 1620
766 CONNECTION 29 86 -1 -1 2340 2340
767 CONNECTION 29 116 -1 -1 3060 3060
768 CONNECTION 29 148 300 2040 4140 4140
769 CONNECTION 29 200 300 2760 4860 4860
770 CONNECTION 29 7 300 3120 5220 5220
771 CONNECTION 29 254 300 3840 5940 5940
772 CONNECTION 29 33 300 4560 6660 6660
773 CONNECTION 29 89 300 5640 7740 7740
774 SINK 29 1 -1 -1 0 0
775 CONNECTION 6 252 -1 -1 2520 2520
776 CONNECTION 6 61 -1 -1 4140 4140
777 CONNECTION 6 87 -1 -1 4320 4320
778 CONNECTION 6 149 300 4020 6120 6120
779 CONNECTION 6 228 300 5640 7740 7740
780 CONNECTION 6 255 300 5820 7920 7920
781 CONNECTION 60 86 -1 -1 1800 1800
782 CONNECTION 60 116 -1 -1 2520 2520
783 CONNECTION 60 148 -1 -1 3600 3600
784 CONNECTION 60 200 300 2220 4320 4320
785 CONNECTION 60 7 300 2580 4680 4680
786 CONNECTION 60 254 300 3300 5400 5400
787 CONNECTION 60 33 300 4020 6120 6120
788 CONNECTION 60 89 300 5100 7200 7200
789 CONNECTION 60 119 300 5820 7920 7920
790 SINK 60 1 -1 -1 0 0
791 CONNECTION 198 252 -1 -1 2520 2520
792 CONNECTION 198 61 -1 -1 4140 4140
793 CONNECTION 198 87 -1 -1 4320 4320
794 CONNECTION 198 149 300 4020 6120 6120
795 CONNECTION 198 228 300 5640 7740 7740
796 CONNECTION 198 255 300 5820 7920 7920
797 CONNECTION 251 175 -1 -1 2520 2520
798 CONNECTION 251 199 -1 -1 3060 3060
799 CONNECTION 251 227 -1 -1 3600 3600
800 CONNECTION 251 32 300 2760 4860 4860
801 CONNECTION 251 8 300 4020 6120 6120
802 CONNECTION 251 118 300 4560 6660 6660
803 CONNECTION 251 63 300 5100 7200 7200
804 CONNECTION 30 31 -1 -1 1620 1620
805 CONNECTION 30 147 -1 -1 1800 1800
806 CONNECTION 30 117 -1 -1 3420 3420
807 CONNECTION 30 176 -1 -1 3420 3420
808 CONNECTION 30 253 -1 -1 3600 3600
809 CONNECTION 30 201 300 3120 5220 5220
810 CONNECTION 30 62 300 3300 5400 5400
811 CONNECTION 30 88 300 3300 5400 5400
812 CONNECTION 30 9 300 4920 7020 7020
813 CONNECTION 30 34 300 4920 7020 7020
814 CONNECTION 30 150 300 5100 7200 7200
815 CONNECTION 85 86 -1 -1 1080 1080
816 CONNECTION 85 116 -1 -1 1800 1800
817 CONNECTION 85 148 -1 -1 2880 2880
818 CONNECTION 85 200 -1 -1 3600 3600
819 CONNECTION 85 7 -1 -1 3960 3960
820 CONNECTION 85 254 300 2580 4680 4680
821 CONNECTION 85 33 300 3300 5400 5400
822 CONNECTION 85 89 300 4380 6480 6480
823 CONNECTION 85 119 300 5100 7200 7200
824 CONNECTION 85 177 300 5460 7560 7560
825 SINK 85 1 -1 -1 0 0
826 CONNECTION 225 226 -1 -1 1440 1440
827 CONNECTION 225 117 -1 -1 3060 3060
828 CONNECTION 225 176 -1 -1 3060 3060
829 CONNECTION 225 253 -1 -1 3240 3240
830 CONNECTION 225 201 300 2760 4860 4860
831 CONNECTION 225 62 300 2940 5040 5040
832 CONNECTION 225 88 300 2940 5040 5040
833 CONNECTION 225 9 300 4560 6660 6660
834 CONNECTION 225 34 300 4560 6660 6660
835 CONNECTION 225 150 300 4740 6840 6840
836 CONNECTION 225 120 300 6360 8460 8460
837 CONNECTION 146 147 -1 -1 1260 1260
838 CONNECTION 146 117 -1 -1 2880 2880
839 CONNECTION 146 176 -1 -1 2880 2880
840 CONNECTION 146 253 -1 -1 3060 3060
841 CONNECTION 146 201 300 2580 4680 4680
842 CONNECTION 146 62 300 2760 4860 4860
843 CONNECTION 146 88 300 2760 4860 4860
844 CONNECTION 146 9 300 4380 6480 6480
845 CONNECTION 146 34 300 4380 6480 6480
846 CONNECTION 146 150 300 4560 6660 6660
847 CONNECTION 146 120 300 6180 8280 8280
848 CONNECTION 146 229 300 6360 8460 8460
849 CONNECTION 174 175 -1 -1 1440 1440
850 CONNECTION 174 199 -1 -1 1980 1980
851 CONNECTION 174 227 -1 -1 2520 2520
852 CONNECTION 174 32 -1 -1 3780 3780
853 CONNECTION 174 8 300 2940 5040 5040
854 CONNECTION 174 118 300 3480 5580 5580
855 CONNECTION 174 63 300 4020 6120 6120
856 CONNECTION 174 202 300 5280 7380 7380
857 CONNECTION 115 116 -1 -1 1260 1260
858 CONNECTION 115 148 -1 -1 2340 2340
859 CONNECTION 115 200 -1 -1 3060 3060
860 CONNECTION 115 7 -1 -1 3420 3420
861 CONNECTION 115 254 300 2040 4140 4140
862 CONNECTION 115 33 300 2760 4860 4860
863 CONNECTION 115 89 300 3840 5940 5940
864 CONNECTION 115 119 300 4560 6660 6660
865 CONNECTION 115 177 300 4920 7020 7020
866 CONNECTION 115 151 300 5640 7740 7740
867 SINK 115 1 -1 -1 0 0
868 CONNECTION 31 61 -1 -1 2340 2340
869 CONNECTION 31 87 -1 -1 2520 2520
870 CONNECTION 31 149 -1 -1 4320 4320
871 CONNECTION 31 228 300 3840 5940 5940
872 CONNECTION 31 255 300 4020 6120 6120
873 CONNECTION 31 90 300 5820 7920 7920
874 CONNECTION 86 227 -1 -1 1800 1800
875 CONNECTION 86 32 -1 -1 3060 3060
876 CONNECTION 86 8 -1 -1 4320 4320
877 CONNECTION 86 118 300 2760 4860 4860
878 CONNECTION 86 63 300 3300 5400 5400
879 CONNECTION 86 202 300 4560 6660 6660
880 CONNECTION 86 178 300 5820 7920 7920
881 CONNECTION 175 176 -1 -1 1620 1620
882 CONNECTION 175 253 -1 -1 1800 1800
883 CONNECTION 175 201 -1 -1 3420 3420
884 CONNECTION 175 62 -1 -1 3600 3600
885 CONNECTION 175 88 -1 -1 3600 3600
886 CONNECTION 175 9 300 3120 5220 5220
887 CONNECTION 175 34 300 3120 5220 5220
888 CONNECTION 175 150 300 3300 5400 5400
889 CONNECTION 175 120 300 4920 7020 7020
890 CONNECTION 175 229 300 5100 7200 7200
891 CONNECTION 175 256 300 5100 7200 7200
892 CONNECTION 226 227 -1 -1 1080 1080
893 CONNECTION 226 32 -1 -1 2340 2340
894 CONNECTION 226 8 -1 -1 3600 3600
895 CONNECTION 226 118 300 2040 4140 4140
896 CONNECTION 226 63 300 2580 4680 4680
897 CONNECTION 226 202 300 3840 5940 5940
898 CONNECTION 226 178 300 5100 7200 7200
899 CONNECTION 226 35 300 5640 7740 7740
900 CONNECTION 116 117 -1 -1 1620 1620
901 CONNECTION 116 253 -1 -1 1800 1800
902 CONNECTION 116 201 -1 -1 3420 3420
903 CONNECTION 116 62 -1 -1 3600 3600
904 CONNECTION 116 88 -1 -1 3600 3600
905 CONNECTION 116 9 300 3120 5220 5220
906 CONNECTION 116 34 300 3120 5220 5220
907 CONNECTION 116 150 300 3300 5400 5400
908 CONNECTION 116 120 300 4920 7020 7020
909 CONNECTION 116 229 300 5100 7200 7200
910 CONNECTION 116 256 300 5100 7200 7200
911 CONNECTION 147 148 -1 -1 1080 1080
912 CONNECTION 147 200 -1 -1 1800 1800
913 CONNECTION 147 7 -1 -1 2160 2160
914 CONNECTION 147 254 -1 -1 2880 2880
915 CONNECTION 147 33 -1 -1 3600 3600
916 CONNECTION 147 89 300 2580 4680 4680
917 CONNECTION 147 119 300 3300 5400 5400
918 CONNECTION 147 177 300 3660 5760 5760
919 CONNECTION 147 151 300 4380 6480 6480
920 CONNECTION 147 203 300 5100 7200 7200
921 SINK 147 1 -1 -1 0 0
922 CONNECTION 252 253 -1 -1 1260 1260
923 CONNECTION 252 201 -1 -1 2880 2880
924 CONNECTION 252 62 -1 -1 3060 3060
925 CONNECTION 252 88 -1 -1 3060 3060
926 CONNECTION 252 9 300 2580 4680 4680
927 CONNECTION 252 34 300 2580 4680 4680
928 CONNECTION 252 150 300 2760 4860 4860
929 CONNECTION 252 120 300 4380 6480 6480
930 CONNECTION 252 229 300 4560 6660 6660
931 CONNECTION 252 256 300 4560 6660 6660
932 CONNECTION 252 179 300 6180 8280 8280
933 CONNECTION 252 204 300 6180 8280 8280
934 CONNECTION 199 200 -1 -1 1260 1260
935 CONNECTION 199 7 -1 -1 1620 1620
936 CONNECTION 199 254 -1 -1 2340 2340
937 CONNECTION 199 33 -1 -1 3060 3060
938 CONNECTION 199 89 300 2040 4140 4140
939 CONNECTION 199 119 300 2760 4860 4860
940 CONNECTION 199 177 300 3120 5220 5220
941 CONNECTION 199 151 300 3840 5940 5940
942 CONNECTION 199 203 300 4560 6660 6660
943 CONNECTION 199 257 300 5640 7740 7740
944 SINK 199 1 -1 -1 0 0
945 CONNECTION 117 149 -1 -1 2520 2520
946 CONNECTION 117 228 -1 -1 4140 4140
947 CONNECTION 117 255 -1 -1 4320 4320
948 CONNECTION 117 90 300 4020 6120 6120
949 CONNECTION 117 64 300 5640 7740 7740
950 CONNECTION 117 152 300 5820 7920 7920
951 CONNECTION 148 8 -1 -1 2520 2520
952 CONNECTION 148 118 -1 -1 3060 3060
953 CONNECTION 148 63 -1 -1 3600 3600
954 CONNECTION 148 202 300 2760 4860 4860
955 CONNECTION 148 178 300 4020 6120 6120
956 CONNECTION 148 35 300 4560 6660 6660
957 CONNECTION 148 230 300 5100 7200 7200
958 CONNECTION 176 149 -1 -1 2520 2520
959 CONNECTION 176 228 -1 -1 4140 4140
960 CONNECTION 176 255 -1 -1 4320 4320
961 CONNECTION 176 90 300 4020 6120 6120
962 CONNECTION 176 64 300 5640 7740 7740
963 CONNECTION 176 152 300 5820 7920 7920
964 CONNECTION 227 254 -1 -1 1800 1800
965 CONNECTION 227 33 -1 -1 2520 2520
966 CONNECTION 227 89 -1 -1 3600 3600
967 CONNECTION 227 119 300 2220 4320 4320
968 CONNECTION 227 177 300 2580 4680 4680
969 CONNECTION 227 151 300 3300 5400 5400
970 CONNECTION 227 203 300 4020 6120 6120
971 CONNECTION 227 257 300 5100 7200 7200
972 CONNECTION 227 36 300 5820 7920 7920
973 SINK 227 1 -1 -1 0 0
974 CONNECTION 61 62 -1 -1 1440 1440
975 CONNECTION 61 9 -1 -1 3060 3060
976 CONNECTION 61 34 -1 -1 3060 3060
977 CONNECTION 61 150 -1 -1 3240 3240
978 CONNECTION 61 120 300 2760 4860 4860
979 CONNECTION 61 229 300 2940 5040 5040
980 CONNECTION 61 256 300 2940 5040 5040
981 CONNECTION 61 179 300 4560 6660 6660
982 CONNECTION 61 204 300 4560 6660 6660
983 CONNECTION 61 91 300 4740 6840 6840
984 CONNECTION 61 37 300 6360 8460 8460
985 CONNECTION 200 201 -1 -1 1620 1620
986 CONNECTION 200 88 -1 -1 1800 1800
987 CONNECTION 200 9 -1 -1 3420 3420
988 CONNECTION 200 34 -1 -1 3420 3420
989 CONNECTION 200 150 -1 -1 3600 3600
990 CONNECTION 200 120 300 3120 5220 5220
991 CONNECTION 200 229 300 3300 5400 5400
992 CONNECTION 200 256 300 3300 5400 5400
993 CONNECTION 200 179 300 4920 7020 7020
994 CONNECTION 200 204 300 4920 7020 7020
995 CONNECTION 200 91 300 5100 7200 7200
996 CONNECTION 253 254 -1 -1 1080 1080
997 CONNECTION 253 33 -1 -1 1800 1800
998 CONNECTION 253 89 -1 -1 2880 2880
999 CONNECTION 253 119 -1 -1 3600 3600
1000 CONNECTION 253 177 -1 -1 3960 3960
1001 CONNECTION 253 151 300 2580 4680 4680
1002 CONNECTION 253 203 300 3300 5400 5400
1003 CONNECTION 253 257 300 4380 6480 6480
1004 CONNECTION 253 36 300 5100 7200 7200
1005 CONNECTION 253 10 300 5460 7560 7560
1006 SINK 253 1 -1 -1 0 0
1007 CONNECTION 87 88 -1 -1 1260 1260
1008 CONNECTION 87 9 -1 -1 2880 2880
1009 CONNECTION 87 34 -1 -1 2880 2880
1010 CONNECTION 87 150 -1 -1 3060 3060
1011 CONNECTION 87 120 300 2580 4680 4680
1012 CONNECTION 87 229 300 2760 4860 4860
1013 CONNECTION 87 256 300 2760 4860 4860
1014 CONNECTION 87 179 300 4380 6480 6480
1015 CONNECTION 87 204 300 4380 6480 6480
1016 CONNECTION 87 91 300 4560 6660 6660
1017 CONNECTION 87 37 300 6180 8280 8280
1018 CONNECTION 87 65 300 6360 8460 8460
1019 CONNECTION 7 8 -1 -1 1440 1440
1020 CONNECTION 7 118 -1 -1 1980 1980
1021 CONNECTION 7 63 -1 -1 2520 2520
1022 CONNECTION 7 202 -1 -1 3780 3780
1023 CONNECTION 7 178 300 2940 5040 5040
1024 CONNECTION 7 35 300 3480 5580 5580
1025 CONNECTION 7 230 300 4020 6120 6120
1026 CONNECTION 7 121 300 5280 7380 7380
1027 CONNECTION 32 33 -1 -1 1260 1260
1028 CONNECTION 32 89 -1 -1 2340 2340
1029 CONNECTION 32 119 -1 -1 3060 3060
1030 CONNECTION 32 177 -1 -1 3420 3420
1031 CONNECTION 32 151 300 2040 4140 4140
1032 CONNECTION 32 203 300 2760 4860 4860
1033 CONNECTION 32 257 300 3840 5940 5940
1034 CONNECTION 32 36 300 4560 6660 6660
1035 CONNECTION 32 10 300 4920 7020 7020
1036 CONNECTION 32 92 300 5640 7740 7740
1037 SINK 32 1 -1 -1 0 0
1038 CONNECTION 201 228 -1 -1 2340 2340
1039 CONNECTION 201 255 -1 -1 2520 2520
1040 CONNECTION 201 90 -1 -1 4320 4320
1041 CONNECTION 201 64 300 3840 5940 5940
1042 CONNECTION 201 152 300 4020 6120 6120
1043 CONNECTION 201 258 300 5820 7920 7920
1044 CONNECTION 254 63 -1 -1 1800 1800
1045 CONNECTION 254 202 -1 -1 3060 3060
1046 CONNECTION 254 178 -1 -1 4320 4320
1047 CONNECTION 254 35 300 2760 4860 4860
1048 CONNECTION 254 230 300 3300 5400 5400
1049 CONNECTION 254 121 300 4560 6660 6660
1050 CONNECTION 254 11 300 5820 7920 7920
1051 CONNECTION 8 9 -1 -1 1620 1620
1052 CONNECTION 8 150 -1 -1 1800 1800
1053 CONNECTION 8 120 -1 -1 3420 3420
1054 CONNECTION 8 229 -1 -1 3600 3600
1055 CONNECTION 8 256 -1 -1 3600 3600
1056 CONNECTION 8 179 300 3120 5220 5220
1057 CONNECTION 8 204 300 3120 5220 5220
1058 CONNECTION 8 91 300 3300 5400 5400
1059 CONNECTION 8 37 300 4920 7020 7020
1060 CONNECTION 8 65 300 5100 7200 7200
1061 CONNECTION 8 153 300 5100 7200 7200
1062 CONNECTION 62 63 -1 -1 1080 1080
1063 CONNECTION 62 202 -1 -1 2340 2340
1064 CONNECTION 62 178 -1 -1 3600 3600
1065 CONNECTION 62 35 300 2040 4140 4140
1066 CONNECTION 62 230 300 2580 4680 4680
1067 CONNECTION 62 121 300 3840 5940 5940
1068 CONNECTION 62 11 300 5100 7200 7200
1069 CONNECTION 62 205 300 5640 7740 7740
1070 CONNECTION 33 34 -1 -1 1620 1620
1071 CONNECTION 33 150 -1 -1 1800 1800
1072 CONNECTION 33 120 -1 -1 3420 3420
1073 CONNECTION 33 229 -1 -1 3600 3600
1074 CONNECTION 33 256 -1 -1 3600 3600
1075 CONNECTION 33 179 300 3120 5220 5220
1076 CONNECTION 33 204 300 3120 5220 5220
1077 CONNECTION 33 91 300 3300 5400 5400
1078 CONNECTION 33 37 300 4920 7020 7020
1079 CONNECTION 33 65 300 5100 7200 7200
1080 CONNECTION 33 153 300 5100 7200 7200
1081 CONNECTION 88 89 -1 -1 1080 1080
1082 CONNECTION 88 119 -1 -1 1800 1800
1083 CONNECTION 88 177 -1 -1 2160 2160
1084 CONNECTION 88 151 -1 -1 2880 2880
1085 CONNECTION 88 203 -1 -1 3600 3600
1086 CONNECTION 88 257 300 2580 4680 4680
1087 CONNECTION 88 36 300 3300 5400 5400
1088 CONNECTION 88 10 300 3660 5760 5760
1089 CONNECTION 88 92 300 4380 6480 6480
1090 CONNECTION 88 122 300 5100 7200 7200
1091 SINK 88 1 -1 -1 0 0
1092 CONNECTION 149 150 -1 -1 1260 1260
1093 CONNECTION 149 120 -1 -1 2880 2880
1094 CONNECTION 149 229 -1 -1 3060 3060
1095 CONNECTION 149 256 -1 -1 3060 3060
1096 CONNECTION 149 179 300 2580 4680 4680
1097 CONNECTION 149 204 300 2580 4680 4680
1098 CONNECTION 149 91 300 2760 4860 4860
1099 CONNECTION 149 37 300 4380 6480 6480
1100 CONNECTION 149 65 300 4560 6660 6660
1101 CONNECTION 149 153 300 4560 6660 6660
1102 CONNECTION 149 12 300 6180 8280 8280
1103 CONNECTION 149 123 300 6180 8280 8280
1104 CONNECTION 118 119 -1 -1 1260 1260
1105 CONNECTION 118 177 -1 -1 1620 1620
1106 CONNECTION 118 151 -1 -1 2340 2340
1107 CONNECTION 118 203 -1 -1 3060 3060
1108 CONNECTION 118 257 300 2040 4140 4140
1109 CONNECTION 118 36 300 2760 4860 4860
1110 CONNECTION 118 10 300 3120 5220 5220
1111 CONNECTION 118 92 300 3840 5940 5940
1112 CONNECTION 118 122 300 4560 6660 6660
1113 CONNECTION 118 154 300 5640 7740 7740
1114 SINK 118 1 -1 -1 0 0
1115 CONNECTION 9 90 -1 -1 2520 2520
1116 CONNECTION 9 64 -1 -1 4140 4140
1117 CONNECTION 9 152 -1 -1 4320 4320
1118 CONNECTION 9 258 300 4020 6120 6120
1119 CONNECTION 9 231 300 5640 7740 7740
1120 CONNECTION 9 93 300 5820 7920 7920
1121 CONNECTION 34 90 -1 -1 2520 2520
1122 CONNECTION 34 64 -1 -1 4140 4140
1123 CONNECTION 34 152 -1 -1 4320 4320
1124 CONNECTION 34 258 300 4020 6120 6120
1125 CONNECTION 34 231 300 5640 7740 7740
1126 CONNECTION 34 93 300 5820 7920 7920
1127 CONNECTION 63 151 -1 -1 1800 1800
1128 CONNECTION 63 203 -1 -1 2520 2520
1129 CONNECTION 63 257 -1 -1 3600 3600
1130 CONNECTION 63 36 300 2220 4320 4320
1131 CONNECTION 63 10 300 2580 4680 4680
1132 CONNECTION 63 92 300 3300 5400 5400
1133 CONNECTION 63 122 300 4020 6120 6120
1134 CONNECTION 63 154 300 5100 7200 7200
1135 CONNECTION 63 206 300 5820 7920 7920
1136 SINK 63 1 -1 -1 0 0
1137 CONNECTION 89 178 -1 -1 2520 2520
1138 CONNECTION 89 35 -1 -1 3060 3060
1139 CONNECTION 89 230 -1 -1 3600 3600
1140 CONNECTION 89 121 300 2760 4860 4860
1141 CONNECTION 89 11 300 4020 6120 6120
1142 CONNECTION 89 205 300 4560 6660 6660
1143 CONNECTION 89 66 300 5100 7200 7200
1144 CONNECTION 119 120 -1 -1 1620 1620
1145 CONNECTION 119 256 -1 -1 1800 1800
1146 CONNECTION 119 179 -1 -1 3420 3420
1147 CONNECTION 119 204 -1 -1 3420 3420
1148 CONNECTION 119 91 -1 -1 3600 3600
1149 CONNECTION 119 37 300 3120 5220 5220
1150 CONNECTION 119 65 300 3300 5400 5400
1151 CONNECTION 119 153 300 3300 5400 5400
1152 CONNECTION 119 12 300 4920 7020 7020
1153 CONNECTION 119 123 300 4920 7020 7020
1154 CONNECTION 119 259 300 5100 7200 7200
1155 CONNECTION 150 151 -1 -1 1080 1080
1156 CONNECTION 150 203 -1 -1 1800 1800
1157 CONNECTION 150 257 -1 -1 2880 2880
1158 CONNECTION 150 36 -1 -1 3600 3600
1159 CONNECTION 150 10 -1 -1 3960 3960
1160 CONNECTION 150 92 300 2580 4680 4680
1161 CONNECTION 150 122 300 3300 5400 5400
1162 CONNECTION 150 154 300 4380 6480 6480
1163 CONNECTION 150 206 300 5100 7200 7200
1164 CONNECTION 150 180 300 5460 7560 7560
1165 SINK 150 1 -1 -1 0 0
1166 CONNECTION 228 229 -1 -1 1440 1440
1167 CONNECTION 228 179 -1 -1 3060 3060
1168 CONNECTION 228 204 -1 -1 3060 3060
1169 CONNECTION 228 91 -1 -1 3240 3240
1170 CONNECTION 228 37 300 2760 4860 4860
1171 CONNECTION 228 65 300 2940 5040 5040
1172 CONNECTION 228 153 300 2940 5040 5040
1173 CONNECTION 228 12 300 4560 6660 6660
1174 CONNECTION 228 123 300 4560 6660 6660
1175 CONNECTION 228 259 300 4740 6840 6840
1176 CONNECTION 228 207 300 6360 8460 8460
1177 CONNECTION 255 256 -1 -1 1260 1260
1178 CONNECTION 255 179 -1 -1 2880 2880
1179 CONNECTION 255 204 -1 -1 2880 2880
1180 CONNECTION 255 91 -1 -1 3060 3060
1181 CONNECTION 255 37 300 2580 4680 4680
1182 CONNECTION 255 65 300 2760 4860 4860
1183 CONNECTION 255 153 300 2760 4860 4860
1184 CONNECTION 255 12 300 4380 6480 6480
1185 CONNECTION 255 123 300 4380 6480 6480
1186 CONNECTION 255 259 300 4560 6660 6660
1187 CONNECTION 255 207 300 6180 8280 8280
1188 CONNECTION 255 232 300 6360 8460 8460
1189 CONNECTION 177 178 -1 -1 1440 1440
1190 CONNECTION 177 35 -1 -1 1980 1980
1191 CONNECTION 177 230 -1 -1 2520 2520
1192 CONNECTION 177 121 -1 -1 3780 3780
1193 CONNECTION 177 11 300 2940 5040 5040
1194 CONNECTION 177 205 300 3480 5580 5580
1195 CONNECTION 177 66 300 4020 6120 6120
1196 CONNECTION 177 38 300 5280 7380 7380
1197 CONNECTION 202 203 -1 -1 1260 1260
1198 CONNECTION 202 257 -1 -1 2340 2340
1199 CONNECTION 202 36 -1 -1 3060 3060
1200 CONNECTION 202 10 -1 -1 3420 3420
1201 CONNECTION 202 92 300 2040 4140 4140
1202 CONNECTION 202 122 300 2760 4860 4860
1203 CONNECTION 202 154 300 3840 5940 5940
1204 CONNECTION 202 206 300 4560 6660 6660
1205 CONNECTION 202 180 300 4920 7020 7020
1206 CONNECTION 202 260 300 5640 7740 7740
1207 SINK 202 1 -1 -1 0 0
1208 CONNECTION 120 64 -1 -1 2340 2340
1209 CONNECTION 120 152 -1 -1 2520 2520
1210 CONNECTION 120 258 -1 -1 4320 4320
1211 CONNECTION 120 231 300 3840 5940 5940
1212 CONNECTION 120 93 300 4020 6120 6120
1213 CONNECTION 120 155 300 5820 7920 7920
1214 CONNECTION 151 230 -1 -1 1800 1800
1215 CONNECTION 151 121 -1 -1 3060 3060
1216 CONNECTION 151 11 -1 -1 4320 4320
1217 CONNECTION 151 205 300 2760 4860 4860
1218 CONNECTION 151 66 300 3300 5400 5400
1219 CONNECTION 151 38 300 4560 6660 6660
1220 CONNECTION 151 181 300 5820 7920 7920
1221 CONNECTION 178 179 -1 -1 1620 1620
1222 CONNECTION 178 91 -1 -1 1800 1800
1223 CONNECTION 178 37 -1 -1 3420 3420
1224 CONNECTION 178 65 -1 -1 3600 3600
1225 CONNECTION 178 153 -1 -1 3600 3600
1226 CONNECTION 178 12 300 3120 5220 5220
1227 CONNECTION 178 123 300 3120 5220 5220
1228 CONNECTION 178 259 300 3300 5400 5400
1229 CONNECTION 178 207 300 4920 7020 7020
1230 CONNECTION 178 232 300 5100 7200 7200
1231 CONNECTION 178 94 300 5100 7200 7200
1232 CONNECTION 229 230 -1 -1 1080 1080
1233 CONNECTION 229 121 -1 -1 2340 2340
1234 CONNECTION 229 11 -1 -1 3600 3600
1235 CONNECTION 229 205 300 2040 4140 4140
1236 CONNECTION 229 66 300 2580 4680 4680
1237 CONNECTION 229 38 300 3840 5940 5940
1238 CONNECTION 229 181 300 5100 7200 7200
1239 CONNECTION 229 124 300 5640 7740 7740
1240 CONNECTION 203 204 -1 -1 1620 1620
1241 CONNECTION 203 91 -1 -1 1800 1800
1242 CONNECTION 203 37 -1 -1 3420 3420
1243 CONNECTION 203 65 -1 -1 3600 3600
1244 CONNECTION 203 153 -1 -1 3600 3600
1245 CONNECTION 203 12 300 3120 5220 5220
1246 CONNECTION 203 123 300 3120 5220 5220
1247 CONNECTION 203 259 300 3300 5400 5400
1248 CONNECTION 203 207 300 4920 7020 7020
1249 CONNECTION 203 232 300 5100 7200 7200
1250 CONNECTION 203 94 300 5100 7200 7200
1251 CONNECTION 256 257 -1 -1 1080 1080
1252 CONNECTION 256 36 -1 -1 1800 1800
1253 CONNECTION 256 10 -1 -1 2160 2160
1254 CONNECTION 256 92 -1 -1 2880 2880
1255 CONNECTION 256 122 -1 -1 3600 3600
1256 CONNECTION 256 154 300 2580 4680 4680
1257 CONNECTION 256 206 300 3300 5400 5400
1258 CONNECTION 256 180 300 3660 5760 5760
1259 CONNECTION 256 260 300 4380 6480 6480
1260 CONNECTION 256 39 300 5100 7200 7200
1261 SINK 256 1 -1 -1 0 0
1262 CONNECTION 90 91 -1 -1 1260 1260
1263 CONNECTION 90 37 -1 -1 2880 2880
1264 CONNECTION 90 65 -1 -1 3060 3060
1265 CONNECTION 90 153 -1 -1 3060 3060
1266 CONNECTION 90 12 300 2580 4680 4680
1267 CONNECTION 90 123 300 2580 4680 4680
1268 CONNECTION 90 259 300 2760 4860 4860
1269 CONNECTION 90 207 300 4380 6480 6480
1270 CONNECTION 90 232 300 4560 6660 6660
1271 CONNECTION 90 94 300 4560 6660 6660
1272 CONNECTION 90 40 300 6180 8280 8280
1273 CONNECTION 90 182 300 6180 8280 8280
1274 CONNECTION 35 36 -1 -1 1260 1260
1275 CONNECTION 35 10 -1 -1 1620 1620
1276 CONNECTION 35 92 -1 -1 2340 2340
1277 CONNECTION 35 122 -1 -1 3060 3060
1278 CONNECTION 35 154 300 2040 4140 4140
1279 CONNECTION 35 206 300 2760 4860 4860
1280 CONNECTION 35 180 300 3120 5220 5220
1281 CONNECTION 35 260 300 3840 5940 5940
1282 CONNECTION 35 39 300 4560 6660 6660
1283 CONNECTION 35 95 300 5640 7740 7740
1284 SINK 35 1 -1 -1 0 0
1285 CONNECTION 179 258 -1 -1 2520 2520
1286 CONNECTION 179 231 -1 -1 4140 4140
1287 CONNECTION 179 93 -1 -1 4320 4320
1288 CONNECTION 179 155 300 4020 6120 6120
1289 CONNECTION 179 67 300 5640 7740 7740
1290 CONNECTION 179 261 300 5820 7920 7920
1291 CONNECTION 204 258 -1 -1 2520 2520
1292 CONNECTION 204 231 -1 -1 4140 4140
1293 CONNECTION 204 93 -1 -1 4320 4320
1294 CONNECTION 204 155 300 4020 6120 6120
1295 CONNECTION 204 67 300 5640 7740 7740
1296 CONNECTION 204 261 300 5820 7920 7920
1297 CONNECTION 230 92 -1 -1 1800 1800
1298 CONNECTION 230 122 -1 -1 2520 2520
1299 CONNECTION 230 154 -1 -1 3600 3600
1300 CONNECTION 230 206 300 2220 4320 4320
1301 CONNECTION 230 180 300 2580 4680 4680
1302 CONNECTION 230 260 300 3300 5400 5400
1303 CONNECTION 230 39 300 4020 6120 6120
1304 CONNECTION 230 95 300 5100 7200 7200
1305 CONNECTION 230 125 300 5820 7920 7920
1306 SINK 230 1 -1 -1 0 0
1307 CONNECTION 257 11 -1 -1 2520 2520
1308 CONNECTION 257 205 -1 -1 3060 3060
1309 CONNECTION 257 66 -1 -1 3600 3600
1310 CONNECTION 257 38 300 2760 4860 4860
1311 CONNECTION 257 181 300 4020 6120 6120
1312 CONNECTION 257 124 300 4560 6660 6660
1313 CONNECTION 257 233 300 5100 7200 7200
1314 CONNECTION 36 37 -1 -1 1620 1620
1315 CONNECTION 36 153 -1 -1 1800 1800
1316 CONNECTION 36 12 -1 -1 3420 3420
1317 CONNECTION 36 123 -1 -1 3420 3420
1318 CONNECTION 36 259 -1 -1 3600 3600
1319 CONNECTION 36 207 300 3120 5220 5220
1320 CONNECTION 36 232 300 3300 5400 5400
1321 CONNECTION 36 94 300 3300 5400 5400
1322 CONNECTION 36 40 300 4920 7020 7020
1323 CONNECTION 36 182 300 4920 7020 7020
1324 CONNECTION 36 156 300 5100 7200 7200
1325 CONNECTION 64 65 -1 -1 1440 1440
1326 CONNECTION 64 12 -1 -1 3060 3060
1327 CONNECTION 64 123 -1 -1 3060 3060
1328 CONNECTION 64 259 -1 -1 3240 3240
1329 CONNECTION 64 207 300 2760 4860 4860
1330 CONNECTION 64 232 300 2940 5040 5040
1331 CONNECTION 64 94 300 2940 5040 5040
1332 CONNECTION 64 40 300 4560 6660 6660
1333 CONNECTION 64 182 300 4560 6660 6660
1334 CONNECTION 64 156 300 4740 6840 6840
1335 CONNECTION 64 126 300 6360 8460 8460
1336 CONNECTION 91 92 -1 -1 1080 1080
1337 CONNECTION 91 122 -1 -1 1800 1800
1338 CONNECTION 91 154 -1 -1 2880 2880
1339 CONNECTION 91 206 -1 -1 3600 3600
1340 CONNECTION 91 180 -1 -1 3960 3960
1341 CONNECTION 91 260 300 2580 4680 4680
1342 CONNECTION 91 39 300 3300 5400 5400
1343 CONNECTION 91 95 300 4380 6480 6480
1344 CONNECTION 91 125 300 5100 7200 7200
1345 CONNECTION 91 13 300 5460 7560 7560
1346 SINK 91 1 -1 -1 0 0
1347 CONNECTION 152 153 -1 -1 1260 1260
1348 CONNECTION 152 12 -1 -1 2880 2880
1349 CONNECTION 152 123 -1 -1 2880 2880
1350 CONNECTION 152 259 -1 -1 3060 3060
1351 CONNECTION 152 207 300 2580 4680 4680
1352 CONNECTION 152 232 300 2760 4860 4860
1353 CONNECTION 152 94 300 2760 4860 4860
1354 CONNECTION 152 40 300 4380 6480 6480
1355 CONNECTION 152 182 300 4380 6480 6480
1356 CONNECTION 152 156 300 4560 6660 6660
1357 CONNECTION 152 126 300 6180 8280 8280
1358 CONNECTION 152 68 300 6360 8460 8460
1359 CONNECTION 10 11 -1 -1 1440 1440
1360 CONNECTION 10 205 -1 -1 1980 1980
1361 CONNECTION 10 66 -1 -1 2520 2520
1362 CONNECTION 10 38 -1 -1 3780 3780
1363 CONNECTION 10 181 300 2940 5040 5040
1364 CONNECTION 10 124 300 3480 5580 5580
1365 CONNECTION 10 233 300 4020 6120 6120
1366 CONNECTION 10 208 300 5280 7380 7380
1367 CONNECTION 121 122 -1 -1 1260 1260
1368 CONNECTION 121 154 -1 -1 2340 2340
1369 CONNECTION 121 206 -1 -1 3060 3060
1370 CONNECTION 121 180 -1 -1 3420 3420
1371 CONNECTION 121 260 300 2040 4140 4140
1372 CONNECTION 121 39 300 2760 4860 4860
1373 CONNECTION 121 95 300 3840 5940 5940
1374 CONNECTION 121 125 300 4560 6660 6660
1375 CONNECTION 121 13 300 4920 7020 7020
1376 CONNECTION 121 157 300 5640 7740 7740
1377 SINK 121 1 -1 -1 0 0
1378 CONNECTION 37 231 -1 -1 2340 2340
1379 CONNECTION 37 93 -1 -1 2520 2520
1380 CONNECTION 37 155 -1 -1 4320 4320
1381 CONNECTION 37 67 300 3840 5940 5940
1382 CONNECTION 37 261 300 4020 6120 6120
1383 CONNECTION 37 96 300 5820 7920 7920
1384 CONNECTION 92 66 -1 -1 1800 1800
1385 CONNECTION 92 38 -1 -1 3060 3060
1386 CONNECTION 92 181 -1 -1 4320 4320
1387 CONNECTION 92 124 300 2760 4860 4860
1388 CONNECTION 92 233 300 3300 5400 5400
1389 CONNECTION 92 208 300 4560 6660 6660
1390 CONNECTION 92 14 300 5820 7920 7920
1391 CONNECTION 11 12 -1 -1 1620 1620
1392 CONNECTION 11 259 -1 -1 1800 1800
1393 CONNECTION 11 207 -1 -1 3420 3420
1394 CONNECTION 11 232 -1 -1 3600 3600
1395 CONNECTION 11 94 -1 -1 3600 3600
1396 CONNECTION 11 40 300 3120 5220 5220
1397 CONNECTION 11 182 300 3120 5220 5220
1398 CONNECTION 11 156 300 3300 5400 5400
1399 CONNECTION 11 126 300 4920 7020 7020
1400 CONNECTION 11 68 300 5100 7200 7200
1401 CONNECTION 11 262 300 5100 7200 7200
1402 CONNECTION 65 66 -1 -1 1080 1080
1403 CONNECTION 65 38 -1 -1 2340 2340
1404 CONNECTION 65 181 -1 -1 3600 3600
1405 CONNECTION 65 124 300 2040 4140 4140
1406 CONNECTION 65 233 300 2580 4680 4680
1407 CONNECTION 65 208 300 3840 5940 5940
1408 CONNECTION 65 14 300 5100 7200 7200
1409 CONNECTION 65 41 300 5640 7740 7740
1410 CONNECTION 122 123 -1 -1 1620 1620
1411 CONNECTION 122 259 -1 -1 1800 1800
1412 CONNECTION 122 207 -1 -1 3420 3420
1413 CONNECTION 122 232 -1 -1 3600 3600
1414 CONNECTION 122 94 -1 -1 3600 3600
1415 CONNECTION 122 40 300 3120 5220 5220
1416 CONNECTION 122 182 300 3120 5220 5220
1417 CONNECTION 122 156 300 3300 5400 5400
1418 CONNECTION 122 126 300 4920 7020 7020
1419 CONNECTION 122 68 300 5100 7200 7200
1420 CONNECTION 122 262 300 5100 7200 7200
1421 CONNECTION 153 154 -1 -1 1080 1080
1422 CONNECTION 153 206 -1 -1 1800 1800
1423 CONNECTION 153 180 -1 -1 2160 2160
1424 CONNECTION 153 260 -1 -1 2880 2880
1425 CONNECTION 153 39 -1 -1 3600 3600
1426 CONNECTION 153 95 300 2580 4680 4680
1427 CONNECTION 153 125 300 3300 5400 5400
1428 CONNECTION 153 13 300 3660 5760 5760
1429 CONNECTION 153 157 300 4380 6480 6480
1430 CONNECTION 153 209 300 5100 7200 7200
1431 SINK 153 1 -1 -1 0 0
1432 CONNECTION 258 259 -1 -1 1260 1260
1433 CONNECTION 258 207 -1 -1 2880 2880
1434 CONNECTION 258 232 -1 -1 3060 3060
1435 CONNECTION 258 94 -1 -1 3060 3060
1436 CONNECTION 258 40 300 2580 4680 4680
1437 CONNECTION 258 182 300 2580 4680 4680
1438 CONNECTION 258 156 300 2760 4860 4860
1439 CONNECTION 258 126 300 4380 6480 6480
1440 CONNECTION 258 68 300 4560 6660 6660
1441 CONNECTION 258 262 300 4560 6660 6660
1442 CONNECTION 258 15 300 6180 8280 8280
1443 CONNECTION 258 210 300 6180 8280 8280
1444 CONNECTION 205 206 -1 -1 1260 1260
1445 CONNECTION 205 180 -1 -1 1620 1620
1446 CONNECTION 205 260 -1 -1 2340 2340
1447 CONNECTION 205 39 -1 -1 3060 3060
1448 CONNECTION 205 95 300 2040 4140 4140
1449 CONNECTION 205 125 300 2760 4860 4860
1450 CONNECTION 205 13 300 3120 5220 5220
1451 CONNECTION 205 157 300 3840 5940 5940
1452 CONNECTION 205 209 300 4560 6660 6660
1453 CONNECTION 205 263 300 5640 7740 7740
1454 SINK 205 1 -1 -1 0 0
1455 CONNECTION 12 155 -1 -1 2520 2520
1456 CONNECTION 12 67 -1 -1 4140 4140
1457 CONNECTION 12 261 -1 -1 4320 4320
1458 CONNECTION 12 96 300 4020 6120 6120
1459 CONNECTION 12 234 300 5640 7740 7740
1460 CONNECTION 12 158 300 5820 7920 7920
1461 CONNECTION 66 260 -1 -1 1800 1800
1462 CONNECTION 66 39 -1 -1 2520 2520
1463 CONNECTION 66 95 -1 -1 3600 3600
1464 CONNECTION 66 125 300 2220 4320 4320
1465 CONNECTION 66 13 300 2580 4680 4680
1466 CONNECTION 66 157 300 3300 5400 5400
1467 CONNECTION 66 209 300 4020 6120 6120
1468 CONNECTION 66 263 300 5100 7200 7200
1469 CONNECTION 66 42 300 5820 7920 7920
1470 SINK 66 1 -1 -1 0 0
1471 CONNECTION 123 155 -1 -1 2520 2520
1472 CONNECTION 123 67 -1 -1 4140 4140
1473 CONNECTION 123 261 -1 -1 4320 4320
1474 CONNECTION 123 96 300 4020 6120 6120
1475 CONNECTION 123 234 300 5640 7740 7740
1476 CONNECTION 123 158 300 5820 7920 7920
1477 CONNECTION 154 181 -1 -1 2520 2520
1478 CONNECTION 154 124 -1 -1 3060 3060
1479 CONNECTION 154 233 -1 -1 3600 3600
1480 CONNECTION 154 208 300 2760 4860 4860
1481 CONNECTION 154 14 300 4020 6120 6120
1482 CONNECTION 154 41 300 4560 6660 6660
1483 CONNECTION 154 69 300 5100 7200 7200
1484 CONNECTION 206 207 -1 -1 1620 1620
1485 CONNECTION 206 94 -1 -1 1800 1800
1486 CONNECTION 206 40 -1 -1 3420 3420
1487 CONNECTION 206 182 -1 -1 3420 3420
1488 CONNECTION 206 156 -1 -1 3600 3600
1489 CONNECTION 206 126 300 3120 5220 5220
1490 CONNECTION 206 68 300 3300 5400 5400
1491 CONNECTION 206 262 300 3300 5400 5400
1492 CONNECTION 206 15 300 4920 7020 7020
1493 CONNECTION 206 210 300 4920 7020 7020
1494 CONNECTION 206 97 300 5100 7200 7200
1495 CONNECTION 231 232 -1 -1 1440 1440
1496 CONNECTION 231 40 -1 -1 3060 3060
1497 CONNECTION 231 182 -1 -1 3060 3060
1498 CONNECTION 231 156 -1 -1 3240 3240
1499 CONNECTION 231 126 300 2760 4860 4860
1500 CONNECTION 231 68 300 2940 5040 5040
1501 CONNECTION 231 262 300 2940 5040 5040
1502 CONNECTION 231 15 300 4560 6660 6660
1503 CONNECTION 231 210 300 4560 6660 6660
1504 CONNECTION 231 97 300 4740 6840 6840
1505 CONNECTION 231 43 300 6360 8460 8460
1506 CONNECTION 259 260 -1 -1 1080 1080
1507 CONNECTION 259 39 -1 -1 1800 1800
1508 CONNECTION 259 95 -1 -1 2880 2880
1509 CONNECTION 259 125 -1 -1 3600 3600
1510 CONNECTION 259 13 -1 -1 3960 3960
1511 CONNECTION 259 157 300 2580 4680 4680
1512 CONNECTION 259 209 300 3300 5400 5400
1513 CONNECTION 259 263 300 4380 6480 6480
1514 CONNECTION 259 42 300 5100 7200 7200
1515 CONNECTION 259 183 300 5460 7560 7560
1516 SINK 259 1 -1 -1 0 0
1517 CONNECTION 93 94 -1 -1 1260 1260
1518 CONNECTION 93 40 -1 -1 2880 2880
1519 CONNECTION 93 182 -1 -1 2880 2880
1520 CONNECTION 93 156 -1 -1 3060 3060
1521 CONNECTION 93 126 300 2580 4680 4680
1522 CONNECTION 93 68 300 2760 4860 4860
1523 CONNECTION 93 262 300 2760 4860 4860
1524 CONNECTION 93 15 300 4380 6480 6480
1525 CONNECTION 93 210 300 4380 6480 6480
1526 CONNECTION 93 97 300 4560 6660 6660
1527 CONNECTION 93 43 300 6180 8280 8280
1528 CONNECTION 93 235 300 6360 8460 8460
1529 CONNECTION 180 181 -1 -1 1440 1440
1530 CONNECTION 180 124 -1 -1 1980 1980
1531 CONNECTION 180 233 -1 -1 2520 2520
1532 CONNECTION 180 208 -1 -1 3780 3780
1533 CONNECTION 180 14 300 2940 5040 5040
1534 CONNECTION 180 41 300 3480 5580 5580
1535 CONNECTION 180 69 300 4020 6120 6120
1536 CONNECTION 180 127 300 5280 7380 7380
1537 CONNECTION 38 39 -1 -1 1260 1260
1538 CONNECTION 38 95 -1 -1 2340 2340
1539 CONNECTION 38 125 -1 -1 3060 3060
1540 CONNECTION 38 13 -1 -1 3420 3420
1541 CONNECTION 38 157 300 2040 4140 4140
1542 CONNECTION 38 209 300 2760 4860 4860
1543 CONNECTION 38 263 300 3840 5940 5940
1544 CONNECTION 38 42 300 4560 6660 6660
1545 CONNECTION 38 183 300 4920 7020 7020
1546 CONNECTION 38 98 300 5640 7740 7740
1547 SINK 38 1 -1 -1 0 0
1548 CONNECTION 207 67 -1 -1 2340 2340
1549 CONNECTION 207 261 -1 -1 2520 2520
1550 CONNECTION 207 96 -1 -1 4320 4320
1551 CONNECTION 207 234 300 3840 5940 5940
1552 CONNECTION 207 158 300 4020 6120 6120
1553 CONNECTION 207 264 300 5820 7920 7920
1554 CONNECTION 260 233 -1 -1 1800 1800
1555 CONNECTION 260 208 -1 -1 3060 3060
1556 CONNECTION 260 14 -1 -1 4320 4320
1557 CONNECTION 260 41 300 2760 4860 4860
1558 CONNECTION 260 69 300 3300 5400 5400
1559 CONNECTION 260 127 300 4560 6660 6660
1560 CONNECTION 260 184 300 5820 7920 7920
1561 CONNECTION 181 182 -1 -1 1620 1620
1562 CONNECTION 181 156 -1 -1 1800 1800
1563 CONNECTION 181 126 -1 -1 3420 3420
1564 CONNECTION 181 68 -1 -1 3600 3600
1565 CONNECTION 181 262 -1 -1 3600 3600
1566 CONNECTION 181 15 300 3120 5220 5220
1567 CONNECTION 181 210 300 3120 5220 5220
1568 CONNECTION 181 97 300 3300 5400 5400
1569 CONNECTION 181 43 300 4920 7020 7020
1570 CONNECTION 181 235 300 5100 7200 7200
1571 CONNECTION 181 159 300 5100 7200 7200
1572 CONNECTION 232 233 -1 -1 1080 1080
1573 CONNECTION 232 208 -1 -1 2340 2340
1574 CONNECTION 232 14 -1 -1 3600 3600
1575 CONNECTION 232 41 300 2040 4140 4140
1576 CONNECTION 232 69 300 2580 4680 4680
1577 CONNECTION 232 127 300 3840 5940 5940
1578 CONNECTION 232 184 300 5100 7200 7200
1579 CONNECTION 232 211 300 5640 7740 7740
1580 CONNECTION 39 40 -1 -1 1620 1620
1581 CONNECTION 39 156 -1 -1 1800 1800
1582 CONNECTION 39 126 -1 -1 3420 3420
1583 CONNECTION 39 68 -1 -1 3600 3600
1584 CONNECTION 39 262 -1 -1 3600 3600
1585 CONNECTION 39 15 300 3120 5220 5220
1586 CONNECTION 39 210 300 3120 5220 5220
1587 CONNECTION 39 97 300 3300 5400 5400
1588 CONNECTION 39 43 300 4920 7020 7020
1589 CONNECTION 39 235 300 5100 7200 7200
1590 CONNECTION 39 159 300 5100 7200 7200
1591 CONNECTION 94 95 -1 -1 1080 1080
1592 CONNECTION 94 125 -1 -1 1800 1800
1593 CONNECTION 94 13 -1 -1 2160 2160
1594 CONNECTION 94 157 -1 -1 2880 2880
1595 CONNECTION 94 209 -1 -1 3600 3600
1596 CONNECTION 94 263 300 2580 4680 4680
1597 CONNECTION 94 42 300 3300 5400 5400
1598 CONNECTION 94 183 300 3660 5760 5760
1599 CONNECTION 94 98 300 4380 6480 6480
1600 CONNECTION 94 128 300 5100 7200 7200
1601 SINK 94 1 -1 -1 0 0
1602 CONNECTION 155 156 -1 -1 1260 1260
1603 CONNECTION 155 126 -1 -1 2880 2880
1604 CONNECTION 155 68 -1 -1 3060 3060
1605 CONNECTION 155 262 -1 -1 3060 3060
1606 CONNECTION 155 15 300 2580 4680 4680
1607 CONNECTION 155 210 300 2580 4680 4680
1608 CONNECTION 155 97 300 2760 4860 4860
1609 CONNECTION 155 43 300 4380 6480 6480
1610 CONNECTION 155 235 300 4560 6660 6660
1611 CONNECTION 155 159 300 4560 6660 6660
1612 CONNECTION 155 129 300 6180 8280 8280
1613 CONNECTION 155 185 300 6180 8280 8280
1614 CONNECTION 124 125 -1 -1 1260 1260
1615 CONNECTION 124 13 -1 -1 1620 1620
1616 CONNECTION 124 157 -1 -1 2340 2340
1617 CONNECTION 124 209 -1 -1 3060 3060
1618 CONNECTION 124 263 300 2040 4140 4140
1619 CONNECTION 124 42 300 2760 4860 4860
1620 CONNECTION 124 183 300 3120 5220 5220
1621 CONNECTION 124 98 300 3840 5940 5940
1622 CONNECTION 124 128 300 4560 6660 6660
1623 CONNECTION 124 160 300 5640 7740 7740
1624 SINK 124 1 -1 -1 0 0
1625 CONNECTION 40 96 -1 -1 2520 2520
1626 CONNECTION 40 234 -1 -1 4140 4140
1627 CONNECTION 40 158 -1 -1 4320 4320
1628 CONNECTION 40 264 300 4020 6120 6120
1629 CONNECTION 40 70 300 5640 7740 7740
1630 CONNECTION 40 99 300 5820 7920 7920
1631 CONNECTION 95 14 -1 -1 2520 2520
1632 CONNECTION 95 41 -1 -1 3060 3060
1633 CONNECTION 95 69 -1 -1 3600 3600
1634 CONNECTION 95 127 300 2760 4860 4860
1635 CONNECTION 95 184 300 4020 6120 6120
1636 CONNECTION 95 211 300 4560 6660 6660
1637 CONNECTION 95 236 300 5100 7200 7200
1638 CONNECTION 182 96 -1 -1 2520 2520
1639 CONNECTION 182 234 -1 -1 4140 4140
1640 CONNECTION 182 158 -1 -1 4320 4320
1641 CONNECTION 182 264 300 4020 6120 6120
1642 CONNECTION 182 70 300 5640 7740 7740
1643 CONNECTION 182 99 300 5820 7920 7920
1644 CONNECTION 233 157 -1 -1 1800 1800
1645 CONNECTION 233 209 -1 -1 2520 2520
1646 CONNECTION 233 263 -1 -1 3600 3600
1647 CONNECTION 233 42 300 2220 4320 4320
1648 CONNECTION 233 183 300 2580 4680 4680
1649 CONNECTION 233 98 300 3300 5400 5400
1650 CONNECTION 233 128 300 4020 6120 6120
1651 CONNECTION 233 160 300 5100 7200 7200
1652 CONNECTION 233 212 300 5820 7920 7920
1653 SINK 233 1 -1 -1 0 0
1654 CONNECTION 67 68 -1 -1 1440 1440
1655 CONNECTION 67 15 -1 -1 3060 3060
1656 CONNECTION 67 210 -1 -1 3060 3060
1657 CONNECTION 67 97 -1 -1 3240 3240
1658 CONNECTION 67 43 300 2760 4860 4860
1659 CONNECTION 67 235 300 2940 5040 5040
1660 CONNECTION 67 159 300 2940 5040 5040
1661 CONNECTION 67 129 300 4560 6660 6660
1662 CONNECTION 67 185 300 4560 6660 6660
1663 CONNECTION 67 265 300 4740 6840 6840
1664 CONNECTION 67 213 300 6360 8460 8460
1665 CONNECTION 125 126 -1 -1 1620 1620
1666 CONNECTION 125 262 -1 -1 1800 1800
1667 CONNECTION 125 15 -1 -1 3420 3420
1668 CONNECTION 125 210 -1 -1 3420 3420
1669 CONNECTION 125 97 -1 -1 3600 3600
1670 CONNECTION 125 43 300 3120 5220 5220
1671 CONNECTION 125 235 300 3300 5400 5400
1672 CONNECTION 125 159 300 3300 5400 5400
1673 CONNECTION 125 129 300 4920 7020 7020
1674 CONNECTION 125 185 300 4920 7020 7020
1675 CONNECTION 125 265 300 5100 7200 7200
1676 CONNECTION 156 157 -1 -1 1080 1080
1677 CONNECTION 156 209 -1 -1 1800 1800
1678 CONNECTION 156 263 -1 -1 2880 2880
1679 CONNECTION 156 42 -1 -1 3600 3600
1680 CONNECTION 156 183 -1 -1 3960 3960
1681 CONNECTION 156 98 300 2580 4680 4680
1682 CONNECTION 156 128 300 3300 5400 5400
1683 CONNECTION 156 160 300 4380 6480 6480
1684 CONNECTION 156 212 300 5100 7200 7200
1685 CONNECTION 156 16 300 5460 7560 7560
1686 SINK 156 1 -1 -1 0 0
1687 CONNECTION 261 262 -1 -1 1260 1260
1688 CONNECTION 261 15 -1 -1 2880 2880
1689 CONNECTION 261 210 -1 -1 2880 2880
1690 CONNECTION 261 97 -1 -1 3060 3060
1691 CONNECTION 261 43 300 2580 4680 4680
1692 CONNECTION 261 235 300 2760 4860 4860
1693 CONNECTION 261 159 300 2760 4860 4860
1694 CONNECTION 261 129 300 4380 6480 6480
1695 CONNECTION 261 185 300 4380 6480 6480
1696 CONNECTION 261 265 300 4560 6660 6660
1697 CONNECTION 261 213 300 6180 8280 8280
1698 CONNECTION 261 71 300 6360 8460 8460
1699 CONNECTION 13 14 -1 -1 1440 1440
1700 CONNECTION 13 41 -1 -1 1980 1980
1701 CONNECTION 13 69 -1 -1 2520 2520
1702 CONNECTION 13 127 -1 -1 3780 3780
1703 CONNECTION 13 184 300 2940 5040 5040
1704 CONNECTION 13 211 300 3480 5580 5580
1705 CONNECTION 13 236 300 4020 6120 6120
1706 CONNECTION 13 44 300 5280 7380 7380
1707 CONNECTION 208 209 -1 -1 1260 1260
1708 CONNECTION 208 263 -1 -1 2340 2340
1709 CONNECTION 208 42 -1 -1 3060 3060
1710 CONNECTION 208 183 -1 -1 3420 3420
1711 CONNECTION 208 98 300 2040 4140 4140
1712 CONNECTION 208 128 300 2760 4860 4860
1713 CONNECTION 208 160 300 3840 5940 5940
1714 CONNECTION 208 212 300 4560 6660 6660
1715 CONNECTION 208 16 300 4920 7020 7020
1716 CONNECTION 208 266 300 5640 7740 7740
1717 SINK 208 1 -1 -1 0 0
1718 CONNECTION 126 234 -1 -1 2340 2340
1719 CONNECTION 126 158 -1 -1 2520 2520
1720 CONNECTION 126 264 -1 -1 4320 4320
1721 CONNECTION 126 70 300 3840 5940 5940
1722 CONNECTION 126 99 300 4020 6120 6120
1723 CONNECTION 126 161 300 5820 7920 7920
1724 CONNECTION 157 69 -1 -1 1800 1800
1725 CONNECTION 157 127 -1 -1 3060 3060
1726 CONNECTION 157 184 -1 -1 4320 4320
1727 CONNECTION 157 211 300 2760 4860 4860
1728 CONNECTION 157 236 300 3300 5400 5400
1729 CONNECTION 157 44 300 4560 6660 6660
1730 CONNECTION 157 17 300 5820 7920 7920
1731 CONNECTION 14 15 -1 -1 1620 1620
1732 CONNECTION 14 97 -1 -1 1800 1800
1733 CONNECTION 14 43 -1 -1 3420 3420
1734 CONNECTION 14 235 -1 -1 3600 3600
1735 CONNECTION 14 159 -1 -1 3600 3600
1736 CONNECTION 14 129 300 3120 5220 5220
1737 CONNECTION 14 185 300 3120 5220 5220
1738 CONNECTION 14 265 300 3300 5400 5400
1739 CONNECTION 14 213 300 4920 7020 7020
1740 CONNECTION 14 71 300 5100 7200 7200
1741 CONNECTION 14 100 300 5100 7200 7200
1742 CONNECTION 68 69 -1 -1 1080 1080
1743 CONNECTION 68 127 -1 -1 2340 2340
1744 CONNECTION 68 184 -1 -1 3600 3600
1745 CONNECTION 68 211 300 2040 4140 4140
1746 CONNECTION 68 236 300 2580 4680 4680
1747 CONNECTION 68 44 300 3840 5940 5940
1748 CONNECTION 68 17 300 5100 7200 7200
1749 CONNECTION 68 130 300 5640 7740 7740
1750 CONNECTION 209 210 -1 -1 1620 1620
1751 CONNECTION 209 97 -1 -1 1800 1800
1752 CONNECTION 209 43 -1 -1 3420 3420
1753 CONNECTION 209 235 -1 -1 3600 3600
1754 CONNECTION 209 159 -1 -1 3600 3600
1755 CONNECTION 209 129 300 3120 5220 5220
1756 CONNECTION 209 185 300 3120 5220 5220
1757 CONNECTION 209 265 300 3300 5400 5400
1758 CONNECTION 209 213 300 4920 7020 7020
1759 CONNECTION 209 71 300 5100 7200 7200
1760 CONNECTION 209 100 300 5100 7200 7200
1761 CONNECTION 262 263 -1 -1 1080 1080
1762 CONNECTION 262 42 -1 -1 1800 1800
1763 CONNECTION 262 183 -1 -1 2160 2160
1764 CONNECTION 262 98 -1 -1 2880 2880
1765 CONNECTION 262 128 -1 -1 3600 3600
1766 CONNECTION 262 160 300 2580 4680 4680
1767 CONNECTION 262 212 300 3300 5400 5400
1768 CONNECTION 262 16 300 3660 5760 5760
1769 CONNECTION 262 266 300 4380 6480 6480
1770 CONNECTION 262 45 300 5100 7200 7200
1771 SINK 262 1 -1 -1 0 0
1772 CONNECTION 96 97 -1 -1 1260 1260
1773 CONNECTION 96 43 -1 -1 2880 2880
1774 CONNECTION 96 235 -1 -1 3060 3060
1775 CONNECTION 96 159 -1 -1 3060 3060
1776 CONNECTION 96 129 300 2580 4680 4680
1777 CONNECTION 96 185 300 2580 4680 4680
1778 CONNECTION 96 265 300 2760 4860 4860
1779 CONNECTION 96 213 300 4380 6480 6480
1780 CONNECTION 96 71 300 4560 6660 6660
1781 CONNECTION 96 100 300 4560 6660 6660
1782 CONNECTION 96 18 300 6180 8280 8280
1783 CONNECTION 96 46 300 6180 8280 8280
1784 CONNECTION 41 42 -1 -1 1260 1260
1785 CONNECTION 41 183 -1 -1 1620 1620
1786 CONNECTION 41 98 -1 -1 2340 2340
1787 CONNECTION 41 128 -1 -1 3060 3060
1788 CONNECTION 41 160 300 2040 4140 4140
1789 CONNECTION 41 212 300 2760 4860 4860
1790 CONNECTION 41 16 300 3120 5220 5220
1791 CONNECTION 41 266 300 3840 5940 5940
1792 CONNECTION 41 45 300 4560 6660 6660
1793 CONNECTION 41 101 300 5640 7740 7740
1794 SINK 41 1 -1 -1 0 0
1795 CONNECTION 15 264 -1 -1 2520 2520
1796 CONNECTION 15 70 -1 -1 4140 4140
1797 CONNECTION 15 99 -1 -1 4320 4320
1798 CONNECTION 15 161 300 4020 6120 6120
1799 CONNECTION 15 237 300 5640 7740 7740
1800 CONNECTION 15 267 300 5820 7920 7920
1801 CONNECTION 69 98 -1 -1 1800 1800
1802 CONNECTION 69 128 -1 -1 2520 2520
1803 CONNECTION 69 160 -1 -1 3600 3600
1804 CONNECTION 69 212 300 2220 4320 4320
1805 CONNECTION 69 16 300 2580 4680 4680
1806 CONNECTION 69 266 300 3300 5400 5400
1807 CONNECTION 69 45 300 4020 6120 6120
1808 CONNECTION 69 101 300 5100 7200 7200
1809 CONNECTION 69 131 300 5820 7920 7920
1810 SINK 69 1 -1 -1 0 0
1811 CONNECTION 210 264 -1 -1 2520 2520
1812 CONNECTION 210 70 -1 -1 4140 4140
1813 CONNECTION 210 99 -1 -1 4320 4320
1814 CONNECTION 210 161 300 4020 6120 6120
1815 CONNECTION 210 237 300 5640 7740 7740
1816 CONNECTION 210 267 300 5820 7920 7920
1817 CONNECTION 263 184 -1 -1 2520 2520
1818 CONNECTION 263 211 -1 -1 3060 3060
1819 CONNECTION 263 236 -1 -1 3600 3600
1820 CONNECTION 263 44 300 2760 4860 4860
1821 CONNECTION 263 17 300 4020 6120 6120
1822 CONNECTION 263 130 300 4560 6660 6660
1823 CONNECTION 263 72 300 5100 7200 7200
1824 CONNECTION 42 43 -1 -1 1620 1620
1825 CONNECTION 42 159 -1 -1 1800 1800
1826 CONNECTION 42 129 -1 -1 3420 3420
1827 CONNECTION 42 185 -1 -1 3420 3420
1828 CONNECTION 42 265 -1 -1 3600 3600
1829 CONNECTION 42 213 300 3120 5220 5220
1830 CONNECTION 42 71 300 3300 5400 5400
1831 CONNECTION 42 100 300 3300 5400 5400
1832 CONNECTION 42 18 300 4920 7020 7020
1833 CONNECTION 42 46 300 4920 7020 7020
1834 CONNECTION 42 162 300 5100 7200 7200
1835 CONNECTION 97 98 -1 -1 1080 1080
1836 CONNECTION 97 128 -1 -1 1800 1800
1837 CONNECTION 97 160 -1 -1 2880 2880
1838 CONNECTION 97 212 -1 -1 3600 3600
1839 CONNECTION 97 16 -1 -1 3960 3960
1840 CONNECTION 97 266 300 2580 4680 4680
1841 CONNECTION 97 45 300 3300 5400 5400
1842 CONNECTION 97 101 300 4380 6480 6480
1843 CONNECTION 97 131 300 5100 7200 7200
1844 CONNECTION 97 186 300 5460 7560 7560
1845 SINK 97 1 -1 -1 0 0
1846 CONNECTION 234 235 -1 -1 1440 1440
1847 CONNECTION 234 129 -1 -1 3060 3060
1848 CONNECTION 234 185 -1 -1 3060 3060
1849 CONNECTION 234 265 -1 -1 3240 3240
1850 CONNECTION 234 213 300 2760 4860 4860
1851 CONNECTION 234 71 300 2940 5040 5040
1852 CONNECTION 234 100 300 2940 5040 5040
1853 CONNECTION 234 18 300 4560 6660 6660
1854 CONNECTION 234 46 300 4560 6660 6660
1855 CONNECTION 234 162 300 4740 6840 6840
1856 CONNECTION 234 132 300 6360 8460 8460
1857 CONNECTION 158 159 -1 -1 1260 1260
1858 CONNECTION 158 129 -1 -1 2880 2880
1859 CONNECTION 158 185 -1 -1 2880 2880
1860 CONNECTION 158 265 -1 -1 3060 3060
1861 CONNECTION 158 213 300 2580 4680 4680
1862 CONNECTION 158 71 300 2760 4860 4860
1863 CONNECTION 158 100 300 2760 4860 4860
1864 CONNECTION 158 18 300 4380 6480 6480
1865 CONNECTION 158 46 300 4380 6480 6480
1866 CONNECTION 158 162 300 4560 6660 6660
1867 CONNECTION 158 132 300 6180 8280 8280
1868 CONNECTION 158 238 300 6360 8460 8460
1869 CONNECTION 183 184 -1 -1 1440 1440
1870 CONNECTION 183 211 -1 -1 1980 1980
1871 CONNECTION 183 236 -1 -1 2520 2520
1872 CONNECTION 183 44 -1 -1 3780 3780
1873 CONNECTION 183 17 300 2940 5040 5040
1874 CONNECTION 183 130 300 3480 5580 5580
1875 CONNECTION 183 72 300 4020 6120 6120
1876 CONNECTION 183 214 300 5280 7380 7380
1877 CONNECTION 127 128 -1 -1 1260 1260
1878 CONNECTION 127 160 -1 -1 2340 2340
1879 CONNECTION 127 212 -1 -1 3060 3060
1880 CONNECTION 127 16 -1 -1 3420 3420
1881 CONNECTION 127 266 300 2040 4140 4140
1882 CONNECTION 127 45 300 2760 4860 4860
1883 CONNECTION 127 101 300 3840 5940 5940
1884 CONNECTION 127 131 300 4560 6660 6660
1885 CONNECTION 127 186 300 4920 7020 7020
1886 CONNECTION 127 163 300 5640 7740 7740
1887 SINK 127 1 -1 -1 0 0
1888 CONNECTION 43 70 -1 -1 2340 2340
1889 CONNECTION 43 99 -1 -1 2520 2520
1890 CONNECTION 43 161 -1 -1 4320 4320
1891 CONNECTION 43 237 300 3840 5940 5940
1892 CONNECTION 43 267 300 4020 6120 6120
1893 CONNECTION 43 102 300 5820 7920 7920
1894 CONNECTION 98 236 -1 -1 1800 1800
1895 CONNECTION 98 44 -1 -1 3060 3060
1896 CONNECTION 98 17 -1 -1 4320 4320
1897 CONNECTION 98 130 300 2760 4860 4860
1898 CONNECTION 98 72 300 3300 5400 5400
1899 CONNECTION 98 214 300 4560 6660 6660
1900 CONNECTION 98 187 300 5820 7920 7920
1901 CONNECTION 184 185 -1 -1 1620 1620
1902 CONNECTION 184 265 -1 -1 1800 1800
1903 CONNECTION 184 213 -1 -1 3420 3420
1904 CONNECTION 184 71 -1 -1 3600 3600
1905 CONNECTION 184 100 -1 -1 3600 3600
1906 CONNECTION 184 18 300 3120 5220 5220
1907 CONNECTION 184 46 300 3120 5220 5220
1908 CONNECTION 184 162 300 3300 5400 5400
1909 CONNECTION 184 132 300 4920 7020 7020
1910 CONNECTION 184 238 300 5100 7200 7200
1911 CONNECTION 184 268 300 5100 7200 7200
1912 CONNECTION 235 236 -1 -1 1080 1080
1913 CONNECTION 235 44 -1 -1 2340 2340
1914 CONNECTION 235 17 -1 -1 3600 3600
1915 CONNECTION 235 130 300 2040 4140 4140
1916 CONNECTION 235 72 300 2580 4680 4680
1917 CONNECTION 235 214 300 3840 5940 5940
1918 CONNECTION 235 187 300 5100 7200 7200
1919 CONNECTION 235 47 300 5640 7740 7740
1920 CONNECTION 128 129 -1 -1 1620 1620
1921 CONNECTION 128 265 -1 -1 1800 1800
1922 CONNECTION 128 213 -1 -1 3420 3420
1923 CONNECTION 128 71 -1 -1 3600 3600
1924 CONNECTION 128 100 -1 -1 3600 3600
1925 CONNECTION 128 18 300 3120 5220 5220
1926 CONNECTION 128 46 300 3120 5220 5220
1927 CONNECTION 128 162 300 3300 5400 5400
1928 CONNECTION 128 132 300 4920 7020 7020
1929 CONNECTION 128 238 300 5100 7200 7200
1930 CONNECTION 128 268 300 5100 7200 7200
1931 CONNECTION 159 160 -1 -1 1080 1080
1932 CONNECTION 159 212 -1 -1 1800 1800
1933 CONNECTION 159 16 -1 -1 2160 2160
1934 CONNECTION 159 266 -1 -1 2880 2880
1935 CONNECTION 159 45 -1 -1 3600 3600
1936 CONNECTION 159 101 300 2580 4680 4680
1937 CONNECTION 159 131 300 3300 5400 5400
1938 CONNECTION 159 186 300 3660 5760 5760
1939 CONNECTION 159 163 300 4380 6480 6480
1940 CONNECTION 159 215 300 5100 7200 7200
1941 SINK 159 1 -1 -1 0 0
1942 CONNECTION 264 265 -1 -1 1260 1260
1943 CONNECTION 264 213 -1 -1 2880 2880
1944 CONNECTION 264 71 -1 -1 3060 3060
1945 CONNECTION 264 100 -1 -1 3060 3060
1946 CONNECTION 264 18 300 2580 4680 4680
1947 CONNECTION 264 46 300 2580 4680 4680
1948 CONNECTION 264 162 300 2760 4860 4860
1949 CONNECTION 264 132 300 4380 6480 6480
1950 CONNECTION 264 238 300 4560 6660 6660
1951 CONNECTION 264 268 300 4560 6660 6660
1952 CONNECTION 264 188 300 6180 8280 8280
1953 CONNECTION 264 216 300 6180 8280 8280
1954 CONNECTION 211 212 -1 -1 1260 1260
1955 CONNECTION 211 16 -1 -1 1620 1620
1956 CONNECTION 211 266 -1 -1 2340 2340
1957 CONNECTION 211 45 -1 -1 3060 3060
1958 CONNECTION 211 101 300 2040 4140 4140
1959 CONNECTION 211 131 300 2760 4860 4860
1960 CONNECTION 211 186 300 3120 5220 5220
1961 CONNECTION 211 163 300 3840 5940 5940
1962 CONNECTION 211 215 300 4560 6660 6660
1963 CONNECTION 211 269 300 5640 7740 7740
1964 SINK 211 1 -1 -1 0 0
1965 CONNECTION 129 161 -1 -1 2520 2520
1966 CONNECTION 129 237 -1 -1 4140 4140
1967 CONNECTION 129 267 -1 -1 4320 4320
1968 CONNECTION 129 102 300 4020 6120 6120
1969 CONNECTION 129 73 300 5640 7740 7740
1970 CONNECTION 129 164 300 5820 7920 7920
1971 CONNECTION 160 17 -1 -1 2520 2520
1972 CONNECTION 160 130 -1 -1 3060 3060
1973 CONNECTION 160 72 -1 -1 3600 3600
1974 CONNECTION 160 214 300 2760 4860 4860
1975 CONNECTION 160 187 300 4020 6120 6120
1976 CONNECTION 160 47 300 4560 6660 6660
1977 CONNECTION 160 239 300 5100 7200 7200
1978 CONNECTION 185 161 -1 -1 2520 2520
1979 CONNECTION 185 237 -1 -1 4140 4140
1980 CONNECTION 185 267 -1 -1 4320 4320
1981 CONNECTION 185 102 300 4020 6120 6120
1982 CONNECTION 185 73 300 5640 7740 7740
1983 CONNECTION 185 164 300 5820 7920 7920
1984 CONNECTION 236 266 -1 -1 1800 1800
1985 CONNECTION 236 45 -1 -1 2520 2520
1986 CONNECTION 236 101 -1 -1 3600 3600
1987 CONNECTION 236 131 300 2220 4320 4320
1988 CONNECTION 236 186 300 2580 4680 4680
1989 CONNECTION 236 163 300 3300 5400 5400
1990 CONNECTION 236 215 300 4020 6120 6120
1991 CONNECTION 236 269 300 5100 7200 7200
1992 CONNECTION 236 48 300 5820 7920 7920
1993 SINK 236 1 -1 -1 0 0
1994 CONNECTION 70 71 -1 -1 1440 1440
1995 CONNECTION 70 18 -1 -1 3060 3060
1996 CONNECTION 70 46 -1 -1 3060 3060
1997 CONNECTION 70 162 -1 -1 3240 3240
1998 CONNECTION 70 132 300 2760 4860 4860
1999 CONNECTION 70 238 300 2940 5040 5040
2000 CONNECTION 70 268 300 2940 5040 5040
2001 CONNECTION 70 188 300 4560 6660 6660
2002 CONNECTION 70 216 300 4560 6660 6660
2003 CONNECTION 70 103 300 4740 6840 6840
2004 CONNECTION 70 49 300 6360 8460 8460
2005 CONNECTION 212 213 -1 -1 1620 1620
2006 CONNECTION 212 100 -1 -1 1800 1800
2007 CONNECTION 212 18 -1 -1 3420 3420
2008 CONNECTION 212 46 -1 -1 3420 3420
2009 CONNECTION 212 162 -1 -1 3600 3600
2010 CONNECTION 212 132 300 3120 5220 5220
2011 CONNECTION 212 238 300 3300 5400 5400
2012 CONNECTION 212 268 300 3300 5400 5400
2013 CONNECTION 212 188 300 4920 7020 7020
2014 CONNECTION 212 216 300 4920 7020 7020
2015 CONNECTION 212 103 300 5100 7200 7200
2016 CONNECTION 265 266 -1 -1 1080 1080
2017 CONNECTION 265 45 -1 -1 1800 1800
2018 CONNECTION 265 101 -1 -1 2880 2880
2019 CONNECTION 265 131 -1 -1 3600 3600
2020 CONNECTION 265 186 -1 -1 3960 3960
2021 CONNECTION 265 163 300 2580 4680 4680
2022 CONNECTION 265 215 300 3300 5400 5400
2023 CONNECTION 265 269 300 4380 6480 6480
2024 CONNECTION 265 48 300 5100 7200 7200
2025 CONNECTION 265 19 300 5460 7560 7560
2026 SINK 265 1 -1 -1 0 0
2027 CONNECTION 99 100 -1 -1 1260 1260
2028 CONNECTION 99 18 -1 -1 2880 2880
2029 CONNECTION 99 46 -1 -1 2880 2880
2030 CONNECTION 99 162 -1 -1 3060 3060
2031 CONNECTION 99 132 300 2580 4680 4680
2032 CONNECTION 99 238 300 2760 4860 4860
2033 CONNECTION 99 268 300 2760 4860 4860
2034 CONNECTION 99 188 300 4380 6480 6480
2035 CONNECTION 99 216 300 4380 6480 6480
2036 CONNECTION 99 103 300 4560 6660 6660
2037 CONNECTION 99 49 300 6180 8280 8280
2038 CONNECTION 99 74 300 6360 8460 8460
2039 CONNECTION 16 17 -1 -1 1440 1440
2040 CONNECTION 16 130 -1 -1 1980 1980
2041 CONNECTION 16 72 -1 -1 2520 2520
2042 CONNECTION 16 214 -1 -1 3780 3780
2043 CONNECTION 16 187 300 2940 5040 5040
2044 CONNECTION 16 47 300 3480 5580 5580
2045 CONNECTION 16 239 300 4020 6120 6120
2046 CONNECTION 16 133 300 5280 7380 7380
2047 CONNECTION 44 45 -1 -1 1260 1260
2048 CONNECTION 44 101 -1 -1 2340 2340
2049 CONNECTION 44 131 -1 -1 3060 3060
2050 CONNECTION 44 186 -1 -1 3420 3420
2051 CONNECTION 44 163 300 2040 4140 4140
2052 CONNECTION 44 215 300 2760 4860 4860
2053 CONNECTION 44 269 300 3840 5940 5940
2054 CONNECTION 44 48 300 4560 6660 6660
2055 CONNECTION 44 19 300 4920 7020 7020
2056 CONNECTION 44 104 300 5640 7740 7740
2057 SINK 44 1 -1 -1 0 0
2058 CONNECTION 213 237 -1 -1 2340 2340
2059 CONNECTION 213 267 -1 -1 2520 2520
2060 CONNECTION 213 102 -1 -1 4320 4320
2061 CONNECTION 213 73 300 3840 5940 5940
2062 CONNECTION 213 164 300 4020 6120 6120
2063 CONNECTION 213 270 300 5820 7920 7920
2064 CONNECTION 266 72 -1 -1 1800 1800
2065 CONNECTION 266 214 -1 -1 3060 3060
2066 CONNECTION 266 187 -1 -1 4320 4320
2067 CONNECTION 266 47 300 2760 4860 4860
2068 CONNECTION 266 239 300 3300 5400 5400
2069 CONNECTION 266 133 300 4560 6660 6660
2070 CONNECTION 266 20 300 5820 7920 7920
2071 CONNECTION 17 18 -1 -1 1620 1620
2072 CONNECTION 17 162 -1 -1 1800 1800
2073 CONNECTION 17 132 -1 -1 3420 3420
2074 CONNECTION 17 238 -1 -1 3600 3600
2075 CONNECTION 17 268 -1 -1 3600 3600
2076 CONNECTION 17 188 300 3120 5220 5220
2077 CONNECTION 17 216 300 3120 5220 5220
2078 CONNECTION 17 103 300 3300 5400 5400
2079 CONNECTION 17 49 300 4920 7020 7020
2080 CONNECTION 17 74 300 5100 7200 7200
2081 CONNECTION 17 165 300 5100 7200 7200
2082 CONNECTION 71 72 -1 -1 1080 1080
2083 CONNECTION 71 214 -1 -1 2340 2340
2084 CONNECTION 71 187 -1 -1 3600 3600
2085 CONNECTION 71 47 300 2040 4140 4140
2086 CONNECTION 71 239 300 2580 4680 4680
2087 CONNECTION 71 133 300 3840 5940 5940
2088 CONNECTION 71 20 300 5100 7200 7200
2089 CONNECTION 71 217 300 5640 7740 7740
2090 CONNECTION 45 46 -1 -1 1620 1620
2091 CONNECTION 45 162 -1 -1 1800 1800
2092 CONNECTION 45 132 -1 -1 3420 3420
2093 CONNECTION 45 238 -1 -1 3600 3600
2094 CONNECTION 45 268 -1 -1 3600 3600
2095 CONNECTION 45 188 300 3120 5220 5220
2096 CONNECTION 45 216 300 3120 5220 5220
2097 CONNECTION 45 103 300 3300 5400 5400
2098 CONNECTION 45 49 300 4920 7020 7020
2099 CONNECTION 45 74 300 5100 7200 7200
2100 CONNECTION 45 165 300 5100 7200 7200
2101 CONNECTION 100 101 -1 -1 1080 1080
2102 CONNECTION 100 131 -1 -1 1800 1800
2103 CONNECTION 100 186 -1 -1 2160 2160
2104 CONNECTION 100 163 -1 -1 2880 2880
2105 CONNECTION 100 215 -1 -1 3600 3600
2106 CONNECTION 100 269 300 2580 4680 4680
2107 CONNECTION 100 48 300 3300 5400 5400
2108 CONNECTION 100 19 300 3660 5760 5760
2109 CONNECTION 100 104 300 4380 6480 6480
2110 CONNECTION 100 134 300 5100 7200 7200
2111 SINK 100 1 -1 -1 0 0
2112 CONNECTION 161 162 -1 -1 1260 1260
2113 CONNECTION 161 132 -1 -1 2880 2880
2114 CONNECTION 161 238 -1 -1 3060 3060
2115 CONNECTION 161 268 -1 -1 3060 3060
2116 CONNECTION 161 188 300 2580 4680 4680
2117 CONNECTION 161 216 300 2580 4680 4680
2118 CONNECTION 161 103 300 2760 4860 4860
2119 CONNECTION 161 49 300 4380 6480 6480
2120 CONNECTION 161 74 300 4560 6660 6660
2121 CONNECTION 161 165 300 4560 6660 6660
2122 CONNECTION 161 21 300 6180 8280 8280
2123 CONNECTION 161 135 300 6180 8280 8280
2124 CONNECTION 130 131 -1 -1 1260 1260
2125 CONNECTION 130 186 -1 -1 1620 1620
2126 CONNECTION 130 163 -1 -1 2340 2340
2127 CONNECTION 130 215 -1 -1 3060 3060
2128 CONNECTION 130 269 300 2040 4140 4140
2129 CONNECTION 130 48 300 2760 4860 4860
2130 CONNECTION 130 19 300 3120 5220 5220
2131 CONNECTION 130 104 300 3840 5940 5940
2132 CONNECTION 130 134 300 4560 6660 6660
2133 CONNECTION 130 166 300 5640 7740 7740
2134 SINK 130 1 -1 -1 0 0
2135 CONNECTION 18 102 -1 -1 2520 2520
2136 CONNECTION 18 73 -1 -1 4140 4140
2137 CONNECTION 18 164 -1 -1 4320 4320
2138 CONNECTION 18 270 300 4020 6120 6120
2139 CONNECTION 18 240 300 5640 7740 7740
2140 CONNECTION 18 105 300 5820 7920 7920
2141 CONNECTION 46 102 -1 -1 2520 2520
2142 CONNECTION 46 73 -1 -1 4140 4140
2143 CONNECTION 46 164 -1 -1 4320 4320
2144 CONNECTION 46 270 300 4020 6120 6120
2145 CONNECTION 46 240 300 5640 7740 7740
2146 CONNECTION 46 105 300 5820 7920 7920
2147 CONNECTION 72 163 -1 -1 1800 1800
2148 CONNECTION 72 215 -1 -1 2520 2520
2149 CONNECTION 72 269 -1 -1 3600 3600
2150 CONNECTION 72 48 300 2220 4320 4320
2151 CONNECTION 72 19 300 2580 4680 4680
2152 CONNECTION 72 104 300 3300 5400 5400
2153 CONNECTION 72 134 300 4020 6120 6120
2154 CONNECTION 72 166 300 5100 7200 7200
2155 CONNECTION 72 218 300 5820 7920 7920
2156 SINK 72 1 -1 -1 0 0
2157 CONNECTION 101 187 -1 -1 2520 2520
2158 CONNECTION 101 47 -1 -1 3060 3060
2159 CONNECTION 101 239 -1 -1 3600 3600
2160 CONNECTION 101 133 300 2760 4860 4860
2161 CONNECTION 101 20 300 4020 6120 6120
2162 CONNECTION 101 217 300 4560 6660 6660
2163 CONNECTION 101 75 300 5100 7200 7200
2164 CONNECTION 131 132 -1 -1 1620 1620
2165 CONNECTION 131 268 -1 -1 1800 1800
2166 CONNECTION 131 188 -1 -1 3420 3420
2167 CONNECTION 131 216 -1 -1 3420 3420
2168 CONNECTION 131 103 -1 -1 3600 3600
2169 CONNECTION 131 49 300 3120 5220 5220
2170 CONNECTION 131 74 300 3300 5400 5400
2171 CONNECTION 131 165 300 3300 5400 5400
2172 CONNECTION 131 21 300 4920 7020 7020
2173 CONNECTION 131 135 300 4920 7020 7020
2174 CONNECTION 131 271 300 5100 7200 7200
2175 CONNECTION 162 163 -1 -1 1080 1080
2176 CONNECTION 162 215 -1 -1 1800 1800
2177 CONNECTION 162 269 -1 -1 2880 2880
2178 CONNECTION 162 48 -1 -1 3600 3600
2179 CONNECTION 162 19 -1 -1 3960 3960
2180 CONNECTION 162 104 300 2580 4680 4680
2181 CONNECTION 162 134 300 3300 5400 5400
2182 CONNECTION 162 166 300 4380 6480 6480
2183 CONNECTION 162 218 300 5100 7200 7200
2184 CONNECTION 162 189 300 5460 7560 7560
2185 SINK 162 1 -1 -1 0 0
2186 CONNECTION 237 238 -1 -1 1440 1440
2187 CONNECTION 237 188 -1 -1 3060 3060
2188 CONNECTION 237 216 -1 -1 3060 3060
2189 CONNECTION 237 103 -1 -1 3240 3240
2190 CONNECTION 237 49 300 2760 4860 4860
2191 CONNECTION 237 74 300 2940 5040 5040
2192 CONNECTION 237 165 300 2940 5040 5040
2193 CONNECTION 237 21 300 4560 6660 6660
2194 CONNECTION 237 135 300 4560 6660 6660
2195 CONNECTION 237 271 300 4740 6840 6840
2196 CONNECTION 267 268 -1 -1 1260 1260
2197 CONNECTION 267 188 -1 -1 2880 2880
2198 CONNECTION 267 216 -1 -1 2880 2880
2199 CONNECTION 267 103 -1 -1 3060 3060
2200 CONNECTION 267 49 300 2580 4680 4680
2201 CONNECTION 267 74 300 2760 4860 4860
2202 CONNECTION 267 165 300 2760 4860 4860
2203 CONNECTION 267 21 300 4380 6480 6480
2204 CONNECTION 267 135 300 4380 6480 6480
2205 CONNECTION 267 271 300 4560 6660 6660
2206 CONNECTION 267 241 300 6360 8460 8460
2207 CONNECTION 186 187 -1 -1 1440 1440
2208 CONNECTION 186 47 -1 -1 1980 1980
2209 CONNECTION 186 239 -1 -1 2520 2520
2210 CONNECTION 186 133 -1 -1 3780 3780
2211 CONNECTION 186 20 300 2940 5040 5040
2212 CONNECTION 186 217 300 3480 5580 5580
2213 CONNECTION 186 75 300 4020 6120 6120
2214 CONNECTION 186 50 300 5280 7380 7380
2215 CONNECTION 214 215 -1 -1 1260 1260
2216 CONNECTION 214 269 -1 -1 2340 2340
2217 CONNECTION 214 48 -1 -1 3060 3060
2218 CONNECTION 214 19 -1 -1 3420 3420
2219 CONNECTION 214 104 300 2040 4140 4140
2220 CONNECTION 214 134 300 2760 4860 4860
2221 CONNECTION 214 166 300 3840 5940 5940
2222 CONNECTION 214 218 300 4560 6660 6660
2223 CONNECTION 214 189 300 4920 7020 7020
2224 CONNECTION 214 272 300 5640 7740 7740
2225 SINK 214 1 -1 -1 0 0
2226 CONNECTION 132 73 -1 -1 2340 2340
2227 CONNECTION 132 164 -1 -1 2520 2520
2228 CONNECTION 132 270 -1 -1 4320 4320
2229 CONNECTION 132 240 300 3840 5940 5940
2230 CONNECTION 132 105 300 4020 6120 6120
2231 CONNECTION 132 167 300 5820 7920 7920
2232 CONNECTION 163 239 -1 -1 1800 1800
2233 CONNECTION 163 133 -1 -1 3060 3060
2234 CONNECTION 163 20 -1 -1 4320 4320
2235 CONNECTION 163 217 300 2760 4860 4860
2236 CONNECTION 163 75 300 3300 5400 5400
2237 CONNECTION 163 50 300 4560 6660 6660
2238 CONNECTION 163 190 300 5820 7920 7920
2239 CONNECTION 187 188 -1 -1 1620 1620
2240 CONNECTION 187 103 -1 -1 1800 1800
2241 CONNECTION 187 49 -1 -1 3420 3420
2242 CONNECTION 187 74 -1 -1 3600 3600
2243 CONNECTION 187 165 -1 -1 3600 3600
2244 CONNECTION 187 21 300 3120 5220 5220
2245 CONNECTION 187 135 300 3120 5220 5220
2246 CONNECTION 187 271 300 3300 5400 5400
2247 CONNECTION 187 241 300 5100 7200 7200
2248 CONNECTION 187 106 300 5100 7200 7200
2249 CONNECTION 238 239 -1 -1 1080 1080
2250 CONNECTION 238 133 -1 -1 2340 2340
2251 CONNECTION 238 20 -1 -1 3600 3600
2252 CONNECTION 238 217 300 2040 4140 4140
2253 CONNECTION 238 75 300 2580 4680 4680
2254 CONNECTION 238 50 300 3840 5940 5940
2255 CONNECTION 238 190 300 5100 7200 7200
2256 CONNECTION 238 136 300 5640 7740 7740
2257 CONNECTION 215 216 -1 -1 1620 1620
2258 CONNECTION 215 103 -1 -1 1800 1800
2259 CONNECTION 215 49 -1 -1 3420 3420
2260 CONNECTION 215 74 -1 -1 3600 3600
2261 CONNECTION 215 165 -1 -1 3600 3600
2262 CONNECTION 215 21 300 3120 5220 5220
2263 CONNECTION 215 135 300 3120 5220 5220
2264 CONNECTION 215 271 300 3300 5400 5400
2265 CONNECTION 215 241 300 5100 7200 7200
2266 CONNECTION 215 106 300 5100 7200 7200
2267 CONNECTION 268 269 -1 -1 1080 1080
2268 CONNECTION 268 48 -1 -1 1800 1800
2269 CONNECTION 268 19 -1 -1 2160 2160
2270 CONNECTION 268 104 -1 -1 2880 2880
2271 CONNECTION 268 134 -1 -1 3600 3600
2272 CONNECTION 268 166 300 2580 4680 4680
2273 CONNECTION 268 218 300 3300 5400 5400
2274 CONNECTION 268 189 300 3660 5760 5760
2275 CONNECTION 268 272 300 4380 6480 6480
2276 CONNECTION 268 51 300 5100 7200 7200
2277 SINK 268 1 -1 -1 0 0
2278 CONNECTION 102 103 -1 -1 1260 1260
2279 CONNECTION 102 49 -1 -1 2880 2880
2280 CONNECTION 102 74 -1 -1 3060 3060
2281 CONNECTION 102 165 -1 -1 3060 3060
2282 CONNECTION 102 21 300 2580 4680 4680
2283 CONNECTION 102 135 300 2580 4680 4680
2284 CONNECTION 102 271 300 2760 4860 4860
2285 CONNECTION 102 241 300 4560 6660 6660
2286 CONNECTION 102 106 300 4560 6660 6660
2287 CONNECTION 47 48 -1 -1 1260 1260
2288 CONNECTION 47 19 -1 -1 1620 1620
2289 CONNECTION 47 104 -1 -1 2340 2340
2290 CONNECTION 47 134 -1 -1 3060 3060
2291 CONNECTION 47 166 300 2040 4140 4140
2292 CONNECTION 47 218 300 2760 4860 4860
2293 CONNECTION 47 189 300 3120 5220 5220
2294 CONNECTION 47 272 300 3840 5940 5940
2295 CONNECTION 47 51 300 4560 6660 6660
2296 SINK 47 1 -1 -1 0 0
2297 CONNECTION 188 270 -1 -1 2520 2520
2298 CONNECTION 188 240 -1 -1 4140 4140
2299 CONNECTION 188 105 -1 -1 4320 4320
2300 CONNECTION 188 167 300 4020 6120 6120
2301 CONNECTION 216 270 -1 -1 2520 2520
2302 CONNECTION 216 240 -1 -1 4140 4140
2303 CONNECTION 216 105 -1 -1 4320 4320
2304 CONNECTION 216 167 300 4020 6120 6120
2305 CONNECTION 239 104 -1 -1 1800 1800
2306 CONNECTION 239 134 -1 -1 2520 2520
2307 CONNECTION 239 166 -1 -1 3600 3600
2308 CONNECTION 239 218 300 2220 4320 4320
2309 CONNECTION 239 189 300 2580 4680 4680
2310 CONNECTION 239 272 300 3300 5400 5400
2311 CONNECTION 239 51 300 4020 6120 6120
2312 SINK 239 1 -1 -1 0 0
2313 CONNECTION 269 20 -1 -1 2520 2520
2314 CONNECTION 269 217 -1 -1 3060 3060
2315 CONNECTION 269 75 -1 -1 3600 3600
2316 CONNECTION 269 50 300 2760 4860 4860
2317 CONNECTION 269 190 300 4020 6120 6120
2318 CONNECTION 269 136 300 4560 6660 6660
2319 CONNECTION 269 242 300 5100 7200 7200
2320 CONNECTION 48 49 -1 -1 1620 1620
2321 CONNECTION 48 165 -1 -1 1800 1800
2322 CONNECTION 48 21 -1 -1 3420 3420
2323 CONNECTION 48 135 -1 -1 3420 3420
2324 CONNECTION 48 271 -1 -1 3600 3600
2325 CONNECTION 48 241 300 3300 5400 5400
2326 CONNECTION 48 106 300 3300 5400 5400
2327 CONNECTION 48 168 300 5100 7200 7200
2328 CONNECTION 73 74 -1 -1 1440 1440
2329 CONNECTION 73 21 -1 -1 3060 3060
2330 CONNECTION 73 135 -1 -1 3060 3060
2331 CONNECTION 73 271 -1 -1 3240 3240
2332 CONNECTION 73 241 300 2940 5040 5040
2333 CONNECTION 73 106 300 2940 5040 5040
2334 CONNECTION 73 168 300 4740 6840 6840
2335 CONNECTION 103 104 -1 -1 1080 1080
2336 CONNECTION 103 134 -1 -1 1800 1800
2337 CONNECTION 103 166 -1 -1 2880 2880
2338 CONNECTION 103 218 -1 -1 3600 3600
2339 CONNECTION 103 189 -1 -1 3960 3960
2340 CONNECTION 103 272 300 2580 4680 4680
2341 CONNECTION 103 51 300 3300 5400 5400
2342 SINK 103 1 -1 -1 0 0
2343 CONNECTION 164 165 -1 -1 1260 1260
2344 CONNECTION 164 21 -1 -1 2880 2880
2345 CONNECTION 164 135 -1 -1 2880 2880
2346 CONNECTION 164 271 -1 -1 3060 3060
2347 CONNECTION 164 241 300 2760 4860 4860
2348 CONNECTION 164 106 300 2760 4860 4860
2349 CONNECTION 164 168 300 4560 6660 6660
2350 CONNECTION 19 20 -1 -1 1440 1440
2351 CONNECTION 19 217 -1 -1 1980 1980
2352 CONNECTION 19 75 -1 -1 2520 2520
2353 CONNECTION 19 50 -1 -1 3780 3780
2354 CONNECTION 19 190 300 2940 5040 5040
2355 CONNECTION 19 136 300 3480 5580 5580
2356 CONNECTION 19 242 300 4020 6120 6120
2357 CONNECTION 133 134 -1 -1 1260 1260
2358 CONNECTION 133 166 -1 -1 2340 2340
2359 CONNECTION 133 218 -1 -1 3060 3060
2360 CONNECTION 133 189 -1 -1 3420 3420
2361 CONNECTION 133 272 300 2040 4140 4140
2362 CONNECTION 133 51 300 2760 4860 4860
2363 SINK 133 1 -1 -1 0 0
2364 CONNECTION 49 240 -1 -1 2340 2340
2365 CONNECTION 49 105 -1 -1 2520 2520
2366 CONNECTION 49 167 -1 -1 4320 4320
2367 CONNECTION 104 75 -1 -1 1800 1800
2368 CONNECTION 104 50 -1 -1 3060 3060
2369 CONNECTION 104 190 -1 -1 4320 4320
2370 CONNECTION 104 136 300 2760 4860 4860
2371 CONNECTION 104 242 300 3300 5400 5400
2372 CONNECTION 20 21 -1 -1 1620 1620
2373 CONNECTION 20 271 -1 -1 1800 1800
2374 CONNECTION 20 241 -1 -1 3600 3600
2375 CONNECTION 20 106 -1 -1 3600 3600
2376 CONNECTION 20 168 300 3300 5400 5400
2377 CONNECTION 74 75 -1 -1 1080 1080
2378 CONNECTION 74 50 -1 -1 2340 2340
2379 CONNECTION 74 190 -1 -1 3600 3600
2380 CONNECTION 74 136 300 2040 4140 4140
2381 CONNECTION 74 242 300 2580 4680 4680
2382 CONNECTION 134 135 -1 -1 1620 1620
2383 CONNECTION 134 271 -1 -1 1800 1800
2384 CONNECTION 134 241 -1 -1 3600 3600
2385 CONNECTION 134 106 -1 -1 3600 3600
2386 CONNECTION 134 168 300 3300 5400 5400
2387 CONNECTION 165 166 -1 -1 1080 1080
2388 CONNECTION 165 218 -1 -1 1800 1800
2389 CONNECTION 165 189 -1 -1 2160 2160
2390 CONNECTION 165 272 -1 -1 2880 2880
2391 CONNECTION 165 51 -1 -1 3600 3600
2392 SINK 165 1 -1 -1 0 0
2393 CONNECTION 270 271 -1 -1 1260 1260
2394 CONNECTION 270 241 -1 -1 3060 3060
2395 CONNECTION 270 106 -1 -1 3060 3060
2396 CONNECTION 270 168 300 2760 4860 4860
2397 CONNECTION 217 218 -1 -1 1260 1260
2398 CONNECTION 217 189 -1 -1 1620 1620
2399 CONNECTION 217 272 -1 -1 2340 2340
2400 CONNECTION 217 51 -1 -1 3060 3060
2401 SINK 217 1 -1 -1 0 0
2402 CONNECTION 21 167 -1 -1 2520 2520
2403 CONNECTION 75 272 -1 -1 1800 1800
2404 CONNECTION 75 51 -1 -1 2520 2520
2405 SINK 75 1 -1 -1 0 0
2406 CONNECTION 135 167 -1 -1 2520 2520
2407 CONNECTION 166 190 -1 -1 2520 2520
2408 CONNECTION 166 136 -1 -1 3060 3060
2409 CONNECTION 166 242 -1 -1 3600 3600
2410 CONNECTION 218 106 -1 -1 1800 1800
2411 CONNECTION 218 168 -1 -1 3600 3600
2412 CONNECTION 240 241 -1 -1 1440 1440
2413 CONNECTION 240 168 -1 -1 3240 3240
2414 CONNECTION 271 272 -1 -1 1080 1080
2415 CONNECTION 271 51 -1 -1 1800 1800
2416 SINK 271 1 -1 -1 0 0
2417 CONNECTION 105 106 -1 -1 1260 1260
2418 CONNECTION 105 168 -1 -1 3060 3060
2419 CONNECTION 189 190 -1 -1 1440 1440
2420 CONNECTION 189 136 -1 -1 1980 1980
2421 CONNECTION 189 242 -1 -1 2520 2520
2422 CONNECTION 50 51 -1 -1 1260 1260
2423 SINK 50 1 -1 -1 0 0
2424 CONNECTION 272 242 -1 -1 1800 1800
2425 CONNECTION 190 168 -1 -1 1800 1800
2426 CONNECTION 241 242 -1 -1 1080 1080
2427 CONNECTION 51 168 -1 -1 1800 1800
2428 SINK 106 1 -1 -1 0 0
2429 CONNECTION 167 168 -1 -1 1260 1260
2430 SINK 136 1 -1 -1 0 0
2431 SINK 242 1 -1 -1 0 0
2432 SINK 168 1 -1 -1 0 0
