0 25200 26160 0 1 960
1 29880 30840 1 0 960
2 30960 32280 0 3 1320
3 32400 33900 3 2 1500
4 37080 38040 1 0 960
5 38160 39480 0 3 1320
6 39600 41100 3 2 1500
7 44280 45240 1 0 960
8 45360 46680 0 3 1320
9 46800 48300 3 2 1500
10 51480 52440 1 0 960
11 52560 53880 0 3 1320
12 54000 55500 3 2 1500
13 58680 59640 1 0 960
14 59760 61080 0 3 1320
15 61200 62700 3 2 1500
16 65880 66840 1 0 960
17 66960 68280 0 3 1320
18 68400 69900 3 2 1500
19 73080 74040 1 0 960
20 74160 75480 0 3 1320
21 75600 77100 3 2 1500
22 25200 26160 1 0 960
23 28260 29220 0 1 960
24 29340 30480 1 3 1140
25 30600 32100 3 2 1500
26 33660 34620 0 1 960
27 34740 35880 1 3 1140
28 36000 37500 3 2 1500
29 39060 40020 0 1 960
30 40140 41280 1 3 1140
31 41400 42900 3 2 1500
32 44460 45420 0 1 960
33 45540 46680 1 3 1140
34 46800 48300 3 2 1500
35 49860 50820 0 1 960
36 50940 52080 1 3 1140
37 52200 53700 3 2 1500
38 55260 56220 0 1 960
39 56340 57480 1 3 1140
40 57600 59100 3 2 1500
41 60660 61620 0 1 960
42 61740 62880 1 3 1140
43 63000 64500 3 2 1500
44 66060 67020 0 1 960
45 67140 68280 1 3 1140
46 68400 69900 3 2 1500
47 71460 72420 0 1 960
48 72540 73680 1 3 1140
49 73800 75300 3 2 1500
50 76860 77820 0 1 960
51 77940 79080 1 3 1140
52 22680 23640 1 0 960
53 23760 25080 0 3 1320
54 25200 26700 3 2 1500
55 29340 30840 2 3 1500
56 30960 32280 3 0 1320
57 32400 33360 0 1 960
58 36540 38040 2 3 1500
59 38160 39480 3 0 1320
60 39600 40560 0 1 960
61 43740 45240 2 3 1500
62 45360 46680 3 0 1320
63 46800 47760 0 1 960
64 50940 52440 2 3 1500
65 52560 53880 3 0 1320
66 54000 54960 0 1 960
67 58140 59640 2 3 1500
68 59760 61080 3 0 1320
69 61200 62160 0 1 960
70 65340 66840 2 3 1500
71 66960 68280 3 0 1320
72 68400 69360 0 1 960
73 72540 74040 2 3 1500
74 74160 75480 3 0 1320
75 75600 76560 0 1 960
76 23940 25080 1 3 1140
77 25200 26700 3 2 1500
78 27720 29220 2 3 1500
79 29340 30480 3 1 1140
80 30600 31560 1 0 960
81 33120 34620 2 3 1500
82 34740 35880 3 1 1140
83 36000 36960 1 0 960
84 38520 40020 2 3 1500
85 40140 41280 3 1 1140
86 41400 42360 1 0 960
87 43920 45420 2 3 1500
88 45540 46680 3 1 1140
89 46800 47760 1 0 960
90 49320 50820 2 3 1500
91 50940 52080 3 1 1140
92 52200 53160 1 0 960
93 54720 56220 2 3 1500
94 56340 57480 3 1 1140
95 57600 58560 1 0 960
96 60120 61620 2 3 1500
97 61740 62880 3 1 1140
98 63000 63960 1 0 960
99 65520 67020 2 3 1500
100 67140 68280 3 1 1140
101 68400 69360 1 0 960
102 70920 72420 2 3 1500
103 72540 73680 3 1 1140
104 73800 74760 1 0 960
105 76320 77820 2 3 1500
106 77940 79080 3 1 1140
107 25740 26880 3 1 1140
108 27000 27960 1 0 960
109 30060 31020 0 1 960
110 31140 32280 1 3 1140
111 32400 33900 3 2 1500
112 35460 36420 0 1 960
113 36540 37680 1 3 1140
114 37800 39300 3 2 1500
115 40860 41820 0 1 960
116 41940 43080 1 3 1140
117 43200 44700 3 2 1500
118 46260 47220 0 1 960
119 47340 48480 1 3 1140
120 48600 50100 3 2 1500
121 51660 52620 0 1 960
122 52740 53880 1 3 1140
123 54000 55500 3 2 1500
124 57060 58020 0 1 960
125 58140 59280 1 3 1140
126 59400 60900 3 2 1500
127 62460 63420 0 1 960
128 63540 64680 1 3 1140
129 64800 66300 3 2 1500
130 67860 68820 0 1 960
131 68940 70080 1 3 1140
132 70200 71700 3 2 1500
133 73260 74220 0 1 960
134 74340 75480 1 3 1140
135 75600 77100 3 2 1500
136 78660 79620 0 1 960
137 24660 25620 0 1 960
138 25740 26880 1 3 1140
139 27000 28500 3 2 1500
140 29520 31020 2 3 1500
141 31140 32280 3 1 1140
142 32400 33360 1 0 960
143 34920 36420 2 3 1500
144 36540 37680 3 1 1140
145 37800 38760 1 0 960
146 40320 41820 2 3 1500
147 41940 43080 3 1 1140
148 43200 44160 1 0 960
149 45720 47220 2 3 1500
150 47340 48480 3 1 1140
151 48600 49560 1 0 960
152 51120 52620 2 3 1500
153 52740 53880 3 1 1140
154 54000 54960 1 0 960
155 56520 58020 2 3 1500
156 58140 59280 3 1 1140
157 59400 60360 1 0 960
158 61920 63420 2 3 1500
159 63540 64680 3 1 1140
160 64800 65760 1 0 960
161 67320 68820 2 3 1500
162 68940 70080 3 1 1140
163 70200 71160 1 0 960
164 72720 74220 2 3 1500
165 74340 75480 3 1 1140
166 75600 76560 1 0 960
167 78120 79620 2 3 1500
168 79740 80880 3 1 1140
169 27360 28680 3 0 1320
170 28800 29760 0 1 960
171 33480 34440 1 0 960
172 34560 35880 0 3 1320
173 36000 37500 3 2 1500
174 40680 41640 1 0 960
175 41760 43080 0 3 1320
176 43200 44700 3 2 1500
177 47880 48840 1 0 960
178 48960 50280 0 3 1320
179 50400 51900 3 2 1500
180 55080 56040 1 0 960
181 56160 57480 0 3 1320
182 57600 59100 3 2 1500
183 62280 63240 1 0 960
184 63360 64680 0 3 1320
185 64800 66300 3 2 1500
186 69480 70440 1 0 960
187 70560 71880 0 3 1320
188 72000 73500 3 2 1500
189 76680 77640 1 0 960
190 77760 79080 0 3 1320
191 27540 28680 3 1 1140
192 28800 29760 1 0 960
193 31860 32820 0 1 960
194 32940 34080 1 3 1140
195 34200 35700 3 2 1500
196 37260 38220 0 1 960
197 38340 39480 1 3 1140
198 39600 41100 3 2 1500
199 42660 43620 0 1 960
200 43740 44880 1 3 1140
201 45000 46500 3 2 1500
202 48060 49020 0 1 960
203 49140 50280 1 3 1140
204 50400 51900 3 2 1500
205 53460 54420 0 1 960
206 54540 55680 1 3 1140
207 55800 57300 3 2 1500
208 58860 59820 0 1 960
209 59940 61080 1 3 1140
210 61200 62700 3 2 1500
211 64260 65220 0 1 960
212 65340 66480 1 3 1140
213 66600 68100 3 2 1500
214 69660 70620 0 1 960
215 70740 71880 1 3 1140
216 72000 73500 3 2 1500
217 75060 76020 0 1 960
218 76140 77280 1 3 1140
219 26280 27240 1 0 960
220 27360 28680 0 3 1320
221 28800 30300 3 2 1500
222 32940 34440 2 3 1500
223 34560 35880 3 0 1320
224 36000 36960 0 1 960
225 40140 41640 2 3 1500
226 41760 43080 3 0 1320
227 43200 44160 0 1 960
228 47340 48840 2 3 1500
229 48960 50280 3 0 1320
230 50400 51360 0 1 960
231 54540 56040 2 3 1500
232 56160 57480 3 0 1320
233 57600 58560 0 1 960
234 61740 63240 2 3 1500
235 63360 64680 3 0 1320
236 64800 65760 0 1 960
237 68940 70440 2 3 1500
238 70560 71880 3 0 1320
239 72000 72960 0 1 960
240 76140 77640 2 3 1500
241 77760 79080 3 0 1320
242 79200 80160 0 1 960
243 26460 27420 0 1 960
244 27540 28680 1 3 1140
245 28800 30300 3 2 1500
246 31320 32820 2 3 1500
247 32940 34080 3 1 1140
248 34200 35160 1 0 960
249 36720 38220 2 3 1500
250 38340 39480 3 1 1140
251 39600 40560 1 0 960
252 42120 43620 2 3 1500
253 43740 44880 3 1 1140
254 45000 45960 1 0 960
255 47520 49020 2 3 1500
256 49140 50280 3 1 1140
257 50400 51360 1 0 960
258 52920 54420 2 3 1500
259 54540 55680 3 1 1140
260 55800 56760 1 0 960
261 58320 59820 2 3 1500
262 59940 61080 3 1 1140
263 61200 62160 1 0 960
264 63720 65220 2 3 1500
265 65340 66480 3 1 1140
266 66600 67560 1 0 960
267 69120 70620 2 3 1500
268 70740 71880 3 1 1140
269 72000 72960 1 0 960
270 74520 76020 2 3 1500
271 76140 77280 3 1 1140
272 77400 78360 1 0 960
