1 22800 26160 2 9 3360
2 26280 29400 9 11 3120
3 30660 33780 11 9 3120
4 33900 37260 9 2 3360
5 37380 38340 2 0 960
6 39060 42180 11 9 3120
7 42300 45660 9 2 3360
8 45780 46740 2 0 960
9 47460 50580 11 9 3120
10 50700 54060 9 2 3360
11 54180 55140 2 0 960
12 55860 58980 11 9 3120
13 59100 62460 9 2 3360
14 62580 63540 2 0 960
15 64260 67380 11 9 3120
16 67500 70860 9 2 3360
17 70980 71940 2 0 960
18 72660 75780 11 9 3120
19 75900 79260 9 2 3360
23 24420 26700 2 6 2280
24 29220 31500 6 2 2280
25 31620 32580 2 0 960
26 32700 34020 0 12 1320
27 36420 38700 6 2 2280
28 38820 39780 2 0 960
29 39900 41220 0 12 1320
30 43620 45900 6 2 2280
31 46020 46980 2 0 960
32 47100 48420 0 12 1320
33 50820 53100 6 2 2280
34 53220 54180 2 0 960
35 54300 55620 0 12 1320
36 58020 60300 6 2 2280
37 60420 61380 2 0 960
38 61500 62820 0 12 1320
39 65220 67500 6 2 2280
40 67620 68580 2 0 960
41 68700 70020 0 12 1320
42 72420 74700 6 2 2280
43 74820 75780 2 0 960
47 24420 26460 2 8 2040
48 26580 28800 8 9 2220
49 28920 32040 9 11 3120
50 33840 36960 11 9 3120
51 37080 39300 9 8 2220
52 39540 41580 8 2 2040
53 41700 42660 2 0 960
54 42780 44100 0 12 1320
55 48240 51360 11 9 3120
56 51480 53700 9 8 2220
57 53940 55980 8 2 2040
58 56100 57060 2 0 960
59 57180 58500 0 12 1320
60 62640 65760 11 9 3120
61 65880 68100 9 8 2220
62 68340 70380 8 2 2040
63 70500 71460 2 0 960
64 71580 72900 0 12 1320
65 77040 80160 11 9 3120
66 80280 82500 9 8 2220
67 82740 84780 8 2 2040
72 24120 26400 2 6 2280
73 28440 30720 6 2 2280
74 30960 32160 2 1 1200
75 32280 33000 1 0 720
76 35640 37920 6 2 2280
77 38160 39360 2 1 1200
78 39480 40200 1 0 720
79 42840 45120 6 2 2280
80 45360 46560 2 1 1200
81 46680 47400 1 0 720
82 50040 52320 6 2 2280
83 52560 53760 2 1 1200
84 53880 54600 1 0 720
85 57240 59520 6 2 2280
86 59760 60960 2 1 1200
87 61080 61800 1 0 720
88 64440 66720 6 2 2280
89 66960 68160 2 1 1200
90 68280 69000 1 0 720
91 71640 73920 6 2 2280
92 74160 75360 2 1 1200
93 75480 76200 1 0 720
94 78840 81120 6 2 2280
99 24660 26400 3 1 1740
100 26520 27240 1 0 720
101 27360 28680 0 12 1320
102 31920 33240 12 0 1320
103 33360 34080 0 1 720
104 34200 35940 1 3 1740
105 36060 37500 3 5 1440
106 37620 38640 5 7 1020
107 42720 44040 12 0 1320
108 44160 44880 0 1 720
109 45000 46740 1 3 1740
110 46860 48300 3 5 1440
111 48420 49440 5 7 1020
112 53520 54840 12 0 1320
113 54960 55680 0 1 720
114 55800 57540 1 3 1740
115 57660 59100 3 5 1440
116 59220 60240 5 7 1020
117 64320 65640 12 0 1320
118 65760 66480 0 1 720
119 66600 68340 1 3 1740
120 68460 69900 3 5 1440
121 70020 71040 5 7 1020
122 75120 76440 12 0 1320
123 76560 77280 0 1 720
124 77400 79140 1 3 1740
128 24420 25380 2 0 960
129 25500 26820 0 12 1320
130 29100 30420 12 0 1320
131 30540 31500 0 2 960
132 31620 33900 2 6 2280
133 36300 37620 12 0 1320
134 37740 38700 0 2 960
135 38820 41100 2 6 2280
136 43500 44820 12 0 1320
137 44940 45900 0 2 960
138 46020 48300 2 6 2280
139 50700 52020 12 0 1320
140 52140 53100 0 2 960
141 53220 55500 2 6 2280
142 57900 59220 12 0 1320
143 59340 60300 0 2 960
144 60420 62700 2 6 2280
145 65100 66420 12 0 1320
146 66540 67500 0 2 960
147 67620 69900 2 6 2280
148 72300 73620 12 0 1320
149 73740 74700 0 2 960
150 74820 77100 2 6 2280
153 28980 29940 2 0 960
154 31200 32160 0 2 960
155 32400 35760 2 9 3360
156 35880 39000 9 11 3120
157 39600 40560 0 2 960
158 40800 44160 2 9 3360
159 44280 47400 9 11 3120
160 48000 48960 0 2 960
161 49200 52560 2 9 3360
162 52680 55800 9 11 3120
163 56400 57360 0 2 960
164 57600 60960 2 9 3360
165 61080 64200 9 11 3120
166 64800 65760 0 2 960
167 66000 69360 2 9 3360
168 69480 72600 9 11 3120
169 73200 74160 0 2 960
170 74400 77760 2 9 3360
174 24960 26400 3 2 1440
175 26520 28800 2 6 2280
176 30660 32940 6 2 2280
177 33060 34500 2 3 1440
178 34620 36060 3 5 1440
179 36180 37200 5 7 1020
180 37860 40140 6 2 2280
181 40260 41700 2 3 1440
182 41820 43260 3 5 1440
183 43380 44400 5 7 1020
184 45060 47340 6 2 2280
185 47460 48900 2 3 1440
186 49020 50460 3 5 1440
187 50580 51600 5 7 1020
188 52260 54540 6 2 2280
189 54660 56100 2 3 1440
190 56220 57660 3 5 1440
191 57780 58800 5 7 1020
192 59460 61740 6 2 2280
193 61860 63300 2 3 1440
194 63420 64860 3 5 1440
195 64980 66000 5 7 1020
196 66660 68940 6 2 2280
197 69060 70500 2 3 1440
198 70620 72060 3 5 1440
199 72180 73200 5 7 1020
200 73860 76140 6 2 2280
201 76260 77700 2 3 1440
204 22320 23760 2 3 1440
205 24000 25440 3 8 1440
206 25560 27780 8 9 2220
207 29880 32100 9 8 2220
208 32220 33660 8 3 1440
209 33780 35220 3 2 1440
210 37080 39300 9 8 2220
211 39420 40860 8 3 1440
212 40980 42420 3 2 1440
213 44280 46500 9 8 2220
214 46620 48060 8 3 1440
215 48180 49620 3 2 1440
216 51480 53700 9 8 2220
217 53820 55260 8 3 1440
218 55380 56820 3 2 1440
219 58680 60900 9 8 2220
220 61020 62460 8 3 1440
221 62580 64020 3 2 1440
222 65880 68100 9 8 2220
223 68220 69660 8 3 1440
224 69780 71220 3 2 1440
225 73080 75300 9 8 2220
226 75420 76860 8 3 1440
227 76980 78420 3 2 1440
232 29400 30840 8 3 1440
233 30960 32640 3 10 1680
234 35160 36480 4 8 1320
235 36600 38040 8 3 1440
236 38160 39840 3 10 1680
237 42360 43680 4 8 1320
238 43800 45240 8 3 1440
239 45360 47040 3 10 1680
240 49560 50880 4 8 1320
241 51000 52440 8 3 1440
242 52560 54240 3 10 1680
243 56760 58080 4 8 1320
244 58200 59640 8 3 1440
245 59760 61440 3 10 1680
246 63960 65280 4 8 1320
247 65400 66840 8 3 1440
248 66960 68640 3 10 1680
249 71160 72480 4 8 1320
250 72600 74040 8 3 1440
251 74160 75840 3 10 1680
252 78360 79680 4 8 1320
257 25380 26820 3 5 1440
258 30180 31620 5 3 1440
259 31740 33480 3 1 1740
260 33600 34320 1 0 720
261 37380 38820 5 3 1440
262 38940 40680 3 1 1740
263 40800 41520 1 0 720
264 44580 46020 5 3 1440
265 46140 47880 3 1 1740
266 48000 48720 1 0 720
267 51780 53220 5 3 1440
268 53340 55080 3 1 1740
269 55200 55920 1 0 720
270 58980 60420 5 3 1440
271 60540 62280 3 1 1740
272 62400 63120 1 0 720
273 66180 67620 5 3 1440
274 67740 69480 3 1 1740
275 69600 70320 1 0 720
276 73380 74820 5 3 1440
277 74940 76680 3 1 1740
278 76800 77520 1 0 720
280 23880 25320 2 3 1440
281 25440 27120 3 10 1680
282 29880 31560 10 3 1680
283 31680 33120 3 2 1440
284 33360 34560 2 1 1200
285 37080 38760 10 3 1680
286 38880 40320 3 2 1440
287 40560 41760 2 1 1200
288 44280 45960 10 3 1680
289 46080 47520 3 2 1440
290 47760 48960 2 1 1200
291 51480 53160 10 3 1680
292 53280 54720 3 2 1440
293 54960 56160 2 1 1200
294 58680 60360 10 3 1680
295 60480 61920 3 2 1440
296 62160 63360 2 1 1200
297 65880 67560 10 3 1680
298 67680 69120 3 2 1440
299 69360 70560 2 1 1200
300 73080 74760 10 3 1680
301 74880 76320 3 2 1440
302 76560 77760 2 1 1200
306 30120 31440 4 8 1320
307 31680 33060 8 5 1380
308 33180 34620 5 3 1440
309 37320 38640 4 8 1320
310 38880 40260 8 5 1380
311 40380 41820 5 3 1440
312 44520 45840 4 8 1320
313 46080 47460 8 5 1380
314 47580 49020 5 3 1440
315 51720 53040 4 8 1320
316 53280 54660 8 5 1380
317 54780 56220 5 3 1440
318 58920 60240 4 8 1320
319 60480 61860 8 5 1380
320 61980 63420 5 3 1440
321 66120 67440 4 8 1320
322 67680 69060 8 5 1380
323 69180 70620 5 3 1440
324 73320 74640 4 8 1320
325 74880 76260 8 5 1380
326 76380 77820 5 3 1440
328 24480 25920 3 2 1440
329 26160 27360 2 1 1200
330 29760 30960 1 2 1200
331 31080 32520 2 3 1440
332 32640 34320 3 10 1680
333 36960 38160 1 2 1200
334 38280 39720 2 3 1440
335 39840 41520 3 10 1680
336 44160 45360 1 2 1200
337 45480 46920 2 3 1440
338 47040 48720 3 10 1680
339 51360 52560 1 2 1200
340 52680 54120 2 3 1440
341 54240 55920 3 10 1680
342 58560 59760 1 2 1200
343 59880 61320 2 3 1440
344 61440 63120 3 10 1680
345 65760 66960 1 2 1200
346 67080 68520 2 3 1440
347 68640 70320 3 10 1680
348 72960 74160 1 2 1200
349 74280 75720 2 3 1440
353 26580 28020 3 2 1440
354 29520 30960 2 3 1440
355 31200 32640 3 8 1440
356 32760 34980 8 9 2220
357 36720 38160 2 3 1440
358 38400 39840 3 8 1440
359 39960 42180 8 9 2220
360 43920 45360 2 3 1440
361 45600 47040 3 8 1440
362 47160 49380 8 9 2220
363 51120 52560 2 3 1440
364 52800 54240 3 8 1440
365 54360 56580 8 9 2220
366 58320 59760 2 3 1440
367 60000 61440 3 8 1440
368 61560 63780 8 9 2220
369 65520 66960 2 3 1440
370 67200 68640 3 8 1440
371 68760 70980 8 9 2220
372 72720 74160 2 3 1440
373 74400 75840 3 8 1440
374 75960 78180 8 9 2220
376 24000 27360 2 9 3360
377 27480 30600 9 11 3120
378 31860 34980 11 9 3120
379 35100 38460 9 2 3360
380 38580 39540 2 0 960
381 40260 43380 11 9 3120
382 43500 46860 9 2 3360
383 46980 47940 2 0 960
384 48660 51780 11 9 3120
385 51900 55260 9 2 3360
386 55380 56340 2 0 960
387 57060 60180 11 9 3120
388 60300 63660 9 2 3360
389 63780 64740 2 0 960
390 65460 68580 11 9 3120
391 68700 72060 9 2 3360
392 72180 73140 2 0 960
393 73860 76980 11 9 3120
394 77100 80460 9 2 3360
399 29820 31260 3 5 1440
400 31500 32880 5 8 1380
401 33000 34320 8 4 1320
402 37020 38460 3 5 1440
403 38700 40080 5 8 1380
404 40200 41520 8 4 1320
405 44220 45660 3 5 1440
406 45900 47280 5 8 1380
407 47400 48720 8 4 1320
408 51420 52860 3 5 1440
409 53100 54480 5 8 1380
410 54600 55920 8 4 1320
411 58620 60060 3 5 1440
412 60300 61680 5 8 1380
413 61800 63120 8 4 1320
414 65820 67260 3 5 1440
415 67500 68880 5 8 1380
416 69000 70320 8 4 1320
417 73020 74460 3 5 1440
418 74700 76080 5 8 1380
419 76200 77520 8 4 1320
423 30660 32880 9 8 2220
424 33000 34380 8 5 1380
425 34500 35520 5 7 1020
426 37860 40080 9 8 2220
427 40200 41580 8 5 1380
428 41700 42720 5 7 1020
429 45060 47280 9 8 2220
430 47400 48780 8 5 1380
431 48900 49920 5 7 1020
432 52260 54480 9 8 2220
433 54600 55980 8 5 1380
434 56100 57120 5 7 1020
435 59460 61680 9 8 2220
436 61800 63180 8 5 1380
437 63300 64320 5 7 1020
438 66660 68880 9 8 2220
439 69000 70380 8 5 1380
440 70500 71520 5 7 1020
441 73860 76080 9 8 2220
442 76200 77580 8 5 1380
445 24540 26280 3 1 1740
446 26400 27120 1 0 720
447 29760 30480 0 1 720
448 30720 32460 1 3 1740
449 32580 34020 3 5 1440
450 36960 37680 0 1 720
451 37920 39660 1 3 1740
452 39780 41220 3 5 1440
453 44160 44880 0 1 720
454 45120 46860 1 3 1740
455 46980 48420 3 5 1440
456 51360 52080 0 1 720
457 52320 54060 1 3 1740
458 54180 55620 3 5 1440
459 58560 59280 0 1 720
460 59520 61260 1 3 1740
461 61380 62820 3 5 1440
462 65760 66480 0 1 720
463 66720 68460 1 3 1740
464 68580 70020 3 5 1440
465 72960 73680 0 1 720
466 73920 75660 1 3 1740
467 75780 77220 3 5 1440
470 28740 30780 8 2 2040
471 30900 31860 2 0 960
472 31980 33300 0 12 1320
473 36300 37620 12 0 1320
474 37740 38700 0 2 960
475 38820 40860 2 8 2040
476 40980 43200 8 9 2220
477 43320 46440 9 11 3120
478 47100 48420 12 0 1320
479 48540 49500 0 2 960
480 49620 51660 2 8 2040
481 51780 54000 8 9 2220
482 54120 57240 9 11 3120
483 57900 59220 12 0 1320
484 59340 60300 0 2 960
485 60420 62460 2 8 2040
486 62580 64800 8 9 2220
487 64920 68040 9 11 3120
488 68700 70020 12 0 1320
489 70140 71100 0 2 960
490 71220 73260 2 8 2040
491 73380 75600 8 9 2220
495 26820 29100 2 6 2280
496 31260 33540 6 2 2280
497 33660 34860 2 1 1200
498 34980 37140 1 10 2160
499 38460 40740 6 2 2280
500 40860 42060 2 1 1200
501 42180 44340 1 10 2160
502 45660 47940 6 2 2280
503 48060 49260 2 1 1200
504 49380 51540 1 10 2160
505 52860 55140 6 2 2280
506 55260 56460 2 1 1200
507 56580 58740 1 10 2160
508 60060 62340 6 2 2280
509 62460 63660 2 1 1200
510 63780 65940 1 10 2160
511 67260 69540 6 2 2280
512 69660 70860 2 1 1200
513 70980 73140 1 10 2160
514 74460 76740 6 2 2280
515 76860 78060 2 1 1200
518 24420 26460 2 8 2040
519 26580 27900 8 4 1320
520 30540 31860 4 8 1320
521 31980 34020 8 2 2040
522 34140 35100 2 0 960
523 37740 39060 4 8 1320
524 39180 41220 8 2 2040
525 41340 42300 2 0 960
526 44940 46260 4 8 1320
527 46380 48420 8 2 2040
528 48540 49500 2 0 960
529 52140 53460 4 8 1320
530 53580 55620 8 2 2040
531 55740 56700 2 0 960
532 59340 60660 4 8 1320
533 60780 62820 8 2 2040
534 62940 63900 2 0 960
535 66540 67860 4 8 1320
536 67980 70020 8 2 2040
537 70140 71100 2 0 960
538 73740 75060 4 8 1320
539 75180 77220 8 2 2040
540 77340 78300 2 0 960
543 26940 27900 2 0 960
544 30540 31500 0 2 960
545 31620 33660 2 8 2040
546 33780 35100 8 4 1320
547 37740 38700 0 2 960
548 38820 40860 2 8 2040
549 40980 42300 8 4 1320
550 44940 45900 0 2 960
551 46020 48060 2 8 2040
552 48180 49500 8 4 1320
553 52140 53100 0 2 960
554 53220 55260 2 8 2040
555 55380 56700 8 4 1320
556 59340 60300 0 2 960
557 60420 62460 2 8 2040
558 62580 63900 8 4 1320
559 66540 67500 0 2 960
560 67620 69660 2 8 2040
561 69780 71100 8 4 1320
562 73740 74700 0 2 960
563 74820 76860 2 8 2040
567 30180 31140 2 0 960
568 32400 33360 0 2 960
569 33600 36960 2 9 3360
570 37080 40200 9 11 3120
571 40800 41760 0 2 960
572 42000 45360 2 9 3360
573 45480 48600 9 11 3120
574 49200 50160 0 2 960
575 50400 53760 2 9 3360
576 53880 57000 9 11 3120
577 57600 58560 0 2 960
578 58800 62160 2 9 3360
579 62280 65400 9 11 3120
580 66000 66960 0 2 960
581 67200 70560 2 9 3360
582 70680 73800 9 11 3120
583 74400 75360 0 2 960
584 75600 78960 2 9 3360
587 25860 27300 2 3 1440
588 27420 28860 3 5 1440
589 28980 30000 5 7 1020
590 33060 34080 7 5 1020
591 34200 35640 5 3 1440
592 35760 37200 3 2 1440
593 37320 39600 2 6 2280
594 40260 41280 7 5 1020
595 41400 42840 5 3 1440
596 42960 44400 3 2 1440
597 44520 46800 2 6 2280
598 47460 48480 7 5 1020
599 48600 50040 5 3 1440
600 50160 51600 3 2 1440
601 51720 54000 2 6 2280
602 54660 55680 7 5 1020
603 55800 57240 5 3 1440
604 57360 58800 3 2 1440
605 58920 61200 2 6 2280
606 61860 62880 7 5 1020
607 63000 64440 5 3 1440
608 64560 66000 3 2 1440
609 66120 68400 2 6 2280
610 69060 70080 7 5 1020
611 70200 71640 5 3 1440
612 71760 73200 3 2 1440
613 73320 75600 2 6 2280
614 76260 77280 7 5 1020
615 77400 78840 5 3 1440
616 78960 80400 3 2 1440
622 31260 32640 5 8 1380
623 32760 34980 8 9 2220
624 37320 38340 7 5 1020
625 38460 39840 5 8 1380
626 39960 42180 8 9 2220
627 44520 45540 7 5 1020
628 45660 47040 5 8 1380
629 47160 49380 8 9 2220
630 51720 52740 7 5 1020
631 52860 54240 5 8 1380
632 54360 56580 8 9 2220
633 58920 59940 7 5 1020
634 60060 61440 5 8 1380
635 61560 63780 8 9 2220
636 66120 67140 7 5 1020
637 67260 68640 5 8 1380
638 68760 70980 8 9 2220
639 73320 74340 7 5 1020
640 74460 75840 5 8 1380
641 75960 78180 8 9 2220
643 25200 28560 2 9 3360
644 28680 31800 9 11 3120
645 33060 36180 11 9 3120
646 36300 39660 9 2 3360
647 39780 40740 2 0 960
648 41460 44580 11 9 3120
649 44700 48060 9 2 3360
650 48180 49140 2 0 960
651 49860 52980 11 9 3120
652 53100 56460 9 2 3360
653 56580 57540 2 0 960
654 58260 61380 11 9 3120
655 61500 64860 9 2 3360
656 64980 65940 2 0 960
657 66660 69780 11 9 3120
658 69900 73260 9 2 3360
659 73380 74340 2 0 960
660 75060 78180 11 9 3120
661 78300 81660 9 2 3360
664 26460 27660 2 1 1200
665 27780 29940 1 10 2160
666 34020 36180 10 1 2160
667 36300 37500 1 2 1200
668 37620 39900 2 6 2280
669 41220 43380 10 1 2160
670 43500 44700 1 2 1200
671 44820 47100 2 6 2280
672 48420 50580 10 1 2160
673 50700 51900 1 2 1200
674 52020 54300 2 6 2280
675 55620 57780 10 1 2160
676 57900 59100 1 2 1200
677 59220 61500 2 6 2280
678 62820 64980 10 1 2160
679 65100 66300 1 2 1200
680 66420 68700 2 6 2280
681 70020 72180 10 1 2160
682 72300 73500 1 2 1200
683 73620 75900 2 6 2280
684 77220 79380 10 1 2160
685 79500 80700 1 2 1200
689 27360 29040 3 10 1680
690 29640 31320 10 3 1680
691 31440 32880 3 8 1440
692 33000 34320 8 4 1320
693 36840 38520 10 3 1680
694 38640 40080 3 8 1440
695 40200 41520 8 4 1320
696 44040 45720 10 3 1680
697 45840 47280 3 8 1440
698 47400 48720 8 4 1320
699 51240 52920 10 3 1680
700 53040 54480 3 8 1440
701 54600 55920 8 4 1320
702 58440 60120 10 3 1680
703 60240 61680 3 8 1440
704 61800 63120 8 4 1320
705 65640 67320 10 3 1680
706 67440 68880 3 8 1440
707 69000 70320 8 4 1320
708 72840 74520 10 3 1680
709 74640 76080 3 8 1440
710 76200 77520 8 4 1320
712 27900 31260 9 2 3360
713 31380 32340 2 0 960
714 33600 34560 0 2 960
715 34800 38160 2 9 3360
716 38280 41400 9 11 3120
717 42000 42960 0 2 960
718 43200 46560 2 9 3360
719 46680 49800 9 11 3120
720 50400 51360 0 2 960
721 51600 54960 2 9 3360
722 55080 58200 9 11 3120
723 58800 59760 0 2 960
724 60000 63360 2 9 3360
725 63480 66600 9 11 3120
726 67200 68160 0 2 960
727 68400 71760 2 9 3360
728 71880 75000 9 11 3120
729 75600 76560 0 2 960
730 76800 80160 2 9 3360
733 26160 26880 0 1 720
734 27000 28740 1 3 1740
735 28860 30300 3 5 1440
736 30420 31440 5 7 1020
737 32760 33780 7 5 1020
738 33900 35340 5 3 1440
739 35460 37200 3 1 1740
740 37320 38040 1 0 720
741 38160 39480 0 12 1320
742 43560 44580 7 5 1020
743 44700 46140 5 3 1440
744 46260 48000 3 1 1740
745 48120 48840 1 0 720
746 48960 50280 0 12 1320
747 54360 55380 7 5 1020
748 55500 56940 5 3 1440
749 57060 58800 3 1 1740
750 58920 59640 1 0 720
751 59760 61080 0 12 1320
752 65160 66180 7 5 1020
753 66300 67740 5 3 1440
754 67860 69600 3 1 1740
755 69720 70440 1 0 720
756 70560 71880 0 12 1320
757 75960 76980 7 5 1020
758 77100 78540 5 3 1440
763 27360 28560 2 1 1200
764 28680 29400 1 0 720
765 32760 33480 0 1 720
766 33600 34800 1 2 1200
767 34920 37200 2 6 2280
768 39960 40680 0 1 720
769 40800 42000 1 2 1200
770 42120 44400 2 6 2280
771 47160 47880 0 1 720
772 48000 49200 1 2 1200
773 49320 51600 2 6 2280
774 54360 55080 0 1 720
775 55200 56400 1 2 1200
776 56520 58800 2 6 2280
777 61560 62280 0 1 720
778 62400 63600 1 2 1200
779 63720 66000 2 6 2280
780 68760 69480 0 1 720
781 69600 70800 1 2 1200
782 70920 73200 2 6 2280
783 75960 76680 0 1 720
784 76800 78000 1 2 1200
787 26400 29760 2 9 3360
788 29880 33000 9 11 3120
789 34260 37380 11 9 3120
790 37500 40860 9 2 3360
791 40980 41940 2 0 960
792 42660 45780 11 9 3120
793 45900 49260 9 2 3360
794 49380 50340 2 0 960
795 51060 54180 11 9 3120
796 54300 57660 9 2 3360
797 57780 58740 2 0 960
798 59460 62580 11 9 3120
799 62700 66060 9 2 3360
800 66180 67140 2 0 960
801 67860 70980 11 9 3120
802 71100 74460 9 2 3360
803 74580 75540 2 0 960
804 76260 79380 11 9 3120
805 79500 82860 9 2 3360
808 26940 27900 0 2 960
809 28020 30300 2 6 2280
810 32820 35100 6 2 2280
811 35220 36180 2 0 960
812 36300 37620 0 12 1320
813 40020 42300 6 2 2280
814 42420 43380 2 0 960
815 43500 44820 0 12 1320
816 47220 49500 6 2 2280
817 49620 50580 2 0 960
818 50700 52020 0 12 1320
819 54420 56700 6 2 2280
820 56820 57780 2 0 960
821 57900 59220 0 12 1320
822 61620 63900 6 2 2280
823 64020 64980 2 0 960
824 65100 66420 0 12 1320
825 68820 71100 6 2 2280
826 71220 72180 2 0 960
827 72300 73620 0 12 1320
828 76020 78300 6 2 2280
832 26940 27900 0 2 960
833 28020 30060 2 8 2040
834 30180 32400 8 9 2220
835 32520 35640 9 11 3120
836 37440 40560 11 9 3120
837 40680 42900 9 8 2220
838 43140 45180 8 2 2040
839 45300 46260 2 0 960
840 46380 47700 0 12 1320
841 51840 54960 11 9 3120
842 55080 57300 9 8 2220
843 57540 59580 8 2 2040
844 59700 60660 2 0 960
845 60780 62100 0 12 1320
846 66240 69360 11 9 3120
847 69480 71700 9 8 2220
848 71940 73980 8 2 2040
849 74100 75060 2 0 960
853 27720 30000 2 6 2280
854 32040 34320 6 2 2280
855 34560 35760 2 1 1200
856 35880 36600 1 0 720
857 39240 41520 6 2 2280
858 41760 42960 2 1 1200
859 43080 43800 1 0 720
860 46440 48720 6 2 2280
861 48960 50160 2 1 1200
862 50280 51000 1 0 720
863 53640 55920 6 2 2280
864 56160 57360 2 1 1200
865 57480 58200 1 0 720
866 60840 63120 6 2 2280
867 63360 64560 2 1 1200
868 64680 65400 1 0 720
869 68040 70320 6 2 2280
870 70560 71760 2 1 1200
871 71880 72600 1 0 720
872 75240 77520 6 2 2280
877 28260 30000 3 1 1740
878 30120 30840 1 0 720
879 30960 32280 0 12 1320
880 35520 36840 12 0 1320
881 36960 37680 0 1 720
882 37800 39540 1 3 1740
883 39660 41100 3 5 1440
884 41220 42240 5 7 1020
885 46320 47640 12 0 1320
886 47760 48480 0 1 720
887 48600 50340 1 3 1740
888 50460 51900 3 5 1440
889 52020 53040 5 7 1020
890 57120 58440 12 0 1320
891 58560 59280 0 1 720
892 59400 61140 1 3 1740
893 61260 62700 3 5 1440
894 62820 63840 5 7 1020
895 67920 69240 12 0 1320
896 69360 70080 0 1 720
897 70200 71940 1 3 1740
898 72060 73500 3 5 1440
899 73620 74640 5 7 1020
906 28020 28980 2 0 960
907 29100 30420 0 12 1320
908 32700 34020 12 0 1320
909 34140 35100 0 2 960
910 35220 37500 2 6 2280
911 39900 41220 12 0 1320
912 41340 42300 0 2 960
913 42420 44700 2 6 2280
914 47100 48420 12 0 1320
915 48540 49500 0 2 960
916 49620 51900 2 6 2280
917 54300 55620 12 0 1320
918 55740 56700 0 2 960
919 56820 59100 2 6 2280
920 61500 62820 12 0 1320
921 62940 63900 0 2 960
922 64020 66300 2 6 2280
923 68700 70020 12 0 1320
924 70140 71100 0 2 960
925 71220 73500 2 6 2280
926 75900 77220 12 0 1320
927 77340 78300 0 2 960
930 29100 32460 9 2 3360
931 32580 33540 2 0 960
932 34800 35760 0 2 960
933 36000 39360 2 9 3360
934 39480 42600 9 11 3120
935 43200 44160 0 2 960
936 44400 47760 2 9 3360
937 47880 51000 9 11 3120
938 51600 52560 0 2 960
939 52800 56160 2 9 3360
940 56280 59400 9 11 3120
941 60000 60960 0 2 960
942 61200 64560 2 9 3360
943 64680 67800 9 11 3120
944 68400 69360 0 2 960
945 69600 72960 2 9 3360
946 73080 76200 9 11 3120
947 76800 77760 0 2 960
952 28560 30000 3 2 1440
953 30120 32400 2 6 2280
954 34260 36540 6 2 2280
955 36660 38100 2 3 1440
956 38220 39660 3 5 1440
957 39780 40800 5 7 1020
958 41460 43740 6 2 2280
959 43860 45300 2 3 1440
960 45420 46860 3 5 1440
961 46980 48000 5 7 1020
962 48660 50940 6 2 2280
963 51060 52500 2 3 1440
964 52620 54060 3 5 1440
965 54180 55200 5 7 1020
966 55860 58140 6 2 2280
967 58260 59700 2 3 1440
968 59820 61260 3 5 1440
969 61380 62400 5 7 1020
970 63060 65340 6 2 2280
971 65460 66900 2 3 1440
972 67020 68460 3 5 1440
973 68580 69600 5 7 1020
974 70260 72540 6 2 2280
975 72660 74100 2 3 1440
976 74220 75660 3 5 1440
978 77460 79740 6 2 2280
982 25920 27360 2 3 1440
983 27600 29040 3 8 1440
984 29160 31380 8 9 2220
985 33480 35700 9 8 2220
986 35820 37260 8 3 1440
987 37380 38820 3 2 1440
988 40680 42900 9 8 2220
989 43020 44460 8 3 1440
990 44580 46020 3 2 1440
991 47880 50100 9 8 2220
992 50220 51660 8 3 1440
993 51780 53220 3 2 1440
994 55080 57300 9 8 2220
995 57420 58860 8 3 1440
996 58980 60420 3 2 1440
997 62280 64500 9 8 2220
998 64620 66060 8 3 1440
999 66180 67620 3 2 1440
1000 69480 71700 9 8 2220
1001 71820 73260 8 3 1440
1002 73380 74820 3 2 1440
1003 76680 78900 9 8 2220
1004 79020 80460 8 3 1440
1005 80580 82020 3 2 1440
1007 27840 29280 3 8 1440
1008 29400 30720 8 4 1320
1009 31560 32880 4 8 1320
1010 33000 34440 8 3 1440
1011 34560 36240 3 10 1680
1012 38760 40080 4 8 1320
1013 40200 41640 8 3 1440
1014 41760 43440 3 10 1680
1015 45960 47280 4 8 1320
1016 47400 48840 8 3 1440
1017 48960 50640 3 10 1680
1018 53160 54480 4 8 1320
1019 54600 56040 8 3 1440
1020 56160 57840 3 10 1680
1021 60360 61680 4 8 1320
1022 61800 63240 8 3 1440
1023 63360 65040 3 10 1680
1024 67560 68880 4 8 1320
1025 69000 70440 8 3 1440
1026 70560 72240 3 10 1680
1027 74760 76080 4 8 1320
1028 76200 77640 8 3 1440
1030 26160 26880 0 1 720
1031 27120 28860 1 3 1740
1032 28980 30420 3 5 1440
1033 33780 35220 5 3 1440
1034 35340 37080 3 1 1740
1035 37200 37920 1 0 720
1036 40980 42420 5 3 1440
1037 42540 44280 3 1 1740
1038 44400 45120 1 0 720
1039 48180 49620 5 3 1440
1040 49740 51480 3 1 1740
1041 51600 52320 1 0 720
1042 55380 56820 5 3 1440
1043 56940 58680 3 1 1740
1044 58800 59520 1 0 720
1045 62580 64020 5 3 1440
1046 64140 65880 3 1 1740
1047 66000 66720 1 0 720
1048 69780 71220 5 3 1440
1049 71340 73080 3 1 1740
1050 73200 73920 1 0 720
1051 76980 78420 5 3 1440
1055 27480 28920 2 3 1440
1056 29040 30720 3 10 1680
1057 33480 35160 10 3 1680
1058 35280 36720 3 2 1440
1059 36960 38160 2 1 1200
1060 40680 42360 10 3 1680
1061 42480 43920 3 2 1440
1062 44160 45360 2 1 1200
1063 47880 49560 10 3 1680
1064 49680 51120 3 2 1440
1065 51360 52560 2 1 1200
1066 55080 56760 10 3 1680
1067 56880 58320 3 2 1440
1068 58560 59760 2 1 1200
1069 62280 63960 10 3 1680
1070 64080 65520 3 2 1440
1071 65760 66960 2 1 1200
1072 69480 71160 10 3 1680
1073 71280 72720 3 2 1440
1074 72960 74160 2 1 1200
1075 76680 78360 10 3 1680
1076 78480 79920 3 2 1440
1078 26220 27660 3 5 1440
1079 27900 29280 5 8 1380
1080 29400 30720 8 4 1320
1081 33720 35040 4 8 1320
1082 35280 36660 8 5 1380
1083 36780 38220 5 3 1440
1084 40920 42240 4 8 1320
1085 42480 43860 8 5 1380
1086 43980 45420 5 3 1440
1087 48120 49440 4 8 1320
1088 49680 51060 8 5 1380
1089 51180 52620 5 3 1440
1090 55320 56640 4 8 1320
1091 56880 58260 8 5 1380
1092 58380 59820 5 3 1440
1093 62520 63840 4 8 1320
1094 64080 65460 8 5 1380
1095 65580 67020 5 3 1440
1096 69720 71040 4 8 1320
1097 71280 72660 8 5 1380
1098 72780 74220 5 3 1440
1099 76920 78240 4 8 1320
1103 28080 29520 3 2 1440
1104 29760 30960 2 1 1200
1105 33360 34560 1 2 1200
1106 34680 36120 2 3 1440
1107 36240 37920 3 10 1680
1108 40560 41760 1 2 1200
1109 41880 43320 2 3 1440
1110 43440 45120 3 10 1680
1111 47760 48960 1 2 1200
1112 49080 50520 2 3 1440
1113 50640 52320 3 10 1680
1114 54960 56160 1 2 1200
1115 56280 57720 2 3 1440
1116 57840 59520 3 10 1680
1117 62160 63360 1 2 1200
1118 63480 64920 2 3 1440
1119 65040 66720 3 10 1680
1120 69360 70560 1 2 1200
1121 70680 72120 2 3 1440
1122 72240 73920 3 10 1680
1123 76560 77760 1 2 1200
1124 77880 79320 2 3 1440
1127 28620 30060 8 3 1440
1128 30180 31620 3 2 1440
1129 33120 34560 2 3 1440
1130 34800 36240 3 8 1440
1131 36360 38580 8 9 2220
1132 40320 41760 2 3 1440
1133 42000 43440 3 8 1440
1134 43560 45780 8 9 2220
1135 47520 48960 2 3 1440
1136 49200 50640 3 8 1440
1137 50760 52980 8 9 2220
1138 54720 56160 2 3 1440
1139 56400 57840 3 8 1440
1140 57960 60180 8 9 2220
1141 61920 63360 2 3 1440
1142 63600 65040 3 8 1440
1143 65160 67380 8 9 2220
1144 69120 70560 2 3 1440
1145 70800 72240 3 8 1440
1146 72360 74580 8 9 2220
1147 76320 77760 2 3 1440
1148 78000 79440 3 8 1440
1150 26400 27360 0 2 960
1151 27600 30960 2 9 3360
1152 31080 34200 9 11 3120
1153 35460 38580 11 9 3120
1154 38700 42060 9 2 3360
1155 42180 43140 2 0 960
1156 43860 46980 11 9 3120
1157 47100 50460 9 2 3360
1158 50580 51540 2 0 960
1159 52260 55380 11 9 3120
1160 55500 58860 9 2 3360
1161 58980 59940 2 0 960
1162 60660 63780 11 9 3120
1163 63900 67260 9 2 3360
1164 67380 68340 2 0 960
1165 69060 72180 11 9 3120
1166 72300 75660 9 2 3360
1167 75780 76740 2 0 960
1168 77460 80580 11 9 3120
1169 80700 84060 9 2 3360
1172 28080 29460 8 5 1380
1173 29580 31020 5 3 1440
1174 33420 34860 3 5 1440
1175 35100 36480 5 8 1380
1176 36600 37920 8 4 1320
1177 40620 42060 3 5 1440
1178 42300 43680 5 8 1380
1179 43800 45120 8 4 1320
1180 47820 49260 3 5 1440
1181 49500 50880 5 8 1380
1182 51000 52320 8 4 1320
1183 55020 56460 3 5 1440
1184 56700 58080 5 8 1380
1185 58200 59520 8 4 1320
1186 62220 63660 3 5 1440
1187 63900 65280 5 8 1380
1188 65400 66720 8 4 1320
1189 69420 70860 3 5 1440
1190 71100 72480 5 8 1380
1191 72600 73920 8 4 1320
1192 76620 78060 3 5 1440
1193 78300 79680 5 8 1380
1196 27660 29040 5 8 1380
1197 29160 31380 8 9 2220
1198 34260 36480 9 8 2220
1199 36600 37980 8 5 1380
1200 38100 39120 5 7 1020
1201 41460 43680 9 8 2220
1202 43800 45180 8 5 1380
1203 45300 46320 5 7 1020
1204 48660 50880 9 8 2220
1205 51000 52380 8 5 1380
1206 52500 53520 5 7 1020
1207 55860 58080 9 8 2220
1208 58200 59580 8 5 1380
1209 59700 60720 5 7 1020
1210 63060 65280 9 8 2220
1211 65400 66780 8 5 1380
1212 66900 67920 5 7 1020
1213 70260 72480 9 8 2220
1214 72600 73980 8 5 1380
1215 74100 75120 5 7 1020
1216 77460 79680 9 8 2220
1220 28140 29880 3 1 1740
1221 30000 30720 1 0 720
1222 33360 34080 0 1 720
1223 34320 36060 1 3 1740
1224 36180 37620 3 5 1440
1225 40560 41280 0 1 720
1226 41520 43260 1 3 1740
1227 43380 44820 3 5 1440
1228 47760 48480 0 1 720
1229 48720 50460 1 3 1740
1230 50580 52020 3 5 1440
1231 54960 55680 0 1 720
1232 55920 57660 1 3 1740
1233 57780 59220 3 5 1440
1234 62160 62880 0 1 720
1235 63120 64860 1 3 1740
1236 64980 66420 3 5 1440
1237 69360 70080 0 1 720
1238 70320 72060 1 3 1740
1239 72180 73620 3 5 1440
1240 76560 77280 0 1 720
1241 77520 79260 1 3 1740
1244 29880 32100 9 8 2220
1245 32340 34380 8 2 2040
1246 34500 35460 2 0 960
1247 35580 36900 0 12 1320
1248 39900 41220 12 0 1320
1249 41340 42300 0 2 960
1250 42420 44460 2 8 2040
1251 44580 46800 8 9 2220
1252 46920 50040 9 11 3120
1253 50700 52020 12 0 1320
1254 52140 53100 0 2 960
1255 53220 55260 2 8 2040
1256 55380 57600 8 9 2220
1257 57720 60840 9 11 3120
1258 61500 62820 12 0 1320
1259 62940 63900 0 2 960
1260 64020 66060 2 8 2040
1261 66180 68400 8 9 2220
1262 68520 71640 9 11 3120
1263 72300 73620 12 0 1320
1264 73740 74700 0 2 960
1265 74820 76860 2 8 2040
1266 76980 79200 8 9 2220
1269 29100 30300 1 2 1200
1270 30420 32700 2 6 2280
1271 34860 37140 6 2 2280
1272 37260 38460 2 1 1200
1273 38580 40740 1 10 2160
1274 42060 44340 6 2 2280
1275 44460 45660 2 1 1200
1276 45780 47940 1 10 2160
1277 49260 51540 6 2 2280
1278 51660 52860 2 1 1200
1279 52980 55140 1 10 2160
1280 56460 58740 6 2 2280
1281 58860 60060 2 1 1200
1282 60180 62340 1 10 2160
1283 63660 65940 6 2 2280
1284 66060 67260 2 1 1200
1285 67380 69540 1 10 2160
1286 70860 73140 6 2 2280
1287 73260 74460 2 1 1200
1289 78060 80340 6 2 2280
1292 26940 27900 0 2 960
1293 28020 30060 2 8 2040
1294 30180 31500 8 4 1320
1295 34140 35460 4 8 1320
1296 35580 37620 8 2 2040
1297 37740 38700 2 0 960
1298 41340 42660 4 8 1320
1299 42780 44820 8 2 2040
1300 44940 45900 2 0 960
1301 48540 49860 4 8 1320
1302 49980 52020 8 2 2040
1303 52140 53100 2 0 960
1304 55740 57060 4 8 1320
1305 57180 59220 8 2 2040
1306 59340 60300 2 0 960
1307 62940 64260 4 8 1320
1308 64380 66420 8 2 2040
1309 66540 67500 2 0 960
1310 70140 71460 4 8 1320
1311 71580 73620 8 2 2040
1312 73740 74700 2 0 960
1313 77340 78660 4 8 1320
1314 78780 80820 8 2 2040
1317 28380 30420 8 2 2040
1318 30540 31500 2 0 960
1319 34140 35100 0 2 960
1320 35220 37260 2 8 2040
1321 37380 38700 8 4 1320
1322 41340 42300 0 2 960
1323 42420 44460 2 8 2040
1324 44580 45900 8 4 1320
1325 48540 49500 0 2 960
1326 49620 51660 2 8 2040
1327 51780 53100 8 4 1320
1328 55740 56700 0 2 960
1329 56820 58860 2 8 2040
1330 58980 60300 8 4 1320
1331 62940 63900 0 2 960
1332 64020 66060 2 8 2040
1333 66180 67500 8 4 1320
1334 70140 71100 0 2 960
1335 71220 73260 2 8 2040
1336 73380 74700 8 4 1320
1337 77340 78300 0 2 960
1338 78420 80460 2 8 2040
1341 30300 33660 9 2 3360
1342 33780 34740 2 0 960
1343 36000 36960 0 2 960
1344 37200 40560 2 9 3360
1345 40680 43800 9 11 3120
1346 44400 45360 0 2 960
1347 45600 48960 2 9 3360
1348 49080 52200 9 11 3120
1349 52800 53760 0 2 960
1350 54000 57360 2 9 3360
1351 57480 60600 9 11 3120
1352 61200 62160 0 2 960
1353 62400 65760 2 9 3360
1354 65880 69000 9 11 3120
1355 69600 70560 0 2 960
1356 70800 74160 2 9 3360
1357 74280 77400 9 11 3120
1358 78000 78960 0 2 960
1361 27060 29340 6 2 2280
1362 29460 30900 2 3 1440
1363 31020 32460 3 5 1440
1364 32580 33600 5 7 1020
1365 36660 37680 7 5 1020
1366 37800 39240 5 3 1440
1367 39360 40800 3 2 1440
1368 40920 43200 2 6 2280
1369 43860 44880 7 5 1020
1370 45000 46440 5 3 1440
1371 46560 48000 3 2 1440
1372 48120 50400 2 6 2280
1373 51060 52080 7 5 1020
1374 52200 53640 5 3 1440
1375 53760 55200 3 2 1440
1376 55320 57600 2 6 2280
1377 58260 59280 7 5 1020
1378 59400 60840 5 3 1440
1379 60960 62400 3 2 1440
1380 62520 64800 2 6 2280
1381 65460 66480 7 5 1020
1382 66600 68040 5 3 1440
1383 68160 69600 3 2 1440
1384 69720 72000 2 6 2280
1385 72660 73680 7 5 1020
1386 73800 75240 5 3 1440
1387 75360 76800 3 2 1440
1389 27060 29280 9 8 2220
1390 29400 30780 8 5 1380
1391 30900 31920 5 7 1020
1392 33720 34740 7 5 1020
1393 34860 36240 5 8 1380
1394 36360 38580 8 9 2220
1395 40920 41940 7 5 1020
1396 42060 43440 5 8 1380
1397 43560 45780 8 9 2220
1398 48120 49140 7 5 1020
1399 49260 50640 5 8 1380
1400 50760 52980 8 9 2220
1401 55320 56340 7 5 1020
1402 56460 57840 5 8 1380
1403 57960 60180 8 9 2220
1404 62520 63540 7 5 1020
1405 63660 65040 5 8 1380
1406 65160 67380 8 9 2220
1407 69720 70740 7 5 1020
1408 70860 72240 5 8 1380
1409 72360 74580 8 9 2220
1410 76920 77940 7 5 1020
1411 78060 79440 5 8 1380
1413 27600 28560 0 2 960
1414 28800 32160 2 9 3360
1415 32280 35400 9 11 3120
1416 36660 39780 11 9 3120
1417 39900 43260 9 2 3360
1418 43380 44340 2 0 960
1419 45060 48180 11 9 3120
1420 48300 51660 9 2 3360
1421 51780 52740 2 0 960
1422 53460 56580 11 9 3120
1423 56700 60060 9 2 3360
1424 60180 61140 2 0 960
1425 61860 64980 11 9 3120
1426 65100 68460 9 2 3360
1427 68580 69540 2 0 960
1428 70260 73380 11 9 3120
1429 73500 76860 9 2 3360
1430 76980 77940 2 0 960
1431 78660 81780 11 9 3120
1432 81900 85260 9 2 3360
1434 27660 29940 6 2 2280
1435 30060 31260 2 1 1200
1436 31380 33540 1 10 2160
1437 37620 39780 10 1 2160
1438 39900 41100 1 2 1200
1439 41220 43500 2 6 2280
1440 44820 46980 10 1 2160
1441 47100 48300 1 2 1200
1442 48420 50700 2 6 2280
1443 52020 54180 10 1 2160
1444 54300 55500 1 2 1200
1445 55620 57900 2 6 2280
1446 59220 61380 10 1 2160
1447 61500 62700 1 2 1200
1448 62820 65100 2 6 2280
1449 66420 68580 10 1 2160
1450 68700 69900 1 2 1200
1451 70020 72300 2 6 2280
1452 73620 75780 10 1 2160
1453 75900 77100 1 2 1200
1456 31500 34860 9 2 3360
1457 34980 35940 2 0 960
1458 37200 38160 0 2 960
1459 38400 41760 2 9 3360
1460 41880 45000 9 11 3120
1461 45600 46560 0 2 960
1462 46800 50160 2 9 3360
1463 50280 53400 9 11 3120
1464 54000 54960 0 2 960
1465 55200 58560 2 9 3360
1466 58680 61800 9 11 3120
1467 62400 63360 0 2 960
1468 63600 66960 2 9 3360
1469 67080 70200 9 11 3120
1470 70800 71760 0 2 960
1471 72000 75360 2 9 3360
1473 79200 80160 0 2 960
1476 28320 29640 12 0 1320
1477 29760 30480 0 1 720
1478 30600 32340 1 3 1740
1479 32460 33900 3 5 1440
1480 34020 35040 5 7 1020
1481 36360 37380 7 5 1020
1482 37500 38940 5 3 1440
1483 39060 40800 3 1 1740
1484 40920 41640 1 0 720
1485 41760 43080 0 12 1320
1486 47160 48180 7 5 1020
1487 48300 49740 5 3 1440
1488 49860 51600 3 1 1740
1489 51720 52440 1 0 720
1490 52560 53880 0 12 1320
1491 57960 58980 7 5 1020
1492 59100 60540 5 3 1440
1493 60660 62400 3 1 1740
1494 62520 63240 1 0 720
1495 63360 64680 0 12 1320
1496 68760 69780 7 5 1020
1497 69900 71340 5 3 1440
1498 71460 73200 3 1 1740
1499 73320 74040 1 0 720
1501 28800 29760 0 2 960
1502 30000 33360 2 9 3360
1503 33480 36600 9 11 3120
1504 37860 40980 11 9 3120
1505 41100 44460 9 2 3360
1506 44580 45540 2 0 960
1507 46260 49380 11 9 3120
1508 49500 52860 9 2 3360
1509 52980 53940 2 0 960
1510 54660 57780 11 9 3120
1511 57900 61260 9 2 3360
1512 61380 62340 2 0 960
1513 63060 66180 11 9 3120
1514 66300 69660 9 2 3360
1515 69780 70740 2 0 960
1516 71460 74580 11 9 3120
1517 74700 78060 9 2 3360
1519 29100 30420 12 0 1320
1520 30540 31500 0 2 960
1521 31620 33660 2 8 2040
1522 33780 36000 8 9 2220
1523 36120 39240 9 11 3120
1524 41040 44160 11 9 3120
1525 44280 46500 9 8 2220
1526 46740 48780 8 2 2040
1527 48900 49860 2 0 960
1528 49980 51300 0 12 1320
1529 55440 58560 11 9 3120
1530 58680 60900 9 8 2220
1531 61140 63180 8 2 2040
1532 63300 64260 2 0 960
1533 64380 65700 0 12 1320
1534 69840 72960 11 9 3120
1535 73080 75300 9 8 2220
1536 75540 77580 8 2 2040
1539 29160 29880 0 1 720
1540 30000 31200 1 2 1200
1541 31320 33600 2 6 2280
1542 35640 37920 6 2 2280
1543 38160 39360 2 1 1200
1544 39480 40200 1 0 720
1546 30300 31740 5 3 1440
1547 31860 33600 3 1 1740
1548 33720 34440 1 0 720
1549 34560 35880 0 12 1320
1550 39120 40440 12 0 1320
1551 40560 41280 0 1 720
1552 41400 43140 1 3 1740
1553 43260 44700 3 5 1440
1554 44820 45840 5 7 1020
1555 49920 51240 12 0 1320
1556 51360 52080 0 1 720
1557 52200 53940 1 3 1740
1558 54060 55500 3 5 1440
1559 55620 56640 5 7 1020
1560 60720 62040 12 0 1320
1561 62160 62880 0 1 720
1562 63000 64740 1 3 1740
1563 64860 66300 3 5 1440
1564 66420 67440 5 7 1020
1565 71520 72840 12 0 1320
1566 72960 73680 0 1 720
1567 73800 75540 1 3 1740
1568 75660 77100 3 5 1440
1571 32700 36060 9 2 3360
1572 36180 37140 2 0 960
1573 38400 39360 0 2 960
1574 39600 42960 2 9 3360
1575 43080 46200 9 11 3120
1576 46800 47760 0 2 960
1577 48000 51360 2 9 3360
1578 51480 54600 9 11 3120
1579 55200 56160 0 2 960
1580 56400 59760 2 9 3360
1581 59880 63000 9 11 3120
1582 63600 64560 0 2 960
1583 64800 68160 2 9 3360
1584 68280 71400 9 11 3120
1585 72000 72960 0 2 960
1586 73200 76560 2 9 3360
1589 30600 32040 5 3 1440
1590 32160 33600 3 2 1440
1591 33720 36000 2 6 2280
1592 37860 40140 6 2 2280
1593 40260 41700 2 3 1440
1594 41820 43260 3 5 1440
1595 43380 44400 5 7 1020
1596 30000 30960 0 2 960
1597 31200 34560 2 9 3360
1598 34680 37800 9 11 3120
1599 39060 42180 11 9 3120
1600 42300 45660 9 2 3360
1601 45780 46740 2 0 960
1602 30240 33360 11 9 3120
1603 33480 35700 9 8 2220
1604 35940 37980 8 2 2040
1605 38100 39060 2 0 960
1606 39180 40500 0 12 1320
1607 43500 44820 12 0 1320
1608 44940 45900 0 2 960
1609 46020 48060 2 8 2040
1610 48180 50400 8 9 2220
1611 50520 53640 9 11 3120
1612 54300 55620 12 0 1320
1613 55740 56700 0 2 960
1614 56820 58860 2 8 2040
1615 58980 61200 8 9 2220
1616 61320 64440 9 11 3120
1617 65100 66420 12 0 1320
1618 66540 67500 0 2 960
1619 67620 69660 2 8 2040
1620 69780 72000 8 9 2220
1621 72120 75240 9 11 3120
1622 75900 77220 12 0 1320
1623 77340 78300 0 2 960
1624 78420 80460 2 8 2040
1627 30420 32580 10 1 2160
1628 32700 33900 1 2 1200
1629 34020 36300 2 6 2280
1630 38460 40740 6 2 2280
1631 40860 42060 2 1 1200
1632 42180 44340 1 10 2160
1633 32700 34020 12 0 1320
1634 34140 35100 0 2 960
1635 35220 37260 2 8 2040
1636 37380 39600 8 9 2220
1637 39720 42840 9 11 3120
1638 44640 47760 11 9 3120
1639 47880 50100 9 8 2220
1640 50340 52380 8 2 2040
1641 52500 53460 2 0 960
1642 53580 54900 0 12 1320
1643 59040 62160 11 9 3120
1644 62280 64500 9 8 2220
1645 64740 66780 8 2 2040
1646 66900 67860 2 0 960
1647 67980 69300 0 12 1320
1648 73440 76560 11 9 3120
1649 76680 78900 9 8 2220
1650 79140 81180 8 2 2040
1653 33240 34920 10 3 1680
1654 35040 36480 3 8 1440
1655 36600 37920 8 4 1320
1656 38760 40080 4 8 1320
1657 40200 41640 8 3 1440
1658 41760 43440 3 10 1680
1659 36360 37080 0 1 720
1660 37200 38400 1 2 1200
1661 38520 40800 2 6 2280
1662 42840 45120 6 2 2280
1663 45360 46560 2 1 1200
1664 46680 47400 1 0 720
1665 39960 40980 7 5 1020
1666 41100 42540 5 3 1440
1667 42660 44400 3 1 1740
1668 44520 45240 1 0 720
1669 45360 46680 0 12 1320
1670 49920 51240 12 0 1320
1671 51360 52080 0 1 720
1672 52200 53940 1 3 1740
1673 54060 55500 3 5 1440
1674 55620 56640 5 7 1020
1675 40440 42120 10 3 1680
1676 42240 43680 3 8 1440
1677 43800 45120 8 4 1320
1678 45960 47280 4 8 1320
1679 47400 48840 8 3 1440
1680 48960 50640 3 10 1680
1681 43560 44280 0 1 720
1682 44400 45600 1 2 1200
1683 45720 48000 2 6 2280
1684 50040 52320 6 2 2280
1685 52560 53760 2 1 1200
1686 53880 54600 1 0 720
1687 47640 49320 10 3 1680
1688 49440 50880 3 8 1440
1689 51000 52320 8 4 1320
1690 53160 54480 4 8 1320
1691 54600 56040 8 3 1440
1692 56160 57840 3 10 1680
1693 50760 51480 0 1 720
1694 51600 52800 1 2 1200
1695 52920 55200 2 6 2280
1696 57240 59520 6 2 2280
1697 59760 60960 2 1 1200
1698 61080 61800 1 0 720
1699 50760 51780 7 5 1020
1700 51900 53340 5 3 1440
1701 53460 55200 3 1 1740
1702 55320 56040 1 0 720
1703 56160 57480 0 12 1320
1704 60720 62040 12 0 1320
1705 62160 62880 0 1 720
1706 63000 64740 1 3 1740
1707 64860 66300 3 5 1440
1708 66420 67440 5 7 1020
1709 54840 56520 10 3 1680
1710 56640 58080 3 8 1440
1711 58200 59520 8 4 1320
1712 60360 61680 4 8 1320
1713 61800 63240 8 3 1440
1714 63360 65040 3 10 1680
1715 57960 58680 0 1 720
1716 58800 60000 1 2 1200
1717 60120 62400 2 6 2280
1718 64440 66720 6 2 2280
1719 66960 68160 2 1 1200
1720 68280 69000 1 0 720
1721 61560 62580 7 5 1020
1722 62700 64140 5 3 1440
1723 64260 66000 3 1 1740
1724 66120 66840 1 0 720
1725 66960 68280 0 12 1320
1726 71520 72840 12 0 1320
1727 72960 73680 0 1 720
1728 73800 75540 1 3 1740
1729 75660 77100 3 5 1440
1731 62040 63720 10 3 1680
1732 63840 65280 3 8 1440
1733 65400 66720 8 4 1320
1734 67560 68880 4 8 1320
1735 69000 70440 8 3 1440
1736 70560 72240 3 10 1680
1737 65160 65880 0 1 720
1738 66000 67200 1 2 1200
1739 67320 69600 2 6 2280
1740 71640 73920 6 2 2280
1741 74160 75360 2 1 1200
1742 75480 76200 1 0 720
1743 69240 70920 10 3 1680
1744 71040 72480 3 8 1440
1745 72600 73920 8 4 1320
1746 74760 76080 4 8 1320
1747 76200 77640 8 3 1440
1749 72360 73080 0 1 720
1750 73200 74400 1 2 1200
1751 74520 76800 2 6 2280
1752 78840 81120 6 2 2280
1755 72360 73380 7 5 1020
1756 73500 74940 5 3 1440
1757 75060 76800 3 1 1740
1758 76920 77640 1 0 720
1765 76440 78120 10 3 1680
1766 78240 79680 3 8 1440
