1 24060 25200 1 2 1140
2 27120 28260 2 1 1140
3 28380 30720 1 0 2340
4 34320 35460 2 1 1140
5 35580 37920 1 0 2340
6 41520 42660 2 1 1140
7 42780 45120 1 0 2340
8 48720 49860 2 1 1140
9 49980 52320 1 0 2340
10 55920 57060 2 1 1140
11 57180 59520 1 0 2340
12 63120 64260 2 1 1140
13 64380 66720 1 0 2340
14 70320 71460 2 1 1140
15 71580 73920 1 0 2340
16 77520 78660 2 1 1140
19 23640 26220 1 3 2580
20 28140 30720 3 1 2580
21 30840 31980 1 2 1140
22 33540 36120 3 1 2580
23 36240 37380 1 2 1140
24 38940 41520 3 1 2580
25 41640 42780 1 2 1140
26 44340 46920 3 1 2580
27 47040 48180 1 2 1140
28 49740 52320 3 1 2580
29 52440 53580 1 2 1140
30 55140 57720 3 1 2580
31 57840 58980 1 2 1140
32 60540 63120 3 1 2580
33 63240 64380 1 2 1140
34 65940 68520 3 1 2580
35 68640 69780 1 2 1140
36 71340 73920 3 1 2580
37 74040 75180 1 2 1140
38 76740 79320 3 1 2580
44 34560 36900 5 0 2340
45 37020 38640 0 3 1620
46 40800 43440 6 5 2640
47 43560 45900 5 0 2340
48 46020 47640 0 3 1620
49 49800 52440 6 5 2640
50 52560 54900 5 0 2340
51 55020 56640 0 3 1620
52 58800 61440 6 5 2640
53 61560 63900 5 0 2340
54 64020 65640 0 3 1620
55 67800 70440 6 5 2640
56 70560 72900 5 0 2340
57 73020 74640 0 3 1620
62 25440 26580 1 2 1140
63 27660 28800 2 1 1140
64 29040 31620 1 3 2580
65 33060 34200 2 1 1140
66 34440 37020 1 3 2580
67 38460 39600 2 1 1140
68 39840 42420 1 3 2580
69 43860 45000 2 1 1140
70 45240 47820 1 3 2580
71 49260 50400 2 1 1140
72 50640 53220 1 3 2580
73 54660 55800 2 1 1140
74 56040 58620 1 3 2580
75 60060 61200 2 1 1140
76 61440 64020 1 3 2580
77 65460 66600 2 1 1140
78 66840 69420 1 3 2580
79 70860 72000 2 1 1140
80 72240 74820 1 3 2580
81 76260 77400 2 1 1140
85 28020 29640 0 3 1620
86 31680 33300 3 0 1620
87 33420 35760 0 5 2340
88 35880 38520 5 6 2640
89 40680 42300 3 0 1620
90 42420 44760 0 5 2340
91 44880 47520 5 6 2640
92 49680 51300 3 0 1620
93 51420 53760 0 5 2340
94 53880 56520 5 6 2640
95 58680 60300 3 0 1620
96 60420 62760 0 5 2340
97 62880 65520 5 6 2640
98 67680 69300 3 0 1620
99 69420 71760 0 5 2340
101 76680 78300 3 0 1620
105 24420 26760 1 0 2340
106 27000 29220 0 4 2220
107 30300 32520 4 0 2220
108 32640 34980 0 1 2340
109 35100 36300 1 7 1200
110 37500 39720 4 0 2220
111 39840 42180 0 1 2340
112 42300 43500 1 7 1200
113 44700 46920 4 0 2220
114 47040 49380 0 1 2340
115 49500 50700 1 7 1200
116 51900 54120 4 0 2220
117 54240 56580 0 1 2340
118 56700 57900 1 7 1200
119 59100 61320 4 0 2220
120 61440 63780 0 1 2340
121 63900 65100 1 7 1200
122 66300 68520 4 0 2220
123 68640 70980 0 1 2340
124 71100 72300 1 7 1200
125 73500 75720 4 0 2220
126 75840 78180 0 1 2340
130 27900 29100 1 7 1200
131 30300 31500 7 1 1200
132 31620 33960 1 0 2340
133 34200 36420 0 4 2220
134 37500 38700 7 1 1200
135 38820 41160 1 0 2340
136 41400 43620 0 4 2220
137 44700 45900 7 1 1200
138 46020 48360 1 0 2340
139 48600 50820 0 4 2220
140 51900 53100 7 1 1200
141 53220 55560 1 0 2340
142 55800 58020 0 4 2220
143 59100 60300 7 1 1200
144 60420 62760 1 0 2340
145 63000 65220 0 4 2220
146 66300 67500 7 1 1200
147 67620 69960 1 0 2340
148 70200 72420 0 4 2220
149 73500 74700 7 1 1200
150 74820 77160 1 0 2340
153 26460 27660 1 7 1200
154 28740 29940 7 1 1200
155 30060 33180 1 4 3120
156 34140 35340 7 1 1200
157 35460 38580 1 4 3120
158 39540 40740 7 1 1200
159 40860 43980 1 4 3120
160 44940 46140 7 1 1200
161 46260 49380 1 4 3120
162 50340 51540 7 1 1200
163 51660 54780 1 4 3120
164 55740 56940 7 1 1200
165 57060 60180 1 4 3120
166 61140 62340 7 1 1200
167 62460 65580 1 4 3120
168 66540 67740 7 1 1200
169 67860 70980 1 4 3120
170 71940 73140 7 1 1200
171 73260 76380 1 4 3120
172 77340 78540 7 1 1200
175 24660 27780 1 4 3120
176 28620 31740 4 1 3120
177 31860 33060 1 7 1200
178 34020 37140 4 1 3120
179 37260 38460 1 7 1200
180 39420 42540 4 1 3120
181 42660 43860 1 7 1200
182 44820 47940 4 1 3120
183 48060 49260 1 7 1200
184 50220 53340 4 1 3120
185 53460 54660 1 7 1200
186 55620 58740 4 1 3120
187 58860 60060 1 7 1200
188 61020 64140 4 1 3120
189 64260 65460 1 7 1200
190 66420 69540 4 1 3120
191 69660 70860 1 7 1200
192 71820 74940 4 1 3120
193 75060 76260 1 7 1200
194 77220 80340 4 1 3120
197 24780 27120 1 0 2340
198 28800 31140 0 1 2340
199 31260 32400 1 2 1140
200 36000 38340 0 1 2340
201 38460 39600 1 2 1140
202 43200 45540 0 1 2340
203 45660 46800 1 2 1140
204 50400 52740 0 1 2340
205 52860 54000 1 2 1140
206 57600 59940 0 1 2340
207 60060 61200 1 2 1140
208 64800 67140 0 1 2340
209 67260 68400 1 2 1140
210 72000 74340 0 1 2340
211 74460 75600 1 2 1140
212 79200 81540 0 1 2340
215 25440 28020 1 3 2580
216 29940 32520 3 1 2580
217 32640 33780 1 2 1140
218 35340 37920 3 1 2580
219 38040 39180 1 2 1140
220 40740 43320 3 1 2580
221 43440 44580 1 2 1140
222 46140 48720 3 1 2580
223 48840 49980 1 2 1140
224 51540 54120 3 1 2580
225 54240 55380 1 2 1140
226 56940 59520 3 1 2580
227 59640 60780 1 2 1140
228 62340 64920 3 1 2580
229 65040 66180 1 2 1140
230 67740 70320 3 1 2580
231 70440 71580 1 2 1140
232 73140 75720 3 1 2580
233 75840 76980 1 2 1140
234 78540 81120 3 1 2580
240 36360 38700 5 0 2340
241 38820 40440 0 3 1620
242 42600 45240 6 5 2640
243 45360 47700 5 0 2340
244 47820 49440 0 3 1620
245 51600 54240 6 5 2640
246 54360 56700 5 0 2340
247 56820 58440 0 3 1620
248 60600 63240 6 5 2640
249 63360 65700 5 0 2340
250 65820 67440 0 3 1620
251 69600 72240 6 5 2640
252 72360 74700 5 0 2340
253 74820 76440 0 3 1620
258 27240 28380 1 2 1140
259 29460 30600 2 1 1140
260 30840 33420 1 3 2580
261 34860 36000 2 1 1140
262 36240 38820 1 3 2580
263 40260 41400 2 1 1140
264 41640 44220 1 3 2580
265 45660 46800 2 1 1140
266 47040 49620 1 3 2580
267 51060 52200 2 1 1140
268 52440 55020 1 3 2580
269 56460 57600 2 1 1140
270 57840 60420 1 3 2580
271 61860 63000 2 1 1140
272 63240 65820 1 3 2580
273 67260 68400 2 1 1140
274 68640 71220 1 3 2580
275 72660 73800 2 1 1140
276 74040 76620 1 3 2580
277 78060 79200 2 1 1140
280 27120 28980 3 2 1860
281 32340 34200 2 3 1860
282 34320 36780 3 5 2460
283 39540 41400 2 3 1860
284 41520 43980 3 5 2460
285 46740 48600 2 3 1860
286 48720 51180 3 5 2460
287 53940 55800 2 3 1860
288 55920 58380 3 5 2460
289 61140 63000 2 3 1860
290 63120 65580 3 5 2460
291 68340 70200 2 3 1860
292 70320 72780 3 5 2460
293 75540 77400 2 3 1860
297 29820 31440 0 3 1620
298 33480 35100 3 0 1620
299 35220 37560 0 5 2340
300 37680 40320 5 6 2640
301 42480 44100 3 0 1620
302 44220 46560 0 5 2340
303 46680 49320 5 6 2640
304 51480 53100 3 0 1620
305 53220 55560 0 5 2340
306 55680 58320 5 6 2640
307 60480 62100 3 0 1620
308 62220 64560 0 5 2340
309 64680 67320 5 6 2640
310 69480 71100 3 0 1620
311 71220 73560 0 5 2340
313 78480 80100 3 0 1620
317 26220 28560 1 0 2340
318 28800 31020 0 4 2220
319 32100 34320 4 0 2220
320 34440 36780 0 1 2340
321 36900 38100 1 7 1200
322 39300 41520 4 0 2220
323 41640 43980 0 1 2340
324 44100 45300 1 7 1200
325 46500 48720 4 0 2220
326 48840 51180 0 1 2340
327 51300 52500 1 7 1200
328 53700 55920 4 0 2220
329 56040 58380 0 1 2340
330 58500 59700 1 7 1200
331 60900 63120 4 0 2220
332 63240 65580 0 1 2340
333 65700 66900 1 7 1200
334 68100 70320 4 0 2220
335 70440 72780 0 1 2340
336 72900 74100 1 7 1200
337 75300 77520 4 0 2220
338 77640 79980 0 1 2340
342 29700 30900 1 7 1200
343 32100 33300 7 1 1200
344 33420 35760 1 0 2340
345 36000 38220 0 4 2220
346 39300 40500 7 1 1200
347 40620 42960 1 0 2340
348 43200 45420 0 4 2220
349 46500 47700 7 1 1200
350 47820 50160 1 0 2340
351 50400 52620 0 4 2220
352 53700 54900 7 1 1200
353 55020 57360 1 0 2340
354 57600 59820 0 4 2220
355 60900 62100 7 1 1200
356 62220 64560 1 0 2340
357 64800 67020 0 4 2220
358 68100 69300 7 1 1200
359 69420 71760 1 0 2340
360 72000 74220 0 4 2220
361 75300 76500 7 1 1200
362 76620 78960 1 0 2340
365 28260 29460 1 7 1200
366 30540 31740 7 1 1200
367 31860 34980 1 4 3120
368 35940 37140 7 1 1200
369 37260 40380 1 4 3120
370 41340 42540 7 1 1200
371 42660 45780 1 4 3120
372 46740 47940 7 1 1200
373 48060 51180 1 4 3120
374 52140 53340 7 1 1200
375 53460 56580 1 4 3120
376 57540 58740 7 1 1200
377 58860 61980 1 4 3120
378 62940 64140 7 1 1200
379 64260 67380 1 4 3120
380 68340 69540 7 1 1200
381 69660 72780 1 4 3120
382 73740 74940 7 1 1200
383 75060 78180 1 4 3120
384 79140 80340 7 1 1200
387 27120 29580 3 5 2460
388 31740 34200 5 3 2460
389 34320 36180 3 2 1860
390 38940 41400 5 3 2460
391 41520 43380 3 2 1860
392 46140 48600 5 3 2460
393 48720 50580 3 2 1860
394 53340 55800 5 3 2460
395 55920 57780 3 2 1860
396 60540 63000 5 3 2460
397 63120 64980 3 2 1860
398 67740 70200 5 3 2460
399 70320 72180 3 2 1860
400 74940 77400 5 3 2460
401 77520 79380 3 2 1860
403 26460 29580 1 4 3120
404 30420 33540 4 1 3120
405 33660 34860 1 7 1200
406 35820 38940 4 1 3120
407 39060 40260 1 7 1200
408 41220 44340 4 1 3120
409 44460 45660 1 7 1200
410 46620 49740 4 1 3120
411 49860 51060 1 7 1200
412 52020 55140 4 1 3120
413 55260 56460 1 7 1200
414 57420 60540 4 1 3120
415 60660 61860 1 7 1200
416 62820 65940 4 1 3120
417 66060 67260 1 7 1200
418 68220 71340 4 1 3120
419 71460 72660 1 7 1200
420 73620 76740 4 1 3120
421 76860 78060 1 7 1200
422 79020 82140 4 1 3120
425 27660 28800 1 2 1140
426 30720 31860 2 1 1140
427 31980 34320 1 0 2340
428 37920 39060 2 1 1140
429 39180 41520 1 0 2340
430 45120 46260 2 1 1140
431 46380 48720 1 0 2340
432 52320 53460 2 1 1140
433 53580 55920 1 0 2340
434 59520 60660 2 1 1140
435 60780 63120 1 0 2340
436 66720 67860 2 1 1140
437 67980 70320 1 0 2340
438 73920 75060 2 1 1140
439 75180 77520 1 0 2340
440 25860 27000 2 1 1140
441 27240 29820 1 3 2580
442 31740 34320 3 1 2580
443 34440 35580 1 2 1140
444 37140 39720 3 1 2580
445 39840 40980 1 2 1140
446 42540 45120 3 1 2580
447 45240 46380 1 2 1140
448 47940 50520 3 1 2580
449 50640 51780 1 2 1140
450 53340 55920 3 1 2580
451 56040 57180 1 2 1140
452 58740 61320 3 1 2580
453 61440 62580 1 2 1140
454 64140 66720 3 1 2580
455 66840 67980 1 2 1140
456 69540 72120 3 1 2580
457 72240 73380 1 2 1140
458 74940 77520 3 1 2580
459 77640 78780 1 2 1140
461 28020 30360 0 5 2340
462 30480 33120 5 6 2640
463 35400 38040 6 5 2640
464 38160 40500 5 0 2340
465 40620 42240 0 3 1620
466 44400 47040 6 5 2640
467 47160 49500 5 0 2340
468 49620 51240 0 3 1620
469 53400 56040 6 5 2640
470 56160 58500 5 0 2340
471 58620 60240 0 3 1620
472 62400 65040 6 5 2640
473 65160 67500 5 0 2340
474 67620 69240 0 3 1620
475 71400 74040 6 5 2640
476 74160 76500 5 0 2340
479 29040 30180 1 2 1140
480 31260 32400 2 1 1140
481 32640 35220 1 3 2580
482 36660 37800 2 1 1140
483 38040 40620 1 3 2580
484 42060 43200 2 1 1140
485 43440 46020 1 3 2580
486 47460 48600 2 1 1140
487 48840 51420 1 3 2580
488 52860 54000 2 1 1140
489 54240 56820 1 3 2580
490 58260 59400 2 1 1140
491 59640 62220 1 3 2580
492 63660 64800 2 1 1140
493 65040 67620 1 3 2580
494 69060 70200 2 1 1140
495 70440 73020 1 3 2580
496 74460 75600 2 1 1140
500 31620 33240 0 3 1620
501 35280 36900 3 0 1620
502 37020 39360 0 5 2340
503 39480 42120 5 6 2640
504 44280 45900 3 0 1620
505 46020 48360 0 5 2340
506 48480 51120 5 6 2640
507 53280 54900 3 0 1620
508 55020 57360 0 5 2340
509 57480 60120 5 6 2640
510 62280 63900 3 0 1620
511 64020 66360 0 5 2340
512 66480 69120 5 6 2640
513 71280 72900 3 0 1620
514 73020 75360 0 5 2340
517 28020 30360 1 0 2340
518 30600 32820 0 4 2220
519 33900 36120 4 0 2220
520 36240 38580 0 1 2340
521 38700 39900 1 7 1200
522 41100 43320 4 0 2220
523 43440 45780 0 1 2340
524 45900 47100 1 7 1200
525 48300 50520 4 0 2220
526 50640 52980 0 1 2340
527 53100 54300 1 7 1200
528 55500 57720 4 0 2220
529 57840 60180 0 1 2340
530 60300 61500 1 7 1200
531 62700 64920 4 0 2220
532 65040 67380 0 1 2340
533 67500 68700 1 7 1200
534 69900 72120 4 0 2220
535 72240 74580 0 1 2340
536 74700 75900 1 7 1200
537 77100 79320 4 0 2220
538 79440 81780 0 1 2340
541 29040 31380 0 1 2340
542 31500 32700 1 7 1200
543 33900 35100 7 1 1200
544 35220 37560 1 0 2340
545 37800 40020 0 4 2220
546 41100 42300 7 1 1200
547 42420 44760 1 0 2340
548 45000 47220 0 4 2220
549 48300 49500 7 1 1200
550 49620 51960 1 0 2340
551 52200 54420 0 4 2220
552 55500 56700 7 1 1200
553 56820 59160 1 0 2340
554 59400 61620 0 4 2220
555 62700 63900 7 1 1200
556 64020 66360 1 0 2340
557 66600 68820 0 4 2220
558 69900 71100 7 1 1200
559 71220 73560 1 0 2340
560 73800 76020 0 4 2220
561 77100 78300 7 1 1200
565 30060 31260 1 7 1200
566 32340 33540 7 1 1200
567 33660 36780 1 4 3120
568 37740 38940 7 1 1200
569 39060 42180 1 4 3120
570 43140 44340 7 1 1200
571 44460 47580 1 4 3120
572 48540 49740 7 1 1200
573 49860 52980 1 4 3120
574 53940 55140 7 1 1200
575 55260 58380 1 4 3120
576 59340 60540 7 1 1200
577 60660 63780 1 4 3120
578 64740 65940 7 1 1200
579 66060 69180 1 4 3120
580 70140 71340 7 1 1200
581 71460 74580 1 4 3120
582 75540 76740 7 1 1200
585 28260 31380 1 4 3120
586 32220 35340 4 1 3120
587 35460 36660 1 7 1200
588 37620 40740 4 1 3120
589 40860 42060 1 7 1200
590 43020 46140 4 1 3120
591 46260 47460 1 7 1200
592 48420 51540 4 1 3120
593 51660 52860 1 7 1200
594 53820 56940 4 1 3120
595 57060 58260 1 7 1200
596 59220 62340 4 1 3120
597 62460 63660 1 7 1200
598 64620 67740 4 1 3120
599 67860 69060 1 7 1200
600 70020 73140 4 1 3120
601 73260 74460 1 7 1200
602 75420 78540 4 1 3120
604 28080 29700 3 0 1620
605 29820 32160 0 5 2340
606 32280 34920 5 6 2640
607 37200 39840 6 5 2640
608 39960 42300 5 0 2340
609 42420 44040 0 3 1620
610 46200 48840 6 5 2640
611 48960 51300 5 0 2340
612 51420 53040 0 3 1620
613 55200 57840 6 5 2640
614 57960 60300 5 0 2340
615 60420 62040 0 3 1620
616 64200 66840 6 5 2640
617 66960 69300 5 0 2340
618 69420 71040 0 3 1620
619 73200 75840 6 5 2640
620 75960 78300 5 0 2340
623 30720 32580 3 2 1860
624 35940 37800 2 3 1860
625 37920 40380 3 5 2460
626 43140 45000 2 3 1860
627 45120 47580 3 5 2460
628 50340 52200 2 3 1860
629 52320 54780 3 5 2460
630 57540 59400 2 3 1860
631 59520 61980 3 5 2460
632 64740 66600 2 3 1860
633 66720 69180 3 5 2460
634 71940 73800 2 3 1860
635 73920 76380 3 5 2460
639 30960 33300 5 0 2340
640 33420 35040 0 3 1620
641 37080 38700 3 0 1620
642 38820 41160 0 5 2340
643 41280 43920 5 6 2640
644 46080 47700 3 0 1620
645 47820 50160 0 5 2340
646 50280 52920 5 6 2640
647 55080 56700 3 0 1620
648 56820 59160 0 5 2340
649 59280 61920 5 6 2640
650 64080 65700 3 0 1620
651 65820 68160 0 5 2340
652 68280 70920 5 6 2640
653 73080 74700 3 0 1620
654 74820 77160 0 5 2340
656 28500 29700 7 1 1200
657 29820 32160 1 0 2340
658 32400 34620 0 4 2220
659 35700 37920 4 0 2220
660 38040 40380 0 1 2340
661 40500 41700 1 7 1200
662 42900 45120 4 0 2220
663 45240 47580 0 1 2340
664 47700 48900 1 7 1200
665 50100 52320 4 0 2220
666 52440 54780 0 1 2340
667 54900 56100 1 7 1200
668 57300 59520 4 0 2220
669 59640 61980 0 1 2340
670 62100 63300 1 7 1200
671 64500 66720 4 0 2220
672 66840 69180 0 1 2340
673 69300 70500 1 7 1200
674 71700 73920 4 0 2220
675 74040 76380 0 1 2340
676 76500 77700 1 7 1200
677 78900 81120 4 0 2220
678 81240 83580 0 1 2340
680 28500 30720 4 0 2220
681 30840 33180 0 1 2340
682 33300 34500 1 7 1200
683 35700 36900 7 1 1200
684 37020 39360 1 0 2340
685 39600 41820 0 4 2220
686 42900 44100 7 1 1200
687 44220 46560 1 0 2340
688 46800 49020 0 4 2220
689 50100 51300 7 1 1200
690 51420 53760 1 0 2340
691 54000 56220 0 4 2220
692 57300 58500 7 1 1200
693 58620 60960 1 0 2340
694 61200 63420 0 4 2220
695 64500 65700 7 1 1200
696 65820 68160 1 0 2340
697 68400 70620 0 4 2220
698 71700 72900 7 1 1200
699 73020 75360 1 0 2340
700 75600 77820 0 4 2220
701 78900 80100 7 1 1200
704 28740 30600 2 3 1860
705 30720 33180 3 5 2460
706 35340 37800 5 3 2460
707 37920 39780 3 2 1860
708 42540 45000 5 3 2460
709 45120 46980 3 2 1860
710 49740 52200 5 3 2460
711 52320 54180 3 2 1860
712 56940 59400 5 3 2460
713 59520 61380 3 2 1860
714 64140 66600 5 3 2460
715 66720 68580 3 2 1860
716 71340 73800 5 3 2460
717 73920 75780 3 2 1860
720 29880 31500 3 0 1620
721 31620 33960 0 5 2340
722 34080 36720 5 6 2640
723 39000 41640 6 5 2640
724 41760 44100 5 0 2340
725 44220 45840 0 3 1620
726 48000 50640 6 5 2640
727 50760 53100 5 0 2340
728 53220 54840 0 3 1620
729 57000 59640 6 5 2640
730 59760 62100 5 0 2340
731 62220 63840 0 3 1620
732 66000 68640 6 5 2640
733 68760 71100 5 0 2340
734 71220 72840 0 3 1620
735 75000 77640 6 5 2640
736 77760 80100 5 0 2340
739 32760 35100 5 0 2340
740 35220 36840 0 3 1620
741 38880 40500 3 0 1620
742 40620 42960 0 5 2340
743 43080 45720 5 6 2640
744 47880 49500 3 0 1620
745 49620 51960 0 5 2340
746 52080 54720 5 6 2640
747 56880 58500 3 0 1620
748 58620 60960 0 5 2340
749 61080 63720 5 6 2640
750 65880 67500 3 0 1620
751 67620 69960 0 5 2340
752 70080 72720 5 6 2640
753 74880 76500 3 0 1620
756 32400 34740 0 1 2340
757 34860 36000 1 2 1140
758 37920 39060 2 1 1140
759 39180 41520 1 0 2340
760 39600 41940 0 1 2340
761 42060 43200 1 2 1140
762 45120 46260 2 1 1140
763 46380 48720 1 0 2340
764 46800 49140 0 1 2340
765 49260 50400 1 2 1140
766 52320 53460 2 1 1140
767 53580 55920 1 0 2340
768 54000 56340 0 1 2340
769 56460 57600 1 2 1140
770 59520 60660 2 1 1140
771 60780 63120 1 0 2340
772 61200 63540 0 1 2340
773 63660 64800 1 2 1140
774 66720 67860 2 1 1140
775 67980 70320 1 0 2340
776 68400 70740 0 1 2340
777 70860 72000 1 2 1140
778 73920 75060 2 1 1140
779 75180 77520 1 0 2340
780 75600 77940 0 1 2340
781 78060 79200 1 2 1140
782 81120 82260 2 1 1140
