0 30840 33120 3 7 2280
1 33240 33960 7 0 720
2 35940 37920 2 3 1980
3 38040 40320 3 7 2280
4 40440 41160 7 0 720
5 43140 45120 2 3 1980
6 45240 47520 3 7 2280
7 47640 48360 7 0 720
8 50340 52320 2 3 1980
9 52440 54720 3 7 2280
10 54840 55560 7 0 720
11 57540 59520 2 3 1980
12 59640 61920 3 7 2280
13 62040 62760 7 0 720
14 64740 66720 2 3 1980
15 66840 69120 3 7 2280
16 69240 69960 7 0 720
17 71940 73920 2 3 1980
18 74040 76320 3 7 2280
19 76440 77160 7 0 720
20 79140 81120 2 3 1980
21 25200 27600 6 1 2400
22 31200 33600 1 6 2400
23 33840 36060 6 16 2220
24 36180 37200 16 14 1020
25 38400 40800 1 6 2400
26 41040 43260 6 16 2220
27 43380 44400 16 14 1020
28 45600 48000 1 6 2400
29 48240 50460 6 16 2220
30 50580 51600 16 14 1020
31 52800 55200 1 6 2400
32 55440 57660 6 16 2220
33 57780 58800 16 14 1020
34 60000 62400 1 6 2400
35 62640 64860 6 16 2220
36 64980 66000 16 14 1020
37 67200 69600 1 6 2400
38 69840 72060 6 16 2220
39 72180 73200 16 14 1020
40 74400 76800 1 6 2400
41 77040 79260 6 16 2220
42 34740 35460 7 0 720
43 36180 38160 13 5 1980
44 38280 41820 5 7 3540
45 41940 42660 7 0 720
46 43380 45360 13 5 1980
47 45480 49020 5 7 3540
48 49140 49860 7 0 720
49 50580 52560 13 5 1980
50 52680 56220 5 7 3540
51 56340 57060 7 0 720
52 57780 59760 13 5 1980
53 59880 63420 5 7 3540
54 63540 64260 7 0 720
55 64980 66960 13 5 1980
56 67080 70620 5 7 3540
57 70740 71460 7 0 720
58 72180 74160 13 5 1980
59 74280 77820 5 7 3540
60 77940 78660 7 0 720
61 33480 35460 5 13 1980
62 36180 36900 0 7 720
63 37020 40560 7 5 3540
64 40680 42660 5 13 1980
65 43380 44100 0 7 720
66 44220 47760 7 5 3540
67 47880 49860 5 13 1980
68 50580 51300 0 7 720
69 51420 54960 7 5 3540
70 55080 57060 5 13 1980
71 57780 58500 0 7 720
72 58620 62160 7 5 3540
73 62280 64260 5 13 1980
74 64980 65700 0 7 720
75 65820 69360 7 5 3540
76 69480 71460 5 13 1980
77 72180 72900 0 7 720
78 73020 76560 7 5 3540
79 25860 28260 6 1 2400
80 30720 33120 1 6 2400
81 33240 35580 6 8 2340
82 35820 36720 8 10 900
83 37920 40320 1 6 2400
84 40440 42780 6 8 2340
85 43020 43920 8 10 900
86 45120 47520 1 6 2400
87 47640 49980 6 8 2340
88 50220 51120 8 10 900
89 52320 54720 1 6 2400
90 54840 57180 6 8 2340
91 57420 58320 8 10 900
92 59520 61920 1 6 2400
93 62040 64380 6 8 2340
94 64620 65520 8 10 900
95 66720 69120 1 6 2400
96 69240 71580 6 8 2340
97 71820 72720 8 10 900
98 73920 76320 1 6 2400
99 76440 78780 6 8 2340
100 79020 79920 8 10 900
101 30180 33000 8 3 2820
102 33120 35400 3 7 2280
103 35520 36240 7 0 720
104 38580 39300 0 7 720
105 39420 41700 7 3 2280
106 41820 44640 3 8 2820
107 44760 45660 8 10 900
108 45780 48660 10 12 2880
109 48900 52440 12 15 3540
110 56580 57300 0 7 720
111 57420 59700 7 3 2280
112 59820 62640 3 8 2820
113 62760 63660 8 10 900
114 63780 66660 10 12 2880
115 66900 70440 12 15 3540
116 74580 75300 0 7 720
117 75420 77700 7 3 2280
118 77820 80640 3 8 2820
119 80760 81660 8 10 900
120 81780 84660 10 12 2880
121 29460 31680 6 9 2220
122 34320 36540 9 6 2220
123 36660 40200 6 3 3540
124 40320 42600 3 7 2280
125 42720 43440 7 0 720
126 45120 47340 9 6 2220
127 47460 51000 6 3 3540
128 51120 53400 3 7 2280
129 53520 54240 7 0 720
130 55920 58140 9 6 2220
131 58260 61800 6 3 3540
132 61920 64200 3 7 2280
133 64320 65040 7 0 720
134 66720 68940 9 6 2220
135 69060 72600 6 3 3540
136 72720 75000 3 7 2280
137 75120 75840 7 0 720
138 77520 79740 9 6 2220
139 33420 35220 9 10 1800
140 35340 36240 10 8 900
141 36360 39180 8 3 2820
142 39300 42180 3 4 2880
143 44220 46020 9 10 1800
144 46140 47040 10 8 900
145 47160 49980 8 3 2820
146 50100 52980 3 4 2880
147 55020 56820 9 10 1800
148 56940 57840 10 8 900
149 57960 60780 8 3 2820
150 60900 63780 3 4 2880
151 65820 67620 9 10 1800
152 67740 68640 10 8 900
153 68760 71580 8 3 2820
154 71700 74580 3 4 2880
155 76620 78420 9 10 1800
156 78540 79440 10 8 900
157 36420 39240 3 8 2820
158 39360 40260 8 10 900
159 40380 42180 10 9 1800
160 44220 47100 4 3 2880
161 47220 50040 3 8 2820
162 50160 51060 8 10 900
163 51180 52980 10 9 1800
164 55020 57900 4 3 2880
165 58020 60840 3 8 2820
166 60960 61860 8 10 900
167 61980 63780 10 9 1800
168 65820 68700 4 3 2880
169 68820 71640 3 8 2820
170 71760 72660 8 10 900
171 72780 74580 10 9 1800
172 76620 79500 4 3 2880
173 79620 82440 3 8 2820
174 82560 83460 8 10 900
175 35040 35760 7 0 720
176 37080 37920 11 4 840
177 38040 39480 4 2 1440
178 39600 42120 2 7 2520
179 42240 42960 7 0 720
180 44280 45120 11 4 840
181 45240 46680 4 2 1440
182 46800 49320 2 7 2520
183 49440 50160 7 0 720
184 51480 52320 11 4 840
185 52440 53880 4 2 1440
186 54000 56520 2 7 2520
187 56640 57360 7 0 720
188 58680 59520 11 4 840
189 59640 61080 4 2 1440
190 61200 63720 2 7 2520
191 63840 64560 7 0 720
192 65880 66720 11 4 840
193 66840 68280 4 2 1440
194 68400 70920 2 7 2520
195 71040 71760 7 0 720
196 73080 73920 11 4 840
197 74040 75480 4 2 1440
198 75600 78120 2 7 2520
199 78240 78960 7 0 720
200 30720 33240 7 2 2520
201 33360 34800 2 4 1440
202 34920 35760 4 11 840
203 37080 37800 0 7 720
204 37920 40440 7 2 2520
205 40560 42000 2 4 1440
206 42120 42960 4 11 840
207 44280 45000 0 7 720
208 45120 47640 7 2 2520
209 47760 49200 2 4 1440
210 49320 50160 4 11 840
211 51480 52200 0 7 720
212 52320 54840 7 2 2520
213 54960 56400 2 4 1440
214 56520 57360 4 11 840
215 58680 59400 0 7 720
216 59520 62040 7 2 2520
217 62160 63600 2 4 1440
218 63720 64560 4 11 840
219 65880 66600 0 7 720
220 66720 69240 7 2 2520
221 69360 70800 2 4 1440
222 70920 71760 4 11 840
223 73080 73800 0 7 720
224 73920 76440 7 2 2520
225 76560 78000 2 4 1440
226 25200 27600 6 1 2400
227 27840 29820 1 7 1980
228 29940 30660 7 0 720
229 31980 32700 0 7 720
230 32820 34800 7 1 1980
231 34920 37320 1 6 2400
232 37440 39660 6 16 2220
233 42780 43500 0 7 720
234 43620 45600 7 1 1980
235 45720 48120 1 6 2400
236 48240 50460 6 16 2220
237 53580 54300 0 7 720
238 54420 56400 7 1 1980
239 56520 58920 1 6 2400
240 59040 61260 6 16 2220
241 64380 65100 0 7 720
242 65220 67200 7 1 1980
243 67320 69720 1 6 2400
244 69840 72060 6 16 2220
245 75180 75900 0 7 720
246 76020 78000 7 1 1980
247 78120 80520 1 6 2400
248 28200 30600 6 10 2400
249 30720 33600 10 12 2880
250 34200 37080 12 10 2880
251 37200 39600 10 6 2400
252 39720 42120 6 1 2400
253 42240 44220 1 7 1980
254 44340 45060 7 0 720
255 48600 51480 12 10 2880
256 51600 54000 10 6 2400
257 54120 56520 6 1 2400
258 56640 58620 1 7 1980
259 58740 59460 7 0 720
260 63000 65880 12 10 2880
261 66000 68400 10 6 2400
262 68520 70920 6 1 2400
263 71040 73020 1 7 1980
264 73140 73860 7 0 720
265 77400 80280 12 10 2880
266 80400 82800 10 6 2400
267 32280 35820 5 7 3540
268 35940 36660 7 0 720
269 37380 39360 13 5 1980
270 39480 43020 5 7 3540
271 43140 43860 7 0 720
272 44580 46560 13 5 1980
273 46680 50220 5 7 3540
274 50340 51060 7 0 720
275 51780 53760 13 5 1980
276 53880 57420 5 7 3540
277 57540 58260 7 0 720
278 58980 60960 13 5 1980
279 61080 64620 5 7 3540
280 64740 65460 7 0 720
281 66180 68160 13 5 1980
282 68280 71820 5 7 3540
283 71940 72660 7 0 720
284 73380 75360 13 5 1980
285 75480 79020 5 7 3540
286 79140 79860 7 0 720
287 31020 34560 7 5 3540
288 34680 36660 5 13 1980
289 37380 38100 0 7 720
290 38220 41760 7 5 3540
291 41880 43860 5 13 1980
292 44580 45300 0 7 720
293 45420 48960 7 5 3540
294 49080 51060 5 13 1980
295 51780 52500 0 7 720
296 52620 56160 7 5 3540
297 56280 58260 5 13 1980
298 58980 59700 0 7 720
299 59820 63360 7 5 3540
300 63480 65460 5 13 1980
301 66180 66900 0 7 720
302 67020 70560 7 5 3540
303 70680 72660 5 13 1980
304 73380 74100 0 7 720
305 74220 77760 7 5 3540
306 31440 33720 7 3 2280
307 33900 35880 3 2 1980
308 37800 38520 0 7 720
309 38640 40920 7 3 2280
310 41100 43080 3 2 1980
311 45000 45720 0 7 720
312 45840 48120 7 3 2280
313 48300 50280 3 2 1980
314 52200 52920 0 7 720
315 53040 55320 7 3 2280
316 55500 57480 3 2 1980
317 59400 60120 0 7 720
318 60240 62520 7 3 2280
319 62700 64680 3 2 1980
320 66600 67320 0 7 720
321 67440 69720 7 3 2280
322 69900 71880 3 2 1980
323 73800 74520 0 7 720
324 74640 76920 7 3 2280
325 32640 34920 3 7 2280
326 35040 35760 7 0 720
327 37740 39720 2 3 1980
328 39840 42120 3 7 2280
329 42240 42960 7 0 720
330 44940 46920 2 3 1980
331 47040 49320 3 7 2280
332 49440 50160 7 0 720
333 52140 54120 2 3 1980
334 54240 56520 3 7 2280
335 56640 57360 7 0 720
336 59340 61320 2 3 1980
337 61440 63720 3 7 2280
338 63840 64560 7 0 720
339 66540 68520 2 3 1980
340 68640 70920 3 7 2280
341 71040 71760 7 0 720
342 73740 75720 2 3 1980
343 75840 78120 3 7 2280
344 78240 78960 7 0 720
345 28920 31320 6 1 2400
346 31440 33420 1 7 1980
347 33540 34260 7 0 720
348 37140 37860 0 7 720
349 37980 39960 7 1 1980
350 40080 42480 1 6 2400
351 42600 45000 6 10 2400
352 45120 48000 10 12 2880
353 51540 52260 0 7 720
354 52380 54360 7 1 1980
355 54480 56880 1 6 2400
356 57000 59400 6 10 2400
357 59520 62400 10 12 2880
358 65940 66660 0 7 720
359 66780 68760 7 1 1980
360 68880 71280 1 6 2400
361 71400 73800 6 10 2400
362 73920 76800 10 12 2880
363 25860 29400 6 3 3540
364 29520 31800 3 7 2280
365 31920 32640 7 0 720
366 33360 34080 0 7 720
367 34200 36480 7 3 2280
368 36600 40140 3 6 3540
369 40260 42480 6 9 2220
370 44160 44880 0 7 720
371 45000 47280 7 3 2280
372 47400 50940 3 6 3540
373 51060 53280 6 9 2220
374 54960 55680 0 7 720
375 55800 58080 7 3 2280
376 58200 61740 3 6 3540
377 61860 64080 6 9 2220
378 65760 66480 0 7 720
379 66600 68880 7 3 2280
380 69000 72540 3 6 3540
381 72660 74880 6 9 2220
382 76560 77280 0 7 720
383 77400 79680 7 3 2280
384 79800 83340 3 6 3540
385 26040 28380 6 8 2340
386 28620 29520 8 10 900
387 33060 33960 10 8 900
388 34200 36540 8 6 2340
389 36660 39060 6 1 2400
390 40260 41160 10 8 900
391 41400 43740 8 6 2340
392 43860 46260 6 1 2400
393 47460 48360 10 8 900
394 48600 50940 8 6 2340
395 51060 53460 6 1 2400
396 54660 55560 10 8 900
397 55800 58140 8 6 2340
398 58260 60660 6 1 2400
399 61860 62760 10 8 900
400 63000 65340 8 6 2340
401 65460 67860 6 1 2400
402 69060 69960 10 8 900
403 70200 72540 8 6 2340
404 72660 75060 6 1 2400
405 76260 77160 10 8 900
406 77400 79740 8 6 2340
407 79860 82260 6 1 2400
408 34260 36840 5 1 2580
409 36960 39180 1 16 2220
410 42960 44940 13 5 1980
411 45060 47640 5 1 2580
412 47760 49980 1 16 2220
413 53760 55740 13 5 1980
414 55860 58440 5 1 2580
415 58560 60780 1 16 2220
416 64560 66540 13 5 1980
417 66660 69240 5 1 2580
418 69360 71580 1 16 2220
419 75360 77340 13 5 1980
420 77460 80040 5 1 2580
421 34560 37080 2 7 2520
422 37200 39180 7 1 1980
423 39420 42000 1 5 2580
424 45360 47880 2 7 2520
425 48000 49980 7 1 1980
426 50220 52800 1 5 2580
427 56160 58680 2 7 2520
428 58800 60780 7 1 1980
429 61020 63600 1 5 2580
430 66960 69480 2 7 2520
431 69600 71580 7 1 1980
432 71820 74400 1 5 2580
433 77760 80280 2 7 2520
434 80400 82380 7 1 1980
435 28620 31200 1 5 2580
436 34440 37020 5 1 2580
437 37140 39120 1 7 1980
438 39240 41760 7 2 2520
439 45240 47820 5 1 2580
440 47940 49920 1 7 1980
441 50040 52560 7 2 2520
442 56040 58620 5 1 2580
443 58740 60720 1 7 1980
444 60840 63360 7 2 2520
445 66840 69420 5 1 2580
446 69540 71520 1 7 1980
447 71640 74160 7 2 2520
448 77640 80220 5 1 2580
449 80340 82320 1 7 1980
450 33600 36120 2 7 2520
451 36240 36960 7 0 720
452 38280 39120 11 4 840
453 39240 40680 4 2 1440
454 40800 43320 2 7 2520
455 43440 44160 7 0 720
456 45480 46320 11 4 840
457 46440 47880 4 2 1440
458 48000 50520 2 7 2520
459 50640 51360 7 0 720
460 52680 53520 11 4 840
461 53640 55080 4 2 1440
462 55200 57720 2 7 2520
463 57840 58560 7 0 720
464 59880 60720 11 4 840
465 60840 62280 4 2 1440
466 62400 64920 2 7 2520
467 65040 65760 7 0 720
468 67080 67920 11 4 840
469 68040 69480 4 2 1440
470 69600 72120 2 7 2520
471 72240 72960 7 0 720
472 74280 75120 11 4 840
473 75240 76680 4 2 1440
474 76800 79320 2 7 2520
475 79440 80160 7 0 720
476 31920 34440 7 2 2520
477 34560 36000 2 4 1440
478 36120 36960 4 11 840
479 38280 39000 0 7 720
480 39120 41640 7 2 2520
481 41760 43200 2 4 1440
482 43320 44160 4 11 840
483 45480 46200 0 7 720
484 46320 48840 7 2 2520
485 48960 50400 2 4 1440
486 50520 51360 4 11 840
487 52680 53400 0 7 720
488 53520 56040 7 2 2520
489 56160 57600 2 4 1440
490 57720 58560 4 11 840
491 59880 60600 0 7 720
492 60720 63240 7 2 2520
493 63360 64800 2 4 1440
494 64920 65760 4 11 840
495 67080 67800 0 7 720
496 67920 70440 7 2 2520
497 70560 72000 2 4 1440
498 72120 72960 4 11 840
499 74280 75000 0 7 720
500 75120 77640 7 2 2520
501 26640 28860 6 16 2220
502 28980 30000 16 14 1020
503 32400 33420 14 16 1020
504 33540 35760 16 6 2220
505 36000 38400 6 1 2400
506 39600 40620 14 16 1020
507 40740 42960 16 6 2220
508 43200 45600 6 1 2400
509 46800 47820 14 16 1020
510 47940 50160 16 6 2220
511 50400 52800 6 1 2400
512 54000 55020 14 16 1020
513 55140 57360 16 6 2220
514 57600 60000 6 1 2400
515 61200 62220 14 16 1020
516 62340 64560 16 6 2220
517 64800 67200 6 1 2400
518 68400 69420 14 16 1020
519 69540 71760 16 6 2220
520 72000 74400 6 1 2400
521 75600 76620 14 16 1020
522 76740 78960 16 6 2220
523 79200 81600 6 1 2400
524 31680 33900 6 9 2220
525 35100 37320 9 6 2220
526 37440 40980 6 3 3540
527 41100 43980 3 4 2880
528 44100 44940 4 11 840
529 45900 48120 9 6 2220
530 48240 51780 6 3 3540
531 51900 54780 3 4 2880
532 54900 55740 4 11 840
533 56700 58920 9 6 2220
534 59040 62580 6 3 3540
535 62700 65580 3 4 2880
536 65700 66540 4 11 840
537 67500 69720 9 6 2220
538 69840 73380 6 3 3540
539 73500 76380 3 4 2880
540 76500 77340 4 11 840
541 78300 80520 9 6 2220
542 27600 30000 6 10 2400
543 30120 33000 10 12 2880
544 35520 38400 12 10 2880
545 38520 40920 10 6 2400
546 41040 43260 6 16 2220
547 43380 44400 16 14 1020
548 46320 49200 12 10 2880
549 49320 51720 10 6 2400
550 51840 54060 6 16 2220
551 54180 55200 16 14 1020
552 57120 60000 12 10 2880
553 60120 62520 10 6 2400
554 62640 64860 6 16 2220
555 64980 66000 16 14 1020
556 67920 70800 12 10 2880
557 70920 73320 10 6 2400
558 73440 75660 6 16 2220
559 75780 76800 16 14 1020
560 78720 81600 12 10 2880
561 81720 84120 10 6 2400
562 30360 31260 8 10 900
563 31380 34260 10 12 2880
564 34500 38040 12 15 3540
565 40500 44040 15 12 3540
566 44160 47040 12 10 2880
567 47160 48060 10 8 900
568 48180 51000 8 3 2820
569 51120 53400 3 7 2280
570 53520 54240 7 0 720
571 54900 58440 15 12 3540
572 58560 61440 12 10 2880
573 61560 62460 10 8 900
574 62580 65400 8 3 2820
575 65520 67800 3 7 2280
576 67920 68640 7 0 720
577 69300 72840 15 12 3540
578 72960 75840 12 10 2880
579 75960 76860 10 8 900
580 76980 79800 8 3 2820
581 79920 82200 3 7 2280
582 33480 37020 5 7 3540
583 37140 37860 7 0 720
584 38580 40560 13 5 1980
585 40680 44220 5 7 3540
586 44340 45060 7 0 720
587 45780 47760 13 5 1980
588 47880 51420 5 7 3540
589 51540 52260 7 0 720
590 52980 54960 13 5 1980
591 55080 58620 5 7 3540
592 58740 59460 7 0 720
593 60180 62160 13 5 1980
594 62280 65820 5 7 3540
595 65940 66660 7 0 720
596 67380 69360 13 5 1980
597 69480 73020 5 7 3540
598 73140 73860 7 0 720
599 74580 76560 13 5 1980
600 76680 80220 5 7 3540
601 80340 81060 7 0 720
602 31380 32100 0 7 720
603 32220 35760 7 5 3540
604 35880 37860 5 13 1980
605 38580 39300 0 7 720
606 39420 42960 7 5 3540
607 43080 45060 5 13 1980
608 45780 46500 0 7 720
609 46620 50160 7 5 3540
610 50280 52260 5 13 1980
611 52980 53700 0 7 720
612 53820 57360 7 5 3540
613 57480 59460 5 13 1980
614 60180 60900 0 7 720
615 61020 64560 7 5 3540
616 64680 66660 5 13 1980
617 67380 68100 0 7 720
618 68220 71760 7 5 3540
619 71880 73860 5 13 1980
620 74580 75300 0 7 720
621 75420 78960 7 5 3540
622 26640 30180 6 3 3540
623 30300 33180 3 4 2880
624 33300 34140 4 11 840
625 34860 35700 11 4 840
626 35820 38700 4 3 2880
627 38820 42360 3 6 3540
628 42480 44700 6 9 2220
629 45660 46500 11 4 840
630 46620 49500 4 3 2880
631 49620 53160 3 6 3540
632 53280 55500 6 9 2220
633 56460 57300 11 4 840
634 57420 60300 4 3 2880
635 60420 63960 3 6 3540
636 64080 66300 6 9 2220
637 67260 68100 11 4 840
638 68220 71100 4 3 2880
639 71220 74760 3 6 3540
640 74880 77100 6 9 2220
641 78060 78900 11 4 840
642 79020 81900 4 3 2880
643 82020 85560 3 6 3540
644 26640 29040 6 1 2400
645 29160 31740 1 5 2580
646 35460 38040 5 1 2580
647 38160 40560 1 6 2400
648 40680 42900 6 9 2220
649 46260 48840 5 1 2580
650 48960 51360 1 6 2400
651 51480 53700 6 9 2220
652 57060 59640 5 1 2580
653 59760 62160 1 6 2400
654 62280 64500 6 9 2220
655 67860 70440 5 1 2580
656 70560 72960 1 6 2400
657 73080 75300 6 9 2220
658 78660 81240 5 1 2580
659 81360 83760 1 6 2400
660 32220 34200 7 1 1980
661 34320 36540 1 16 2220
662 36660 37680 16 14 1020
663 39420 41400 7 1 1980
664 41520 43740 1 16 2220
665 43860 44880 16 14 1020
666 46620 48600 7 1 1980
667 48720 50940 1 16 2220
668 51060 52080 16 14 1020
669 53820 55800 7 1 1980
670 55920 58140 1 16 2220
671 58260 59280 16 14 1020
672 61020 63000 7 1 1980
673 63120 65340 1 16 2220
674 65460 66480 16 14 1020
675 68220 70200 7 1 1980
676 70320 72540 1 16 2220
677 72660 73680 16 14 1020
678 75420 77400 7 1 1980
679 77520 79740 1 16 2220
680 30360 31260 8 10 900
681 31380 33180 10 9 1800
682 35220 37020 9 10 1800
683 37140 38040 10 8 900
684 38160 40980 8 3 2820
685 41100 43980 3 4 2880
686 46020 47820 9 10 1800
687 47940 48840 10 8 900
688 48960 51780 8 3 2820
689 51900 54780 3 4 2880
690 56820 58620 9 10 1800
691 58740 59640 10 8 900
692 59760 62580 8 3 2820
693 62700 65580 3 4 2880
694 67620 69420 9 10 1800
695 69540 70440 10 8 900
696 70560 73380 8 3 2820
697 73500 76380 3 4 2880
698 78420 80220 9 10 1800
699 80340 81240 10 8 900
700 30300 33180 3 4 2880
701 35220 38100 4 3 2880
702 38220 41040 3 8 2820
703 41160 42060 8 10 900
704 42180 43980 10 9 1800
705 46020 48900 4 3 2880
706 49020 51840 3 8 2820
707 51960 52860 8 10 900
708 52980 54780 10 9 1800
709 56820 59700 4 3 2880
710 59820 62640 3 8 2820
711 62760 63660 8 10 900
712 63780 65580 10 9 1800
713 67620 70500 4 3 2880
714 70620 73440 3 8 2820
715 73560 74460 8 10 900
716 74580 76380 10 9 1800
717 78420 81300 4 3 2880
718 81420 84240 3 8 2820
719 84360 85260 8 10 900
720 29880 32100 6 9 2220
721 35100 37320 9 6 2220
722 37440 39840 6 1 2400
723 39960 42540 1 5 2580
724 45900 48120 9 6 2220
725 48240 50640 6 1 2400
726 50760 53340 1 5 2580
727 56700 58920 9 6 2220
728 59040 61440 6 1 2400
729 61560 64140 1 5 2580
730 67500 69720 9 6 2220
731 69840 72240 6 1 2400
732 72360 74940 1 5 2580
733 78300 80520 9 6 2220
734 80640 83040 6 1 2400
735 30240 32460 6 16 2220
736 32580 33600 16 14 1020
737 34920 35940 14 16 1020
738 36060 38280 16 6 2220
739 38400 40800 6 10 2400
740 40920 43800 10 12 2880
741 45720 46740 14 16 1020
742 46860 49080 16 6 2220
743 49200 51600 6 10 2400
744 51720 54600 10 12 2880
745 56520 57540 14 16 1020
746 57660 59880 16 6 2220
747 60000 62400 6 10 2400
748 62520 65400 10 12 2880
749 67320 68340 14 16 1020
750 68460 70680 16 6 2220
751 70800 73200 6 10 2400
752 73320 76200 10 12 2880
753 78120 79140 14 16 1020
754 79260 81480 16 6 2220
755 81600 84000 6 10 2400
756 84120 87000 10 12 2880
757 30240 32460 6 16 2220
758 33540 35760 16 6 2220
759 36000 38400 6 1 2400
760 38640 40620 1 7 1980
761 40740 41460 7 0 720
762 44340 46560 16 6 2220
763 46800 49200 6 1 2400
764 49440 51420 1 7 1980
765 51540 52260 7 0 720
766 55140 57360 16 6 2220
767 57600 60000 6 1 2400
768 60240 62220 1 7 1980
769 62340 63060 7 0 720
770 65940 68160 16 6 2220
771 68400 70800 6 1 2400
772 71040 73020 1 7 1980
773 73140 73860 7 0 720
774 76740 78960 16 6 2220
775 79200 81600 6 1 2400
776 29760 31980 1 16 2220
777 34320 36540 16 1 2220
778 36660 39240 1 5 2580
779 39360 41340 5 13 1980
780 45120 47340 16 1 2220
781 47460 50040 1 5 2580
782 50160 52140 5 13 1980
783 55920 58140 16 1 2220
784 58260 60840 1 5 2580
785 60960 62940 5 13 1980
786 66720 68940 16 1 2220
787 69060 71640 1 5 2580
788 71760 73740 5 13 1980
789 77520 79740 16 1 2220
790 29460 30480 16 14 1020
791 31560 32580 14 16 1020
792 32700 34920 16 1 2220
793 35040 37020 1 7 1980
794 38760 39780 14 16 1020
795 39900 42120 16 1 2220
796 42240 44220 1 7 1980
797 45960 46980 14 16 1020
798 47100 49320 16 1 2220
799 49440 51420 1 7 1980
800 53160 54180 14 16 1020
801 54300 56520 16 1 2220
802 56640 58620 1 7 1980
803 60360 61380 14 16 1020
804 61500 63720 16 1 2220
805 63840 65820 1 7 1980
806 67560 68580 14 16 1020
807 68700 70920 16 1 2220
808 71040 73020 1 7 1980
809 74760 75780 14 16 1020
810 75900 78120 16 1 2220
811 78240 80220 1 7 1980
812 34800 37320 2 7 2520
813 37440 38160 7 0 720
814 39480 40320 11 4 840
815 40440 41880 4 2 1440
816 42000 44520 2 7 2520
817 44640 45360 7 0 720
818 46680 47520 11 4 840
819 47640 49080 4 2 1440
820 49200 51720 2 7 2520
821 51840 52560 7 0 720
822 53880 54720 11 4 840
823 54840 56280 4 2 1440
824 56400 58920 2 7 2520
825 59040 59760 7 0 720
826 61080 61920 11 4 840
827 62040 63480 4 2 1440
828 63600 66120 2 7 2520
829 66240 66960 7 0 720
830 68280 69120 11 4 840
831 69240 70680 4 2 1440
832 70800 73320 2 7 2520
833 73440 74160 7 0 720
834 75480 76320 11 4 840
835 76440 77880 4 2 1440
836 78000 80520 2 7 2520
837 80640 81360 7 0 720
838 32280 33000 0 7 720
839 33120 35640 7 2 2520
840 35760 37200 2 4 1440
841 37320 38160 4 11 840
842 39480 40200 0 7 720
843 40320 42840 7 2 2520
844 42960 44400 2 4 1440
845 44520 45360 4 11 840
846 46680 47400 0 7 720
847 47520 50040 7 2 2520
848 50160 51600 2 4 1440
849 51720 52560 4 11 840
850 53880 54600 0 7 720
851 54720 57240 7 2 2520
852 57360 58800 2 4 1440
853 58920 59760 4 11 840
854 61080 61800 0 7 720
855 61920 64440 7 2 2520
856 64560 66000 2 4 1440
857 66120 66960 4 11 840
858 68280 69000 0 7 720
859 69120 71640 7 2 2520
860 71760 73200 2 4 1440
861 73320 74160 4 11 840
862 75480 76200 0 7 720
863 32400 33120 0 7 720
864 33240 35520 7 3 2280
865 35700 37680 3 2 1980
866 39600 40320 0 7 720
867 40440 42720 7 3 2280
868 42900 44880 3 2 1980
869 46800 47520 0 7 720
870 47640 49920 7 3 2280
871 50100 52080 3 2 1980
872 54000 54720 0 7 720
873 54840 57120 7 3 2280
874 57300 59280 3 2 1980
875 61200 61920 0 7 720
876 62040 64320 7 3 2280
877 64500 66480 3 2 1980
878 68400 69120 0 7 720
879 69240 71520 7 3 2280
880 71700 73680 3 2 1980
881 75600 76320 0 7 720
882 76440 78720 7 3 2280
883 34440 36720 3 7 2280
884 36840 37560 7 0 720
885 39540 41520 2 3 1980
886 41640 43920 3 7 2280
887 44040 44760 7 0 720
888 46740 48720 2 3 1980
889 48840 51120 3 7 2280
890 51240 51960 7 0 720
891 53940 55920 2 3 1980
892 56040 58320 3 7 2280
893 58440 59160 7 0 720
894 61140 63120 2 3 1980
895 63240 65520 3 7 2280
896 65640 66360 7 0 720
897 68340 70320 2 3 1980
898 70440 72720 3 7 2280
899 72840 73560 7 0 720
900 75540 77520 2 3 1980
901 77640 79920 3 7 2280
902 80040 80760 7 0 720
903 28800 31200 6 1 2400
904 34800 37200 1 6 2400
905 37440 39660 6 16 2220
906 39780 40800 16 14 1020
907 42000 44400 1 6 2400
908 44640 46860 6 16 2220
909 46980 48000 16 14 1020
910 49200 51600 1 6 2400
911 51840 54060 6 16 2220
912 54180 55200 16 14 1020
913 56400 58800 1 6 2400
914 59040 61260 6 16 2220
915 61380 62400 16 14 1020
916 63600 66000 1 6 2400
917 66240 68460 6 16 2220
918 68580 69600 16 14 1020
919 70800 73200 1 6 2400
920 73440 75660 6 16 2220
921 75780 76800 16 14 1020
922 78000 80400 1 6 2400
923 34680 38220 5 7 3540
924 38340 39060 7 0 720
925 39780 41760 13 5 1980
926 41880 45420 5 7 3540
927 45540 46260 7 0 720
928 46980 48960 13 5 1980
929 49080 52620 5 7 3540
930 52740 53460 7 0 720
931 54180 56160 13 5 1980
932 56280 59820 5 7 3540
933 59940 60660 7 0 720
934 61380 63360 13 5 1980
935 63480 67020 5 7 3540
936 67140 67860 7 0 720
937 68580 70560 13 5 1980
938 70680 74220 5 7 3540
939 74340 75060 7 0 720
940 75780 77760 13 5 1980
941 77880 81420 5 7 3540
942 31140 31860 7 0 720
943 32580 33300 0 7 720
944 33420 36960 7 5 3540
945 37080 39060 5 13 1980
946 39780 40500 0 7 720
947 40620 44160 7 5 3540
948 44280 46260 5 13 1980
949 46980 47700 0 7 720
950 47820 51360 7 5 3540
951 51480 53460 5 13 1980
952 54180 54900 0 7 720
953 55020 58560 7 5 3540
954 58680 60660 5 13 1980
955 61380 62100 0 7 720
956 62220 65760 7 5 3540
957 65880 67860 5 13 1980
958 68580 69300 0 7 720
959 69420 72960 7 5 3540
960 73080 75060 5 13 1980
961 75780 76500 0 7 720
962 76620 80160 7 5 3540
963 29460 31860 6 1 2400
964 34320 36720 1 6 2400
965 36840 39180 6 8 2340
966 39420 40320 8 10 900
967 41520 43920 1 6 2400
968 44040 46380 6 8 2340
969 46620 47520 8 10 900
970 48720 51120 1 6 2400
971 51240 53580 6 8 2340
972 53820 54720 8 10 900
973 55920 58320 1 6 2400
974 58440 60780 6 8 2340
975 61020 61920 8 10 900
976 63120 65520 1 6 2400
977 65640 67980 6 8 2340
978 68220 69120 8 10 900
979 70320 72720 1 6 2400
980 72840 75180 6 8 2340
981 75420 76320 8 10 900
982 77520 79920 1 6 2400
983 80040 82380 6 8 2340
984 82620 83520 8 10 900
985 32760 33660 10 8 900
986 33780 36600 8 3 2820
987 36720 39000 3 7 2280
988 39120 39840 7 0 720
989 42180 42900 0 7 720
990 43020 45300 7 3 2280
991 45420 48240 3 8 2820
992 48360 49260 8 10 900
993 49380 52260 10 12 2880
994 52500 56040 12 15 3540
995 60180 60900 0 7 720
996 61020 63300 7 3 2280
997 63420 66240 3 8 2820
998 66360 67260 8 10 900
999 67380 70260 10 12 2880
1000 78180 78900 0 7 720
1001 79020 81300 7 3 2280
1002 81420 84240 3 8 2820
1003 84360 85260 8 10 900
1004 33060 35280 6 9 2220
1005 37920 40140 9 6 2220
1006 40260 43800 6 3 3540
1007 43920 46200 3 7 2280
1008 46320 47040 7 0 720
1009 48720 50940 9 6 2220
1010 51060 54600 6 3 3540
1011 54720 57000 3 7 2280
1012 57120 57840 7 0 720
1013 59520 61740 9 6 2220
1014 61860 65400 6 3 3540
1015 65520 67800 3 7 2280
1016 67920 68640 7 0 720
1017 70320 72540 9 6 2220
1018 72660 76200 6 3 3540
1019 76320 78600 3 7 2280
1020 78720 79440 7 0 720
1021 32160 33060 8 10 900
1022 33180 34980 10 9 1800
1023 37020 38820 9 10 1800
1024 38940 39840 10 8 900
1025 39960 42780 8 3 2820
1026 42900 45780 3 4 2880
1027 47820 49620 9 10 1800
1028 49740 50640 10 8 900
1029 50760 53580 8 3 2820
1030 53700 56580 3 4 2880
1031 58620 60420 9 10 1800
1032 60540 61440 10 8 900
1033 61560 64380 8 3 2820
1034 64500 67380 3 4 2880
1035 69420 71220 9 10 1800
1036 71340 72240 10 8 900
1037 72360 75180 8 3 2820
1038 75300 78180 3 4 2880
1039 29160 31980 8 3 2820
1040 32100 34980 3 4 2880
1041 37020 39900 4 3 2880
1042 40020 42840 3 8 2820
1043 42960 43860 8 10 900
1044 43980 45780 10 9 1800
1045 47820 50700 4 3 2880
1046 50820 53640 3 8 2820
1047 53760 54660 8 10 900
1048 54780 56580 10 9 1800
1049 58620 61500 4 3 2880
1050 61620 64440 3 8 2820
1051 64560 65460 8 10 900
1052 65580 67380 10 9 1800
1053 69420 72300 4 3 2880
1054 72420 75240 3 8 2820
1055 75360 76260 8 10 900
1056 34440 35880 4 2 1440
1057 36000 38520 2 7 2520
1058 38640 39360 7 0 720
1059 40680 41520 11 4 840
1060 41640 43080 4 2 1440
1061 43200 45720 2 7 2520
1062 45840 46560 7 0 720
1063 47880 48720 11 4 840
1064 48840 50280 4 2 1440
1065 50400 52920 2 7 2520
1066 53040 53760 7 0 720
1067 55080 55920 11 4 840
1068 56040 57480 4 2 1440
1069 57600 60120 2 7 2520
1070 60240 60960 7 0 720
1071 62280 63120 11 4 840
1072 63240 64680 4 2 1440
1073 64800 67320 2 7 2520
1074 67440 68160 7 0 720
1075 69480 70320 11 4 840
1076 70440 71880 4 2 1440
1077 72000 74520 2 7 2520
1078 74640 75360 7 0 720
1079 76680 77520 11 4 840
1080 77640 79080 4 2 1440
1081 79200 81720 2 7 2520
1082 31440 32160 7 0 720
1083 33480 34200 0 7 720
1084 34320 36840 7 2 2520
1085 36960 38400 2 4 1440
1086 38520 39360 4 11 840
1087 40680 41400 0 7 720
1088 41520 44040 7 2 2520
1089 44160 45600 2 4 1440
1090 45720 46560 4 11 840
1091 47880 48600 0 7 720
1092 48720 51240 7 2 2520
1093 51360 52800 2 4 1440
1094 52920 53760 4 11 840
1095 55080 55800 0 7 720
1096 55920 58440 7 2 2520
1097 58560 60000 2 4 1440
1098 60120 60960 4 11 840
1099 62280 63000 0 7 720
1100 63120 65640 7 2 2520
1101 65760 67200 2 4 1440
1102 67320 68160 4 11 840
1103 69480 70200 0 7 720
1104 70320 72840 7 2 2520
1105 72960 74400 2 4 1440
1106 74520 75360 4 11 840
1107 76680 77400 0 7 720
1108 28800 31200 6 1 2400
1109 31440 33420 1 7 1980
1110 33540 34260 7 0 720
1111 35580 36300 0 7 720
1112 36420 38400 7 1 1980
1113 38520 40920 1 6 2400
1114 41040 43260 6 16 2220
1115 46380 47100 0 7 720
1116 47220 49200 7 1 1980
1117 49320 51720 1 6 2400
1118 51840 54060 6 16 2220
1119 57180 57900 0 7 720
1120 58020 60000 7 1 1980
1121 60120 62520 1 6 2400
1122 62640 64860 6 16 2220
1123 67980 68700 0 7 720
1124 68820 70800 7 1 1980
1125 70920 73320 1 6 2400
1126 73440 75660 6 16 2220
1127 78780 79500 0 7 720
1128 79620 81600 7 1 1980
1129 81720 84120 1 6 2400
1130 29280 31680 1 6 2400
1131 31800 34200 6 10 2400
1132 34320 37200 10 12 2880
1133 37800 40680 12 10 2880
1134 40800 43200 10 6 2400
1135 43320 45720 6 1 2400
1136 45840 47820 1 7 1980
1137 47940 48660 7 0 720
1138 52200 55080 12 10 2880
1139 55200 57600 10 6 2400
1140 57720 60120 6 1 2400
1141 60240 62220 1 7 1980
1142 62340 63060 7 0 720
1143 66600 69480 12 10 2880
1144 69600 72000 10 6 2400
1145 72120 74520 6 1 2400
1146 74640 76620 1 7 1980
1147 76740 77460 7 0 720
1148 35880 39420 5 7 3540
1149 39540 40260 7 0 720
1150 40980 42960 13 5 1980
1151 43080 46620 5 7 3540
1152 46740 47460 7 0 720
1153 48180 50160 13 5 1980
1154 50280 53820 5 7 3540
1155 53940 54660 7 0 720
1156 55380 57360 13 5 1980
1157 57480 61020 5 7 3540
1158 61140 61860 7 0 720
1159 62580 64560 13 5 1980
1160 64680 68220 5 7 3540
1161 68340 69060 7 0 720
1162 69780 71760 13 5 1980
1163 71880 75420 5 7 3540
1164 75540 76260 7 0 720
1165 76980 78960 13 5 1980
1166 79080 82620 5 7 3540
1167 32340 33060 7 0 720
1168 33780 34500 0 7 720
1169 34620 38160 7 5 3540
1170 38280 40260 5 13 1980
1171 40980 41700 0 7 720
1172 41820 45360 7 5 3540
1173 45480 47460 5 13 1980
1174 48180 48900 0 7 720
1175 49020 52560 7 5 3540
1176 52680 54660 5 13 1980
1177 55380 56100 0 7 720
1178 56220 59760 7 5 3540
1179 59880 61860 5 13 1980
1180 62580 63300 0 7 720
1181 63420 66960 7 5 3540
1182 67080 69060 5 13 1980
1183 69780 70500 0 7 720
1184 70620 74160 7 5 3540
1185 74280 76260 5 13 1980
1186 76980 77700 0 7 720
1187 31440 32160 7 0 720
1188 34200 34920 0 7 720
1189 35040 37320 7 3 2280
1190 37500 39480 3 2 1980
1191 41400 42120 0 7 720
1192 42240 44520 7 3 2280
1193 44700 46680 3 2 1980
1194 48600 49320 0 7 720
1195 49440 51720 7 3 2280
1196 51900 53880 3 2 1980
1197 55800 56520 0 7 720
1198 56640 58920 7 3 2280
1199 59100 61080 3 2 1980
1200 63000 63720 0 7 720
1201 63840 66120 7 3 2280
1202 66300 68280 3 2 1980
1203 70200 70920 0 7 720
1204 71040 73320 7 3 2280
1205 73500 75480 3 2 1980
1206 77400 78120 0 7 720
1207 78240 80520 7 3 2280
1208 30300 32280 3 2 1980
1209 34140 36120 2 3 1980
1210 36240 38520 3 7 2280
1211 38640 39360 7 0 720
1212 41340 43320 2 3 1980
1213 43440 45720 3 7 2280
1214 45840 46560 7 0 720
1215 48540 50520 2 3 1980
1216 50640 52920 3 7 2280
1217 53040 53760 7 0 720
1218 55740 57720 2 3 1980
1219 57840 60120 3 7 2280
1220 60240 60960 7 0 720
1221 62940 64920 2 3 1980
1222 65040 67320 3 7 2280
1223 67440 68160 7 0 720
1224 70140 72120 2 3 1980
1225 72240 74520 3 7 2280
1226 74640 75360 7 0 720
1227 77340 79320 2 3 1980
1228 79440 81720 3 7 2280
1229 32520 34920 6 1 2400
1230 35040 37020 1 7 1980
1231 37140 37860 7 0 720
1232 40740 41460 0 7 720
1233 41580 43560 7 1 1980
1234 43680 46080 1 6 2400
1235 46200 48600 6 10 2400
1236 48720 51600 10 12 2880
1237 55140 55860 0 7 720
1238 55980 57960 7 1 1980
1239 58080 60480 1 6 2400
1240 60600 63000 6 10 2400
1241 63120 66000 10 12 2880
1242 69540 70260 0 7 720
1243 70380 72360 7 1 1980
1244 72480 74880 1 6 2400
1245 75000 77400 6 10 2400
1246 29460 33000 6 3 3540
1247 33120 35400 3 7 2280
1248 35520 36240 7 0 720
1249 36960 37680 0 7 720
1250 37800 40080 7 3 2280
1251 40200 43740 3 6 3540
1252 43860 46080 6 9 2220
1253 47760 48480 0 7 720
1254 48600 50880 7 3 2280
1255 51000 54540 3 6 3540
1256 54660 56880 6 9 2220
1257 58560 59280 0 7 720
1258 59400 61680 7 3 2280
1259 61800 65340 3 6 3540
1260 65460 67680 6 9 2220
1261 69360 70080 0 7 720
1262 70200 72480 7 3 2280
1263 72600 76140 3 6 3540
1264 29640 31980 6 8 2340
1265 32220 33120 8 10 900
1266 36660 37560 10 8 900
1267 37800 40140 8 6 2340
1268 40260 42660 6 1 2400
1269 43860 44760 10 8 900
1270 45000 47340 8 6 2340
1271 47460 49860 6 1 2400
1272 51060 51960 10 8 900
1273 52200 54540 8 6 2340
1274 54660 57060 6 1 2400
1275 58260 59160 10 8 900
1276 59400 61740 8 6 2340
1277 61860 64260 6 1 2400
1278 65460 66360 10 8 900
1279 66600 68940 8 6 2340
1280 69060 71460 6 1 2400
1281 72660 73560 10 8 900
1282 73800 76140 8 6 2340
1283 76260 78660 6 1 2400
1284 29460 32040 1 5 2580
1285 32160 34140 5 13 1980
1286 35760 37740 13 5 1980
1287 37860 40440 5 1 2580
1288 40560 42780 1 16 2220
1289 46560 48540 13 5 1980
1290 48660 51240 5 1 2580
1291 51360 53580 1 16 2220
1292 57360 59340 13 5 1980
1293 59460 62040 5 1 2580
1294 62160 64380 1 16 2220
1295 68160 70140 13 5 1980
1296 70260 72840 5 1 2580
1297 72960 75180 1 16 2220
1298 78960 80940 13 5 1980
1299 81060 83640 5 1 2580
1300 29940 31920 1 7 1980
1301 32040 34560 7 2 2520
1302 38160 40680 2 7 2520
1303 40800 42780 7 1 1980
1304 43020 45600 1 5 2580
1305 48960 51480 2 7 2520
1306 51600 53580 7 1 1980
1307 53820 56400 1 5 2580
1308 59760 62280 2 7 2520
1309 62400 64380 7 1 1980
1310 64620 67200 1 5 2580
1311 70560 73080 2 7 2520
1312 73200 75180 7 1 1980
1313 75420 78000 1 5 2580
1314 32220 34800 1 5 2580
1315 38040 40620 5 1 2580
1316 40740 42720 1 7 1980
1317 42840 45360 7 2 2520
1318 48840 51420 5 1 2580
1319 51540 53520 1 7 1980
1320 53640 56160 7 2 2520
1321 59640 62220 5 1 2580
1322 62340 64320 1 7 1980
1323 64440 66960 7 2 2520
1324 70440 73020 5 1 2580
1325 73140 75120 1 7 1980
1326 75240 77760 7 2 2520
1327 35640 37080 4 2 1440
1328 37200 39720 2 7 2520
1329 39840 40560 7 0 720
1330 41880 42720 11 4 840
1331 42840 44280 4 2 1440
1332 44400 46920 2 7 2520
1333 47040 47760 7 0 720
1334 49080 49920 11 4 840
1335 50040 51480 4 2 1440
1336 51600 54120 2 7 2520
1337 54240 54960 7 0 720
1338 56280 57120 11 4 840
1339 57240 58680 4 2 1440
1340 58800 61320 2 7 2520
1341 61440 62160 7 0 720
1342 63480 64320 11 4 840
1343 64440 65880 4 2 1440
1344 66000 68520 2 7 2520
1345 68640 69360 7 0 720
1346 70680 71520 11 4 840
1347 71640 73080 4 2 1440
1348 73200 75720 2 7 2520
1349 75840 76560 7 0 720
1350 32640 33360 7 0 720
1351 34680 35400 0 7 720
1352 35520 38040 7 2 2520
1353 38160 39600 2 4 1440
1354 39720 40560 4 11 840
1355 41880 42600 0 7 720
1356 42720 45240 7 2 2520
1357 45360 46800 2 4 1440
1358 46920 47760 4 11 840
1359 49080 49800 0 7 720
1360 49920 52440 7 2 2520
1361 52560 54000 2 4 1440
1362 54120 54960 4 11 840
1363 56280 57000 0 7 720
1364 57120 59640 7 2 2520
1365 59760 61200 2 4 1440
1366 61320 62160 4 11 840
1367 63480 64200 0 7 720
1368 64320 66840 7 2 2520
1369 66960 68400 2 4 1440
1370 68520 69360 4 11 840
1371 70680 71400 0 7 720
1372 71520 74040 7 2 2520
1373 74160 75600 2 4 1440
1374 75720 76560 4 11 840
1375 77880 78600 0 7 720
1376 30240 32460 6 16 2220
1377 32580 33600 16 14 1020
1378 36000 37020 14 16 1020
1379 37140 39360 16 6 2220
1380 39600 42000 6 1 2400
1381 43200 44220 14 16 1020
1382 44340 46560 16 6 2220
1383 46800 49200 6 1 2400
1384 50400 51420 14 16 1020
1385 51540 53760 16 6 2220
1386 54000 56400 6 1 2400
1387 57600 58620 14 16 1020
1388 58740 60960 16 6 2220
1389 61200 63600 6 1 2400
1390 64800 65820 14 16 1020
1391 65940 68160 16 6 2220
1392 68400 70800 6 1 2400
1393 72000 73020 14 16 1020
1394 73140 75360 16 6 2220
1395 75600 78000 6 1 2400
1396 79200 80220 14 16 1020
1397 80340 82560 16 6 2220
1398 31620 35160 3 6 3540
1399 35280 37500 6 9 2220
1400 38700 40920 9 6 2220
1401 41040 44580 6 3 3540
1402 44700 47580 3 4 2880
1403 47700 48540 4 11 840
1404 49500 51720 9 6 2220
1405 51840 55380 6 3 3540
1406 55500 58380 3 4 2880
1407 58500 59340 4 11 840
1408 60300 62520 9 6 2220
1409 62640 66180 6 3 3540
1410 66300 69180 3 4 2880
1411 69300 70140 4 11 840
1412 71100 73320 9 6 2220
1413 73440 76980 6 3 3540
1414 31200 33600 6 10 2400
1415 33720 36600 10 12 2880
1416 39120 42000 12 10 2880
1417 42120 44520 10 6 2400
1418 44640 46860 6 16 2220
1419 46980 48000 16 14 1020
1420 49920 52800 12 10 2880
1421 52920 55320 10 6 2400
1422 55440 57660 6 16 2220
1423 57780 58800 16 14 1020
1424 60720 63600 12 10 2880
1425 63720 66120 10 6 2400
1426 66240 68460 6 16 2220
1427 68580 69600 16 14 1020
1428 71520 74400 12 10 2880
1429 74520 76920 10 6 2400
1430 77040 79260 6 16 2220
1431 31020 33840 3 8 2820
1432 33960 34860 8 10 900
1433 34980 37860 10 12 2880
1434 38100 41640 12 15 3540
1435 44100 47640 15 12 3540
1436 47760 50640 12 10 2880
1437 50760 51660 10 8 900
1438 51780 54600 8 3 2820
1439 54720 57000 3 7 2280
1440 57120 57840 7 0 720
1441 58500 62040 15 12 3540
1442 62160 65040 12 10 2880
1443 65160 66060 10 8 900
1444 66180 69000 8 3 2820
1445 69120 71400 3 7 2280
1446 71520 72240 7 0 720
1447 72900 76440 15 12 3540
1448 76560 79440 12 10 2880
1449 79560 80460 10 8 900
1450 32280 34260 5 13 1980
1451 34980 36960 13 5 1980
1452 37080 40620 5 7 3540
1453 40740 41460 7 0 720
1454 42180 44160 13 5 1980
1455 44280 47820 5 7 3540
1456 47940 48660 7 0 720
1457 49380 51360 13 5 1980
1458 51480 55020 5 7 3540
1459 55140 55860 7 0 720
1460 56580 58560 13 5 1980
1461 58680 62220 5 7 3540
1462 62340 63060 7 0 720
1463 63780 65760 13 5 1980
1464 65880 69420 5 7 3540
1465 69540 70260 7 0 720
1466 70980 72960 13 5 1980
1467 73080 76620 5 7 3540
1468 76740 77460 7 0 720
1469 78180 80160 13 5 1980
1470 33540 34260 7 0 720
1471 34980 35700 0 7 720
1472 35820 39360 7 5 3540
1473 39480 41460 5 13 1980
1474 42180 42900 0 7 720
1475 43020 46560 7 5 3540
1476 46680 48660 5 13 1980
1477 49380 50100 0 7 720
1478 50220 53760 7 5 3540
1479 53880 55860 5 13 1980
1480 56580 57300 0 7 720
1481 57420 60960 7 5 3540
1482 61080 63060 5 13 1980
1483 63780 64500 0 7 720
1484 64620 68160 7 5 3540
1485 68280 70260 5 13 1980
1486 70980 71700 0 7 720
1487 71820 75360 7 5 3540
1488 75480 77460 5 13 1980
1489 78180 78900 0 7 720
1490 30240 33780 6 3 3540
1491 33900 36780 3 4 2880
1492 36900 37740 4 11 840
1493 38460 39300 11 4 840
1494 39420 42300 4 3 2880
1495 42420 45960 3 6 3540
1496 46080 48300 6 9 2220
1497 49260 50100 11 4 840
1498 50220 53100 4 3 2880
1499 53220 56760 3 6 3540
1500 56880 59100 6 9 2220
1501 60060 60900 11 4 840
1502 61020 63900 4 3 2880
1503 64020 67560 3 6 3540
1504 67680 69900 6 9 2220
1505 70860 71700 11 4 840
1506 71820 74700 4 3 2880
1507 74820 78360 3 6 3540
1508 30240 32640 6 1 2400
1509 32760 35340 1 5 2580
1510 39060 41640 5 1 2580
1511 41760 44160 1 6 2400
1512 44280 46500 6 9 2220
1513 49860 52440 5 1 2580
1514 52560 54960 1 6 2400
1515 55080 57300 6 9 2220
1516 60660 63240 5 1 2580
1517 63360 65760 1 6 2400
1518 65880 68100 6 9 2220
1519 71460 74040 5 1 2580
1520 74160 76560 1 6 2400
1521 31440 33420 1 7 1980
1522 35820 37800 7 1 1980
1523 37920 40140 1 16 2220
1524 40260 41280 16 14 1020
1525 43020 45000 7 1 1980
1526 45120 47340 1 16 2220
1527 47460 48480 16 14 1020
1528 50220 52200 7 1 1980
1529 52320 54540 1 16 2220
1530 54660 55680 16 14 1020
1531 57420 59400 7 1 1980
1532 59520 61740 1 16 2220
1533 61860 62880 16 14 1020
1534 64620 66600 7 1 1980
1535 66720 68940 1 16 2220
1536 69060 70080 16 14 1020
1537 71820 73800 7 1 1980
1538 73920 76140 1 16 2220
1539 76260 77280 16 14 1020
1540 79020 81000 7 1 1980
1541 31020 33840 3 8 2820
1542 33960 34860 8 10 900
1543 34980 36780 10 9 1800
1544 38820 40620 9 10 1800
1545 40740 41640 10 8 900
1546 41760 44580 8 3 2820
1547 44700 47580 3 4 2880
1548 49620 51420 9 10 1800
1549 51540 52440 10 8 900
1550 52560 55380 8 3 2820
1551 55500 58380 3 4 2880
1552 60420 62220 9 10 1800
1553 62340 63240 10 8 900
1554 63360 66180 8 3 2820
1555 66300 69180 3 4 2880
1556 71220 73020 9 10 1800
1557 73140 74040 10 8 900
1558 74160 76980 8 3 2820
1559 30960 33780 8 3 2820
1560 33900 36780 3 4 2880
1561 38820 41700 4 3 2880
1562 41820 44640 3 8 2820
1563 44760 45660 8 10 900
1564 45780 47580 10 9 1800
1565 49620 52500 4 3 2880
1566 52620 55440 3 8 2820
1567 55560 56460 8 10 900
1568 56580 58380 10 9 1800
1569 60420 63300 4 3 2880
1570 63420 66240 3 8 2820
1571 66360 67260 8 10 900
1572 67380 69180 10 9 1800
1573 71220 74100 4 3 2880
1574 74220 77040 3 8 2820
1575 77160 78060 8 10 900
1576 30960 33360 1 6 2400
1577 33480 35700 6 9 2220
1578 38700 40920 9 6 2220
1579 41040 43440 6 1 2400
1580 43560 46140 1 5 2580
1581 49500 51720 9 6 2220
1582 51840 54240 6 1 2400
1583 54360 56940 1 5 2580
1584 60300 62520 9 6 2220
1585 62640 65040 6 1 2400
1586 65160 67740 1 5 2580
1587 71100 73320 9 6 2220
1588 73440 75840 6 1 2400
1589 75960 78540 1 5 2580
1590 31320 33720 10 6 2400
1591 33840 36060 6 16 2220
1592 36180 37200 16 14 1020
1593 38520 39540 14 16 1020
1594 39660 41880 16 6 2220
1595 42000 44400 6 10 2400
1596 44520 47400 10 12 2880
1597 49320 50340 14 16 1020
1598 50460 52680 16 6 2220
1599 52800 55200 6 10 2400
1600 55320 58200 10 12 2880
1601 60120 61140 14 16 1020
1602 61260 63480 16 6 2220
1603 63600 66000 6 10 2400
1604 66120 69000 10 12 2880
1605 70920 71940 14 16 1020
1606 72060 74280 16 6 2220
1607 74400 76800 6 10 2400
1608 31320 33720 1 6 2400
1609 33840 36060 6 16 2220
1610 37140 39360 16 6 2220
1611 39600 42000 6 1 2400
1612 42240 44220 1 7 1980
1613 44340 45060 7 0 720
1614 47940 50160 16 6 2220
1615 50400 52800 6 1 2400
1616 53040 55020 1 7 1980
1617 55140 55860 7 0 720
1618 58740 60960 16 6 2220
1619 61200 63600 6 1 2400
1620 63840 65820 1 7 1980
1621 65940 66660 7 0 720
1622 69540 71760 16 6 2220
1623 72000 74400 6 1 2400
1624 74640 76620 1 7 1980
1625 76740 77460 7 0 720
1626 33360 35580 1 16 2220
1627 37920 40140 16 1 2220
1628 40260 42840 1 5 2580
1629 42960 44940 5 13 1980
1630 48720 50940 16 1 2220
1631 51060 53640 1 5 2580
1632 53760 55740 5 13 1980
1633 59520 61740 16 1 2220
1634 61860 64440 1 5 2580
1635 64560 66540 5 13 1980
1636 70320 72540 16 1 2220
1637 72660 75240 1 5 2580
1638 75360 77340 5 13 1980
1639 30720 32940 1 16 2220
1640 33060 34080 16 14 1020
1641 35160 36180 14 16 1020
1642 36300 38520 16 1 2220
1643 38640 40620 1 7 1980
1644 42360 43380 14 16 1020
1645 43500 45720 16 1 2220
1646 45840 47820 1 7 1980
1647 49560 50580 14 16 1020
1648 50700 52920 16 1 2220
1649 53040 55020 1 7 1980
1650 56760 57780 14 16 1020
1651 57900 60120 16 1 2220
1652 60240 62220 1 7 1980
1653 63960 64980 14 16 1020
1654 65100 67320 16 1 2220
1655 67440 69420 1 7 1980
1656 71160 72180 14 16 1020
1657 72300 74520 16 1 2220
1658 74640 76620 1 7 1980
1659 78360 79380 14 16 1020
1660 79500 81720 16 1 2220
1661 35880 36720 11 4 840
1662 36840 38280 4 2 1440
1663 38400 40920 2 7 2520
1664 41040 41760 7 0 720
1665 43080 43920 11 4 840
1666 44040 45480 4 2 1440
1667 45600 48120 2 7 2520
1668 48240 48960 7 0 720
1669 50280 51120 11 4 840
1670 51240 52680 4 2 1440
1671 52800 55320 2 7 2520
1672 55440 56160 7 0 720
1673 57480 58320 11 4 840
1674 58440 59880 4 2 1440
1675 60000 62520 2 7 2520
1676 62640 63360 7 0 720
1677 64680 65520 11 4 840
1678 65640 67080 4 2 1440
1679 67200 69720 2 7 2520
1680 69840 70560 7 0 720
1681 71880 72720 11 4 840
1682 72840 74280 4 2 1440
1683 74400 76920 2 7 2520
1684 77040 77760 7 0 720
1685 33840 34560 7 0 720
1686 35880 36600 0 7 720
1687 36720 39240 7 2 2520
1688 39360 40800 2 4 1440
1689 40920 41760 4 11 840
1690 43080 43800 0 7 720
1691 43920 46440 7 2 2520
1692 46560 48000 2 4 1440
1693 48120 48960 4 11 840
1694 50280 51000 0 7 720
1695 51120 53640 7 2 2520
1696 53760 55200 2 4 1440
1697 55320 56160 4 11 840
1698 57480 58200 0 7 720
1699 58320 60840 7 2 2520
1700 60960 62400 2 4 1440
1701 62520 63360 4 11 840
1702 64680 65400 0 7 720
1703 65520 68040 7 2 2520
1704 68160 69600 2 4 1440
1705 69720 70560 4 11 840
1706 71880 72600 0 7 720
1707 72720 75240 7 2 2520
1708 75360 76800 2 4 1440
1709 79080 79800 0 7 720
1710 32100 34080 3 2 1980
1711 35940 37920 2 3 1980
1712 38040 40320 3 7 2280
1713 40440 41160 7 0 720
1714 29940 32160 16 6 2220
1715 32400 34800 6 1 2400
1716 38400 40800 1 6 2400
1717 41040 43260 6 16 2220
1718 43380 44400 16 14 1020
1719 30600 32940 8 6 2340
1720 33060 35460 6 1 2400
1721 37920 40320 1 6 2400
1722 40440 42780 6 8 2340
1723 43020 43920 8 10 900
1724 36360 37260 10 8 900
1725 37380 40200 8 3 2820
1726 40320 42600 3 7 2280
1727 42720 43440 7 0 720
1728 45780 46500 0 7 720
1729 46620 48900 7 3 2280
1730 49020 51840 3 8 2820
1731 51960 52860 8 10 900
1732 52980 55860 10 12 2880
1733 56100 59640 12 15 3540
1734 63780 64500 0 7 720
1735 64620 66900 7 3 2280
1736 67020 69840 3 8 2820
1737 69960 70860 8 10 900
1738 70980 73860 10 12 2880
1739 30600 32880 7 3 2280
1740 33000 36540 3 6 3540
1741 36660 38880 6 9 2220
1742 41520 43740 9 6 2220
1743 43860 47400 6 3 3540
1744 47520 49800 3 7 2280
1745 49920 50640 7 0 720
1746 52320 54540 9 6 2220
1747 54660 58200 6 3 3540
1748 58320 60600 3 7 2280
1749 60720 61440 7 0 720
1750 63120 65340 9 6 2220
1751 65460 69000 6 3 3540
1752 69120 71400 3 7 2280
1753 71520 72240 7 0 720
1754 73920 76140 9 6 2220
1755 76260 79800 6 3 3540
1756 79920 82200 3 7 2280
1757 32820 35640 3 8 2820
1758 35760 36660 8 10 900
1759 36780 38580 10 9 1800
1760 40620 42420 9 10 1800
1761 42540 43440 10 8 900
1762 43560 46380 8 3 2820
1763 46500 49380 3 4 2880
1764 51420 53220 9 10 1800
1765 53340 54240 10 8 900
1766 54360 57180 8 3 2820
1767 57300 60180 3 4 2880
1768 62220 64020 9 10 1800
1769 64140 65040 10 8 900
1770 65160 67980 8 3 2820
1771 68100 70980 3 4 2880
1772 73020 74820 9 10 1800
1773 74940 75840 10 8 900
1774 75960 78780 8 3 2820
1775 31740 32640 10 8 900
1776 32760 35580 8 3 2820
1777 35700 38580 3 4 2880
1778 40620 43500 4 3 2880
1779 43620 46440 3 8 2820
1780 46560 47460 8 10 900
1781 47580 49380 10 9 1800
1782 51420 54300 4 3 2880
1783 54420 57240 3 8 2820
1784 57360 58260 8 10 900
1785 58380 60180 10 9 1800
1786 62220 65100 4 3 2880
1787 65220 68040 3 8 2820
1788 68160 69060 8 10 900
1789 69180 70980 10 9 1800
1790 73020 75900 4 3 2880
1791 76020 78840 3 8 2820
1792 78960 79860 8 10 900
1793 29940 32160 16 6 2220
1794 32400 34800 6 1 2400
1795 35040 37020 1 7 1980
1796 37140 37860 7 0 720
1797 39180 39900 0 7 720
1798 40020 42000 7 1 1980
1799 42120 44520 1 6 2400
1800 44640 46860 6 16 2220
1801 49980 50700 0 7 720
1802 50820 52800 7 1 1980
1803 52920 55320 1 6 2400
1804 55440 57660 6 16 2220
1805 60780 61500 0 7 720
1806 61620 63600 7 1 1980
1807 63720 66120 1 6 2400
1808 66240 68460 6 16 2220
1809 71580 72300 0 7 720
1810 72420 74400 7 1 1980
1811 74520 76920 1 6 2400
1812 77040 79260 6 16 2220
1813 30780 32760 7 1 1980
1814 32880 35280 1 6 2400
1815 35400 37800 6 10 2400
1816 37920 40800 10 12 2880
1817 41400 44280 12 10 2880
1818 44400 46800 10 6 2400
1819 46920 49320 6 1 2400
1820 49440 51420 1 7 1980
1821 51540 52260 7 0 720
1822 55800 58680 12 10 2880
1823 58800 61200 10 6 2400
1824 61320 63720 6 1 2400
1825 63840 65820 1 7 1980
1826 65940 66660 7 0 720
1827 70200 73080 12 10 2880
1828 73200 75600 10 6 2400
1829 75720 78120 6 1 2400
1830 78240 80220 1 7 1980
1831 80340 81060 7 0 720
1832 33600 36000 10 6 2400
1833 36120 38520 6 1 2400
1834 38640 40620 1 7 1980
1835 40740 41460 7 0 720
1836 44340 45060 0 7 720
1837 45180 47160 7 1 1980
1838 47280 49680 1 6 2400
1839 49800 52200 6 10 2400
1840 52320 55200 10 12 2880
1841 58740 59460 0 7 720
1842 59580 61560 7 1 1980
1843 61680 64080 1 6 2400
1844 64200 66600 6 10 2400
1845 66720 69600 10 12 2880
1846 73140 73860 0 7 720
1847 73980 75960 7 1 1980
1848 76080 78480 1 6 2400
1849 78600 81000 6 10 2400
1850 81120 84000 10 12 2880
1851 33060 36600 6 3 3540
1852 36720 39000 3 7 2280
1853 39120 39840 7 0 720
1854 40560 41280 0 7 720
1855 41400 43680 7 3 2280
1856 43800 47340 3 6 3540
1857 47460 49680 6 9 2220
1858 51360 52080 0 7 720
1859 52200 54480 7 3 2280
1860 54600 58140 3 6 3540
1861 58260 60480 6 9 2220
1862 62160 62880 0 7 720
1863 63000 65280 7 3 2280
1864 65400 68940 3 6 3540
1865 69060 71280 6 9 2220
1866 72960 73680 0 7 720
1867 73800 76080 7 3 2280
1868 76200 79740 3 6 3540
1869 30720 32940 16 1 2220
1870 33060 35640 1 5 2580
1871 35760 37740 5 13 1980
1872 39360 41340 13 5 1980
1873 41460 44040 5 1 2580
1874 44160 46380 1 16 2220
1875 50160 52140 13 5 1980
1876 52260 54840 5 1 2580
1877 54960 57180 1 16 2220
1878 60960 62940 13 5 1980
1879 63060 65640 5 1 2580
1880 65760 67980 1 16 2220
1881 71760 73740 13 5 1980
1882 73860 76440 5 1 2580
1883 76560 78780 1 16 2220
1884 33540 35520 1 7 1980
1885 35640 38160 7 2 2520
1886 41760 44280 2 7 2520
1887 44400 46380 7 1 1980
1888 46620 49200 1 5 2580
1889 52560 55080 2 7 2520
1890 55200 57180 7 1 1980
1891 57420 60000 1 5 2580
1892 63360 65880 2 7 2520
1893 66000 67980 7 1 1980
1894 68220 70800 1 5 2580
1895 74160 76680 2 7 2520
1896 76800 78780 7 1 1980
1897 33600 35580 7 1 1980
1898 35820 38400 1 5 2580
1899 41640 44220 5 1 2580
1900 44340 46320 1 7 1980
1901 46440 48960 7 2 2520
1902 52440 55020 5 1 2580
1903 55140 57120 1 7 1980
1904 57240 59760 7 2 2520
1905 63240 65820 5 1 2580
1906 65940 67920 1 7 1980
1907 68040 70560 7 2 2520
1908 74040 76620 5 1 2580
1909 76740 78720 1 7 1980
1910 35220 38760 3 6 3540
1911 38880 41100 6 9 2220
1912 42300 44520 9 6 2220
1913 44640 48180 6 3 3540
1914 48300 51180 3 4 2880
1915 51300 52140 4 11 840
1916 53100 55320 9 6 2220
1917 55440 58980 6 3 3540
1918 59100 61980 3 4 2880
1919 62100 62940 4 11 840
1920 63900 66120 9 6 2220
1921 66240 69780 6 3 3540
1922 69900 72780 3 4 2880
1923 72900 73740 4 11 840
1924 74700 76920 9 6 2220
1925 77040 80580 6 3 3540
1926 31320 32340 14 16 1020
1927 32460 34680 16 6 2220
1928 34800 37200 6 10 2400
1929 37320 40200 10 12 2880
1930 42720 45600 12 10 2880
1931 45720 48120 10 6 2400
1932 48240 50460 6 16 2220
1933 50580 51600 16 14 1020
1934 53520 56400 12 10 2880
1935 56520 58920 10 6 2400
1936 59040 61260 6 16 2220
1937 61380 62400 16 14 1020
1938 64320 67200 12 10 2880
1939 67320 69720 10 6 2400
1940 69840 72060 6 16 2220
1941 72180 73200 16 14 1020
1942 75120 78000 12 10 2880
1943 78120 80520 10 6 2400
1944 31380 32100 0 7 720
1945 32220 34500 7 3 2280
1946 34620 37440 3 8 2820
1947 37560 38460 8 10 900
1948 38580 41460 10 12 2880
1949 41700 45240 12 15 3540
1950 47700 51240 15 12 3540
1951 51360 54240 12 10 2880
1952 54360 55260 10 8 900
1953 55380 58200 8 3 2820
1954 58320 60600 3 7 2280
1955 60720 61440 7 0 720
1956 62100 65640 15 12 3540
1957 65760 68640 12 10 2880
1958 68760 69660 10 8 900
1959 69780 72600 8 3 2820
1960 72720 75000 3 7 2280
1961 75120 75840 7 0 720
1962 80160 83040 12 10 2880
1963 33840 37380 6 3 3540
1964 37500 40380 3 4 2880
1965 40500 41340 4 11 840
1966 42060 42900 11 4 840
1967 43020 45900 4 3 2880
1968 46020 49560 3 6 3540
1969 49680 51900 6 9 2220
1970 52860 53700 11 4 840
1971 53820 56700 4 3 2880
1972 56820 60360 3 6 3540
1973 60480 62700 6 9 2220
1974 63660 64500 11 4 840
1975 64620 67500 4 3 2880
1976 67620 71160 3 6 3540
1977 71280 73500 6 9 2220
1978 74460 75300 11 4 840
1979 75420 78300 4 3 2880
1980 78420 81960 3 6 3540
1981 33840 36240 6 1 2400
1982 36360 38940 1 5 2580
1983 42660 45240 5 1 2580
1984 45360 47760 1 6 2400
1985 47880 50100 6 9 2220
1986 53460 56040 5 1 2580
1987 56160 58560 1 6 2400
1988 58680 60900 6 9 2220
1989 64260 66840 5 1 2580
1990 66960 69360 1 6 2400
1991 69480 71700 6 9 2220
1992 75060 77640 5 1 2580
1993 77760 80160 1 6 2400
1994 34620 37440 3 8 2820
1995 37560 38460 8 10 900
1996 38580 40380 10 9 1800
1997 42420 44220 9 10 1800
1998 44340 45240 10 8 900
1999 45360 48180 8 3 2820
2000 48300 51180 3 4 2880
2001 53220 55020 9 10 1800
2002 55140 56040 10 8 900
2003 56160 58980 8 3 2820
2004 59100 61980 3 4 2880
2005 64020 65820 9 10 1800
2006 65940 66840 10 8 900
2007 66960 69780 8 3 2820
2008 69900 72780 3 4 2880
2009 74820 76620 9 10 1800
2010 76740 77640 10 8 900
2011 77760 80580 8 3 2820
2012 33540 34440 10 8 900
2013 34560 37380 8 3 2820
2014 37500 40380 3 4 2880
2015 42420 45300 4 3 2880
2016 45420 48240 3 8 2820
2017 48360 49260 8 10 900
2018 49380 51180 10 9 1800
2019 53220 56100 4 3 2880
2020 56220 59040 3 8 2820
2021 59160 60060 8 10 900
2022 60180 61980 10 9 1800
2023 64020 66900 4 3 2880
2024 67020 69840 3 8 2820
2025 69960 70860 8 10 900
2026 70980 72780 10 9 1800
2027 74820 77700 4 3 2880
2028 77820 80640 3 8 2820
2029 80760 81660 8 10 900
2030 31860 34440 5 1 2580
2031 34560 36960 1 6 2400
2032 37080 39300 6 9 2220
2033 42300 44520 9 6 2220
2034 44640 47040 6 1 2400
2035 47160 49740 1 5 2580
2036 53100 55320 9 6 2220
2037 55440 57840 6 1 2400
2038 57960 60540 1 5 2580
2039 63900 66120 9 6 2220
2040 66240 68640 6 1 2400
2041 68760 71340 1 5 2580
2042 74700 76920 9 6 2220
2043 77040 79440 6 1 2400
2044 34920 37320 10 6 2400
2045 37440 39660 6 16 2220
2046 39780 40800 16 14 1020
2047 42120 43140 14 16 1020
2048 43260 45480 16 6 2220
2049 45600 48000 6 10 2400
2050 48120 51000 10 12 2880
2051 52920 53940 14 16 1020
2052 54060 56280 16 6 2220
2053 56400 58800 6 10 2400
2054 58920 61800 10 12 2880
2055 63720 64740 14 16 1020
2056 64860 67080 16 6 2220
2057 67200 69600 6 10 2400
2058 69720 72600 10 12 2880
2059 74520 75540 14 16 1020
2060 75660 77880 16 6 2220
2061 78000 80400 6 10 2400
2062 80520 83400 10 12 2880
2063 36960 39840 12 10 2880
2064 39960 40860 10 8 900
2065 40980 43800 8 3 2820
2066 43920 46200 3 7 2280
2067 46320 47040 7 0 720
2068 49380 50100 0 7 720
2069 50220 52500 7 3 2280
2070 52620 55440 3 8 2820
2071 55560 56460 8 10 900
2072 56580 59460 10 12 2880
2073 59700 63240 12 15 3540
2074 67380 68100 0 7 720
2075 68220 70500 7 3 2280
2076 70620 73440 3 8 2820
2077 73560 74460 8 10 900
2078 74580 77460 10 12 2880
2079 33540 34260 0 7 720
2080 34380 36360 7 1 1980
2081 36480 38880 1 6 2400
2082 39000 41400 6 10 2400
2083 41520 44400 10 12 2880
2084 45000 47880 12 10 2880
2085 48000 50400 10 6 2400
2086 50520 52920 6 1 2400
2087 53040 55020 1 7 1980
2088 55140 55860 7 0 720
2089 59400 62280 12 10 2880
2090 62400 64800 10 6 2400
2091 64920 67320 6 1 2400
2092 67440 69420 1 7 1980
2093 69540 70260 7 0 720
2094 73800 76680 12 10 2880
2095 76800 79200 10 6 2400
2096 79320 81720 6 1 2400
2097 34980 35700 0 7 720
2098 35820 38100 7 3 2280
2099 38220 41040 3 8 2820
2100 41160 42060 8 10 900
2101 42180 45060 10 12 2880
2102 45300 48840 12 15 3540
2103 51300 54840 15 12 3540
2104 54960 57840 12 10 2880
2105 57960 58860 10 8 900
2106 58980 61800 8 3 2820
2107 61920 64200 3 7 2280
2108 64320 65040 7 0 720
2109 65700 69240 15 12 3540
2110 69360 72240 12 10 2880
2111 72360 73260 10 8 900
2112 73380 76200 8 3 2820
2113 76320 78600 3 7 2280
2114 78720 79440 7 0 720
2115 36000 36720 0 7 720
2116 36840 39120 7 3 2280
2117 39300 41280 3 2 1980
2118 43140 45120 2 3 1980
2119 45240 47520 3 7 2280
2120 47640 48360 7 0 720
2121 40560 43440 12 10 2880
2122 43560 44460 10 8 900
2123 44580 47400 8 3 2820
2124 47520 49800 3 7 2280
2125 49920 50640 7 0 720
2126 52980 53700 0 7 720
2127 53820 56100 7 3 2280
2128 56220 59040 3 8 2820
2129 59160 60060 8 10 900
2130 60180 63060 10 12 2880
2131 63300 66840 12 15 3540
2132 70980 71700 0 7 720
2133 71820 74100 7 3 2280
2134 74220 77040 3 8 2820
2135 77160 78060 8 10 900
2136 78180 81060 10 12 2880
2137 40740 42960 16 6 2220
2138 43200 45600 6 1 2400
2139 45840 47820 1 7 1980
2140 47940 48660 7 0 720
2141 49980 50700 0 7 720
2142 50820 52800 7 1 1980
2143 52920 55320 1 6 2400
2144 55440 57660 6 16 2220
2145 41520 43740 16 1 2220
2146 43860 46440 1 5 2580
2147 46560 48540 5 13 1980
2148 50160 52140 13 5 1980
2149 52260 54840 5 1 2580
2150 54960 57180 1 16 2220
2151 43200 43920 0 7 720
2152 44040 46320 7 3 2280
2153 46500 48480 3 2 1980
2154 50340 52320 2 3 1980
2155 52440 54720 3 7 2280
2156 54840 55560 7 0 720
2157 47940 48660 0 7 720
2158 48780 50760 7 1 1980
2159 50880 53280 1 6 2400
2160 53400 55800 6 10 2400
2161 55920 58800 10 12 2880
2162 59400 62280 12 10 2880
2163 62400 64800 10 6 2400
2164 64920 67320 6 1 2400
2165 67440 69420 1 7 1980
2166 69540 70260 7 0 720
2167 50400 51120 0 7 720
2168 51240 53520 7 3 2280
2169 53700 55680 3 2 1980
2170 57540 59520 2 3 1980
2171 59640 61920 3 7 2280
2172 62040 62760 7 0 720
2173 51540 53760 16 6 2220
2174 54000 56400 6 1 2400
2175 56640 58620 1 7 1980
2176 58740 59460 7 0 720
2177 60780 61500 0 7 720
2178 61620 63600 7 1 1980
2179 63720 66120 1 6 2400
2180 66240 68460 6 16 2220
2181 52320 54540 16 1 2220
2182 54660 57240 1 5 2580
2183 57360 59340 5 13 1980
2184 60960 62940 13 5 1980
2185 63060 65640 5 1 2580
2186 65760 67980 1 16 2220
2187 57600 58320 0 7 720
2188 58440 60720 7 3 2280
2189 60900 62880 3 2 1980
2190 64740 66720 2 3 1980
2191 66840 69120 3 7 2280
2192 69240 69960 7 0 720
2193 62340 64560 16 6 2220
2194 64800 67200 6 1 2400
2195 67440 69420 1 7 1980
2196 69540 70260 7 0 720
2197 71580 72300 0 7 720
2198 72420 74400 7 1 1980
2199 74520 76920 1 6 2400
2200 77040 79260 6 16 2220
2201 62340 63060 0 7 720
2202 63180 65160 7 1 1980
2203 65280 67680 1 6 2400
2204 67800 70200 6 10 2400
2205 70320 73200 10 12 2880
2206 73800 76680 12 10 2880
2207 76800 79200 10 6 2400
2208 79320 81720 6 1 2400
2209 63120 65340 16 1 2220
2210 65460 68040 1 5 2580
2211 68160 70140 5 13 1980
2212 71760 73740 13 5 1980
2213 73860 76440 5 1 2580
2214 76560 78780 1 16 2220
2215 64800 65520 0 7 720
2216 65640 67920 7 3 2280
2217 68100 70080 3 2 1980
2218 71940 73920 2 3 1980
2219 74040 76320 3 7 2280
2220 76440 77160 7 0 720
2221 72000 72720 0 7 720
2222 72840 75120 7 3 2280
2223 75300 77280 3 2 1980
2224 79140 81120 2 3 1980
2225 73140 75360 16 6 2220
2226 75600 78000 6 1 2400
2227 78240 80220 1 7 1980
2228 80340 81060 7 0 720
2229 82380 83100 0 7 720
2230 83220 85200 7 1 1980
2231 85320 87720 1 6 2400
2232 73920 76140 16 1 2220
2233 76260 78840 1 5 2580
2234 76740 77460 0 7 720
2235 77580 79560 7 1 1980
2236 79680 82080 1 6 2400
2237 82200 84600 6 10 2400
2238 84720 87600 10 12 2880
2239 88200 91080 12 10 2880
2240 91200 93600 10 6 2400
2241 79200 79920 0 7 720
