0 7 12
2 4 24
4 11 14
1 16 37
14 16 17
9 10 30
8 10 15
1 5 43
5 13 33
7 0 12
4 2 24
11 4 14
16 1 37
16 14 17
10 9 30
10 8 15
5 1 43
13 5 33
1 6 40
6 1 40
6 10 40
10 6 40
7 17 12
17 7 12
5 17 45
17 5 45
6 18 6
18 6 6
9 18 29
18 9 29
6 19 21
19 6 21
16 19 14
19 16 14
1 20 8
20 1 8
7 20 23
20 7 23
12 21 11
21 12 11
3 22 13
22 3 13
6 23 14
23 6 14
8 23 23
23 8 23
3 24 13
24 3 13
22 25 6
25 22 6
6 25 36
25 6 36
2 26 12
26 2 12
7 26 28
26 7 28
15 27 8
27 15 8
10 28 36
28 10 36
12 28 10
28 12 10
3 29 23
29 3 23
7 29 13
29 7 13
2 30 10
30 2 10
3 30 21
30 3 21
3 31 10
31 3 10
8 31 35
31 8 35
21 32 23
32 21 23
27 32 11
32 27 11
4 33 19
33 4 19
24 33 12
33 24 12
