4 33840 35100 12 11 1260
5 35220 37920 11 10 2700
6 38040 40620 10 8 2580
7 40740 43620 8 9 2880
8 44640 45900 12 11 1260
9 46020 48720 11 10 2700
10 48840 51420 10 8 2580
11 51540 54420 8 9 2880
12 55440 56700 12 11 1260
13 56820 59520 11 10 2700
14 59640 62220 10 8 2580
15 62340 65220 8 9 2880
16 66240 67500 12 11 1260
17 67620 70320 11 10 2700
18 70440 73020 10 8 2580
19 73140 76020 8 9 2880
26 26580 27900 7 0 1320
27 28020 28980 0 4 960
28 29100 31680 4 12 2580
29 35280 37860 12 4 2580
30 37980 38940 4 0 960
31 39060 40380 0 7 1320
32 40500 42000 7 5 1500
33 42120 45180 5 9 3060
34 46080 48660 12 4 2580
35 48780 49740 4 0 960
36 49860 51180 0 7 1320
37 51300 52800 7 5 1500
38 52920 55980 5 9 3060
39 56880 59460 12 4 2580
40 59580 60540 4 0 960
41 60660 61980 0 7 1320
42 62100 63600 7 5 1500
43 63720 66780 5 9 3060
44 67680 70260 12 4 2580
45 70380 71340 4 0 960
46 71460 72780 0 7 1320
47 72900 74400 7 5 1500
49 78480 81060 12 4 2580
50 81180 82140 4 0 960
51 82260 83580 0 7 1320
58 33600 35160 5 1 1560
59 35280 36300 1 3 1020
60 37620 40680 9 5 3060
61 40800 42360 5 1 1560
62 42480 43500 1 3 1020
63 44820 47880 9 5 3060
64 48000 49560 5 1 1560
65 49680 50700 1 3 1020
66 52020 55080 9 5 3060
67 55200 56760 5 1 1560
68 56880 57900 1 3 1020
69 59220 62280 9 5 3060
70 62400 63960 5 1 1560
71 64080 65100 1 3 1020
72 66420 69480 9 5 3060
73 69600 71160 5 1 1560
74 71280 72300 1 3 1020
75 73620 76680 9 5 3060
76 76800 78360 5 1 1560
77 78480 79500 1 3 1020
81 28320 29340 1 3 1020
82 32100 33120 3 1 1020
83 33240 34800 1 5 1560
84 34920 36600 5 8 1680
85 36720 39300 8 10 2580
86 42900 43920 3 1 1020
87 44040 45600 1 5 1560
88 45720 47400 5 8 1680
89 47520 50100 8 10 2580
90 53700 54720 3 1 1020
91 54840 56400 1 5 1560
92 56520 58200 5 8 1680
93 58320 60900 8 10 2580
94 64500 65520 3 1 1020
95 65640 67200 1 5 1560
96 67320 69000 5 8 1680
97 69120 71700 8 10 2580
98 75300 76320 3 1 1020
99 76440 78000 1 5 1560
100 78120 79800 5 8 1680
105 32940 36300 11 4 3360
106 37320 40020 10 11 2700
107 40140 43500 11 4 3360
108 44520 47220 10 11 2700
109 47340 50700 11 4 3360
110 51720 54420 10 11 2700
111 54540 57900 11 4 3360
112 58920 61620 10 11 2700
113 61740 65100 11 4 3360
114 66120 68820 10 11 2700
115 68940 72300 11 4 3360
116 73320 76020 10 11 2700
117 76140 79500 11 4 3360
120 25560 28800 0 8 3240
121 31860 35100 8 0 3240
122 35220 36180 0 4 960
123 36420 37920 4 6 1500
124 39060 42300 8 0 3240
125 42420 43380 0 4 960
126 43620 45120 4 6 1500
127 46260 49500 8 0 3240
128 49620 50580 0 4 960
129 50820 52320 4 6 1500
130 53460 56700 8 0 3240
131 56820 57780 0 4 960
132 58020 59520 4 6 1500
133 60660 63900 8 0 3240
134 64020 64980 0 4 960
135 65220 66720 4 6 1500
136 67860 71100 8 0 3240
137 71220 72180 0 4 960
138 72420 73920 4 6 1500
139 75060 78300 8 0 3240
140 78420 79380 0 4 960
143 23880 25200 0 7 1320
144 25320 26880 7 1 1560
145 27000 28020 1 3 1020
146 28740 29760 3 1 1020
147 29880 31440 1 7 1560
148 31560 32880 7 0 1320
149 33000 33960 0 4 960
150 35940 36960 3 1 1020
151 37080 38640 1 7 1560
152 38760 40080 7 0 1320
153 40200 41160 0 4 960
154 43140 44160 3 1 1020
155 44280 45840 1 7 1560
156 45960 47280 7 0 1320
157 47400 48360 0 4 960
158 50340 51360 3 1 1020
159 51480 53040 1 7 1560
160 53160 54480 7 0 1320
161 54600 55560 0 4 960
162 57540 58560 3 1 1020
163 58680 60240 1 7 1560
164 60360 61680 7 0 1320
165 61800 62760 0 4 960
166 64740 65760 3 1 1020
167 65880 67440 1 7 1560
168 67560 68880 7 0 1320
169 69000 69960 0 4 960
170 71940 72960 3 1 1020
171 73080 74640 1 7 1560
172 74760 76080 7 0 1320
173 76200 77160 0 4 960
174 79140 80160 3 1 1020
175 80280 81840 1 7 1560
176 81960 83280 7 0 1320
180 33060 36420 4 11 3360
181 36540 39240 11 10 2700
182 40260 43620 4 11 3360
183 43740 46440 11 10 2700
184 47460 50820 4 11 3360
185 50940 53640 11 10 2700
186 54660 58020 4 11 3360
187 58140 60840 11 10 2700
188 61860 65220 4 11 3360
189 65340 68040 11 10 2700
190 69060 72420 4 11 3360
191 72540 75240 11 10 2700
195 24780 25740 0 4 960
196 25860 28440 4 12 2580
197 30120 32700 12 4 2580
198 32820 33780 4 0 960
199 33900 35640 0 6 1740
200 37320 39900 12 4 2580
201 40020 40980 4 0 960
202 41100 42840 0 6 1740
203 44520 47100 12 4 2580
204 47220 48180 4 0 960
205 48300 50040 0 6 1740
206 51720 54300 12 4 2580
207 54420 55380 4 0 960
208 55500 57240 0 6 1740
209 58920 61500 12 4 2580
210 61620 62580 4 0 960
211 62700 64440 0 6 1740
212 66120 68700 12 4 2580
213 68820 69780 4 0 960
214 69900 71640 0 6 1740
215 73320 75900 12 4 2580
216 76020 76980 4 0 960
220 26700 28440 0 6 1740
221 30120 31860 6 0 1740
222 31980 32940 0 4 960
223 33060 35640 4 12 2580
224 37320 39060 6 0 1740
225 39180 40140 0 4 960
226 40260 42840 4 12 2580
227 44520 46260 6 0 1740
228 46380 47340 0 4 960
229 47460 50040 4 12 2580
230 51720 53460 6 0 1740
231 53580 54540 0 4 960
232 54660 57240 4 12 2580
233 58920 60660 6 0 1740
234 60780 61740 0 4 960
235 61860 64440 4 12 2580
236 66120 67860 6 0 1740
237 67980 68940 0 4 960
238 69060 71640 4 12 2580
239 73320 75060 6 0 1740
240 75180 76140 0 4 960
245 30780 32460 8 5 1680
246 32580 34140 5 1 1560
247 34260 35160 1 2 900
248 37980 39660 8 5 1680
249 39780 41340 5 1 1560
250 41460 42360 1 2 900
251 45180 46860 8 5 1680
252 46980 48540 5 1 1560
253 48660 49560 1 2 900
254 52380 54060 8 5 1680
255 54180 55740 5 1 1560
256 55860 56760 1 2 900
257 59580 61260 8 5 1680
258 61380 62940 5 1 1560
259 63060 63960 1 2 900
260 66780 68460 8 5 1680
261 68580 70140 5 1 1560
262 70260 71160 1 2 900
263 73980 75660 8 5 1680
264 75780 77340 5 1 1560
265 77460 78360 1 2 900
268 27000 27960 4 0 960
269 28080 29400 0 7 1320
270 29520 31080 7 1 1560
271 31200 32100 1 2 900
272 35820 36720 2 1 900
273 36840 38400 1 7 1560
274 38520 39840 7 0 1320
275 39960 40920 0 4 960
276 41040 43620 4 12 2580
277 43740 45000 12 11 1260
278 46620 47520 2 1 900
279 47640 49200 1 7 1560
280 49320 50640 7 0 1320
281 50760 51720 0 4 960
282 51840 54420 4 12 2580
283 54540 55800 12 11 1260
284 57420 58320 2 1 900
285 58440 60000 1 7 1560
286 60120 61440 7 0 1320
287 61560 62520 0 4 960
288 62640 65220 4 12 2580
289 65340 66600 12 11 1260
290 68220 69120 2 1 900
291 69240 70800 1 7 1560
292 70920 72240 7 0 1320
293 72360 73320 0 4 960
294 73440 76020 4 12 2580
296 79020 79920 2 1 900
297 80040 81600 1 7 1560
298 81720 83040 7 0 1320
305 29940 32820 8 9 2880
306 36000 38880 9 8 2880
307 39000 41580 8 10 2580
308 41700 44400 10 11 2700
309 44520 45780 11 12 1260
310 46800 49680 9 8 2880
311 49800 52380 8 10 2580
312 52500 55200 10 11 2700
313 55320 56580 11 12 1260
314 57600 60480 9 8 2880
315 60600 63180 8 10 2580
316 63300 66000 10 11 2700
317 66120 67380 11 12 1260
318 68400 71280 9 8 2880
319 71400 73980 8 10 2580
328 26700 28020 0 7 1320
329 30960 32280 7 0 1320
330 32400 34140 0 6 1740
331 34260 35760 6 4 1500
332 38160 39480 7 0 1320
333 39600 41340 0 6 1740
334 41460 42960 6 4 1500
335 45360 46680 7 0 1320
336 46800 48540 0 6 1740
337 48660 50160 6 4 1500
338 52560 53880 7 0 1320
339 54000 55740 0 6 1740
340 55860 57360 6 4 1500
341 59760 61080 7 0 1320
342 61200 62940 0 6 1740
343 63060 64560 6 4 1500
344 66960 68280 7 0 1320
345 68400 70140 0 6 1740
346 70260 71760 6 4 1500
347 74160 75480 7 0 1320
348 75600 77340 0 6 1740
349 77460 78960 6 4 1500
352 28080 29100 1 3 1020
353 32820 33840 3 1 1020
354 33960 35520 1 5 1560
355 35640 38700 5 9 3060
356 40020 41040 3 1 1020
357 41160 42720 1 5 1560
358 42840 45900 5 9 3060
359 47220 48240 3 1 1020
360 48360 49920 1 5 1560
361 50040 53100 5 9 3060
362 54420 55440 3 1 1020
363 55560 57120 1 5 1560
364 57240 60300 5 9 3060
365 61620 62640 3 1 1020
366 62760 64320 1 5 1560
367 64440 67500 5 9 3060
368 68820 69840 3 1 1020
369 69960 71520 1 5 1560
370 71640 74700 5 9 3060
371 76020 77040 3 1 1020
372 77160 78720 1 5 1560
376 26160 27480 7 0 1320
377 27600 28560 0 4 960
378 30000 30960 4 0 960
379 31080 32400 0 7 1320
380 32520 34080 7 1 1560
381 34200 35220 1 3 1020
382 37200 38160 4 0 960
383 38280 39600 0 7 1320
384 39720 41280 7 1 1560
385 41400 42420 1 3 1020
386 44400 45360 4 0 960
387 45480 46800 0 7 1320
388 46920 48480 7 1 1560
389 48600 49620 1 3 1020
390 51600 52560 4 0 960
391 52680 54000 0 7 1320
392 54120 55680 7 1 1560
393 55800 56820 1 3 1020
394 58800 59760 4 0 960
395 59880 61200 0 7 1320
396 61320 62880 7 1 1560
397 63000 64020 1 3 1020
398 66000 66960 4 0 960
399 67080 68400 0 7 1320
400 68520 70080 7 1 1560
401 70200 71220 1 3 1020
402 73200 74160 4 0 960
403 74280 75600 0 7 1320
404 75720 77280 7 1 1560
405 77400 78420 1 3 1020
410 31140 32700 1 5 1560
411 32820 34500 5 8 1680
412 37320 38220 2 1 900
413 38340 39900 1 5 1560
414 40020 41700 5 8 1680
415 44520 45420 2 1 900
416 45540 47100 1 5 1560
417 47220 48900 5 8 1680
418 51720 52620 2 1 900
419 52740 54300 1 5 1560
420 54420 56100 5 8 1680
421 58920 59820 2 1 900
422 59940 61500 1 5 1560
423 61620 63300 5 8 1680
424 66120 67020 2 1 900
425 67140 68700 1 5 1560
426 68820 70500 5 8 1680
427 73320 74220 2 1 900
428 74340 75900 1 5 1560
429 76020 77700 5 8 1680
431 25200 26940 0 6 1740
432 27060 28560 6 4 1500
433 30300 31800 4 6 1500
434 32040 33780 6 0 1740
435 33900 35220 0 7 1320
436 37500 39000 4 6 1500
437 39240 40980 6 0 1740
438 41100 42420 0 7 1320
439 44700 46200 4 6 1500
440 46440 48180 6 0 1740
441 48300 49620 0 7 1320
442 51900 53400 4 6 1500
443 53640 55380 6 0 1740
444 55500 56820 0 7 1320
445 59100 60600 4 6 1500
446 60840 62580 6 0 1740
447 62700 64020 0 7 1320
448 66300 67800 4 6 1500
449 68040 69780 6 0 1740
450 69900 71220 0 7 1320
451 73500 75000 4 6 1500
452 75240 76980 6 0 1740
453 77100 78420 0 7 1320
454 23880 25200 0 7 1320
455 25320 26820 7 5 1500
456 27060 28620 5 1 1560
457 28860 29760 1 2 900
458 32160 33060 2 1 900
459 33180 34740 1 5 1560
460 34980 36480 5 7 1500
461 36600 37920 7 0 1320
462 39360 40260 2 1 900
463 40380 41940 1 5 1560
464 42180 43680 5 7 1500
465 43800 45120 7 0 1320
466 46560 47460 2 1 900
467 47580 49140 1 5 1560
468 49380 50880 5 7 1500
469 51000 52320 7 0 1320
470 53760 54660 2 1 900
471 54780 56340 1 5 1560
472 56580 58080 5 7 1500
473 58200 59520 7 0 1320
474 60960 61860 2 1 900
475 61980 63540 1 5 1560
476 63780 65280 5 7 1500
477 65400 66720 7 0 1320
478 68160 69060 2 1 900
479 69180 70740 1 5 1560
480 70980 72480 5 7 1500
481 72600 73920 7 0 1320
482 75360 76260 2 1 900
483 76380 77940 1 5 1560
484 78180 79680 5 7 1500
485 79800 81120 7 0 1320
488 26700 28200 7 5 1500
489 28440 30120 5 8 1680
490 30240 32820 8 10 2580
491 35580 38160 10 8 2580
492 38280 39960 8 5 1680
493 40080 41580 5 7 1500
494 41700 43260 7 1 1560
495 43380 44280 1 2 900
496 46380 48960 10 8 2580
497 49080 50760 8 5 1680
498 50880 52380 5 7 1500
499 52500 54060 7 1 1560
500 54180 55080 1 2 900
501 57180 59760 10 8 2580
502 59880 61560 8 5 1680
503 61680 63180 5 7 1500
504 63300 64860 7 1 1560
505 64980 65880 1 2 900
506 67980 70560 10 8 2580
507 70680 72360 8 5 1680
508 72480 73980 5 7 1500
509 74100 75660 7 1 1560
510 75780 76680 1 2 900
511 78780 81360 10 8 2580
512 81480 83160 8 5 1680
513 83280 84780 5 7 1500
517 27180 28140 4 0 960
518 28260 29580 0 7 1320
519 29700 31200 7 5 1500
520 31320 34380 5 9 3060
521 36180 39240 9 5 3060
522 39360 40860 5 7 1500
523 40980 42300 7 0 1320
524 42420 43380 0 4 960
525 43500 46080 4 12 2580
526 46980 50040 9 5 3060
527 50160 51660 5 7 1500
528 51780 53100 7 0 1320
529 53220 54180 0 4 960
530 54300 56880 4 12 2580
531 57780 60840 9 5 3060
532 60960 62460 5 7 1500
533 62580 63900 7 0 1320
534 64020 64980 0 4 960
535 65100 67680 4 12 2580
536 68580 71640 9 5 3060
537 71760 73260 5 7 1500
538 73380 74700 7 0 1320
539 74820 75780 0 4 960
542 25680 27000 0 7 1320
543 27120 28680 7 1 1560
544 28800 29820 1 3 1020
545 30540 31560 3 1 1020
546 31680 33240 1 7 1560
547 33360 34680 7 0 1320
548 34800 35760 0 4 960
549 37740 38760 3 1 1020
550 38880 40440 1 7 1560
551 40560 41880 7 0 1320
552 42000 42960 0 4 960
553 44940 45960 3 1 1020
554 46080 47640 1 7 1560
555 47760 49080 7 0 1320
556 49200 50160 0 4 960
557 52140 53160 3 1 1020
558 53280 54840 1 7 1560
559 54960 56280 7 0 1320
560 56400 57360 0 4 960
561 59340 60360 3 1 1020
562 60480 62040 1 7 1560
563 62160 63480 7 0 1320
564 63600 64560 0 4 960
565 66540 67560 3 1 1020
566 67680 69240 1 7 1560
567 69360 70680 7 0 1320
568 70800 71760 0 4 960
569 73740 74760 3 1 1020
570 74880 76440 1 7 1560
571 76560 77880 7 0 1320
572 78000 78960 0 4 960
574 28020 28980 0 4 960
575 29220 30720 4 6 1500
576 33540 35040 6 4 1500
577 35280 36240 4 0 960
578 36360 39600 0 8 3240
579 40740 42240 6 4 1500
580 42480 43440 4 0 960
581 43560 46800 0 8 3240
582 47940 49440 6 4 1500
583 49680 50640 4 0 960
584 50760 54000 0 8 3240
585 55140 56640 6 4 1500
586 56880 57840 4 0 960
587 57960 61200 0 8 3240
588 62340 63840 6 4 1500
589 64080 65040 4 0 960
590 65160 68400 0 8 3240
591 69540 71040 6 4 1500
592 71280 72240 4 0 960
593 72360 75600 0 8 3240
594 76740 78240 6 4 1500
595 78480 79440 4 0 960
599 29280 30780 5 7 1500
600 30900 32460 7 1 1560
601 32580 33480 1 2 900
602 34680 35580 2 1 900
603 35700 37260 1 7 1560
604 37500 39000 7 5 1500
605 39240 40920 5 8 1680
606 41040 43620 8 10 2580
607 45480 46380 2 1 900
608 46500 48060 1 7 1560
609 48300 49800 7 5 1500
610 50040 51720 5 8 1680
611 51840 54420 8 10 2580
612 56280 57180 2 1 900
613 57300 58860 1 7 1560
614 59100 60600 7 5 1500
615 60840 62520 5 8 1680
616 62640 65220 8 10 2580
617 67080 67980 2 1 900
618 68100 69660 1 7 1560
619 69900 71400 7 5 1500
620 71640 73320 5 8 1680
621 73440 76020 8 10 2580
622 77880 78780 2 1 900
623 78900 80460 1 7 1560
624 80700 82200 7 5 1500
629 27720 29400 5 8 1680
630 29520 32100 8 10 2580
631 32940 35520 10 8 2580
632 35640 37320 8 5 1680
633 37440 39000 5 1 1560
634 39120 40140 1 3 1020
635 43740 46320 10 8 2580
636 46440 48120 8 5 1680
637 48240 49800 5 1 1560
638 49920 50940 1 3 1020
639 54540 57120 10 8 2580
640 57240 58920 8 5 1680
641 59040 60600 5 1 1560
642 60720 61740 1 3 1020
643 65340 67920 10 8 2580
644 68040 69720 8 5 1680
645 69840 71400 5 1 1560
646 71520 72540 1 3 1020
647 76140 78720 10 8 2580
648 78840 80520 8 5 1680
649 80640 82200 5 1 1560
650 82320 83340 1 3 1020
653 27780 29280 5 7 1500
654 29400 30720 7 0 1320
655 34680 36000 0 7 1320
656 36120 37620 7 5 1500
657 37860 39420 5 1 1560
658 39660 40560 1 2 900
659 41880 43200 0 7 1320
660 43320 44820 7 5 1500
661 45060 46620 5 1 1560
662 46860 47760 1 2 900
663 49080 50400 0 7 1320
664 50520 52020 7 5 1500
665 52260 53820 5 1 1560
666 54060 54960 1 2 900
667 56280 57600 0 7 1320
668 57720 59220 7 5 1500
669 59460 61020 5 1 1560
670 61260 62160 1 2 900
671 63480 64800 0 7 1320
672 64920 66420 7 5 1500
673 66660 68220 5 1 1560
674 68460 69360 1 2 900
675 70680 72000 0 7 1320
676 72120 73620 7 5 1500
677 73860 75420 5 1 1560
678 75660 76560 1 2 900
679 77880 79200 0 7 1320
680 79320 80820 7 5 1500
681 81060 82620 5 1 1560
685 27720 29040 7 0 1320
686 29160 30120 0 4 960
687 30240 32820 4 12 2580
688 32940 34200 12 11 1260
689 37320 38580 11 12 1260
690 38700 41280 12 4 2580
691 41400 42360 4 0 960
692 42480 43800 0 7 1320
693 43920 45480 7 1 1560
694 45600 46500 1 2 900
695 48120 49380 11 12 1260
696 49500 52080 12 4 2580
697 52200 53160 4 0 960
698 53280 54600 0 7 1320
699 54720 56280 7 1 1560
700 56400 57300 1 2 900
701 58920 60180 11 12 1260
702 60300 62880 12 4 2580
703 63000 63960 4 0 960
704 64080 65400 0 7 1320
705 65520 67080 7 1 1560
706 67200 68100 1 2 900
707 69720 70980 11 12 1260
708 71100 73680 12 4 2580
709 73800 74760 4 0 960
710 74880 76200 0 7 1320
711 76320 77880 7 1 1560
715 27960 29280 7 0 1320
716 29400 30360 0 4 960
717 31800 32760 4 0 960
718 32880 34200 0 7 1320
719 34320 35880 7 1 1560
720 36000 37020 1 3 1020
721 39000 39960 4 0 960
722 40080 41400 0 7 1320
723 41520 43080 7 1 1560
724 43200 44220 1 3 1020
725 46200 47160 4 0 960
726 47280 48600 0 7 1320
727 48720 50280 7 1 1560
728 50400 51420 1 3 1020
729 53400 54360 4 0 960
730 54480 55800 0 7 1320
731 55920 57480 7 1 1560
732 57600 58620 1 3 1020
733 60600 61560 4 0 960
734 61680 63000 0 7 1320
735 63120 64680 7 1 1560
736 64800 65820 1 3 1020
737 67800 68760 4 0 960
738 68880 70200 0 7 1320
739 70320 71880 7 1 1560
740 72000 73020 1 3 1020
741 75000 75960 4 0 960
742 76080 77400 0 7 1320
743 77520 79080 7 1 1560
744 79200 80220 1 3 1020
748 33720 34980 11 12 1260
749 37440 38700 12 11 1260
750 38820 41520 11 10 2700
751 41640 44220 10 8 2580
752 44340 47220 8 9 2880
753 48240 49500 12 11 1260
754 49620 52320 11 10 2700
755 52440 55020 10 8 2580
756 55140 58020 8 9 2880
757 59040 60300 12 11 1260
758 60420 63120 11 10 2700
759 63240 65820 10 8 2580
760 65940 68820 8 9 2880
761 69840 71100 12 11 1260
762 71220 73920 11 10 2700
763 74040 76620 10 8 2580
766 28560 30060 5 7 1500
767 30180 31500 7 0 1320
768 31620 32580 0 4 960
769 32700 35280 4 12 2580
770 38880 41460 12 4 2580
771 41580 42540 4 0 960
772 42660 43980 0 7 1320
773 44100 45600 7 5 1500
774 45720 48780 5 9 3060
775 49680 52260 12 4 2580
776 52380 53340 4 0 960
777 53460 54780 0 7 1320
778 54900 56400 7 5 1500
779 56520 59580 5 9 3060
780 60480 63060 12 4 2580
781 63180 64140 4 0 960
782 64260 65580 0 7 1320
783 65700 67200 7 5 1500
784 67320 70380 5 9 3060
785 71280 73860 12 4 2580
786 73980 74940 4 0 960
787 75060 76380 0 7 1320
788 76500 78000 7 5 1500
792 28440 31500 5 9 3060
793 34020 37080 9 5 3060
794 37200 38760 5 1 1560
795 38880 39900 1 3 1020
796 41220 44280 9 5 3060
797 44400 45960 5 1 1560
798 46080 47100 1 3 1020
799 48420 51480 9 5 3060
800 51600 53160 5 1 1560
801 53280 54300 1 3 1020
802 55620 58680 9 5 3060
803 58800 60360 5 1 1560
804 60480 61500 1 3 1020
805 62820 65880 9 5 3060
806 66000 67560 5 1 1560
807 67680 68700 1 3 1020
808 70020 73080 9 5 3060
809 73200 74760 5 1 1560
810 74880 75900 1 3 1020
811 77220 80280 9 5 3060
812 80400 81960 5 1 1560
813 82080 83100 1 3 1020
816 30240 31800 5 1 1560
817 31920 32940 1 3 1020
818 35700 36720 3 1 1020
819 36840 38400 1 5 1560
820 38520 40200 5 8 1680
821 40320 42900 8 10 2580
822 46500 47520 3 1 1020
823 47640 49200 1 5 1560
824 49320 51000 5 8 1680
825 51120 53700 8 10 2580
826 57300 58320 3 1 1020
827 58440 60000 1 5 1560
828 60120 61800 5 8 1680
829 61920 64500 8 10 2580
830 68100 69120 3 1 1020
831 69240 70800 1 5 1560
832 70920 72600 5 8 1680
833 72720 75300 8 10 2580
834 78900 79920 3 1 1020
835 80040 81600 1 5 1560
840 33720 36420 10 11 2700
841 36540 39900 11 4 3360
842 40920 43620 10 11 2700
843 43740 47100 11 4 3360
844 48120 50820 10 11 2700
845 50940 54300 11 4 3360
846 55320 58020 10 11 2700
847 58140 61500 11 4 3360
848 62520 65220 10 11 2700
849 65340 68700 11 4 3360
850 69720 72420 10 11 2700
851 72540 75900 11 4 3360
855 28080 29040 4 0 960
856 29160 32400 0 8 3240
857 35460 38700 8 0 3240
858 38820 39780 0 4 960
859 40020 41520 4 6 1500
860 42660 45900 8 0 3240
861 46020 46980 0 4 960
862 47220 48720 4 6 1500
863 49860 53100 8 0 3240
864 53220 54180 0 4 960
865 54420 55920 4 6 1500
866 57060 60300 8 0 3240
867 60420 61380 0 4 960
868 61620 63120 4 6 1500
869 64260 67500 8 0 3240
870 67620 68580 0 4 960
871 68820 70320 4 6 1500
872 71460 74700 8 0 3240
873 74820 75780 0 4 960
874 76020 77520 4 6 1500
875 78660 81900 8 0 3240
878 26400 27360 4 0 960
879 27480 28800 0 7 1320
880 28920 30480 7 1 1560
881 30600 31620 1 3 1020
882 32340 33360 3 1 1020
883 33480 35040 1 7 1560
884 35160 36480 7 0 1320
885 36600 37560 0 4 960
886 39540 40560 3 1 1020
887 40680 42240 1 7 1560
888 42360 43680 7 0 1320
889 43800 44760 0 4 960
890 46740 47760 3 1 1020
891 47880 49440 1 7 1560
892 49560 50880 7 0 1320
893 51000 51960 0 4 960
894 53940 54960 3 1 1020
895 55080 56640 1 7 1560
896 56760 58080 7 0 1320
897 58200 59160 0 4 960
898 61140 62160 3 1 1020
899 62280 63840 1 7 1560
900 63960 65280 7 0 1320
901 65400 66360 0 4 960
902 68340 69360 3 1 1020
903 69480 71040 1 7 1560
904 71160 72480 7 0 1320
905 72600 73560 0 4 960
906 75540 76560 3 1 1020
907 76680 78240 1 7 1560
908 78360 79680 7 0 1320
912 36660 40020 4 11 3360
913 40140 42840 11 10 2700
914 43860 47220 4 11 3360
915 47340 50040 11 10 2700
916 51060 54420 4 11 3360
917 54540 57240 11 10 2700
918 58260 61620 4 11 3360
919 61740 64440 11 10 2700
920 65460 68820 4 11 3360
921 68940 71640 11 10 2700
922 72660 76020 4 11 3360
925 28380 29340 0 4 960
926 29460 32040 4 12 2580
927 33720 36300 12 4 2580
928 36420 37380 4 0 960
929 37500 39240 0 6 1740
930 40920 43500 12 4 2580
931 43620 44580 4 0 960
932 44700 46440 0 6 1740
933 48120 50700 12 4 2580
934 50820 51780 4 0 960
935 51900 53640 0 6 1740
936 55320 57900 12 4 2580
937 58020 58980 4 0 960
938 59100 60840 0 6 1740
939 62520 65100 12 4 2580
940 65220 66180 4 0 960
941 66300 68040 0 6 1740
942 69720 72300 12 4 2580
943 72420 73380 4 0 960
944 73500 75240 0 6 1740
945 76920 79500 12 4 2580
946 79620 80580 4 0 960
949 29220 30180 4 0 960
950 30300 32040 0 6 1740
951 33720 35460 6 0 1740
952 35580 36540 0 4 960
953 36660 39240 4 12 2580
954 40920 42660 6 0 1740
955 42780 43740 0 4 960
956 43860 46440 4 12 2580
957 48120 49860 6 0 1740
958 49980 50940 0 4 960
959 51060 53640 4 12 2580
960 55320 57060 6 0 1740
961 57180 58140 0 4 960
962 58260 60840 4 12 2580
963 62520 64260 6 0 1740
964 64380 65340 0 4 960
965 65460 68040 4 12 2580
966 69720 71460 6 0 1740
967 71580 72540 0 4 960
968 72660 75240 4 12 2580
969 76920 78660 6 0 1740
970 78780 79740 0 4 960
973 27540 29100 1 5 1560
974 29220 30900 5 8 1680
975 34380 36060 8 5 1680
976 36180 37740 5 1 1560
977 37860 38760 1 2 900
978 41580 43260 8 5 1680
979 43380 44940 5 1 1560
980 45060 45960 1 2 900
981 48780 50460 8 5 1680
982 50580 52140 5 1 1560
983 52260 53160 1 2 900
984 55980 57660 8 5 1680
985 57780 59340 5 1 1560
986 59460 60360 1 2 900
987 63180 64860 8 5 1680
988 64980 66540 5 1 1560
989 66660 67560 1 2 900
990 70380 72060 8 5 1680
991 72180 73740 5 1 1560
992 73860 74760 1 2 900
993 77580 79260 8 5 1680
994 79380 80940 5 1 1560
998 30600 31560 4 0 960
999 31680 33000 0 7 1320
1000 33120 34680 7 1 1560
1001 34800 35700 1 2 900
1002 39420 40320 2 1 900
1003 40440 42000 1 7 1560
1004 42120 43440 7 0 1320
1005 43560 44520 0 4 960
1006 44640 47220 4 12 2580
1007 47340 48600 12 11 1260
1008 50220 51120 2 1 900
1009 51240 52800 1 7 1560
1010 52920 54240 7 0 1320
1011 54360 55320 0 4 960
1012 55440 58020 4 12 2580
1013 58140 59400 12 11 1260
1014 61020 61920 2 1 900
1015 62040 63600 1 7 1560
1016 63720 65040 7 0 1320
1017 65160 66120 0 4 960
1018 66240 68820 4 12 2580
1019 68940 70200 12 11 1260
1020 71820 72720 2 1 900
1021 72840 74400 1 7 1560
1022 74520 75840 7 0 1320
1023 75960 76920 0 4 960
1029 33540 36420 8 9 2880
1030 39600 42480 9 8 2880
1031 42600 45180 8 10 2580
1032 45300 48000 10 11 2700
1033 48120 49380 11 12 1260
1034 50400 53280 9 8 2880
1035 53400 55980 8 10 2580
1036 56100 58800 10 11 2700
1037 58920 60180 11 12 1260
1038 61200 64080 9 8 2880
1039 64200 66780 8 10 2580
1040 66900 69600 10 11 2700
1041 69720 70980 11 12 1260
1042 72000 74880 9 8 2880
1043 75000 77580 8 10 2580
1046 26700 28200 4 6 1500
1047 28440 30180 6 0 1740
1048 30300 31620 0 7 1320
1049 34560 35880 7 0 1320
1050 36000 37740 0 6 1740
1051 37860 39360 6 4 1500
1052 41760 43080 7 0 1320
1053 43200 44940 0 6 1740
1054 45060 46560 6 4 1500
1055 48960 50280 7 0 1320
1056 50400 52140 0 6 1740
1057 52260 53760 6 4 1500
1058 56160 57480 7 0 1320
1059 57600 59340 0 6 1740
1060 59460 60960 6 4 1500
1061 63360 64680 7 0 1320
1062 64800 66540 0 6 1740
1063 66660 68160 6 4 1500
1064 70560 71880 7 0 1320
1065 72000 73740 0 6 1740
1066 73860 75360 6 4 1500
1067 77760 79080 7 0 1320
1071 30000 31560 5 1 1560
1072 31680 32700 1 3 1020
1073 36420 37440 3 1 1020
1074 37560 39120 1 5 1560
1075 39240 42300 5 9 3060
1076 43620 44640 3 1 1020
1077 44760 46320 1 5 1560
1078 46440 49500 5 9 3060
1079 50820 51840 3 1 1020
1080 51960 53520 1 5 1560
1081 53640 56700 5 9 3060
1082 58020 59040 3 1 1020
1083 59160 60720 1 5 1560
1084 60840 63900 5 9 3060
1085 65220 66240 3 1 1020
1086 66360 67920 1 5 1560
1087 68040 71100 5 9 3060
1088 72420 73440 3 1 1020
1089 73560 75120 1 5 1560
1092 28080 29640 1 7 1560
1093 29760 31080 7 0 1320
1094 31200 32160 0 4 960
1095 33600 34560 4 0 960
1096 34680 36000 0 7 1320
1097 36120 37680 7 1 1560
1098 37800 38820 1 3 1020
1099 40800 41760 4 0 960
1100 41880 43200 0 7 1320
1101 43320 44880 7 1 1560
1102 45000 46020 1 3 1020
1103 48000 48960 4 0 960
1104 49080 50400 0 7 1320
1105 50520 52080 7 1 1560
1106 52200 53220 1 3 1020
1107 55200 56160 4 0 960
1108 56280 57600 0 7 1320
1109 57720 59280 7 1 1560
1110 59400 60420 1 3 1020
1111 62400 63360 4 0 960
1112 63480 64800 0 7 1320
1113 64920 66480 7 1 1560
1114 66600 67620 1 3 1020
1115 69600 70560 4 0 960
1116 70680 72000 0 7 1320
1117 72120 73680 7 1 1560
1118 73800 74820 1 3 1020
1119 76800 77760 4 0 960
1120 77880 79200 0 7 1320
1121 79320 80880 7 1 1560
1122 81000 82020 1 3 1020
1124 28980 30540 5 1 1560
1125 30660 31560 1 2 900
1126 33720 34620 2 1 900
1127 34740 36300 1 5 1560
1128 36420 38100 5 8 1680
1129 40920 41820 2 1 900
1130 41940 43500 1 5 1560
1131 43620 45300 5 8 1680
1132 48120 49020 2 1 900
1133 49140 50700 1 5 1560
1134 50820 52500 5 8 1680
1135 55320 56220 2 1 900
1136 56340 57900 1 5 1560
1137 58020 59700 5 8 1680
1138 62520 63420 2 1 900
1139 63540 65100 1 5 1560
1140 65220 66900 5 8 1680
1141 69720 70620 2 1 900
1142 70740 72300 1 5 1560
1143 72420 74100 5 8 1680
1144 76920 77820 2 1 900
1145 77940 79500 1 5 1560
1147 27360 28680 7 0 1320
1148 28800 30540 0 6 1740
1149 30660 32160 6 4 1500
1150 33900 35400 4 6 1500
1151 35640 37380 6 0 1740
1152 37500 38820 0 7 1320
1153 41100 42600 4 6 1500
1154 42840 44580 6 0 1740
1155 44700 46020 0 7 1320
1156 48300 49800 4 6 1500
1157 50040 51780 6 0 1740
1158 51900 53220 0 7 1320
1159 55500 57000 4 6 1500
1160 57240 58980 6 0 1740
1161 59100 60420 0 7 1320
1162 62700 64200 4 6 1500
1163 64440 66180 6 0 1740
1164 66300 67620 0 7 1320
1165 69900 71400 4 6 1500
1166 71640 73380 6 0 1740
1167 73500 74820 0 7 1320
1168 77100 78600 4 6 1500
1169 78840 80580 6 0 1740
1170 80700 82020 0 7 1320
1171 27480 28800 0 7 1320
1172 28920 30420 7 5 1500
1173 30660 32220 5 1 1560
1174 32460 33360 1 2 900
1175 35760 36660 2 1 900
1176 36780 38340 1 5 1560
1177 38580 40080 5 7 1500
1178 40200 41520 7 0 1320
1179 42960 43860 2 1 900
1180 43980 45540 1 5 1560
1181 45780 47280 5 7 1500
1182 47400 48720 7 0 1320
1183 50160 51060 2 1 900
1184 51180 52740 1 5 1560
1185 52980 54480 5 7 1500
1186 54600 55920 7 0 1320
1187 57360 58260 2 1 900
1188 58380 59940 1 5 1560
1189 60180 61680 5 7 1500
1190 61800 63120 7 0 1320
1191 64560 65460 2 1 900
1192 65580 67140 1 5 1560
1193 67380 68880 5 7 1500
1194 69000 70320 7 0 1320
1195 71760 72660 2 1 900
1196 72780 74340 1 5 1560
1197 74580 76080 5 7 1500
1198 76200 77520 7 0 1320
1199 78960 79860 2 1 900
1200 79980 81540 1 5 1560
1201 81780 83280 5 7 1500
1202 83400 84720 7 0 1320
1204 28500 30060 1 7 1560
1205 30300 31800 7 5 1500
1206 32040 33720 5 8 1680
1207 33840 36420 8 10 2580
1208 39180 41760 10 8 2580
1209 41880 43560 8 5 1680
1210 43680 45180 5 7 1500
1211 45300 46860 7 1 1560
1212 46980 47880 1 2 900
1213 49980 52560 10 8 2580
1214 52680 54360 8 5 1680
1215 54480 55980 5 7 1500
1216 56100 57660 7 1 1560
1217 57780 58680 1 2 900
1218 60780 63360 10 8 2580
1219 63480 65160 8 5 1680
1220 65280 66780 5 7 1500
1221 66900 68460 7 1 1560
1222 68580 69480 1 2 900
1223 71580 74160 10 8 2580
1224 74280 75960 8 5 1680
1225 76080 77580 5 7 1500
1226 77700 79260 7 1 1560
1229 30780 31740 4 0 960
1230 31860 33180 0 7 1320
1231 33300 34800 7 5 1500
1232 34920 37980 5 9 3060
1233 39780 42840 9 5 3060
1234 42960 44460 5 7 1500
1235 44580 45900 7 0 1320
1236 46020 46980 0 4 960
1237 47100 49680 4 12 2580
1238 50580 53640 9 5 3060
1239 53760 55260 5 7 1500
1240 55380 56700 7 0 1320
1241 56820 57780 0 4 960
1242 57900 60480 4 12 2580
1243 61380 64440 9 5 3060
1244 64560 66060 5 7 1500
1245 66180 67500 7 0 1320
1246 67620 68580 0 4 960
1247 68700 71280 4 12 2580
1248 72180 75240 9 5 3060
1249 75360 76860 5 7 1500
1250 76980 78300 7 0 1320
1251 78420 79380 0 4 960
1253 28200 29160 4 0 960
1254 29280 30600 0 7 1320
1255 30720 32280 7 1 1560
1256 32400 33420 1 3 1020
1257 34140 35160 3 1 1020
1258 35280 36840 1 7 1560
1259 36960 38280 7 0 1320
1260 38400 39360 0 4 960
1261 41340 42360 3 1 1020
1262 42480 44040 1 7 1560
1263 44160 45480 7 0 1320
1264 45600 46560 0 4 960
1265 48540 49560 3 1 1020
1266 49680 51240 1 7 1560
1267 51360 52680 7 0 1320
1268 52800 53760 0 4 960
1269 55740 56760 3 1 1020
1270 56880 58440 1 7 1560
1271 58560 59880 7 0 1320
1272 60000 60960 0 4 960
1273 62940 63960 3 1 1020
1274 64080 65640 1 7 1560
1275 65760 67080 7 0 1320
1276 67200 68160 0 4 960
1277 70140 71160 3 1 1020
1278 71280 72840 1 7 1560
1279 72960 74280 7 0 1320
1280 74400 75360 0 4 960
1281 77340 78360 3 1 1020
1282 78480 80040 1 7 1560
1283 80160 81480 7 0 1320
1286 31620 32580 0 4 960
1287 32820 34320 4 6 1500
1288 37140 38640 6 4 1500
1289 38880 39840 4 0 960
1290 39960 43200 0 8 3240
1291 44340 45840 6 4 1500
1292 46080 47040 4 0 960
1293 47160 50400 0 8 3240
1294 51540 53040 6 4 1500
1295 53280 54240 4 0 960
1296 54360 57600 0 8 3240
1297 58740 60240 6 4 1500
1298 60480 61440 4 0 960
1299 61560 64800 0 8 3240
1300 65940 67440 6 4 1500
1301 67680 68640 4 0 960
1302 68760 72000 0 8 3240
1303 73140 74640 6 4 1500
1304 74880 75840 4 0 960
1305 75960 79200 0 8 3240
1307 31080 32760 8 5 1680
1308 32880 34380 5 7 1500
1309 34500 36060 7 1 1560
1310 36180 37080 1 2 900
1311 38280 39180 2 1 900
1312 39300 40860 1 7 1560
1313 41100 42600 7 5 1500
1314 42840 44520 5 8 1680
1315 44640 47220 8 10 2580
1316 49080 49980 2 1 900
1317 50100 51660 1 7 1560
1318 51900 53400 7 5 1500
1319 53640 55320 5 8 1680
1320 55440 58020 8 10 2580
1321 59880 60780 2 1 900
1322 60900 62460 1 7 1560
1323 62700 64200 7 5 1500
1324 64440 66120 5 8 1680
1325 66240 68820 8 10 2580
1326 70680 71580 2 1 900
1327 71700 73260 1 7 1560
1328 73500 75000 7 5 1500
1329 75240 76920 5 8 1680
1332 29640 31200 1 5 1560
1333 31320 33000 5 8 1680
1334 33120 35700 8 10 2580
1335 36540 39120 10 8 2580
1336 39240 40920 8 5 1680
1337 41040 42600 5 1 1560
1338 42720 43740 1 3 1020
1339 47340 49920 10 8 2580
1340 50040 51720 8 5 1680
1341 51840 53400 5 1 1560
1342 53520 54540 1 3 1020
1343 58140 60720 10 8 2580
1344 60840 62520 8 5 1680
1345 62640 64200 5 1 1560
1346 64320 65340 1 3 1020
1347 68940 71520 10 8 2580
1348 71640 73320 8 5 1680
1349 73440 75000 5 1 1560
1350 75120 76140 1 3 1020
1352 29580 31140 1 5 1560
1353 31380 32880 5 7 1500
1354 33000 34320 7 0 1320
1355 38280 39600 0 7 1320
1356 39720 41220 7 5 1500
1357 41460 43020 5 1 1560
1358 43260 44160 1 2 900
1359 45480 46800 0 7 1320
1360 46920 48420 7 5 1500
1361 48660 50220 5 1 1560
1362 50460 51360 1 2 900
1363 52680 54000 0 7 1320
1364 54120 55620 7 5 1500
1365 55860 57420 5 1 1560
1366 57660 58560 1 2 900
1367 59880 61200 0 7 1320
1368 61320 62820 7 5 1500
1369 63060 64620 5 1 1560
1370 64860 65760 1 2 900
1371 67080 68400 0 7 1320
1372 68520 70020 7 5 1500
1373 70260 71820 5 1 1560
1374 72060 72960 1 2 900
1375 74280 75600 0 7 1320
1376 75720 77220 7 5 1500
1377 77460 79020 5 1 1560
1380 29640 31200 1 7 1560
1381 31320 32640 7 0 1320
1382 32760 33720 0 4 960
1383 33840 36420 4 12 2580
1384 36540 37800 12 11 1260
1385 40920 42180 11 12 1260
1386 42300 44880 12 4 2580
1387 45000 45960 4 0 960
1388 46080 47400 0 7 1320
1389 47520 49080 7 1 1560
1390 49200 50100 1 2 900
1391 51720 52980 11 12 1260
1392 53100 55680 12 4 2580
1393 55800 56760 4 0 960
1394 56880 58200 0 7 1320
1395 58320 59880 7 1 1560
1396 60000 60900 1 2 900
1397 62520 63780 11 12 1260
1398 63900 66480 12 4 2580
1399 66600 67560 4 0 960
1400 67680 69000 0 7 1320
1401 69120 70680 7 1 1560
1402 70800 71700 1 2 900
1403 73320 74580 11 12 1260
1404 74700 77280 12 4 2580
1405 77400 78360 4 0 960
1406 78480 79800 0 7 1320
1407 79920 81480 7 1 1560
1410 31800 34380 8 10 2580
1411 34500 37200 10 11 2700
1412 37320 38580 11 12 1260
1413 41040 42300 12 11 1260
1414 42420 45120 11 10 2700
1415 45240 47820 10 8 2580
1416 47940 50820 8 9 2880
1417 51840 53100 12 11 1260
1418 53220 55920 11 10 2700
1419 56040 58620 10 8 2580
1420 58740 61620 8 9 2880
1421 62640 63900 12 11 1260
1422 64020 66720 11 10 2700
1423 66840 69420 10 8 2580
1424 69540 72420 8 9 2880
1425 73440 74700 12 11 1260
1426 74820 77520 11 10 2700
1427 77640 80220 10 8 2580
1430 32160 33660 5 7 1500
1431 33780 35100 7 0 1320
1432 35220 36180 0 4 960
1433 36300 38880 4 12 2580
1434 42480 45060 12 4 2580
1435 45180 46140 4 0 960
1436 46260 47580 0 7 1320
1437 47700 49200 7 5 1500
1438 49320 52380 5 9 3060
1439 53280 55860 12 4 2580
1440 55980 56940 4 0 960
1441 57060 58380 0 7 1320
1442 58500 60000 7 5 1500
1443 60120 63180 5 9 3060
1444 64080 66660 12 4 2580
1445 66780 67740 4 0 960
1446 67860 69180 0 7 1320
1447 69300 70800 7 5 1500
1448 70920 73980 5 9 3060
1449 74880 77460 12 4 2580
1450 77580 78540 4 0 960
1451 78660 79980 0 7 1320
1452 80100 81600 7 5 1500
1454 29220 30240 3 1 1020
1455 30360 31920 1 5 1560
1456 32040 35100 5 9 3060
1457 37620 40680 9 5 3060
1458 40800 42360 5 1 1560
1459 42480 43500 1 3 1020
1461 32040 33720 8 5 1680
1462 33840 35400 5 1 1560
1463 35520 36540 1 3 1020
1464 39300 40320 3 1 1020
1465 40440 42000 1 5 1560
1466 42120 43800 5 8 1680
1467 43920 46500 8 10 2580
1468 50100 51120 3 1 1020
1469 51240 52800 1 5 1560
1470 52920 54600 5 8 1680
1471 54720 57300 8 10 2580
1472 60900 61920 3 1 1020
1473 62040 63600 1 5 1560
1474 63720 65400 5 8 1680
1475 65520 68100 8 10 2580
1476 71700 72720 3 1 1020
1477 72840 74400 1 5 1560
1478 74520 76200 5 8 1680
1480 29460 32820 4 11 3360
1481 32940 35640 11 10 2700
1482 37320 40020 10 11 2700
1483 40140 43500 11 4 3360
1484 29940 31440 6 4 1500
1485 31680 32640 4 0 960
1486 32760 36000 0 8 3240
1487 39060 42300 8 0 3240
1488 42420 43380 0 4 960
1489 43620 45120 4 6 1500
1491 31500 34080 12 4 2580
1492 34200 35160 4 0 960
1493 35280 36600 0 7 1320
1494 36720 38280 7 1 1560
1495 38400 39300 1 2 900
1496 43020 43920 2 1 900
1497 44040 45600 1 7 1560
1498 45720 47040 7 0 1320
1499 47160 48120 0 4 960
1500 48240 50820 4 12 2580
1501 50940 52200 12 11 1260
1502 53820 54720 2 1 900
1503 54840 56400 1 7 1560
1504 56520 57840 7 0 1320
1505 57960 58920 0 4 960
1506 59040 61620 4 12 2580
1507 61740 63000 12 11 1260
1508 64620 65520 2 1 900
1509 65640 67200 1 7 1560
1510 67320 68640 7 0 1320
1511 68760 69720 0 4 960
1512 69840 72420 4 12 2580
1513 72540 73800 12 11 1260
1514 75420 76320 2 1 900
1515 76440 78000 1 7 1560
1516 78120 79440 7 0 1320
1517 79560 80520 0 4 960
1520 30240 31500 12 11 1260
1521 31620 34320 11 10 2700
1522 34440 37020 10 8 2580
1523 37140 40020 8 9 2880
1524 43200 46080 9 8 2880
1525 46200 48780 8 10 2580
1526 48900 51600 10 11 2700
1527 51720 52980 11 12 1260
1528 54000 56880 9 8 2880
1529 57000 59580 8 10 2580
1530 59700 62400 10 11 2700
1531 62520 63780 11 12 1260
1532 64800 67680 9 8 2880
1533 67800 70380 8 10 2580
1534 70500 73200 10 11 2700
1535 73320 74580 11 12 1260
1536 75600 78480 9 8 2880
1540 31080 32400 0 7 1320
1541 32520 34020 7 5 1500
1542 34260 35820 5 1 1560
1543 36060 36960 1 2 900
1544 39360 40260 2 1 900
1545 40380 41940 1 5 1560
1546 42180 43680 5 7 1500
1547 43800 45120 7 0 1320
1548 31080 31980 2 1 900
1549 32100 33660 1 7 1560
1550 33900 35400 7 5 1500
1551 35640 37320 5 8 1680
1552 37440 40020 8 10 2580
1553 42780 45360 10 8 2580
1554 45480 47160 8 5 1680
1555 47280 48780 5 7 1500
1556 48900 50460 7 1 1560
1557 50580 51480 1 2 900
1558 53580 56160 10 8 2580
1559 56280 57960 8 5 1680
1560 58080 59580 5 7 1500
1561 59700 61260 7 1 1560
1562 61380 62280 1 2 900
1563 64380 66960 10 8 2580
1564 67080 68760 8 5 1680
1565 68880 70380 5 7 1500
1566 70500 72060 7 1 1560
1567 72180 73080 1 2 900
1568 75180 77760 10 8 2580
1569 77880 79560 8 5 1680
1570 79680 81180 5 7 1500
1571 81300 82860 7 1 1560
1573 31680 34260 12 4 2580
1574 34380 35340 4 0 960
1575 35460 36780 0 7 1320
1576 36900 38400 7 5 1500
1577 38520 41580 5 9 3060
1578 43380 46440 9 5 3060
1579 46560 48060 5 7 1500
1580 48180 49500 7 0 1320
1581 49620 50580 0 4 960
1582 50700 53280 4 12 2580
1583 54180 57240 9 5 3060
1584 57360 58860 5 7 1500
1585 58980 60300 7 0 1320
1586 60420 61380 0 4 960
1587 61500 64080 4 12 2580
1588 64980 68040 9 5 3060
1589 68160 69660 5 7 1500
1590 69780 71100 7 0 1320
1591 71220 72180 0 4 960
1592 72300 74880 4 12 2580
1593 75780 78840 9 5 3060
1594 78960 80460 5 7 1500
1595 80580 81900 7 0 1320
1599 34680 36360 8 5 1680
1600 36480 37980 5 7 1500
1601 38100 39660 7 1 1560
1602 39780 40680 1 2 900
1603 41880 42780 2 1 900
1604 42900 44460 1 7 1560
1605 44700 46200 7 5 1500
1606 46440 48120 5 8 1680
1607 48240 50820 8 10 2580
1608 52680 53580 2 1 900
1609 53700 55260 1 7 1560
1610 55500 57000 7 5 1500
1611 57240 58920 5 8 1680
1612 59040 61620 8 10 2580
1613 63480 64380 2 1 900
1614 64500 66060 1 7 1560
1615 66300 67800 7 5 1500
1616 68040 69720 5 8 1680
1617 69840 72420 8 10 2580
1618 74280 75180 2 1 900
1619 75300 76860 1 7 1560
1620 77100 78600 7 5 1500
1621 78840 80520 5 8 1680
1623 32220 33120 2 1 900
1624 33240 34800 1 7 1560
1625 34920 36240 7 0 1320
1626 36360 37320 0 4 960
1627 37440 40020 4 12 2580
1628 40140 41400 12 11 1260
1629 44520 45780 11 12 1260
1630 45900 48480 12 4 2580
1631 48600 49560 4 0 960
1632 49680 51000 0 7 1320
1633 51120 52680 7 1 1560
1634 52800 53700 1 2 900
1635 55320 56580 11 12 1260
1636 56700 59280 12 4 2580
1637 59400 60360 4 0 960
1638 60480 61800 0 7 1320
1639 61920 63480 7 1 1560
1640 63600 64500 1 2 900
1641 66120 67380 11 12 1260
1642 67500 70080 12 4 2580
1643 70200 71160 4 0 960
1644 71280 72600 0 7 1320
1645 72720 74280 7 1 1560
1646 74400 75300 1 2 900
1647 76920 78180 11 12 1260
1648 78300 80880 12 4 2580
1649 81000 81960 4 0 960
1650 82080 83400 0 7 1320
1651 83520 85080 7 1 1560
1653 32400 35280 9 8 2880
1654 35400 37980 8 10 2580
1655 38100 40800 10 11 2700
1656 40920 42180 11 12 1260
1657 44640 45900 12 11 1260
1658 46020 48720 11 10 2700
1659 48840 51420 10 8 2580
1660 51540 54420 8 9 2880
1661 32580 35640 9 5 3060
1662 35760 37260 5 7 1500
1663 37380 38700 7 0 1320
1664 38820 39780 0 4 960
1665 39900 42480 4 12 2580
1666 46080 48660 12 4 2580
1667 48780 49740 4 0 960
1668 49860 51180 0 7 1320
1669 51300 52800 7 5 1500
1670 52920 55980 5 9 3060
1671 33720 34980 11 12 1260
1672 35100 37680 12 4 2580
1673 37800 38760 4 0 960
1674 38880 40200 0 7 1320
1675 40320 41880 7 1 1560
1676 42000 42900 1 2 900
1677 46620 47520 2 1 900
1678 47640 49200 1 7 1560
1679 49320 50640 7 0 1320
1680 50760 51720 0 4 960
1681 51840 54420 4 12 2580
1682 54540 55800 12 11 1260
1683 35400 36360 4 0 960
1684 36480 37800 0 7 1320
1685 37920 39480 7 1 1560
1686 39600 40620 1 3 1020
1687 41340 42360 3 1 1020
1688 42480 44040 1 7 1560
1689 44160 45480 7 0 1320
1690 45600 46560 0 4 960
1691 40140 42720 10 8 2580
1692 42840 44520 8 5 1680
1693 44640 46200 5 1 1560
1694 46320 47340 1 3 1020
1695 50100 51120 3 1 1020
1696 51240 52800 1 5 1560
1697 52920 54600 5 8 1680
1698 54720 57300 8 10 2580
1699 42600 43560 4 0 960
1700 43680 45000 0 7 1320
1701 45120 46680 7 1 1560
1702 46800 47820 1 3 1020
1703 48540 49560 3 1 1020
1704 49680 51240 1 7 1560
1705 51360 52680 7 0 1320
1706 52800 53760 0 4 960
1707 49800 50760 4 0 960
1708 50880 52200 0 7 1320
1709 52320 53880 7 1 1560
1710 54000 55020 1 3 1020
1711 55740 56760 3 1 1020
1712 56880 58440 1 7 1560
1713 58560 59880 7 0 1320
1714 60000 60960 0 4 960
1715 50940 53520 10 8 2580
1716 53640 55320 8 5 1680
1717 55440 57000 5 1 1560
1718 57120 58140 1 3 1020
1719 60900 61920 3 1 1020
1720 62040 63600 1 5 1560
1721 63720 65400 5 8 1680
1722 65520 68100 8 10 2580
1723 57000 57960 4 0 960
1724 58080 59400 0 7 1320
1725 59520 61080 7 1 1560
1726 61200 62220 1 3 1020
1727 62940 63960 3 1 1020
1728 64080 65640 1 7 1560
1729 65760 67080 7 0 1320
1730 67200 68160 0 4 960
1731 61740 64320 10 8 2580
1732 64440 66120 8 5 1680
1733 66240 67800 5 1 1560
1734 67920 68940 1 3 1020
1735 71700 72720 3 1 1020
1736 72840 74400 1 5 1560
1737 74520 76200 5 8 1680
1739 64200 65160 4 0 960
1740 65280 66600 0 7 1320
1741 66720 68280 7 1 1560
1742 68400 69420 1 3 1020
1743 70140 71160 3 1 1020
1744 71280 72840 1 7 1560
1745 72960 74280 7 0 1320
1746 74400 75360 0 4 960
1747 71400 72360 4 0 960
1748 72480 73800 0 7 1320
1749 73920 75480 7 1 1560
1750 75600 76620 1 3 1020
1751 77340 78360 3 1 1020
1752 78480 80040 1 7 1560
1753 80160 81480 7 0 1320
1755 72540 75120 10 8 2580
1756 75240 76920 8 5 1680
1757 77040 78600 5 1 1560
1758 78720 79740 1 3 1020
1759 82500 83520 3 1 1020
1763 78600 79560 4 0 960
1764 79680 81000 0 7 1320
1765 81120 82680 7 1 1560
1766 82800 83820 1 3 1020
1767 84540 85560 3 1 1020
1768 85680 87240 1 7 1560
1769 87360 88680 7 0 1320
