0 24300 27180 0 1 2880
1 28500 31380 1 0 2880
2 31500 32880 0 2 1380
3 33900 36780 1 0 2880
4 36900 38280 0 2 1380
5 39300 42180 1 0 2880
6 42300 43680 0 2 1380
7 44700 47580 1 0 2880
8 47700 49080 0 2 1380
9 50100 52980 1 0 2880
10 53100 54480 0 2 1380
11 55500 58380 1 0 2880
12 58500 59880 0 2 1380
13 60900 63780 1 0 2880
14 63900 65280 0 2 1380
15 66300 69180 1 0 2880
16 69300 70680 0 2 1380
17 71700 74580 1 0 2880
18 74700 76080 0 2 1380
19 77100 79980 1 0 2880
20 25320 26700 0 2 1380
21 26880 28980 2 1 2100
22 30360 32460 1 2 2100
23 32580 33960 2 0 1380
24 34080 36240 0 3 2160
25 37560 39660 1 2 2100
26 39780 41160 2 0 1380
27 41280 43440 0 3 2160
28 44760 46860 1 2 2100
29 46980 48360 2 0 1380
30 48480 50640 0 3 2160
31 51960 54060 1 2 2100
32 54180 55560 2 0 1380
33 55680 57840 0 3 2160
34 59160 61260 1 2 2100
35 61380 62760 2 0 1380
36 62880 65040 0 3 2160
37 66360 68460 1 2 2100
38 68580 69960 2 0 1380
39 70080 72240 0 3 2160
40 73560 75660 1 2 2100
41 75780 77160 2 0 1380
42 26100 27480 0 2 1380
43 28140 29520 2 0 1380
44 29700 32580 0 1 2880
45 33540 34920 2 0 1380
46 35100 37980 0 1 2880
47 38940 40320 2 0 1380
48 40500 43380 0 1 2880
49 44340 45720 2 0 1380
50 45900 48780 0 1 2880
51 49740 51120 2 0 1380
52 51300 54180 0 1 2880
53 55140 56520 2 0 1380
54 56700 59580 0 1 2880
55 60540 61920 2 0 1380
56 62100 64980 0 1 2880
57 65940 67320 2 0 1380
58 67500 70380 0 1 2880
59 71340 72720 2 0 1380
60 72900 75780 0 1 2880
61 76740 78120 2 0 1380
62 26880 29040 0 3 2160
63 30240 32400 3 0 2160
64 32520 33900 0 2 1380
65 34080 36180 2 1 2100
66 37440 39600 3 0 2160
67 39720 41100 0 2 1380
68 41280 43380 2 1 2100
69 44640 46800 3 0 2160
70 46920 48300 0 2 1380
71 48480 50580 2 1 2100
72 51840 54000 3 0 2160
73 54120 55500 0 2 1380
74 55680 57780 2 1 2100
75 59040 61200 3 0 2160
76 61320 62700 0 2 1380
77 62880 64980 2 1 2100
78 66240 68400 3 0 2160
79 68520 69900 0 2 1380
80 70080 72180 2 1 2100
81 73440 75600 3 0 2160
82 75720 77100 0 2 1380
83 26100 28980 0 1 2880
84 30300 33180 1 0 2880
85 33300 34680 0 2 1380
86 35700 38580 1 0 2880
87 38700 40080 0 2 1380
88 41100 43980 1 0 2880
89 44100 45480 0 2 1380
90 46500 49380 1 0 2880
91 49500 50880 0 2 1380
92 51900 54780 1 0 2880
93 54900 56280 0 2 1380
94 57300 60180 1 0 2880
95 60300 61680 0 2 1380
96 62700 65580 1 0 2880
97 65700 67080 0 2 1380
98 68100 70980 1 0 2880
99 71100 72480 0 2 1380
100 73500 76380 1 0 2880
101 76500 77880 0 2 1380
102 78900 81780 1 0 2880
103 27120 28500 0 2 1380
104 28680 30780 2 1 2100
105 32160 34260 1 2 2100
106 34380 35760 2 0 1380
107 35880 38040 0 3 2160
108 39360 41460 1 2 2100
109 41580 42960 2 0 1380
110 43080 45240 0 3 2160
111 46560 48660 1 2 2100
112 48780 50160 2 0 1380
113 50280 52440 0 3 2160
114 53760 55860 1 2 2100
115 55980 57360 2 0 1380
116 57480 59640 0 3 2160
117 60960 63060 1 2 2100
118 63180 64560 2 0 1380
119 64680 66840 0 3 2160
120 68160 70260 1 2 2100
121 70380 71760 2 0 1380
122 71880 74040 0 3 2160
123 75360 77460 1 2 2100
124 77580 78960 2 0 1380
125 27900 29280 0 2 1380
126 29940 31320 2 0 1380
127 31500 34380 0 1 2880
128 35340 36720 2 0 1380
129 36900 39780 0 1 2880
130 40740 42120 2 0 1380
131 42300 45180 0 1 2880
132 46140 47520 2 0 1380
133 47700 50580 0 1 2880
134 51540 52920 2 0 1380
135 53100 55980 0 1 2880
136 56940 58320 2 0 1380
137 58500 61380 0 1 2880
138 62340 63720 2 0 1380
139 63900 66780 0 1 2880
140 67740 69120 2 0 1380
141 69300 72180 0 1 2880
142 73140 74520 2 0 1380
143 74700 77580 0 1 2880
144 78540 79920 2 0 1380
145 28680 30840 0 3 2160
146 32040 34200 3 0 2160
147 34320 35700 0 2 1380
148 35880 37980 2 1 2100
149 39240 41400 3 0 2160
150 41520 42900 0 2 1380
151 43080 45180 2 1 2100
152 46440 48600 3 0 2160
153 48720 50100 0 2 1380
154 50280 52380 2 1 2100
155 53640 55800 3 0 2160
156 55920 57300 0 2 1380
157 57480 59580 2 1 2100
158 60840 63000 3 0 2160
159 63120 64500 0 2 1380
160 64680 66780 2 1 2100
161 68040 70200 3 0 2160
162 70320 71700 0 2 1380
163 71880 73980 2 1 2100
164 75240 77400 3 0 2160
165 77520 78900 0 2 1380
166 27900 30780 0 1 2880
167 32100 34980 1 0 2880
168 35100 36480 0 2 1380
169 37500 40380 1 0 2880
170 40500 41880 0 2 1380
171 42900 45780 1 0 2880
172 45900 47280 0 2 1380
173 48300 51180 1 0 2880
174 51300 52680 0 2 1380
175 53700 56580 1 0 2880
176 56700 58080 0 2 1380
177 59100 61980 1 0 2880
178 62100 63480 0 2 1380
179 64500 67380 1 0 2880
180 67500 68880 0 2 1380
181 69900 72780 1 0 2880
182 72900 74280 0 2 1380
183 75300 78180 1 0 2880
184 78300 79680 0 2 1380
185 28920 30300 0 2 1380
186 30480 32580 2 1 2100
187 33960 36060 1 2 2100
188 36180 37560 2 0 1380
189 37680 39840 0 3 2160
190 41160 43260 1 2 2100
191 43380 44760 2 0 1380
192 44880 47040 0 3 2160
193 48360 50460 1 2 2100
194 50580 51960 2 0 1380
195 52080 54240 0 3 2160
196 55560 57660 1 2 2100
197 57780 59160 2 0 1380
198 59280 61440 0 3 2160
199 62760 64860 1 2 2100
200 64980 66360 2 0 1380
201 66480 68640 0 3 2160
202 69960 72060 1 2 2100
203 72180 73560 2 0 1380
204 73680 75840 0 3 2160
205 77160 79260 1 2 2100
206 79380 80760 2 0 1380
207 29700 31080 0 2 1380
208 31740 33120 2 0 1380
209 33300 36180 0 1 2880
210 37140 38520 2 0 1380
211 38700 41580 0 1 2880
212 42540 43920 2 0 1380
213 44100 46980 0 1 2880
214 47940 49320 2 0 1380
215 49500 52380 0 1 2880
216 53340 54720 2 0 1380
217 54900 57780 0 1 2880
218 58740 60120 2 0 1380
219 60300 63180 0 1 2880
220 64140 65520 2 0 1380
221 65700 68580 0 1 2880
222 69540 70920 2 0 1380
223 71100 73980 0 1 2880
224 74940 76320 2 0 1380
225 28980 30360 2 0 1380
226 30480 32640 0 3 2160
227 33840 36000 3 0 2160
228 36120 37500 0 2 1380
229 37680 39780 2 1 2100
230 41040 43200 3 0 2160
231 43320 44700 0 2 1380
232 44880 46980 2 1 2100
233 48240 50400 3 0 2160
234 50520 51900 0 2 1380
235 52080 54180 2 1 2100
236 55440 57600 3 0 2160
237 57720 59100 0 2 1380
238 59280 61380 2 1 2100
239 62640 64800 3 0 2160
240 64920 66300 0 2 1380
241 66480 68580 2 1 2100
242 69840 72000 3 0 2160
243 72120 73500 0 2 1380
244 73680 75780 2 1 2100
245 77040 79200 3 0 2160
246 30720 32100 0 2 1380
247 32280 34380 2 1 2100
248 35760 37860 1 2 2100
249 37980 39360 2 0 1380
250 39480 41640 0 3 2160
251 42960 45060 1 2 2100
252 45180 46560 2 0 1380
253 46680 48840 0 3 2160
254 50160 52260 1 2 2100
255 52380 53760 2 0 1380
256 53880 56040 0 3 2160
257 57360 59460 1 2 2100
258 59580 60960 2 0 1380
259 61080 63240 0 3 2160
260 64560 66660 1 2 2100
261 66780 68160 2 0 1380
262 68280 70440 0 3 2160
263 71760 73860 1 2 2100
264 73980 75360 2 0 1380
265 75480 77640 0 3 2160
266 78960 81060 1 2 2100
267 81180 82560 2 0 1380
268 28560 30660 1 2 2100
269 30780 32160 2 0 1380
270 32280 34440 0 3 2160
271 35640 37800 3 0 2160
272 37920 39300 0 2 1380
273 39480 41580 2 1 2100
274 42840 45000 3 0 2160
275 45120 46500 0 2 1380
276 46680 48780 2 1 2100
277 50040 52200 3 0 2160
278 52320 53700 0 2 1380
279 53880 55980 2 1 2100
280 57240 59400 3 0 2160
281 59520 60900 0 2 1380
282 61080 63180 2 1 2100
283 64440 66600 3 0 2160
284 66720 68100 0 2 1380
285 68280 70380 2 1 2100
286 71640 73800 3 0 2160
287 73920 75300 0 2 1380
288 75480 77580 2 1 2100
289 78840 81000 3 0 2160
