0 SOURCE 0 14 -1 -1 2520 31320
1 SOURCE 0 44 -1 -1 2520 31320
2 SOURCE 0 74 -1 -1 2520 31320
3 SOURCE 0 0 -1 -1 2520 31320
4 SOURCE 0 30 -1 -1 2520 31320
5 SOURCE 0 60 -1 -1 2520 31320
6 SOURCE 0 90 -1 -1 2520 31320
7 SOURCE 0 1 -1 -1 2520 31320
8 SOURCE 0 104 -1 -1 2520 31320
9 SOURCE 0 31 -1 -1 2520 31320
10 SOURCE 0 61 -1 -1 2520 31320
11 SOURCE 0 91 -1 -1 2520 31320
12 SOURCE 0 2 -1 -1 2520 31320
13 SOURCE 0 106 -1 -1 2520 31320
14 SOURCE 0 32 -1 -1 2520 31320
15 SOURCE 0 62 -1 -1 2520 31320
16 SOURCE 0 92 -1 -1 2520 31320
17 SOURCE 0 3 -1 -1 2520 31320
18 SOURCE 0 108 -1 -1 2520 31320
19 SOURCE 0 33 -1 -1 2520 31320
20 SOURCE 0 63 -1 -1 2520 31320
21 SOURCE 0 93 -1 -1 2520 31320
22 SOURCE 0 4 -1 -1 2520 31320
23 SOURCE 0 110 -1 -1 2520 31320
24 SOURCE 0 34 -1 -1 2520 31320
25 SOURCE 0 64 -1 -1 2520 31320
26 SOURCE 0 94 -1 -1 2520 31320
27 SOURCE 0 5 -1 -1 2520 31320
28 SOURCE 0 112 -1 -1 2520 31320
29 SOURCE 0 35 -1 -1 2520 31320
30 SOURCE 0 65 -1 -1 2520 31320
31 SOURCE 0 95 -1 -1 2520 31320
32 SOURCE 0 6 -1 -1 2520 31320
33 SOURCE 0 114 -1 -1 2520 31320
34 SOURCE 0 36 -1 -1 2520 31320
35 SOURCE 0 66 -1 -1 2520 31320
36 SOURCE 0 96 -1 -1 2520 31320
37 SOURCE 0 7 -1 -1 2520 31320
38 SOURCE 0 116 -1 -1 2520 31320
39 SOURCE 0 37 -1 -1 2520 31320
40 SOURCE 0 67 -1 -1 2520 31320
41 SOURCE 0 97 -1 -1 2520 31320
42 SOURCE 0 8 -1 -1 2520 31320
43 SOURCE 0 118 -1 -1 2520 31320
44 SOURCE 0 38 -1 -1 2520 31320
45 SOURCE 0 68 -1 -1 2520 31320
46 SOURCE 0 98 -1 -1 2520 31320
47 SOURCE 0 9 -1 -1 2520 31320
48 SOURCE 0 120 -1 -1 2520 31320
49 SOURCE 0 39 -1 -1 2520 31320
50 SOURCE 0 69 -1 -1 2520 31320
51 SOURCE 0 99 -1 -1 2520 31320
52 SOURCE 0 10 -1 -1 2520 31320
53 SOURCE 0 122 -1 -1 2520 31320
54 SOURCE 0 40 -1 -1 2520 31320
55 SOURCE 0 70 -1 -1 2520 31320
56 SOURCE 0 100 -1 -1 2520 31320
57 SOURCE 0 11 -1 -1 2520 31320
58 SOURCE 0 124 -1 -1 2520 31320
59 SOURCE 0 41 -1 -1 2520 31320
60 SOURCE 0 71 -1 -1 2520 31320
61 SOURCE 0 101 -1 -1 2520 31320
62 SOURCE 0 12 -1 -1 2520 31320
63 SOURCE 0 126 -1 -1 2520 31320
64 SOURCE 0 42 -1 -1 2520 31320
65 SOURCE 0 72 -1 -1 2520 31320
66 SOURCE 0 102 -1 -1 2520 31320
67 SOURCE 0 13 -1 -1 2520 31320
68 SOURCE 0 128 -1 -1 2520 31320
69 SOURCE 0 43 -1 -1 2520 31320
70 SOURCE 0 73 -1 -1 2520 31320
71 SOURCE 0 103 -1 -1 2520 31320
72 CONNECTION 14 15 -1 -1 3780 3780
73 CONNECTION 14 45 -1 -1 4680 4680
74 CONNECTION 14 75 300 3480 5580 5580
75 CONNECTION 14 105 300 4380 6480 6480
76 CONNECTION 14 16 300 5280 7380 7380
77 CONNECTION 14 46 300 6180 8280 8280
78 CONNECTION 14 76 300 7080 9180 9180
79 CONNECTION 44 45 -1 -1 3780 3780
80 CONNECTION 44 75 -1 -1 4680 4680
81 CONNECTION 44 105 300 3480 5580 5580
82 CONNECTION 44 16 300 4380 6480 6480
83 CONNECTION 44 46 300 5280 7380 7380
84 CONNECTION 44 76 300 6180 8280 8280
85 CONNECTION 44 107 300 7080 9180 9180
86 CONNECTION 74 75 -1 -1 3780 3780
87 CONNECTION 74 105 -1 -1 4680 4680
88 CONNECTION 74 16 300 3480 5580 5580
89 CONNECTION 74 46 300 4380 6480 6480
90 CONNECTION 74 76 300 5280 7380 7380
91 CONNECTION 74 107 300 6180 8280 8280
92 CONNECTION 74 17 300 7080 9180 9180
93 CONNECTION 0 105 -1 -1 3780 3780
94 CONNECTION 0 16 -1 -1 4680 4680
95 CONNECTION 0 46 300 3480 5580 5580
96 CONNECTION 0 76 300 4380 6480 6480
97 CONNECTION 0 107 300 5280 7380 7380
98 CONNECTION 0 17 300 6180 8280 8280
99 CONNECTION 0 47 300 7080 9180 9180
100 CONNECTION 30 16 -1 -1 3780 3780
101 CONNECTION 30 46 -1 -1 4680 4680
102 CONNECTION 30 76 300 3480 5580 5580
103 CONNECTION 30 107 300 4380 6480 6480
104 CONNECTION 30 17 300 5280 7380 7380
105 CONNECTION 30 47 300 6180 8280 8280
106 CONNECTION 30 77 300 7080 9180 9180
107 CONNECTION 15 31 -1 -1 3420 3420
108 CONNECTION 15 61 -1 -1 4320 4320
109 CONNECTION 15 91 -1 -1 5220 5220
110 CONNECTION 15 2 300 4020 6120 6120
111 CONNECTION 15 106 300 4020 6120 6120
112 CONNECTION 15 32 300 4920 7020 7020
113 CONNECTION 15 62 300 5820 7920 7920
114 CONNECTION 15 92 300 6720 8820 8820
115 CONNECTION 15 3 300 7620 9720 9720
116 CONNECTION 15 108 300 7620 9720 9720
117 SINK 15 0 -1 -1 0 0
118 CONNECTION 60 46 -1 -1 3780 3780
119 CONNECTION 60 76 -1 -1 4680 4680
120 CONNECTION 60 107 300 3480 5580 5580
121 CONNECTION 60 17 300 4380 6480 6480
122 CONNECTION 60 47 300 5280 7380 7380
123 CONNECTION 60 77 300 6180 8280 8280
124 CONNECTION 60 109 300 7080 9180 9180
125 CONNECTION 45 61 -1 -1 3420 3420
126 CONNECTION 45 91 -1 -1 4320 4320
127 CONNECTION 45 2 -1 -1 5220 5220
128 CONNECTION 45 106 -1 -1 5220 5220
129 CONNECTION 45 32 300 4020 6120 6120
130 CONNECTION 45 62 300 4920 7020 7020
131 CONNECTION 45 92 300 5820 7920 7920
132 CONNECTION 45 3 300 6720 8820 8820
133 CONNECTION 45 108 300 6720 8820 8820
134 CONNECTION 45 33 300 7620 9720 9720
135 SINK 45 0 -1 -1 0 0
136 CONNECTION 90 76 -1 -1 3780 3780
137 CONNECTION 90 107 -1 -1 4680 4680
138 CONNECTION 90 17 300 3480 5580 5580
139 CONNECTION 90 47 300 4380 6480 6480
140 CONNECTION 90 77 300 5280 7380 7380
141 CONNECTION 90 109 300 6180 8280 8280
142 CONNECTION 90 18 300 7080 9180 9180
143 CONNECTION 75 91 -1 -1 3420 3420
144 CONNECTION 75 2 -1 -1 4320 4320
145 CONNECTION 75 106 -1 -1 4320 4320
146 CONNECTION 75 32 -1 -1 5220 5220
147 CONNECTION 75 62 300 4020 6120 6120
148 CONNECTION 75 92 300 4920 7020 7020
149 CONNECTION 75 3 300 5820 7920 7920
150 CONNECTION 75 108 300 5820 7920 7920
151 CONNECTION 75 33 300 6720 8820 8820
152 CONNECTION 75 63 300 7620 9720 9720
153 SINK 75 0 -1 -1 0 0
154 CONNECTION 1 107 -1 -1 3780 3780
155 CONNECTION 1 17 -1 -1 4680 4680
156 CONNECTION 1 47 300 3480 5580 5580
157 CONNECTION 1 77 300 4380 6480 6480
158 CONNECTION 1 109 300 5280 7380 7380
159 CONNECTION 1 18 300 6180 8280 8280
160 CONNECTION 1 48 300 7080 9180 9180
161 CONNECTION 104 107 -1 -1 3780 3780
162 CONNECTION 104 17 -1 -1 4680 4680
163 CONNECTION 104 47 300 3480 5580 5580
164 CONNECTION 104 77 300 4380 6480 6480
165 CONNECTION 104 109 300 5280 7380 7380
166 CONNECTION 104 18 300 6180 8280 8280
167 CONNECTION 104 48 300 7080 9180 9180
168 CONNECTION 105 2 -1 -1 3420 3420
169 CONNECTION 105 106 -1 -1 3420 3420
170 CONNECTION 105 32 -1 -1 4320 4320
171 CONNECTION 105 62 -1 -1 5220 5220
172 CONNECTION 105 92 300 4020 6120 6120
173 CONNECTION 105 3 300 4920 7020 7020
174 CONNECTION 105 108 300 4920 7020 7020
175 CONNECTION 105 33 300 5820 7920 7920
176 CONNECTION 105 63 300 6720 8820 8820
177 CONNECTION 105 93 300 7620 9720 9720
178 SINK 105 0 -1 -1 0 0
179 CONNECTION 31 17 -1 -1 3780 3780
180 CONNECTION 31 47 -1 -1 4680 4680
181 CONNECTION 31 77 300 3480 5580 5580
182 CONNECTION 31 109 300 4380 6480 6480
183 CONNECTION 31 18 300 5280 7380 7380
184 CONNECTION 31 48 300 6180 8280 8280
185 CONNECTION 31 78 300 7080 9180 9180
186 CONNECTION 16 32 -1 -1 3420 3420
187 CONNECTION 16 62 -1 -1 4320 4320
188 CONNECTION 16 92 -1 -1 5220 5220
189 CONNECTION 16 3 300 4020 6120 6120
190 CONNECTION 16 108 300 4020 6120 6120
191 CONNECTION 16 33 300 4920 7020 7020
192 CONNECTION 16 63 300 5820 7920 7920
193 CONNECTION 16 93 300 6720 8820 8820
194 CONNECTION 16 4 300 7620 9720 9720
195 CONNECTION 16 110 300 7620 9720 9720
196 SINK 16 0 -1 -1 0 0
197 CONNECTION 61 47 -1 -1 3780 3780
198 CONNECTION 61 77 -1 -1 4680 4680
199 CONNECTION 61 109 300 3480 5580 5580
200 CONNECTION 61 18 300 4380 6480 6480
201 CONNECTION 61 48 300 5280 7380 7380
202 CONNECTION 61 78 300 6180 8280 8280
203 CONNECTION 61 111 300 7080 9180 9180
204 CONNECTION 46 62 -1 -1 3420 3420
205 CONNECTION 46 92 -1 -1 4320 4320
206 CONNECTION 46 3 -1 -1 5220 5220
207 CONNECTION 46 108 -1 -1 5220 5220
208 CONNECTION 46 33 300 4020 6120 6120
209 CONNECTION 46 63 300 4920 7020 7020
210 CONNECTION 46 93 300 5820 7920 7920
211 CONNECTION 46 4 300 6720 8820 8820
212 CONNECTION 46 110 300 6720 8820 8820
213 CONNECTION 46 34 300 7620 9720 9720
214 SINK 46 0 -1 -1 0 0
215 CONNECTION 91 77 -1 -1 3780 3780
216 CONNECTION 91 109 -1 -1 4680 4680
217 CONNECTION 91 18 300 3480 5580 5580
218 CONNECTION 91 48 300 4380 6480 6480
219 CONNECTION 91 78 300 5280 7380 7380
220 CONNECTION 91 111 300 6180 8280 8280
221 CONNECTION 91 19 300 7080 9180 9180
222 CONNECTION 76 92 -1 -1 3420 3420
223 CONNECTION 76 3 -1 -1 4320 4320
224 CONNECTION 76 108 -1 -1 4320 4320
225 CONNECTION 76 33 -1 -1 5220 5220
226 CONNECTION 76 63 300 4020 6120 6120
227 CONNECTION 76 93 300 4920 7020 7020
228 CONNECTION 76 4 300 5820 7920 7920
229 CONNECTION 76 110 300 5820 7920 7920
230 CONNECTION 76 34 300 6720 8820 8820
231 CONNECTION 76 64 300 7620 9720 9720
232 SINK 76 0 -1 -1 0 0
233 CONNECTION 2 109 -1 -1 3780 3780
234 CONNECTION 2 18 -1 -1 4680 4680
235 CONNECTION 2 48 300 3480 5580 5580
236 CONNECTION 2 78 300 4380 6480 6480
237 CONNECTION 2 111 300 5280 7380 7380
238 CONNECTION 2 19 300 6180 8280 8280
239 CONNECTION 2 49 300 7080 9180 9180
240 CONNECTION 106 109 -1 -1 3780 3780
241 CONNECTION 106 18 -1 -1 4680 4680
242 CONNECTION 106 48 300 3480 5580 5580
243 CONNECTION 106 78 300 4380 6480 6480
244 CONNECTION 106 111 300 5280 7380 7380
245 CONNECTION 106 19 300 6180 8280 8280
246 CONNECTION 106 49 300 7080 9180 9180
247 CONNECTION 107 3 -1 -1 3420 3420
248 CONNECTION 107 108 -1 -1 3420 3420
249 CONNECTION 107 33 -1 -1 4320 4320
250 CONNECTION 107 63 -1 -1 5220 5220
251 CONNECTION 107 93 300 4020 6120 6120
252 CONNECTION 107 4 300 4920 7020 7020
253 CONNECTION 107 110 300 4920 7020 7020
254 CONNECTION 107 34 300 5820 7920 7920
255 CONNECTION 107 64 300 6720 8820 8820
256 CONNECTION 107 94 300 7620 9720 9720
257 SINK 107 0 -1 -1 0 0
258 CONNECTION 32 18 -1 -1 3780 3780
259 CONNECTION 32 48 -1 -1 4680 4680
260 CONNECTION 32 78 300 3480 5580 5580
261 CONNECTION 32 111 300 4380 6480 6480
262 CONNECTION 32 19 300 5280 7380 7380
263 CONNECTION 32 49 300 6180 8280 8280
264 CONNECTION 32 79 300 7080 9180 9180
265 CONNECTION 17 33 -1 -1 3420 3420
266 CONNECTION 17 63 -1 -1 4320 4320
267 CONNECTION 17 93 -1 -1 5220 5220
268 CONNECTION 17 4 300 4020 6120 6120
269 CONNECTION 17 110 300 4020 6120 6120
270 CONNECTION 17 34 300 4920 7020 7020
271 CONNECTION 17 64 300 5820 7920 7920
272 CONNECTION 17 94 300 6720 8820 8820
273 CONNECTION 17 5 300 7620 9720 9720
274 CONNECTION 17 112 300 7620 9720 9720
275 SINK 17 0 -1 -1 0 0
276 CONNECTION 62 48 -1 -1 3780 3780
277 CONNECTION 62 78 -1 -1 4680 4680
278 CONNECTION 62 111 300 3480 5580 5580
279 CONNECTION 62 19 300 4380 6480 6480
280 CONNECTION 62 49 300 5280 7380 7380
281 CONNECTION 62 79 300 6180 8280 8280
282 CONNECTION 62 113 300 7080 9180 9180
283 CONNECTION 47 63 -1 -1 3420 3420
284 CONNECTION 47 93 -1 -1 4320 4320
285 CONNECTION 47 4 -1 -1 5220 5220
286 CONNECTION 47 110 -1 -1 5220 5220
287 CONNECTION 47 34 300 4020 6120 6120
288 CONNECTION 47 64 300 4920 7020 7020
289 CONNECTION 47 94 300 5820 7920 7920
290 CONNECTION 47 5 300 6720 8820 8820
291 CONNECTION 47 112 300 6720 8820 8820
292 CONNECTION 47 35 300 7620 9720 9720
293 SINK 47 0 -1 -1 0 0
294 CONNECTION 92 78 -1 -1 3780 3780
295 CONNECTION 92 111 -1 -1 4680 4680
296 CONNECTION 92 19 300 3480 5580 5580
297 CONNECTION 92 49 300 4380 6480 6480
298 CONNECTION 92 79 300 5280 7380 7380
299 CONNECTION 92 113 300 6180 8280 8280
300 CONNECTION 92 20 300 7080 9180 9180
301 CONNECTION 77 93 -1 -1 3420 3420
302 CONNECTION 77 4 -1 -1 4320 4320
303 CONNECTION 77 110 -1 -1 4320 4320
304 CONNECTION 77 34 -1 -1 5220 5220
305 CONNECTION 77 64 300 4020 6120 6120
306 CONNECTION 77 94 300 4920 7020 7020
307 CONNECTION 77 5 300 5820 7920 7920
308 CONNECTION 77 112 300 5820 7920 7920
309 CONNECTION 77 35 300 6720 8820 8820
310 CONNECTION 77 65 300 7620 9720 9720
311 SINK 77 0 -1 -1 0 0
312 CONNECTION 3 111 -1 -1 3780 3780
313 CONNECTION 3 19 -1 -1 4680 4680
314 CONNECTION 3 49 300 3480 5580 5580
315 CONNECTION 3 79 300 4380 6480 6480
316 CONNECTION 3 113 300 5280 7380 7380
317 CONNECTION 3 20 300 6180 8280 8280
318 CONNECTION 3 50 300 7080 9180 9180
319 CONNECTION 108 111 -1 -1 3780 3780
320 CONNECTION 108 19 -1 -1 4680 4680
321 CONNECTION 108 49 300 3480 5580 5580
322 CONNECTION 108 79 300 4380 6480 6480
323 CONNECTION 108 113 300 5280 7380 7380
324 CONNECTION 108 20 300 6180 8280 8280
325 CONNECTION 108 50 300 7080 9180 9180
326 CONNECTION 109 4 -1 -1 3420 3420
327 CONNECTION 109 110 -1 -1 3420 3420
328 CONNECTION 109 34 -1 -1 4320 4320
329 CONNECTION 109 64 -1 -1 5220 5220
330 CONNECTION 109 94 300 4020 6120 6120
331 CONNECTION 109 5 300 4920 7020 7020
332 CONNECTION 109 112 300 4920 7020 7020
333 CONNECTION 109 35 300 5820 7920 7920
334 CONNECTION 109 65 300 6720 8820 8820
335 CONNECTION 109 95 300 7620 9720 9720
336 SINK 109 0 -1 -1 0 0
337 CONNECTION 33 19 -1 -1 3780 3780
338 CONNECTION 33 49 -1 -1 4680 4680
339 CONNECTION 33 79 300 3480 5580 5580
340 CONNECTION 33 113 300 4380 6480 6480
341 CONNECTION 33 20 300 5280 7380 7380
342 CONNECTION 33 50 300 6180 8280 8280
343 CONNECTION 33 80 300 7080 9180 9180
344 CONNECTION 18 34 -1 -1 3420 3420
345 CONNECTION 18 64 -1 -1 4320 4320
346 CONNECTION 18 94 -1 -1 5220 5220
347 CONNECTION 18 5 300 4020 6120 6120
348 CONNECTION 18 112 300 4020 6120 6120
349 CONNECTION 18 35 300 4920 7020 7020
350 CONNECTION 18 65 300 5820 7920 7920
351 CONNECTION 18 95 300 6720 8820 8820
352 CONNECTION 18 6 300 7620 9720 9720
353 CONNECTION 18 114 300 7620 9720 9720
354 SINK 18 0 -1 -1 0 0
355 CONNECTION 63 49 -1 -1 3780 3780
356 CONNECTION 63 79 -1 -1 4680 4680
357 CONNECTION 63 113 300 3480 5580 5580
358 CONNECTION 63 20 300 4380 6480 6480
359 CONNECTION 63 50 300 5280 7380 7380
360 CONNECTION 63 80 300 6180 8280 8280
361 CONNECTION 63 115 300 7080 9180 9180
362 CONNECTION 48 64 -1 -1 3420 3420
363 CONNECTION 48 94 -1 -1 4320 4320
364 CONNECTION 48 5 -1 -1 5220 5220
365 CONNECTION 48 112 -1 -1 5220 5220
366 CONNECTION 48 35 300 4020 6120 6120
367 CONNECTION 48 65 300 4920 7020 7020
368 CONNECTION 48 95 300 5820 7920 7920
369 CONNECTION 48 6 300 6720 8820 8820
370 CONNECTION 48 114 300 6720 8820 8820
371 CONNECTION 48 36 300 7620 9720 9720
372 SINK 48 0 -1 -1 0 0
373 CONNECTION 93 79 -1 -1 3780 3780
374 CONNECTION 93 113 -1 -1 4680 4680
375 CONNECTION 93 20 300 3480 5580 5580
376 CONNECTION 93 50 300 4380 6480 6480
377 CONNECTION 93 80 300 5280 7380 7380
378 CONNECTION 93 115 300 6180 8280 8280
379 CONNECTION 93 21 300 7080 9180 9180
380 CONNECTION 78 94 -1 -1 3420 3420
381 CONNECTION 78 5 -1 -1 4320 4320
382 CONNECTION 78 112 -1 -1 4320 4320
383 CONNECTION 78 35 -1 -1 5220 5220
384 CONNECTION 78 65 300 4020 6120 6120
385 CONNECTION 78 95 300 4920 7020 7020
386 CONNECTION 78 6 300 5820 7920 7920
387 CONNECTION 78 114 300 5820 7920 7920
388 CONNECTION 78 36 300 6720 8820 8820
389 CONNECTION 78 66 300 7620 9720 9720
390 SINK 78 0 -1 -1 0 0
391 CONNECTION 4 113 -1 -1 3780 3780
392 CONNECTION 4 20 -1 -1 4680 4680
393 CONNECTION 4 50 300 3480 5580 5580
394 CONNECTION 4 80 300 4380 6480 6480
395 CONNECTION 4 115 300 5280 7380 7380
396 CONNECTION 4 21 300 6180 8280 8280
397 CONNECTION 4 51 300 7080 9180 9180
398 CONNECTION 110 113 -1 -1 3780 3780
399 CONNECTION 110 20 -1 -1 4680 4680
400 CONNECTION 110 50 300 3480 5580 5580
401 CONNECTION 110 80 300 4380 6480 6480
402 CONNECTION 110 115 300 5280 7380 7380
403 CONNECTION 110 21 300 6180 8280 8280
404 CONNECTION 110 51 300 7080 9180 9180
405 CONNECTION 111 5 -1 -1 3420 3420
406 CONNECTION 111 112 -1 -1 3420 3420
407 CONNECTION 111 35 -1 -1 4320 4320
408 CONNECTION 111 65 -1 -1 5220 5220
409 CONNECTION 111 95 300 4020 6120 6120
410 CONNECTION 111 6 300 4920 7020 7020
411 CONNECTION 111 114 300 4920 7020 7020
412 CONNECTION 111 36 300 5820 7920 7920
413 CONNECTION 111 66 300 6720 8820 8820
414 CONNECTION 111 96 300 7620 9720 9720
415 SINK 111 0 -1 -1 0 0
416 CONNECTION 34 20 -1 -1 3780 3780
417 CONNECTION 34 50 -1 -1 4680 4680
418 CONNECTION 34 80 300 3480 5580 5580
419 CONNECTION 34 115 300 4380 6480 6480
420 CONNECTION 34 21 300 5280 7380 7380
421 CONNECTION 34 51 300 6180 8280 8280
422 CONNECTION 34 81 300 7080 9180 9180
423 CONNECTION 19 35 -1 -1 3420 3420
424 CONNECTION 19 65 -1 -1 4320 4320
425 CONNECTION 19 95 -1 -1 5220 5220
426 CONNECTION 19 6 300 4020 6120 6120
427 CONNECTION 19 114 300 4020 6120 6120
428 CONNECTION 19 36 300 4920 7020 7020
429 CONNECTION 19 66 300 5820 7920 7920
430 CONNECTION 19 96 300 6720 8820 8820
431 CONNECTION 19 7 300 7620 9720 9720
432 CONNECTION 19 116 300 7620 9720 9720
433 SINK 19 0 -1 -1 0 0
434 CONNECTION 64 50 -1 -1 3780 3780
435 CONNECTION 64 80 -1 -1 4680 4680
436 CONNECTION 64 115 300 3480 5580 5580
437 CONNECTION 64 21 300 4380 6480 6480
438 CONNECTION 64 51 300 5280 7380 7380
439 CONNECTION 64 81 300 6180 8280 8280
440 CONNECTION 64 117 300 7080 9180 9180
441 CONNECTION 49 65 -1 -1 3420 3420
442 CONNECTION 49 95 -1 -1 4320 4320
443 CONNECTION 49 6 -1 -1 5220 5220
444 CONNECTION 49 114 -1 -1 5220 5220
445 CONNECTION 49 36 300 4020 6120 6120
446 CONNECTION 49 66 300 4920 7020 7020
447 CONNECTION 49 96 300 5820 7920 7920
448 CONNECTION 49 7 300 6720 8820 8820
449 CONNECTION 49 116 300 6720 8820 8820
450 CONNECTION 49 37 300 7620 9720 9720
451 SINK 49 0 -1 -1 0 0
452 CONNECTION 94 80 -1 -1 3780 3780
453 CONNECTION 94 115 -1 -1 4680 4680
454 CONNECTION 94 21 300 3480 5580 5580
455 CONNECTION 94 51 300 4380 6480 6480
456 CONNECTION 94 81 300 5280 7380 7380
457 CONNECTION 94 117 300 6180 8280 8280
458 CONNECTION 94 22 300 7080 9180 9180
459 CONNECTION 79 95 -1 -1 3420 3420
460 CONNECTION 79 6 -1 -1 4320 4320
461 CONNECTION 79 114 -1 -1 4320 4320
462 CONNECTION 79 36 -1 -1 5220 5220
463 CONNECTION 79 66 300 4020 6120 6120
464 CONNECTION 79 96 300 4920 7020 7020
465 CONNECTION 79 7 300 5820 7920 7920
466 CONNECTION 79 116 300 5820 7920 7920
467 CONNECTION 79 37 300 6720 8820 8820
468 CONNECTION 79 67 300 7620 9720 9720
469 SINK 79 0 -1 -1 0 0
470 CONNECTION 5 115 -1 -1 3780 3780
471 CONNECTION 5 21 -1 -1 4680 4680
472 CONNECTION 5 51 300 3480 5580 5580
473 CONNECTION 5 81 300 4380 6480 6480
474 CONNECTION 5 117 300 5280 7380 7380
475 CONNECTION 5 22 300 6180 8280 8280
476 CONNECTION 5 52 300 7080 9180 9180
477 CONNECTION 112 115 -1 -1 3780 3780
478 CONNECTION 112 21 -1 -1 4680 4680
479 CONNECTION 112 51 300 3480 5580 5580
480 CONNECTION 112 81 300 4380 6480 6480
481 CONNECTION 112 117 300 5280 7380 7380
482 CONNECTION 112 22 300 6180 8280 8280
483 CONNECTION 112 52 300 7080 9180 9180
484 CONNECTION 113 6 -1 -1 3420 3420
485 CONNECTION 113 114 -1 -1 3420 3420
486 CONNECTION 113 36 -1 -1 4320 4320
487 CONNECTION 113 66 -1 -1 5220 5220
488 CONNECTION 113 96 300 4020 6120 6120
489 CONNECTION 113 7 300 4920 7020 7020
490 CONNECTION 113 116 300 4920 7020 7020
491 CONNECTION 113 37 300 5820 7920 7920
492 CONNECTION 113 67 300 6720 8820 8820
493 CONNECTION 113 97 300 7620 9720 9720
494 SINK 113 0 -1 -1 0 0
495 CONNECTION 35 21 -1 -1 3780 3780
496 CONNECTION 35 51 -1 -1 4680 4680
497 CONNECTION 35 81 300 3480 5580 5580
498 CONNECTION 35 117 300 4380 6480 6480
499 CONNECTION 35 22 300 5280 7380 7380
500 CONNECTION 35 52 300 6180 8280 8280
501 CONNECTION 35 82 300 7080 9180 9180
502 CONNECTION 20 36 -1 -1 3420 3420
503 CONNECTION 20 66 -1 -1 4320 4320
504 CONNECTION 20 96 -1 -1 5220 5220
505 CONNECTION 20 7 300 4020 6120 6120
506 CONNECTION 20 116 300 4020 6120 6120
507 CONNECTION 20 37 300 4920 7020 7020
508 CONNECTION 20 67 300 5820 7920 7920
509 CONNECTION 20 97 300 6720 8820 8820
510 CONNECTION 20 8 300 7620 9720 9720
511 CONNECTION 20 118 300 7620 9720 9720
512 SINK 20 0 -1 -1 0 0
513 CONNECTION 65 51 -1 -1 3780 3780
514 CONNECTION 65 81 -1 -1 4680 4680
515 CONNECTION 65 117 300 3480 5580 5580
516 CONNECTION 65 22 300 4380 6480 6480
517 CONNECTION 65 52 300 5280 7380 7380
518 CONNECTION 65 82 300 6180 8280 8280
519 CONNECTION 65 119 300 7080 9180 9180
520 CONNECTION 50 66 -1 -1 3420 3420
521 CONNECTION 50 96 -1 -1 4320 4320
522 CONNECTION 50 7 -1 -1 5220 5220
523 CONNECTION 50 116 -1 -1 5220 5220
524 CONNECTION 50 37 300 4020 6120 6120
525 CONNECTION 50 67 300 4920 7020 7020
526 CONNECTION 50 97 300 5820 7920 7920
527 CONNECTION 50 8 300 6720 8820 8820
528 CONNECTION 50 118 300 6720 8820 8820
529 CONNECTION 50 38 300 7620 9720 9720
530 SINK 50 0 -1 -1 0 0
531 CONNECTION 95 81 -1 -1 3780 3780
532 CONNECTION 95 117 -1 -1 4680 4680
533 CONNECTION 95 22 300 3480 5580 5580
534 CONNECTION 95 52 300 4380 6480 6480
535 CONNECTION 95 82 300 5280 7380 7380
536 CONNECTION 95 119 300 6180 8280 8280
537 CONNECTION 95 23 300 7080 9180 9180
538 CONNECTION 80 96 -1 -1 3420 3420
539 CONNECTION 80 7 -1 -1 4320 4320
540 CONNECTION 80 116 -1 -1 4320 4320
541 CONNECTION 80 37 -1 -1 5220 5220
542 CONNECTION 80 67 300 4020 6120 6120
543 CONNECTION 80 97 300 4920 7020 7020
544 CONNECTION 80 8 300 5820 7920 7920
545 CONNECTION 80 118 300 5820 7920 7920
546 CONNECTION 80 38 300 6720 8820 8820
547 CONNECTION 80 68 300 7620 9720 9720
548 SINK 80 0 -1 -1 0 0
549 CONNECTION 6 117 -1 -1 3780 3780
550 CONNECTION 6 22 -1 -1 4680 4680
551 CONNECTION 6 52 300 3480 5580 5580
552 CONNECTION 6 82 300 4380 6480 6480
553 CONNECTION 6 119 300 5280 7380 7380
554 CONNECTION 6 23 300 6180 8280 8280
555 CONNECTION 6 53 300 7080 9180 9180
556 CONNECTION 114 117 -1 -1 3780 3780
557 CONNECTION 114 22 -1 -1 4680 4680
558 CONNECTION 114 52 300 3480 5580 5580
559 CONNECTION 114 82 300 4380 6480 6480
560 CONNECTION 114 119 300 5280 7380 7380
561 CONNECTION 114 23 300 6180 8280 8280
562 CONNECTION 114 53 300 7080 9180 9180
563 CONNECTION 115 7 -1 -1 3420 3420
564 CONNECTION 115 116 -1 -1 3420 3420
565 CONNECTION 115 37 -1 -1 4320 4320
566 CONNECTION 115 67 -1 -1 5220 5220
567 CONNECTION 115 97 300 4020 6120 6120
568 CONNECTION 115 8 300 4920 7020 7020
569 CONNECTION 115 118 300 4920 7020 7020
570 CONNECTION 115 38 300 5820 7920 7920
571 CONNECTION 115 68 300 6720 8820 8820
572 CONNECTION 115 98 300 7620 9720 9720
573 SINK 115 0 -1 -1 0 0
574 CONNECTION 36 22 -1 -1 3780 3780
575 CONNECTION 36 52 -1 -1 4680 4680
576 CONNECTION 36 82 300 3480 5580 5580
577 CONNECTION 36 119 300 4380 6480 6480
578 CONNECTION 36 23 300 5280 7380 7380
579 CONNECTION 36 53 300 6180 8280 8280
580 CONNECTION 36 83 300 7080 9180 9180
581 CONNECTION 21 37 -1 -1 3420 3420
582 CONNECTION 21 67 -1 -1 4320 4320
583 CONNECTION 21 97 -1 -1 5220 5220
584 CONNECTION 21 8 300 4020 6120 6120
585 CONNECTION 21 118 300 4020 6120 6120
586 CONNECTION 21 38 300 4920 7020 7020
587 CONNECTION 21 68 300 5820 7920 7920
588 CONNECTION 21 98 300 6720 8820 8820
589 CONNECTION 21 9 300 7620 9720 9720
590 CONNECTION 21 120 300 7620 9720 9720
591 SINK 21 0 -1 -1 0 0
592 CONNECTION 66 52 -1 -1 3780 3780
593 CONNECTION 66 82 -1 -1 4680 4680
594 CONNECTION 66 119 300 3480 5580 5580
595 CONNECTION 66 23 300 4380 6480 6480
596 CONNECTION 66 53 300 5280 7380 7380
597 CONNECTION 66 83 300 6180 8280 8280
598 CONNECTION 66 121 300 7080 9180 9180
599 CONNECTION 51 67 -1 -1 3420 3420
600 CONNECTION 51 97 -1 -1 4320 4320
601 CONNECTION 51 8 -1 -1 5220 5220
602 CONNECTION 51 118 -1 -1 5220 5220
603 CONNECTION 51 38 300 4020 6120 6120
604 CONNECTION 51 68 300 4920 7020 7020
605 CONNECTION 51 98 300 5820 7920 7920
606 CONNECTION 51 9 300 6720 8820 8820
607 CONNECTION 51 120 300 6720 8820 8820
608 CONNECTION 51 39 300 7620 9720 9720
609 SINK 51 0 -1 -1 0 0
610 CONNECTION 96 82 -1 -1 3780 3780
611 CONNECTION 96 119 -1 -1 4680 4680
612 CONNECTION 96 23 300 3480 5580 5580
613 CONNECTION 96 53 300 4380 6480 6480
614 CONNECTION 96 83 300 5280 7380 7380
615 CONNECTION 96 121 300 6180 8280 8280
616 CONNECTION 96 24 300 7080 9180 9180
617 CONNECTION 81 97 -1 -1 3420 3420
618 CONNECTION 81 8 -1 -1 4320 4320
619 CONNECTION 81 118 -1 -1 4320 4320
620 CONNECTION 81 38 -1 -1 5220 5220
621 CONNECTION 81 68 300 4020 6120 6120
622 CONNECTION 81 98 300 4920 7020 7020
623 CONNECTION 81 9 300 5820 7920 7920
624 CONNECTION 81 120 300 5820 7920 7920
625 CONNECTION 81 39 300 6720 8820 8820
626 CONNECTION 81 69 300 7620 9720 9720
627 SINK 81 0 -1 -1 0 0
628 CONNECTION 7 119 -1 -1 3780 3780
629 CONNECTION 7 23 -1 -1 4680 4680
630 CONNECTION 7 53 300 3480 5580 5580
631 CONNECTION 7 83 300 4380 6480 6480
632 CONNECTION 7 121 300 5280 7380 7380
633 CONNECTION 7 24 300 6180 8280 8280
634 CONNECTION 7 54 300 7080 9180 9180
635 CONNECTION 116 119 -1 -1 3780 3780
636 CONNECTION 116 23 -1 -1 4680 4680
637 CONNECTION 116 53 300 3480 5580 5580
638 CONNECTION 116 83 300 4380 6480 6480
639 CONNECTION 116 121 300 5280 7380 7380
640 CONNECTION 116 24 300 6180 8280 8280
641 CONNECTION 116 54 300 7080 9180 9180
642 CONNECTION 117 8 -1 -1 3420 3420
643 CONNECTION 117 118 -1 -1 3420 3420
644 CONNECTION 117 38 -1 -1 4320 4320
645 CONNECTION 117 68 -1 -1 5220 5220
646 CONNECTION 117 98 300 4020 6120 6120
647 CONNECTION 117 9 300 4920 7020 7020
648 CONNECTION 117 120 300 4920 7020 7020
649 CONNECTION 117 39 300 5820 7920 7920
650 CONNECTION 117 69 300 6720 8820 8820
651 CONNECTION 117 99 300 7620 9720 9720
652 SINK 117 0 -1 -1 0 0
653 CONNECTION 37 23 -1 -1 3780 3780
654 CONNECTION 37 53 -1 -1 4680 4680
655 CONNECTION 37 83 300 3480 5580 5580
656 CONNECTION 37 121 300 4380 6480 6480
657 CONNECTION 37 24 300 5280 7380 7380
658 CONNECTION 37 54 300 6180 8280 8280
659 CONNECTION 37 84 300 7080 9180 9180
660 CONNECTION 22 38 -1 -1 3420 3420
661 CONNECTION 22 68 -1 -1 4320 4320
662 CONNECTION 22 98 -1 -1 5220 5220
663 CONNECTION 22 9 300 4020 6120 6120
664 CONNECTION 22 120 300 4020 6120 6120
665 CONNECTION 22 39 300 4920 7020 7020
666 CONNECTION 22 69 300 5820 7920 7920
667 CONNECTION 22 99 300 6720 8820 8820
668 CONNECTION 22 10 300 7620 9720 9720
669 CONNECTION 22 122 300 7620 9720 9720
670 SINK 22 0 -1 -1 0 0
671 CONNECTION 67 53 -1 -1 3780 3780
672 CONNECTION 67 83 -1 -1 4680 4680
673 CONNECTION 67 121 300 3480 5580 5580
674 CONNECTION 67 24 300 4380 6480 6480
675 CONNECTION 67 54 300 5280 7380 7380
676 CONNECTION 67 84 300 6180 8280 8280
677 CONNECTION 67 123 300 7080 9180 9180
678 CONNECTION 52 68 -1 -1 3420 3420
679 CONNECTION 52 98 -1 -1 4320 4320
680 CONNECTION 52 9 -1 -1 5220 5220
681 CONNECTION 52 120 -1 -1 5220 5220
682 CONNECTION 52 39 300 4020 6120 6120
683 CONNECTION 52 69 300 4920 7020 7020
684 CONNECTION 52 99 300 5820 7920 7920
685 CONNECTION 52 10 300 6720 8820 8820
686 CONNECTION 52 122 300 6720 8820 8820
687 CONNECTION 52 40 300 7620 9720 9720
688 SINK 52 0 -1 -1 0 0
689 CONNECTION 97 83 -1 -1 3780 3780
690 CONNECTION 97 121 -1 -1 4680 4680
691 CONNECTION 97 24 300 3480 5580 5580
692 CONNECTION 97 54 300 4380 6480 6480
693 CONNECTION 97 84 300 5280 7380 7380
694 CONNECTION 97 123 300 6180 8280 8280
695 CONNECTION 97 25 300 7080 9180 9180
696 CONNECTION 82 98 -1 -1 3420 3420
697 CONNECTION 82 9 -1 -1 4320 4320
698 CONNECTION 82 120 -1 -1 4320 4320
699 CONNECTION 82 39 -1 -1 5220 5220
700 CONNECTION 82 69 300 4020 6120 6120
701 CONNECTION 82 99 300 4920 7020 7020
702 CONNECTION 82 10 300 5820 7920 7920
703 CONNECTION 82 122 300 5820 7920 7920
704 CONNECTION 82 40 300 6720 8820 8820
705 CONNECTION 82 70 300 7620 9720 9720
706 SINK 82 0 -1 -1 0 0
707 CONNECTION 8 121 -1 -1 3780 3780
708 CONNECTION 8 24 -1 -1 4680 4680
709 CONNECTION 8 54 300 3480 5580 5580
710 CONNECTION 8 84 300 4380 6480 6480
711 CONNECTION 8 123 300 5280 7380 7380
712 CONNECTION 8 25 300 6180 8280 8280
713 CONNECTION 8 55 300 7080 9180 9180
714 CONNECTION 118 121 -1 -1 3780 3780
715 CONNECTION 118 24 -1 -1 4680 4680
716 CONNECTION 118 54 300 3480 5580 5580
717 CONNECTION 118 84 300 4380 6480 6480
718 CONNECTION 118 123 300 5280 7380 7380
719 CONNECTION 118 25 300 6180 8280 8280
720 CONNECTION 118 55 300 7080 9180 9180
721 CONNECTION 119 9 -1 -1 3420 3420
722 CONNECTION 119 120 -1 -1 3420 3420
723 CONNECTION 119 39 -1 -1 4320 4320
724 CONNECTION 119 69 -1 -1 5220 5220
725 CONNECTION 119 99 300 4020 6120 6120
726 CONNECTION 119 10 300 4920 7020 7020
727 CONNECTION 119 122 300 4920 7020 7020
728 CONNECTION 119 40 300 5820 7920 7920
729 CONNECTION 119 70 300 6720 8820 8820
730 CONNECTION 119 100 300 7620 9720 9720
731 SINK 119 0 -1 -1 0 0
732 CONNECTION 38 24 -1 -1 3780 3780
733 CONNECTION 38 54 -1 -1 4680 4680
734 CONNECTION 38 84 300 3480 5580 5580
735 CONNECTION 38 123 300 4380 6480 6480
736 CONNECTION 38 25 300 5280 7380 7380
737 CONNECTION 38 55 300 6180 8280 8280
738 CONNECTION 38 85 300 7080 9180 9180
739 CONNECTION 23 39 -1 -1 3420 3420
740 CONNECTION 23 69 -1 -1 4320 4320
741 CONNECTION 23 99 -1 -1 5220 5220
742 CONNECTION 23 10 300 4020 6120 6120
743 CONNECTION 23 122 300 4020 6120 6120
744 CONNECTION 23 40 300 4920 7020 7020
745 CONNECTION 23 70 300 5820 7920 7920
746 CONNECTION 23 100 300 6720 8820 8820
747 CONNECTION 23 11 300 7620 9720 9720
748 CONNECTION 23 124 300 7620 9720 9720
749 SINK 23 0 -1 -1 0 0
750 CONNECTION 68 54 -1 -1 3780 3780
751 CONNECTION 68 84 -1 -1 4680 4680
752 CONNECTION 68 123 300 3480 5580 5580
753 CONNECTION 68 25 300 4380 6480 6480
754 CONNECTION 68 55 300 5280 7380 7380
755 CONNECTION 68 85 300 6180 8280 8280
756 CONNECTION 68 125 300 7080 9180 9180
757 CONNECTION 53 69 -1 -1 3420 3420
758 CONNECTION 53 99 -1 -1 4320 4320
759 CONNECTION 53 10 -1 -1 5220 5220
760 CONNECTION 53 122 -1 -1 5220 5220
761 CONNECTION 53 40 300 4020 6120 6120
762 CONNECTION 53 70 300 4920 7020 7020
763 CONNECTION 53 100 300 5820 7920 7920
764 CONNECTION 53 11 300 6720 8820 8820
765 CONNECTION 53 124 300 6720 8820 8820
766 CONNECTION 53 41 300 7620 9720 9720
767 SINK 53 0 -1 -1 0 0
768 CONNECTION 98 84 -1 -1 3780 3780
769 CONNECTION 98 123 -1 -1 4680 4680
770 CONNECTION 98 25 300 3480 5580 5580
771 CONNECTION 98 55 300 4380 6480 6480
772 CONNECTION 98 85 300 5280 7380 7380
773 CONNECTION 98 125 300 6180 8280 8280
774 CONNECTION 98 26 300 7080 9180 9180
775 CONNECTION 83 99 -1 -1 3420 3420
776 CONNECTION 83 10 -1 -1 4320 4320
777 CONNECTION 83 122 -1 -1 4320 4320
778 CONNECTION 83 40 -1 -1 5220 5220
779 CONNECTION 83 70 300 4020 6120 6120
780 CONNECTION 83 100 300 4920 7020 7020
781 CONNECTION 83 11 300 5820 7920 7920
782 CONNECTION 83 124 300 5820 7920 7920
783 CONNECTION 83 41 300 6720 8820 8820
784 CONNECTION 83 71 300 7620 9720 9720
785 SINK 83 0 -1 -1 0 0
786 CONNECTION 9 123 -1 -1 3780 3780
787 CONNECTION 9 25 -1 -1 4680 4680
788 CONNECTION 9 55 300 3480 5580 5580
789 CONNECTION 9 85 300 4380 6480 6480
790 CONNECTION 9 125 300 5280 7380 7380
791 CONNECTION 9 26 300 6180 8280 8280
792 CONNECTION 9 56 300 7080 9180 9180
793 CONNECTION 120 123 -1 -1 3780 3780
794 CONNECTION 120 25 -1 -1 4680 4680
795 CONNECTION 120 55 300 3480 5580 5580
796 CONNECTION 120 85 300 4380 6480 6480
797 CONNECTION 120 125 300 5280 7380 7380
798 CONNECTION 120 26 300 6180 8280 8280
799 CONNECTION 120 56 300 7080 9180 9180
800 CONNECTION 121 10 -1 -1 3420 3420
801 CONNECTION 121 122 -1 -1 3420 3420
802 CONNECTION 121 40 -1 -1 4320 4320
803 CONNECTION 121 70 -1 -1 5220 5220
804 CONNECTION 121 100 300 4020 6120 6120
805 CONNECTION 121 11 300 4920 7020 7020
806 CONNECTION 121 124 300 4920 7020 7020
807 CONNECTION 121 41 300 5820 7920 7920
808 CONNECTION 121 71 300 6720 8820 8820
809 CONNECTION 121 101 300 7620 9720 9720
810 SINK 121 0 -1 -1 0 0
811 CONNECTION 39 25 -1 -1 3780 3780
812 CONNECTION 39 55 -1 -1 4680 4680
813 CONNECTION 39 85 300 3480 5580 5580
814 CONNECTION 39 125 300 4380 6480 6480
815 CONNECTION 39 26 300 5280 7380 7380
816 CONNECTION 39 56 300 6180 8280 8280
817 CONNECTION 39 86 300 7080 9180 9180
818 CONNECTION 24 40 -1 -1 3420 3420
819 CONNECTION 24 70 -1 -1 4320 4320
820 CONNECTION 24 100 -1 -1 5220 5220
821 CONNECTION 24 11 300 4020 6120 6120
822 CONNECTION 24 124 300 4020 6120 6120
823 CONNECTION 24 41 300 4920 7020 7020
824 CONNECTION 24 71 300 5820 7920 7920
825 CONNECTION 24 101 300 6720 8820 8820
826 CONNECTION 24 12 300 7620 9720 9720
827 CONNECTION 24 126 300 7620 9720 9720
828 SINK 24 0 -1 -1 0 0
829 CONNECTION 69 55 -1 -1 3780 3780
830 CONNECTION 69 85 -1 -1 4680 4680
831 CONNECTION 69 125 300 3480 5580 5580
832 CONNECTION 69 26 300 4380 6480 6480
833 CONNECTION 69 56 300 5280 7380 7380
834 CONNECTION 69 86 300 6180 8280 8280
835 CONNECTION 69 127 300 7080 9180 9180
836 CONNECTION 54 70 -1 -1 3420 3420
837 CONNECTION 54 100 -1 -1 4320 4320
838 CONNECTION 54 11 -1 -1 5220 5220
839 CONNECTION 54 124 -1 -1 5220 5220
840 CONNECTION 54 41 300 4020 6120 6120
841 CONNECTION 54 71 300 4920 7020 7020
842 CONNECTION 54 101 300 5820 7920 7920
843 CONNECTION 54 12 300 6720 8820 8820
844 CONNECTION 54 126 300 6720 8820 8820
845 CONNECTION 54 42 300 7620 9720 9720
846 SINK 54 0 -1 -1 0 0
847 CONNECTION 99 85 -1 -1 3780 3780
848 CONNECTION 99 125 -1 -1 4680 4680
849 CONNECTION 99 26 300 3480 5580 5580
850 CONNECTION 99 56 300 4380 6480 6480
851 CONNECTION 99 86 300 5280 7380 7380
852 CONNECTION 99 127 300 6180 8280 8280
853 CONNECTION 99 27 300 7080 9180 9180
854 CONNECTION 84 100 -1 -1 3420 3420
855 CONNECTION 84 11 -1 -1 4320 4320
856 CONNECTION 84 124 -1 -1 4320 4320
857 CONNECTION 84 41 -1 -1 5220 5220
858 CONNECTION 84 71 300 4020 6120 6120
859 CONNECTION 84 101 300 4920 7020 7020
860 CONNECTION 84 12 300 5820 7920 7920
861 CONNECTION 84 126 300 5820 7920 7920
862 CONNECTION 84 42 300 6720 8820 8820
863 CONNECTION 84 72 300 7620 9720 9720
864 SINK 84 0 -1 -1 0 0
865 CONNECTION 10 125 -1 -1 3780 3780
866 CONNECTION 10 26 -1 -1 4680 4680
867 CONNECTION 10 56 300 3480 5580 5580
868 CONNECTION 10 86 300 4380 6480 6480
869 CONNECTION 10 127 300 5280 7380 7380
870 CONNECTION 10 27 300 6180 8280 8280
871 CONNECTION 10 57 300 7080 9180 9180
872 CONNECTION 122 125 -1 -1 3780 3780
873 CONNECTION 122 26 -1 -1 4680 4680
874 CONNECTION 122 56 300 3480 5580 5580
875 CONNECTION 122 86 300 4380 6480 6480
876 CONNECTION 122 127 300 5280 7380 7380
877 CONNECTION 122 27 300 6180 8280 8280
878 CONNECTION 122 57 300 7080 9180 9180
879 CONNECTION 123 11 -1 -1 3420 3420
880 CONNECTION 123 124 -1 -1 3420 3420
881 CONNECTION 123 41 -1 -1 4320 4320
882 CONNECTION 123 71 -1 -1 5220 5220
883 CONNECTION 123 101 300 4020 6120 6120
884 CONNECTION 123 12 300 4920 7020 7020
885 CONNECTION 123 126 300 4920 7020 7020
886 CONNECTION 123 42 300 5820 7920 7920
887 CONNECTION 123 72 300 6720 8820 8820
888 CONNECTION 123 102 300 7620 9720 9720
889 SINK 123 0 -1 -1 0 0
890 CONNECTION 40 26 -1 -1 3780 3780
891 CONNECTION 40 56 -1 -1 4680 4680
892 CONNECTION 40 86 300 3480 5580 5580
893 CONNECTION 40 127 300 4380 6480 6480
894 CONNECTION 40 27 300 5280 7380 7380
895 CONNECTION 40 57 300 6180 8280 8280
896 CONNECTION 40 87 300 7080 9180 9180
897 CONNECTION 25 41 -1 -1 3420 3420
898 CONNECTION 25 71 -1 -1 4320 4320
899 CONNECTION 25 101 -1 -1 5220 5220
900 CONNECTION 25 12 300 4020 6120 6120
901 CONNECTION 25 126 300 4020 6120 6120
902 CONNECTION 25 42 300 4920 7020 7020
903 CONNECTION 25 72 300 5820 7920 7920
904 CONNECTION 25 102 300 6720 8820 8820
905 CONNECTION 25 13 300 7620 9720 9720
906 CONNECTION 25 128 300 7620 9720 9720
907 SINK 25 0 -1 -1 0 0
908 CONNECTION 70 56 -1 -1 3780 3780
909 CONNECTION 70 86 -1 -1 4680 4680
910 CONNECTION 70 127 300 3480 5580 5580
911 CONNECTION 70 27 300 4380 6480 6480
912 CONNECTION 70 57 300 5280 7380 7380
913 CONNECTION 70 87 300 6180 8280 8280
914 CONNECTION 70 129 300 7080 9180 9180
915 CONNECTION 55 71 -1 -1 3420 3420
916 CONNECTION 55 101 -1 -1 4320 4320
917 CONNECTION 55 12 -1 -1 5220 5220
918 CONNECTION 55 126 -1 -1 5220 5220
919 CONNECTION 55 42 300 4020 6120 6120
920 CONNECTION 55 72 300 4920 7020 7020
921 CONNECTION 55 102 300 5820 7920 7920
922 CONNECTION 55 13 300 6720 8820 8820
923 CONNECTION 55 128 300 6720 8820 8820
924 CONNECTION 55 43 300 7620 9720 9720
925 SINK 55 0 -1 -1 0 0
926 CONNECTION 100 86 -1 -1 3780 3780
927 CONNECTION 100 127 -1 -1 4680 4680
928 CONNECTION 100 27 300 3480 5580 5580
929 CONNECTION 100 57 300 4380 6480 6480
930 CONNECTION 100 87 300 5280 7380 7380
931 CONNECTION 100 129 300 6180 8280 8280
932 CONNECTION 100 28 300 7080 9180 9180
933 CONNECTION 85 101 -1 -1 3420 3420
934 CONNECTION 85 12 -1 -1 4320 4320
935 CONNECTION 85 126 -1 -1 4320 4320
936 CONNECTION 85 42 -1 -1 5220 5220
937 CONNECTION 85 72 300 4020 6120 6120
938 CONNECTION 85 102 300 4920 7020 7020
939 CONNECTION 85 13 300 5820 7920 7920
940 CONNECTION 85 128 300 5820 7920 7920
941 CONNECTION 85 43 300 6720 8820 8820
942 CONNECTION 85 73 300 7620 9720 9720
943 SINK 85 0 -1 -1 0 0
944 CONNECTION 11 127 -1 -1 3780 3780
945 CONNECTION 11 27 -1 -1 4680 4680
946 CONNECTION 11 57 300 3480 5580 5580
947 CONNECTION 11 87 300 4380 6480 6480
948 CONNECTION 11 129 300 5280 7380 7380
949 CONNECTION 11 28 300 6180 8280 8280
950 CONNECTION 11 58 300 7080 9180 9180
951 CONNECTION 124 127 -1 -1 3780 3780
952 CONNECTION 124 27 -1 -1 4680 4680
953 CONNECTION 124 57 300 3480 5580 5580
954 CONNECTION 124 87 300 4380 6480 6480
955 CONNECTION 124 129 300 5280 7380 7380
956 CONNECTION 124 28 300 6180 8280 8280
957 CONNECTION 124 58 300 7080 9180 9180
958 CONNECTION 125 12 -1 -1 3420 3420
959 CONNECTION 125 126 -1 -1 3420 3420
960 CONNECTION 125 42 -1 -1 4320 4320
961 CONNECTION 125 72 -1 -1 5220 5220
962 CONNECTION 125 102 300 4020 6120 6120
963 CONNECTION 125 13 300 4920 7020 7020
964 CONNECTION 125 128 300 4920 7020 7020
965 CONNECTION 125 43 300 5820 7920 7920
966 CONNECTION 125 73 300 6720 8820 8820
967 CONNECTION 125 103 300 7620 9720 9720
968 SINK 125 0 -1 -1 0 0
969 CONNECTION 41 27 -1 -1 3780 3780
970 CONNECTION 41 57 -1 -1 4680 4680
971 CONNECTION 41 87 300 3480 5580 5580
972 CONNECTION 41 129 300 4380 6480 6480
973 CONNECTION 41 28 300 5280 7380 7380
974 CONNECTION 41 58 300 6180 8280 8280
975 CONNECTION 41 88 300 7080 9180 9180
976 CONNECTION 26 42 -1 -1 3420 3420
977 CONNECTION 26 72 -1 -1 4320 4320
978 CONNECTION 26 102 -1 -1 5220 5220
979 CONNECTION 26 13 300 4020 6120 6120
980 CONNECTION 26 128 300 4020 6120 6120
981 CONNECTION 26 43 300 4920 7020 7020
982 CONNECTION 26 73 300 5820 7920 7920
983 CONNECTION 26 103 300 6720 8820 8820
984 SINK 26 0 -1 -1 0 0
985 CONNECTION 71 57 -1 -1 3780 3780
986 CONNECTION 71 87 -1 -1 4680 4680
987 CONNECTION 71 129 300 3480 5580 5580
988 CONNECTION 71 28 300 4380 6480 6480
989 CONNECTION 71 58 300 5280 7380 7380
990 CONNECTION 71 88 300 6180 8280 8280
991 CONNECTION 71 130 300 7080 9180 9180
992 CONNECTION 56 72 -1 -1 3420 3420
993 CONNECTION 56 102 -1 -1 4320 4320
994 CONNECTION 56 13 -1 -1 5220 5220
995 CONNECTION 56 128 -1 -1 5220 5220
996 CONNECTION 56 43 300 4020 6120 6120
997 CONNECTION 56 73 300 4920 7020 7020
998 CONNECTION 56 103 300 5820 7920 7920
999 SINK 56 0 -1 -1 0 0
1000 CONNECTION 101 87 -1 -1 3780 3780
1001 CONNECTION 101 129 -1 -1 4680 4680
1002 CONNECTION 101 28 300 3480 5580 5580
1003 CONNECTION 101 58 300 4380 6480 6480
1004 CONNECTION 101 88 300 5280 7380 7380
1005 CONNECTION 101 130 300 6180 8280 8280
1006 CONNECTION 101 29 300 7080 9180 9180
1007 CONNECTION 86 102 -1 -1 3420 3420
1008 CONNECTION 86 13 -1 -1 4320 4320
1009 CONNECTION 86 128 -1 -1 4320 4320
1010 CONNECTION 86 43 -1 -1 5220 5220
1011 CONNECTION 86 73 300 4020 6120 6120
1012 CONNECTION 86 103 300 4920 7020 7020
1013 SINK 86 0 -1 -1 0 0
1014 CONNECTION 12 129 -1 -1 3780 3780
1015 CONNECTION 12 28 -1 -1 4680 4680
1016 CONNECTION 12 58 300 3480 5580 5580
1017 CONNECTION 12 88 300 4380 6480 6480
1018 CONNECTION 12 130 300 5280 7380 7380
1019 CONNECTION 12 29 300 6180 8280 8280
1020 CONNECTION 12 59 300 7080 9180 9180
1021 CONNECTION 126 129 -1 -1 3780 3780
1022 CONNECTION 126 28 -1 -1 4680 4680
1023 CONNECTION 126 58 300 3480 5580 5580
1024 CONNECTION 126 88 300 4380 6480 6480
1025 CONNECTION 126 130 300 5280 7380 7380
1026 CONNECTION 126 29 300 6180 8280 8280
1027 CONNECTION 126 59 300 7080 9180 9180
1028 CONNECTION 127 13 -1 -1 3420 3420
1029 CONNECTION 127 128 -1 -1 3420 3420
1030 CONNECTION 127 43 -1 -1 4320 4320
1031 CONNECTION 127 73 -1 -1 5220 5220
1032 CONNECTION 127 103 300 4020 6120 6120
1033 SINK 127 0 -1 -1 0 0
1034 CONNECTION 42 28 -1 -1 3780 3780
1035 CONNECTION 42 58 -1 -1 4680 4680
1036 CONNECTION 42 88 300 3480 5580 5580
1037 CONNECTION 42 130 300 4380 6480 6480
1038 CONNECTION 42 29 300 5280 7380 7380
1039 CONNECTION 42 59 300 6180 8280 8280
1040 CONNECTION 42 89 300 7080 9180 9180
1041 CONNECTION 27 43 -1 -1 3420 3420
1042 CONNECTION 27 73 -1 -1 4320 4320
1043 CONNECTION 27 103 -1 -1 5220 5220
1044 SINK 27 0 -1 -1 0 0
1045 CONNECTION 72 58 -1 -1 3780 3780
1046 CONNECTION 72 88 -1 -1 4680 4680
1047 CONNECTION 72 130 300 3480 5580 5580
1048 CONNECTION 72 29 300 4380 6480 6480
1049 CONNECTION 72 59 300 5280 7380 7380
1050 CONNECTION 72 89 300 6180 8280 8280
1051 CONNECTION 57 73 -1 -1 3420 3420
1052 CONNECTION 57 103 -1 -1 4320 4320
1053 SINK 57 0 -1 -1 0 0
1054 CONNECTION 102 88 -1 -1 3780 3780
1055 CONNECTION 102 130 -1 -1 4680 4680
1056 CONNECTION 102 29 300 3480 5580 5580
1057 CONNECTION 102 59 300 4380 6480 6480
1058 CONNECTION 102 89 300 5280 7380 7380
1059 CONNECTION 87 103 -1 -1 3420 3420
1060 SINK 87 0 -1 -1 0 0
1061 CONNECTION 13 130 -1 -1 3780 3780
1062 CONNECTION 13 29 -1 -1 4680 4680
1063 CONNECTION 13 59 300 3480 5580 5580
1064 CONNECTION 13 89 300 4380 6480 6480
1065 CONNECTION 128 130 -1 -1 3780 3780
1066 CONNECTION 128 29 -1 -1 4680 4680
1067 CONNECTION 128 59 300 3480 5580 5580
1068 CONNECTION 128 89 300 4380 6480 6480
1069 SINK 129 0 -1 -1 0 0
1070 CONNECTION 43 29 -1 -1 3780 3780
1071 CONNECTION 43 59 -1 -1 4680 4680
1072 CONNECTION 43 89 300 3480 5580 5580
1073 SINK 28 0 -1 -1 0 0
1074 CONNECTION 73 59 -1 -1 3780 3780
1075 CONNECTION 73 89 -1 -1 4680 4680
1076 SINK 58 0 -1 -1 0 0
1077 CONNECTION 103 89 -1 -1 3780 3780
1078 SINK 88 0 -1 -1 0 0
1079 SINK 130 0 -1 -1 0 0
1080 SINK 29 0 -1 -1 0 0
1081 SINK 59 0 -1 -1 0 0
1082 SINK 89 0 -1 -1 0 0
