0 25080 27600 0 1 2520
1 28680 31200 0 1 2520
2 32280 34800 0 1 2520
3 35880 38400 0 1 2520
4 39480 42000 0 1 2520
5 43080 45600 0 1 2520
6 46680 49200 0 1 2520
7 50280 52800 0 1 2520
8 53880 56400 0 1 2520
9 57480 60000 0 1 2520
10 61080 63600 0 1 2520
11 64680 67200 0 1 2520
12 68280 70800 0 1 2520
13 71880 74400 0 1 2520
14 22380 24900 0 1 2520
15 26160 28680 1 0 2520
16 29760 32280 1 0 2520
17 33360 35880 1 0 2520
18 36960 39480 1 0 2520
19 40560 43080 1 0 2520
20 44160 46680 1 0 2520
21 47760 50280 1 0 2520
22 51360 53880 1 0 2520
23 54960 57480 1 0 2520
24 58560 61080 1 0 2520
25 62160 64680 1 0 2520
26 65760 68280 1 0 2520
27 69360 71880 1 0 2520
28 72960 75480 1 0 2520
29 76560 79080 1 0 2520
30 25980 28500 0 1 2520
31 29580 32100 0 1 2520
32 33180 35700 0 1 2520
33 36780 39300 0 1 2520
34 40380 42900 0 1 2520
35 43980 46500 0 1 2520
36 47580 50100 0 1 2520
37 51180 53700 0 1 2520
38 54780 57300 0 1 2520
39 58380 60900 0 1 2520
40 61980 64500 0 1 2520
41 65580 68100 0 1 2520
42 69180 71700 0 1 2520
43 72780 75300 0 1 2520
44 23280 25800 0 1 2520
45 27060 29580 1 0 2520
46 30660 33180 1 0 2520
47 34260 36780 1 0 2520
48 37860 40380 1 0 2520
49 41460 43980 1 0 2520
50 45060 47580 1 0 2520
51 48660 51180 1 0 2520
52 52260 54780 1 0 2520
53 55860 58380 1 0 2520
54 59460 61980 1 0 2520
55 63060 65580 1 0 2520
56 66660 69180 1 0 2520
57 70260 72780 1 0 2520
58 73860 76380 1 0 2520
59 77460 79980 1 0 2520
60 26880 29400 0 1 2520
61 30480 33000 0 1 2520
62 34080 36600 0 1 2520
63 37680 40200 0 1 2520
64 41280 43800 0 1 2520
65 44880 47400 0 1 2520
66 48480 51000 0 1 2520
67 52080 54600 0 1 2520
68 55680 58200 0 1 2520
69 59280 61800 0 1 2520
70 62880 65400 0 1 2520
71 66480 69000 0 1 2520
72 70080 72600 0 1 2520
73 73680 76200 0 1 2520
74 24180 26700 0 1 2520
75 27960 30480 1 0 2520
76 31560 34080 1 0 2520
77 35160 37680 1 0 2520
78 38760 41280 1 0 2520
79 42360 44880 1 0 2520
80 45960 48480 1 0 2520
81 49560 52080 1 0 2520
82 53160 55680 1 0 2520
83 56760 59280 1 0 2520
84 60360 62880 1 0 2520
85 63960 66480 1 0 2520
86 67560 70080 1 0 2520
87 71160 73680 1 0 2520
88 74760 77280 1 0 2520
89 78360 80880 1 0 2520
90 27780 30300 0 1 2520
91 31380 33900 0 1 2520
92 34980 37500 0 1 2520
93 38580 41100 0 1 2520
94 42180 44700 0 1 2520
95 45780 48300 0 1 2520
96 49380 51900 0 1 2520
97 52980 55500 0 1 2520
98 56580 59100 0 1 2520
99 60180 62700 0 1 2520
100 63780 66300 0 1 2520
101 67380 69900 0 1 2520
102 70980 73500 0 1 2520
103 74580 77100 0 1 2520
104 28680 31200 0 1 2520
105 28860 31380 1 0 2520
106 32280 34800 0 1 2520
107 32460 34980 1 0 2520
108 35880 38400 0 1 2520
109 36060 38580 1 0 2520
110 39480 42000 0 1 2520
111 39660 42180 1 0 2520
112 43080 45600 0 1 2520
113 43260 45780 1 0 2520
114 46680 49200 0 1 2520
115 46860 49380 1 0 2520
116 50280 52800 0 1 2520
117 50460 52980 1 0 2520
118 53880 56400 0 1 2520
119 54060 56580 1 0 2520
120 57480 60000 0 1 2520
121 57660 60180 1 0 2520
122 61080 63600 0 1 2520
123 61260 63780 1 0 2520
124 64680 67200 0 1 2520
125 64860 67380 1 0 2520
126 68280 70800 0 1 2520
127 68460 70980 1 0 2520
128 71880 74400 0 1 2520
129 72060 74580 1 0 2520
130 75660 78180 1 0 2520
