1 24900 26520 0 5 1620
2 28620 30240 5 0 1620
3 30360 33420 0 6 3060
4 35820 37440 5 0 1620
5 37560 40620 0 6 3060
6 43020 44640 5 0 1620
7 44760 47820 0 6 3060
8 50220 51840 5 0 1620
9 51960 55020 0 6 3060
10 57420 59040 5 0 1620
11 59160 62220 0 6 3060
12 64620 66240 5 0 1620
13 66360 69420 0 6 3060
14 71820 73440 5 0 1620
15 73560 76620 0 6 3060
16 79020 80640 5 0 1620
21 28380 29220 1 3 840
22 29340 31140 3 5 1800
23 31260 33240 5 6 1980
24 35580 36420 1 3 840
25 36540 38340 3 5 1800
26 38460 40440 5 6 1980
27 42780 43620 1 3 840
28 43740 45540 3 5 1800
29 45660 47640 5 6 1980
30 49980 50820 1 3 840
31 50940 52740 3 5 1800
32 52860 54840 5 6 1980
33 57180 58020 1 3 840
34 58140 59940 3 5 1800
35 60060 62040 5 6 1980
36 64380 65220 1 3 840
37 65340 67140 3 5 1800
38 67260 69240 5 6 1980
39 71580 72420 1 3 840
40 72540 74340 3 5 1800
41 74460 76440 5 6 1980
42 78780 79620 1 3 840
43 79740 81540 3 5 1800
48 26760 28620 0 4 1860
49 29340 31200 4 0 1860
50 31320 33000 0 3 1680
51 33120 33960 3 1 840
52 34080 36000 1 2 1920
53 37740 39600 4 0 1860
54 39720 41400 0 3 1680
55 41520 42360 3 1 840
56 42480 44400 1 2 1920
57 46140 48000 4 0 1860
58 48120 49800 0 3 1680
59 49920 50760 3 1 840
60 50880 52800 1 2 1920
61 54540 56400 4 0 1860
62 56520 58200 0 3 1680
63 58320 59160 3 1 840
64 59280 61200 1 2 1920
65 62940 64800 4 0 1860
66 64920 66600 0 3 1680
67 66720 67560 3 1 840
68 67680 69600 1 2 1920
69 71340 73200 4 0 1860
70 73320 75000 0 3 1680
71 75120 75960 3 1 840
74 24120 25800 0 3 1680
75 25920 26760 3 1 840
76 26880 28800 1 2 1920
77 30360 32280 2 1 1920
78 32400 33240 1 3 840
79 33360 35040 3 0 1680
80 35160 37020 0 4 1860
81 38760 40680 2 1 1920
82 40800 41640 1 3 840
83 41760 43440 3 0 1680
84 43560 45420 0 4 1860
85 47160 49080 2 1 1920
86 49200 50040 1 3 840
87 50160 51840 3 0 1680
88 51960 53820 0 4 1860
89 55560 57480 2 1 1920
90 57600 58440 1 3 840
91 58560 60240 3 0 1680
92 60360 62220 0 4 1860
93 63960 65880 2 1 1920
94 66000 66840 1 3 840
95 66960 68640 3 0 1680
96 68760 70620 0 4 1860
97 72360 74280 2 1 1920
98 74400 75240 1 3 840
99 75360 77040 3 0 1680
104 32580 33420 3 1 840
105 35880 39660 4 3 3780
106 39780 40620 3 1 840
107 43080 46860 4 3 3780
108 46980 47820 3 1 840
109 50280 54060 4 3 3780
110 54180 55020 3 1 840
111 57480 61260 4 3 3780
112 61380 62220 3 1 840
113 64680 68460 4 3 3780
114 68580 69420 3 1 840
115 71880 75660 4 3 3780
116 75780 76620 3 1 840
123 31020 32820 5 3 1800
124 32940 33780 3 1 840
125 36120 38100 6 5 1980
126 38220 40020 5 3 1800
127 40140 40980 3 1 840
128 43320 45300 6 5 1980
129 45420 47220 5 3 1800
130 47340 48180 3 1 840
131 50520 52500 6 5 1980
132 52620 54420 5 3 1800
133 54540 55380 3 1 840
134 57720 59700 6 5 1980
135 59820 61620 5 3 1800
136 61740 62580 3 1 840
137 64920 66900 6 5 1980
138 67020 68820 5 3 1800
139 68940 69780 3 1 840
140 72120 74100 6 5 1980
141 74220 76020 5 3 1800
142 76140 76980 3 1 840
146 27960 29820 0 4 1860
147 30540 32400 4 0 1860
148 32520 34200 0 3 1680
149 34320 35160 3 1 840
150 35280 37200 1 2 1920
151 38940 40800 4 0 1860
152 40920 42600 0 3 1680
153 42720 43560 3 1 840
154 43680 45600 1 2 1920
155 47340 49200 4 0 1860
156 49320 51000 0 3 1680
157 51120 51960 3 1 840
158 52080 54000 1 2 1920
159 55740 57600 4 0 1860
160 57720 59400 0 3 1680
161 59520 60360 3 1 840
162 60480 62400 1 2 1920
163 64140 66000 4 0 1860
164 66120 67800 0 3 1680
165 67920 68760 3 1 840
166 68880 70800 1 2 1920
167 72540 74400 4 0 1860
168 74520 76200 0 3 1680
169 76320 77160 3 1 840
172 25320 27000 0 3 1680
173 27120 27960 3 1 840
174 28080 30000 1 2 1920
175 31560 33480 2 1 1920
176 33600 34440 1 3 840
177 34560 36240 3 0 1680
178 36360 38220 0 4 1860
179 39960 41880 2 1 1920
180 42000 42840 1 3 840
181 42960 44640 3 0 1680
182 44760 46620 0 4 1860
183 48360 50280 2 1 1920
184 50400 51240 1 3 840
185 51360 53040 3 0 1680
186 53160 55020 0 4 1860
187 56760 58680 2 1 1920
188 58800 59640 1 3 840
189 59760 61440 3 0 1680
190 61560 63420 0 4 1860
191 65160 67080 2 1 1920
192 67200 68040 1 3 840
193 68160 69840 3 0 1680
194 69960 71820 0 4 1860
195 73560 75480 2 1 1920
196 75600 76440 1 3 840
197 76560 78240 3 0 1680
201 27540 28380 3 1 840
202 30180 31020 1 3 840
203 31140 32940 3 5 1800
204 33060 35040 5 6 1980
205 37380 38220 1 3 840
206 38340 40140 3 5 1800
207 40260 42240 5 6 1980
208 44580 45420 1 3 840
209 45540 47340 3 5 1800
210 47460 49440 5 6 1980
211 51780 52620 1 3 840
212 52740 54540 3 5 1800
213 54660 56640 5 6 1980
214 58980 59820 1 3 840
215 59940 61740 3 5 1800
216 61860 63840 5 6 1980
217 66180 67020 1 3 840
218 67140 68940 3 5 1800
219 69060 71040 5 6 1980
220 73380 74220 1 3 840
221 74340 76140 3 5 1800
222 76260 78240 5 6 1980
225 27360 29040 3 0 1680
226 29160 31020 0 4 1860
227 31740 33600 4 0 1860
228 33720 35400 0 3 1680
229 35520 36360 3 1 840
230 36480 38400 1 2 1920
231 40140 42000 4 0 1860
232 42120 43800 0 3 1680
233 43920 44760 3 1 840
234 44880 46800 1 2 1920
235 48540 50400 4 0 1860
236 50520 52200 0 3 1680
237 52320 53160 3 1 840
238 53280 55200 1 2 1920
239 56940 58800 4 0 1860
240 58920 60600 0 3 1680
241 60720 61560 3 1 840
242 61680 63600 1 2 1920
243 65340 67200 4 0 1860
244 67320 69000 0 3 1680
245 69120 69960 3 1 840
246 70080 72000 1 2 1920
247 73740 75600 4 0 1860
248 75720 77400 0 3 1680
249 77520 78360 3 1 840
252 26520 28200 0 3 1680
253 28320 29160 3 1 840
254 29280 31200 1 2 1920
255 32760 34680 2 1 1920
256 34800 35640 1 3 840
257 35760 37440 3 0 1680
258 37560 39420 0 4 1860
259 41160 43080 2 1 1920
260 43200 44040 1 3 840
261 44160 45840 3 0 1680
262 45960 47820 0 4 1860
263 49560 51480 2 1 1920
264 51600 52440 1 3 840
265 52560 54240 3 0 1680
266 54360 56220 0 4 1860
267 57960 59880 2 1 1920
268 60000 60840 1 3 840
269 60960 62640 3 0 1680
270 62760 64620 0 4 1860
271 66360 68280 2 1 1920
272 68400 69240 1 3 840
273 69360 71040 3 0 1680
274 71160 73020 0 4 1860
275 74760 76680 2 1 1920
276 76800 77640 1 3 840
277 77760 79440 3 0 1680
281 27660 29640 5 6 1980
282 30720 32700 6 5 1980
283 32820 34620 5 3 1800
284 34740 35580 3 1 840
285 37920 39900 6 5 1980
286 40020 41820 5 3 1800
287 41940 42780 3 1 840
288 45120 47100 6 5 1980
289 47220 49020 5 3 1800
290 49140 49980 3 1 840
291 52320 54300 6 5 1980
292 54420 56220 5 3 1800
293 56340 57180 3 1 840
294 59520 61500 6 5 1980
295 61620 63420 5 3 1800
296 63540 64380 3 1 840
297 66720 68700 6 5 1980
298 68820 70620 5 3 1800
299 70740 71580 3 1 840
300 73920 75900 6 5 1980
301 76020 77820 5 3 1800
302 77940 78780 3 1 840
304 26760 29820 0 6 3060
305 32400 35460 6 0 3060
306 35700 37320 0 5 1620
307 39600 42660 6 0 3060
308 42900 44520 0 5 1620
309 46800 49860 6 0 3060
310 50100 51720 0 5 1620
311 54000 57060 6 0 3060
312 57300 58920 0 5 1620
313 61200 64260 6 0 3060
314 64500 66120 0 5 1620
315 68400 71460 6 0 3060
316 71700 73320 0 5 1620
317 75600 78660 6 0 3060
318 78900 80520 0 5 1620
320 28980 29820 3 1 840
321 33000 33840 1 3 840
322 33960 37740 3 4 3780
323 40200 41040 1 3 840
324 41160 44940 3 4 3780
325 47400 48240 1 3 840
326 48360 52140 3 4 3780
327 54600 55440 1 3 840
328 55560 59340 3 4 3780
329 61800 62640 1 3 840
330 62760 66540 3 4 3780
331 69000 69840 1 3 840
332 69960 73740 3 4 3780
333 76200 77040 1 3 840
336 28500 30120 0 5 1620
337 32220 33840 5 0 1620
338 33960 37020 0 6 3060
339 39420 41040 5 0 1620
340 41160 44220 0 6 3060
341 46620 48240 5 0 1620
342 48360 51420 0 6 3060
343 53820 55440 5 0 1620
344 55560 58620 0 6 3060
345 61020 62640 5 0 1620
346 62760 65820 0 6 3060
347 68220 69840 5 0 1620
348 69960 73020 0 6 3060
349 75420 77040 5 0 1620
352 27420 29220 5 3 1800
353 29340 30180 3 1 840
354 31980 32820 1 3 840
355 32940 34740 3 5 1800
356 34860 36840 5 6 1980
357 39180 40020 1 3 840
358 40140 41940 3 5 1800
359 42060 44040 5 6 1980
360 46380 47220 1 3 840
361 47340 49140 3 5 1800
362 49260 51240 5 6 1980
363 53580 54420 1 3 840
364 54540 56340 3 5 1800
365 56460 58440 5 6 1980
366 60780 61620 1 3 840
367 61740 63540 3 5 1800
368 63660 65640 5 6 1980
369 67980 68820 1 3 840
370 68940 70740 3 5 1800
371 70860 72840 5 6 1980
372 75180 76020 1 3 840
373 76140 77940 3 5 1800
376 27600 28440 1 3 840
377 28560 30240 3 0 1680
378 30360 32220 0 4 1860
379 32940 34800 4 0 1860
380 34920 36600 0 3 1680
381 36720 37560 3 1 840
382 37680 39600 1 2 1920
383 41340 43200 4 0 1860
384 43320 45000 0 3 1680
385 45120 45960 3 1 840
386 46080 48000 1 2 1920
387 49740 51600 4 0 1860
388 51720 53400 0 3 1680
389 53520 54360 3 1 840
390 54480 56400 1 2 1920
391 58140 60000 4 0 1860
392 60120 61800 0 3 1680
393 61920 62760 3 1 840
394 62880 64800 1 2 1920
395 66540 68400 4 0 1860
396 68520 70200 0 3 1680
397 70320 71160 3 1 840
398 71280 73200 1 2 1920
399 74940 76800 4 0 1860
400 76920 78600 0 3 1680
401 78720 79560 3 1 840
404 27720 29400 0 3 1680
405 29520 30360 3 1 840
406 30480 32400 1 2 1920
407 33960 35880 2 1 1920
408 36000 36840 1 3 840
409 36960 38640 3 0 1680
410 38760 40620 0 4 1860
411 42360 44280 2 1 1920
412 44400 45240 1 3 840
413 45360 47040 3 0 1680
414 47160 49020 0 4 1860
415 50760 52680 2 1 1920
416 52800 53640 1 3 840
417 53760 55440 3 0 1680
418 55560 57420 0 4 1860
419 59160 61080 2 1 1920
420 61200 62040 1 3 840
421 62160 63840 3 0 1680
422 63960 65820 0 4 1860
423 67560 69480 2 1 1920
424 69600 70440 1 3 840
425 70560 72240 3 0 1680
426 72360 74220 0 4 1860
427 75960 77880 2 1 1920
428 78000 78840 1 3 840
429 78960 80640 3 0 1680
432 26760 30540 3 4 3780
433 32280 36060 4 3 3780
434 36180 37020 3 1 840
435 39480 43260 4 3 3780
436 43380 44220 3 1 840
437 46680 50460 4 3 3780
438 50580 51420 3 1 840
439 53880 57660 4 3 3780
440 57780 58620 3 1 840
441 61080 64860 4 3 3780
442 64980 65820 3 1 840
443 68280 72060 4 3 3780
444 72180 73020 3 1 840
445 75480 79260 4 3 3780
448 27540 29340 3 5 1800
449 29460 31440 5 6 1980
450 32520 34500 6 5 1980
451 34620 36420 5 3 1800
452 36540 37380 3 1 840
453 39720 41700 6 5 1980
454 41820 43620 5 3 1800
455 43740 44580 3 1 840
456 46920 48900 6 5 1980
457 49020 50820 5 3 1800
458 50940 51780 3 1 840
459 54120 56100 6 5 1980
460 56220 58020 5 3 1800
461 58140 58980 3 1 840
462 61320 63300 6 5 1980
463 63420 65220 5 3 1800
464 65340 66180 3 1 840
465 68520 70500 6 5 1980
466 70620 72420 5 3 1800
467 72540 73380 3 1 840
468 75720 77700 6 5 1980
469 77820 79620 5 3 1800
472 28800 29640 1 3 840
473 29760 31440 3 0 1680
474 31560 33420 0 4 1860
475 34140 36000 4 0 1860
476 36120 37800 0 3 1680
477 37920 38760 3 1 840
478 38880 40800 1 2 1920
479 42540 44400 4 0 1860
480 44520 46200 0 3 1680
481 46320 47160 3 1 840
482 47280 49200 1 2 1920
483 50940 52800 4 0 1860
484 52920 54600 0 3 1680
485 54720 55560 3 1 840
486 55680 57600 1 2 1920
487 59340 61200 4 0 1860
488 61320 63000 0 3 1680
489 63120 63960 3 1 840
490 64080 66000 1 2 1920
491 67740 69600 4 0 1860
492 69720 71400 0 3 1680
493 71520 72360 3 1 840
494 72480 74400 1 2 1920
495 76140 78000 4 0 1860
496 78120 79800 0 3 1680
500 28920 30600 0 3 1680
501 30720 31560 3 1 840
502 31680 33600 1 2 1920
503 35160 37080 2 1 1920
504 37200 38040 1 3 840
505 38160 39840 3 0 1680
506 39960 41820 0 4 1860
507 43560 45480 2 1 1920
508 45600 46440 1 3 840
509 46560 48240 3 0 1680
510 48360 50220 0 4 1860
511 51960 53880 2 1 1920
512 54000 54840 1 3 840
513 54960 56640 3 0 1680
514 56760 58620 0 4 1860
515 60360 62280 2 1 1920
516 62400 63240 1 3 840
517 63360 65040 3 0 1680
518 65160 67020 0 4 1860
519 68760 70680 2 1 1920
520 70800 71640 1 3 840
521 71760 73440 3 0 1680
522 73560 75420 0 4 1860
523 77160 79080 2 1 1920
524 79200 80040 1 3 840
525 80160 81840 3 0 1680
528 29220 31020 5 3 1800
529 31140 31980 3 1 840
530 33780 34620 1 3 840
531 34740 36540 3 5 1800
532 36660 38640 5 6 1980
533 40980 41820 1 3 840
534 41940 43740 3 5 1800
535 43860 45840 5 6 1980
536 48180 49020 1 3 840
537 49140 50940 3 5 1800
538 51060 53040 5 6 1980
539 55380 56220 1 3 840
540 56340 58140 3 5 1800
541 58260 60240 5 6 1980
542 62580 63420 1 3 840
543 63540 65340 3 5 1800
544 65460 67440 5 6 1980
545 69780 70620 1 3 840
546 70740 72540 3 5 1800
547 72660 74640 5 6 1980
548 76980 77820 1 3 840
549 77940 79740 3 5 1800
552 30000 30840 1 3 840
553 30960 32640 3 0 1680
554 32760 34620 0 4 1860
555 35340 37200 4 0 1860
556 37320 39000 0 3 1680
557 39120 39960 3 1 840
558 40080 42000 1 2 1920
559 43740 45600 4 0 1860
560 45720 47400 0 3 1680
561 47520 48360 3 1 840
562 48480 50400 1 2 1920
563 52140 54000 4 0 1860
564 54120 55800 0 3 1680
565 55920 56760 3 1 840
566 56880 58800 1 2 1920
567 60540 62400 4 0 1860
568 62520 64200 0 3 1680
569 64320 65160 3 1 840
570 65280 67200 1 2 1920
571 68940 70800 4 0 1860
572 70920 72600 0 3 1680
573 72720 73560 3 1 840
574 73680 75600 1 2 1920
575 77340 79200 4 0 1860
580 30120 31800 0 3 1680
581 31920 32760 3 1 840
582 32880 34800 1 2 1920
583 36360 38280 2 1 1920
584 38400 39240 1 3 840
585 39360 41040 3 0 1680
586 41160 43020 0 4 1860
587 44760 46680 2 1 1920
588 46800 47640 1 3 840
589 47760 49440 3 0 1680
590 49560 51420 0 4 1860
591 53160 55080 2 1 1920
592 55200 56040 1 3 840
593 56160 57840 3 0 1680
594 57960 59820 0 4 1860
595 61560 63480 2 1 1920
596 63600 64440 1 3 840
597 64560 66240 3 0 1680
598 66360 68220 0 4 1860
599 69960 71880 2 1 1920
600 72000 72840 1 3 840
601 72960 74640 3 0 1680
602 74760 76620 0 4 1860
603 78360 80280 2 1 1920
604 80400 81240 1 3 840
605 81360 83040 3 0 1680
608 32100 33720 0 5 1620
609 35820 37440 5 0 1620
610 37560 40620 0 6 3060
612 31200 32040 1 3 840
613 32160 33840 3 0 1680
614 33960 35820 0 4 1860
615 36540 38400 4 0 1860
616 38520 40200 0 3 1680
617 40320 41160 3 1 840
618 41280 43200 1 2 1920
619 44940 46800 4 0 1860
620 46920 48600 0 3 1680
621 48720 49560 3 1 840
622 49680 51600 1 2 1920
623 53340 55200 4 0 1860
624 55320 57000 0 3 1680
625 57120 57960 3 1 840
626 58080 60000 1 2 1920
627 61740 63600 4 0 1860
628 63720 65400 0 3 1680
629 65520 66360 3 1 840
630 66480 68400 1 2 1920
631 70140 72000 4 0 1860
632 72120 73800 0 3 1680
633 73920 74760 3 1 840
634 74880 76800 1 2 1920
635 78540 80400 4 0 1860
639 29400 30240 1 3 840
640 30360 34140 3 4 3780
641 35880 39660 4 3 3780
642 39780 40620 3 1 840
643 34320 36300 6 5 1980
644 36420 38220 5 3 1800
645 38340 39180 3 1 840
646 40980 41820 1 3 840
647 41940 43740 3 5 1800
648 43860 45840 5 6 1980
649 36000 39060 6 0 3060
650 39300 40920 0 5 1620
651 43020 44640 5 0 1620
652 44760 47820 0 6 3060
653 36600 37440 1 3 840
654 37560 41340 3 4 3780
655 43080 46860 4 3 3780
656 46980 47820 3 1 840
657 37560 39480 2 1 1920
658 39600 40440 1 3 840
659 40560 42240 3 0 1680
660 42360 44220 0 4 1860
661 44940 46800 4 0 1860
662 46920 48600 0 3 1680
663 48720 49560 3 1 840
664 49680 51600 1 2 1920
665 41520 43500 6 5 1980
666 43620 45420 5 3 1800
667 45540 46380 3 1 840
668 48180 49020 1 3 840
669 49140 50940 3 5 1800
670 51060 53040 5 6 1980
671 43200 46260 6 0 3060
672 46500 48120 0 5 1620
673 50220 51840 5 0 1620
674 51960 55020 0 6 3060
675 43800 44640 1 3 840
676 44760 48540 3 4 3780
677 50280 54060 4 3 3780
678 54180 55020 3 1 840
679 45960 47880 2 1 1920
680 48000 48840 1 3 840
681 48960 50640 3 0 1680
682 50760 52620 0 4 1860
683 53340 55200 4 0 1860
684 55320 57000 0 3 1680
685 57120 57960 3 1 840
686 58080 60000 1 2 1920
687 48720 50700 6 5 1980
688 50820 52620 5 3 1800
689 52740 53580 3 1 840
690 55380 56220 1 3 840
691 56340 58140 3 5 1800
692 58260 60240 5 6 1980
693 50400 53460 6 0 3060
694 53700 55320 0 5 1620
695 57420 59040 5 0 1620
696 59160 62220 0 6 3060
697 51000 51840 1 3 840
698 51960 55740 3 4 3780
699 57480 61260 4 3 3780
700 61380 62220 3 1 840
701 54360 56280 2 1 1920
702 56400 57240 1 3 840
703 57360 59040 3 0 1680
704 59160 61020 0 4 1860
705 61740 63600 4 0 1860
706 63720 65400 0 3 1680
707 65520 66360 3 1 840
708 66480 68400 1 2 1920
709 55920 57900 6 5 1980
710 58020 59820 5 3 1800
711 59940 60780 3 1 840
712 62580 63420 1 3 840
713 63540 65340 3 5 1800
714 65460 67440 5 6 1980
715 57600 60660 6 0 3060
716 60900 62520 0 5 1620
717 64620 66240 5 0 1620
718 66360 69420 0 6 3060
719 58200 59040 1 3 840
720 59160 62940 3 4 3780
721 64680 68460 4 3 3780
722 68580 69420 3 1 840
723 62760 64680 2 1 1920
724 64800 65640 1 3 840
725 65760 67440 3 0 1680
726 67560 69420 0 4 1860
727 70140 72000 4 0 1860
728 72120 73800 0 3 1680
729 73920 74760 3 1 840
730 74880 76800 1 2 1920
731 63120 65100 6 5 1980
732 65220 67020 5 3 1800
733 67140 67980 3 1 840
734 69780 70620 1 3 840
735 70740 72540 3 5 1800
736 72660 74640 5 6 1980
737 64800 67860 6 0 3060
738 68100 69720 0 5 1620
739 71820 73440 5 0 1620
740 73560 76620 0 6 3060
741 65400 66240 1 3 840
742 66360 70140 3 4 3780
743 71880 75660 4 3 3780
744 75780 76620 3 1 840
745 70320 72300 6 5 1980
746 72420 74220 5 3 1800
747 74340 75180 3 1 840
748 76980 77820 1 3 840
749 77940 79740 3 5 1800
751 71160 73080 2 1 1920
752 73200 74040 1 3 840
753 74160 75840 3 0 1680
754 75960 77820 0 4 1860
755 78540 80400 4 0 1860
759 72000 75060 6 0 3060
760 75300 76920 0 5 1620
761 79020 80640 5 0 1620
763 72600 73440 1 3 840
764 73560 77340 3 4 3780
767 77520 79500 6 5 1980
773 79200 82260 6 0 3060
774 82500 84120 0 5 1620
775 86220 87840 5 0 1620
