1 24720 25860 1 2 1140
2 27060 28200 2 1 1140
3 28320 31320 1 6 3000
4 32460 33600 2 1 1140
5 33720 36720 1 6 3000
6 37860 39000 2 1 1140
7 39120 42120 1 6 3000
8 43260 44400 2 1 1140
9 44520 47520 1 6 3000
10 48660 49800 2 1 1140
11 49920 52920 1 6 3000
12 54060 55200 2 1 1140
13 55320 58320 1 6 3000
14 59460 60600 2 1 1140
15 60720 63720 1 6 3000
16 64860 66000 2 1 1140
17 66120 69120 1 6 3000
18 70260 71400 2 1 1140
19 71520 74520 1 6 3000
20 75660 76800 2 1 1140
23 22920 25920 1 6 3000
24 27000 30000 6 1 3000
25 30120 31260 1 2 1140
26 32400 35400 6 1 3000
27 35520 36660 1 2 1140
28 37800 40800 6 1 3000
29 40920 42060 1 2 1140
30 43200 46200 6 1 3000
31 46320 47460 1 2 1140
32 48600 51600 6 1 3000
33 51720 52860 1 2 1140
34 54000 57000 6 1 3000
35 57120 58260 1 2 1140
36 59400 62400 6 1 3000
37 62520 63660 1 2 1140
38 64800 67800 6 1 3000
39 67920 69060 1 2 1140
40 70200 73200 6 1 3000
41 73320 74460 1 2 1140
42 75600 78600 6 1 3000
43 78720 79860 1 2 1140
45 23700 26100 1 0 2400
46 26280 28380 0 6 2100
47 29760 31860 6 0 2100
48 31980 34380 0 1 2400
49 34500 36180 1 4 1680
50 36960 39060 6 0 2100
51 39180 41580 0 1 2400
52 41700 43380 1 4 1680
53 44160 46260 6 0 2100
54 46380 48780 0 1 2400
55 48900 50580 1 4 1680
56 51360 53460 6 0 2100
57 53580 55980 0 1 2400
58 56100 57780 1 4 1680
59 58560 60660 6 0 2100
60 60780 63180 0 1 2400
61 63300 64980 1 4 1680
62 65760 67860 6 0 2100
63 67980 70380 0 1 2400
64 70500 72180 1 4 1680
65 72960 75060 6 0 2100
66 75180 77580 0 1 2400
67 77700 79380 1 4 1680
70 27300 28980 1 4 1680
71 32700 34380 4 1 1680
72 34500 36900 1 0 2400
73 37080 39180 0 6 2100
74 39900 41580 4 1 1680
75 41700 44100 1 0 2400
76 44280 46380 0 6 2100
77 47100 48780 4 1 1680
78 48900 51300 1 0 2400
79 51480 53580 0 6 2100
80 54300 55980 4 1 1680
81 56100 58500 1 0 2400
82 58680 60780 0 6 2100
83 61500 63180 4 1 1680
84 63300 65700 1 0 2400
85 65880 67980 0 6 2100
86 68700 70380 4 1 1680
87 70500 72900 1 0 2400
88 73080 75180 0 6 2100
89 75900 77580 4 1 1680
94 28200 29340 2 1 1140
95 29460 31860 1 0 2400
96 33780 36180 0 1 2400
97 36300 37440 1 2 1140
98 37560 39480 2 3 1920
99 39600 42840 3 5 3240
100 44580 46980 0 1 2400
101 47100 48240 1 2 1140
102 48360 50280 2 3 1920
103 50400 53640 3 5 3240
104 55380 57780 0 1 2400
105 57900 59040 1 2 1140
106 59160 61080 2 3 1920
107 61200 64440 3 5 3240
108 66180 68580 0 1 2400
109 68700 69840 1 2 1140
110 69960 71880 2 3 1920
111 72000 75240 3 5 3240
112 76980 79380 0 1 2400
113 79500 80640 1 2 1140
117 25500 26640 1 2 1140
118 26760 28680 2 3 1920
119 28800 32040 3 5 3240
120 33600 36840 5 3 3240
121 36960 38880 3 2 1920
122 39000 40140 2 1 1140
123 40260 42660 1 0 2400
124 44400 47640 5 3 3240
125 47760 49680 3 2 1920
126 49800 50940 2 1 1140
127 51060 53460 1 0 2400
128 55200 58440 5 3 3240
129 58560 60480 3 2 1920
130 60600 61740 2 1 1140
131 61860 64260 1 0 2400
132 66000 69240 5 3 3240
133 69360 71280 3 2 1920
134 71400 72540 2 1 1140
135 72660 75060 1 0 2400
136 76800 80040 5 3 3240
137 80160 82080 3 2 1920
138 82200 83340 2 1 1140
140 23040 24720 1 4 1680
141 24960 27240 4 3 2280
142 28740 31020 3 4 2280
143 31140 32820 4 1 1680
144 34140 36420 3 4 2280
145 36540 38220 4 1 1680
146 39540 41820 3 4 2280
147 41940 43620 4 1 1680
148 44940 47220 3 4 2280
149 47340 49020 4 1 1680
150 50340 52620 3 4 2280
151 52740 54420 4 1 1680
152 55740 58020 3 4 2280
153 58140 59820 4 1 1680
154 61140 63420 3 4 2280
155 63540 65220 4 1 1680
156 66540 68820 3 4 2280
157 68940 70620 4 1 1680
158 71940 74220 3 4 2280
159 74340 76020 4 1 1680
160 77340 79620 3 4 2280
161 79740 81420 4 1 1680
163 25740 27420 4 1 1680
164 28440 30120 1 4 1680
165 30360 32640 4 3 2280
166 33840 35520 1 4 1680
167 35760 38040 4 3 2280
168 39240 40920 1 4 1680
169 41160 43440 4 3 2280
170 44640 46320 1 4 1680
171 46560 48840 4 3 2280
172 50040 51720 1 4 1680
173 51960 54240 4 3 2280
174 55440 57120 1 4 1680
175 57360 59640 4 3 2280
176 60840 62520 1 4 1680
177 62760 65040 4 3 2280
178 66240 67920 1 4 1680
179 68160 70440 4 3 2280
180 71640 73320 1 4 1680
181 73560 75840 4 3 2280
182 77040 78720 1 4 1680
183 78960 81240 4 3 2280
185 26520 27660 1 2 1140
186 28860 30000 2 1 1140
187 30120 33120 1 6 3000
188 34260 35400 2 1 1140
189 35520 38520 1 6 3000
190 39660 40800 2 1 1140
191 40920 43920 1 6 3000
192 45060 46200 2 1 1140
193 46320 49320 1 6 3000
194 50460 51600 2 1 1140
195 51720 54720 1 6 3000
196 55860 57000 2 1 1140
197 57120 60120 1 6 3000
198 61260 62400 2 1 1140
199 62520 65520 1 6 3000
200 66660 67800 2 1 1140
201 67920 70920 1 6 3000
202 72060 73200 2 1 1140
203 73320 76320 1 6 3000
204 77460 78600 2 1 1140
207 24720 27720 1 6 3000
208 28800 31800 6 1 3000
209 31920 33060 1 2 1140
210 34200 37200 6 1 3000
211 37320 38460 1 2 1140
212 39600 42600 6 1 3000
213 42720 43860 1 2 1140
214 45000 48000 6 1 3000
215 48120 49260 1 2 1140
216 50400 53400 6 1 3000
217 53520 54660 1 2 1140
218 55800 58800 6 1 3000
219 58920 60060 1 2 1140
220 61200 64200 6 1 3000
221 64320 65460 1 2 1140
222 66600 69600 6 1 3000
223 69720 70860 1 2 1140
224 72000 75000 6 1 3000
225 75120 76260 1 2 1140
226 77400 80400 6 1 3000
227 80520 81660 1 2 1140
229 27960 29880 3 2 1920
230 30000 31140 2 1 1140
231 31260 33660 1 0 2400
232 35580 37980 0 1 2400
233 38100 39240 1 2 1140
234 39360 41280 2 3 1920
235 41400 44640 3 5 3240
236 46380 48780 0 1 2400
237 48900 50040 1 2 1140
238 50160 52080 2 3 1920
239 52200 55440 3 5 3240
240 57180 59580 0 1 2400
241 59700 60840 1 2 1140
242 60960 62880 2 3 1920
243 63000 66240 3 5 3240
244 67980 70380 0 1 2400
245 70500 71640 1 2 1140
246 71760 73680 2 3 1920
247 73800 77040 3 5 3240
248 78780 81180 0 1 2400
249 81300 82440 1 2 1140
253 27300 28440 1 2 1140
254 28560 30480 2 3 1920
255 30600 33840 3 5 3240
256 35400 38640 5 3 3240
257 38760 40680 3 2 1920
258 40800 41940 2 1 1140
259 42060 44460 1 0 2400
260 46200 49440 5 3 3240
261 49560 51480 3 2 1920
262 51600 52740 2 1 1140
263 52860 55260 1 0 2400
264 57000 60240 5 3 3240
265 60360 62280 3 2 1920
266 62400 63540 2 1 1140
267 63660 66060 1 0 2400
268 67800 71040 5 3 3240
269 71160 73080 3 2 1920
270 73200 74340 2 1 1140
271 74460 76860 1 0 2400
272 78600 81840 5 3 3240
273 81960 83880 3 2 1920
274 84000 85140 2 1 1140
276 24840 26520 1 4 1680
277 26760 29040 4 3 2280
278 30540 32820 3 4 2280
279 32940 34620 4 1 1680
280 35940 38220 3 4 2280
281 38340 40020 4 1 1680
282 41340 43620 3 4 2280
283 43740 45420 4 1 1680
284 46740 49020 3 4 2280
285 49140 50820 4 1 1680
286 52140 54420 3 4 2280
287 54540 56220 4 1 1680
288 57540 59820 3 4 2280
289 59940 61620 4 1 1680
290 62940 65220 3 4 2280
291 65340 67020 4 1 1680
292 68340 70620 3 4 2280
293 70740 72420 4 1 1680
294 73740 76020 3 4 2280
295 76140 77820 4 1 1680
296 79140 81420 3 4 2280
297 81540 83220 4 1 1680
299 27540 29220 4 1 1680
300 30240 31920 1 4 1680
301 32160 34440 4 3 2280
302 35640 37320 1 4 1680
303 37560 39840 4 3 2280
304 41040 42720 1 4 1680
305 42960 45240 4 3 2280
306 46440 48120 1 4 1680
307 48360 50640 4 3 2280
308 51840 53520 1 4 1680
309 53760 56040 4 3 2280
310 57240 58920 1 4 1680
311 59160 61440 4 3 2280
312 62640 64320 1 4 1680
313 64560 66840 4 3 2280
314 68040 69720 1 4 1680
315 69960 72240 4 3 2280
316 73440 75120 1 4 1680
317 75360 77640 4 3 2280
318 78840 80520 1 4 1680
321 28320 29460 1 2 1140
322 30660 31800 2 1 1140
323 31920 34920 1 6 3000
324 36060 37200 2 1 1140
325 37320 40320 1 6 3000
326 41460 42600 2 1 1140
327 42720 45720 1 6 3000
328 46860 48000 2 1 1140
329 48120 51120 1 6 3000
330 52260 53400 2 1 1140
331 53520 56520 1 6 3000
332 57660 58800 2 1 1140
333 58920 61920 1 6 3000
334 63060 64200 2 1 1140
335 64320 67320 1 6 3000
336 68460 69600 2 1 1140
337 69720 72720 1 6 3000
338 73860 75000 2 1 1140
339 75120 78120 1 6 3000
340 79200 82200 6 1 3000
341 82320 83460 1 2 1140
342 84660 85800 2 1 1140
345 26520 29520 1 6 3000
346 30600 33600 6 1 3000
347 33720 34860 1 2 1140
348 36000 39000 6 1 3000
349 39120 40260 1 2 1140
350 41400 44400 6 1 3000
351 44520 45660 1 2 1140
352 46800 49800 6 1 3000
353 49920 51060 1 2 1140
354 52200 55200 6 1 3000
355 55320 56460 1 2 1140
356 57600 60600 6 1 3000
357 60720 61860 1 2 1140
358 63000 66000 6 1 3000
359 66120 67260 1 2 1140
360 68400 71400 6 1 3000
361 71520 72660 1 2 1140
362 73800 76800 6 1 3000
363 76920 78060 1 2 1140
364 25500 27180 4 1 1680
365 27300 29700 1 0 2400
366 29880 31980 0 6 2100
367 33360 35460 6 0 2100
368 35580 37980 0 1 2400
369 38100 39780 1 4 1680
370 40560 42660 6 0 2100
371 42780 45180 0 1 2400
372 45300 46980 1 4 1680
373 47760 49860 6 0 2100
374 49980 52380 0 1 2400
375 52500 54180 1 4 1680
376 54960 57060 6 0 2100
377 57180 59580 0 1 2400
378 59700 61380 1 4 1680
379 62160 64260 6 0 2100
380 64380 66780 0 1 2400
381 66900 68580 1 4 1680
382 69360 71460 6 0 2100
383 71580 73980 0 1 2400
384 74100 75780 1 4 1680
385 76560 78660 6 0 2100
386 78780 81180 0 1 2400
389 28380 30780 0 1 2400
390 30900 32580 1 4 1680
391 36300 37980 4 1 1680
392 38100 40500 1 0 2400
393 40680 42780 0 6 2100
394 43500 45180 4 1 1680
395 45300 47700 1 0 2400
396 47880 49980 0 6 2100
397 50700 52380 4 1 1680
398 52500 54900 1 0 2400
399 55080 57180 0 6 2100
400 57900 59580 4 1 1680
401 59700 62100 1 0 2400
402 62280 64380 0 6 2100
403 65100 66780 4 1 1680
404 66900 69300 1 0 2400
405 69480 71580 0 6 2100
406 72300 73980 4 1 1680
407 74100 76500 1 0 2400
410 29760 31680 3 2 1920
411 31800 32940 2 1 1140
412 33060 35460 1 0 2400
413 37380 39780 0 1 2400
414 39900 41040 1 2 1140
415 41160 43080 2 3 1920
416 43200 46440 3 5 3240
417 48180 50580 0 1 2400
418 50700 51840 1 2 1140
419 51960 53880 2 3 1920
420 54000 57240 3 5 3240
421 58980 61380 0 1 2400
422 61500 62640 1 2 1140
423 62760 64680 2 3 1920
424 64800 68040 3 5 3240
425 69780 72180 0 1 2400
426 72300 73440 1 2 1140
427 73560 75480 2 3 1920
430 29100 30240 1 2 1140
431 30360 32280 2 3 1920
432 32400 35640 3 5 3240
433 37200 40440 5 3 3240
434 40560 42480 3 2 1920
435 42600 43740 2 1 1140
436 43860 46260 1 0 2400
437 48000 51240 5 3 3240
438 51360 53280 3 2 1920
439 53400 54540 2 1 1140
440 54660 57060 1 0 2400
441 58800 62040 5 3 3240
442 62160 64080 3 2 1920
443 64200 65340 2 1 1140
444 65460 67860 1 0 2400
445 69600 72840 5 3 3240
446 72960 74880 3 2 1920
447 75000 76140 2 1 1140
449 26640 28320 1 4 1680
450 28560 30840 4 3 2280
451 32340 34620 3 4 2280
452 34740 36420 4 1 1680
453 37740 40020 3 4 2280
454 40140 41820 4 1 1680
455 43140 45420 3 4 2280
456 45540 47220 4 1 1680
457 48540 50820 3 4 2280
458 50940 52620 4 1 1680
459 53940 56220 3 4 2280
460 56340 58020 4 1 1680
461 59340 61620 3 4 2280
462 61740 63420 4 1 1680
463 64740 67020 3 4 2280
464 67140 68820 4 1 1680
465 70140 72420 3 4 2280
466 72540 74220 4 1 1680
467 75540 77820 3 4 2280
468 77940 79620 4 1 1680
470 29340 31020 4 1 1680
471 32040 33720 1 4 1680
472 33960 36240 4 3 2280
473 37440 39120 1 4 1680
474 39360 41640 4 3 2280
475 42840 44520 1 4 1680
476 44760 47040 4 3 2280
477 48240 49920 1 4 1680
478 50160 52440 4 3 2280
479 53640 55320 1 4 1680
480 55560 57840 4 3 2280
481 59040 60720 1 4 1680
482 60960 63240 4 3 2280
483 64440 66120 1 4 1680
484 66360 68640 4 3 2280
485 69840 71520 1 4 1680
486 71760 74040 4 3 2280
487 75240 76920 1 4 1680
488 77160 79440 4 3 2280
490 31560 33480 3 2 1920
491 33600 34740 2 1 1140
492 34860 37260 1 0 2400
493 39180 41580 0 1 2400
494 41700 42840 1 2 1140
495 42960 44880 2 3 1920
496 45000 48240 3 5 3240
497 49980 52380 0 1 2400
498 52500 53640 1 2 1140
499 53760 55680 2 3 1920
500 55800 59040 3 5 3240
501 60780 63180 0 1 2400
502 63300 64440 1 2 1140
503 64560 66480 2 3 1920
504 66600 69840 3 5 3240
505 71580 73980 0 1 2400
506 74100 75240 1 2 1140
507 75360 77280 2 3 1920
509 28380 30780 0 1 2400
510 30900 32040 1 2 1140
511 32160 34080 2 3 1920
512 34200 37440 3 5 3240
513 39000 42240 5 3 3240
514 42360 44280 3 2 1920
515 44400 45540 2 1 1140
516 45660 48060 1 0 2400
517 49800 53040 5 3 3240
518 53160 55080 3 2 1920
519 55200 56340 2 1 1140
520 56460 58860 1 0 2400
521 60600 63840 5 3 3240
522 63960 65880 3 2 1920
523 66000 67140 2 1 1140
524 67260 69660 1 0 2400
525 71400 74640 5 3 3240
526 74760 76680 3 2 1920
527 76800 77940 2 1 1140
529 29100 30780 4 1 1680
530 30900 33300 1 0 2400
531 33480 35580 0 6 2100
532 36960 39060 6 0 2100
533 39180 41580 0 1 2400
534 41700 43380 1 4 1680
536 33360 35280 3 2 1920
537 35400 36540 2 1 1140
538 36660 39060 1 0 2400
539 40980 43380 0 1 2400
540 43500 44640 1 2 1140
541 44760 46680 2 3 1920
542 46800 50040 3 5 3240
543 51780 54180 0 1 2400
544 54300 55440 1 2 1140
545 55560 57480 2 3 1920
546 57600 60840 3 5 3240
547 62580 64980 0 1 2400
548 65100 66240 1 2 1140
549 66360 68280 2 3 1920
550 68400 71640 3 5 3240
551 73380 75780 0 1 2400
552 75900 77040 1 2 1140
553 77160 79080 2 3 1920
555 30180 32580 0 1 2400
556 32700 33840 1 2 1140
557 33960 35880 2 3 1920
558 36000 39240 3 5 3240
559 40800 44040 5 3 3240
560 44160 46080 3 2 1920
561 46200 47340 2 1 1140
562 47460 49860 1 0 2400
563 51600 54840 5 3 3240
564 54960 56880 3 2 1920
565 57000 58140 2 1 1140
566 58260 60660 1 0 2400
567 62400 65640 5 3 3240
568 65760 67680 3 2 1920
569 67800 68940 2 1 1140
570 69060 71460 1 0 2400
571 73200 76440 5 3 3240
572 76560 78480 3 2 1920
573 78600 79740 2 1 1140
576 35160 37080 3 2 1920
577 37200 38340 2 1 1140
578 38460 40860 1 0 2400
579 42780 45180 0 1 2400
580 45300 46440 1 2 1140
581 46560 48480 2 3 1920
582 48600 51840 3 5 3240
583 53580 55980 0 1 2400
584 56100 57240 1 2 1140
585 57360 59280 2 3 1920
586 59400 62640 3 5 3240
587 64380 66780 0 1 2400
588 66900 68040 1 2 1140
589 68160 70080 2 3 1920
590 70200 73440 3 5 3240
591 75180 77580 0 1 2400
592 77700 78840 1 2 1140
593 78960 80880 2 3 1920
595 31980 34380 0 1 2400
596 34500 35640 1 2 1140
597 35760 37680 2 3 1920
598 37800 41040 3 5 3240
599 42600 45840 5 3 3240
600 45960 47880 3 2 1920
601 48000 49140 2 1 1140
602 49260 51660 1 0 2400
603 53400 56640 5 3 3240
604 56760 58680 3 2 1920
605 58800 59940 2 1 1140
606 60060 62460 1 0 2400
607 64200 67440 5 3 3240
608 67560 69480 3 2 1920
609 69600 70740 2 1 1140
610 70860 73260 1 0 2400
611 75000 78240 5 3 3240
612 78360 80280 3 2 1920
613 80400 81540 2 1 1140
