0 22680 25200 0 1 2520
1 26280 28800 1 0 2520
2 29880 32400 1 0 2520
3 33480 36000 1 0 2520
4 37080 39600 1 0 2520
5 40680 43200 1 0 2520
6 44280 46800 1 0 2520
7 47880 50400 1 0 2520
8 51480 54000 1 0 2520
9 55080 57600 1 0 2520
10 58680 61200 1 0 2520
11 62280 64800 1 0 2520
12 65880 68400 1 0 2520
13 69480 72000 1 0 2520
14 73080 75600 1 0 2520
15 76680 79200 1 0 2520
16 26280 28800 0 1 2520
17 29880 32400 0 1 2520
18 33480 36000 0 1 2520
19 37080 39600 0 1 2520
20 40680 43200 0 1 2520
21 44280 46800 0 1 2520
22 47880 50400 0 1 2520
23 51480 54000 0 1 2520
24 55080 57600 0 1 2520
25 58680 61200 0 1 2520
26 62280 64800 0 1 2520
27 65880 68400 0 1 2520
28 69480 72000 0 1 2520
29 73080 75600 0 1 2520
30 23880 26400 0 1 2520
31 27480 30000 1 0 2520
32 31080 33600 1 0 2520
33 34680 37200 1 0 2520
34 38280 40800 1 0 2520
35 41880 44400 1 0 2520
36 45480 48000 1 0 2520
37 49080 51600 1 0 2520
38 52680 55200 1 0 2520
39 56280 58800 1 0 2520
40 59880 62400 1 0 2520
41 63480 66000 1 0 2520
42 67080 69600 1 0 2520
43 70680 73200 1 0 2520
44 74280 76800 1 0 2520
45 77880 80400 1 0 2520
46 27480 30000 0 1 2520
47 31080 33600 0 1 2520
48 34680 37200 0 1 2520
49 38280 40800 0 1 2520
50 41880 44400 0 1 2520
51 45480 48000 0 1 2520
52 49080 51600 0 1 2520
53 52680 55200 0 1 2520
54 56280 58800 0 1 2520
55 59880 62400 0 1 2520
56 63480 66000 0 1 2520
57 67080 69600 0 1 2520
58 70680 73200 0 1 2520
59 74280 76800 0 1 2520
60 25080 27600 0 1 2520
61 28680 31200 1 0 2520
62 32280 34800 1 0 2520
63 35880 38400 1 0 2520
64 39480 42000 1 0 2520
65 43080 45600 1 0 2520
66 46680 49200 1 0 2520
67 50280 52800 1 0 2520
68 53880 56400 1 0 2520
69 57480 60000 1 0 2520
70 61080 63600 1 0 2520
71 64680 67200 1 0 2520
72 68280 70800 1 0 2520
73 71880 74400 1 0 2520
74 75480 78000 1 0 2520
75 79080 81600 1 0 2520
76 28680 31200 0 1 2520
77 32280 34800 0 1 2520
78 35880 38400 0 1 2520
79 39480 42000 0 1 2520
80 43080 45600 0 1 2520
81 46680 49200 0 1 2520
82 50280 52800 0 1 2520
83 53880 56400 0 1 2520
84 57480 60000 0 1 2520
85 61080 63600 0 1 2520
86 64680 67200 0 1 2520
87 68280 70800 0 1 2520
88 71880 74400 0 1 2520
89 75480 78000 0 1 2520
