0 SOURCE 0 0 -1 -1 1320 30120
1 SOURCE 0 42 -1 -1 1320 30120
2 SOURCE 0 82 -1 -1 1320 30120
3 SOURCE 0 22 -1 -1 1320 30120
4 SOURCE 0 63 -1 -1 1320 30120
5 SOURCE 0 103 -1 -1 1320 30120
6 SOURCE 0 23 -1 -1 1320 30120
7 SOURCE 0 64 -1 -1 1320 30120
8 SOURCE 0 104 -1 -1 1320 30120
9 SOURCE 0 24 -1 -1 1320 30120
10 SOURCE 0 65 -1 -1 1320 30120
11 SOURCE 0 105 -1 -1 1320 30120
12 SOURCE 0 25 -1 -1 1320 30120
13 SOURCE 0 66 -1 -1 1320 30120
14 SOURCE 0 106 -1 -1 1320 30120
15 SOURCE 0 26 -1 -1 1320 30120
16 SOURCE 0 67 -1 -1 1320 30120
17 SOURCE 0 107 -1 -1 1320 30120
18 SOURCE 0 27 -1 -1 1320 30120
19 SOURCE 0 68 -1 -1 1320 30120
20 SOURCE 0 108 -1 -1 1320 30120
21 SOURCE 0 28 -1 -1 1320 30120
22 SOURCE 0 69 -1 -1 1320 30120
23 SOURCE 0 109 -1 -1 1320 30120
24 SOURCE 0 29 -1 -1 1320 30120
25 SOURCE 0 70 -1 -1 1320 30120
26 SOURCE 0 110 -1 -1 1320 30120
27 SOURCE 0 30 -1 -1 1320 30120
28 SOURCE 0 71 -1 -1 1320 30120
29 SOURCE 0 111 -1 -1 1320 30120
30 SOURCE 0 31 -1 -1 1320 30120
31 SOURCE 0 72 -1 -1 1320 30120
32 SOURCE 0 112 -1 -1 1320 30120
33 SOURCE 0 32 -1 -1 1320 30120
34 SOURCE 0 73 -1 -1 1320 30120
35 SOURCE 0 113 -1 -1 1320 30120
36 SOURCE 0 33 -1 -1 1320 30120
37 SOURCE 0 74 -1 -1 1320 30120
38 SOURCE 0 114 -1 -1 1320 30120
39 SOURCE 0 34 -1 -1 1320 30120
40 SOURCE 0 75 -1 -1 1320 30120
41 SOURCE 0 115 -1 -1 1320 30120
42 SOURCE 0 35 -1 -1 1320 30120
43 SOURCE 0 76 -1 -1 1320 30120
44 SOURCE 0 116 -1 -1 1320 30120
45 SOURCE 0 36 -1 -1 1320 30120
46 SOURCE 0 77 -1 -1 1320 30120
47 SOURCE 0 117 -1 -1 1320 30120
48 SOURCE 0 37 -1 -1 1320 30120
49 SOURCE 0 78 -1 -1 1320 30120
50 SOURCE 0 118 -1 -1 1320 30120
51 SOURCE 0 38 -1 -1 1320 30120
52 SOURCE 0 79 -1 -1 1320 30120
53 SOURCE 0 119 -1 -1 1320 30120
54 SOURCE 0 39 -1 -1 1320 30120
55 SOURCE 0 80 -1 -1 1320 30120
56 SOURCE 0 120 -1 -1 1320 30120
57 SOURCE 0 40 -1 -1 1320 30120
58 SOURCE 0 81 -1 -1 1320 30120
59 SOURCE 0 121 -1 -1 1320 30120
60 SOURCE 0 41 -1 -1 1320 30120
61 CONNECTION 0 1 -1 -1 2700 2700
62 CONNECTION 0 43 -1 -1 3600 3600
63 CONNECTION 0 83 300 2400 4500 4500
64 CONNECTION 0 2 300 3300 5400 5400
65 CONNECTION 0 44 300 4200 6300 6300
66 CONNECTION 0 84 300 5100 7200 7200
67 CONNECTION 0 3 300 6000 8100 8100
68 CONNECTION 42 43 -1 -1 2700 2700
69 CONNECTION 42 83 -1 -1 3600 3600
70 CONNECTION 42 2 300 2400 4500 4500
71 CONNECTION 42 44 300 3300 5400 5400
72 CONNECTION 42 84 300 4200 6300 6300
73 CONNECTION 42 3 300 5100 7200 7200
74 CONNECTION 42 45 300 6000 8100 8100
75 CONNECTION 82 83 -1 -1 2700 2700
76 CONNECTION 82 2 -1 -1 3600 3600
77 CONNECTION 82 44 300 2400 4500 4500
78 CONNECTION 82 84 300 3300 5400 5400
79 CONNECTION 82 3 300 4200 6300 6300
80 CONNECTION 82 45 300 5100 7200 7200
81 CONNECTION 82 85 300 6000 8100 8100
82 CONNECTION 1 23 -1 -1 2700 2700
83 CONNECTION 1 64 -1 -1 3600 3600
84 CONNECTION 1 104 300 2400 4500 4500
85 CONNECTION 1 24 300 3300 5400 5400
86 CONNECTION 1 65 300 4200 6300 6300
87 CONNECTION 1 105 300 5100 7200 7200
88 CONNECTION 1 25 300 6000 8100 8100
89 SINK 1 0 -1 -1 0 0
90 CONNECTION 22 2 -1 -1 2700 2700
91 CONNECTION 22 44 -1 -1 3600 3600
92 CONNECTION 22 84 300 2400 4500 4500
93 CONNECTION 22 3 300 3300 5400 5400
94 CONNECTION 22 45 300 4200 6300 6300
95 CONNECTION 22 85 300 5100 7200 7200
96 CONNECTION 22 4 300 6000 8100 8100
97 CONNECTION 43 64 -1 -1 2700 2700
98 CONNECTION 43 104 -1 -1 3600 3600
99 CONNECTION 43 24 300 2400 4500 4500
100 CONNECTION 43 65 300 3300 5400 5400
101 CONNECTION 43 105 300 4200 6300 6300
102 CONNECTION 43 25 300 5100 7200 7200
103 CONNECTION 43 66 300 6000 8100 8100
104 SINK 43 0 -1 -1 0 0
105 CONNECTION 63 44 -1 -1 2700 2700
106 CONNECTION 63 84 -1 -1 3600 3600
107 CONNECTION 63 3 300 2400 4500 4500
108 CONNECTION 63 45 300 3300 5400 5400
109 CONNECTION 63 85 300 4200 6300 6300
110 CONNECTION 63 4 300 5100 7200 7200
111 CONNECTION 63 46 300 6000 8100 8100
112 CONNECTION 83 104 -1 -1 2700 2700
113 CONNECTION 83 24 -1 -1 3600 3600
114 CONNECTION 83 65 300 2400 4500 4500
115 CONNECTION 83 105 300 3300 5400 5400
116 CONNECTION 83 25 300 4200 6300 6300
117 CONNECTION 83 66 300 5100 7200 7200
118 CONNECTION 83 106 300 6000 8100 8100
119 SINK 83 0 -1 -1 0 0
120 CONNECTION 103 84 -1 -1 2700 2700
121 CONNECTION 103 3 -1 -1 3600 3600
122 CONNECTION 103 45 300 2400 4500 4500
123 CONNECTION 103 85 300 3300 5400 5400
124 CONNECTION 103 4 300 4200 6300 6300
125 CONNECTION 103 46 300 5100 7200 7200
126 CONNECTION 103 86 300 6000 8100 8100
127 CONNECTION 2 24 -1 -1 2700 2700
128 CONNECTION 2 65 -1 -1 3600 3600
129 CONNECTION 2 105 300 2400 4500 4500
130 CONNECTION 2 25 300 3300 5400 5400
131 CONNECTION 2 66 300 4200 6300 6300
132 CONNECTION 2 106 300 5100 7200 7200
133 CONNECTION 2 26 300 6000 8100 8100
134 SINK 2 0 -1 -1 0 0
135 CONNECTION 23 3 -1 -1 2700 2700
136 CONNECTION 23 45 -1 -1 3600 3600
137 CONNECTION 23 85 300 2400 4500 4500
138 CONNECTION 23 4 300 3300 5400 5400
139 CONNECTION 23 46 300 4200 6300 6300
140 CONNECTION 23 86 300 5100 7200 7200
141 CONNECTION 23 5 300 6000 8100 8100
142 CONNECTION 44 65 -1 -1 2700 2700
143 CONNECTION 44 105 -1 -1 3600 3600
144 CONNECTION 44 25 300 2400 4500 4500
145 CONNECTION 44 66 300 3300 5400 5400
146 CONNECTION 44 106 300 4200 6300 6300
147 CONNECTION 44 26 300 5100 7200 7200
148 CONNECTION 44 67 300 6000 8100 8100
149 SINK 44 0 -1 -1 0 0
150 CONNECTION 64 45 -1 -1 2700 2700
151 CONNECTION 64 85 -1 -1 3600 3600
152 CONNECTION 64 4 300 2400 4500 4500
153 CONNECTION 64 46 300 3300 5400 5400
154 CONNECTION 64 86 300 4200 6300 6300
155 CONNECTION 64 5 300 5100 7200 7200
156 CONNECTION 64 47 300 6000 8100 8100
157 CONNECTION 84 105 -1 -1 2700 2700
158 CONNECTION 84 25 -1 -1 3600 3600
159 CONNECTION 84 66 300 2400 4500 4500
160 CONNECTION 84 106 300 3300 5400 5400
161 CONNECTION 84 26 300 4200 6300 6300
162 CONNECTION 84 67 300 5100 7200 7200
163 CONNECTION 84 107 300 6000 8100 8100
164 SINK 84 0 -1 -1 0 0
165 CONNECTION 104 85 -1 -1 2700 2700
166 CONNECTION 104 4 -1 -1 3600 3600
167 CONNECTION 104 46 300 2400 4500 4500
168 CONNECTION 104 86 300 3300 5400 5400
169 CONNECTION 104 5 300 4200 6300 6300
170 CONNECTION 104 47 300 5100 7200 7200
171 CONNECTION 104 87 300 6000 8100 8100
172 CONNECTION 3 25 -1 -1 2700 2700
173 CONNECTION 3 66 -1 -1 3600 3600
174 CONNECTION 3 106 300 2400 4500 4500
175 CONNECTION 3 26 300 3300 5400 5400
176 CONNECTION 3 67 300 4200 6300 6300
177 CONNECTION 3 107 300 5100 7200 7200
178 CONNECTION 3 27 300 6000 8100 8100
179 SINK 3 0 -1 -1 0 0
180 CONNECTION 24 4 -1 -1 2700 2700
181 CONNECTION 24 46 -1 -1 3600 3600
182 CONNECTION 24 86 300 2400 4500 4500
183 CONNECTION 24 5 300 3300 5400 5400
184 CONNECTION 24 47 300 4200 6300 6300
185 CONNECTION 24 87 300 5100 7200 7200
186 CONNECTION 24 6 300 6000 8100 8100
187 CONNECTION 45 66 -1 -1 2700 2700
188 CONNECTION 45 106 -1 -1 3600 3600
189 CONNECTION 45 26 300 2400 4500 4500
190 CONNECTION 45 67 300 3300 5400 5400
191 CONNECTION 45 107 300 4200 6300 6300
192 CONNECTION 45 27 300 5100 7200 7200
193 CONNECTION 45 68 300 6000 8100 8100
194 SINK 45 0 -1 -1 0 0
195 CONNECTION 65 46 -1 -1 2700 2700
196 CONNECTION 65 86 -1 -1 3600 3600
197 CONNECTION 65 5 300 2400 4500 4500
198 CONNECTION 65 47 300 3300 5400 5400
199 CONNECTION 65 87 300 4200 6300 6300
200 CONNECTION 65 6 300 5100 7200 7200
201 CONNECTION 65 48 300 6000 8100 8100
202 CONNECTION 85 106 -1 -1 2700 2700
203 CONNECTION 85 26 -1 -1 3600 3600
204 CONNECTION 85 67 300 2400 4500 4500
205 CONNECTION 85 107 300 3300 5400 5400
206 CONNECTION 85 27 300 4200 6300 6300
207 CONNECTION 85 68 300 5100 7200 7200
208 CONNECTION 85 108 300 6000 8100 8100
209 SINK 85 0 -1 -1 0 0
210 CONNECTION 105 86 -1 -1 2700 2700
211 CONNECTION 105 5 -1 -1 3600 3600
212 CONNECTION 105 47 300 2400 4500 4500
213 CONNECTION 105 87 300 3300 5400 5400
214 CONNECTION 105 6 300 4200 6300 6300
215 CONNECTION 105 48 300 5100 7200 7200
216 CONNECTION 105 88 300 6000 8100 8100
217 CONNECTION 4 26 -1 -1 2700 2700
218 CONNECTION 4 67 -1 -1 3600 3600
219 CONNECTION 4 107 300 2400 4500 4500
220 CONNECTION 4 27 300 3300 5400 5400
221 CONNECTION 4 68 300 4200 6300 6300
222 CONNECTION 4 108 300 5100 7200 7200
223 CONNECTION 4 28 300 6000 8100 8100
224 SINK 4 0 -1 -1 0 0
225 CONNECTION 25 5 -1 -1 2700 2700
226 CONNECTION 25 47 -1 -1 3600 3600
227 CONNECTION 25 87 300 2400 4500 4500
228 CONNECTION 25 6 300 3300 5400 5400
229 CONNECTION 25 48 300 4200 6300 6300
230 CONNECTION 25 88 300 5100 7200 7200
231 CONNECTION 25 7 300 6000 8100 8100
232 CONNECTION 46 67 -1 -1 2700 2700
233 CONNECTION 46 107 -1 -1 3600 3600
234 CONNECTION 46 27 300 2400 4500 4500
235 CONNECTION 46 68 300 3300 5400 5400
236 CONNECTION 46 108 300 4200 6300 6300
237 CONNECTION 46 28 300 5100 7200 7200
238 CONNECTION 46 69 300 6000 8100 8100
239 SINK 46 0 -1 -1 0 0
240 CONNECTION 66 47 -1 -1 2700 2700
241 CONNECTION 66 87 -1 -1 3600 3600
242 CONNECTION 66 6 300 2400 4500 4500
243 CONNECTION 66 48 300 3300 5400 5400
244 CONNECTION 66 88 300 4200 6300 6300
245 CONNECTION 66 7 300 5100 7200 7200
246 CONNECTION 66 49 300 6000 8100 8100
247 CONNECTION 86 107 -1 -1 2700 2700
248 CONNECTION 86 27 -1 -1 3600 3600
249 CONNECTION 86 68 300 2400 4500 4500
250 CONNECTION 86 108 300 3300 5400 5400
251 CONNECTION 86 28 300 4200 6300 6300
252 CONNECTION 86 69 300 5100 7200 7200
253 CONNECTION 86 109 300 6000 8100 8100
254 SINK 86 0 -1 -1 0 0
255 CONNECTION 106 87 -1 -1 2700 2700
256 CONNECTION 106 6 -1 -1 3600 3600
257 CONNECTION 106 48 300 2400 4500 4500
258 CONNECTION 106 88 300 3300 5400 5400
259 CONNECTION 106 7 300 4200 6300 6300
260 CONNECTION 106 49 300 5100 7200 7200
261 CONNECTION 106 89 300 6000 8100 8100
262 CONNECTION 5 27 -1 -1 2700 2700
263 CONNECTION 5 68 -1 -1 3600 3600
264 CONNECTION 5 108 300 2400 4500 4500
265 CONNECTION 5 28 300 3300 5400 5400
266 CONNECTION 5 69 300 4200 6300 6300
267 CONNECTION 5 109 300 5100 7200 7200
268 CONNECTION 5 29 300 6000 8100 8100
269 SINK 5 0 -1 -1 0 0
270 CONNECTION 26 6 -1 -1 2700 2700
271 CONNECTION 26 48 -1 -1 3600 3600
272 CONNECTION 26 88 300 2400 4500 4500
273 CONNECTION 26 7 300 3300 5400 5400
274 CONNECTION 26 49 300 4200 6300 6300
275 CONNECTION 26 89 300 5100 7200 7200
276 CONNECTION 26 8 300 6000 8100 8100
277 CONNECTION 47 68 -1 -1 2700 2700
278 CONNECTION 47 108 -1 -1 3600 3600
279 CONNECTION 47 28 300 2400 4500 4500
280 CONNECTION 47 69 300 3300 5400 5400
281 CONNECTION 47 109 300 4200 6300 6300
282 CONNECTION 47 29 300 5100 7200 7200
283 CONNECTION 47 70 300 6000 8100 8100
284 SINK 47 0 -1 -1 0 0
285 CONNECTION 67 48 -1 -1 2700 2700
286 CONNECTION 67 88 -1 -1 3600 3600
287 CONNECTION 67 7 300 2400 4500 4500
288 CONNECTION 67 49 300 3300 5400 5400
289 CONNECTION 67 89 300 4200 6300 6300
290 CONNECTION 67 8 300 5100 7200 7200
291 CONNECTION 67 50 300 6000 8100 8100
292 CONNECTION 87 108 -1 -1 2700 2700
293 CONNECTION 87 28 -1 -1 3600 3600
294 CONNECTION 87 69 300 2400 4500 4500
295 CONNECTION 87 109 300 3300 5400 5400
296 CONNECTION 87 29 300 4200 6300 6300
297 CONNECTION 87 70 300 5100 7200 7200
298 CONNECTION 87 110 300 6000 8100 8100
299 SINK 87 0 -1 -1 0 0
300 CONNECTION 107 88 -1 -1 2700 2700
301 CONNECTION 107 7 -1 -1 3600 3600
302 CONNECTION 107 49 300 2400 4500 4500
303 CONNECTION 107 89 300 3300 5400 5400
304 CONNECTION 107 8 300 4200 6300 6300
305 CONNECTION 107 50 300 5100 7200 7200
306 CONNECTION 107 90 300 6000 8100 8100
307 CONNECTION 6 28 -1 -1 2700 2700
308 CONNECTION 6 69 -1 -1 3600 3600
309 CONNECTION 6 109 300 2400 4500 4500
310 CONNECTION 6 29 300 3300 5400 5400
311 CONNECTION 6 70 300 4200 6300 6300
312 CONNECTION 6 110 300 5100 7200 7200
313 CONNECTION 6 30 300 6000 8100 8100
314 SINK 6 0 -1 -1 0 0
315 CONNECTION 27 7 -1 -1 2700 2700
316 CONNECTION 27 49 -1 -1 3600 3600
317 CONNECTION 27 89 300 2400 4500 4500
318 CONNECTION 27 8 300 3300 5400 5400
319 CONNECTION 27 50 300 4200 6300 6300
320 CONNECTION 27 90 300 5100 7200 7200
321 CONNECTION 27 9 300 6000 8100 8100
322 CONNECTION 48 69 -1 -1 2700 2700
323 CONNECTION 48 109 -1 -1 3600 3600
324 CONNECTION 48 29 300 2400 4500 4500
325 CONNECTION 48 70 300 3300 5400 5400
326 CONNECTION 48 110 300 4200 6300 6300
327 CONNECTION 48 30 300 5100 7200 7200
328 CONNECTION 48 71 300 6000 8100 8100
329 SINK 48 0 -1 -1 0 0
330 CONNECTION 68 49 -1 -1 2700 2700
331 CONNECTION 68 89 -1 -1 3600 3600
332 CONNECTION 68 8 300 2400 4500 4500
333 CONNECTION 68 50 300 3300 5400 5400
334 CONNECTION 68 90 300 4200 6300 6300
335 CONNECTION 68 9 300 5100 7200 7200
336 CONNECTION 68 51 300 6000 8100 8100
337 CONNECTION 88 109 -1 -1 2700 2700
338 CONNECTION 88 29 -1 -1 3600 3600
339 CONNECTION 88 70 300 2400 4500 4500
340 CONNECTION 88 110 300 3300 5400 5400
341 CONNECTION 88 30 300 4200 6300 6300
342 CONNECTION 88 71 300 5100 7200 7200
343 CONNECTION 88 111 300 6000 8100 8100
344 SINK 88 0 -1 -1 0 0
345 CONNECTION 108 89 -1 -1 2700 2700
346 CONNECTION 108 8 -1 -1 3600 3600
347 CONNECTION 108 50 300 2400 4500 4500
348 CONNECTION 108 90 300 3300 5400 5400
349 CONNECTION 108 9 300 4200 6300 6300
350 CONNECTION 108 51 300 5100 7200 7200
351 CONNECTION 108 91 300 6000 8100 8100
352 CONNECTION 7 29 -1 -1 2700 2700
353 CONNECTION 7 70 -1 -1 3600 3600
354 CONNECTION 7 110 300 2400 4500 4500
355 CONNECTION 7 30 300 3300 5400 5400
356 CONNECTION 7 71 300 4200 6300 6300
357 CONNECTION 7 111 300 5100 7200 7200
358 CONNECTION 7 31 300 6000 8100 8100
359 SINK 7 0 -1 -1 0 0
360 CONNECTION 28 8 -1 -1 2700 2700
361 CONNECTION 28 50 -1 -1 3600 3600
362 CONNECTION 28 90 300 2400 4500 4500
363 CONNECTION 28 9 300 3300 5400 5400
364 CONNECTION 28 51 300 4200 6300 6300
365 CONNECTION 28 91 300 5100 7200 7200
366 CONNECTION 28 10 300 6000 8100 8100
367 CONNECTION 49 70 -1 -1 2700 2700
368 CONNECTION 49 110 -1 -1 3600 3600
369 CONNECTION 49 30 300 2400 4500 4500
370 CONNECTION 49 71 300 3300 5400 5400
371 CONNECTION 49 111 300 4200 6300 6300
372 CONNECTION 49 31 300 5100 7200 7200
373 CONNECTION 49 72 300 6000 8100 8100
374 SINK 49 0 -1 -1 0 0
375 CONNECTION 69 50 -1 -1 2700 2700
376 CONNECTION 69 90 -1 -1 3600 3600
377 CONNECTION 69 9 300 2400 4500 4500
378 CONNECTION 69 51 300 3300 5400 5400
379 CONNECTION 69 91 300 4200 6300 6300
380 CONNECTION 69 10 300 5100 7200 7200
381 CONNECTION 69 52 300 6000 8100 8100
382 CONNECTION 89 110 -1 -1 2700 2700
383 CONNECTION 89 30 -1 -1 3600 3600
384 CONNECTION 89 71 300 2400 4500 4500
385 CONNECTION 89 111 300 3300 5400 5400
386 CONNECTION 89 31 300 4200 6300 6300
387 CONNECTION 89 72 300 5100 7200 7200
388 CONNECTION 89 112 300 6000 8100 8100
389 SINK 89 0 -1 -1 0 0
390 CONNECTION 109 90 -1 -1 2700 2700
391 CONNECTION 109 9 -1 -1 3600 3600
392 CONNECTION 109 51 300 2400 4500 4500
393 CONNECTION 109 91 300 3300 5400 5400
394 CONNECTION 109 10 300 4200 6300 6300
395 CONNECTION 109 52 300 5100 7200 7200
396 CONNECTION 109 92 300 6000 8100 8100
397 CONNECTION 8 30 -1 -1 2700 2700
398 CONNECTION 8 71 -1 -1 3600 3600
399 CONNECTION 8 111 300 2400 4500 4500
400 CONNECTION 8 31 300 3300 5400 5400
401 CONNECTION 8 72 300 4200 6300 6300
402 CONNECTION 8 112 300 5100 7200 7200
403 CONNECTION 8 32 300 6000 8100 8100
404 SINK 8 0 -1 -1 0 0
405 CONNECTION 29 9 -1 -1 2700 2700
406 CONNECTION 29 51 -1 -1 3600 3600
407 CONNECTION 29 91 300 2400 4500 4500
408 CONNECTION 29 10 300 3300 5400 5400
409 CONNECTION 29 52 300 4200 6300 6300
410 CONNECTION 29 92 300 5100 7200 7200
411 CONNECTION 29 11 300 6000 8100 8100
412 CONNECTION 50 71 -1 -1 2700 2700
413 CONNECTION 50 111 -1 -1 3600 3600
414 CONNECTION 50 31 300 2400 4500 4500
415 CONNECTION 50 72 300 3300 5400 5400
416 CONNECTION 50 112 300 4200 6300 6300
417 CONNECTION 50 32 300 5100 7200 7200
418 CONNECTION 50 73 300 6000 8100 8100
419 SINK 50 0 -1 -1 0 0
420 CONNECTION 70 51 -1 -1 2700 2700
421 CONNECTION 70 91 -1 -1 3600 3600
422 CONNECTION 70 10 300 2400 4500 4500
423 CONNECTION 70 52 300 3300 5400 5400
424 CONNECTION 70 92 300 4200 6300 6300
425 CONNECTION 70 11 300 5100 7200 7200
426 CONNECTION 70 53 300 6000 8100 8100
427 CONNECTION 90 111 -1 -1 2700 2700
428 CONNECTION 90 31 -1 -1 3600 3600
429 CONNECTION 90 72 300 2400 4500 4500
430 CONNECTION 90 112 300 3300 5400 5400
431 CONNECTION 90 32 300 4200 6300 6300
432 CONNECTION 90 73 300 5100 7200 7200
433 CONNECTION 90 113 300 6000 8100 8100
434 SINK 90 0 -1 -1 0 0
435 CONNECTION 110 91 -1 -1 2700 2700
436 CONNECTION 110 10 -1 -1 3600 3600
437 CONNECTION 110 52 300 2400 4500 4500
438 CONNECTION 110 92 300 3300 5400 5400
439 CONNECTION 110 11 300 4200 6300 6300
440 CONNECTION 110 53 300 5100 7200 7200
441 CONNECTION 110 93 300 6000 8100 8100
442 CONNECTION 9 31 -1 -1 2700 2700
443 CONNECTION 9 72 -1 -1 3600 3600
444 CONNECTION 9 112 300 2400 4500 4500
445 CONNECTION 9 32 300 3300 5400 5400
446 CONNECTION 9 73 300 4200 6300 6300
447 CONNECTION 9 113 300 5100 7200 7200
448 CONNECTION 9 33 300 6000 8100 8100
449 SINK 9 0 -1 -1 0 0
450 CONNECTION 30 10 -1 -1 2700 2700
451 CONNECTION 30 52 -1 -1 3600 3600
452 CONNECTION 30 92 300 2400 4500 4500
453 CONNECTION 30 11 300 3300 5400 5400
454 CONNECTION 30 53 300 4200 6300 6300
455 CONNECTION 30 93 300 5100 7200 7200
456 CONNECTION 30 12 300 6000 8100 8100
457 CONNECTION 51 72 -1 -1 2700 2700
458 CONNECTION 51 112 -1 -1 3600 3600
459 CONNECTION 51 32 300 2400 4500 4500
460 CONNECTION 51 73 300 3300 5400 5400
461 CONNECTION 51 113 300 4200 6300 6300
462 CONNECTION 51 33 300 5100 7200 7200
463 CONNECTION 51 74 300 6000 8100 8100
464 SINK 51 0 -1 -1 0 0
465 CONNECTION 71 52 -1 -1 2700 2700
466 CONNECTION 71 92 -1 -1 3600 3600
467 CONNECTION 71 11 300 2400 4500 4500
468 CONNECTION 71 53 300 3300 5400 5400
469 CONNECTION 71 93 300 4200 6300 6300
470 CONNECTION 71 12 300 5100 7200 7200
471 CONNECTION 71 54 300 6000 8100 8100
472 CONNECTION 91 112 -1 -1 2700 2700
473 CONNECTION 91 32 -1 -1 3600 3600
474 CONNECTION 91 73 300 2400 4500 4500
475 CONNECTION 91 113 300 3300 5400 5400
476 CONNECTION 91 33 300 4200 6300 6300
477 CONNECTION 91 74 300 5100 7200 7200
478 CONNECTION 91 114 300 6000 8100 8100
479 SINK 91 0 -1 -1 0 0
480 CONNECTION 111 92 -1 -1 2700 2700
481 CONNECTION 111 11 -1 -1 3600 3600
482 CONNECTION 111 53 300 2400 4500 4500
483 CONNECTION 111 93 300 3300 5400 5400
484 CONNECTION 111 12 300 4200 6300 6300
485 CONNECTION 111 54 300 5100 7200 7200
486 CONNECTION 111 94 300 6000 8100 8100
487 CONNECTION 10 32 -1 -1 2700 2700
488 CONNECTION 10 73 -1 -1 3600 3600
489 CONNECTION 10 113 300 2400 4500 4500
490 CONNECTION 10 33 300 3300 5400 5400
491 CONNECTION 10 74 300 4200 6300 6300
492 CONNECTION 10 114 300 5100 7200 7200
493 CONNECTION 10 34 300 6000 8100 8100
494 SINK 10 0 -1 -1 0 0
495 CONNECTION 31 11 -1 -1 2700 2700
496 CONNECTION 31 53 -1 -1 3600 3600
497 CONNECTION 31 93 300 2400 4500 4500
498 CONNECTION 31 12 300 3300 5400 5400
499 CONNECTION 31 54 300 4200 6300 6300
500 CONNECTION 31 94 300 5100 7200 7200
501 CONNECTION 31 13 300 6000 8100 8100
502 CONNECTION 52 73 -1 -1 2700 2700
503 CONNECTION 52 113 -1 -1 3600 3600
504 CONNECTION 52 33 300 2400 4500 4500
505 CONNECTION 52 74 300 3300 5400 5400
506 CONNECTION 52 114 300 4200 6300 6300
507 CONNECTION 52 34 300 5100 7200 7200
508 CONNECTION 52 75 300 6000 8100 8100
509 SINK 52 0 -1 -1 0 0
510 CONNECTION 72 53 -1 -1 2700 2700
511 CONNECTION 72 93 -1 -1 3600 3600
512 CONNECTION 72 12 300 2400 4500 4500
513 CONNECTION 72 54 300 3300 5400 5400
514 CONNECTION 72 94 300 4200 6300 6300
515 CONNECTION 72 13 300 5100 7200 7200
516 CONNECTION 72 55 300 6000 8100 8100
517 CONNECTION 92 113 -1 -1 2700 2700
518 CONNECTION 92 33 -1 -1 3600 3600
519 CONNECTION 92 74 300 2400 4500 4500
520 CONNECTION 92 114 300 3300 5400 5400
521 CONNECTION 92 34 300 4200 6300 6300
522 CONNECTION 92 75 300 5100 7200 7200
523 CONNECTION 92 115 300 6000 8100 8100
524 SINK 92 0 -1 -1 0 0
525 CONNECTION 112 93 -1 -1 2700 2700
526 CONNECTION 112 12 -1 -1 3600 3600
527 CONNECTION 112 54 300 2400 4500 4500
528 CONNECTION 112 94 300 3300 5400 5400
529 CONNECTION 112 13 300 4200 6300 6300
530 CONNECTION 112 55 300 5100 7200 7200
531 CONNECTION 112 95 300 6000 8100 8100
532 CONNECTION 11 33 -1 -1 2700 2700
533 CONNECTION 11 74 -1 -1 3600 3600
534 CONNECTION 11 114 300 2400 4500 4500
535 CONNECTION 11 34 300 3300 5400 5400
536 CONNECTION 11 75 300 4200 6300 6300
537 CONNECTION 11 115 300 5100 7200 7200
538 CONNECTION 11 35 300 6000 8100 8100
539 SINK 11 0 -1 -1 0 0
540 CONNECTION 32 12 -1 -1 2700 2700
541 CONNECTION 32 54 -1 -1 3600 3600
542 CONNECTION 32 94 300 2400 4500 4500
543 CONNECTION 32 13 300 3300 5400 5400
544 CONNECTION 32 55 300 4200 6300 6300
545 CONNECTION 32 95 300 5100 7200 7200
546 CONNECTION 32 14 300 6000 8100 8100
547 CONNECTION 53 74 -1 -1 2700 2700
548 CONNECTION 53 114 -1 -1 3600 3600
549 CONNECTION 53 34 300 2400 4500 4500
550 CONNECTION 53 75 300 3300 5400 5400
551 CONNECTION 53 115 300 4200 6300 6300
552 CONNECTION 53 35 300 5100 7200 7200
553 CONNECTION 53 76 300 6000 8100 8100
554 SINK 53 0 -1 -1 0 0
555 CONNECTION 73 54 -1 -1 2700 2700
556 CONNECTION 73 94 -1 -1 3600 3600
557 CONNECTION 73 13 300 2400 4500 4500
558 CONNECTION 73 55 300 3300 5400 5400
559 CONNECTION 73 95 300 4200 6300 6300
560 CONNECTION 73 14 300 5100 7200 7200
561 CONNECTION 73 56 300 6000 8100 8100
562 CONNECTION 93 114 -1 -1 2700 2700
563 CONNECTION 93 34 -1 -1 3600 3600
564 CONNECTION 93 75 300 2400 4500 4500
565 CONNECTION 93 115 300 3300 5400 5400
566 CONNECTION 93 35 300 4200 6300 6300
567 CONNECTION 93 76 300 5100 7200 7200
568 CONNECTION 93 116 300 6000 8100 8100
569 SINK 93 0 -1 -1 0 0
570 CONNECTION 113 94 -1 -1 2700 2700
571 CONNECTION 113 13 -1 -1 3600 3600
572 CONNECTION 113 55 300 2400 4500 4500
573 CONNECTION 113 95 300 3300 5400 5400
574 CONNECTION 113 14 300 4200 6300 6300
575 CONNECTION 113 56 300 5100 7200 7200
576 CONNECTION 113 96 300 6000 8100 8100
577 CONNECTION 12 34 -1 -1 2700 2700
578 CONNECTION 12 75 -1 -1 3600 3600
579 CONNECTION 12 115 300 2400 4500 4500
580 CONNECTION 12 35 300 3300 5400 5400
581 CONNECTION 12 76 300 4200 6300 6300
582 CONNECTION 12 116 300 5100 7200 7200
583 CONNECTION 12 36 300 6000 8100 8100
584 SINK 12 0 -1 -1 0 0
585 CONNECTION 33 13 -1 -1 2700 2700
586 CONNECTION 33 55 -1 -1 3600 3600
587 CONNECTION 33 95 300 2400 4500 4500
588 CONNECTION 33 14 300 3300 5400 5400
589 CONNECTION 33 56 300 4200 6300 6300
590 CONNECTION 33 96 300 5100 7200 7200
591 CONNECTION 33 15 300 6000 8100 8100
592 CONNECTION 54 75 -1 -1 2700 2700
593 CONNECTION 54 115 -1 -1 3600 3600
594 CONNECTION 54 35 300 2400 4500 4500
595 CONNECTION 54 76 300 3300 5400 5400
596 CONNECTION 54 116 300 4200 6300 6300
597 CONNECTION 54 36 300 5100 7200 7200
598 CONNECTION 54 77 300 6000 8100 8100
599 SINK 54 0 -1 -1 0 0
600 CONNECTION 74 55 -1 -1 2700 2700
601 CONNECTION 74 95 -1 -1 3600 3600
602 CONNECTION 74 14 300 2400 4500 4500
603 CONNECTION 74 56 300 3300 5400 5400
604 CONNECTION 74 96 300 4200 6300 6300
605 CONNECTION 74 15 300 5100 7200 7200
606 CONNECTION 74 57 300 6000 8100 8100
607 CONNECTION 94 115 -1 -1 2700 2700
608 CONNECTION 94 35 -1 -1 3600 3600
609 CONNECTION 94 76 300 2400 4500 4500
610 CONNECTION 94 116 300 3300 5400 5400
611 CONNECTION 94 36 300 4200 6300 6300
612 CONNECTION 94 77 300 5100 7200 7200
613 CONNECTION 94 117 300 6000 8100 8100
614 SINK 94 0 -1 -1 0 0
615 CONNECTION 114 95 -1 -1 2700 2700
616 CONNECTION 114 14 -1 -1 3600 3600
617 CONNECTION 114 56 300 2400 4500 4500
618 CONNECTION 114 96 300 3300 5400 5400
619 CONNECTION 114 15 300 4200 6300 6300
620 CONNECTION 114 57 300 5100 7200 7200
621 CONNECTION 114 97 300 6000 8100 8100
622 CONNECTION 13 35 -1 -1 2700 2700
623 CONNECTION 13 76 -1 -1 3600 3600
624 CONNECTION 13 116 300 2400 4500 4500
625 CONNECTION 13 36 300 3300 5400 5400
626 CONNECTION 13 77 300 4200 6300 6300
627 CONNECTION 13 117 300 5100 7200 7200
628 CONNECTION 13 37 300 6000 8100 8100
629 SINK 13 0 -1 -1 0 0
630 CONNECTION 34 14 -1 -1 2700 2700
631 CONNECTION 34 56 -1 -1 3600 3600
632 CONNECTION 34 96 300 2400 4500 4500
633 CONNECTION 34 15 300 3300 5400 5400
634 CONNECTION 34 57 300 4200 6300 6300
635 CONNECTION 34 97 300 5100 7200 7200
636 CONNECTION 34 16 300 6000 8100 8100
637 CONNECTION 55 76 -1 -1 2700 2700
638 CONNECTION 55 116 -1 -1 3600 3600
639 CONNECTION 55 36 300 2400 4500 4500
640 CONNECTION 55 77 300 3300 5400 5400
641 CONNECTION 55 117 300 4200 6300 6300
642 CONNECTION 55 37 300 5100 7200 7200
643 CONNECTION 55 78 300 6000 8100 8100
644 SINK 55 0 -1 -1 0 0
645 CONNECTION 75 56 -1 -1 2700 2700
646 CONNECTION 75 96 -1 -1 3600 3600
647 CONNECTION 75 15 300 2400 4500 4500
648 CONNECTION 75 57 300 3300 5400 5400
649 CONNECTION 75 97 300 4200 6300 6300
650 CONNECTION 75 16 300 5100 7200 7200
651 CONNECTION 75 58 300 6000 8100 8100
652 CONNECTION 95 116 -1 -1 2700 2700
653 CONNECTION 95 36 -1 -1 3600 3600
654 CONNECTION 95 77 300 2400 4500 4500
655 CONNECTION 95 117 300 3300 5400 5400
656 CONNECTION 95 37 300 4200 6300 6300
657 CONNECTION 95 78 300 5100 7200 7200
658 CONNECTION 95 118 300 6000 8100 8100
659 SINK 95 0 -1 -1 0 0
660 CONNECTION 115 96 -1 -1 2700 2700
661 CONNECTION 115 15 -1 -1 3600 3600
662 CONNECTION 115 57 300 2400 4500 4500
663 CONNECTION 115 97 300 3300 5400 5400
664 CONNECTION 115 16 300 4200 6300 6300
665 CONNECTION 115 58 300 5100 7200 7200
666 CONNECTION 115 98 300 6000 8100 8100
667 CONNECTION 14 36 -1 -1 2700 2700
668 CONNECTION 14 77 -1 -1 3600 3600
669 CONNECTION 14 117 300 2400 4500 4500
670 CONNECTION 14 37 300 3300 5400 5400
671 CONNECTION 14 78 300 4200 6300 6300
672 CONNECTION 14 118 300 5100 7200 7200
673 CONNECTION 14 38 300 6000 8100 8100
674 SINK 14 0 -1 -1 0 0
675 CONNECTION 35 15 -1 -1 2700 2700
676 CONNECTION 35 57 -1 -1 3600 3600
677 CONNECTION 35 97 300 2400 4500 4500
678 CONNECTION 35 16 300 3300 5400 5400
679 CONNECTION 35 58 300 4200 6300 6300
680 CONNECTION 35 98 300 5100 7200 7200
681 CONNECTION 35 17 300 6000 8100 8100
682 CONNECTION 56 77 -1 -1 2700 2700
683 CONNECTION 56 117 -1 -1 3600 3600
684 CONNECTION 56 37 300 2400 4500 4500
685 CONNECTION 56 78 300 3300 5400 5400
686 CONNECTION 56 118 300 4200 6300 6300
687 CONNECTION 56 38 300 5100 7200 7200
688 CONNECTION 56 79 300 6000 8100 8100
689 SINK 56 0 -1 -1 0 0
690 CONNECTION 76 57 -1 -1 2700 2700
691 CONNECTION 76 97 -1 -1 3600 3600
692 CONNECTION 76 16 300 2400 4500 4500
693 CONNECTION 76 58 300 3300 5400 5400
694 CONNECTION 76 98 300 4200 6300 6300
695 CONNECTION 76 17 300 5100 7200 7200
696 CONNECTION 76 59 300 6000 8100 8100
697 CONNECTION 96 117 -1 -1 2700 2700
698 CONNECTION 96 37 -1 -1 3600 3600
699 CONNECTION 96 78 300 2400 4500 4500
700 CONNECTION 96 118 300 3300 5400 5400
701 CONNECTION 96 38 300 4200 6300 6300
702 CONNECTION 96 79 300 5100 7200 7200
703 CONNECTION 96 119 300 6000 8100 8100
704 SINK 96 0 -1 -1 0 0
705 CONNECTION 116 97 -1 -1 2700 2700
706 CONNECTION 116 16 -1 -1 3600 3600
707 CONNECTION 116 58 300 2400 4500 4500
708 CONNECTION 116 98 300 3300 5400 5400
709 CONNECTION 116 17 300 4200 6300 6300
710 CONNECTION 116 59 300 5100 7200 7200
711 CONNECTION 116 99 300 6000 8100 8100
712 CONNECTION 15 37 -1 -1 2700 2700
713 CONNECTION 15 78 -1 -1 3600 3600
714 CONNECTION 15 118 300 2400 4500 4500
715 CONNECTION 15 38 300 3300 5400 5400
716 CONNECTION 15 79 300 4200 6300 6300
717 CONNECTION 15 119 300 5100 7200 7200
718 CONNECTION 15 39 300 6000 8100 8100
719 SINK 15 0 -1 -1 0 0
720 CONNECTION 36 16 -1 -1 2700 2700
721 CONNECTION 36 58 -1 -1 3600 3600
722 CONNECTION 36 98 300 2400 4500 4500
723 CONNECTION 36 17 300 3300 5400 5400
724 CONNECTION 36 59 300 4200 6300 6300
725 CONNECTION 36 99 300 5100 7200 7200
726 CONNECTION 36 18 300 6000 8100 8100
727 CONNECTION 57 78 -1 -1 2700 2700
728 CONNECTION 57 118 -1 -1 3600 3600
729 CONNECTION 57 38 300 2400 4500 4500
730 CONNECTION 57 79 300 3300 5400 5400
731 CONNECTION 57 119 300 4200 6300 6300
732 CONNECTION 57 39 300 5100 7200 7200
733 CONNECTION 57 80 300 6000 8100 8100
734 SINK 57 0 -1 -1 0 0
735 CONNECTION 77 58 -1 -1 2700 2700
736 CONNECTION 77 98 -1 -1 3600 3600
737 CONNECTION 77 17 300 2400 4500 4500
738 CONNECTION 77 59 300 3300 5400 5400
739 CONNECTION 77 99 300 4200 6300 6300
740 CONNECTION 77 18 300 5100 7200 7200
741 CONNECTION 77 60 300 6000 8100 8100
742 CONNECTION 97 118 -1 -1 2700 2700
743 CONNECTION 97 38 -1 -1 3600 3600
744 CONNECTION 97 79 300 2400 4500 4500
745 CONNECTION 97 119 300 3300 5400 5400
746 CONNECTION 97 39 300 4200 6300 6300
747 CONNECTION 97 80 300 5100 7200 7200
748 CONNECTION 97 120 300 6000 8100 8100
749 SINK 97 0 -1 -1 0 0
750 CONNECTION 117 98 -1 -1 2700 2700
751 CONNECTION 117 17 -1 -1 3600 3600
752 CONNECTION 117 59 300 2400 4500 4500
753 CONNECTION 117 99 300 3300 5400 5400
754 CONNECTION 117 18 300 4200 6300 6300
755 CONNECTION 117 60 300 5100 7200 7200
756 CONNECTION 117 100 300 6000 8100 8100
757 CONNECTION 16 38 -1 -1 2700 2700
758 CONNECTION 16 79 -1 -1 3600 3600
759 CONNECTION 16 119 300 2400 4500 4500
760 CONNECTION 16 39 300 3300 5400 5400
761 CONNECTION 16 80 300 4200 6300 6300
762 CONNECTION 16 120 300 5100 7200 7200
763 CONNECTION 16 40 300 6000 8100 8100
764 SINK 16 0 -1 -1 0 0
765 CONNECTION 37 17 -1 -1 2700 2700
766 CONNECTION 37 59 -1 -1 3600 3600
767 CONNECTION 37 99 300 2400 4500 4500
768 CONNECTION 37 18 300 3300 5400 5400
769 CONNECTION 37 60 300 4200 6300 6300
770 CONNECTION 37 100 300 5100 7200 7200
771 CONNECTION 37 19 300 6000 8100 8100
772 CONNECTION 58 79 -1 -1 2700 2700
773 CONNECTION 58 119 -1 -1 3600 3600
774 CONNECTION 58 39 300 2400 4500 4500
775 CONNECTION 58 80 300 3300 5400 5400
776 CONNECTION 58 120 300 4200 6300 6300
777 CONNECTION 58 40 300 5100 7200 7200
778 CONNECTION 58 81 300 6000 8100 8100
779 SINK 58 0 -1 -1 0 0
780 CONNECTION 78 59 -1 -1 2700 2700
781 CONNECTION 78 99 -1 -1 3600 3600
782 CONNECTION 78 18 300 2400 4500 4500
783 CONNECTION 78 60 300 3300 5400 5400
784 CONNECTION 78 100 300 4200 6300 6300
785 CONNECTION 78 19 300 5100 7200 7200
786 CONNECTION 78 61 300 6000 8100 8100
787 CONNECTION 98 119 -1 -1 2700 2700
788 CONNECTION 98 39 -1 -1 3600 3600
789 CONNECTION 98 80 300 2400 4500 4500
790 CONNECTION 98 120 300 3300 5400 5400
791 CONNECTION 98 40 300 4200 6300 6300
792 CONNECTION 98 81 300 5100 7200 7200
793 CONNECTION 98 121 300 6000 8100 8100
794 SINK 98 0 -1 -1 0 0
795 CONNECTION 118 99 -1 -1 2700 2700
796 CONNECTION 118 18 -1 -1 3600 3600
797 CONNECTION 118 60 300 2400 4500 4500
798 CONNECTION 118 100 300 3300 5400 5400
799 CONNECTION 118 19 300 4200 6300 6300
800 CONNECTION 118 61 300 5100 7200 7200
801 CONNECTION 118 101 300 6000 8100 8100
802 CONNECTION 17 39 -1 -1 2700 2700
803 CONNECTION 17 80 -1 -1 3600 3600
804 CONNECTION 17 120 300 2400 4500 4500
805 CONNECTION 17 40 300 3300 5400 5400
806 CONNECTION 17 81 300 4200 6300 6300
807 CONNECTION 17 121 300 5100 7200 7200
808 CONNECTION 17 41 300 6000 8100 8100
809 SINK 17 0 -1 -1 0 0
810 CONNECTION 38 18 -1 -1 2700 2700
811 CONNECTION 38 60 -1 -1 3600 3600
812 CONNECTION 38 100 300 2400 4500 4500
813 CONNECTION 38 19 300 3300 5400 5400
814 CONNECTION 38 61 300 4200 6300 6300
815 CONNECTION 38 101 300 5100 7200 7200
816 CONNECTION 38 20 300 6000 8100 8100
817 CONNECTION 59 80 -1 -1 2700 2700
818 CONNECTION 59 120 -1 -1 3600 3600
819 CONNECTION 59 40 300 2400 4500 4500
820 CONNECTION 59 81 300 3300 5400 5400
821 CONNECTION 59 121 300 4200 6300 6300
822 CONNECTION 59 41 300 5100 7200 7200
823 SINK 59 0 -1 -1 0 0
824 CONNECTION 79 60 -1 -1 2700 2700
825 CONNECTION 79 100 -1 -1 3600 3600
826 CONNECTION 79 19 300 2400 4500 4500
827 CONNECTION 79 61 300 3300 5400 5400
828 CONNECTION 79 101 300 4200 6300 6300
829 CONNECTION 79 20 300 5100 7200 7200
830 CONNECTION 79 62 300 6000 8100 8100
831 CONNECTION 99 120 -1 -1 2700 2700
832 CONNECTION 99 40 -1 -1 3600 3600
833 CONNECTION 99 81 300 2400 4500 4500
834 CONNECTION 99 121 300 3300 5400 5400
835 CONNECTION 99 41 300 4200 6300 6300
836 SINK 99 0 -1 -1 0 0
837 CONNECTION 119 100 -1 -1 2700 2700
838 CONNECTION 119 19 -1 -1 3600 3600
839 CONNECTION 119 61 300 2400 4500 4500
840 CONNECTION 119 101 300 3300 5400 5400
841 CONNECTION 119 20 300 4200 6300 6300
842 CONNECTION 119 62 300 5100 7200 7200
843 CONNECTION 119 102 300 6000 8100 8100
844 CONNECTION 18 40 -1 -1 2700 2700
845 CONNECTION 18 81 -1 -1 3600 3600
846 CONNECTION 18 121 300 2400 4500 4500
847 CONNECTION 18 41 300 3300 5400 5400
848 SINK 18 0 -1 -1 0 0
849 CONNECTION 39 19 -1 -1 2700 2700
850 CONNECTION 39 61 -1 -1 3600 3600
851 CONNECTION 39 101 300 2400 4500 4500
852 CONNECTION 39 20 300 3300 5400 5400
853 CONNECTION 39 62 300 4200 6300 6300
854 CONNECTION 39 102 300 5100 7200 7200
855 CONNECTION 39 21 300 6000 8100 8100
856 CONNECTION 60 81 -1 -1 2700 2700
857 CONNECTION 60 121 -1 -1 3600 3600
858 CONNECTION 60 41 300 2400 4500 4500
859 SINK 60 0 -1 -1 0 0
860 CONNECTION 80 61 -1 -1 2700 2700
861 CONNECTION 80 101 -1 -1 3600 3600
862 CONNECTION 80 20 300 2400 4500 4500
863 CONNECTION 80 62 300 3300 5400 5400
864 CONNECTION 80 102 300 4200 6300 6300
865 CONNECTION 80 21 300 5100 7200 7200
866 CONNECTION 100 121 -1 -1 2700 2700
867 CONNECTION 100 41 -1 -1 3600 3600
868 SINK 100 0 -1 -1 0 0
869 CONNECTION 120 101 -1 -1 2700 2700
870 CONNECTION 120 20 -1 -1 3600 3600
871 CONNECTION 120 62 300 2400 4500 4500
872 CONNECTION 120 102 300 3300 5400 5400
873 CONNECTION 120 21 300 4200 6300 6300
874 CONNECTION 19 41 -1 -1 2700 2700
875 SINK 19 0 -1 -1 0 0
876 CONNECTION 40 20 -1 -1 2700 2700
877 CONNECTION 40 62 -1 -1 3600 3600
878 CONNECTION 40 102 300 2400 4500 4500
879 CONNECTION 40 21 300 3300 5400 5400
880 SINK 61 0 -1 -1 0 0
881 CONNECTION 81 62 -1 -1 2700 2700
882 CONNECTION 81 102 -1 -1 3600 3600
883 CONNECTION 81 21 300 2400 4500 4500
884 SINK 101 0 -1 -1 0 0
885 CONNECTION 121 102 -1 -1 2700 2700
886 CONNECTION 121 21 -1 -1 3600 3600
887 SINK 20 0 -1 -1 0 0
888 CONNECTION 41 21 -1 -1 2700 2700
889 SINK 62 0 -1 -1 0 0
890 SINK 102 0 -1 -1 0 0
891 SINK 21 0 -1 -1 0 0
