0 22080 23400 0 1 1320
1 24780 26100 1 0 1320
2 27480 28800 1 0 1320
3 30180 31500 1 0 1320
4 32880 34200 1 0 1320
5 35580 36900 1 0 1320
6 38280 39600 1 0 1320
7 40980 42300 1 0 1320
8 43680 45000 1 0 1320
9 46380 47700 1 0 1320
10 49080 50400 1 0 1320
11 51780 53100 1 0 1320
12 54480 55800 1 0 1320
13 57180 58500 1 0 1320
14 59880 61200 1 0 1320
15 62580 63900 1 0 1320
16 65280 66600 1 0 1320
17 67980 69300 1 0 1320
18 70680 72000 1 0 1320
19 73380 74700 1 0 1320
20 76080 77400 1 0 1320
21 78780 80100 1 0 1320
22 24780 26100 0 1 1320
23 27480 28800 0 1 1320
24 30180 31500 0 1 1320
25 32880 34200 0 1 1320
26 35580 36900 0 1 1320
27 38280 39600 0 1 1320
28 40980 42300 0 1 1320
29 43680 45000 0 1 1320
30 46380 47700 0 1 1320
31 49080 50400 0 1 1320
32 51780 53100 0 1 1320
33 54480 55800 0 1 1320
34 57180 58500 0 1 1320
35 59880 61200 0 1 1320
36 62580 63900 0 1 1320
37 65280 66600 0 1 1320
38 67980 69300 0 1 1320
39 70680 72000 0 1 1320
40 73380 74700 0 1 1320
41 76080 77400 0 1 1320
42 22980 24300 0 1 1320
43 25680 27000 1 0 1320
44 28380 29700 1 0 1320
45 31080 32400 1 0 1320
46 33780 35100 1 0 1320
47 36480 37800 1 0 1320
48 39180 40500 1 0 1320
49 41880 43200 1 0 1320
50 44580 45900 1 0 1320
51 47280 48600 1 0 1320
52 49980 51300 1 0 1320
53 52680 54000 1 0 1320
54 55380 56700 1 0 1320
55 58080 59400 1 0 1320
56 60780 62100 1 0 1320
57 63480 64800 1 0 1320
58 66180 67500 1 0 1320
59 68880 70200 1 0 1320
60 71580 72900 1 0 1320
61 74280 75600 1 0 1320
62 76980 78300 1 0 1320
63 25680 27000 0 1 1320
64 28380 29700 0 1 1320
65 31080 32400 0 1 1320
66 33780 35100 0 1 1320
67 36480 37800 0 1 1320
68 39180 40500 0 1 1320
69 41880 43200 0 1 1320
70 44580 45900 0 1 1320
71 47280 48600 0 1 1320
72 49980 51300 0 1 1320
73 52680 54000 0 1 1320
74 55380 56700 0 1 1320
75 58080 59400 0 1 1320
76 60780 62100 0 1 1320
77 63480 64800 0 1 1320
78 66180 67500 0 1 1320
79 68880 70200 0 1 1320
80 71580 72900 0 1 1320
81 74280 75600 0 1 1320
82 23880 25200 0 1 1320
83 26580 27900 1 0 1320
84 29280 30600 1 0 1320
85 31980 33300 1 0 1320
86 34680 36000 1 0 1320
87 37380 38700 1 0 1320
88 40080 41400 1 0 1320
89 42780 44100 1 0 1320
90 45480 46800 1 0 1320
91 48180 49500 1 0 1320
92 50880 52200 1 0 1320
93 53580 54900 1 0 1320
94 56280 57600 1 0 1320
95 58980 60300 1 0 1320
96 61680 63000 1 0 1320
97 64380 65700 1 0 1320
98 67080 68400 1 0 1320
99 69780 71100 1 0 1320
100 72480 73800 1 0 1320
101 75180 76500 1 0 1320
102 77880 79200 1 0 1320
103 26580 27900 0 1 1320
104 29280 30600 0 1 1320
105 31980 33300 0 1 1320
106 34680 36000 0 1 1320
107 37380 38700 0 1 1320
108 40080 41400 0 1 1320
109 42780 44100 0 1 1320
110 45480 46800 0 1 1320
111 48180 49500 0 1 1320
112 50880 52200 0 1 1320
113 53580 54900 0 1 1320
114 56280 57600 0 1 1320
115 58980 60300 0 1 1320
116 61680 63000 0 1 1320
117 64380 65700 0 1 1320
118 67080 68400 0 1 1320
119 69780 71100 0 1 1320
120 72480 73800 0 1 1320
121 75180 76500 0 1 1320
