1 23580 24540 1 0 960
2 25260 26220 0 1 960
3 26340 28200 1 2 1860
4 28860 29820 0 1 960
5 29940 31800 1 2 1860
6 32460 33420 0 1 960
7 33540 35400 1 2 1860
8 36060 37020 0 1 960
9 37140 39000 1 2 1860
10 39660 40620 0 1 960
11 40740 42600 1 2 1860
12 43260 44220 0 1 960
13 44340 46200 1 2 1860
14 46860 47820 0 1 960
15 47940 49800 1 2 1860
16 50460 51420 0 1 960
17 51540 53400 1 2 1860
18 54060 55020 0 1 960
19 55140 57000 1 2 1860
20 57660 58620 0 1 960
21 58740 60600 1 2 1860
22 61260 62220 0 1 960
23 62340 64200 1 2 1860
24 64860 65820 0 1 960
25 65940 67800 1 2 1860
26 68460 69420 0 1 960
27 69540 71400 1 2 1860
28 72060 73020 0 1 960
29 73140 75000 1 2 1860
30 75660 76620 0 1 960
31 76740 78600 1 2 1860
32 79200 81060 2 1 1860
33 81180 82140 1 0 960
36 21660 22620 0 1 960
37 22740 24600 1 2 1860
38 25200 27060 2 1 1860
39 27180 28140 1 0 960
40 28800 30660 2 1 1860
41 30780 31740 1 0 960
42 32400 34260 2 1 1860
43 34380 35340 1 0 960
44 36000 37860 2 1 1860
45 37980 38940 1 0 960
46 39600 41460 2 1 1860
47 41580 42540 1 0 960
48 43200 45060 2 1 1860
49 45180 46140 1 0 960
50 46800 48660 2 1 1860
51 48780 49740 1 0 960
52 50400 52260 2 1 1860
53 52380 53340 1 0 960
54 54000 55860 2 1 1860
55 55980 56940 1 0 960
56 57600 59460 2 1 1860
57 59580 60540 1 0 960
58 61200 63060 2 1 1860
59 63180 64140 1 0 960
60 64800 66660 2 1 1860
61 66780 67740 1 0 960
62 68400 70260 2 1 1860
63 70380 71340 1 0 960
64 72000 73860 2 1 1860
65 73980 74940 1 0 960
66 75600 77460 2 1 1860
67 77580 78540 1 0 960
69 24600 25260 0 4 660
70 26340 27000 4 0 660
71 27240 29520 0 3 2280
72 31740 32400 4 0 660
73 32640 34920 0 3 2280
74 37140 37800 4 0 660
75 38040 40320 0 3 2280
76 42540 43200 4 0 660
77 43440 45720 0 3 2280
78 47940 48600 4 0 660
79 48840 51120 0 3 2280
80 53340 54000 4 0 660
81 54240 56520 0 3 2280
82 58740 59400 4 0 660
83 59640 61920 0 3 2280
84 64140 64800 4 0 660
85 65040 67320 0 3 2280
86 69540 70200 4 0 660
87 70440 72720 0 3 2280
88 74940 75600 4 0 660
90 22500 25380 0 2 2880
91 25500 27000 2 5 1500
92 28200 29700 5 2 1500
93 29820 32700 2 0 2880
94 33600 35100 5 2 1500
95 35220 38100 2 0 2880
96 39000 40500 5 2 1500
97 40620 43500 2 0 2880
98 44400 45900 5 2 1500
99 46020 48900 2 0 2880
100 49800 51300 5 2 1500
101 51420 54300 2 0 2880
102 55200 56700 5 2 1500
103 56820 59700 2 0 2880
104 60600 62100 5 2 1500
105 62220 65100 2 0 2880
106 66000 67500 5 2 1500
107 67620 70500 2 0 2880
108 71400 72900 5 2 1500
109 73020 75900 2 0 2880
110 76800 78300 5 2 1500
111 78420 81300 2 0 2880
113 23640 25920 0 3 2280
114 27480 29760 3 0 2280
115 30000 30660 0 4 660
116 32880 35160 3 0 2280
117 35400 36060 0 4 660
118 38280 40560 3 0 2280
119 40800 41460 0 4 660
120 43680 45960 3 0 2280
121 46200 46860 0 4 660
122 49080 51360 3 0 2280
123 51600 52260 0 4 660
124 54480 56760 3 0 2280
125 57000 57660 0 4 660
126 59880 62160 3 0 2280
127 62400 63060 0 4 660
128 65280 67560 3 0 2280
129 67800 68460 0 4 660
130 70680 72960 3 0 2280
131 73200 73860 0 4 660
132 76080 78360 3 0 2280
136 27900 30780 0 2 2880
137 30900 32400 2 5 1500
138 33300 36180 0 2 2880
139 36300 37800 2 5 1500
140 38700 41580 0 2 2880
141 41700 43200 2 5 1500
142 44100 46980 0 2 2880
143 47100 48600 2 5 1500
144 49500 52380 0 2 2880
145 52500 54000 2 5 1500
146 54900 57780 0 2 2880
147 57900 59400 2 5 1500
148 60300 63180 0 2 2880
149 63300 64800 2 5 1500
150 65700 68580 0 2 2880
151 68700 70200 2 5 1500
152 71100 73980 0 2 2880
153 74100 75600 2 5 1500
154 76500 79380 0 2 2880
157 25380 26340 1 0 960
158 27060 28020 0 1 960
159 28140 30000 1 2 1860
160 30660 31620 0 1 960
161 31740 33600 1 2 1860
162 34260 35220 0 1 960
163 35340 37200 1 2 1860
164 37860 38820 0 1 960
165 38940 40800 1 2 1860
166 41460 42420 0 1 960
167 42540 44400 1 2 1860
168 45060 46020 0 1 960
169 46140 48000 1 2 1860
170 48660 49620 0 1 960
171 49740 51600 1 2 1860
172 52260 53220 0 1 960
173 53340 55200 1 2 1860
174 55860 56820 0 1 960
175 56940 58800 1 2 1860
176 59460 60420 0 1 960
177 60540 62400 1 2 1860
178 63060 64020 0 1 960
179 64140 66000 1 2 1860
180 66660 67620 0 1 960
181 67740 69600 1 2 1860
182 70260 71220 0 1 960
183 71340 73200 1 2 1860
184 73860 74820 0 1 960
185 74940 76800 1 2 1860
186 77460 78420 0 1 960
188 23460 24420 0 1 960
189 24540 26400 1 2 1860
190 27000 28860 2 1 1860
191 28980 29940 1 0 960
192 30600 32460 2 1 1860
193 32580 33540 1 0 960
194 34200 36060 2 1 1860
195 36180 37140 1 0 960
196 37800 39660 2 1 1860
197 39780 40740 1 0 960
198 41400 43260 2 1 1860
199 43380 44340 1 0 960
200 45000 46860 2 1 1860
201 46980 47940 1 0 960
202 48600 50460 2 1 1860
203 50580 51540 1 0 960
204 52200 54060 2 1 1860
205 54180 55140 1 0 960
206 55800 57660 2 1 1860
207 57780 58740 1 0 960
208 59400 61260 2 1 1860
209 61380 62340 1 0 960
210 63000 64860 2 1 1860
211 64980 65940 1 0 960
212 66600 68460 2 1 1860
213 68580 69540 1 0 960
214 70200 72060 2 1 1860
215 72180 73140 1 0 960
216 73800 75660 2 1 1860
217 75780 76740 1 0 960
218 77400 79260 2 1 1860
219 79380 80340 1 0 960
222 27960 29460 1 4 1500
223 29700 31620 4 3 1920
224 35160 36660 1 4 1500
225 36900 38820 4 3 1920
226 42360 43860 1 4 1500
227 44100 46020 4 3 1920
228 49560 51060 1 4 1500
229 51300 53220 4 3 1920
230 56760 58260 1 4 1500
231 58500 60420 4 3 1920
232 63960 65460 1 4 1500
233 65700 67620 4 3 1920
234 71160 72660 1 4 1500
235 72900 74820 4 3 1920
239 26400 27060 0 4 660
240 28140 28800 4 0 660
241 29040 31320 0 3 2280
242 33540 34200 4 0 660
243 34440 36720 0 3 2280
244 38940 39600 4 0 660
245 39840 42120 0 3 2280
246 44340 45000 4 0 660
247 45240 47520 0 3 2280
248 49740 50400 4 0 660
249 50640 52920 0 3 2280
250 55140 55800 4 0 660
251 56040 58320 0 3 2280
252 60540 61200 4 0 660
253 61440 63720 0 3 2280
254 65940 66600 4 0 660
255 66840 69120 0 3 2280
256 71340 72000 4 0 660
257 72240 74520 0 3 2280
258 76740 77400 4 0 660
260 24300 27180 0 2 2880
261 27300 28800 2 5 1500
262 30000 31500 5 2 1500
263 31620 34500 2 0 2880
264 35400 36900 5 2 1500
265 37020 39900 2 0 2880
266 40800 42300 5 2 1500
267 42420 45300 2 0 2880
268 46200 47700 5 2 1500
269 47820 50700 2 0 2880
270 51600 53100 5 2 1500
271 53220 56100 2 0 2880
272 57000 58500 5 2 1500
273 58620 61500 2 0 2880
274 62400 63900 5 2 1500
275 64020 66900 2 0 2880
276 67800 69300 5 2 1500
277 69420 72300 2 0 2880
278 73200 74700 5 2 1500
279 74820 77700 2 0 2880
280 78600 80100 5 2 1500
281 80220 83100 2 0 2880
282 24360 25860 1 4 1500
283 26100 28020 4 3 1920
284 30900 32820 3 4 1920
285 32940 34440 4 1 1500
286 38100 40020 3 4 1920
287 40140 41640 4 1 1500
288 45300 47220 3 4 1920
289 47340 48840 4 1 1500
290 52500 54420 3 4 1920
291 54540 56040 4 1 1500
292 59700 61620 3 4 1920
293 61740 63240 4 1 1500
294 66900 68820 3 4 1920
295 68940 70440 4 1 1500
296 74100 76020 3 4 1920
297 76140 77640 4 1 1500
299 25440 27720 0 3 2280
300 29280 31560 3 0 2280
301 31800 32460 0 4 660
302 34680 36960 3 0 2280
303 37200 37860 0 4 660
304 40080 42360 3 0 2280
305 42600 43260 0 4 660
306 45480 47760 3 0 2280
307 48000 48660 0 4 660
308 50880 53160 3 0 2280
309 53400 54060 0 4 660
310 56280 58560 3 0 2280
311 58800 59460 0 4 660
312 61680 63960 3 0 2280
313 64200 64860 0 4 660
314 67080 69360 3 0 2280
315 69600 70260 0 4 660
316 72480 74760 3 0 2280
317 75000 75660 0 4 660
318 77880 80160 3 0 2280
321 26220 29100 2 0 2880
322 29700 32580 0 2 2880
323 32700 34200 2 5 1500
324 35100 37980 0 2 2880
325 38100 39600 2 5 1500
326 40500 43380 0 2 2880
327 43500 45000 2 5 1500
328 45900 48780 0 2 2880
329 48900 50400 2 5 1500
330 51300 54180 0 2 2880
331 54300 55800 2 5 1500
332 56700 59580 0 2 2880
333 59700 61200 2 5 1500
334 62100 64980 0 2 2880
335 65100 66600 2 5 1500
336 67500 70380 0 2 2880
337 70500 72000 2 5 1500
338 72900 75780 0 2 2880
339 75900 77400 2 5 1500
343 28200 28860 0 4 660
344 29940 30600 4 0 660
345 30840 33120 0 3 2280
346 35340 36000 4 0 660
347 36240 38520 0 3 2280
348 40740 41400 4 0 660
349 41640 43920 0 3 2280
350 46140 46800 4 0 660
351 47040 49320 0 3 2280
352 51540 52200 4 0 660
353 52440 54720 0 3 2280
354 56940 57600 4 0 660
355 57840 60120 0 3 2280
356 62340 63000 4 0 660
357 63240 65520 0 3 2280
358 67740 68400 4 0 660
359 68640 70920 0 3 2280
360 73140 73800 4 0 660
361 74040 76320 0 3 2280
362 78540 79200 4 0 660
364 26100 28980 0 2 2880
365 29100 30600 2 5 1500
366 31800 33300 5 2 1500
367 33420 36300 2 0 2880
368 37200 38700 5 2 1500
369 38820 41700 2 0 2880
370 42600 44100 5 2 1500
371 44220 47100 2 0 2880
372 48000 49500 5 2 1500
373 49620 52500 2 0 2880
374 53400 54900 5 2 1500
375 55020 57900 2 0 2880
376 58800 60300 5 2 1500
377 60420 63300 2 0 2880
378 64200 65700 5 2 1500
379 65820 68700 2 0 2880
380 69600 71100 5 2 1500
381 71220 74100 2 0 2880
382 75000 76500 5 2 1500
383 76620 79500 2 0 2880
385 28020 30900 2 0 2880
386 31500 34380 0 2 2880
387 34500 36000 2 5 1500
388 36900 39780 0 2 2880
389 39900 41400 2 5 1500
390 42300 45180 0 2 2880
391 45300 46800 2 5 1500
392 47700 50580 0 2 2880
393 50700 52200 2 5 1500
394 53100 55980 0 2 2880
395 56100 57600 2 5 1500
396 58500 61380 0 2 2880
397 61500 63000 2 5 1500
398 63900 66780 0 2 2880
399 66900 68400 2 5 1500
400 69300 72180 0 2 2880
401 72300 73800 2 5 1500
402 74700 77580 0 2 2880
404 27300 29220 3 4 1920
405 29340 30840 4 1 1500
406 31560 33060 1 4 1500
407 33300 35220 4 3 1920
408 38760 40260 1 4 1500
409 40500 42420 4 3 1920
410 45960 47460 1 4 1500
411 47700 49620 4 3 1920
412 53160 54660 1 4 1500
413 54900 56820 4 3 1920
414 60360 61860 1 4 1500
415 62100 64020 4 3 1920
416 67560 69060 1 4 1500
417 69300 71220 4 3 1920
418 74760 76260 1 4 1500
420 31080 33360 3 0 2280
421 33600 34260 0 4 660
422 35340 36000 4 0 660
423 36240 38520 0 3 2280
424 34500 36420 3 4 1920
425 36540 38040 4 1 1500
426 38760 40260 1 4 1500
427 40500 42420 4 3 1920
428 36480 38760 3 0 2280
429 39000 39660 0 4 660
430 40740 41400 4 0 660
431 41640 43920 0 3 2280
432 41700 43620 3 4 1920
433 43740 45240 4 1 1500
434 45960 47460 1 4 1500
435 47700 49620 4 3 1920
436 41880 44160 3 0 2280
437 44400 45060 0 4 660
438 46140 46800 4 0 660
439 47040 49320 0 3 2280
440 47280 49560 3 0 2280
441 49800 50460 0 4 660
442 51540 52200 4 0 660
443 52440 54720 0 3 2280
444 48900 50820 3 4 1920
445 50940 52440 4 1 1500
446 53160 54660 1 4 1500
447 54900 56820 4 3 1920
448 52680 54960 3 0 2280
449 55200 55860 0 4 660
450 56940 57600 4 0 660
451 57840 60120 0 3 2280
452 56100 58020 3 4 1920
453 58140 59640 4 1 1500
454 60360 61860 1 4 1500
455 62100 64020 4 3 1920
456 58080 60360 3 0 2280
457 60600 61260 0 4 660
458 62340 63000 4 0 660
459 63240 65520 0 3 2280
460 63300 65220 3 4 1920
461 65340 66840 4 1 1500
462 67560 69060 1 4 1500
463 69300 71220 4 3 1920
464 63480 65760 3 0 2280
465 66000 66660 0 4 660
466 67740 68400 4 0 660
467 68640 70920 0 3 2280
468 68880 71160 3 0 2280
469 71400 72060 0 4 660
470 73140 73800 4 0 660
471 74040 76320 0 3 2280
472 70500 72420 3 4 1920
473 72540 74040 4 1 1500
474 74760 76260 1 4 1500
476 74280 76560 3 0 2280
477 76800 77460 0 4 660
478 78540 79200 4 0 660
