2 26820 28320 1 5 1500
3 28440 30960 5 9 2520
4 31080 31980 9 17 900
5 33420 34320 17 9 900
6 34440 36960 9 5 2520
7 37080 38580 5 1 1500
8 38700 42180 1 2 3480
9 42300 43800 2 13 1500
10 47820 48720 17 9 900
11 48840 51360 9 5 2520
12 51480 52980 5 1 1500
13 53100 56580 1 2 3480
14 56700 58200 2 13 1500
15 62220 63120 17 9 900
16 63240 65760 9 5 2520
17 65880 67380 5 1 1500
18 67500 70980 1 2 3480
19 71100 72600 2 13 1500
20 76620 77520 17 9 900
21 77640 80160 9 5 2520
22 80280 81780 5 1 1500
26 23160 25140 11 6 1980
27 25260 28020 6 15 2760
28 28140 30660 15 16 2520
29 32040 34560 16 15 2520
30 34680 37440 15 6 2760
31 37560 39540 6 11 1980
32 39660 41040 11 4 1380
33 42840 45360 16 15 2520
34 45480 48240 15 6 2760
35 48360 50340 6 11 1980
36 50460 51840 11 4 1380
37 53640 56160 16 15 2520
38 56280 59040 15 6 2760
39 59160 61140 6 11 1980
40 61260 62640 11 4 1380
41 64440 66960 16 15 2520
42 67080 69840 15 6 2760
43 69960 71940 6 11 1980
44 72060 73440 11 4 1380
45 75240 77760 16 15 2520
46 77880 80640 15 6 2760
47 80760 82740 6 11 1980
48 82860 84240 11 4 1380
51 27000 28380 0 14 1380
52 28500 29760 14 8 1260
53 32280 33540 8 14 1260
54 33660 35040 14 0 1380
55 35160 37440 0 2 2280
56 37560 40320 2 7 2760
57 43080 44340 8 14 1260
58 44460 45840 14 0 1380
59 45960 48240 0 2 2280
60 48360 51120 2 7 2760
61 53880 55140 8 14 1260
62 55260 56640 14 0 1380
63 56760 59040 0 2 2280
64 59160 61920 2 7 2760
65 64680 65940 8 14 1260
66 66060 67440 14 0 1380
67 67560 69840 0 2 2280
68 69960 72720 2 7 2760
69 75480 76740 8 14 1260
70 76860 78240 14 0 1380
73 21840 24120 11 12 2280
74 24300 24900 12 14 600
75 25020 26400 14 0 1380
76 27780 29160 0 14 1380
77 29280 29880 14 12 600
78 30000 32280 12 11 2280
79 34980 36360 0 14 1380
80 36480 37080 14 12 600
81 37200 39480 12 11 2280
82 42180 43560 0 14 1380
83 43680 44280 14 12 600
84 44400 46680 12 11 2280
85 49380 50760 0 14 1380
86 50880 51480 14 12 600
87 51600 53880 12 11 2280
88 56580 57960 0 14 1380
89 58080 58680 14 12 600
90 58800 61080 12 11 2280
91 63780 65160 0 14 1380
92 65280 65880 14 12 600
93 66000 68280 12 11 2280
94 70980 72360 0 14 1380
95 72480 73080 14 12 600
96 73200 75480 12 11 2280
97 78180 79560 0 14 1380
98 79680 80280 14 12 600
99 80400 82680 12 11 2280
103 30060 33000 15 17 2940
104 33120 34020 17 9 900
105 34260 36780 9 5 2520
106 39060 42000 15 17 2940
107 42120 43020 17 9 900
108 43260 45780 9 5 2520
109 48060 51000 15 17 2940
110 51120 52020 17 9 900
111 52260 54780 9 5 2520
112 57060 60000 15 17 2940
113 60120 61020 17 9 900
114 61260 63780 9 5 2520
115 66060 69000 15 17 2940
116 69120 70020 17 9 900
117 70260 72780 9 5 2520
118 75060 78000 15 17 2940
119 78120 79020 17 9 900
120 79260 81780 9 5 2520
121 22380 23940 11 1 1560
122 24060 25980 1 0 1920
123 27960 29880 0 1 1920
124 30000 31560 1 11 1560
125 35160 37080 0 1 1920
126 37200 38760 1 11 1560
127 42360 44280 0 1 1920
128 44400 45960 1 11 1560
129 49560 51480 0 1 1920
130 51600 53160 1 11 1560
131 56760 58680 0 1 1920
132 58800 60360 1 11 1560
133 63960 65880 0 1 1920
134 66000 67560 1 11 1560
135 71160 73080 0 1 1920
136 73200 74760 1 11 1560
137 78360 80280 0 1 1920
138 80400 81960 1 11 1560
140 24660 27060 11 0 2400
141 27780 30180 0 11 2400
142 30300 32280 11 6 1980
143 34980 37380 0 11 2400
144 37500 39480 11 6 1980
145 42180 44580 0 11 2400
146 44700 46680 11 6 1980
147 49380 51780 0 11 2400
148 51900 53880 11 6 1980
149 56580 58980 0 11 2400
150 59100 61080 11 6 1980
151 63780 66180 0 11 2400
152 66300 68280 11 6 1980
153 70980 73380 0 11 2400
154 73500 75480 11 6 1980
155 78180 80580 0 11 2400
156 80700 82680 11 6 1980
159 29040 30600 1 11 1560
160 30720 32700 11 6 1980
161 35880 37860 6 11 1980
162 37980 39540 11 1 1560
163 39660 43140 1 2 3480
164 43260 46020 2 7 2760
165 46680 48660 6 11 1980
166 48780 50340 11 1 1560
167 50460 53940 1 2 3480
168 54060 56820 2 7 2760
169 57480 59460 6 11 1980
170 59580 61140 11 1 1560
171 61260 64740 1 2 3480
172 64860 67620 2 7 2760
173 68280 70260 6 11 1980
174 70380 71940 11 1 1560
175 72060 75540 1 2 3480
177 79080 81060 6 11 1980
178 81180 82740 11 1 1560
184 27900 31380 1 2 3480
185 31500 33000 2 13 1500
186 36000 37500 13 2 1500
187 37620 41100 2 1 3480
188 41220 42720 1 5 1500
189 42840 45360 5 9 2520
190 45480 46380 9 17 900
191 50400 51900 13 2 1500
192 52020 55500 2 1 3480
193 55620 57120 1 5 1500
194 57240 59760 5 9 2520
195 59880 60780 9 17 900
196 64800 66300 13 2 1500
197 66420 69900 2 1 3480
198 70020 71520 1 5 1500
199 71640 74160 5 9 2520
200 74280 75180 9 17 900
207 25440 27600 11 5 2160
208 27720 30240 5 9 2520
209 31800 34320 9 5 2520
210 34440 36600 5 11 2160
211 36840 39240 11 0 2400
212 42600 45120 9 5 2520
213 45240 47400 5 11 2160
214 47640 50040 11 0 2400
215 53400 55920 9 5 2520
216 56040 58200 5 11 2160
217 58440 60840 11 0 2400
218 64200 66720 9 5 2520
219 66840 69000 5 11 2160
220 69240 71640 11 0 2400
221 75000 77520 9 5 2520
222 77640 79800 5 11 2160
227 28200 30240 1 0 2040
228 30480 31860 0 14 1380
229 34140 35520 14 0 1380
230 35640 37560 0 1 1920
231 37680 39180 1 5 1500
232 39300 41820 5 9 2520
233 41940 42840 9 17 900
234 44940 46320 14 0 1380
235 46440 48360 0 1 1920
236 48480 49980 1 5 1500
237 50100 52620 5 9 2520
238 52740 53640 9 17 900
239 55740 57120 14 0 1380
240 57240 59160 0 1 1920
241 59280 60780 1 5 1500
242 60900 63420 5 9 2520
243 63540 64440 9 17 900
244 66540 67920 14 0 1380
245 68040 69960 0 1 1920
246 70080 71580 1 5 1500
247 71700 74220 5 9 2520
248 74340 75240 9 17 900
249 77340 78720 14 0 1380
250 78840 80760 0 1 1920
251 80880 82380 1 5 1500
258 34980 37680 13 0 2700
259 37800 39180 0 14 1380
260 43080 45660 10 13 2580
261 45780 48480 13 0 2700
262 48600 49980 0 14 1380
263 53880 56460 10 13 2580
264 56580 59280 13 0 2700
265 59400 60780 0 14 1380
266 64680 67260 10 13 2580
267 67380 70080 13 0 2700
268 70200 71580 0 14 1380
269 75480 78060 10 13 2580
270 78180 80880 13 0 2700
275 31200 33840 5 9 2640
276 34080 34980 9 17 900
277 35100 38040 17 15 2940
278 40200 42840 5 9 2640
279 43080 43980 9 17 900
280 44100 47040 17 15 2940
281 49200 51840 5 9 2640
282 52080 52980 9 17 900
283 53100 56040 17 15 2940
284 58200 60840 5 9 2640
285 61080 61980 9 17 900
286 62100 65040 17 15 2940
287 67200 69840 5 9 2640
288 70080 70980 9 17 900
289 71100 74040 17 15 2940
290 76200 78840 5 9 2640
291 79080 79980 9 17 900
292 80100 83040 17 15 2940
295 26220 28380 11 5 2160
296 28500 31020 5 9 2520
297 31140 32040 9 17 900
298 34380 35280 17 9 900
299 35400 37920 9 5 2520
300 38040 40200 5 11 2160
301 40320 42600 11 12 2280
302 42720 43320 12 14 600
303 45180 46080 17 9 900
304 46200 48720 9 5 2520
305 48840 51000 5 11 2160
306 51120 53400 11 12 2280
307 53520 54120 12 14 600
308 55980 56880 17 9 900
309 57000 59520 9 5 2520
310 59640 61800 5 11 2160
311 61920 64200 11 12 2280
312 64320 64920 12 14 600
313 66780 67680 17 9 900
314 67800 70320 9 5 2520
315 70440 72600 5 11 2160
316 72720 75000 11 12 2280
317 75120 75720 12 14 600
318 77580 78480 17 9 900
319 78600 81120 9 5 2520
320 81240 83400 5 11 2160
327 33960 36720 7 2 2760
328 36840 38340 2 13 1500
329 38580 41280 13 0 2700
330 41400 42780 0 14 1380
331 44760 47520 7 2 2760
332 47640 49140 2 13 1500
333 49380 52080 13 0 2700
334 52200 53580 0 14 1380
335 55560 58320 7 2 2760
336 58440 59940 2 13 1500
337 60180 62880 13 0 2700
338 63000 64380 0 14 1380
339 66360 69120 7 2 2760
340 69240 70740 2 13 1500
341 70980 73680 13 0 2700
342 73800 75180 0 14 1380
348 25080 26580 1 5 1500
349 26700 29820 5 15 3120
350 29940 32460 15 16 2520
351 35580 38100 16 15 2520
352 38220 41340 15 5 3120
353 41460 42960 5 1 1500
354 43080 45000 1 0 1920
355 46380 48900 16 15 2520
356 49020 52140 15 5 3120
357 52260 53760 5 1 1500
358 53880 55800 1 0 1920
359 57180 59700 16 15 2520
360 59820 62940 15 5 3120
361 63060 64560 5 1 1500
362 64680 66600 1 0 1920
363 67980 70500 16 15 2520
364 70620 73740 15 5 3120
365 73860 75360 5 1 1500
366 75480 77400 1 0 1920
367 78780 81300 16 15 2520
372 24660 27060 11 0 2400
373 27780 30180 0 11 2400
374 30300 31680 11 4 1380
375 34980 37380 0 11 2400
376 37500 38880 11 4 1380
377 42180 44580 0 11 2400
378 44700 46080 11 4 1380
379 49380 51780 0 11 2400
380 51900 53280 11 4 1380
381 56580 58980 0 11 2400
382 59100 60480 11 4 1380
383 63780 66180 0 11 2400
384 66300 67680 11 4 1380
385 70980 73380 0 11 2400
386 73500 74880 11 4 1380
387 78180 80580 0 11 2400
392 30600 31980 0 14 1380
393 33780 35160 14 0 1380
394 35280 37980 0 13 2700
395 38160 39660 13 2 1500
396 39780 42540 2 7 2760
397 44580 45960 14 0 1380
398 46080 48780 0 13 2700
399 48960 50460 13 2 1500
400 50580 53340 2 7 2760
401 55380 56760 14 0 1380
402 56880 59580 0 13 2700
403 59760 61260 13 2 1500
404 61380 64140 2 7 2760
405 66180 67560 14 0 1380
406 67680 70380 0 13 2700
407 70560 72060 13 2 1500
408 72180 74940 2 7 2760
409 76980 78360 14 0 1380
415 26880 28380 1 5 1500
416 28500 31020 5 9 2520
417 31140 32040 9 17 900
418 33600 34500 17 9 900
419 34620 37140 9 5 2520
420 37260 38760 5 1 1500
421 39000 41040 1 0 2040
422 41280 42660 0 14 1380
423 44400 45300 17 9 900
424 45420 47940 9 5 2520
425 48060 49560 5 1 1500
426 49800 51840 1 0 2040
427 52080 53460 0 14 1380
428 55200 56100 17 9 900
429 56220 58740 9 5 2520
430 58860 60360 5 1 1500
431 60600 62640 1 0 2040
432 62880 64260 0 14 1380
433 66000 66900 17 9 900
434 67020 69540 9 5 2520
435 69660 71160 5 1 1500
436 71400 73440 1 0 2040
437 73680 75060 0 14 1380
438 76800 77700 17 9 900
439 77820 80340 9 5 2520
440 80460 81960 5 1 1500
445 27240 29400 5 11 2160
446 29520 31800 11 12 2280
447 31920 32520 12 14 600
448 33780 34380 14 12 600
449 34620 36900 12 11 2280
450 37020 39180 11 5 2160
451 39300 41820 5 9 2520
452 41940 42840 9 17 900
453 44580 45180 14 12 600
454 45420 47700 12 11 2280
455 47820 49980 11 5 2160
456 50100 52620 5 9 2520
457 52740 53640 9 17 900
458 55380 55980 14 12 600
459 56220 58500 12 11 2280
460 58620 60780 11 5 2160
461 60900 63420 5 9 2520
462 63540 64440 9 17 900
463 66180 66780 14 12 600
464 67020 69300 12 11 2280
465 69420 71580 11 5 2160
466 71700 74220 5 9 2520
467 74340 75240 9 17 900
468 76980 77580 14 12 600
469 77820 80100 12 11 2280
470 80220 82380 11 5 2160
475 25740 28020 12 11 2280
476 28140 29520 11 4 1380
477 31140 32520 4 11 1380
478 32640 34920 11 12 2280
479 35040 35640 12 14 600
480 35760 37020 14 8 1260
481 38340 39720 4 11 1380
482 39840 42120 11 12 2280
483 42240 42840 12 14 600
484 42960 44220 14 8 1260
485 45540 46920 4 11 1380
486 47040 49320 11 12 2280
487 49440 50040 12 14 600
488 50160 51420 14 8 1260
489 52740 54120 4 11 1380
490 54240 56520 11 12 2280
491 56640 57240 12 14 600
492 57360 58620 14 8 1260
493 59940 61320 4 11 1380
494 61440 63720 11 12 2280
495 63840 64440 12 14 600
496 64560 65820 14 8 1260
497 67140 68520 4 11 1380
498 68640 70920 11 12 2280
499 71040 71640 12 14 600
500 71760 73020 14 8 1260
501 74340 75720 4 11 1380
502 75840 78120 11 12 2280
503 78240 78840 12 14 600
507 30420 31920 1 5 1500
508 32040 35160 5 15 3120
509 39180 42300 15 5 3120
510 42420 43920 5 1 1500
511 44040 47520 1 2 3480
512 47640 50700 2 10 3060
513 53580 56700 15 5 3120
514 56820 58320 5 1 1500
515 58440 61920 1 2 3480
516 62040 65100 2 10 3060
517 67980 71100 15 5 3120
518 71220 72720 5 1 1500
519 72840 76320 1 2 3480
522 25680 27060 14 0 1380
523 27900 29280 0 14 1380
524 29400 31200 14 3 1800
525 35100 36480 0 14 1380
526 36600 38400 14 3 1800
527 42300 43680 0 14 1380
528 43800 45600 14 3 1800
529 49500 50880 0 14 1380
530 51000 52800 14 3 1800
531 56700 58080 0 14 1380
532 58200 60000 14 3 1800
533 63900 65280 0 14 1380
534 65400 67200 14 3 1800
535 71100 72480 0 14 1380
536 72600 74400 14 3 1800
537 78300 79680 0 14 1380
540 25800 27060 14 8 1260
541 28020 29280 8 14 1260
542 29400 31200 14 3 1800
543 35220 36480 8 14 1260
544 36600 38400 14 3 1800
545 42420 43680 8 14 1260
546 43800 45600 14 3 1800
547 49620 50880 8 14 1260
548 51000 52800 14 3 1800
549 56820 58080 8 14 1260
550 58200 60000 14 3 1800
551 64020 65280 8 14 1260
552 65400 67200 14 3 1800
553 71220 72480 8 14 1260
554 72600 74400 14 3 1800
555 78420 79680 8 14 1260
558 25440 27720 11 12 2280
559 27840 28440 12 14 600
560 28560 29820 14 8 1260
561 30840 32100 8 14 1260
562 32220 32820 14 12 600
563 32940 35220 12 11 2280
564 35340 36720 11 4 1380
565 38040 39300 8 14 1260
566 39420 40020 14 12 600
567 40140 42420 12 11 2280
568 42540 43920 11 4 1380
569 45240 46500 8 14 1260
570 46620 47220 14 12 600
571 47340 49620 12 11 2280
572 49740 51120 11 4 1380
573 52440 53700 8 14 1260
574 53820 54420 14 12 600
575 54540 56820 12 11 2280
576 56940 58320 11 4 1380
577 59640 60900 8 14 1260
578 61020 61620 14 12 600
579 61740 64020 12 11 2280
580 64140 65520 11 4 1380
581 66840 68100 8 14 1260
582 68220 68820 14 12 600
583 68940 71220 12 11 2280
584 71340 72720 11 4 1380
585 74040 75300 8 14 1260
586 75420 76020 14 12 600
587 76140 78420 12 11 2280
592 31860 34800 15 17 2940
593 34920 35820 17 9 900
594 36060 38580 9 5 2520
595 40860 43800 15 17 2940
596 43920 44820 17 9 900
597 45060 47580 9 5 2520
598 49860 52800 15 17 2940
599 52920 53820 17 9 900
600 54060 56580 9 5 2520
601 58860 61800 15 17 2940
602 61920 62820 17 9 900
603 63060 65580 9 5 2520
604 67860 70800 15 17 2940
605 70920 71820 17 9 900
606 72060 74580 9 5 2520
607 76860 79800 15 17 2940
608 79920 80820 17 9 900
609 81060 83580 9 5 2520
611 26700 29940 11 8 3240
612 32100 35340 8 11 3240
613 35460 37860 11 0 2400
614 39300 42540 8 11 3240
615 42660 45060 11 0 2400
616 46500 49740 8 11 3240
617 49860 52260 11 0 2400
618 53700 56940 8 11 3240
619 57060 59460 11 0 2400
620 60900 64140 8 11 3240
621 64260 66660 11 0 2400
622 68100 71340 8 11 3240
623 71460 73860 11 0 2400
624 75300 78540 8 11 3240
625 78660 81060 11 0 2400
627 25680 26280 14 12 600
628 26400 28680 12 11 2280
629 32640 34920 11 12 2280
630 35100 35700 12 14 600
631 35820 37200 14 0 1380
632 39840 42120 11 12 2280
633 42300 42900 12 14 600
634 43020 44400 14 0 1380
635 47040 49320 11 12 2280
636 49500 50100 12 14 600
637 50220 51600 14 0 1380
638 54240 56520 11 12 2280
639 56700 57300 12 14 600
640 57420 58800 14 0 1380
641 61440 63720 11 12 2280
642 63900 64500 12 14 600
643 64620 66000 14 0 1380
644 68640 70920 11 12 2280
645 71100 71700 12 14 600
646 71820 73200 14 0 1380
647 75840 78120 11 12 2280
648 78300 78900 12 14 600
649 79020 80400 14 0 1380
651 26700 28080 11 4 1380
652 30360 31740 4 11 1380
653 31860 34260 11 0 2400
654 37560 38940 4 11 1380
655 39060 41460 11 0 2400
656 44760 46140 4 11 1380
657 46260 48660 11 0 2400
658 51960 53340 4 11 1380
659 53460 55860 11 0 2400
660 59160 60540 4 11 1380
661 60660 63060 11 0 2400
662 66360 67740 4 11 1380
663 67860 70260 11 0 2400
664 73560 74940 4 11 1380
665 75060 77460 11 0 2400
667 26700 28680 11 6 1980
668 29760 31740 6 11 1980
669 31860 34260 11 0 2400
670 36960 38940 6 11 1980
671 39060 41460 11 0 2400
672 44160 46140 6 11 1980
673 46260 48660 11 0 2400
674 51360 53340 6 11 1980
675 53460 55860 11 0 2400
676 58560 60540 6 11 1980
677 60660 63060 11 0 2400
678 65760 67740 6 11 1980
679 67860 70260 11 0 2400
680 72960 74940 6 11 1980
681 75060 77460 11 0 2400
683 25800 27600 14 3 1800
684 30960 32760 3 14 1800
685 32880 34260 14 0 1380
686 38160 39960 3 14 1800
687 40080 41460 14 0 1380
688 45360 47160 3 14 1800
689 47280 48660 14 0 1380
690 52560 54360 3 14 1800
691 54480 55860 14 0 1380
692 59760 61560 3 14 1800
693 61680 63060 14 0 1380
694 66960 68760 3 14 1800
695 68880 70260 14 0 1380
696 74160 75960 3 14 1800
697 76080 77460 14 0 1380
699 26400 27960 1 11 1560
700 29580 31140 11 1 1560
701 31260 33180 1 0 1920
702 36780 38340 11 1 1560
703 38460 40380 1 0 1920
704 43980 45540 11 1 1560
705 45660 47580 1 0 1920
706 51180 52740 11 1 1560
707 52860 54780 1 0 1920
708 58380 59940 11 1 1560
709 60060 61980 1 0 1920
710 65580 67140 11 1 1560
711 67260 69180 1 0 1920
712 72780 74340 11 1 1560
713 74460 76380 1 0 1920
717 35400 37680 2 0 2280
718 39420 42480 10 2 3060
719 42600 44880 2 0 2280
720 46620 49680 10 2 3060
721 49800 52080 2 0 2280
722 53820 56880 10 2 3060
723 57000 59280 2 0 2280
724 61020 64080 10 2 3060
725 64200 66480 2 0 2280
726 68220 71280 10 2 3060
727 71400 73680 2 0 2280
728 75420 78480 10 2 3060
729 78600 80880 2 0 2280
731 25800 27600 14 3 1800
732 31080 32880 3 14 1800
733 33000 34260 14 8 1260
734 38280 40080 3 14 1800
735 40200 41460 14 8 1260
736 45480 47280 3 14 1800
737 47400 48660 14 8 1260
738 52680 54480 3 14 1800
739 54600 55860 14 8 1260
740 59880 61680 3 14 1800
741 61800 63060 14 8 1260
742 67080 68880 3 14 1800
743 69000 70260 14 8 1260
744 74280 76080 3 14 1800
745 76200 77460 14 8 1260
747 27420 29400 6 11 1980
748 29520 31800 11 12 2280
749 31920 32520 12 14 600
750 32640 34440 14 3 1800
751 35460 37260 3 14 1800
752 37380 37980 14 12 600
753 38100 40380 12 11 2280
754 40500 42480 11 6 1980
755 42600 45360 6 15 2760
756 46260 48060 3 14 1800
757 48180 48780 14 12 600
758 48900 51180 12 11 2280
759 51300 53280 11 6 1980
760 53400 56160 6 15 2760
761 57060 58860 3 14 1800
762 58980 59580 14 12 600
763 59700 61980 12 11 2280
764 62100 64080 11 6 1980
765 64200 66960 6 15 2760
766 67860 69660 3 14 1800
767 69780 70380 14 12 600
768 70500 72780 12 11 2280
769 72900 74880 11 6 1980
770 75000 77760 6 15 2760
771 78660 80460 3 14 1800
772 80580 81180 14 12 600
773 81300 83580 12 11 2280
774 83700 85680 11 6 1980
777 27240 29400 5 11 2160
778 29640 32040 11 0 2400
779 33600 36000 0 11 2400
780 36240 38400 11 5 2160
781 38520 41040 5 9 2520
782 44400 46800 0 11 2400
783 47040 49200 11 5 2160
784 49320 51840 5 9 2520
785 55200 57600 0 11 2400
786 57840 60000 11 5 2160
787 60120 62640 5 9 2520
788 66000 68400 0 11 2400
789 68640 70800 11 5 2160
790 70920 73440 5 9 2520
791 76800 79200 0 11 2400
792 79440 81600 11 5 2160
795 26580 27180 14 12 600
796 27300 29580 12 11 2280
797 29700 31680 11 6 1980
798 31800 34560 6 15 2760
799 35340 38100 15 6 2760
800 38220 40200 6 11 1980
801 40320 42600 11 12 2280
802 42720 43320 12 14 600
803 43440 45240 14 3 1800
804 46140 48900 15 6 2760
805 49020 51000 6 11 1980
806 51120 53400 11 12 2280
807 53520 54120 12 14 600
808 54240 56040 14 3 1800
809 56940 59700 15 6 2760
810 59820 61800 6 11 1980
811 61920 64200 11 12 2280
812 64320 64920 12 14 600
813 65040 66840 14 3 1800
814 67740 70500 15 6 2760
815 70620 72600 6 11 1980
816 72720 75000 11 12 2280
817 75120 75720 12 14 600
818 75840 77640 14 3 1800
819 78540 81300 15 6 2760
820 81420 83400 6 11 1980
827 33000 35640 5 9 2640
828 35880 36780 9 17 900
829 36900 39840 17 15 2940
830 42000 44640 5 9 2640
831 44880 45780 9 17 900
832 45900 48840 17 15 2940
833 51000 53640 5 9 2640
834 53880 54780 9 17 900
835 54900 57840 17 15 2940
836 60000 62640 5 9 2640
837 62880 63780 9 17 900
838 63900 66840 17 15 2940
839 69000 71640 5 9 2640
840 71880 72780 9 17 900
841 72900 75840 17 15 2940
842 78000 80640 5 9 2640
843 80880 81780 9 17 900
844 81900 84840 17 15 2940
847 30660 32160 5 1 1500
848 32280 34200 1 0 1920
849 37440 39360 0 1 1920
850 39480 40980 1 5 1500
851 41100 44220 5 15 3120
852 44340 46860 15 16 2520
853 48240 50160 0 1 1920
854 50280 51780 1 5 1500
855 51900 55020 5 15 3120
856 55140 57660 15 16 2520
857 59040 60960 0 1 1920
858 61080 62580 1 5 1500
859 62700 65820 5 15 3120
860 65940 68460 15 16 2520
861 69840 71760 0 1 1920
862 71880 73380 1 5 1500
863 73500 76620 5 15 3120
864 76740 79260 15 16 2520
866 28020 29520 5 1 1500
867 29640 33120 1 2 3480
868 33240 36300 2 10 3060
869 38040 41100 10 2 3060
870 41220 44700 2 1 3480
871 44820 46320 1 5 1500
872 46440 49560 5 15 3120
873 52440 55500 10 2 3060
874 55620 59100 2 1 3480
875 59220 60720 1 5 1500
876 60840 63960 5 15 3120
877 66840 69900 10 2 3060
878 70020 73500 2 1 3480
879 73620 75120 1 5 1500
880 75240 78360 5 15 3120
883 30360 32340 6 11 1980
884 32460 33840 11 4 1380
885 36060 37440 4 11 1380
886 37560 39540 11 6 1980
887 39660 42420 6 15 2760
888 42540 45060 15 16 2520
889 46860 48240 4 11 1380
890 48360 50340 11 6 1980
891 50460 53220 6 15 2760
892 53340 55860 15 16 2520
893 57660 59040 4 11 1380
894 59160 61140 11 6 1980
895 61260 64020 6 15 2760
896 64140 66660 15 16 2520
897 68460 69840 4 11 1380
898 69960 71940 11 6 1980
899 72060 74820 6 15 2760
900 74940 77460 15 16 2520
901 78840 81360 16 15 2520
902 81480 84240 15 6 2760
903 84360 86340 6 11 1980
904 86460 87840 11 4 1380
905 90060 91440 4 11 1380
910 28260 30660 11 0 2400
911 31380 33780 0 11 2400
912 33900 37140 11 8 3240
913 38580 40980 0 11 2400
914 41100 44340 11 8 3240
915 45780 48180 0 11 2400
916 48300 51540 11 8 3240
917 52980 55380 0 11 2400
918 55500 58740 11 8 3240
919 60180 62580 0 11 2400
920 62700 65940 11 8 3240
921 67380 69780 0 11 2400
922 69900 73140 11 8 3240
923 74580 76980 0 11 2400
927 31560 33840 0 2 2280
928 34020 37080 2 10 3060
929 38760 41040 0 2 2280
930 41220 44280 2 10 3060
931 45960 48240 0 2 2280
932 48420 51480 2 10 3060
933 53160 55440 0 2 2280
934 55620 58680 2 10 3060
935 60360 62640 0 2 2280
936 62820 65880 2 10 3060
937 67560 69840 0 2 2280
938 70020 73080 2 10 3060
939 74760 77040 0 2 2280
943 30600 31980 0 14 1380
944 33660 35040 14 0 1380
945 35160 37860 0 13 2700
946 37980 40560 13 10 2580
947 44460 45840 14 0 1380
948 45960 48660 0 13 2700
949 48780 51360 13 10 2580
950 55260 56640 14 0 1380
951 56760 59460 0 13 2700
952 59580 62160 13 10 2580
953 66060 67440 14 0 1380
954 67560 70260 0 13 2700
955 70380 72960 13 10 2580
956 76860 78240 14 0 1380
960 26460 27840 14 0 1380
961 27960 30240 0 2 2280
962 30360 33120 2 7 2760
963 36120 38880 7 2 2760
964 39000 41280 2 0 2280
965 41400 42780 0 14 1380
966 42900 44160 14 8 1260
967 46920 49680 7 2 2760
968 49800 52080 2 0 2280
969 52200 53580 0 14 1380
970 53700 54960 14 8 1260
971 57720 60480 7 2 2760
972 60600 62880 2 0 2280
973 63000 64380 0 14 1380
974 64500 65760 14 8 1260
975 68520 71280 7 2 2760
976 71400 73680 2 0 2280
977 73800 75180 0 14 1380
978 75300 76560 14 8 1260
988 27180 28740 11 1 1560
989 28860 32340 1 2 3480
990 32460 35220 2 7 2760
991 36960 39720 7 2 2760
992 39840 43320 2 1 3480
993 43440 45000 1 11 1560
994 45120 47100 11 6 1980
995 47760 50520 7 2 2760
996 50640 54120 2 1 3480
997 54240 55800 1 11 1560
998 55920 57900 11 6 1980
999 58560 61320 7 2 2760
1000 61440 64920 2 1 3480
1001 65040 66600 1 11 1560
1002 66720 68700 11 6 1980
1003 69360 72120 7 2 2760
1004 72240 75720 2 1 3480
1005 75840 77400 1 11 1560
1006 77520 79500 11 6 1980
1009 30420 31920 1 5 1500
1010 32040 34560 5 9 2520
1011 34680 35580 9 17 900
1012 37020 37920 17 9 900
1013 38040 40560 9 5 2520
1014 40680 42180 5 1 1500
1015 42300 45780 1 2 3480
1016 45900 47400 2 13 1500
1017 51420 52320 17 9 900
1018 52440 54960 9 5 2520
1019 55080 56580 5 1 1500
1020 56700 60180 1 2 3480
1021 60300 61800 2 13 1500
1022 65820 66720 17 9 900
1023 66840 69360 9 5 2520
1024 69480 70980 5 1 1500
1025 71100 74580 1 2 3480
1026 74700 76200 2 13 1500
1028 26760 28740 11 6 1980
1029 28860 31620 6 15 2760
1030 31740 34260 15 16 2520
1031 35640 38160 16 15 2520
1032 38280 41040 15 6 2760
1033 41160 43140 6 11 1980
1034 43260 44640 11 4 1380
1035 46440 48960 16 15 2520
1036 49080 51840 15 6 2760
1037 51960 53940 6 11 1980
1038 54060 55440 11 4 1380
1039 57240 59760 16 15 2520
1040 59880 62640 15 6 2760
1041 62760 64740 6 11 1980
1042 64860 66240 11 4 1380
1043 68040 70560 16 15 2520
1044 70680 73440 15 6 2760
1045 73560 75540 6 11 1980
1046 75660 77040 11 4 1380
1049 30600 31980 0 14 1380
1050 32100 33360 14 8 1260
1051 35880 37140 8 14 1260
1052 37260 38640 14 0 1380
1053 38760 41040 0 2 2280
1054 41160 43920 2 7 2760
1055 46680 47940 8 14 1260
1056 48060 49440 14 0 1380
1057 49560 51840 0 2 2280
1058 51960 54720 2 7 2760
1059 57480 58740 8 14 1260
1060 58860 60240 14 0 1380
1061 60360 62640 0 2 2280
1062 62760 65520 2 7 2760
1063 68280 69540 8 14 1260
1064 69660 71040 14 0 1380
1065 71160 73440 0 2 2280
1067 25440 27720 11 12 2280
1068 27900 28500 12 14 600
1069 28620 30000 14 0 1380
1070 31380 32760 0 14 1380
1071 32880 33480 14 12 600
1072 33600 35880 12 11 2280
1073 38580 39960 0 14 1380
1074 40080 40680 14 12 600
1075 40800 43080 12 11 2280
1076 45780 47160 0 14 1380
1077 47280 47880 14 12 600
1078 48000 50280 12 11 2280
1079 52980 54360 0 14 1380
1080 54480 55080 14 12 600
1081 55200 57480 12 11 2280
1082 60180 61560 0 14 1380
1083 61680 62280 14 12 600
1084 62400 64680 12 11 2280
1085 67380 68760 0 14 1380
1086 68880 69480 14 12 600
1087 69600 71880 12 11 2280
1088 74580 75960 0 14 1380
1089 76080 76680 14 12 600
1090 76800 79080 12 11 2280
1094 33660 36600 15 17 2940
1095 36720 37620 17 9 900
1096 37860 40380 9 5 2520
1097 42660 45600 15 17 2940
1098 45720 46620 17 9 900
1099 46860 49380 9 5 2520
1100 51660 54600 15 17 2940
1101 54720 55620 17 9 900
1102 55860 58380 9 5 2520
1103 60660 63600 15 17 2940
1104 63720 64620 17 9 900
1105 64860 67380 9 5 2520
1106 69660 72600 15 17 2940
1107 72720 73620 17 9 900
1108 73860 76380 9 5 2520
1112 25980 27540 11 1 1560
1113 27660 29580 1 0 1920
1114 31560 33480 0 1 1920
1115 33600 35160 1 11 1560
1116 38760 40680 0 1 1920
1117 40800 42360 1 11 1560
1118 45960 47880 0 1 1920
1119 48000 49560 1 11 1560
1120 53160 55080 0 1 1920
1121 55200 56760 1 11 1560
1122 60360 62280 0 1 1920
1123 62400 63960 1 11 1560
1124 67560 69480 0 1 1920
1125 69600 71160 1 11 1560
1126 74760 76680 0 1 1920
1127 76800 78360 1 11 1560
1128 26160 28140 6 11 1980
1129 28260 30660 11 0 2400
1130 31380 33780 0 11 2400
1131 33900 35880 11 6 1980
1132 38580 40980 0 11 2400
1133 41100 43080 11 6 1980
1134 45780 48180 0 11 2400
1135 48300 50280 11 6 1980
1136 52980 55380 0 11 2400
1137 55500 57480 11 6 1980
1138 60180 62580 0 11 2400
1139 62700 64680 11 6 1980
1140 67380 69780 0 11 2400
1141 69900 71880 11 6 1980
1142 74580 76980 0 11 2400
1143 77100 79080 11 6 1980
1146 32640 34200 1 11 1560
1147 34320 36300 11 6 1980
1148 39480 41460 6 11 1980
1149 41580 43140 11 1 1560
1150 43260 46740 1 2 3480
1151 46860 49620 2 7 2760
1152 50280 52260 6 11 1980
1153 52380 53940 11 1 1560
1154 54060 57540 1 2 3480
1155 57660 60420 2 7 2760
1156 61080 63060 6 11 1980
1157 63180 64740 11 1 1560
1158 64860 68340 1 2 3480
1159 68460 71220 2 7 2760
1160 71880 73860 6 11 1980
1161 73980 75540 11 1 1560
1166 29880 31380 5 1 1500
1167 31500 34980 1 2 3480
1168 35100 36600 2 13 1500
1169 39600 41100 13 2 1500
1170 41220 44700 2 1 3480
1171 44820 46320 1 5 1500
1172 46440 48960 5 9 2520
1173 49080 49980 9 17 900
1174 54000 55500 13 2 1500
1175 55620 59100 2 1 3480
1176 59220 60720 1 5 1500
1177 60840 63360 5 9 2520
1178 63480 64380 9 17 900
1179 68400 69900 13 2 1500
1180 70020 73500 2 1 3480
1181 73620 75120 1 5 1500
1182 75240 77760 5 9 2520
1183 77880 78780 9 17 900
1185 29040 31200 11 5 2160
1186 31320 33840 5 9 2520
1187 35400 37920 9 5 2520
1188 38040 40200 5 11 2160
1189 40440 42840 11 0 2400
1190 46200 48720 9 5 2520
1191 48840 51000 5 11 2160
1192 51240 53640 11 0 2400
1193 57000 59520 9 5 2520
1194 59640 61800 5 11 2160
1195 62040 64440 11 0 2400
1196 67800 70320 9 5 2520
1197 70440 72600 5 11 2160
1198 72840 75240 11 0 2400
1199 78600 81120 9 5 2520
1200 81240 83400 5 11 2160
1204 30060 31560 5 1 1500
1205 31800 33840 1 0 2040
1206 34080 35460 0 14 1380
1207 37740 39120 14 0 1380
1208 39240 41160 0 1 1920
1209 41280 42780 1 5 1500
1210 42900 45420 5 9 2520
1211 45540 46440 9 17 900
1212 48540 49920 14 0 1380
1213 50040 51960 0 1 1920
1214 52080 53580 1 5 1500
1215 53700 56220 5 9 2520
1216 56340 57240 9 17 900
1217 59340 60720 14 0 1380
1218 60840 62760 0 1 1920
1219 62880 64380 1 5 1500
1220 64500 67020 5 9 2520
1221 67140 68040 9 17 900
1222 70140 71520 14 0 1380
1223 71640 73560 0 1 1920
1224 73680 75180 1 5 1500
1225 75300 77820 5 9 2520
1226 77940 78840 9 17 900
1227 26460 27840 14 0 1380
1228 27960 30660 0 13 2700
1229 30780 33360 13 10 2580
1230 35880 38460 10 13 2580
1231 38580 41280 13 0 2700
1232 41400 42780 0 14 1380
1233 46680 49260 10 13 2580
1234 49380 52080 13 0 2700
1235 52200 53580 0 14 1380
1236 57480 60060 10 13 2580
1237 60180 62880 13 0 2700
1238 63000 64380 0 14 1380
1239 68280 70860 10 13 2580
1240 70980 73680 13 0 2700
1241 73800 75180 0 14 1380
1248 34800 37440 5 9 2640
1249 37680 38580 9 17 900
1250 38700 41640 17 15 2940
1251 43800 46440 5 9 2640
1252 46680 47580 9 17 900
1253 47700 50640 17 15 2940
1254 52800 55440 5 9 2640
1255 55680 56580 9 17 900
1256 56700 59640 17 15 2940
1257 61800 64440 5 9 2640
1258 64680 65580 9 17 900
1259 65700 68640 17 15 2940
1260 70800 73440 5 9 2640
1261 73680 74580 9 17 900
1262 74700 77640 17 15 2940
1263 26580 27180 14 12 600
1264 27420 29700 12 11 2280
1265 29820 31980 11 5 2160
1266 32100 34620 5 9 2520
1267 34740 35640 9 17 900
1268 37980 38880 17 9 900
1269 39000 41520 9 5 2520
1270 41640 43800 5 11 2160
1271 43920 46200 11 12 2280
1272 46320 46920 12 14 600
1273 48780 49680 17 9 900
1274 49800 52320 9 5 2520
1275 52440 54600 5 11 2160
1276 54720 57000 11 12 2280
1277 57120 57720 12 14 600
1278 59580 60480 17 9 900
1279 60600 63120 9 5 2520
1280 63240 65400 5 11 2160
1281 65520 67800 11 12 2280
1282 67920 68520 12 14 600
1283 70380 71280 17 9 900
1284 71400 73920 9 5 2520
1285 74040 76200 5 11 2160
1286 76320 78600 11 12 2280
1287 78720 79320 12 14 600
1288 26580 27960 14 0 1380
1289 28080 30780 0 13 2700
1290 30960 32460 13 2 1500
1291 32580 35340 2 7 2760
1292 37560 40320 7 2 2760
1293 40440 41940 2 13 1500
1294 42180 44880 13 0 2700
1295 45000 46380 0 14 1380
1296 48360 51120 7 2 2760
1297 51240 52740 2 13 1500
1298 52980 55680 13 0 2700
1299 55800 57180 0 14 1380
1300 59160 61920 7 2 2760
1301 62040 63540 2 13 1500
1302 63780 66480 13 0 2700
1303 66600 67980 0 14 1380
1304 69960 72720 7 2 2760
1305 72840 74340 2 13 1500
1306 74580 77280 13 0 2700
1307 77400 78780 0 14 1380
1308 26640 28560 0 1 1920
1309 28680 30180 1 5 1500
1310 30300 33420 5 15 3120
1311 33540 36060 15 16 2520
1312 39180 41700 16 15 2520
1313 41820 44940 15 5 3120
1314 45060 46560 5 1 1500
1315 46680 48600 1 0 1920
1316 49980 52500 16 15 2520
1317 52620 55740 15 5 3120
1318 55860 57360 5 1 1500
1319 57480 59400 1 0 1920
1320 60780 63300 16 15 2520
1321 63420 66540 15 5 3120
1322 66660 68160 5 1 1500
1323 68280 70200 1 0 1920
1324 71580 74100 16 15 2520
1325 74220 77340 15 5 3120
1326 77460 78960 5 1 1500
1327 79080 81000 1 0 1920
1329 28260 30660 11 0 2400
1330 31380 33780 0 11 2400
1331 33900 35280 11 4 1380
1332 38580 40980 0 11 2400
1333 41100 42480 11 4 1380
1334 45780 48180 0 11 2400
1335 48300 49680 11 4 1380
1336 52980 55380 0 11 2400
1337 55500 56880 11 4 1380
1338 60180 62580 0 11 2400
1339 62700 64080 11 4 1380
1340 67380 69780 0 11 2400
1341 69900 71280 11 4 1380
1342 74580 76980 0 11 2400
1346 31380 34080 13 0 2700
1347 34200 35580 0 14 1380
1348 37380 38760 14 0 1380
1349 38880 41580 0 13 2700
1350 41760 43260 13 2 1500
1351 43380 46140 2 7 2760
1352 48180 49560 14 0 1380
1353 49680 52380 0 13 2700
1354 52560 54060 13 2 1500
1355 54180 56940 2 7 2760
1356 58980 60360 14 0 1380
1357 60480 63180 0 13 2700
1358 63360 64860 13 2 1500
1359 64980 67740 2 7 2760
1360 69780 71160 14 0 1380
1361 71280 73980 0 13 2700
1362 74160 75660 13 2 1500
1364 26940 28320 14 0 1380
1365 28440 30360 0 1 1920
1366 30480 31980 1 5 1500
1367 32100 34620 5 9 2520
1368 34740 35640 9 17 900
1369 37200 38100 17 9 900
1370 38220 40740 9 5 2520
1371 40860 42360 5 1 1500
1372 42600 44640 1 0 2040
1373 44880 46260 0 14 1380
1374 48000 48900 17 9 900
1375 49020 51540 9 5 2520
1376 51660 53160 5 1 1500
1377 53400 55440 1 0 2040
1378 55680 57060 0 14 1380
1379 58800 59700 17 9 900
1380 59820 62340 9 5 2520
1381 62460 63960 5 1 1500
1382 64200 66240 1 0 2040
1383 66480 67860 0 14 1380
1384 69600 70500 17 9 900
1385 70620 73140 9 5 2520
1386 73260 74760 5 1 1500
1387 75000 77040 1 0 2040
1388 77280 78660 0 14 1380
1391 30840 33000 5 11 2160
1392 33120 35400 11 12 2280
1393 35520 36120 12 14 600
1394 37380 37980 14 12 600
1395 38220 40500 12 11 2280
1396 40620 42780 11 5 2160
1397 42900 45420 5 9 2520
1398 45540 46440 9 17 900
1399 48180 48780 14 12 600
1400 49020 51300 12 11 2280
1401 51420 53580 11 5 2160
1402 53700 56220 5 9 2520
1403 56340 57240 9 17 900
1404 58980 59580 14 12 600
1405 59820 62100 12 11 2280
1406 62220 64380 11 5 2160
1407 64500 67020 5 9 2520
1408 67140 68040 9 17 900
1409 69780 70380 14 12 600
1410 70620 72900 12 11 2280
1411 73020 75180 11 5 2160
1412 75300 77820 5 9 2520
1413 77940 78840 9 17 900
1415 28620 29220 14 12 600
1416 29340 31620 12 11 2280
1417 31740 33120 11 4 1380
1418 34740 36120 4 11 1380
1419 36240 38520 11 12 2280
1420 38640 39240 12 14 600
1421 39360 40620 14 8 1260
1422 41940 43320 4 11 1380
1423 43440 45720 11 12 2280
1424 45840 46440 12 14 600
1425 46560 47820 14 8 1260
1426 49140 50520 4 11 1380
1427 50640 52920 11 12 2280
1428 53040 53640 12 14 600
1429 53760 55020 14 8 1260
1430 56340 57720 4 11 1380
1431 57840 60120 11 12 2280
1432 60240 60840 12 14 600
1433 60960 62220 14 8 1260
1434 63540 64920 4 11 1380
1435 65040 67320 11 12 2280
1436 67440 68040 12 14 600
1437 68160 69420 14 8 1260
1438 70740 72120 4 11 1380
1439 72240 74520 11 12 2280
1440 74640 75240 12 14 600
1441 75360 76620 14 8 1260
1442 77940 79320 4 11 1380
1448 34020 35520 1 5 1500
1449 35640 38760 5 15 3120
1450 42780 45900 15 5 3120
1451 46020 47520 5 1 1500
1452 47640 51120 1 2 3480
1453 51240 54300 2 10 3060
1454 57180 60300 15 5 3120
1455 60420 61920 5 1 1500
1456 62040 65520 1 2 3480
1457 65640 68700 2 10 3060
1458 71580 74700 15 5 3120
1459 74820 76320 5 1 1500
1463 29280 30660 14 0 1380
1464 31500 32880 0 14 1380
1465 33000 34800 14 3 1800
1466 38700 40080 0 14 1380
1467 40200 42000 14 3 1800
1468 45900 47280 0 14 1380
1469 47400 49200 14 3 1800
1470 53100 54480 0 14 1380
1471 54600 56400 14 3 1800
1472 60300 61680 0 14 1380
1473 61800 63600 14 3 1800
1474 67500 68880 0 14 1380
1475 69000 70800 14 3 1800
1476 74700 76080 0 14 1380
1477 76200 78000 14 3 1800
1479 29400 30660 14 8 1260
1480 31620 32880 8 14 1260
1481 33000 34800 14 3 1800
1482 38820 40080 8 14 1260
1483 40200 42000 14 3 1800
1484 46020 47280 8 14 1260
1485 47400 49200 14 3 1800
1486 53220 54480 8 14 1260
1487 54600 56400 14 3 1800
1488 60420 61680 8 14 1260
1489 61800 63600 14 3 1800
1490 67620 68880 8 14 1260
1491 69000 70800 14 3 1800
1492 74820 76080 8 14 1260
1493 76200 78000 14 3 1800
1495 29040 31320 11 12 2280
1496 31440 32040 12 14 600
1497 32160 33420 14 8 1260
1498 34440 35700 8 14 1260
1499 35820 36420 14 12 600
1500 36540 38820 12 11 2280
1501 38940 40320 11 4 1380
1502 41640 42900 8 14 1260
1503 43020 43620 14 12 600
1504 43740 46020 12 11 2280
1505 46140 47520 11 4 1380
1506 48840 50100 8 14 1260
1507 50220 50820 14 12 600
1508 50940 53220 12 11 2280
1509 53340 54720 11 4 1380
1510 56040 57300 8 14 1260
1511 57420 58020 14 12 600
1512 58140 60420 12 11 2280
1513 60540 61920 11 4 1380
1514 63240 64500 8 14 1260
1515 64620 65220 14 12 600
1516 65340 67620 12 11 2280
1517 67740 69120 11 4 1380
1518 70440 71700 8 14 1260
1519 71820 72420 14 12 600
1520 72540 74820 12 11 2280
1521 74940 76320 11 4 1380
1522 77640 78900 8 14 1260
1523 79020 79620 14 12 600
1524 79740 82020 12 11 2280
1525 82140 83520 11 4 1380
1526 27600 30240 5 9 2640
1527 30480 31380 9 17 900
1528 31500 34440 17 15 2940
1529 35460 38400 15 17 2940
1530 38520 39420 17 9 900
1531 39660 42180 9 5 2520
1532 44460 47400 15 17 2940
1533 47520 48420 17 9 900
1534 48660 51180 9 5 2520
1535 53460 56400 15 17 2940
1536 56520 57420 17 9 900
1537 57660 60180 9 5 2520
1538 62460 65400 15 17 2940
1539 65520 66420 17 9 900
1540 66660 69180 9 5 2520
1541 71460 74400 15 17 2940
1542 74520 75420 17 9 900
1543 75660 78180 9 5 2520
1544 27780 30180 0 11 2400
1545 30300 33540 11 8 3240
1546 35700 38940 8 11 3240
1547 39060 41460 11 0 2400
1548 42900 46140 8 11 3240
1549 46260 48660 11 0 2400
1550 50100 53340 8 11 3240
1551 53460 55860 11 0 2400
1552 57300 60540 8 11 3240
1553 60660 63060 11 0 2400
1554 64500 67740 8 11 3240
1555 67860 70260 11 0 2400
1556 71700 74940 8 11 3240
1557 75060 77460 11 0 2400
1558 78900 82140 8 11 3240
1560 27960 30240 0 2 2280
1561 30420 33480 2 10 3060
1562 35820 38880 10 2 3060
1563 39000 41280 2 0 2280
1564 43020 46080 10 2 3060
1565 46200 48480 2 0 2280
1566 50220 53280 10 2 3060
1567 53400 55680 2 0 2280
1568 57420 60480 10 2 3060
1569 60600 62880 2 0 2280
1570 64620 67680 10 2 3060
1571 67800 70080 2 0 2280
1572 71820 74880 10 2 3060
1573 75000 77280 2 0 2280
1577 31020 33000 6 11 1980
1578 33120 35400 11 12 2280
1579 35520 36120 12 14 600
1580 36240 38040 14 3 1800
1581 39060 40860 3 14 1800
1582 40980 41580 14 12 600
1583 41700 43980 12 11 2280
1584 44100 46080 11 6 1980
1585 46200 48960 6 15 2760
1586 49860 51660 3 14 1800
1587 51780 52380 14 12 600
1588 52500 54780 12 11 2280
1589 54900 56880 11 6 1980
1590 57000 59760 6 15 2760
1591 60660 62460 3 14 1800
1592 62580 63180 14 12 600
1593 63300 65580 12 11 2280
1594 65700 67680 11 6 1980
1595 67800 70560 6 15 2760
1596 71460 73260 3 14 1800
1597 73380 73980 14 12 600
1598 74100 76380 12 11 2280
1599 76500 78480 11 6 1980
1600 78600 81360 6 15 2760
1602 30840 33000 5 11 2160
1603 33240 35640 11 0 2400
1604 37200 39600 0 11 2400
1605 39840 42000 11 5 2160
1606 42120 44640 5 9 2520
1607 48000 50400 0 11 2400
1608 50640 52800 11 5 2160
1609 52920 55440 5 9 2520
1610 58800 61200 0 11 2400
1611 61440 63600 11 5 2160
1612 63720 66240 5 9 2520
1613 69600 72000 0 11 2400
1614 72240 74400 11 5 2160
1615 74520 77040 5 9 2520
1616 28260 30060 3 14 1800
1617 30180 30780 14 12 600
1618 30900 33180 12 11 2280
1619 33300 35280 11 6 1980
1620 35400 38160 6 15 2760
1621 38940 41700 15 6 2760
1622 41820 43800 6 11 1980
1623 43920 46200 11 12 2280
1624 46320 46920 12 14 600
1625 47040 48840 14 3 1800
1626 49740 52500 15 6 2760
1627 52620 54600 6 11 1980
1628 54720 57000 11 12 2280
1629 57120 57720 12 14 600
1630 57840 59640 14 3 1800
1631 60540 63300 15 6 2760
1632 63420 65400 6 11 1980
1633 65520 67800 11 12 2280
1634 67920 68520 12 14 600
1635 68640 70440 14 3 1800
1636 71340 74100 15 6 2760
1637 74220 76200 6 11 1980
1638 76320 78600 11 12 2280
1639 78720 79320 12 14 600
1643 32460 34980 9 5 2520
1644 36600 39240 5 9 2640
1645 39480 40380 9 17 900
1646 40500 43440 17 15 2940
1647 45600 48240 5 9 2640
1648 48480 49380 9 17 900
1649 49500 52440 17 15 2940
1650 54600 57240 5 9 2640
1651 57480 58380 9 17 900
1652 58500 61440 17 15 2940
1653 63600 66240 5 9 2640
1654 66480 67380 9 17 900
1655 67500 70440 17 15 2940
1656 72600 75240 5 9 2640
1657 75480 76380 9 17 900
1658 76500 79440 17 15 2940
1660 31020 34140 15 5 3120
1661 34260 35760 5 1 1500
1662 35880 37800 1 0 1920
1663 41040 42960 0 1 1920
1664 43080 44580 1 5 1500
1665 44700 47820 5 15 3120
1666 47940 50460 15 16 2520
1667 51840 53760 0 1 1920
1668 53880 55380 1 5 1500
1669 55500 58620 5 15 3120
1670 58740 61260 15 16 2520
1671 62640 64560 0 1 1920
1672 64680 66180 1 5 1500
1673 66300 69420 5 15 3120
1674 69540 72060 15 16 2520
1675 73440 75360 0 1 1920
1676 75480 76980 1 5 1500
1677 77100 80220 5 15 3120
1678 80340 82860 15 16 2520
1680 31620 33120 5 1 1500
1681 33240 36720 1 2 3480
1682 36840 39900 2 10 3060
1683 41640 44700 10 2 3060
1684 44820 48300 2 1 3480
1685 48420 49920 1 5 1500
1686 50040 53160 5 15 3120
1687 56040 59100 10 2 3060
1688 59220 62700 2 1 3480
1689 62820 64320 1 5 1500
1690 64440 67560 5 15 3120
1691 70440 73500 10 2 3060
1692 73620 77100 2 1 3480
1693 77220 78720 1 5 1500
1694 78840 81960 5 15 3120
1696 31080 33840 15 6 2760
1697 33960 35940 6 11 1980
1698 36060 37440 11 4 1380
1699 39660 41040 4 11 1380
1700 41160 43140 11 6 1980
1701 43260 46020 6 15 2760
1702 46140 48660 15 16 2520
1703 50460 51840 4 11 1380
1704 51960 53940 11 6 1980
1705 54060 56820 6 15 2760
1706 56940 59460 15 16 2520
1707 61260 62640 4 11 1380
1708 62760 64740 11 6 1980
1709 64860 67620 6 15 2760
1710 67740 70260 15 16 2520
1711 72060 73440 4 11 1380
1712 73560 75540 11 6 1980
1713 75660 78420 6 15 2760
1714 78540 81060 15 16 2520
1715 28500 31740 8 11 3240
1716 31860 34260 11 0 2400
1717 34980 37380 0 11 2400
1718 37500 40740 11 8 3240
1719 42180 44580 0 11 2400
1720 44700 47940 11 8 3240
1721 49380 51780 0 11 2400
1722 51900 55140 11 8 3240
1723 56580 58980 0 11 2400
1724 59100 62340 11 8 3240
1725 63780 66180 0 11 2400
1726 66300 69540 11 8 3240
1727 70980 73380 0 11 2400
1728 73500 76740 11 8 3240
1729 78180 80580 0 11 2400
1732 31800 34080 2 0 2280
1733 35160 37440 0 2 2280
1734 37620 40680 2 10 3060
1735 42360 44640 0 2 2280
1736 44820 47880 2 10 3060
1737 49560 51840 0 2 2280
1738 52020 55080 2 10 3060
1739 56760 59040 0 2 2280
1740 59220 62280 2 10 3060
1741 63960 66240 0 2 2280
1742 66420 69480 2 10 3060
1743 71160 73440 0 2 2280
1748 31380 34080 13 0 2700
1749 34200 35580 0 14 1380
1750 37260 38640 14 0 1380
1751 38760 41460 0 13 2700
1752 41580 44160 13 10 2580
1753 48060 49440 14 0 1380
1754 49560 52260 0 13 2700
1755 52380 54960 13 10 2580
1756 58860 60240 14 0 1380
1757 60360 63060 0 13 2700
1758 63180 65760 13 10 2580
1759 69660 71040 14 0 1380
1760 71160 73860 0 13 2700
1762 28680 29940 8 14 1260
1763 30060 31440 14 0 1380
1764 31560 33840 0 2 2280
1765 33960 36720 2 7 2760
1766 39720 42480 7 2 2760
1767 42600 44880 2 0 2280
1768 45000 46380 0 14 1380
1769 46500 47760 14 8 1260
1770 50520 53280 7 2 2760
1771 53400 55680 2 0 2280
1772 55800 57180 0 14 1380
1773 57300 58560 14 8 1260
1774 61320 64080 7 2 2760
1775 64200 66480 2 0 2280
1776 66600 67980 0 14 1380
1777 68100 69360 14 8 1260
1778 72120 74880 7 2 2760
1779 75000 77280 2 0 2280
1780 77400 78780 0 14 1380
1782 28680 30660 6 11 1980
1783 30780 32340 11 1 1560
1784 32460 35940 1 2 3480
1785 36060 38820 2 7 2760
1786 40560 43320 7 2 2760
1787 43440 46920 2 1 3480
1788 47040 48600 1 11 1560
1789 48720 50700 11 6 1980
1790 51360 54120 7 2 2760
1791 54240 57720 2 1 3480
1792 57840 59400 1 11 1560
1793 59520 61500 11 6 1980
1794 62160 64920 7 2 2760
1795 65040 68520 2 1 3480
1796 68640 70200 1 11 1560
1797 70320 72300 11 6 1980
1798 72960 75720 7 2 2760
1799 75840 79320 2 1 3480
1800 79440 81000 1 11 1560
1801 81120 83100 11 6 1980
1804 34020 35520 1 5 1500
1805 35640 38160 5 9 2520
1806 38280 39180 9 17 900
1807 40620 41520 17 9 900
1808 41640 44160 9 5 2520
1809 44280 45780 5 1 1500
1810 45900 49380 1 2 3480
1811 49500 51000 2 13 1500
1812 55020 55920 17 9 900
1813 56040 58560 9 5 2520
1814 58680 60180 5 1 1500
1815 60300 63780 1 2 3480
1816 63900 65400 2 13 1500
1817 69420 70320 17 9 900
1818 70440 72960 9 5 2520
1819 73080 74580 5 1 1500
1820 74700 78180 1 2 3480
1822 28860 30240 4 11 1380
1823 30360 32340 11 6 1980
1824 32460 35220 6 15 2760
1825 35340 37860 15 16 2520
1826 39240 41760 16 15 2520
1827 41880 44640 15 6 2760
1828 44760 46740 6 11 1980
1829 46860 48240 11 4 1380
1830 50040 52560 16 15 2520
1831 52680 55440 15 6 2760
1832 55560 57540 6 11 1980
1833 57660 59040 11 4 1380
1834 60840 63360 16 15 2520
1835 63480 66240 15 6 2760
1836 66360 68340 6 11 1980
1837 68460 69840 11 4 1380
1838 71640 74160 16 15 2520
1839 74280 77040 15 6 2760
1840 77160 79140 6 11 1980
1843 31800 34080 2 0 2280
1844 34200 35580 0 14 1380
1845 35700 36960 14 8 1260
1846 39480 40740 8 14 1260
1847 40860 42240 14 0 1380
1848 42360 44640 0 2 2280
1849 44760 47520 2 7 2760
1850 50280 51540 8 14 1260
1851 51660 53040 14 0 1380
1852 53160 55440 0 2 2280
1853 55560 58320 2 7 2760
1854 61080 62340 8 14 1260
1855 62460 63840 14 0 1380
1856 63960 66240 0 2 2280
1857 66360 69120 2 7 2760
1858 71880 73140 8 14 1260
1859 73260 74640 14 0 1380
1860 74760 77040 0 2 2280
1862 29040 31320 11 12 2280
1863 31500 32100 12 14 600
1864 32220 33600 14 0 1380
1865 34980 36360 0 14 1380
1866 36480 37080 14 12 600
1867 37200 39480 12 11 2280
1868 29400 32040 5 9 2640
1869 32280 33180 9 17 900
1870 33300 36240 17 15 2940
1871 37260 40200 15 17 2940
1872 40320 41220 17 9 900
1873 41460 43980 9 5 2520
1874 46260 49200 15 17 2940
1875 49320 50220 17 9 900
1876 50460 52980 9 5 2520
1877 55260 58200 15 17 2940
1878 58320 59220 17 9 900
1879 59460 61980 9 5 2520
1880 64260 67200 15 17 2940
1881 67320 68220 17 9 900
1882 68460 70980 9 5 2520
1883 73260 76200 15 17 2940
1884 76320 77220 17 9 900
1885 77460 79980 9 5 2520
1887 32640 36120 2 1 3480
1888 36240 37800 1 11 1560
1889 37920 39900 11 6 1980
1890 43080 45060 6 11 1980
1891 45180 46740 11 1 1560
1892 46860 50340 1 2 3480
1893 50460 53220 2 7 2760
1894 53880 55860 6 11 1980
1895 55980 57540 11 1 1560
1896 57660 61140 1 2 3480
1897 61260 64020 2 7 2760
1898 64680 66660 6 11 1980
1899 66780 68340 11 1 1560
1900 68460 71940 1 2 3480
1901 72060 74820 2 7 2760
1902 75480 77460 6 11 1980
1903 77580 79140 11 1 1560
1907 30840 33360 9 5 2520
1908 33480 34980 5 1 1500
1909 35100 38580 1 2 3480
1910 38700 40200 2 13 1500
1911 43200 44700 13 2 1500
1912 44820 48300 2 1 3480
1913 48420 49920 1 5 1500
1914 50040 52560 5 9 2520
1915 52680 53580 9 17 900
1916 57600 59100 13 2 1500
1917 59220 62700 2 1 3480
1918 62820 64320 1 5 1500
1919 64440 66960 5 9 2520
1920 67080 67980 9 17 900
1921 72000 73500 13 2 1500
1922 73620 77100 2 1 3480
1923 77220 78720 1 5 1500
1924 78840 81360 5 9 2520
1926 30000 32400 0 11 2400
1927 32640 34800 11 5 2160
1928 34920 37440 5 9 2520
1929 39000 41520 9 5 2520
1930 41640 43800 5 11 2160
1931 44040 46440 11 0 2400
1932 49800 52320 9 5 2520
1933 52440 54600 5 11 2160
1934 54840 57240 11 0 2400
1935 60600 63120 9 5 2520
1936 63240 65400 5 11 2160
1937 65640 68040 11 0 2400
1938 71400 73920 9 5 2520
1939 74040 76200 5 11 2160
1940 76440 78840 11 0 2400
1942 31020 33540 9 5 2520
1943 33660 35160 5 1 1500
1944 35400 37440 1 0 2040
1945 37680 39060 0 14 1380
1946 41340 42720 14 0 1380
1947 42840 44760 0 1 1920
1948 44880 46380 1 5 1500
1949 46500 49020 5 9 2520
1950 49140 50040 9 17 900
1951 52140 53520 14 0 1380
1952 53640 55560 0 1 1920
1953 55680 57180 1 5 1500
1954 57300 59820 5 9 2520
1955 59940 60840 9 17 900
1956 62940 64320 14 0 1380
1957 64440 66360 0 1 1920
1958 66480 67980 1 5 1500
1959 68100 70620 5 9 2520
1960 70740 71640 9 17 900
1961 73740 75120 14 0 1380
1962 75240 77160 0 1 1920
1963 77280 78780 1 5 1500
1964 78900 81420 5 9 2520
1966 30060 31440 14 0 1380
1967 31560 34260 0 13 2700
1968 34380 36960 13 10 2580
1969 39480 42060 10 13 2580
1970 42180 44880 13 0 2700
1971 45000 46380 0 14 1380
1972 50280 52860 10 13 2580
1973 52980 55680 13 0 2700
1974 55800 57180 0 14 1380
1975 61080 63660 10 13 2580
1976 63780 66480 13 0 2700
1977 66600 67980 0 14 1380
1978 71880 74460 10 13 2580
1979 74580 77280 13 0 2700
1980 77400 78780 0 14 1380
1981 30180 30780 14 12 600
1982 31020 33300 12 11 2280
1983 33420 35580 11 5 2160
1984 35700 38220 5 9 2520
1985 38340 39240 9 17 900
1986 41580 42480 17 9 900
1987 42600 45120 9 5 2520
1988 45240 47400 5 11 2160
1989 47520 49800 11 12 2280
1990 49920 50520 12 14 600
1991 52380 53280 17 9 900
1992 53400 55920 9 5 2520
1993 56040 58200 5 11 2160
1994 58320 60600 11 12 2280
1995 60720 61320 12 14 600
1996 63180 64080 17 9 900
1997 64200 66720 9 5 2520
1998 66840 69000 5 11 2160
1999 69120 71400 11 12 2280
2000 71520 72120 12 14 600
2001 73980 74880 17 9 900
2002 75000 77520 9 5 2520
2003 77640 79800 5 11 2160
2006 30180 31560 14 0 1380
2007 31680 34380 0 13 2700
2008 34560 36060 13 2 1500
2009 36180 38940 2 7 2760
2010 41160 43920 7 2 2760
2011 44040 45540 2 13 1500
2012 45780 48480 13 0 2700
2013 48600 49980 0 14 1380
2014 51960 54720 7 2 2760
2015 54840 56340 2 13 1500
2016 56580 59280 13 0 2700
2017 59400 60780 0 14 1380
2018 62760 65520 7 2 2760
2019 65640 67140 2 13 1500
2020 67380 70080 13 0 2700
2021 70200 71580 0 14 1380
2022 73560 76320 7 2 2760
2023 76440 77940 2 13 1500
2024 78180 80880 13 0 2700
2026 30240 32160 0 1 1920
2027 32280 33780 1 5 1500
2028 33900 37020 5 15 3120
2029 37140 39660 15 16 2520
2030 42780 45300 16 15 2520
2031 45420 48540 15 5 3120
2032 48660 50160 5 1 1500
2033 50280 52200 1 0 1920
2034 53580 56100 16 15 2520
2035 56220 59340 15 5 3120
2036 59460 60960 5 1 1500
2037 61080 63000 1 0 1920
2038 64380 66900 16 15 2520
2039 67020 70140 15 5 3120
2040 70260 71760 5 1 1500
2041 71880 73800 1 0 1920
2042 75180 77700 16 15 2520
2043 77820 80940 15 5 3120
2044 81060 82560 5 1 1500
2047 33240 34740 2 13 1500
2048 34980 37680 13 0 2700
2049 37800 39180 0 14 1380
2050 40980 42360 14 0 1380
2051 42480 45180 0 13 2700
2052 45360 46860 13 2 1500
2053 46980 49740 2 7 2760
2054 51780 53160 14 0 1380
2055 53280 55980 0 13 2700
2056 56160 57660 13 2 1500
2057 57780 60540 2 7 2760
2058 62580 63960 14 0 1380
2059 64080 66780 0 13 2700
2060 66960 68460 13 2 1500
2061 68580 71340 2 7 2760
2062 73380 74760 14 0 1380
2063 74880 77580 0 13 2700
2066 30540 31920 14 0 1380
2067 32040 33960 0 1 1920
2068 34080 35580 1 5 1500
2069 35700 38220 5 9 2520
2070 38340 39240 9 17 900
2071 40800 41700 17 9 900
2072 41820 44340 9 5 2520
2073 44460 45960 5 1 1500
2074 46200 48240 1 0 2040
2075 48480 49860 0 14 1380
2076 51600 52500 17 9 900
2077 52620 55140 9 5 2520
2078 55260 56760 5 1 1500
2079 57000 59040 1 0 2040
2080 59280 60660 0 14 1380
2081 62400 63300 17 9 900
2082 63420 65940 9 5 2520
2083 66060 67560 5 1 1500
2084 67800 69840 1 0 2040
2085 70080 71460 0 14 1380
2086 73200 74100 17 9 900
2087 74220 76740 9 5 2520
2088 76860 78360 5 1 1500
2089 78600 80640 1 0 2040
2092 31800 34320 9 5 2520
2093 34440 36600 5 11 2160
2094 36720 39000 11 12 2280
2095 39120 39720 12 14 600
2096 40980 41580 14 12 600
2097 41820 44100 12 11 2280
2098 44220 46380 11 5 2160
2099 46500 49020 5 9 2520
2100 49140 50040 9 17 900
2101 51780 52380 14 12 600
2102 52620 54900 12 11 2280
2103 55020 57180 11 5 2160
2104 57300 59820 5 9 2520
2105 59940 60840 9 17 900
2106 62580 63180 14 12 600
2107 63420 65700 12 11 2280
2108 65820 67980 11 5 2160
2109 68100 70620 5 9 2520
2110 70740 71640 9 17 900
2111 73380 73980 14 12 600
2112 74220 76500 12 11 2280
2113 76620 78780 11 5 2160
2114 78900 81420 5 9 2520
2117 34020 37500 2 1 3480
2118 37620 39120 1 5 1500
2119 39240 42360 5 15 3120
2120 46380 49500 15 5 3120
2121 49620 51120 5 1 1500
2122 51240 54720 1 2 3480
2123 54840 57900 2 10 3060
2124 60780 63900 15 5 3120
2125 64020 65520 5 1 1500
2126 65640 69120 1 2 3480
2127 69240 72300 2 10 3060
2128 75180 78300 15 5 3120
2129 78420 79920 5 1 1500
2132 31740 34500 15 6 2760
2133 34620 36600 6 11 1980
2134 36720 39000 11 12 2280
2135 39120 39720 12 14 600
2136 39840 41640 14 3 1800
2137 42660 44460 3 14 1800
2138 44580 45180 14 12 600
2139 45300 47580 12 11 2280
2140 47700 49680 11 6 1980
2141 49800 52560 6 15 2760
2142 53460 55260 3 14 1800
2143 55380 55980 14 12 600
2144 56100 58380 12 11 2280
2145 58500 60480 11 6 1980
2146 60600 63360 6 15 2760
2147 64260 66060 3 14 1800
2148 66180 66780 14 12 600
2149 66900 69180 12 11 2280
2150 69300 71280 11 6 1980
2151 71400 74160 6 15 2760
2152 75060 76860 3 14 1800
2153 76980 77580 14 12 600
2154 77700 79980 12 11 2280
2155 80100 82080 11 6 1980
2156 82200 84960 6 15 2760
2157 31860 33660 3 14 1800
2158 33780 34380 14 12 600
2159 34500 36780 12 11 2280
2160 36900 38880 11 6 1980
2161 39000 41760 6 15 2760
2162 42540 45300 15 6 2760
2163 45420 47400 6 11 1980
2164 47520 49800 11 12 2280
2165 49920 50520 12 14 600
2166 50640 52440 14 3 1800
2167 53340 56100 15 6 2760
2168 56220 58200 6 11 1980
2169 58320 60600 11 12 2280
2170 60720 61320 12 14 600
2171 61440 63240 14 3 1800
2172 64140 66900 15 6 2760
2173 67020 69000 6 11 1980
2174 69120 71400 11 12 2280
2175 71520 72120 12 14 600
2176 72240 74040 14 3 1800
2177 74940 77700 15 6 2760
2178 77820 79800 6 11 1980
2182 31980 34500 16 15 2520
2183 34620 37740 15 5 3120
2184 37860 39360 5 1 1500
2185 39480 41400 1 0 1920
2186 44640 46560 0 1 1920
2187 46680 48180 1 5 1500
2188 48300 51420 5 15 3120
2189 51540 54060 15 16 2520
2190 55440 57360 0 1 1920
2191 57480 58980 1 5 1500
2192 59100 62220 5 15 3120
2193 62340 64860 15 16 2520
2194 66240 68160 0 1 1920
2195 68280 69780 1 5 1500
2196 69900 73020 5 15 3120
2197 73140 75660 15 16 2520
2198 77040 78960 0 1 1920
2199 79080 80580 1 5 1500
2200 80700 83820 5 15 3120
2202 31980 35100 15 5 3120
2203 35220 36720 5 1 1500
2204 36840 40320 1 2 3480
2205 40440 43500 2 10 3060
2206 45240 48300 10 2 3060
2207 48420 51900 2 1 3480
2208 52020 53520 1 5 1500
2209 53640 56760 5 15 3120
2210 59640 62700 10 2 3060
2211 62820 66300 2 1 3480
2212 66420 67920 1 5 1500
2213 68040 71160 5 15 3120
2214 74040 77100 10 2 3060
2215 77220 80700 2 1 3480
2216 80820 82320 1 5 1500
2217 82440 85560 5 15 3120
2218 32280 34260 6 11 1980
2219 34380 35940 11 1 1560
2220 36060 39540 1 2 3480
2221 39660 42420 2 7 2760
2222 44160 46920 7 2 2760
2223 47040 50520 2 1 3480
2224 50640 52200 1 11 1560
2225 52320 54300 11 6 1980
2226 54960 57720 7 2 2760
2227 57840 61320 2 1 3480
2228 61440 63000 1 11 1560
2229 63120 65100 11 6 1980
2230 65760 68520 7 2 2760
2231 68640 72120 2 1 3480
2232 72240 73800 1 11 1560
2233 73920 75900 11 6 1980
2234 76560 79320 7 2 2760
2235 79440 82920 2 1 3480
2236 83040 84600 1 11 1560
2237 84720 86700 11 6 1980
2238 32400 33900 13 2 1500
2239 34020 37500 2 1 3480
2240 37620 39120 1 5 1500
2241 39240 41760 5 9 2520
2242 41880 42780 9 17 900
2243 44220 45120 17 9 900
2244 45240 47760 9 5 2520
2245 47880 49380 5 1 1500
2246 49500 52980 1 2 3480
2247 53100 54600 2 13 1500
2248 58620 59520 17 9 900
2249 59640 62160 9 5 2520
2250 62280 63780 5 1 1500
2251 63900 67380 1 2 3480
2252 67500 69000 2 13 1500
2253 73020 73920 17 9 900
2254 74040 76560 9 5 2520
2255 76680 78180 5 1 1500
2258 32460 33840 4 11 1380
2259 33960 35940 11 6 1980
2260 36060 38820 6 15 2760
2261 38940 41460 15 16 2520
2262 42840 45360 16 15 2520
2263 45480 48240 15 6 2760
2264 48360 50340 6 11 1980
2265 50460 51840 11 4 1380
2267 35400 37680 2 0 2280
2268 37800 39180 0 14 1380
2269 39300 40560 14 8 1260
2270 43080 44340 8 14 1260
2271 44460 45840 14 0 1380
2272 45960 48240 0 2 2280
2273 48360 51120 2 7 2760
2274 33180 34740 11 1 1560
2275 34860 36780 1 0 1920
2276 38760 40680 0 1 1920
2277 40800 42360 1 11 1560
2278 33360 35340 6 11 1980
2279 35460 37860 11 0 2400
2280 38580 40980 0 11 2400
2281 41100 43080 11 6 1980
2283 36240 39720 2 1 3480
2284 39840 41400 1 11 1560
2285 41520 43500 11 6 1980
2286 46680 48660 6 11 1980
2287 48780 50340 11 1 1560
2288 50460 53940 1 2 3480
2289 54060 56820 2 7 2760
2290 33840 35760 0 1 1920
2291 35880 37380 1 5 1500
2292 37500 40620 5 15 3120
2293 40740 43260 15 16 2520
2294 46380 48900 16 15 2520
2295 49020 52140 15 5 3120
2296 52260 53760 5 1 1500
2297 53880 55800 1 0 1920
2298 33960 35340 4 11 1380
2299 35460 37860 11 0 2400
2300 38580 40980 0 11 2400
2301 41100 42480 11 4 1380
2302 34440 37500 10 2 3060
2303 37620 41100 2 1 3480
2304 41220 42720 1 5 1500
2305 42840 45960 5 15 3120
2306 49980 53100 15 5 3120
2307 53220 54720 5 1 1500
2308 54840 58320 1 2 3480
2309 58440 61500 2 10 3060
2310 64380 67500 15 5 3120
2311 67620 69120 5 1 1500
2312 69240 72720 1 2 3480
2314 78780 81900 15 5 3120
2318 34560 36360 3 14 1800
2319 36480 37860 14 0 1380
2320 38700 40080 0 14 1380
2321 40200 42000 14 3 1800
2322 34680 36480 3 14 1800
2323 36600 37860 14 8 1260
2324 38820 40080 8 14 1260
2325 40200 42000 14 3 1800
2326 35580 38700 15 5 3120
2327 38820 40320 5 1 1500
2328 40440 43920 1 2 3480
2329 44040 47100 2 10 3060
2330 48840 51900 10 2 3060
2331 52020 55500 2 1 3480
2332 55620 57120 1 5 1500
2333 57240 60360 5 15 3120
2334 63240 66300 10 2 3060
2335 66420 69900 2 1 3480
2336 70020 71520 1 5 1500
2337 71640 74760 5 15 3120
2342 36240 38520 11 12 2280
2343 38700 39300 12 14 600
2344 39420 40800 14 0 1380
2345 42180 43560 0 14 1380
2346 43680 44280 14 12 600
2347 44400 46680 12 11 2280
2348 38400 41040 5 9 2640
2349 41280 42180 9 17 900
2350 42300 45240 17 15 2940
2351 46260 49200 15 17 2940
2352 49320 50220 17 9 900
2353 50460 52980 9 5 2520
2354 40380 41940 11 1 1560
2355 42060 43980 1 0 1920
2356 45960 47880 0 1 1920
2357 48000 49560 1 11 1560
2358 40560 42540 6 11 1980
2359 42660 45060 11 0 2400
2360 45780 48180 0 11 2400
2361 48300 50280 11 6 1980
2362 40800 43200 0 11 2400
2363 43440 45600 11 5 2160
2364 45720 48240 5 9 2520
2365 49800 52320 9 5 2520
2366 52440 54600 5 11 2160
2367 54840 57240 11 0 2400
2368 40860 42240 14 0 1380
2369 42360 45060 0 13 2700
2370 45180 47760 13 10 2580
2371 50280 52860 10 13 2580
2372 52980 55680 13 0 2700
2373 55800 57180 0 14 1380
2374 41160 42540 4 11 1380
2375 42660 45060 11 0 2400
2376 45780 48180 0 11 2400
2377 48300 49680 11 4 1380
2378 41760 43560 3 14 1800
2379 43680 45060 14 0 1380
2380 45900 47280 0 14 1380
2381 47400 49200 14 3 1800
2382 41880 43680 3 14 1800
2383 43800 45060 14 8 1260
2384 46020 47280 8 14 1260
2385 47400 49200 14 3 1800
2386 43260 44640 4 11 1380
2387 44760 46740 11 6 1980
2388 46860 49620 6 15 2760
2389 49740 52260 15 16 2520
2390 53640 56160 16 15 2520
2391 56280 59040 15 6 2760
2392 59160 61140 6 11 1980
2393 61260 62640 11 4 1380
2394 43320 46080 7 2 2760
2395 46200 48480 2 0 2280
2396 48600 49980 0 14 1380
2397 50100 51360 14 8 1260
2398 53880 55140 8 14 1260
2399 55260 56640 14 0 1380
2400 56760 59040 0 2 2280
2401 59160 61920 2 7 2760
2402 43440 45720 11 12 2280
2403 45900 46500 12 14 600
2404 46620 48000 14 0 1380
2405 49380 50760 0 14 1380
2406 50880 51480 14 12 600
2407 51600 53880 12 11 2280
2408 46800 48300 13 2 1500
2409 48420 51900 2 1 3480
2410 52020 53520 1 5 1500
2411 53640 56160 5 9 2520
2412 56280 57180 9 17 900
2413 58620 59520 17 9 900
2414 59640 62160 9 5 2520
2415 62280 63780 5 1 1500
2416 63900 67380 1 2 3480
2417 67500 69000 2 13 1500
2418 47400 50040 5 9 2640
2419 50280 51180 9 17 900
2420 51300 54240 17 15 2940
2421 55260 58200 15 17 2940
2422 58320 59220 17 9 900
2423 59460 61980 9 5 2520
2424 47580 49140 11 1 1560
2425 49260 51180 1 0 1920
2426 53160 55080 0 1 1920
2427 55200 56760 1 11 1560
2428 47760 49740 6 11 1980
2429 49860 52260 11 0 2400
2430 52980 55380 0 11 2400
2431 55500 57480 11 6 1980
2432 48360 49740 4 11 1380
2433 49860 52260 11 0 2400
2434 52980 55380 0 11 2400
2435 55500 56880 11 4 1380
2436 48960 50760 3 14 1800
2437 50880 52260 14 0 1380
2438 53100 54480 0 14 1380
2439 54600 56400 14 3 1800
2440 49080 50880 3 14 1800
2441 51000 52260 14 8 1260
2442 53220 54480 8 14 1260
2443 54600 56400 14 3 1800
2444 50640 52920 11 12 2280
2445 53100 53700 12 14 600
2446 53820 55200 14 0 1380
2447 56580 57960 0 14 1380
2448 58080 58680 14 12 600
2449 58800 61080 12 11 2280
2450 51600 54000 0 11 2400
2451 54240 56400 11 5 2160
2452 56520 59040 5 9 2520
2453 60600 63120 9 5 2520
2454 63240 65400 5 11 2160
2455 65640 68040 11 0 2400
2456 51660 53040 14 0 1380
2457 53160 55860 0 13 2700
2458 55980 58560 13 10 2580
2459 61080 63660 10 13 2580
2460 63780 66480 13 0 2700
2461 66600 67980 0 14 1380
2462 54060 55440 4 11 1380
2463 55560 57540 11 6 1980
2464 57660 60420 6 15 2760
2465 60540 63060 15 16 2520
2466 64440 66960 16 15 2520
2467 67080 69840 15 6 2760
2468 69960 71940 6 11 1980
2469 72060 73440 11 4 1380
2470 54120 56880 7 2 2760
2471 57000 59280 2 0 2280
2472 59400 60780 0 14 1380
2473 60900 62160 14 8 1260
2474 64680 65940 8 14 1260
2475 66060 67440 14 0 1380
2476 67560 69840 0 2 2280
2477 69960 72720 2 7 2760
2478 54780 56340 11 1 1560
2479 56460 58380 1 0 1920
2480 60360 62280 0 1 1920
2481 62400 63960 1 11 1560
2482 54960 56940 6 11 1980
2483 57060 59460 11 0 2400
2484 60180 62580 0 11 2400
2485 62700 64680 11 6 1980
2486 55560 56940 4 11 1380
2487 57060 59460 11 0 2400
2488 60180 62580 0 11 2400
2489 62700 64080 11 4 1380
2490 56160 57960 3 14 1800
2491 58080 59460 14 0 1380
2492 60300 61680 0 14 1380
2493 61800 63600 14 3 1800
2494 56280 58080 3 14 1800
2495 58200 59460 14 8 1260
2496 60420 61680 8 14 1260
2497 61800 63600 14 3 1800
2498 56400 59040 5 9 2640
2499 59280 60180 9 17 900
2500 60300 63240 17 15 2940
2501 64260 67200 15 17 2940
2502 67320 68220 17 9 900
2503 68460 70980 9 5 2520
2504 57840 60120 11 12 2280
2505 60300 60900 12 14 600
2506 61020 62400 14 0 1380
2507 63780 65160 0 14 1380
2508 65280 65880 14 12 600
2509 66000 68280 12 11 2280
2510 61200 62700 13 2 1500
2511 62820 66300 2 1 3480
2512 66420 67920 1 5 1500
2513 68040 70560 5 9 2520
2514 70680 71580 9 17 900
2515 73020 73920 17 9 900
2516 74040 76560 9 5 2520
2517 76680 78180 5 1 1500
2520 61980 63540 11 1 1560
2521 63660 65580 1 0 1920
2522 67560 69480 0 1 1920
2523 69600 71160 1 11 1560
2524 62160 64140 6 11 1980
2525 64260 66660 11 0 2400
2526 67380 69780 0 11 2400
2527 69900 71880 11 6 1980
2528 62400 64800 0 11 2400
2529 65040 67200 11 5 2160
2530 67320 69840 5 9 2520
2531 71400 73920 9 5 2520
2532 74040 76200 5 11 2160
2533 76440 78840 11 0 2400
2534 62460 63840 14 0 1380
2535 63960 66660 0 13 2700
2536 66780 69360 13 10 2580
2537 71880 74460 10 13 2580
2538 74580 77280 13 0 2700
2539 77400 78780 0 14 1380
2540 62760 64140 4 11 1380
2541 64260 66660 11 0 2400
2542 67380 69780 0 11 2400
2543 69900 71280 11 4 1380
2544 63360 65160 3 14 1800
2545 65280 66660 14 0 1380
2546 67500 68880 0 14 1380
2547 69000 70800 14 3 1800
2548 63480 65280 3 14 1800
2549 65400 66660 14 8 1260
2550 67620 68880 8 14 1260
2551 69000 70800 14 3 1800
2552 64860 66240 4 11 1380
2553 66360 68340 11 6 1980
2554 68460 71220 6 15 2760
2555 71340 73860 15 16 2520
2556 75240 77760 16 15 2520
2557 77880 80640 15 6 2760
2558 80760 82740 6 11 1980
2559 82860 84240 11 4 1380
2560 64920 67680 7 2 2760
2561 67800 70080 2 0 2280
2562 70200 71580 0 14 1380
2563 71700 72960 14 8 1260
2564 75480 76740 8 14 1260
2565 76860 78240 14 0 1380
2568 65040 67320 11 12 2280
2569 67500 68100 12 14 600
2570 68220 69600 14 0 1380
2571 70980 72360 0 14 1380
2572 72480 73080 14 12 600
2573 73200 75480 12 11 2280
2574 65400 68040 5 9 2640
2575 68280 69180 9 17 900
2576 69300 72240 17 15 2940
2577 73260 76200 15 17 2940
2578 76320 77220 17 9 900
2579 77460 79980 9 5 2520
2580 69180 70740 11 1 1560
2581 70860 72780 1 0 1920
2582 74760 76680 0 1 1920
2583 76800 78360 1 11 1560
2584 69360 71340 6 11 1980
2585 71460 73860 11 0 2400
2586 74580 76980 0 11 2400
2587 77100 79080 11 6 1980
2588 69960 71340 4 11 1380
2589 71460 73860 11 0 2400
2590 74580 76980 0 11 2400
2592 70560 72360 3 14 1800
2593 72480 73860 14 0 1380
2594 74700 76080 0 14 1380
2595 76200 78000 14 3 1800
2596 70680 72480 3 14 1800
2597 72600 73860 14 8 1260
2598 74820 76080 8 14 1260
2599 76200 78000 14 3 1800
2600 72240 74520 11 12 2280
2601 74700 75300 12 14 600
2602 75420 76800 14 0 1380
2603 78180 79560 0 14 1380
2604 79680 80280 14 12 600
2605 80400 82680 12 11 2280
2606 73200 75600 0 11 2400
2607 75840 78000 11 5 2160
2608 78120 80640 5 9 2520
2609 82200 84720 9 5 2520
2610 84840 87000 5 11 2160
2612 73260 74640 14 0 1380
2613 74760 77460 0 13 2700
2618 74400 77040 5 9 2640
2619 77280 78180 9 17 900
2620 78300 81240 17 15 2940
2624 75600 77100 13 2 1500
2625 77220 80700 2 1 3480
2626 80820 82320 1 5 1500
2634 75660 77040 4 11 1380
2635 77160 79140 11 6 1980
2636 79260 82020 6 15 2760
2637 82140 84660 15 16 2520
2638 86040 88560 16 15 2520
2639 88680 91440 15 6 2760
2640 91560 93540 6 11 1980
2642 75720 78480 7 2 2760
2643 78600 80880 2 0 2280
2650 76380 77940 11 1 1560
2651 78060 79980 1 0 1920
2652 81960 83880 0 1 1920
2653 84000 85560 1 11 1560
2654 76560 78540 6 11 1980
2655 78660 81060 11 0 2400
2656 81780 84180 0 11 2400
2657 84300 86280 11 6 1980
2658 77160 78540 4 11 1380
2659 78660 81060 11 0 2400
2660 81780 84180 0 11 2400
2661 84300 85680 11 4 1380
2662 77760 79560 3 14 1800
2663 79680 81060 14 0 1380
2666 77880 79680 3 14 1800
