0 14 23
12 14 10
8 14 21
1 11 26
9 17 15
0 2 38
10 13 43
15 16 42
14 0 23
14 12 10
14 8 21
11 1 26
17 9 15
2 0 38
13 10 43
16 15 42
5 11 36
11 5 36
0 13 45
13 0 45
0 11 40
11 0 40
2 18 13
18 2 13
13 18 10
18 13 10
5 19 13
19 5 13
15 19 37
19 15 37
15 20 32
20 15 32
6 20 12
20 6 12
4 21 11
21 4 11
11 21 10
21 11 10
5 22 30
22 5 30
9 22 10
22 9 10
7 23 12
23 7 12
8 24 25
24 8 25
11 24 27
24 11 27
2 25 13
25 2 13
23 25 17
25 23 17
6 26 5
26 6 5
0 27 18
27 0 18
1 27 12
27 1 12
11 28 20
28 11 20
12 28 16
28 12 16
11 29 19
29 11 19
26 29 5
29 26 5
3 30 19
30 3 19
14 30 9
30 14 9
2 31 17
31 2 17
10 31 32
31 10 32
2 32 7
32 2 7
5 33 15
33 5 15
1 33 8
33 1 8
1 34 42
34 1 42
32 34 5
34 32 5
15 35 34
35 15 34
17 35 13
35 17 13
