2 24960 26340 1 7 1380
3 26460 27240 7 4 780
4 27360 28020 4 5 660
5 30900 31560 5 4 660
6 31680 32460 4 7 780
7 32580 33960 7 1 1380
8 34080 36240 1 11 2160
9 36360 37320 11 12 960
10 38100 38760 5 4 660
11 38880 39660 4 7 780
12 39780 41160 7 1 1380
13 41280 43440 1 11 2160
14 43560 44520 11 12 960
15 45300 45960 5 4 660
16 46080 46860 4 7 780
17 46980 48360 7 1 1380
18 48480 50640 1 11 2160
19 50760 51720 11 12 960
20 52500 53160 5 4 660
21 53280 54060 4 7 780
22 54180 55560 7 1 1380
23 55680 57840 1 11 2160
24 57960 58920 11 12 960
25 59700 60360 5 4 660
26 60480 61260 4 7 780
27 61380 62760 7 1 1380
28 62880 65040 1 11 2160
29 65160 66120 11 12 960
30 66900 67560 5 4 660
31 67680 68460 4 7 780
32 68580 69960 7 1 1380
33 70080 72240 1 11 2160
34 72360 73320 11 12 960
35 74100 74760 5 4 660
36 74880 75660 4 7 780
37 75780 77160 7 1 1380
38 77280 79440 1 11 2160
45 29340 30000 5 4 660
46 30120 30900 4 7 780
47 31020 31860 7 0 840
48 34380 36420 13 5 2040
49 36540 37200 5 4 660
50 37320 38100 4 7 780
51 38220 39060 7 0 840
52 41580 43620 13 5 2040
53 43740 44400 5 4 660
54 44520 45300 4 7 780
55 45420 46260 7 0 840
56 48780 50820 13 5 2040
57 50940 51600 5 4 660
58 51720 52500 4 7 780
59 52620 53460 7 0 840
60 55980 58020 13 5 2040
61 58140 58800 5 4 660
62 58920 59700 4 7 780
63 59820 60660 7 0 840
64 63180 65220 13 5 2040
65 65340 66000 5 4 660
66 66120 66900 4 7 780
67 67020 67860 7 0 840
68 70380 72420 13 5 2040
69 72540 73200 5 4 660
70 73320 74100 4 7 780
71 74220 75060 7 0 840
72 77580 79620 13 5 2040
73 79740 80400 5 4 660
74 80520 81300 4 7 780
77 23940 25320 1 7 1380
78 25440 26280 7 0 840
79 27240 28080 0 7 840
80 28200 29580 7 1 1380
81 29700 31860 1 11 2160
82 34440 35280 0 7 840
83 35400 36780 7 1 1380
84 36900 39060 1 11 2160
85 41640 42480 0 7 840
86 42600 43980 7 1 1380
87 44100 46260 1 11 2160
88 48840 49680 0 7 840
89 49800 51180 7 1 1380
90 51300 53460 1 11 2160
91 56040 56880 0 7 840
92 57000 58380 7 1 1380
93 58500 60660 1 11 2160
94 63240 64080 0 7 840
95 64200 65580 7 1 1380
96 65700 67860 1 11 2160
97 70440 71280 0 7 840
98 71400 72780 7 1 1380
99 72900 75060 1 11 2160
100 77640 78480 0 7 840
101 78600 79980 7 1 1380
106 30720 31800 0 4 1080
107 31920 33540 4 6 1620
108 33780 36540 6 3 2760
109 37920 39000 0 4 1080
110 39120 40740 4 6 1620
111 40980 43740 6 3 2760
112 45120 46200 0 4 1080
113 46320 47940 4 6 1620
114 48180 50940 6 3 2760
115 52320 53400 0 4 1080
116 53520 55140 4 6 1620
117 55380 58140 6 3 2760
118 59520 60600 0 4 1080
119 60720 62340 4 6 1620
120 62580 65340 6 3 2760
121 66720 67800 0 4 1080
122 67920 69540 4 6 1620
123 69780 72540 6 3 2760
124 73920 75000 0 4 1080
125 75120 76740 4 6 1620
130 25920 28080 1 11 2160
131 28200 29040 11 9 840
132 29640 30480 9 11 840
133 30600 32760 11 1 2160
134 32880 34260 1 7 1380
135 34380 35160 7 4 780
136 35280 36900 4 6 1620
137 40440 41280 9 11 840
138 41400 43560 11 1 2160
139 43680 45060 1 7 1380
140 45180 45960 7 4 780
141 46080 47700 4 6 1620
142 51240 52080 9 11 840
143 52200 54360 11 1 2160
144 54480 55860 1 7 1380
145 55980 56760 7 4 780
146 56880 58500 4 6 1620
147 62040 62880 9 11 840
148 63000 65160 11 1 2160
149 65280 66660 1 7 1380
150 66780 67560 7 4 780
151 67680 69300 4 6 1620
152 72840 73680 9 11 840
153 73800 75960 11 1 2160
154 76080 77460 1 7 1380
155 77580 78360 7 4 780
158 24900 26280 1 7 1380
159 26400 27180 7 4 780
160 27300 28380 4 0 1080
161 29520 30600 0 4 1080
162 30840 31620 4 7 780
163 31800 33180 7 1 1380
164 33360 36180 1 15 2820
165 40320 41400 0 4 1080
166 41640 42420 4 7 780
167 42600 43980 7 1 1380
168 44160 46980 1 15 2820
169 51120 52200 0 4 1080
170 52440 53220 4 7 780
171 53400 54780 7 1 1380
172 54960 57780 1 15 2820
173 61920 63000 0 4 1080
174 63240 64020 4 7 780
175 64200 65580 7 1 1380
176 65760 68580 1 15 2820
177 72720 73800 0 4 1080
178 74040 74820 4 7 780
179 75000 76380 7 1 1380
184 30180 31260 0 4 1080
185 31500 32160 4 5 660
186 32280 35880 5 18 3600
187 37380 38460 0 4 1080
188 38700 39360 4 5 660
189 39480 43080 5 18 3600
190 44580 45660 0 4 1080
191 45900 46560 4 5 660
192 46680 50280 5 18 3600
193 51780 52860 0 4 1080
194 53100 53760 4 5 660
195 53880 57480 5 18 3600
196 58980 60060 0 4 1080
197 60300 60960 4 5 660
198 61080 64680 5 18 3600
199 66180 67260 0 4 1080
200 67500 68160 4 5 660
201 68280 71880 5 18 3600
202 73380 74460 0 4 1080
203 74700 75360 4 5 660
207 26880 27960 0 4 1080
208 28080 28740 4 5 660
209 28860 30900 5 13 2040
210 32220 34260 13 5 2040
211 34380 35040 5 4 660
212 35160 36240 4 0 1080
213 36360 38220 0 2 1860
214 38340 41160 2 17 2820
215 43020 45060 13 5 2040
216 45180 45840 5 4 660
217 45960 47040 4 0 1080
218 47160 49020 0 2 1860
219 49140 51960 2 17 2820
220 53820 55860 13 5 2040
221 55980 56640 5 4 660
222 56760 57840 4 0 1080
223 57960 59820 0 2 1860
224 59940 62760 2 17 2820
225 64620 66660 13 5 2040
226 66780 67440 5 4 660
227 67560 68640 4 0 1080
228 68760 70620 0 2 1860
229 70740 73560 2 17 2820
230 75420 77460 13 5 2040
231 77580 78240 5 4 660
232 78360 79440 4 0 1080
235 22080 25020 1 10 2940
236 25140 26640 10 2 1500
237 30000 31500 2 10 1500
238 31740 34680 10 1 2940
239 37200 38700 2 10 1500
240 38940 41880 10 1 2940
241 44400 45900 2 10 1500
242 46140 49080 10 1 2940
243 51600 53100 2 10 1500
244 53340 56280 10 1 2940
245 58800 60300 2 10 1500
246 60540 63480 10 1 2940
247 66000 67500 2 10 1500
248 67740 70680 10 1 2940
249 73200 74700 2 10 1500
250 74940 77880 10 1 2940
254 26160 28980 1 15 2820
255 32760 35580 15 1 2820
256 35700 37080 1 7 1380
257 37200 37980 7 4 780
258 38100 39180 4 0 1080
259 39960 42780 15 1 2820
260 42900 44280 1 7 1380
261 44400 45180 7 4 780
262 45300 46380 4 0 1080
263 47160 49980 15 1 2820
264 50100 51480 1 7 1380
265 51600 52380 7 4 780
266 52500 53580 4 0 1080
267 54360 57180 15 1 2820
268 57300 58680 1 7 1380
269 58800 59580 7 4 780
270 59700 60780 4 0 1080
271 61560 64380 15 1 2820
272 64500 65880 1 7 1380
273 66000 66780 7 4 780
274 66900 67980 4 0 1080
275 68760 71580 15 1 2820
276 71700 73080 1 7 1380
277 73200 73980 7 4 780
278 74100 75180 4 0 1080
279 75960 78780 15 1 2820
280 78900 80280 1 7 1380
285 24780 27300 1 9 2520
286 27420 29280 9 16 1860
287 31080 32940 16 9 1860
288 33060 35580 9 1 2520
289 35700 37080 1 7 1380
290 37200 38040 7 0 840
291 41880 43740 16 9 1860
292 43860 46380 9 1 2520
293 46500 47880 1 7 1380
294 48000 48840 7 0 840
295 52680 54540 16 9 1860
296 54660 57180 9 1 2520
297 57300 58680 1 7 1380
298 58800 59640 7 0 840
299 63480 65340 16 9 1860
300 65460 67980 9 1 2520
301 68100 69480 1 7 1380
302 69600 70440 7 0 840
303 74280 76140 16 9 1860
304 76260 78780 9 1 2520
305 78900 80280 1 7 1380
310 30660 31500 11 9 840
311 31620 33360 9 15 1740
312 33480 35760 15 18 2280
313 37860 38700 11 9 840
314 38820 40560 9 15 1740
315 40680 42960 15 18 2280
316 45060 45900 11 9 840
317 46020 47760 9 15 1740
318 47880 50160 15 18 2280
319 52260 53100 11 9 840
320 53220 54960 9 15 1740
321 55080 57360 15 18 2280
322 59460 60300 11 9 840
323 60420 62160 9 15 1740
324 62280 64560 15 18 2280
325 66660 67500 11 9 840
326 67620 69360 9 15 1740
327 69480 71760 15 18 2280
328 73860 74700 11 9 840
329 74820 76560 9 15 1740
333 30780 33720 2 3 2940
334 33840 36360 3 17 2520
335 37980 40920 2 3 2940
336 41040 43560 3 17 2520
337 45180 48120 2 3 2940
338 48240 50760 3 17 2520
339 52380 55320 2 3 2940
340 55440 57960 3 17 2520
341 59580 62520 2 3 2940
342 62640 65160 3 17 2520
343 66780 69720 2 3 2940
344 69840 72360 3 17 2520
349 25680 27060 1 7 1380
350 27180 27960 7 4 780
351 28080 29700 4 6 1620
352 32580 34200 6 4 1620
353 34320 35100 4 7 780
354 35220 36600 7 1 1380
355 36720 38880 1 11 2160
356 39000 39840 11 9 840
357 43380 45000 6 4 1620
358 45120 45900 4 7 780
359 46020 47400 7 1 1380
360 47520 49680 1 11 2160
361 49800 50640 11 9 840
362 54180 55800 6 4 1620
363 55920 56700 4 7 780
364 56820 58200 7 1 1380
365 58320 60480 1 11 2160
366 60600 61440 11 9 840
367 64980 66600 6 4 1620
368 66720 67500 4 7 780
369 67620 69000 7 1 1380
370 69120 71280 1 11 2160
371 71400 72240 11 9 840
372 75780 77400 6 4 1620
373 77520 78300 4 7 780
374 78420 79800 7 1 1380
381 35220 35880 5 4 660
382 36000 37620 4 6 1620
383 38700 42300 18 5 3600
384 42420 43080 5 4 660
385 43200 44820 4 6 1620
386 45900 49500 18 5 3600
387 49620 50280 5 4 660
388 50400 52020 4 6 1620
389 53100 56700 18 5 3600
390 56820 57480 5 4 660
391 57600 59220 4 6 1620
392 60300 63900 18 5 3600
393 64020 64680 5 4 660
394 64800 66420 4 6 1620
395 67500 71100 18 5 3600
396 71220 71880 5 4 660
397 72000 73620 4 6 1620
398 74700 78300 18 5 3600
399 78420 79080 5 4 660
401 22740 25680 1 10 2940
402 25920 28800 10 14 2880
403 30120 33000 14 10 2880
404 33120 36060 10 1 2940
405 37320 40200 14 10 2880
406 40320 43260 10 1 2940
407 44520 47400 14 10 2880
408 47520 50460 10 1 2940
409 51720 54600 14 10 2880
410 54720 57660 10 1 2940
411 58920 61800 14 10 2880
412 61920 64860 10 1 2940
413 66120 69000 14 10 2880
414 69120 72060 10 1 2940
415 73320 76200 14 10 2880
416 76320 79260 10 1 2940
420 31680 33540 2 0 1860
421 37320 39180 0 2 1860
422 39300 42240 2 3 2940
423 42360 45000 3 8 2640
424 45120 48060 8 19 2940
425 51720 53580 0 2 1860
426 53700 56640 2 3 2940
427 56760 59400 3 8 2640
428 59520 62460 8 19 2940
429 66120 67980 0 2 1860
430 68100 71040 2 3 2940
435 29280 32220 1 10 2940
436 32340 33840 10 2 1500
437 36480 39420 1 10 2940
438 39540 41040 10 2 1500
439 43680 46620 1 10 2940
440 46740 48240 10 2 1500
441 50880 53820 1 10 2940
442 53940 55440 10 2 1500
443 58080 61020 1 10 2940
444 61140 62640 10 2 1500
445 65280 68220 1 10 2940
446 68340 69840 10 2 1500
447 72480 75420 1 10 2940
448 75540 77040 10 2 1500
452 32820 36480 17 14 3660
453 37380 39900 3 17 2520
454 40020 43680 17 14 3660
455 44580 47100 3 17 2520
456 47220 50880 17 14 3660
457 51780 54300 3 17 2520
458 54420 58080 17 14 3660
459 58980 61500 3 17 2520
460 61620 65280 17 14 3660
461 66180 68700 3 17 2520
462 68820 72480 17 14 3660
470 40260 42900 8 3 2640
471 43020 45960 3 2 2940
472 46080 47940 2 0 1860
473 51600 54540 19 8 2940
474 54660 57300 8 3 2640
475 57420 60360 3 2 2940
476 60480 62340 2 0 1860
477 66000 68940 19 8 2940
478 69060 71700 8 3 2640
479 71820 74760 3 2 2940
480 74880 76740 2 0 1860
482 25920 28860 10 1 2940
483 29940 32880 1 10 2940
484 33120 36000 10 14 2880
485 37140 40080 1 10 2940
486 40320 43200 10 14 2880
487 44340 47280 1 10 2940
488 47520 50400 10 14 2880
489 51540 54480 1 10 2940
490 54720 57600 10 14 2880
491 58740 61680 1 10 2940
492 61920 64800 10 14 2880
493 65940 68880 1 10 2940
494 69120 72000 10 14 2880
495 73140 76080 1 10 2940
500 32760 36360 18 5 3600
501 36480 37140 5 4 660
502 37260 38340 4 0 1080
503 39960 43560 18 5 3600
504 43680 44340 5 4 660
505 44460 45540 4 0 1080
506 47160 50760 18 5 3600
507 50880 51540 5 4 660
508 51660 52740 4 0 1080
509 54360 57960 18 5 3600
510 58080 58740 5 4 660
511 58860 59940 4 0 1080
512 61560 65160 18 5 3600
513 65280 65940 5 4 660
514 66060 67140 4 0 1080
515 68760 72360 18 5 3600
516 72480 73140 5 4 660
517 73260 74340 4 0 1080
523 30060 33720 14 17 3660
524 33840 36360 17 3 2520
525 37260 40920 14 17 3660
526 41040 43560 17 3 2520
527 44460 48120 14 17 3660
528 48240 50760 17 3 2520
529 51660 55320 14 17 3660
530 55440 57960 17 3 2520
531 58860 62520 14 17 3660
532 62640 65160 17 3 2520
533 66060 69720 14 17 3660
534 69840 72360 17 3 2520
540 30420 31200 4 7 780
541 34380 35160 7 4 780
542 35280 36900 4 6 1620
543 37020 39780 6 3 2760
544 39900 42540 3 8 2640
545 45180 45960 7 4 780
546 46080 47700 4 6 1620
547 47820 50580 6 3 2760
548 50700 53340 3 8 2640
549 55980 56760 7 4 780
550 56880 58500 4 6 1620
551 58620 61380 6 3 2760
552 61500 64140 3 8 2640
553 66780 67560 7 4 780
554 67680 69300 4 6 1620
555 69420 72180 6 3 2760
557 77580 78360 7 4 780
565 31560 33600 13 5 2040
566 33720 34380 5 4 660
567 34500 35580 4 0 1080
568 35700 36960 0 10 1260
569 38760 40800 13 5 2040
570 40920 41580 5 4 660
571 41700 42780 4 0 1080
572 42900 44160 0 10 1260
573 45960 48000 13 5 2040
574 48120 48780 5 4 660
575 48900 49980 4 0 1080
576 50100 51360 0 10 1260
577 53160 55200 13 5 2040
578 55320 55980 5 4 660
579 56100 57180 4 0 1080
580 57300 58560 0 10 1260
581 60360 62400 13 5 2040
582 62520 63180 5 4 660
583 63300 64380 4 0 1080
584 64500 65760 0 10 1260
585 67560 69600 13 5 2040
586 69720 70380 5 4 660
587 70500 71580 4 0 1080
588 71700 72960 0 10 1260
589 74760 76800 13 5 2040
590 76920 77580 5 4 660
591 77700 78780 4 0 1080
597 31980 33720 15 9 1740
598 33840 34680 9 11 840
599 36780 39060 18 15 2280
600 39180 40920 15 9 1740
601 41040 41880 9 11 840
602 43980 46260 18 15 2280
603 46380 48120 15 9 1740
604 48240 49080 9 11 840
605 51180 53460 18 15 2280
606 53580 55320 15 9 1740
607 55440 56280 9 11 840
608 58380 60660 18 15 2280
609 60780 62520 15 9 1740
610 62640 63480 9 11 840
611 65580 67860 18 15 2280
612 67980 69720 15 9 1740
613 69840 70680 9 11 840
614 72780 75060 18 15 2280
615 75180 76920 15 9 1740
616 77040 77880 9 11 840
620 32520 35280 3 6 2760
621 35400 37020 6 4 1620
622 37140 38220 4 0 1080
623 39720 42480 3 6 2760
624 42600 44220 6 4 1620
625 44340 45420 4 0 1080
626 46920 49680 3 6 2760
627 49800 51420 6 4 1620
628 51540 52620 4 0 1080
629 54120 56880 3 6 2760
630 57000 58620 6 4 1620
631 58740 59820 4 0 1080
632 61320 64080 3 6 2760
633 64200 65820 6 4 1620
634 65940 67020 4 0 1080
635 68520 71280 3 6 2760
636 71400 73020 6 4 1620
637 73140 74220 4 0 1080
638 75720 78480 3 6 2760
639 78600 80220 6 4 1620
644 27420 28260 7 0 840
645 28860 29700 0 7 840
646 29820 30600 7 4 780
647 30720 31380 4 5 660
648 31500 33540 5 13 2040
649 36060 36900 0 7 840
650 37020 37800 7 4 780
651 37920 38580 4 5 660
652 38700 40740 5 13 2040
653 43260 44100 0 7 840
654 44220 45000 7 4 780
655 45120 45780 4 5 660
656 45900 47940 5 13 2040
657 50460 51300 0 7 840
658 51420 52200 7 4 780
659 52320 52980 4 5 660
660 53100 55140 5 13 2040
661 57660 58500 0 7 840
662 58620 59400 7 4 780
663 59520 60180 4 5 660
664 60300 62340 5 13 2040
665 64860 65700 0 7 840
666 65820 66600 7 4 780
667 66720 67380 4 5 660
668 67500 69540 5 13 2040
669 72060 72900 0 7 840
670 73020 73800 7 4 780
671 73920 74580 4 5 660
672 74700 76740 5 13 2040
676 33960 35820 2 0 1860
677 38220 41040 17 2 2820
678 41160 43020 2 0 1860
679 45420 48240 17 2 2820
680 48360 50220 2 0 1860
681 52620 55440 17 2 2820
682 55560 57420 2 0 1860
683 59820 62640 17 2 2820
684 62760 64620 2 0 1860
685 67020 69840 17 2 2820
686 69960 71820 2 0 1860
687 74220 77040 17 2 2820
688 77160 79020 2 0 1860
694 36600 39360 3 6 2760
695 39480 41100 6 4 1620
696 41220 42000 4 7 780
697 44640 47280 8 3 2640
698 47400 50160 3 6 2760
699 50280 51900 6 4 1620
700 52020 52800 4 7 780
701 55440 58080 8 3 2640
702 58200 60960 3 6 2760
703 61080 62700 6 4 1620
704 62820 63600 4 7 780
705 66240 68880 8 3 2640
706 69000 71760 3 6 2760
707 71880 73500 6 4 1620
708 73620 74400 4 7 780
715 31380 33000 4 6 1620
716 33120 35220 6 13 2100
717 38580 40200 4 6 1620
718 40320 42420 6 13 2100
719 45780 47400 4 6 1620
720 47520 49620 6 13 2100
721 52980 54600 4 6 1620
722 54720 56820 6 13 2100
723 60180 61800 4 6 1620
724 61920 64020 6 13 2100
725 67380 69000 4 6 1620
726 69120 71220 6 13 2100
727 74580 76200 4 6 1620
731 33240 35760 17 3 2520
732 35880 38820 3 2 2940
733 40440 42960 17 3 2520
734 43080 46020 3 2 2940
735 47640 50160 17 3 2520
736 50280 53220 3 2 2940
737 54840 57360 17 3 2520
738 57480 60420 3 2 2940
739 62040 64560 17 3 2520
740 64680 67620 3 2 2940
741 69240 71760 17 3 2520
742 71880 74820 3 2 2940
747 26100 28260 1 11 2160
748 28860 31020 11 1 2160
749 31140 32520 1 7 1380
750 32640 33480 7 0 840
751 36060 38220 11 1 2160
752 38340 39720 1 7 1380
753 39840 40680 7 0 840
754 43260 45420 11 1 2160
755 45540 46920 1 7 1380
756 47040 47880 7 0 840
757 50460 52620 11 1 2160
758 52740 54120 1 7 1380
759 54240 55080 7 0 840
760 57660 59820 11 1 2160
761 59940 61320 1 7 1380
762 61440 62280 7 0 840
763 64860 67020 11 1 2160
764 67140 68520 1 7 1380
765 68640 69480 7 0 840
766 72060 74220 11 1 2160
767 74340 75720 1 7 1380
768 75840 76680 7 0 840
774 38040 40980 19 8 2940
775 41100 43740 8 3 2640
776 43860 46620 3 6 2760
777 46860 48480 6 4 1620
778 48600 49680 4 0 1080
779 52440 55380 19 8 2940
780 55500 58140 8 3 2640
781 58260 61020 3 6 2760
782 61260 62880 6 4 1620
783 63000 64080 4 0 1080
784 66840 69780 19 8 2940
785 69900 72540 8 3 2640
786 72660 75420 3 6 2760
787 75660 77280 6 4 1620
788 77400 78480 4 0 1080
792 32460 34080 6 4 1620
793 34200 35280 4 0 1080
794 38040 39120 0 4 1080
795 39240 40860 4 6 1620
796 40980 43740 6 3 2760
797 43860 46500 3 8 2640
798 46620 49560 8 19 2940
799 52440 53520 0 4 1080
800 53640 55260 4 6 1620
801 55380 58140 6 3 2760
802 58260 60900 3 8 2640
803 61020 63960 8 19 2940
804 66840 67920 0 4 1080
805 68040 69660 4 6 1620
806 69780 72540 6 3 2760
812 26880 29040 1 11 2160
813 29160 30120 11 12 960
814 32400 33360 12 11 960
815 33480 35640 11 1 2160
816 35760 37140 1 7 1380
817 37260 38040 7 4 780
818 38160 38820 4 5 660
819 39600 40560 12 11 960
820 40680 42840 11 1 2160
821 42960 44340 1 7 1380
822 44460 45240 7 4 780
823 45360 46020 4 5 660
824 46800 47760 12 11 960
825 47880 50040 11 1 2160
826 50160 51540 1 7 1380
827 51660 52440 7 4 780
828 52560 53220 4 5 660
829 54000 54960 12 11 960
830 55080 57240 11 1 2160
831 57360 58740 1 7 1380
832 58860 59640 7 4 780
833 59760 60420 4 5 660
834 61200 62160 12 11 960
835 62280 64440 11 1 2160
836 64560 65940 1 7 1380
837 66060 66840 7 4 780
838 66960 67620 4 5 660
839 68400 69360 12 11 960
840 69480 71640 11 1 2160
841 71760 73140 1 7 1380
842 73260 74040 7 4 780
843 74160 74820 4 5 660
844 75600 76560 12 11 960
845 76680 78840 11 1 2160
846 78960 80340 1 7 1380
851 26100 27600 10 2 1500
852 31500 33000 2 10 1500
853 33120 34380 10 0 1260
854 34500 35340 0 7 840
855 38700 40200 2 10 1500
856 40320 41580 10 0 1260
857 41700 42540 0 7 840
858 45900 47400 2 10 1500
859 47520 48780 10 0 1260
860 48900 49740 0 7 840
861 53100 54600 2 10 1500
862 54720 55980 10 0 1260
863 56100 56940 0 7 840
864 60300 61800 2 10 1500
865 61920 63180 10 0 1260
866 63300 64140 0 7 840
867 67500 69000 2 10 1500
868 69120 70380 10 0 1260
869 70500 71340 0 7 840
870 74700 76200 2 10 1500
871 76320 77580 10 0 1260
872 77700 78540 0 7 840
877 34740 36600 2 0 1860
878 36720 37560 0 7 840
879 38760 41700 3 2 2940
880 41940 43800 2 0 1860
881 43920 44760 0 7 840
882 45960 48900 3 2 2940
883 49140 51000 2 0 1860
884 51120 51960 0 7 840
885 53160 56100 3 2 2940
886 56340 58200 2 0 1860
887 58320 59160 0 7 840
888 60360 63300 3 2 2940
889 63540 65400 2 0 1860
890 65520 66360 0 7 840
891 67560 70500 3 2 2940
892 70740 72600 2 0 1860
893 72720 73560 0 7 840
894 74760 77700 3 2 2940
895 77940 79800 2 0 1860
896 79920 80760 0 7 840
899 30780 32640 0 2 1860
900 32880 35700 2 17 2820
901 37980 39840 0 2 1860
902 40080 42900 2 17 2820
903 45180 47040 0 2 1860
904 47280 50100 2 17 2820
905 52380 54240 0 2 1860
906 54480 57300 2 17 2820
907 59580 61440 0 2 1860
908 61680 64500 2 17 2820
909 66780 68640 0 2 1860
910 68880 71700 2 17 2820
911 73980 75840 0 2 1860
915 28500 29880 1 7 1380
916 30000 30840 7 0 840
917 33120 33960 0 7 840
918 34080 35460 7 1 1380
919 35580 38100 1 9 2520
920 38220 40080 9 16 1860
921 43920 44760 0 7 840
922 44880 46260 7 1 1380
923 46380 48900 1 9 2520
924 49020 50880 9 16 1860
925 54720 55560 0 7 840
926 55680 57060 7 1 1380
927 57180 59700 1 9 2520
928 59820 61680 9 16 1860
929 65520 66360 0 7 840
930 66480 67860 7 1 1380
931 67980 70500 1 9 2520
932 70620 72480 9 16 1860
933 76320 77160 0 7 840
934 77280 78660 7 1 1380
935 78780 81300 1 9 2520
939 26400 28560 1 11 2160
940 28680 29640 11 12 960
941 32340 33300 12 11 960
942 33420 35580 11 1 2160
943 35700 37080 1 7 1380
944 37200 38040 7 0 840
945 39540 40500 12 11 960
946 40620 42780 11 1 2160
947 42900 44280 1 7 1380
948 44400 45240 7 0 840
949 46740 47700 12 11 960
950 47820 49980 11 1 2160
951 50100 51480 1 7 1380
952 51600 52440 7 0 840
953 53940 54900 12 11 960
954 55020 57180 11 1 2160
955 57300 58680 1 7 1380
956 58800 59640 7 0 840
957 61140 62100 12 11 960
958 62220 64380 11 1 2160
959 64500 65880 1 7 1380
960 66000 66840 7 0 840
961 68340 69300 12 11 960
962 69420 71580 11 1 2160
963 71700 73080 1 7 1380
964 73200 74040 7 0 840
965 75540 76500 12 11 960
966 76620 78780 11 1 2160
967 78900 80280 1 7 1380
970 25560 28080 1 9 2520
971 28200 29040 9 11 840
972 29160 30120 11 12 960
973 31620 32580 12 11 960
974 32700 33540 11 9 840
975 33720 36240 9 1 2520
976 36360 37740 1 7 1380
977 38820 39780 12 11 960
978 39900 40740 11 9 840
979 40920 43440 9 1 2520
980 43560 44940 1 7 1380
981 46020 46980 12 11 960
982 47100 47940 11 9 840
983 48120 50640 9 1 2520
984 50760 52140 1 7 1380
985 53220 54180 12 11 960
986 54300 55140 11 9 840
987 55320 57840 9 1 2520
988 57960 59340 1 7 1380
989 60420 61380 12 11 960
990 61500 62340 11 9 840
991 62520 65040 9 1 2520
992 65160 66540 1 7 1380
993 67620 68580 12 11 960
994 68700 69540 11 9 840
995 69720 72240 9 1 2520
996 72360 73740 1 7 1380
997 74820 75780 12 11 960
998 75900 76740 11 9 840
999 76920 79440 9 1 2520
1000 79560 80940 1 7 1380
1004 29280 32220 1 10 2940
1005 35340 38280 10 1 2940
1006 38400 40560 1 11 2160
1007 40680 41520 11 9 840
1008 41640 43500 9 16 1860
1009 46140 49080 10 1 2940
1010 49200 51360 1 11 2160
1011 51480 52320 11 9 840
1012 52440 54300 9 16 1860
1013 56940 59880 10 1 2940
1014 60000 62160 1 11 2160
1015 62280 63120 11 9 840
1016 63240 65100 9 16 1860
1017 67740 70680 10 1 2940
1018 70800 72960 1 11 2160
1019 73080 73920 11 9 840
1020 74040 75900 9 16 1860
1021 78540 81480 10 1 2940
1027 30780 32880 13 6 2100
1028 33000 34620 6 4 1620
1029 37980 40080 13 6 2100
1030 40200 41820 6 4 1620
1031 45180 47280 13 6 2100
1032 47400 49020 6 4 1620
1033 52380 54480 13 6 2100
1034 54600 56220 6 4 1620
1035 59580 61680 13 6 2100
1036 61800 63420 6 4 1620
1037 66780 68880 13 6 2100
1038 69000 70620 6 4 1620
1039 73980 76080 13 6 2100
1040 76200 77820 6 4 1620
1042 25920 27180 10 0 1260
1043 27300 28140 0 7 840
1044 30960 31800 7 0 840
1045 31920 33180 0 10 1260
1046 33300 34800 10 2 1500
1047 38160 39000 7 0 840
1048 39120 40380 0 10 1260
1049 40500 42000 10 2 1500
1050 45360 46200 7 0 840
1051 46320 47580 0 10 1260
1052 47700 49200 10 2 1500
1053 52560 53400 7 0 840
1054 53520 54780 0 10 1260
1055 54900 56400 10 2 1500
1056 59760 60600 7 0 840
1057 60720 61980 0 10 1260
1058 62100 63600 10 2 1500
1059 66960 67800 7 0 840
1060 67920 69180 0 10 1260
1061 69300 70800 10 2 1500
1062 74160 75000 7 0 840
1063 75120 76380 0 10 1260
1067 28800 30420 4 6 1620
1068 33240 34860 6 4 1620
1069 34980 35640 4 5 660
1070 35760 39360 5 18 3600
1071 40440 42060 6 4 1620
1072 42180 42840 4 5 660
1073 42960 46560 5 18 3600
1074 47640 49260 6 4 1620
1075 49380 50040 4 5 660
1076 50160 53760 5 18 3600
1077 54840 56460 6 4 1620
1078 56580 57240 4 5 660
1079 57360 60960 5 18 3600
1080 62040 63660 6 4 1620
1081 63780 64440 4 5 660
1082 64560 68160 5 18 3600
1083 69240 70860 6 4 1620
1084 70980 71640 4 5 660
1085 71760 75360 5 18 3600
1086 76440 78060 6 4 1620
1087 78180 78840 4 5 660
1090 27540 29400 2 0 1860
1091 29520 30360 0 7 840
1092 30960 31800 7 0 840
1093 31920 33780 0 2 1860
1094 33900 36840 2 3 2940
1095 38160 39000 7 0 840
1096 39120 40980 0 2 1860
1097 41100 44040 2 3 2940
1098 45360 46200 7 0 840
1099 46320 48180 0 2 1860
1100 48300 51240 2 3 2940
1101 52560 53400 7 0 840
1102 53520 55380 0 2 1860
1103 55500 58440 2 3 2940
1104 59760 60600 7 0 840
1105 60720 62580 0 2 1860
1106 62700 65640 2 3 2940
1107 66960 67800 7 0 840
1108 67920 69780 0 2 1860
1109 69900 72840 2 3 2940
1110 74160 75000 7 0 840
1111 75120 76980 0 2 1860
1114 27360 28620 10 0 1260
1115 28740 29580 0 7 840
1116 31920 32760 7 0 840
1117 32880 34140 0 10 1260
1118 34260 37140 10 14 2880
1119 39120 39960 7 0 840
1120 40080 41340 0 10 1260
1121 41460 44340 10 14 2880
1122 46320 47160 7 0 840
1123 47280 48540 0 10 1260
1124 48660 51540 10 14 2880
1125 53520 54360 7 0 840
1126 54480 55740 0 10 1260
1127 55860 58740 10 14 2880
1128 60720 61560 7 0 840
1129 61680 62940 0 10 1260
1130 63060 65940 10 14 2880
1131 67920 68760 7 0 840
1132 68880 70140 0 10 1260
1133 70260 73140 10 14 2880
1134 75120 75960 7 0 840
1135 76080 77340 0 10 1260
1140 28500 29760 0 10 1260
1141 33900 35160 10 0 1260
1142 35280 36360 0 4 1080
1143 36480 37140 4 5 660
1144 37260 39300 5 13 2040
1145 41100 42360 10 0 1260
1146 42480 43560 0 4 1080
1147 43680 44340 4 5 660
1148 44460 46500 5 13 2040
1149 48300 49560 10 0 1260
1150 49680 50760 0 4 1080
1151 50880 51540 4 5 660
1152 51660 53700 5 13 2040
1153 55500 56760 10 0 1260
1154 56880 57960 0 4 1080
1155 58080 58740 4 5 660
1156 58860 60900 5 13 2040
1157 62700 63960 10 0 1260
1158 64080 65160 0 4 1080
1159 65280 65940 4 5 660
1160 66060 68100 5 13 2040
1161 69900 71160 10 0 1260
1162 71280 72360 0 4 1080
1163 72480 73140 4 5 660
1164 73260 75300 5 13 2040
1165 77100 78360 10 0 1260
1166 78480 79560 0 4 1080
1172 29160 30540 1 7 1380
1173 31260 32640 7 1 1380
1174 32760 35280 1 9 2520
1175 35400 36240 9 11 840
1176 36360 37320 11 12 960
1177 38460 39840 7 1 1380
1178 39960 42480 1 9 2520
1179 42600 43440 9 11 840
1180 43560 44520 11 12 960
1181 45660 47040 7 1 1380
1182 47160 49680 1 9 2520
1183 49800 50640 9 11 840
1184 50760 51720 11 12 960
1185 52860 54240 7 1 1380
1186 54360 56880 1 9 2520
1187 57000 57840 9 11 840
1188 57960 58920 11 12 960
1189 60060 61440 7 1 1380
1190 61560 64080 1 9 2520
1191 64200 65040 9 11 840
1192 65160 66120 11 12 960
1193 67260 68640 7 1 1380
1194 68760 71280 1 9 2520
1195 71400 72240 9 11 840
1196 72360 73320 11 12 960
1197 74460 75840 7 1 1380
1198 75960 78480 1 9 2520
1199 78600 79440 9 11 840
1202 27600 29760 1 11 2160
1203 29880 30720 11 9 840
1204 30840 32700 9 16 1860
1205 34860 36720 16 9 1860
1206 36840 37680 9 11 840
1207 37800 39960 11 1 2160
1208 40080 43020 1 10 2940
1209 45660 47520 16 9 1860
1210 47640 48480 9 11 840
1211 48600 50760 11 1 2160
1212 50880 53820 1 10 2940
1213 56460 58320 16 9 1860
1214 58440 59280 9 11 840
1215 59400 61560 11 1 2160
1216 61680 64620 1 10 2940
1217 67260 69120 16 9 1860
1218 69240 70080 9 11 840
1219 70200 72360 11 1 2160
1220 72480 75420 1 10 2940
1221 78060 79920 16 9 1860
1222 80040 80880 9 11 840
1223 81000 83160 11 1 2160
1227 27060 29940 10 14 2880
1228 31560 34440 14 10 2880
1229 34560 35820 10 0 1260
1230 35940 36780 0 7 840
1231 38760 41640 14 10 2880
1232 41760 43020 10 0 1260
1233 43140 43980 0 7 840
1234 45960 48840 14 10 2880
1235 48960 50220 10 0 1260
1236 50340 51180 0 7 840
1237 53160 56040 14 10 2880
1238 56160 57420 10 0 1260
1239 57540 58380 0 7 840
1240 60360 63240 14 10 2880
1241 63360 64620 10 0 1260
1242 64740 65580 0 7 840
1243 67560 70440 14 10 2880
1244 70560 71820 10 0 1260
1245 71940 72780 0 7 840
1246 74760 77640 14 10 2880
1247 77760 79020 10 0 1260
1248 79140 79980 0 7 840
1251 27960 29040 4 0 1080
1252 29160 31020 0 2 1860
1253 31140 33960 2 17 2820
1254 36360 39180 17 2 2820
1255 39300 41160 2 0 1860
1256 41280 42360 0 4 1080
1257 42480 43140 4 5 660
1258 43260 45300 5 13 2040
1259 47160 49980 17 2 2820
1260 50100 51960 2 0 1860
1261 52080 53160 0 4 1080
1262 53280 53940 4 5 660
1263 54060 56100 5 13 2040
1264 57960 60780 17 2 2820
1265 60900 62760 2 0 1860
1266 62880 63960 0 4 1080
1267 64080 64740 4 5 660
1268 64860 66900 5 13 2040
1269 68760 71580 17 2 2820
1270 71700 73560 2 0 1860
1271 73680 74760 0 4 1080
1272 74880 75540 4 5 660
1286 28500 29880 1 7 1380
1287 30000 30840 7 0 840
1288 34740 35580 0 7 840
1289 35700 37080 7 1 1380
1290 37200 39360 1 11 2160
1291 39480 40440 11 12 960
1292 41940 42780 0 7 840
1293 42900 44280 7 1 1380
1294 44400 46560 1 11 2160
1295 46680 47640 11 12 960
1296 49140 49980 0 7 840
1297 50100 51480 7 1 1380
1298 51600 53760 1 11 2160
1299 53880 54840 11 12 960
1300 56340 57180 0 7 840
1301 57300 58680 7 1 1380
1302 58800 60960 1 11 2160
1303 61080 62040 11 12 960
1304 63540 64380 0 7 840
1305 64500 65880 7 1 1380
1306 66000 68160 1 11 2160
1307 68280 69240 11 12 960
1308 70740 71580 0 7 840
1309 71700 73080 7 1 1380
1310 73200 75360 1 11 2160
1311 75480 76440 11 12 960
1312 77940 78780 0 7 840
1313 78900 80280 7 1 1380
1318 28560 29940 1 7 1380
1319 30060 30840 7 4 780
1320 30960 31620 4 5 660
1321 34500 35160 5 4 660
1322 35280 36060 4 7 780
1323 36180 37560 7 1 1380
1324 37680 39840 1 11 2160
1325 39960 40920 11 12 960
1326 41700 42360 5 4 660
1327 42480 43260 4 7 780
1328 43380 44760 7 1 1380
1329 44880 47040 1 11 2160
1330 47160 48120 11 12 960
1331 48900 49560 5 4 660
1332 49680 50460 4 7 780
1333 50580 51960 7 1 1380
1334 52080 54240 1 11 2160
1335 54360 55320 11 12 960
1336 56100 56760 5 4 660
1337 56880 57660 4 7 780
1338 57780 59160 7 1 1380
1339 59280 61440 1 11 2160
1340 61560 62520 11 12 960
1341 63300 63960 5 4 660
1342 64080 64860 4 7 780
1343 64980 66360 7 1 1380
1344 66480 68640 1 11 2160
1345 68760 69720 11 12 960
1346 70500 71160 5 4 660
1347 71280 72060 4 7 780
1348 72180 73560 7 1 1380
1349 73680 75840 1 11 2160
1350 75960 76920 11 12 960
1351 77700 78360 5 4 660
1352 78480 79260 4 7 780
1353 79380 80760 7 1 1380
1357 26220 27000 7 4 780
1358 27120 27780 4 5 660
1359 27900 29940 5 13 2040
1360 30780 32820 13 5 2040
1361 32940 33600 5 4 660
1362 33720 34500 4 7 780
1363 34620 35460 7 0 840
1364 37980 40020 13 5 2040
1365 40140 40800 5 4 660
1366 40920 41700 4 7 780
1367 41820 42660 7 0 840
1368 45180 47220 13 5 2040
1369 47340 48000 5 4 660
1370 48120 48900 4 7 780
1371 49020 49860 7 0 840
1372 52380 54420 13 5 2040
1373 54540 55200 5 4 660
1374 55320 56100 4 7 780
1375 56220 57060 7 0 840
1376 59580 61620 13 5 2040
1377 61740 62400 5 4 660
1378 62520 63300 4 7 780
1379 63420 64260 7 0 840
1380 66780 68820 13 5 2040
1381 68940 69600 5 4 660
1382 69720 70500 4 7 780
1383 70620 71460 7 0 840
1384 73980 76020 13 5 2040
1385 76140 76800 5 4 660
1386 76920 77700 4 7 780
1387 77820 78660 7 0 840
1389 27540 28920 1 7 1380
1390 29040 29880 7 0 840
1391 30840 31680 0 7 840
1392 31800 33180 7 1 1380
1393 33300 35460 1 11 2160
1394 38040 38880 0 7 840
1395 39000 40380 7 1 1380
1396 40500 42660 1 11 2160
1397 45240 46080 0 7 840
1398 46200 47580 7 1 1380
1399 47700 49860 1 11 2160
1400 52440 53280 0 7 840
1401 53400 54780 7 1 1380
1402 54900 57060 1 11 2160
1403 59640 60480 0 7 840
1404 60600 61980 7 1 1380
1405 62100 64260 1 11 2160
1406 66840 67680 0 7 840
1407 67800 69180 7 1 1380
1408 69300 71460 1 11 2160
1409 74040 74880 0 7 840
1410 75000 76380 7 1 1380
1411 76500 78660 1 11 2160
1414 29940 31020 4 0 1080
1415 34320 35400 0 4 1080
1416 35520 37140 4 6 1620
1417 37380 40140 6 3 2760
1418 41520 42600 0 4 1080
1419 42720 44340 4 6 1620
1420 44580 47340 6 3 2760
1421 48720 49800 0 4 1080
1422 49920 51540 4 6 1620
1423 51780 54540 6 3 2760
1424 55920 57000 0 4 1080
1425 57120 58740 4 6 1620
1426 58980 61740 6 3 2760
1427 63120 64200 0 4 1080
1428 64320 65940 4 6 1620
1429 66180 68940 6 3 2760
1430 70320 71400 0 4 1080
1431 71520 73140 4 6 1620
1433 77520 78600 0 4 1080
1438 28020 29400 7 1 1380
1439 29520 31680 1 11 2160
1440 31800 32640 11 9 840
1441 33240 34080 9 11 840
1442 34200 36360 11 1 2160
1443 36480 37860 1 7 1380
1444 37980 38760 7 4 780
1445 38880 40500 4 6 1620
1446 44040 44880 9 11 840
1447 45000 47160 11 1 2160
1448 47280 48660 1 7 1380
1449 48780 49560 7 4 780
1450 49680 51300 4 6 1620
1451 54840 55680 9 11 840
1452 55800 57960 11 1 2160
1453 58080 59460 1 7 1380
1454 59580 60360 7 4 780
1455 60480 62100 4 6 1620
1456 65640 66480 9 11 840
1457 66600 68760 11 1 2160
1458 68880 70260 1 7 1380
1459 70380 71160 7 4 780
1460 71280 72900 4 6 1620
1461 76440 77280 9 11 840
1462 77400 79560 11 1 2160
1463 79680 81060 1 7 1380
1467 28500 29880 1 7 1380
1468 30000 30780 7 4 780
1469 30900 31980 4 0 1080
1470 33120 34200 0 4 1080
1471 34440 35220 4 7 780
1472 35400 36780 7 1 1380
1473 36960 39780 1 15 2820
1474 43920 45000 0 4 1080
1475 45240 46020 4 7 780
1476 46200 47580 7 1 1380
1477 47760 50580 1 15 2820
1478 54720 55800 0 4 1080
1479 56040 56820 4 7 780
1480 57000 58380 7 1 1380
1481 58560 61380 1 15 2820
1482 65520 66600 0 4 1080
1483 66840 67620 4 7 780
1484 67800 69180 7 1 1380
1485 69360 72180 1 15 2820
1486 76320 77400 0 4 1080
1487 77640 78420 4 7 780
1488 78600 79980 7 1 1380
1491 29280 29940 5 4 660
1492 30060 31140 4 0 1080
1493 33780 34860 0 4 1080
1494 35100 35760 4 5 660
1495 35880 39480 5 18 3600
1496 40980 42060 0 4 1080
1497 42300 42960 4 5 660
1498 43080 46680 5 18 3600
1499 48180 49260 0 4 1080
1500 49500 50160 4 5 660
1501 50280 53880 5 18 3600
1502 55380 56460 0 4 1080
1503 56700 57360 4 5 660
1504 57480 61080 5 18 3600
1505 62580 63660 0 4 1080
1506 63900 64560 4 5 660
1507 64680 68280 5 18 3600
1508 69780 70860 0 4 1080
1509 71100 71760 4 5 660
1510 71880 75480 5 18 3600
1511 76980 78060 0 4 1080
1512 78300 78960 4 5 660
1515 28500 30360 2 0 1860
1516 30480 31560 0 4 1080
1517 31680 32340 4 5 660
1518 32460 34500 5 13 2040
1519 35820 37860 13 5 2040
1520 37980 38640 5 4 660
1521 38760 39840 4 0 1080
1522 39960 41820 0 2 1860
1523 41940 44760 2 17 2820
1524 46620 48660 13 5 2040
1525 48780 49440 5 4 660
1526 49560 50640 4 0 1080
1527 50760 52620 0 2 1860
1528 52740 55560 2 17 2820
1529 57420 59460 13 5 2040
1530 59580 60240 5 4 660
1531 60360 61440 4 0 1080
1532 61560 63420 0 2 1860
1533 63540 66360 2 17 2820
1534 68220 70260 13 5 2040
1535 70380 71040 5 4 660
1536 71160 72240 4 0 1080
1537 72360 74220 0 2 1860
1539 25680 28620 1 10 2940
1540 28740 30240 10 2 1500
1541 33600 35100 2 10 1500
1542 35340 38280 10 1 2940
1543 40800 42300 2 10 1500
1544 42540 45480 10 1 2940
1545 48000 49500 2 10 1500
1546 49740 52680 10 1 2940
1547 55200 56700 2 10 1500
1548 56940 59880 10 1 2940
1549 62400 63900 2 10 1500
1550 64140 67080 10 1 2940
1551 69600 71100 2 10 1500
1552 71340 74280 10 1 2940
1553 76800 78300 2 10 1500
1554 78540 81480 10 1 2940
1557 28200 29580 7 1 1380
1558 29760 32580 1 15 2820
1559 36360 39180 15 1 2820
1560 39300 40680 1 7 1380
1561 40800 41580 7 4 780
1562 41700 42780 4 0 1080
1563 43560 46380 15 1 2820
1564 46500 47880 1 7 1380
1565 48000 48780 7 4 780
1566 48900 49980 4 0 1080
1567 50760 53580 15 1 2820
1568 53700 55080 1 7 1380
1569 55200 55980 7 4 780
1570 56100 57180 4 0 1080
1571 57960 60780 15 1 2820
1572 60900 62280 1 7 1380
1573 62400 63180 7 4 780
1574 63300 64380 4 0 1080
1575 65160 67980 15 1 2820
1576 68100 69480 1 7 1380
1577 69600 70380 7 4 780
1578 70500 71580 4 0 1080
1579 72360 75180 15 1 2820
1580 75300 76680 1 7 1380
1581 76800 77580 7 4 780
1582 77700 78780 4 0 1080
1584 26880 28260 7 1 1380
1585 28380 30900 1 9 2520
1586 31020 32880 9 16 1860
1587 34680 36540 16 9 1860
1588 36660 39180 9 1 2520
1589 39300 40680 1 7 1380
1590 40800 41640 7 0 840
1591 45480 47340 16 9 1860
1592 47460 49980 9 1 2520
1593 50100 51480 1 7 1380
1594 51600 52440 7 0 840
1595 56280 58140 16 9 1860
1596 58260 60780 9 1 2520
1597 60900 62280 1 7 1380
1598 62400 63240 7 0 840
1599 67080 68940 16 9 1860
1600 69060 71580 9 1 2520
1601 71700 73080 1 7 1380
1602 73200 74040 7 0 840
1603 77880 79740 16 9 1860
1604 79860 82380 9 1 2520
1609 30240 31080 9 11 840
1610 34260 35100 11 9 840
1611 35220 36960 9 15 1740
1612 37080 39360 15 18 2280
1613 41460 42300 11 9 840
1614 42420 44160 9 15 1740
1615 44280 46560 15 18 2280
1616 48660 49500 11 9 840
1617 49620 51360 9 15 1740
1618 51480 53760 15 18 2280
1619 55860 56700 11 9 840
1620 56820 58560 9 15 1740
1621 58680 60960 15 18 2280
1622 63060 63900 11 9 840
1623 64020 65760 9 15 1740
1624 65880 68160 15 18 2280
1625 70260 71100 11 9 840
1626 71220 72960 9 15 1740
1627 73080 75360 15 18 2280
1628 77460 78300 11 9 840
1633 34380 37320 2 3 2940
1634 37440 39960 3 17 2520
1635 41580 44520 2 3 2940
1636 44640 47160 3 17 2520
1637 48780 51720 2 3 2940
1638 51840 54360 3 17 2520
1639 55980 58920 2 3 2940
1640 59040 61560 3 17 2520
1641 63180 66120 2 3 2940
1642 66240 68760 3 17 2520
1643 70380 73320 2 3 2940
1649 29280 30660 1 7 1380
1650 30780 31560 7 4 780
1651 31680 33300 4 6 1620
1652 36180 37800 6 4 1620
1653 37920 38700 4 7 780
1654 38820 40200 7 1 1380
1655 40320 42480 1 11 2160
1656 42600 43440 11 9 840
1657 46980 48600 6 4 1620
1658 48720 49500 4 7 780
1659 49620 51000 7 1 1380
1660 51120 53280 1 11 2160
1661 53400 54240 11 9 840
1662 57780 59400 6 4 1620
1663 59520 60300 4 7 780
1664 60420 61800 7 1 1380
1665 61920 64080 1 11 2160
1666 64200 65040 11 9 840
1667 68580 70200 6 4 1620
1668 70320 71100 4 7 780
1669 71220 72600 7 1 1380
1670 72720 74880 1 11 2160
1671 75000 75840 11 9 840
1673 27780 28440 4 5 660
1674 28560 32160 5 18 3600
1675 35100 38700 18 5 3600
1676 38820 39480 5 4 660
1677 39600 41220 4 6 1620
1678 42300 45900 18 5 3600
1679 46020 46680 5 4 660
1680 46800 48420 4 6 1620
1681 49500 53100 18 5 3600
1682 53220 53880 5 4 660
1683 54000 55620 4 6 1620
1684 56700 60300 18 5 3600
1685 60420 61080 5 4 660
1686 61200 62820 4 6 1620
1687 63900 67500 18 5 3600
1688 67620 68280 5 4 660
1689 68400 70020 4 6 1620
1690 71100 74700 18 5 3600
1691 74820 75480 5 4 660
1692 75600 77220 4 6 1620
1696 26340 29280 1 10 2940
1697 29520 32400 10 14 2880
1698 33720 36600 14 10 2880
1699 36720 39660 10 1 2940
1700 40920 43800 14 10 2880
1701 43920 46860 10 1 2940
1702 48120 51000 14 10 2880
1703 51120 54060 10 1 2940
1704 55320 58200 14 10 2880
1705 58320 61260 10 1 2940
1706 62520 65400 14 10 2880
1707 65520 68460 10 1 2940
1708 69720 72600 14 10 2880
1709 72720 75660 10 1 2940
1710 76920 79800 14 10 2880
1711 79920 82860 10 1 2940
1714 32220 35160 3 2 2940
1715 35280 37140 2 0 1860
1716 40920 42780 0 2 1860
1717 42900 45840 2 3 2940
1718 45960 48600 3 8 2640
1719 48720 51660 8 19 2940
1720 55320 57180 0 2 1860
1721 57300 60240 2 3 2940
1722 60360 63000 3 8 2640
1723 63120 66060 8 19 2940
1724 69720 71580 0 2 1860
1725 71700 74640 2 3 2940
1729 28140 31080 10 1 2940
1730 32880 35820 1 10 2940
1731 35940 37440 10 2 1500
1732 40080 43020 1 10 2940
1733 43140 44640 10 2 1500
1734 47280 50220 1 10 2940
1735 50340 51840 10 2 1500
1736 54480 57420 1 10 2940
1737 57540 59040 10 2 1500
1738 61680 64620 1 10 2940
1739 64740 66240 10 2 1500
1740 68880 71820 1 10 2940
1741 71940 73440 10 2 1500
1742 76080 79020 1 10 2940
1746 33780 36300 3 17 2520
1747 36420 40080 17 14 3660
1748 40980 43500 3 17 2520
1749 43620 47280 17 14 3660
1750 48180 50700 3 17 2520
1751 50820 54480 17 14 3660
1752 55380 57900 3 17 2520
1753 58020 61680 17 14 3660
1754 62580 65100 3 17 2520
1755 65220 68880 17 14 3660
1756 69780 72300 3 17 2520
1757 72420 76080 17 14 3660
1761 28500 31440 2 3 2940
1762 31560 34200 3 8 2640
1763 34320 37260 8 19 2940
1764 40800 43740 19 8 2940
1765 43860 46500 8 3 2640
1766 46620 49560 3 2 2940
1767 49680 51540 2 0 1860
1768 55200 58140 19 8 2940
1769 58260 60900 8 3 2640
1770 61020 63960 3 2 2940
1771 64080 65940 2 0 1860
1772 69600 72540 19 8 2940
1773 72660 75300 8 3 2640
1774 75420 78360 3 2 2940
1775 78480 80340 2 0 1860
1777 29520 32460 10 1 2940
1778 33540 36480 1 10 2940
1779 36720 39600 10 14 2880
1780 40740 43680 1 10 2940
1781 43920 46800 10 14 2880
1782 47940 50880 1 10 2940
1783 51120 54000 10 14 2880
1784 55140 58080 1 10 2940
1785 58320 61200 10 14 2880
1786 62340 65280 1 10 2940
1787 65520 68400 10 14 2880
1788 69540 72480 1 10 2940
1789 72720 75600 10 14 2880
1793 27900 28560 4 5 660
1794 28680 32280 5 18 3600
1795 36360 39960 18 5 3600
1796 40080 40740 5 4 660
1797 40860 41940 4 0 1080
1798 43560 47160 18 5 3600
1799 47280 47940 5 4 660
1800 48060 49140 4 0 1080
1801 50760 54360 18 5 3600
1802 54480 55140 5 4 660
1803 55260 56340 4 0 1080
1804 57960 61560 18 5 3600
1805 61680 62340 5 4 660
1806 62460 63540 4 0 1080
1807 65160 68760 18 5 3600
1808 68880 69540 5 4 660
1809 69660 70740 4 0 1080
1810 72360 75960 18 5 3600
1811 76080 76740 5 4 660
1812 76860 77940 4 0 1080
1815 33660 37320 14 17 3660
1816 37440 39960 17 3 2520
1817 40860 44520 14 17 3660
1818 44640 47160 17 3 2520
1819 48060 51720 14 17 3660
1820 51840 54360 17 3 2520
1821 55260 58920 14 17 3660
1822 59040 61560 17 3 2520
1823 62460 66120 14 17 3660
1824 66240 68760 17 3 2520
1825 69660 73320 14 17 3660
1831 32280 33900 6 4 1620
1832 34020 34800 4 7 780
1833 37980 38760 7 4 780
1834 38880 40500 4 6 1620
1835 40620 43380 6 3 2760
1836 43500 46140 3 8 2640
1837 48780 49560 7 4 780
1838 49680 51300 4 6 1620
1839 51420 54180 6 3 2760
1840 54300 56940 3 8 2640
1841 59580 60360 7 4 780
1842 60480 62100 4 6 1620
1843 62220 64980 6 3 2760
1844 65100 67740 3 8 2640
1845 70380 71160 7 4 780
1846 71280 72900 4 6 1620
1849 26700 27960 10 0 1260
1850 28080 29160 0 4 1080
1851 29280 29940 4 5 660
1852 30060 32100 5 13 2040
1853 35160 37200 13 5 2040
1854 37320 37980 5 4 660
1855 38100 39180 4 0 1080
1856 39300 40560 0 10 1260
1857 42360 44400 13 5 2040
1858 44520 45180 5 4 660
1859 45300 46380 4 0 1080
1860 46500 47760 0 10 1260
1861 49560 51600 13 5 2040
1862 51720 52380 5 4 660
1863 52500 53580 4 0 1080
1864 53700 54960 0 10 1260
1865 56760 58800 13 5 2040
1866 58920 59580 5 4 660
1867 59700 60780 4 0 1080
1868 60900 62160 0 10 1260
1869 63960 66000 13 5 2040
1870 66120 66780 5 4 660
1871 66900 67980 4 0 1080
1872 68100 69360 0 10 1260
1873 71160 73200 13 5 2040
1874 73320 73980 5 4 660
1875 74100 75180 4 0 1080
1876 75300 76560 0 10 1260
1882 28020 29760 9 15 1740
1883 29880 32160 15 18 2280
1884 33180 35460 18 15 2280
1885 35580 37320 15 9 1740
1886 37440 38280 9 11 840
1887 40380 42660 18 15 2280
1888 42780 44520 15 9 1740
1889 44640 45480 9 11 840
1890 47580 49860 18 15 2280
1891 49980 51720 15 9 1740
1892 51840 52680 9 11 840
1893 54780 57060 18 15 2280
1894 57180 58920 15 9 1740
1895 59040 59880 9 11 840
1896 61980 64260 18 15 2280
1897 64380 66120 15 9 1740
1898 66240 67080 9 11 840
1899 69180 71460 18 15 2280
1900 71580 73320 15 9 1740
1901 73440 74280 9 11 840
1902 76380 78660 18 15 2280
1903 78780 80520 15 9 1740
1905 27120 28200 0 4 1080
1906 28320 29940 4 6 1620
1907 30180 32940 6 3 2760
1908 36120 38880 3 6 2760
1909 39000 40620 6 4 1620
1910 40740 41820 4 0 1080
1911 43320 46080 3 6 2760
1912 46200 47820 6 4 1620
1913 47940 49020 4 0 1080
1914 50520 53280 3 6 2760
1915 53400 55020 6 4 1620
1916 55140 56220 4 0 1080
1917 57720 60480 3 6 2760
1918 60600 62220 6 4 1620
1919 62340 63420 4 0 1080
1920 64920 67680 3 6 2760
1921 67800 69420 6 4 1620
1922 69540 70620 4 0 1080
1923 72120 74880 3 6 2760
1924 75000 76620 6 4 1620
1925 76740 77820 4 0 1080
1926 27180 29040 0 2 1860
1927 29280 32100 2 17 2820
1928 34620 37440 17 2 2820
1929 37560 39420 2 0 1860
1930 41820 44640 17 2 2820
1931 44760 46620 2 0 1860
1932 49020 51840 17 2 2820
1933 51960 53820 2 0 1860
1934 56220 59040 17 2 2820
1935 59160 61020 2 0 1860
1936 63420 66240 17 2 2820
1937 66360 68220 2 0 1860
1938 70620 73440 17 2 2820
1939 73560 75420 2 0 1860
1942 27180 27960 7 4 780
1943 28080 29700 4 6 1620
1944 29820 32580 6 3 2760
1945 32700 35340 3 8 2640
1946 37440 40080 8 3 2640
1947 40200 42960 3 6 2760
1948 43080 44700 6 4 1620
1949 44820 45600 4 7 780
1950 48240 50880 8 3 2640
1951 51000 53760 3 6 2760
1952 53880 55500 6 4 1620
1953 55620 56400 4 7 780
1954 59040 61680 8 3 2640
1955 61800 64560 3 6 2760
1956 64680 66300 6 4 1620
1957 66420 67200 4 7 780
1958 69840 72480 8 3 2640
1959 72600 75360 3 6 2760
1960 75480 77100 6 4 1620
1961 77220 78000 4 7 780
1964 34980 36600 4 6 1620
1965 36720 38820 6 13 2100
1966 42180 43800 4 6 1620
1967 43920 46020 6 13 2100
1968 49380 51000 4 6 1620
1969 51120 53220 6 13 2100
1970 56580 58200 4 6 1620
1971 58320 60420 6 13 2100
1972 63780 65400 4 6 1620
1973 65520 67620 6 13 2100
1974 70980 72600 4 6 1620
1975 72720 74820 6 13 2100
1980 36840 39360 17 3 2520
1981 39480 42420 3 2 2940
1982 44040 46560 17 3 2520
1983 46680 49620 3 2 2940
1984 51240 53760 17 3 2520
1985 53880 56820 3 2 2940
1986 58440 60960 17 3 2520
1987 61080 64020 3 2 2940
1988 65640 68160 17 3 2520
1989 68280 71220 3 2 2940
1990 72840 75360 17 3 2520
1992 27240 28320 0 4 1080
1993 28440 30060 4 6 1620
1994 30180 32940 6 3 2760
1995 33060 35700 3 8 2640
1996 35820 38760 8 19 2940
1997 41640 44580 19 8 2940
1998 44700 47340 8 3 2640
1999 47460 50220 3 6 2760
2000 50460 52080 6 4 1620
2001 52200 53280 4 0 1080
2002 56040 58980 19 8 2940
2003 59100 61740 8 3 2640
2004 61860 64620 3 6 2760
2005 64860 66480 6 4 1620
2006 66600 67680 4 0 1080
2014 33060 35820 3 6 2760
2015 36060 37680 6 4 1620
2016 37800 38880 4 0 1080
2017 41640 42720 0 4 1080
2018 42840 44460 4 6 1620
2019 44580 47340 6 3 2760
2020 47460 50100 3 8 2640
2021 50220 53160 8 19 2940
2022 56040 57120 0 4 1080
2023 57240 58860 4 6 1620
2024 58980 61740 6 3 2760
2025 61860 64500 3 8 2640
2026 64620 67560 8 19 2940
2027 70440 71520 0 4 1080
2028 71640 73260 4 6 1620
2033 28080 28860 4 7 780
2034 28980 30360 7 1 1380
2035 30480 32640 1 11 2160
2036 32760 33720 11 12 960
2037 36000 36960 12 11 960
2038 37080 39240 11 1 2160
2039 39360 40740 1 7 1380
2040 40860 41640 7 4 780
2041 41760 42420 4 5 660
2042 43200 44160 12 11 960
2043 44280 46440 11 1 2160
2044 46560 47940 1 7 1380
2045 48060 48840 7 4 780
2046 48960 49620 4 5 660
2047 50400 51360 12 11 960
2048 51480 53640 11 1 2160
2049 53760 55140 1 7 1380
2050 55260 56040 7 4 780
2051 56160 56820 4 5 660
2052 57600 58560 12 11 960
2053 58680 60840 11 1 2160
2054 60960 62340 1 7 1380
2055 62460 63240 7 4 780
2056 63360 64020 4 5 660
2057 64800 65760 12 11 960
2058 65880 68040 11 1 2160
2059 68160 69540 1 7 1380
2060 69660 70440 7 4 780
2061 70560 71220 4 5 660
2062 72000 72960 12 11 960
2063 73080 75240 11 1 2160
2064 75360 76740 1 7 1380
2065 76860 77640 7 4 780
2066 77760 78420 4 5 660
2067 79200 80160 12 11 960
2068 80280 82440 11 1 2160
2072 27360 28200 7 0 840
2073 28320 29580 0 10 1260
2074 29700 31200 10 2 1500
2075 35100 36600 2 10 1500
2076 36720 37980 10 0 1260
2077 38100 38940 0 7 840
2078 42300 43800 2 10 1500
2079 43920 45180 10 0 1260
2080 45300 46140 0 7 840
2081 49500 51000 2 10 1500
2082 51120 52380 10 0 1260
2083 52500 53340 0 7 840
2084 56700 58200 2 10 1500
2085 58320 59580 10 0 1260
2086 59700 60540 0 7 840
2087 63900 65400 2 10 1500
2088 65520 66780 10 0 1260
2089 66900 67740 0 7 840
2090 71100 72600 2 10 1500
2091 72720 73980 10 0 1260
2092 74100 74940 0 7 840
2096 27360 28200 7 0 840
2097 28320 30180 0 2 1860
2098 30300 33240 2 3 2940
2099 35160 38100 3 2 2940
2100 38340 40200 2 0 1860
2101 40320 41160 0 7 840
2102 42360 45300 3 2 2940
2103 45540 47400 2 0 1860
2104 47520 48360 0 7 840
2105 49560 52500 3 2 2940
2106 52740 54600 2 0 1860
2107 54720 55560 0 7 840
2108 56760 59700 3 2 2940
2109 59940 61800 2 0 1860
2110 61920 62760 0 7 840
2111 63960 66900 3 2 2940
2112 67140 69000 2 0 1860
2113 69120 69960 0 7 840
2114 71160 74100 3 2 2940
2115 74340 76200 2 0 1860
2116 76320 77160 0 7 840
2121 30360 32220 2 0 1860
2122 34380 36240 0 2 1860
2123 36480 39300 2 17 2820
2124 41580 43440 0 2 1860
2125 43680 46500 2 17 2820
2126 48780 50640 0 2 1860
2127 50880 53700 2 17 2820
2128 55980 57840 0 2 1860
2129 58080 60900 2 17 2820
2130 63180 65040 0 2 1860
2131 65280 68100 2 17 2820
2132 70380 72240 0 2 1860
2137 29460 31980 9 1 2520
2138 32100 33480 1 7 1380
2139 33600 34440 7 0 840
2140 36720 37560 0 7 840
2141 37680 39060 7 1 1380
2142 39180 41700 1 9 2520
2143 41820 43680 9 16 1860
2144 47520 48360 0 7 840
2145 48480 49860 7 1 1380
2146 49980 52500 1 9 2520
2147 52620 54480 9 16 1860
2148 58320 59160 0 7 840
2149 59280 60660 7 1 1380
2150 60780 63300 1 9 2520
2151 63420 65280 9 16 1860
2152 69120 69960 0 7 840
2153 70080 71460 7 1 1380
2154 71580 74100 1 9 2520
2155 74220 76080 9 16 1860
2156 27540 28380 0 7 840
2157 28500 29880 7 1 1380
2158 30000 32160 1 11 2160
2159 32280 33240 11 12 960
2160 35940 36900 12 11 960
2161 37020 39180 11 1 2160
2162 39300 40680 1 7 1380
2163 40800 41640 7 0 840
2164 43140 44100 12 11 960
2165 44220 46380 11 1 2160
2166 46500 47880 1 7 1380
2167 48000 48840 7 0 840
2168 50340 51300 12 11 960
2169 51420 53580 11 1 2160
2170 53700 55080 1 7 1380
2171 55200 56040 7 0 840
2172 57540 58500 12 11 960
2173 58620 60780 11 1 2160
2174 60900 62280 1 7 1380
2175 62400 63240 7 0 840
2176 64740 65700 12 11 960
2177 65820 67980 11 1 2160
2178 68100 69480 1 7 1380
2179 69600 70440 7 0 840
2180 71940 72900 12 11 960
2181 73020 75180 11 1 2160
2182 75300 76680 1 7 1380
2183 76800 77640 7 0 840
2184 79140 80100 12 11 960
2185 80220 82380 11 1 2160
2188 27660 29040 7 1 1380
2189 29160 31680 1 9 2520
2190 31800 32640 9 11 840
2191 32760 33720 11 12 960
2192 35220 36180 12 11 960
2193 36300 37140 11 9 840
2194 37320 39840 9 1 2520
2195 39960 41340 1 7 1380
2196 42420 43380 12 11 960
2197 43500 44340 11 9 840
2198 44520 47040 9 1 2520
2199 47160 48540 1 7 1380
2200 49620 50580 12 11 960
2201 50700 51540 11 9 840
2202 51720 54240 9 1 2520
2203 54360 55740 1 7 1380
2204 56820 57780 12 11 960
2205 57900 58740 11 9 840
2206 58920 61440 9 1 2520
2207 61560 62940 1 7 1380
2208 64020 64980 12 11 960
2209 65100 65940 11 9 840
2210 66120 68640 9 1 2520
2211 68760 70140 1 7 1380
2212 71220 72180 12 11 960
2213 72300 73140 11 9 840
2214 73320 75840 9 1 2520
2215 75960 77340 1 7 1380
2216 78420 79380 12 11 960
2217 79500 80340 11 9 840
2218 80520 83040 9 1 2520
2221 29640 30480 9 11 840
2222 30600 32760 11 1 2160
2223 32880 35820 1 10 2940
2224 38940 41880 10 1 2940
2225 42000 44160 1 11 2160
2226 44280 45120 11 9 840
2227 45240 47100 9 16 1860
2228 49740 52680 10 1 2940
2229 52800 54960 1 11 2160
2230 55080 55920 11 9 840
2231 56040 57900 9 16 1860
2232 60540 63480 10 1 2940
2233 63600 65760 1 11 2160
2234 65880 66720 11 9 840
2235 66840 68700 9 16 1860
2236 71340 74280 10 1 2940
2237 74400 76560 1 11 2160
2238 76680 77520 11 9 840
2239 77640 79500 9 16 1860
2240 27780 29400 4 6 1620
2241 29520 31620 6 13 2100
2242 34380 36480 13 6 2100
2243 36600 38220 6 4 1620
2244 41580 43680 13 6 2100
2245 43800 45420 6 4 1620
2246 48780 50880 13 6 2100
2247 51000 52620 6 4 1620
2248 55980 58080 13 6 2100
2249 58200 59820 6 4 1620
2250 63180 65280 13 6 2100
2251 65400 67020 6 4 1620
2252 70380 72480 13 6 2100
2253 72600 74220 6 4 1620
2256 27900 29400 2 10 1500
2257 29520 30780 10 0 1260
2258 30900 31740 0 7 840
2259 34560 35400 7 0 840
2260 35520 36780 0 10 1260
2261 36900 38400 10 2 1500
2262 41760 42600 7 0 840
2263 42720 43980 0 10 1260
2264 44100 45600 10 2 1500
2265 48960 49800 7 0 840
2266 49920 51180 0 10 1260
2267 51300 52800 10 2 1500
2268 56160 57000 7 0 840
2269 57120 58380 0 10 1260
2270 58500 60000 10 2 1500
2271 63360 64200 7 0 840
2272 64320 65580 0 10 1260
2273 65700 67200 10 2 1500
2274 70560 71400 7 0 840
2275 71520 72780 0 10 1260
2276 72900 74400 10 2 1500
2277 77760 78600 7 0 840
2281 31620 32280 5 4 660
2282 32400 34020 4 6 1620
2283 36840 38460 6 4 1620
2284 38580 39240 4 5 660
2285 39360 42960 5 18 3600
2286 44040 45660 6 4 1620
2287 45780 46440 4 5 660
2288 46560 50160 5 18 3600
2289 51240 52860 6 4 1620
2290 52980 53640 4 5 660
2291 53760 57360 5 18 3600
2292 58440 60060 6 4 1620
2293 60180 60840 4 5 660
2294 60960 64560 5 18 3600
2295 65640 67260 6 4 1620
2296 67380 68040 4 5 660
2297 68160 71760 5 18 3600
2298 72840 74460 6 4 1620
2299 74580 75240 4 5 660
2302 31140 33000 2 0 1860
2303 33120 33960 0 7 840
2304 34560 35400 7 0 840
2305 35520 37380 0 2 1860
2306 37500 40440 2 3 2940
2307 41760 42600 7 0 840
2308 42720 44580 0 2 1860
2309 44700 47640 2 3 2940
2310 48960 49800 7 0 840
2311 49920 51780 0 2 1860
2312 51900 54840 2 3 2940
2313 56160 57000 7 0 840
2314 57120 58980 0 2 1860
2315 59100 62040 2 3 2940
2316 63360 64200 7 0 840
2317 64320 66180 0 2 1860
2318 66300 69240 2 3 2940
2319 70560 71400 7 0 840
2320 71520 73380 0 2 1860
2322 77760 78600 7 0 840
2326 30960 32220 10 0 1260
2327 32340 33180 0 7 840
2328 35520 36360 7 0 840
2329 36480 37740 0 10 1260
2330 37860 40740 10 14 2880
2331 42720 43560 7 0 840
2332 43680 44940 0 10 1260
2333 45060 47940 10 14 2880
2334 49920 50760 7 0 840
2335 50880 52140 0 10 1260
2336 52260 55140 10 14 2880
2337 57120 57960 7 0 840
2338 58080 59340 0 10 1260
2339 59460 62340 10 14 2880
2340 64320 65160 7 0 840
2341 65280 66540 0 10 1260
2342 66660 69540 10 14 2880
2343 71520 72360 7 0 840
2344 72480 73740 0 10 1260
2346 78720 79560 7 0 840
2350 30120 30780 5 4 660
2351 30900 31980 4 0 1080
2352 32100 33360 0 10 1260
2353 37500 38760 10 0 1260
2354 38880 39960 0 4 1080
2355 40080 40740 4 5 660
2356 40860 42900 5 13 2040
2357 44700 45960 10 0 1260
2358 46080 47160 0 4 1080
2359 47280 47940 4 5 660
2360 48060 50100 5 13 2040
2361 51900 53160 10 0 1260
2362 53280 54360 0 4 1080
2363 54480 55140 4 5 660
2364 55260 57300 5 13 2040
2365 59100 60360 10 0 1260
2366 60480 61560 0 4 1080
2367 61680 62340 4 5 660
2368 62460 64500 5 13 2040
2369 66300 67560 10 0 1260
2370 67680 68760 0 4 1080
2371 68880 69540 4 5 660
2372 69660 71700 5 13 2040
2373 73500 74760 10 0 1260
2374 74880 75960 0 4 1080
2375 76080 76740 4 5 660
2378 29100 29940 11 9 840
2379 30120 32640 9 1 2520
2380 32760 34140 1 7 1380
2381 34860 36240 7 1 1380
2382 36360 38880 1 9 2520
2383 39000 39840 9 11 840
2384 39960 40920 11 12 960
2385 42060 43440 7 1 1380
2386 43560 46080 1 9 2520
2387 46200 47040 9 11 840
2388 47160 48120 11 12 960
2389 49260 50640 7 1 1380
2390 50760 53280 1 9 2520
2391 53400 54240 9 11 840
2392 54360 55320 11 12 960
2393 56460 57840 7 1 1380
2394 57960 60480 1 9 2520
2395 60600 61440 9 11 840
2396 61560 62520 11 12 960
2397 63660 65040 7 1 1380
2398 65160 67680 1 9 2520
2399 67800 68640 9 11 840
2400 68760 69720 11 12 960
2401 70860 72240 7 1 1380
2402 72360 74880 1 9 2520
2403 75000 75840 9 11 840
2404 75960 76920 11 12 960
2405 78060 79440 7 1 1380
2406 79560 82080 1 9 2520
2409 28140 31080 10 1 2940
2410 31200 33360 1 11 2160
2411 33480 34320 11 9 840
2412 34440 36300 9 16 1860
2413 38460 40320 16 9 1860
2414 40440 41280 9 11 840
2415 41400 43560 11 1 2160
2416 43680 46620 1 10 2940
2417 49260 51120 16 9 1860
2418 51240 52080 9 11 840
2419 52200 54360 11 1 2160
2420 54480 57420 1 10 2940
2421 60060 61920 16 9 1860
2422 62040 62880 9 11 840
2423 63000 65160 11 1 2160
2424 65280 68220 1 10 2940
2425 70860 72720 16 9 1860
2426 72840 73680 9 11 840
2427 73800 75960 11 1 2160
2428 76080 79020 1 10 2940
2429 28320 29160 7 0 840
2430 29280 30540 0 10 1260
2431 30660 33540 10 14 2880
2432 35160 38040 14 10 2880
2433 38160 39420 10 0 1260
2434 39540 40380 0 7 840
2435 42360 45240 14 10 2880
2436 45360 46620 10 0 1260
2437 46740 47580 0 7 840
2438 49560 52440 14 10 2880
2439 52560 53820 10 0 1260
2440 53940 54780 0 7 840
2441 56760 59640 14 10 2880
2442 59760 61020 10 0 1260
2443 61140 61980 0 7 840
2444 63960 66840 14 10 2880
2445 66960 68220 10 0 1260
2446 68340 69180 0 7 840
2447 71160 74040 14 10 2880
2448 74160 75420 10 0 1260
2449 75540 76380 0 7 840
2454 30780 31440 5 4 660
2455 31560 32640 4 0 1080
2456 32760 34620 0 2 1860
2457 34740 37560 2 17 2820
2458 39960 42780 17 2 2820
2459 42900 44760 2 0 1860
2460 44880 45960 0 4 1080
2461 46080 46740 4 5 660
2462 46860 48900 5 13 2040
2463 50760 53580 17 2 2820
2464 53700 55560 2 0 1860
2465 55680 56760 0 4 1080
2466 56880 57540 4 5 660
2467 57660 59700 5 13 2040
2468 61560 64380 17 2 2820
2469 64500 66360 2 0 1860
2470 66480 67560 0 4 1080
2471 67680 68340 4 5 660
2472 68460 70500 5 13 2040
2473 72360 75180 17 2 2820
2474 75300 77160 2 0 1860
2475 77280 78360 0 4 1080
2476 78480 79140 4 5 660
2479 29820 31980 11 1 2160
2480 32100 33480 1 7 1380
2481 33600 34440 7 0 840
2482 38340 39180 0 7 840
2483 39300 40680 7 1 1380
2484 40800 42960 1 11 2160
2485 43080 44040 11 12 960
2486 45540 46380 0 7 840
2487 46500 47880 7 1 1380
2488 48000 50160 1 11 2160
2489 50280 51240 11 12 960
2490 52740 53580 0 7 840
2491 53700 55080 7 1 1380
2492 55200 57360 1 11 2160
2493 57480 58440 11 12 960
2494 59940 60780 0 7 840
2495 60900 62280 7 1 1380
2496 62400 64560 1 11 2160
2497 64680 65640 11 12 960
2498 67140 67980 0 7 840
2499 68100 69480 7 1 1380
2500 69600 71760 1 11 2160
2501 71880 72840 11 12 960
2502 74340 75180 0 7 840
2503 75300 76680 7 1 1380
2504 76800 78960 1 11 2160
2507 29880 32040 11 1 2160
2508 32160 33540 1 7 1380
2509 33660 34440 7 4 780
2510 34560 35220 4 5 660
2511 38100 38760 5 4 660
2512 38880 39660 4 7 780
2513 39780 41160 7 1 1380
2514 41280 43440 1 11 2160
2515 43560 44520 11 12 960
2517 31800 33420 6 4 1620
2518 33540 34620 4 0 1080
2519 37920 39000 0 4 1080
2520 39120 40740 4 6 1620
2521 40980 43740 6 3 2760
2523 30720 31500 4 7 780
2524 31620 33000 7 1 1380
2525 33120 35280 1 11 2160
2526 35400 36240 11 9 840
2527 36840 37680 9 11 840
2528 37800 39960 11 1 2160
2529 40080 41460 1 7 1380
2530 41580 42360 7 4 780
2531 42480 44100 4 6 1620
2532 47640 48480 9 11 840
2533 48600 50760 11 1 2160
2534 50880 52260 1 7 1380
2535 52380 53160 7 4 780
2536 53280 54900 4 6 1620
2537 58440 59280 9 11 840
2538 59400 61560 11 1 2160
2539 61680 63060 1 7 1380
2540 63180 63960 7 4 780
2541 64080 65700 4 6 1620
2542 69240 70080 9 11 840
2543 70200 72360 11 1 2160
2544 72480 73860 1 7 1380
2545 73980 74760 7 4 780
2546 74880 76500 4 6 1620
2548 32100 33480 1 7 1380
2549 33600 34380 7 4 780
2550 34500 35580 4 0 1080
2551 36720 37800 0 4 1080
2552 38040 38820 4 7 780
2553 39000 40380 7 1 1380
2554 40560 43380 1 15 2820
2555 47520 48600 0 4 1080
2556 48840 49620 4 7 780
2557 49800 51180 7 1 1380
2558 51360 54180 1 15 2820
2559 58320 59400 0 4 1080
2560 59640 60420 4 7 780
2561 60600 61980 7 1 1380
2562 62160 64980 1 15 2820
2563 69120 70200 0 4 1080
2564 70440 71220 4 7 780
2565 71400 72780 7 1 1380
2566 72960 75780 1 15 2820
2568 32880 33540 5 4 660
2569 33660 34740 4 0 1080
2570 37380 38460 0 4 1080
2571 38700 39360 4 5 660
2572 39480 43080 5 18 3600
2574 32100 33960 2 0 1860
2575 34080 35160 0 4 1080
2576 35280 35940 4 5 660
2577 36060 38100 5 13 2040
2578 39420 41460 13 5 2040
2579 41580 42240 5 4 660
2580 42360 43440 4 0 1080
2581 43560 45420 0 2 1860
2582 45540 48360 2 17 2820
2583 50220 52260 13 5 2040
2584 52380 53040 5 4 660
2585 53160 54240 4 0 1080
2586 54360 56220 0 2 1860
2587 56340 59160 2 17 2820
2588 61020 63060 13 5 2040
2589 63180 63840 5 4 660
2590 63960 65040 4 0 1080
2591 65160 67020 0 2 1860
2592 67140 69960 2 17 2820
2593 71820 73860 13 5 2040
2594 73980 74640 5 4 660
2595 74760 75840 4 0 1080
2596 75960 77820 0 2 1860
2598 29520 30360 0 7 840
2599 30480 31860 7 1 1380
2600 31980 34500 1 9 2520
2601 34620 36480 9 16 1860
2602 38280 40140 16 9 1860
2603 40260 42780 9 1 2520
2604 42900 44280 1 7 1380
2605 44400 45240 7 0 840
2606 49080 50940 16 9 1860
2607 51060 53580 9 1 2520
2608 53700 55080 1 7 1380
2609 55200 56040 7 0 840
2610 59880 61740 16 9 1860
2611 61860 64380 9 1 2520
2612 64500 65880 1 7 1380
2613 66000 66840 7 0 840
2614 70680 72540 16 9 1860
2615 72660 75180 9 1 2520
2616 75300 76680 1 7 1380
2617 76800 77640 7 0 840
2619 32280 35220 3 2 2940
2620 37980 40920 2 3 2940
2621 41040 43560 3 17 2520
2623 31380 32040 4 5 660
2624 32160 35760 5 18 3600
2625 38700 42300 18 5 3600
2626 42420 43080 5 4 660
2627 43200 44820 4 6 1620
2630 35820 38760 3 2 2940
2631 38880 40740 2 0 1860
2632 44520 46380 0 2 1860
2633 46500 49440 2 3 2940
2634 49560 52200 3 8 2640
2635 52320 55260 8 19 2940
2636 58920 60780 0 2 1860
2637 60900 63840 2 3 2940
2638 63960 66600 3 8 2640
2640 73320 75180 0 2 1860
2644 30120 31980 0 2 1860
2645 32100 35040 2 3 2940
2646 35160 37800 3 8 2640
2647 37920 40860 8 19 2940
2648 44400 47340 19 8 2940
2649 47460 50100 8 3 2640
2650 50220 53160 3 2 2940
2651 53280 55140 2 0 1860
2652 58800 61740 19 8 2940
2653 61860 64500 8 3 2640
2654 64620 67560 3 2 2940
2655 67680 69540 2 0 1860
2661 33000 35760 3 6 2760
2662 35880 37500 6 4 1620
2663 37620 38400 4 7 780
2664 41580 42360 7 4 780
2665 42480 44100 4 6 1620
2666 44220 46980 6 3 2760
2667 47100 49740 3 8 2640
2668 52380 53160 7 4 780
2669 53280 54900 4 6 1620
2670 55020 57780 6 3 2760
2671 57900 60540 3 8 2640
2672 63180 63960 7 4 780
2673 64080 65700 4 6 1620
2674 65820 68580 6 3 2760
2675 68700 71340 3 8 2640
2676 73980 74760 7 4 780
2677 74880 76500 4 6 1620
2680 30300 31560 10 0 1260
2681 31680 32760 0 4 1080
2682 32880 33540 4 5 660
2683 33660 35700 5 13 2040
2684 38760 40800 13 5 2040
2685 40920 41580 5 4 660
2686 41700 42780 4 0 1080
2687 42900 44160 0 10 1260
2688 30780 31560 7 4 780
2689 31680 33300 4 6 1620
2690 33420 36180 6 3 2760
2691 36300 38940 3 8 2640
2692 41040 43680 8 3 2640
2693 43800 46560 3 6 2760
2694 46680 48300 6 4 1620
2695 48420 49200 4 7 780
2696 51840 54480 8 3 2640
2697 54600 57360 3 6 2760
2698 57480 59100 6 4 1620
2699 59220 60000 4 7 780
2700 62640 65280 8 3 2640
2701 65400 68160 3 6 2760
2702 68280 69900 6 4 1620
2703 70020 70800 4 7 780
2704 73440 76080 8 3 2640
2705 76200 78960 3 6 2760
2706 79080 80700 6 4 1620
2707 80820 81600 4 7 780
2708 30840 31920 0 4 1080
2709 32040 33660 4 6 1620
2710 33780 36540 6 3 2760
2711 36660 39300 3 8 2640
2712 39420 42360 8 19 2940
2713 45240 48180 19 8 2940
2714 48300 50940 8 3 2640
2715 51060 53820 3 6 2760
2716 54060 55680 6 4 1620
2717 55800 56880 4 0 1080
2718 59640 62580 19 8 2940
2719 62700 65340 8 3 2640
2720 65460 68220 3 6 2760
2721 68460 70080 6 4 1620
2722 70200 71280 4 0 1080
2730 36660 39420 3 6 2760
2731 39660 41280 6 4 1620
2732 41400 42480 4 0 1080
2733 45240 46320 0 4 1080
2734 46440 48060 4 6 1620
2735 48180 50940 6 3 2760
2736 51060 53700 3 8 2640
2737 53820 56760 8 19 2940
2738 59640 60720 0 4 1080
2739 60840 62460 4 6 1620
2740 62580 65340 6 3 2760
2741 65460 68100 3 8 2640
2743 74040 75120 0 4 1080
2744 75240 76860 4 6 1620
2748 31140 31980 0 7 840
2749 32100 33480 7 1 1380
2750 33600 35760 1 11 2160
2751 35880 36840 11 12 960
2752 39540 40500 12 11 960
2753 40620 42780 11 1 2160
2754 42900 44280 1 7 1380
2755 44400 45240 7 0 840
2756 31260 33120 16 9 1860
2757 33240 34080 9 11 840
2758 34200 36360 11 1 2160
2759 36480 39420 1 10 2940
2760 42540 45480 10 1 2940
2761 45600 47760 1 11 2160
2762 47880 48720 11 9 840
2763 48840 50700 9 16 1860
2764 53340 56280 10 1 2940
2765 56400 58560 1 11 2160
2766 58680 59520 11 9 840
2767 59640 61500 9 16 1860
2768 64140 67080 10 1 2940
2769 67200 69360 1 11 2160
2770 69480 70320 11 9 840
2771 70440 72300 9 16 1860
2772 74940 77880 10 1 2940
2773 78000 80160 1 11 2160
2774 80280 81120 11 9 840
2776 31740 34680 10 1 2940
2777 34800 36960 1 11 2160
2778 37080 37920 11 9 840
2779 38040 39900 9 16 1860
2780 42060 43920 16 9 1860
2781 44040 44880 9 11 840
2782 45000 47160 11 1 2160
2783 47280 50220 1 10 2940
2784 52860 54720 16 9 1860
2785 54840 55680 9 11 840
2786 55800 57960 11 1 2160
2787 58080 61020 1 10 2940
2788 63660 65520 16 9 1860
2789 65640 66480 9 11 840
2790 66600 68760 11 1 2160
2791 68880 71820 1 10 2940
2792 74460 76320 16 9 1860
2793 76440 77280 9 11 840
2794 77400 79560 11 1 2160
2796 32460 33300 0 7 840
2797 33420 34200 7 4 780
2798 34320 34980 4 5 660
2799 35100 37140 5 13 2040
2800 37980 40020 13 5 2040
2801 40140 40800 5 4 660
2802 40920 41700 4 7 780
2803 41820 42660 7 0 840
2804 32460 34620 11 1 2160
2805 34740 36120 1 7 1380
2806 36240 37080 7 0 840
2807 38040 38880 0 7 840
2808 39000 40380 7 1 1380
2809 40500 42660 1 11 2160
2810 32760 35580 17 2 2820
2811 35700 37560 2 0 1860
2812 37680 38760 0 4 1080
2813 38880 39540 4 5 660
2814 39660 41700 5 13 2040
2815 43020 45060 13 5 2040
2816 45180 45840 5 4 660
2817 45960 47040 4 0 1080
2818 47160 49020 0 2 1860
2819 49140 51960 2 17 2820
2821 36660 39300 8 3 2640
2822 39420 42360 3 2 2940
2823 42480 44340 2 0 1860
2824 48120 49980 0 2 1860
2825 50100 53040 2 3 2940
2826 53160 55800 3 8 2640
2827 55920 58860 8 19 2940
2828 62520 64380 0 2 1860
2829 64500 67440 2 3 2940
2830 67560 70200 3 8 2640
2836 33720 35580 0 2 1860
2837 35700 38640 2 3 2940
2838 38760 41400 3 8 2640
2839 41520 44460 8 19 2940
2840 48000 50940 19 8 2940
2841 51060 53700 8 3 2640
2842 53820 56760 3 2 2940
2843 56880 58740 2 0 1860
2844 62400 65340 19 8 2940
2845 65460 68100 8 3 2640
2846 68220 71160 3 2 2940
2847 71280 73140 2 0 1860
2852 34440 35520 0 4 1080
2853 35640 37260 4 6 1620
2854 37380 40140 6 3 2760
2855 40260 42900 3 8 2640
2856 43020 45960 8 19 2940
2857 48840 51780 19 8 2940
2858 51900 54540 8 3 2640
2859 54660 57420 3 6 2760
2860 57660 59280 6 4 1620
2861 59400 60480 4 0 1080
2862 63240 66180 19 8 2940
2863 66300 68940 8 3 2640
2864 69060 71820 3 6 2760
2865 72060 73680 6 4 1620
2866 73800 74880 4 0 1080
2873 37500 40140 8 3 2640
2874 40260 43020 3 6 2760
2875 43260 44880 6 4 1620
2876 45000 46080 4 0 1080
2877 48840 49920 0 4 1080
2878 50040 51660 4 6 1620
2879 51780 54540 6 3 2760
2880 54660 57300 3 8 2640
2881 57420 60360 8 19 2940
2882 63240 64320 0 4 1080
2883 64440 66060 4 6 1620
2884 66180 68940 6 3 2760
2885 69060 71700 3 8 2640
2887 77640 78720 0 4 1080
2892 39660 40500 0 7 840
2893 40620 41400 7 4 780
2894 41520 42180 4 5 660
2895 42300 44340 5 13 2040
2896 45180 47220 13 5 2040
2897 47340 48000 5 4 660
2898 48120 48900 4 7 780
2899 49020 49860 7 0 840
2900 39660 41820 11 1 2160
2901 41940 43320 1 7 1380
2902 43440 44280 7 0 840
2903 45240 46080 0 7 840
2904 46200 47580 7 1 1380
2905 47700 49860 1 11 2160
2906 39780 41400 6 4 1620
2907 41520 42300 4 7 780
2908 42420 43800 7 1 1380
2909 43920 46080 1 11 2160
2910 46200 47040 11 9 840
2911 47640 48480 9 11 840
2912 48600 50760 11 1 2160
2913 50880 52260 1 7 1380
2914 52380 53160 7 4 780
2915 53280 54900 4 6 1620
2916 40320 41160 0 7 840
2917 41280 42660 7 1 1380
2918 42780 45300 1 9 2520
2919 45420 47280 9 16 1860
2920 49080 50940 16 9 1860
2921 51060 53580 9 1 2520
2922 53700 55080 1 7 1380
2923 55200 56040 7 0 840
2924 43560 46380 17 2 2820
2925 46500 48360 2 0 1860
2926 48480 49560 0 4 1080
2927 49680 50340 4 5 660
2928 50460 52500 5 13 2040
2929 53820 55860 13 5 2040
2930 55980 56640 5 4 660
2931 56760 57840 4 0 1080
2932 57960 59820 0 2 1860
2933 59940 62760 2 17 2820
2934 46860 47700 0 7 840
2935 47820 48600 7 4 780
2936 48720 49380 4 5 660
2937 49500 51540 5 13 2040
2938 52380 54420 13 5 2040
2939 54540 55200 5 4 660
2940 55320 56100 4 7 780
2941 56220 57060 7 0 840
2942 46860 49020 11 1 2160
2943 49140 50520 1 7 1380
2944 50640 51480 7 0 840
2945 52440 53280 0 7 840
2946 53400 54780 7 1 1380
2947 54900 57060 1 11 2160
2948 50580 52200 6 4 1620
2949 52320 53100 4 7 780
2950 53220 54600 7 1 1380
2951 54720 56880 1 11 2160
2952 57000 57840 11 9 840
2953 58440 59280 9 11 840
2954 59400 61560 11 1 2160
2955 61680 63060 1 7 1380
2956 63180 63960 7 4 780
2957 64080 65700 4 6 1620
2958 51120 51960 0 7 840
2959 52080 53460 7 1 1380
2960 53580 56100 1 9 2520
2961 56220 58080 9 16 1860
2962 59880 61740 16 9 1860
2963 61860 64380 9 1 2520
2964 64500 65880 1 7 1380
2965 66000 66840 7 0 840
2966 54060 54900 0 7 840
2967 55020 55800 7 4 780
2968 55920 56580 4 5 660
2969 56700 58740 5 13 2040
2970 59580 61620 13 5 2040
2971 61740 62400 5 4 660
2972 62520 63300 4 7 780
2973 63420 64260 7 0 840
2974 54060 56220 11 1 2160
2975 56340 57720 1 7 1380
2976 57840 58680 7 0 840
2977 59640 60480 0 7 840
2978 60600 61980 7 1 1380
2979 62100 64260 1 11 2160
2980 54360 57180 17 2 2820
2981 57300 59160 2 0 1860
2982 59280 60360 0 4 1080
2983 60480 61140 4 5 660
2984 61260 63300 5 13 2040
2985 64620 66660 13 5 2040
2986 66780 67440 5 4 660
2987 67560 68640 4 0 1080
2988 68760 70620 0 2 1860
2989 70740 73560 2 17 2820
2990 61260 62100 0 7 840
2991 62220 63000 7 4 780
2992 63120 63780 4 5 660
2993 63900 65940 5 13 2040
2994 66780 68820 13 5 2040
2995 68940 69600 5 4 660
2996 69720 70500 4 7 780
2997 70620 71460 7 0 840
2998 61260 63420 11 1 2160
2999 63540 64920 1 7 1380
3000 65040 65880 7 0 840
3001 66840 67680 0 7 840
3002 67800 69180 7 1 1380
3003 69300 71460 1 11 2160
3004 61380 63000 6 4 1620
3005 63120 63900 4 7 780
3006 64020 65400 7 1 1380
3007 65520 67680 1 11 2160
3008 67800 68640 11 9 840
3009 69240 70080 9 11 840
3010 70200 72360 11 1 2160
3011 72480 73860 1 7 1380
3012 73980 74760 7 4 780
3013 74880 76500 4 6 1620
3014 61920 62760 0 7 840
3015 62880 64260 7 1 1380
3016 64380 66900 1 9 2520
3017 67020 68880 9 16 1860
3018 70680 72540 16 9 1860
3019 72660 75180 9 1 2520
3020 75300 76680 1 7 1380
3021 76800 77640 7 0 840
3022 65160 67980 17 2 2820
3023 68100 69960 2 0 1860
3024 70080 71160 0 4 1080
3025 71280 71940 4 5 660
3026 72060 74100 5 13 2040
3027 75420 77460 13 5 2040
3028 77580 78240 5 4 660
3029 78360 79440 4 0 1080
3032 68460 69300 0 7 840
3033 69420 70200 7 4 780
3034 70320 70980 4 5 660
3035 71100 73140 5 13 2040
3036 73980 76020 13 5 2040
3037 76140 76800 5 4 660
3038 76920 77700 4 7 780
3039 77820 78660 7 0 840
3040 68460 70620 11 1 2160
3041 70740 72120 1 7 1380
3042 72240 73080 7 0 840
3043 74040 74880 0 7 840
3044 75000 76380 7 1 1380
3045 76500 78660 1 11 2160
3046 72180 73800 6 4 1620
3047 73920 74700 4 7 780
3048 74820 76200 7 1 1380
3049 76320 78480 1 11 2160
3050 78600 79440 11 9 840
3051 80040 80880 9 11 840
3052 81000 83160 11 1 2160
3056 72720 73560 0 7 840
3057 73680 75060 7 1 1380
3058 75180 77700 1 9 2520
3059 77820 79680 9 16 1860
3060 81480 83340 16 9 1860
3061 83460 85980 9 1 2520
3064 75660 76500 0 7 840
3065 76620 77400 7 4 780
3066 77520 78180 4 5 660
3072 75660 77820 11 1 2160
3073 77940 79320 1 7 1380
3074 79440 80280 7 0 840
3075 81240 82080 0 7 840
3076 82200 83580 7 1 1380
