4 30900 31620 0 1 720
5 31740 33180 1 2 1440
6 36360 37980 10 0 1620
7 38100 38820 0 1 720
8 38940 40380 1 2 1440
9 43560 45180 10 0 1620
10 45300 46020 0 1 720
11 46140 47580 1 2 1440
12 50760 52380 10 0 1620
13 52500 53220 0 1 720
14 53340 54780 1 2 1440
15 57960 59580 10 0 1620
16 59700 60420 0 1 720
17 60540 61980 1 2 1440
18 65160 66780 10 0 1620
19 66900 67620 0 1 720
20 67740 69180 1 2 1440
21 72360 73980 10 0 1620
22 74100 74820 0 1 720
23 74940 76380 1 2 1440
24 79200 80640 2 1 1440
25 80760 81480 1 0 720
26 81600 83220 0 10 1620
27 86760 88380 10 0 1620
32 25740 28140 5 6 2400
33 28260 30480 6 7 2220
34 31440 33660 7 6 2220
35 33780 36180 6 5 2400
36 36300 38820 5 3 2520
37 38940 40140 3 0 1200
38 42240 44460 7 6 2220
39 44580 46980 6 5 2400
40 47100 49620 5 3 2520
41 49740 50940 3 0 1200
42 53040 55260 7 6 2220
43 55380 57780 6 5 2400
44 57900 60420 5 3 2520
45 60540 61740 3 0 1200
46 63840 66060 7 6 2220
47 66180 68580 6 5 2400
48 68700 71220 5 3 2520
49 71340 72540 3 0 1200
50 74640 76860 7 6 2220
51 76980 79380 6 5 2400
52 79500 82020 5 3 2520
53 82140 83340 3 0 1200
56 25560 28080 5 3 2520
57 29940 32460 3 5 2520
58 32700 34800 5 8 2100
59 35040 36360 8 11 1320
60 37140 39660 3 5 2520
61 39900 42000 5 8 2100
62 42240 43560 8 11 1320
63 44340 46860 3 5 2520
64 47100 49200 5 8 2100
65 49440 50760 8 11 1320
66 51540 54060 3 5 2520
67 54300 56400 5 8 2100
68 56640 57960 8 11 1320
69 58740 61260 3 5 2520
70 61500 63600 5 8 2100
71 63840 65160 8 11 1320
72 65940 68460 3 5 2520
73 68700 70800 5 8 2100
74 71040 72360 8 11 1320
75 73140 75660 3 5 2520
76 75900 78000 5 8 2100
77 78240 79560 8 11 1320
82 34560 36720 6 11 2160
83 36840 38160 11 8 1320
84 41760 43920 6 11 2160
85 44040 45360 11 8 1320
86 48960 51120 6 11 2160
87 51240 52560 11 8 1320
88 56160 58320 6 11 2160
89 58440 59760 11 8 1320
90 63360 65520 6 11 2160
91 65640 66960 11 8 1320
92 70560 72720 6 11 2160
93 72840 74160 11 8 1320
94 77760 79920 6 11 2160
95 80040 81360 11 8 1320
101 31200 32820 0 10 1620
102 36000 37440 2 1 1440
103 37560 38280 1 0 720
104 38400 40020 0 10 1620
105 43200 44640 2 1 1440
106 44760 45480 1 0 720
107 45600 47220 0 10 1620
108 50400 51840 2 1 1440
109 51960 52680 1 0 720
110 52800 54420 0 10 1620
111 57600 59040 2 1 1440
112 59160 59880 1 0 720
113 60000 61620 0 10 1620
114 64800 66240 2 1 1440
115 66360 67080 1 0 720
116 67200 68820 0 10 1620
117 72000 73440 2 1 1440
118 73560 74280 1 0 720
119 74400 76020 0 10 1620
122 27240 30120 5 0 2880
123 30240 30960 0 1 720
124 31080 34200 1 15 3120
125 38340 41460 15 1 3120
126 41580 42300 1 0 720
127 42420 45300 0 5 2880
128 45420 47940 5 11 2520
129 48060 50460 11 9 2400
130 52740 55860 15 1 3120
131 55980 56700 1 0 720
132 56820 59700 0 5 2880
133 59820 62340 5 11 2520
134 62460 64860 11 9 2400
135 67140 70260 15 1 3120
136 70380 71100 1 0 720
137 71220 74100 0 5 2880
138 74220 76740 5 11 2520
146 33120 34020 4 2 900
147 34140 35580 2 1 1440
148 35700 36720 1 10 1020
149 38520 39420 4 2 900
150 39540 40980 2 1 1440
151 41100 42120 1 10 1020
152 43920 44820 4 2 900
153 44940 46380 2 1 1440
154 46500 47520 1 10 1020
155 49320 50220 4 2 900
156 50340 51780 2 1 1440
157 51900 52920 1 10 1020
158 54720 55620 4 2 900
159 55740 57180 2 1 1440
160 57300 58320 1 10 1020
161 60120 61020 4 2 900
162 61140 62580 2 1 1440
163 62700 63720 1 10 1020
164 65520 66420 4 2 900
165 66540 67980 2 1 1440
166 68100 69120 1 10 1020
167 70920 71820 4 2 900
168 71940 73380 2 1 1440
169 73500 74520 1 10 1020
170 76320 77220 4 2 900
171 77340 78780 2 1 1440
172 78900 79920 1 10 1020
178 30420 31320 2 4 900
179 33120 34140 10 1 1020
180 34260 35700 1 2 1440
181 35820 36720 2 4 900
182 38520 39540 10 1 1020
183 39660 41100 1 2 1440
184 41220 42120 2 4 900
185 43920 44940 10 1 1020
186 45060 46500 1 2 1440
187 46620 47520 2 4 900
188 49320 50340 10 1 1020
189 50460 51900 1 2 1440
190 52020 52920 2 4 900
191 54720 55740 10 1 1020
192 55860 57300 1 2 1440
193 57420 58320 2 4 900
194 60120 61140 10 1 1020
195 61260 62700 1 2 1440
196 62820 63720 2 4 900
197 65520 66540 10 1 1020
198 66660 68100 1 2 1440
199 68220 69120 2 4 900
200 70920 71940 10 1 1020
201 72060 73500 1 2 1440
202 73620 74520 2 4 900
203 76320 77340 10 1 1020
204 77460 78900 1 2 1440
210 31200 31980 11 12 780
211 32100 33900 12 13 1800
212 35880 38280 9 11 2400
213 38400 39180 11 12 780
214 39300 41100 12 13 1800
215 43080 45480 9 11 2400
216 45600 46380 11 12 780
217 46500 48300 12 13 1800
218 50280 52680 9 11 2400
219 52800 53580 11 12 780
220 53700 55500 12 13 1800
221 57480 59880 9 11 2400
222 60000 60780 11 12 780
223 60900 62700 12 13 1800
224 64680 67080 9 11 2400
225 67200 67980 11 12 780
226 68100 69900 12 13 1800
227 71880 74280 9 11 2400
228 74400 75180 11 12 780
229 75300 77100 12 13 1800
230 79080 81480 9 11 2400
235 27420 30300 5 0 2880
236 30420 31140 0 1 720
237 34380 35100 1 0 720
238 35220 38100 0 5 2880
239 38220 40620 5 6 2400
240 40740 42960 6 7 2220
241 45180 45900 1 0 720
242 46020 48900 0 5 2880
243 49020 51420 5 6 2400
244 51540 53760 6 7 2220
245 55980 56700 1 0 720
246 56820 59700 0 5 2880
247 59820 62220 5 6 2400
248 62340 64560 6 7 2220
249 66780 67500 1 0 720
250 67620 70500 0 5 2880
251 70620 73020 5 6 2400
252 73140 75360 6 7 2220
253 77580 78300 1 0 720
254 78420 81300 0 5 2880
255 81420 83820 5 6 2400
259 26640 28740 5 8 2100
260 28980 30300 8 11 1320
261 31740 33060 11 8 1320
262 33180 35280 8 5 2100
263 35400 37920 5 3 2520
264 38040 39300 3 2 1260
265 42540 43860 11 8 1320
266 43980 46080 8 5 2100
267 46200 48720 5 3 2520
268 48840 50100 3 2 1260
269 53340 54660 11 8 1320
270 54780 56880 8 5 2100
271 57000 59520 5 3 2520
272 59640 60900 3 2 1260
273 64140 65460 11 8 1320
274 65580 67680 8 5 2100
275 67800 70320 5 3 2520
276 70440 71700 3 2 1260
277 74940 76260 11 8 1320
278 76380 78480 8 5 2100
279 78600 81120 5 3 2520
282 25500 27600 5 8 2100
283 27840 29160 8 11 1320
284 32580 33900 11 8 1320
285 34140 36240 8 5 2100
286 36360 38880 5 3 2520
287 39780 41100 11 8 1320
288 41340 43440 8 5 2100
289 43560 46080 5 3 2520
290 46980 48300 11 8 1320
291 48540 50640 8 5 2100
292 50760 53280 5 3 2520
293 54180 55500 11 8 1320
294 55740 57840 8 5 2100
295 57960 60480 5 3 2520
296 61380 62700 11 8 1320
297 62940 65040 8 5 2100
298 65160 67680 5 3 2520
299 68580 69900 11 8 1320
300 70140 72240 8 5 2100
301 72360 74880 5 3 2520
302 75780 77100 11 8 1320
303 77340 79440 8 5 2100
304 79560 82080 5 3 2520
307 26400 29280 5 0 2880
308 31260 34140 0 5 2880
309 34260 36780 5 11 2520
310 36900 37680 11 12 780
311 38460 41340 0 5 2880
312 41460 43980 5 11 2520
313 44100 44880 11 12 780
314 45660 48540 0 5 2880
315 48660 51180 5 11 2520
316 51300 52080 11 12 780
317 52860 55740 0 5 2880
318 55860 58380 5 11 2520
319 58500 59280 11 12 780
320 60060 62940 0 5 2880
321 63060 65580 5 11 2520
322 65700 66480 11 12 780
323 67260 70140 0 5 2880
324 70260 72780 5 11 2520
325 72900 73680 11 12 780
326 74460 77340 0 5 2880
327 77460 79980 5 11 2520
332 28980 31020 3 4 2040
333 34860 36060 0 3 1200
334 36180 38220 3 4 2040
335 42060 43260 0 3 1200
336 43380 45420 3 4 2040
337 49260 50460 0 3 1200
338 50580 52620 3 4 2040
339 56460 57660 0 3 1200
340 57780 59820 3 4 2040
341 63660 64860 0 3 1200
342 64980 67020 3 4 2040
343 70860 72060 0 3 1200
344 72180 74220 3 4 2040
345 78060 79260 0 3 1200
351 34680 35700 1 10 1020
352 35940 37560 10 0 1620
353 38640 41760 15 1 3120
354 41880 42900 1 10 1020
355 43140 44760 10 0 1620
356 45840 48960 15 1 3120
357 49080 50100 1 10 1020
358 50340 51960 10 0 1620
359 53040 56160 15 1 3120
360 56280 57300 1 10 1020
361 57540 59160 10 0 1620
362 60240 63360 15 1 3120
363 63480 64500 1 10 1020
364 64740 66360 10 0 1620
365 67440 70560 15 1 3120
366 70680 71700 1 10 1020
367 71940 73560 10 0 1620
368 74640 77760 15 1 3120
369 77880 78900 1 10 1020
370 79140 80760 10 0 1620
377 35940 37560 10 0 1620
378 37680 38400 0 1 720
379 42480 44700 15 14 2220
380 44820 46620 14 10 1800
381 46740 48360 10 0 1620
382 48480 49200 0 1 720
383 53280 55500 15 14 2220
384 55620 57420 14 10 1800
385 57540 59160 10 0 1620
386 59280 60000 0 1 720
387 64080 66300 15 14 2220
388 66420 68220 14 10 1800
389 68340 69960 10 0 1620
390 70080 70800 0 1 720
391 74880 77100 15 14 2220
392 77220 79020 14 10 1800
393 79140 80760 10 0 1620
394 80880 81600 0 1 720
398 28920 30960 3 4 2040
399 33960 36000 4 3 2040
400 36120 37320 3 0 1200
401 37440 38160 0 1 720
402 38280 41400 1 15 3120
403 44760 46800 4 3 2040
404 46920 48120 3 0 1200
405 48240 48960 0 1 720
406 49080 52200 1 15 3120
407 55560 57600 4 3 2040
408 57720 58920 3 0 1200
409 59040 59760 0 1 720
410 59880 63000 1 15 3120
411 66360 68400 4 3 2040
412 68520 69720 3 0 1200
413 69840 70560 0 1 720
414 70680 73800 1 15 3120
415 77160 79200 4 3 2040
416 79320 80520 3 0 1200
417 80640 81360 0 1 720
424 37200 37920 1 0 720
425 38160 39480 0 3 1320
426 39720 41760 3 4 2040
427 44640 47760 15 1 3120
428 48000 48720 1 0 720
429 48960 50280 0 3 1320
430 50520 52560 3 4 2040
431 55440 58560 15 1 3120
432 58800 59520 1 0 720
433 59760 61080 0 3 1320
434 61320 63360 3 4 2040
435 66240 69360 15 1 3120
436 69600 70320 1 0 720
437 70560 71880 0 3 1320
438 72120 74160 3 4 2040
439 77040 80160 15 1 3120
440 80400 81120 1 0 720
441 81360 82680 0 3 1320
445 27420 29820 5 6 2400
446 29940 32160 6 7 2220
447 33360 35580 7 6 2220
448 35700 38100 6 5 2400
449 38220 41100 5 0 2880
450 41220 41940 0 1 720
451 44160 46380 7 6 2220
452 46500 48900 6 5 2400
453 49020 51900 5 0 2880
454 52020 52740 0 1 720
455 54960 57180 7 6 2220
456 57300 59700 6 5 2400
457 59820 62700 5 0 2880
458 62820 63540 0 1 720
459 65760 67980 7 6 2220
460 68100 70500 6 5 2400
461 70620 73500 5 0 2880
462 73620 74340 0 1 720
463 76560 78780 7 6 2220
464 78900 81300 6 5 2400
465 81420 84300 5 0 2880
470 29100 31620 5 3 2520
471 31860 33060 3 0 1200
472 35280 36480 0 3 1200
473 36720 39240 3 5 2520
474 39360 41880 5 11 2520
475 42000 42780 11 12 780
476 42900 44700 12 13 1800
477 46080 47280 0 3 1200
478 47520 50040 3 5 2520
479 50160 52680 5 11 2520
480 52800 53580 11 12 780
481 53700 55500 12 13 1800
482 56880 58080 0 3 1200
483 58320 60840 3 5 2520
484 60960 63480 5 11 2520
485 63600 64380 11 12 780
486 64500 66300 12 13 1800
487 67680 68880 0 3 1200
488 69120 71640 3 5 2520
489 71760 74280 5 11 2520
490 74400 75180 11 12 780
491 75300 77100 12 13 1800
492 78480 79680 0 3 1200
493 79920 82440 3 5 2520
499 29040 30360 8 11 1320
500 30480 32640 11 6 2160
501 36240 37560 8 11 1320
502 37680 39840 11 6 2160
503 43440 44760 8 11 1320
504 44880 47040 11 6 2160
505 50640 51960 8 11 1320
506 52080 54240 11 6 2160
507 57840 59160 8 11 1320
508 59280 61440 11 6 2160
509 65040 66360 8 11 1320
510 66480 68640 11 6 2160
511 72240 73560 8 11 1320
512 73680 75840 11 6 2160
517 31800 34320 5 3 2520
518 34440 35700 3 2 1260
519 35940 37380 2 1 1440
520 37620 38340 1 0 720
521 39000 41520 5 3 2520
522 41640 42900 3 2 1260
523 43140 44580 2 1 1440
524 44820 45540 1 0 720
525 46200 48720 5 3 2520
526 48840 50100 3 2 1260
527 50340 51780 2 1 1440
528 52020 52740 1 0 720
529 53400 55920 5 3 2520
530 56040 57300 3 2 1260
531 57540 58980 2 1 1440
532 59220 59940 1 0 720
533 60600 63120 5 3 2520
534 63240 64500 3 2 1260
535 64740 66180 2 1 1440
536 66420 67140 1 0 720
537 67800 70320 5 3 2520
538 70440 71700 3 2 1260
539 71940 73380 2 1 1440
540 73620 74340 1 0 720
541 75000 77520 5 3 2520
542 77640 78900 3 2 1260
543 79140 80580 2 1 1440
544 80820 81540 1 0 720
548 31020 33540 5 11 2520
549 33660 36060 11 9 2400
550 40080 42480 9 11 2400
551 42600 45120 11 5 2520
552 45240 48120 5 0 2880
553 48240 48960 0 1 720
554 49080 52200 1 15 3120
555 54480 56880 9 11 2400
556 57000 59520 11 5 2520
557 59640 62520 5 0 2880
558 62640 63360 0 1 720
559 63480 66600 1 15 3120
560 68880 71280 9 11 2400
561 71400 73920 11 5 2520
562 74040 76920 5 0 2880
563 77040 77760 0 1 720
564 77880 81000 1 15 3120
568 32460 33660 3 0 1200
569 37380 39420 4 3 2040
570 39660 40860 3 0 1200
571 44580 46620 4 3 2040
572 46860 48060 3 0 1200
573 51780 53820 4 3 2040
574 54060 55260 3 0 1200
575 58980 61020 4 3 2040
576 61260 62460 3 0 1200
577 66180 68220 4 3 2040
578 68460 69660 3 0 1200
579 73380 75420 4 3 2040
580 75660 76860 3 0 1200
582 27060 29580 5 11 2520
583 29700 30480 11 12 780
584 33660 34440 12 11 780
585 34560 37080 11 5 2520
586 37200 40080 5 0 2880
587 40860 41640 12 11 780
588 41760 44280 11 5 2520
589 44400 47280 5 0 2880
590 48060 48840 12 11 780
591 48960 51480 11 5 2520
592 51600 54480 5 0 2880
593 55260 56040 12 11 780
594 56160 58680 11 5 2520
595 58800 61680 5 0 2880
596 62460 63240 12 11 780
597 63360 65880 11 5 2520
598 66000 68880 5 0 2880
599 69660 70440 12 11 780
600 70560 73080 11 5 2520
601 73200 76080 5 0 2880
602 76860 77640 12 11 780
603 77760 80280 11 5 2520
604 80400 83280 5 0 2880
609 30540 31980 2 1 1440
610 32100 33120 1 10 1020
611 34920 35820 4 2 900
612 35940 37380 2 1 1440
613 37500 38520 1 10 1020
614 40320 41220 4 2 900
615 41340 42780 2 1 1440
616 42900 43920 1 10 1020
617 45720 46620 4 2 900
618 46740 48180 2 1 1440
619 48300 49320 1 10 1020
620 51120 52020 4 2 900
621 52140 53580 2 1 1440
622 53700 54720 1 10 1020
623 56520 57420 4 2 900
624 57540 58980 2 1 1440
625 59100 60120 1 10 1020
626 61920 62820 4 2 900
627 62940 64380 2 1 1440
628 64500 65520 1 10 1020
629 67320 68220 4 2 900
630 68340 69780 2 1 1440
631 69900 70920 1 10 1020
632 72720 73620 4 2 900
633 73740 75180 2 1 1440
634 75300 76320 1 10 1020
635 78120 79020 4 2 900
636 79140 80580 2 1 1440
637 80700 81720 1 10 1020
643 32220 33120 2 4 900
644 34920 35940 10 1 1020
645 36060 37500 1 2 1440
646 37620 38520 2 4 900
647 40320 41340 10 1 1020
648 41460 42900 1 2 1440
649 43020 43920 2 4 900
650 45720 46740 10 1 1020
651 46860 48300 1 2 1440
652 48420 49320 2 4 900
653 51120 52140 10 1 1020
654 52260 53700 1 2 1440
655 53820 54720 2 4 900
656 56520 57540 10 1 1020
657 57660 59100 1 2 1440
658 59220 60120 2 4 900
659 61920 62940 10 1 1020
660 63060 64500 1 2 1440
661 64620 65520 2 4 900
662 67320 68340 10 1 1020
663 68460 69900 1 2 1440
664 70020 70920 2 4 900
665 72720 73740 10 1 1020
666 73860 75300 1 2 1440
667 75420 76320 2 4 900
668 78120 79140 10 1 1020
669 79260 80700 1 2 1440
674 33780 35400 0 10 1620
675 35520 36540 10 1 1020
676 36660 39780 1 15 3120
677 40980 42600 0 10 1620
678 42720 43740 10 1 1020
679 43860 46980 1 15 3120
680 48180 49800 0 10 1620
681 49920 50940 10 1 1020
682 51060 54180 1 15 3120
683 55380 57000 0 10 1620
684 57120 58140 10 1 1020
685 58260 61380 1 15 3120
686 62580 64200 0 10 1620
687 64320 65340 10 1 1020
688 65460 68580 1 15 3120
689 69780 71400 0 10 1620
690 71520 72540 10 1 1020
691 72660 75780 1 15 3120
692 76980 78600 0 10 1620
693 78720 79740 10 1 1020
697 29100 31620 5 3 2520
698 31740 32940 3 0 1200
699 36180 37380 0 3 1200
700 37500 40020 3 5 2520
701 40140 42540 5 6 2400
702 42660 44880 6 7 2220
703 46980 48180 0 3 1200
704 48300 50820 3 5 2520
705 50940 53340 5 6 2400
706 53460 55680 6 7 2220
707 57780 58980 0 3 1200
708 59100 61620 3 5 2520
709 61740 64140 5 6 2400
710 64260 66480 6 7 2220
711 68580 69780 0 3 1200
712 69900 72420 3 5 2520
713 72540 74940 5 6 2400
714 75060 77280 6 7 2220
715 78240 80460 7 6 2220
716 80580 82980 6 5 2400
717 83100 85620 5 3 2520
718 85740 86940 3 0 1200
719 90180 91380 0 3 1200
720 91500 94020 3 5 2520
724 27420 29820 5 6 2400
725 29940 32280 6 9 2340
726 35820 38160 9 6 2340
727 38280 40680 6 5 2400
728 40800 43680 5 0 2880
729 46620 48960 9 6 2340
730 49080 51480 6 5 2400
731 51600 54480 5 0 2880
732 57420 59760 9 6 2340
733 59880 62280 6 5 2400
734 62400 65280 5 0 2880
735 68220 70560 9 6 2340
736 70680 73080 6 5 2400
737 73200 76080 5 0 2880
738 79020 81360 9 6 2340
739 81480 83880 6 5 2400
740 84000 86880 5 0 2880
743 28560 31080 5 11 2520
744 31200 31980 11 12 780
745 32100 33900 12 13 1800
746 38040 39840 13 12 1800
747 39960 40740 12 11 780
748 40860 43380 11 5 2520
749 43500 46020 5 3 2520
750 46260 47460 3 0 1200
751 48840 50640 13 12 1800
752 50760 51540 12 11 780
753 51660 54180 11 5 2520
754 54300 56820 5 3 2520
755 57060 58260 3 0 1200
756 59640 61440 13 12 1800
757 61560 62340 12 11 780
758 62460 64980 11 5 2520
759 65100 67620 5 3 2520
760 67860 69060 3 0 1200
761 70440 72240 13 12 1800
762 72360 73140 12 11 780
763 73260 75780 11 5 2520
764 75900 78420 5 3 2520
765 78660 79860 3 0 1200
769 30480 31200 0 1 720
770 33840 34560 1 0 720
771 34800 36420 0 10 1620
772 36600 38400 10 14 1800
773 38520 40740 14 15 2220
774 44640 45360 1 0 720
775 45600 47220 0 10 1620
776 47400 49200 10 14 1800
777 49320 51540 14 15 2220
778 55440 56160 1 0 720
779 56400 58020 0 10 1620
780 58200 60000 10 14 1800
781 60120 62340 14 15 2220
782 66240 66960 1 0 720
783 67200 68820 0 10 1620
784 69000 70800 10 14 1800
785 70920 73140 14 15 2220
786 77040 77760 1 0 720
787 78000 79620 0 10 1620
788 79800 81600 10 14 1800
792 28200 30720 5 3 2520
793 30840 32100 3 2 1260
794 33420 34680 2 3 1260
795 34800 37320 3 5 2520
796 37440 39540 5 8 2100
797 39780 41100 8 11 1320
798 44220 45480 2 3 1260
799 45600 48120 3 5 2520
800 48240 50340 5 8 2100
801 50580 51900 8 11 1320
802 55020 56280 2 3 1260
803 56400 58920 3 5 2520
804 59040 61140 5 8 2100
805 61380 62700 8 11 1320
806 65820 67080 2 3 1260
807 67200 69720 3 5 2520
808 69840 71940 5 8 2100
809 72180 73500 8 11 1320
810 76620 77880 2 3 1260
811 78000 80520 3 5 2520
812 80640 82740 5 8 2100
818 31440 33540 5 8 2100
819 35820 37920 8 5 2100
820 38040 40920 5 0 2880
821 41040 41760 0 1 720
822 41880 42900 1 10 1020
823 43020 44820 10 14 1800
824 46620 48720 8 5 2100
825 48840 51720 5 0 2880
826 51840 52560 0 1 720
827 52680 53700 1 10 1020
828 53820 55620 10 14 1800
829 57420 59520 8 5 2100
830 59640 62520 5 0 2880
831 62640 63360 0 1 720
832 63480 64500 1 10 1020
833 64620 66420 10 14 1800
834 68220 70320 8 5 2100
835 70440 73320 5 0 2880
836 73440 74160 0 1 720
837 74280 75300 1 10 1020
838 75420 77220 10 14 1800
839 79020 81120 8 5 2100
840 81240 84120 5 0 2880
841 84240 84960 0 1 720
842 85080 86100 1 10 1020
844 24600 27120 5 3 2520
845 27240 28500 3 2 1260
846 28740 30180 2 1 1440
847 30420 31140 1 0 720
848 34620 35340 0 1 720
849 35460 36900 1 2 1440
850 37020 38280 2 3 1260
851 38400 40920 3 5 2520
852 41820 42540 0 1 720
853 42660 44100 1 2 1440
854 44220 45480 2 3 1260
855 45600 48120 3 5 2520
856 49020 49740 0 1 720
857 49860 51300 1 2 1440
858 51420 52680 2 3 1260
859 52800 55320 3 5 2520
860 56220 56940 0 1 720
861 57060 58500 1 2 1440
862 58620 59880 2 3 1260
863 60000 62520 3 5 2520
864 63420 64140 0 1 720
865 64260 65700 1 2 1440
866 65820 67080 2 3 1260
867 67200 69720 3 5 2520
868 70620 71340 0 1 720
869 71460 72900 1 2 1440
870 73020 74280 2 3 1260
871 74400 76920 3 5 2520
872 77820 78540 0 1 720
873 78660 80100 1 2 1440
874 80220 81480 2 3 1260
875 81600 84120 3 5 2520
879 29880 32100 6 7 2220
880 35820 38040 7 6 2220
881 38160 40320 6 11 2160
882 40440 41220 11 12 780
883 41340 43140 12 13 1800
884 46620 48840 7 6 2220
885 48960 51120 6 11 2160
886 51240 52020 11 12 780
887 52140 53940 12 13 1800
888 57420 59640 7 6 2220
889 59760 61920 6 11 2160
890 62040 62820 11 12 780
891 62940 64740 12 13 1800
892 68220 70440 7 6 2220
893 70560 72720 6 11 2160
894 72840 73620 11 12 780
895 73740 75540 12 13 1800
896 79020 81240 7 6 2220
902 30000 32880 5 0 2880
903 35220 38100 0 5 2880
904 38220 40620 5 6 2400
905 40740 43080 6 9 2340
906 46020 48900 0 5 2880
907 49020 51420 5 6 2400
908 51540 53880 6 9 2340
909 56820 59700 0 5 2880
910 59820 62220 5 6 2400
911 62340 64680 6 9 2340
912 67620 70500 0 5 2880
913 70620 73020 5 6 2400
914 73140 75480 6 9 2340
915 78420 81300 0 5 2880
916 81420 83820 5 6 2400
919 27240 30120 5 0 2880
920 30240 30960 0 1 720
921 31080 32100 1 10 1020
922 32220 34020 10 14 1800
923 35340 37140 14 10 1800
924 37260 38280 10 1 1020
925 38400 39120 1 0 720
926 39240 42120 0 5 2880
927 42240 44340 5 8 2100
928 46140 47940 14 10 1800
929 48060 49080 10 1 1020
930 49200 49920 1 0 720
931 50040 52920 0 5 2880
932 53040 55140 5 8 2100
933 56940 58740 14 10 1800
934 58860 59880 10 1 1020
935 60000 60720 1 0 720
936 60840 63720 0 5 2880
937 63840 65940 5 8 2100
938 67740 69540 14 10 1800
939 69660 70680 10 1 1020
940 70800 71520 1 0 720
941 71640 74520 0 5 2880
942 74640 76740 5 8 2100
943 78540 80340 14 10 1800
944 80460 81480 10 1 1020
945 81600 82320 1 0 720
946 82440 85320 0 5 2880
952 35580 37380 13 12 1800
953 37500 38280 12 11 780
954 38400 40560 11 6 2160
955 40680 42900 6 7 2220
956 46380 48180 13 12 1800
957 48300 49080 12 11 780
958 49200 51360 11 6 2160
959 51480 53700 6 7 2220
960 57180 58980 13 12 1800
961 59100 59880 12 11 780
962 60000 62160 11 6 2160
963 62280 64500 6 7 2220
964 67980 69780 13 12 1800
965 69900 70680 12 11 780
966 70800 72960 11 6 2160
967 73080 75300 6 7 2220
968 78780 80580 13 12 1800
969 80700 81480 12 11 780
970 81600 83760 11 6 2160
976 35100 35880 12 11 780
977 36000 38400 11 9 2400
978 40380 42180 13 12 1800
979 42300 43080 12 11 780
980 43200 45600 11 9 2400
981 47580 49380 13 12 1800
982 49500 50280 12 11 780
983 50400 52800 11 9 2400
984 54780 56580 13 12 1800
985 56700 57480 12 11 780
986 57600 60000 11 9 2400
987 61980 63780 13 12 1800
988 63900 64680 12 11 780
989 64800 67200 11 9 2400
990 69180 70980 13 12 1800
991 71100 71880 12 11 780
992 72000 74400 11 9 2400
993 76380 78180 13 12 1800
994 78300 79080 12 11 780
999 32760 34380 10 0 1620
1000 34500 35220 0 1 720
1001 35340 36780 1 2 1440
1002 39960 41580 10 0 1620
1003 41700 42420 0 1 720
1004 42540 43980 1 2 1440
1005 47160 48780 10 0 1620
1006 48900 49620 0 1 720
1007 49740 51180 1 2 1440
1008 54360 55980 10 0 1620
1009 56100 56820 0 1 720
1010 56940 58380 1 2 1440
1011 61560 63180 10 0 1620
1012 63300 64020 0 1 720
1013 64140 65580 1 2 1440
1014 68760 70380 10 0 1620
1015 70500 71220 0 1 720
1016 71340 72780 1 2 1440
1017 75960 77580 10 0 1620
1018 77700 78420 0 1 720
1019 78540 79980 1 2 1440
1022 29340 31740 5 6 2400
1023 31860 34080 6 7 2220
1024 35040 37260 7 6 2220
1025 37380 39780 6 5 2400
1026 39900 42420 5 3 2520
1027 42540 43740 3 0 1200
1028 45840 48060 7 6 2220
1029 48180 50580 6 5 2400
1030 50700 53220 5 3 2520
1031 53340 54540 3 0 1200
1032 56640 58860 7 6 2220
1033 58980 61380 6 5 2400
1034 61500 64020 5 3 2520
1035 64140 65340 3 0 1200
1036 67440 69660 7 6 2220
1037 69780 72180 6 5 2400
1038 72300 74820 5 3 2520
1039 74940 76140 3 0 1200
1042 29160 31680 5 3 2520
1043 33540 36060 3 5 2520
1044 36300 38400 5 8 2100
1045 38640 39960 8 11 1320
1046 40740 43260 3 5 2520
1047 43500 45600 5 8 2100
1048 45840 47160 8 11 1320
1049 47940 50460 3 5 2520
1050 50700 52800 5 8 2100
1051 53040 54360 8 11 1320
1052 55140 57660 3 5 2520
1053 57900 60000 5 8 2100
1054 60240 61560 8 11 1320
1055 62340 64860 3 5 2520
1056 65100 67200 5 8 2100
1057 67440 68760 8 11 1320
1058 69540 72060 3 5 2520
1059 72300 74400 5 8 2100
1060 74640 75960 8 11 1320
1061 76740 79260 3 5 2520
1062 79500 81600 5 8 2100
1066 30960 33120 6 11 2160
1067 33240 34560 11 8 1320
1068 38160 40320 6 11 2160
1069 40440 41760 11 8 1320
1070 45360 47520 6 11 2160
1071 47640 48960 11 8 1320
1072 52560 54720 6 11 2160
1073 54840 56160 11 8 1320
1074 59760 61920 6 11 2160
1075 62040 63360 11 8 1320
1076 66960 69120 6 11 2160
1077 69240 70560 11 8 1320
1078 74160 76320 6 11 2160
1079 76440 77760 11 8 1320
1083 32400 33840 2 1 1440
1084 33960 34680 1 0 720
1085 34800 36420 0 10 1620
1086 39600 41040 2 1 1440
1087 41160 41880 1 0 720
1088 42000 43620 0 10 1620
1089 46800 48240 2 1 1440
1090 48360 49080 1 0 720
1091 49200 50820 0 10 1620
1092 54000 55440 2 1 1440
1093 55560 56280 1 0 720
1094 56400 58020 0 10 1620
1095 61200 62640 2 1 1440
1096 62760 63480 1 0 720
1097 63600 65220 0 10 1620
1098 68400 69840 2 1 1440
1099 69960 70680 1 0 720
1100 70800 72420 0 10 1620
1101 75600 77040 2 1 1440
1102 77160 77880 1 0 720
1103 78000 79620 0 10 1620
1106 30840 33720 5 0 2880
1107 33840 34560 0 1 720
1108 34680 37800 1 15 3120
1109 41940 45060 15 1 3120
1110 45180 45900 1 0 720
1111 46020 48900 0 5 2880
1112 49020 51540 5 11 2520
1113 51660 54060 11 9 2400
1114 56340 59460 15 1 3120
1115 59580 60300 1 0 720
1116 60420 63300 0 5 2880
1117 63420 65940 5 11 2520
1118 66060 68460 11 9 2400
1119 70740 73860 15 1 3120
1120 73980 74700 1 0 720
1121 74820 77700 0 5 2880
1122 77820 80340 5 11 2520
1128 32340 33780 2 1 1440
1129 33900 34920 1 10 1020
1130 36720 37620 4 2 900
1131 37740 39180 2 1 1440
1132 39300 40320 1 10 1020
1133 42120 43020 4 2 900
1134 43140 44580 2 1 1440
1135 44700 45720 1 10 1020
1136 47520 48420 4 2 900
1137 48540 49980 2 1 1440
1138 50100 51120 1 10 1020
1139 52920 53820 4 2 900
1140 53940 55380 2 1 1440
1141 55500 56520 1 10 1020
1142 58320 59220 4 2 900
1143 59340 60780 2 1 1440
1144 60900 61920 1 10 1020
1145 63720 64620 4 2 900
1146 64740 66180 2 1 1440
1147 66300 67320 1 10 1020
1148 69120 70020 4 2 900
1149 70140 71580 2 1 1440
1150 71700 72720 1 10 1020
1151 74520 75420 4 2 900
1152 75540 76980 2 1 1440
1153 77100 78120 1 10 1020
1158 32460 33900 1 2 1440
1159 34020 34920 2 4 900
1160 36720 37740 10 1 1020
1161 37860 39300 1 2 1440
1162 39420 40320 2 4 900
1163 42120 43140 10 1 1020
1164 43260 44700 1 2 1440
1165 44820 45720 2 4 900
1166 47520 48540 10 1 1020
1167 48660 50100 1 2 1440
1168 50220 51120 2 4 900
1169 52920 53940 10 1 1020
1170 54060 55500 1 2 1440
1171 55620 56520 2 4 900
1172 58320 59340 10 1 1020
1173 59460 60900 1 2 1440
1174 61020 61920 2 4 900
1175 63720 64740 10 1 1020
1176 64860 66300 1 2 1440
1177 66420 67320 2 4 900
1178 69120 70140 10 1 1020
1179 70260 71700 1 2 1440
1180 71820 72720 2 4 900
1181 74520 75540 10 1 1020
1182 75660 77100 1 2 1440
1188 34800 35580 11 12 780
1189 35700 37500 12 13 1800
1190 39480 41880 9 11 2400
1191 42000 42780 11 12 780
1192 42900 44700 12 13 1800
1193 46680 49080 9 11 2400
1194 49200 49980 11 12 780
1195 50100 51900 12 13 1800
1196 53880 56280 9 11 2400
1197 56400 57180 11 12 780
1198 57300 59100 12 13 1800
1199 61080 63480 9 11 2400
1200 63600 64380 11 12 780
1201 64500 66300 12 13 1800
1202 68280 70680 9 11 2400
1203 70800 71580 11 12 780
1204 71700 73500 12 13 1800
1205 75480 77880 9 11 2400
1206 78000 78780 11 12 780
1210 31020 33900 5 0 2880
1211 34020 34740 0 1 720
1212 37980 38700 1 0 720
1213 38820 41700 0 5 2880
1214 41820 44220 5 6 2400
1215 44340 46560 6 7 2220
1216 48780 49500 1 0 720
1217 49620 52500 0 5 2880
1218 52620 55020 5 6 2400
1219 55140 57360 6 7 2220
1220 59580 60300 1 0 720
1221 60420 63300 0 5 2880
1222 63420 65820 5 6 2400
1223 65940 68160 6 7 2220
1224 70380 71100 1 0 720
1225 71220 74100 0 5 2880
1226 74220 76620 5 6 2400
1227 76740 78960 6 7 2220
1230 30240 32340 5 8 2100
1231 32580 33900 8 11 1320
1232 35340 36660 11 8 1320
1233 36780 38880 8 5 2100
1234 39000 41520 5 3 2520
1235 41640 42900 3 2 1260
1236 46140 47460 11 8 1320
1237 47580 49680 8 5 2100
1238 49800 52320 5 3 2520
1239 52440 53700 3 2 1260
1240 56940 58260 11 8 1320
1241 58380 60480 8 5 2100
1242 60600 63120 5 3 2520
1243 63240 64500 3 2 1260
1244 67740 69060 11 8 1320
1245 69180 71280 8 5 2100
1246 71400 73920 5 3 2520
1247 74040 75300 3 2 1260
1248 78540 79860 11 8 1320
1249 79980 82080 8 5 2100
1250 82200 84720 5 3 2520
1253 29100 31200 5 8 2100
1254 31440 32760 8 11 1320
1255 36180 37500 11 8 1320
1256 37740 39840 8 5 2100
1257 39960 42480 5 3 2520
1258 43380 44700 11 8 1320
1259 44940 47040 8 5 2100
1260 47160 49680 5 3 2520
1261 50580 51900 11 8 1320
1262 52140 54240 8 5 2100
1263 54360 56880 5 3 2520
1264 57780 59100 11 8 1320
1265 59340 61440 8 5 2100
1266 61560 64080 5 3 2520
1267 64980 66300 11 8 1320
1268 66540 68640 8 5 2100
1269 68760 71280 5 3 2520
1270 72180 73500 11 8 1320
1271 73740 75840 8 5 2100
1272 75960 78480 5 3 2520
1275 30000 32880 5 0 2880
1276 34860 37740 0 5 2880
1277 37860 40380 5 11 2520
1278 40500 41280 11 12 780
1279 42060 44940 0 5 2880
1280 45060 47580 5 11 2520
1281 47700 48480 11 12 780
1282 49260 52140 0 5 2880
1283 52260 54780 5 11 2520
1284 54900 55680 11 12 780
1285 56460 59340 0 5 2880
1286 59460 61980 5 11 2520
1287 62100 62880 11 12 780
1288 63660 66540 0 5 2880
1289 66660 69180 5 11 2520
1290 69300 70080 11 12 780
1291 70860 73740 0 5 2880
1292 73860 76380 5 11 2520
1293 76500 77280 11 12 780
1294 78060 80940 0 5 2880
1298 28860 30060 3 0 1200
1299 31260 32460 0 3 1200
1300 32580 34620 3 4 2040
1301 38460 39660 0 3 1200
1302 39780 41820 3 4 2040
1303 45660 46860 0 3 1200
1304 46980 49020 3 4 2040
1305 52860 54060 0 3 1200
1306 54180 56220 3 4 2040
1307 60060 61260 0 3 1200
1308 61380 63420 3 4 2040
1309 67260 68460 0 3 1200
1310 68580 70620 3 4 2040
1311 74460 75660 0 3 1200
1316 35040 38160 15 1 3120
1317 38280 39300 1 10 1020
1318 39540 41160 10 0 1620
1319 42240 45360 15 1 3120
1320 45480 46500 1 10 1020
1321 46740 48360 10 0 1620
1322 49440 52560 15 1 3120
1323 52680 53700 1 10 1020
1324 53940 55560 10 0 1620
1325 56640 59760 15 1 3120
1326 59880 60900 1 10 1020
1327 61140 62760 10 0 1620
1328 63840 66960 15 1 3120
1329 67080 68100 1 10 1020
1330 68340 69960 10 0 1620
1331 71040 74160 15 1 3120
1332 74280 75300 1 10 1020
1333 75540 77160 10 0 1620
1334 78240 81360 15 1 3120
1335 81480 82500 1 10 1020
1336 82740 84360 10 0 1620
1341 35280 37500 15 14 2220
1342 37620 39420 14 10 1800
1343 39540 41160 10 0 1620
1344 41280 42000 0 1 720
1345 46080 48300 15 14 2220
1346 48420 50220 14 10 1800
1347 50340 51960 10 0 1620
1348 52080 52800 0 1 720
1349 56880 59100 15 14 2220
1350 59220 61020 14 10 1800
1351 61140 62760 10 0 1620
1352 62880 63600 0 1 720
1353 67680 69900 15 14 2220
1354 70020 71820 14 10 1800
1355 71940 73560 10 0 1620
1356 73680 74400 0 1 720
1357 78480 80700 15 14 2220
1358 80820 82620 14 10 1800
1359 82740 84360 10 0 1620
1363 30960 32280 0 3 1320
1364 32520 34560 3 4 2040
1365 37560 39600 4 3 2040
1366 39720 40920 3 0 1200
1367 41040 41760 0 1 720
1368 41880 45000 1 15 3120
1369 48360 50400 4 3 2040
1370 50520 51720 3 0 1200
1371 51840 52560 0 1 720
1372 52680 55800 1 15 3120
1373 59160 61200 4 3 2040
1374 61320 62520 3 0 1200
1375 62640 63360 0 1 720
1376 63480 66600 1 15 3120
1377 69960 72000 4 3 2040
1378 72120 73320 3 0 1200
1379 73440 74160 0 1 720
1380 74280 77400 1 15 3120
1382 28920 30120 3 0 1200
1383 30240 30960 0 1 720
1384 31080 34200 1 15 3120
1385 37440 40560 15 1 3120
1386 40800 41520 1 0 720
1387 41760 43080 0 3 1320
1388 43320 45360 3 4 2040
1389 48240 51360 15 1 3120
1390 51600 52320 1 0 720
1391 52560 53880 0 3 1320
1392 54120 56160 3 4 2040
1393 59040 62160 15 1 3120
1394 62400 63120 1 0 720
1395 63360 64680 0 3 1320
1396 64920 66960 3 4 2040
1397 69840 72960 15 1 3120
1398 73200 73920 1 0 720
1399 74160 75480 0 3 1320
1403 31020 33420 5 6 2400
1404 33540 35760 6 7 2220
1405 36960 39180 7 6 2220
1406 39300 41700 6 5 2400
1407 41820 44700 5 0 2880
1408 44820 45540 0 1 720
1409 47760 49980 7 6 2220
1410 50100 52500 6 5 2400
1411 52620 55500 5 0 2880
1412 55620 56340 0 1 720
1413 58560 60780 7 6 2220
1414 60900 63300 6 5 2400
1415 63420 66300 5 0 2880
1416 66420 67140 0 1 720
1417 69360 71580 7 6 2220
1418 71700 74100 6 5 2400
1419 74220 77100 5 0 2880
1420 77220 77940 0 1 720
1423 30060 32580 11 5 2520
1424 32700 35220 5 3 2520
1425 35460 36660 3 0 1200
1426 38880 40080 0 3 1200
1427 40320 42840 3 5 2520
1428 42960 45480 5 11 2520
1429 45600 46380 11 12 780
1430 46500 48300 12 13 1800
1431 49680 50880 0 3 1200
1432 51120 53640 3 5 2520
1433 53760 56280 5 11 2520
1434 56400 57180 11 12 780
1435 57300 59100 12 13 1800
1436 60480 61680 0 3 1200
1437 61920 64440 3 5 2520
1438 64560 67080 5 11 2520
1439 67200 67980 11 12 780
1440 68100 69900 12 13 1800
1441 71280 72480 0 3 1200
1442 72720 75240 3 5 2520
1443 75360 77880 5 11 2520
1444 78000 78780 11 12 780
1448 29820 31080 2 3 1260
1449 31200 33720 3 5 2520
1450 35400 37920 5 3 2520
1451 38040 39300 3 2 1260
1452 39540 40980 2 1 1440
1453 41220 41940 1 0 720
1454 42600 45120 5 3 2520
1455 45240 46500 3 2 1260
1456 46740 48180 2 1 1440
1457 48420 49140 1 0 720
1458 49800 52320 5 3 2520
1459 52440 53700 3 2 1260
1460 53940 55380 2 1 1440
1461 55620 56340 1 0 720
1462 57000 59520 5 3 2520
1463 59640 60900 3 2 1260
1464 61140 62580 2 1 1440
1465 62820 63540 1 0 720
1466 64200 66720 5 3 2520
1467 66840 68100 3 2 1260
1468 68340 69780 2 1 1440
1469 70020 70740 1 0 720
1470 71400 73920 5 3 2520
1471 74040 75300 3 2 1260
1472 75540 76980 2 1 1440
1473 77220 77940 1 0 720
1474 78600 81120 5 3 2520
1475 81240 82500 3 2 1260
1476 82740 84180 2 1 1440
1477 84420 85140 1 0 720
1479 30780 31500 1 0 720
1480 31620 34500 0 5 2880
1481 34620 37140 5 11 2520
1482 37260 39660 11 9 2400
1483 43680 46080 9 11 2400
1484 46200 48720 11 5 2520
1485 48840 51720 5 0 2880
1486 51840 52560 0 1 720
1487 52680 55800 1 15 3120
1488 58080 60480 9 11 2400
1489 60600 63120 11 5 2520
1490 63240 66120 5 0 2880
1491 66240 66960 0 1 720
1492 67080 70200 1 15 3120
1493 72480 74880 9 11 2400
1494 75000 77520 11 5 2520
1495 77640 80520 5 0 2880
1496 80640 81360 0 1 720
1499 30660 33180 5 11 2520
1500 33300 34080 11 12 780
1501 37260 38040 12 11 780
1502 38160 40680 11 5 2520
1503 40800 43680 5 0 2880
1504 44460 45240 12 11 780
1505 45360 47880 11 5 2520
1506 48000 50880 5 0 2880
1507 51660 52440 12 11 780
1508 52560 55080 11 5 2520
1509 55200 58080 5 0 2880
1510 58860 59640 12 11 780
1511 59760 62280 11 5 2520
1512 62400 65280 5 0 2880
1513 66060 66840 12 11 780
1514 66960 69480 11 5 2520
1515 69600 72480 5 0 2880
1516 73260 74040 12 11 780
1517 74160 76680 11 5 2520
1518 76800 79680 5 0 2880
1520 31080 32100 1 10 1020
1521 32340 33960 10 0 1620
1522 37380 39000 0 10 1620
1523 39120 40140 10 1 1020
1524 40260 43380 1 15 3120
1525 44580 46200 0 10 1620
1526 46320 47340 10 1 1020
1527 47460 50580 1 15 3120
1528 51780 53400 0 10 1620
1529 53520 54540 10 1 1020
1530 54660 57780 1 15 3120
1531 58980 60600 0 10 1620
1532 60720 61740 10 1 1020
1533 61860 64980 1 15 3120
1534 66180 67800 0 10 1620
1535 67920 68940 10 1 1020
1536 69060 72180 1 15 3120
1537 73380 75000 0 10 1620
1538 75120 76140 10 1 1020
1539 76260 79380 1 15 3120
1541 30180 32580 6 5 2400
1542 32700 35220 5 3 2520
1543 35340 36540 3 0 1200
1544 39780 40980 0 3 1200
1545 41100 43620 3 5 2520
1546 43740 46140 5 6 2400
1547 46260 48480 6 7 2220
1548 50580 51780 0 3 1200
1549 51900 54420 3 5 2520
1550 54540 56940 5 6 2400
1551 57060 59280 6 7 2220
1552 61380 62580 0 3 1200
1553 62700 65220 3 5 2520
1554 65340 67740 5 6 2400
1555 67860 70080 6 7 2220
1556 72180 73380 0 3 1200
1557 73500 76020 3 5 2520
1558 76140 78540 5 6 2400
1559 78660 80880 6 7 2220
1561 31020 33420 5 6 2400
1562 33540 35880 6 9 2340
1563 39420 41760 9 6 2340
1564 41880 44280 6 5 2400
1565 44400 47280 5 0 2880
1566 50220 52560 9 6 2340
1567 52680 55080 6 5 2400
1568 55200 58080 5 0 2880
1569 61020 63360 9 6 2340
1570 63480 65880 6 5 2400
1571 66000 68880 5 0 2880
1572 71820 74160 9 6 2340
1573 74280 76680 6 5 2400
1574 76800 79680 5 0 2880
1576 29520 32040 3 5 2520
1577 32160 34680 5 11 2520
1578 34800 35580 11 12 780
1579 35700 37500 12 13 1800
1580 41640 43440 13 12 1800
1581 43560 44340 12 11 780
1582 44460 46980 11 5 2520
1583 47100 49620 5 3 2520
1584 49860 51060 3 0 1200
1585 52440 54240 13 12 1800
1586 54360 55140 12 11 780
1587 55260 57780 11 5 2520
1588 57900 60420 5 3 2520
1589 60660 61860 3 0 1200
1590 63240 65040 13 12 1800
1591 65160 65940 12 11 780
1592 66060 68580 11 5 2520
1593 68700 71220 5 3 2520
1594 71460 72660 3 0 1200
1595 74040 75840 13 12 1800
1596 75960 76740 12 11 780
1597 76860 79380 11 5 2520
1598 79500 82020 5 3 2520
1599 82260 83460 3 0 1200
1603 34080 34800 0 1 720
1604 37440 38160 1 0 720
1605 38400 40020 0 10 1620
1606 40200 42000 10 14 1800
1607 42120 44340 14 15 2220
1608 48240 48960 1 0 720
1609 49200 50820 0 10 1620
1610 51000 52800 10 14 1800
1611 52920 55140 14 15 2220
1612 59040 59760 1 0 720
1613 60000 61620 0 10 1620
1614 61800 63600 10 14 1800
1615 63720 65940 14 15 2220
1616 69840 70560 1 0 720
1617 70800 72420 0 10 1620
1618 72600 74400 10 14 1800
1619 74520 76740 14 15 2220
1621 29580 31680 8 5 2100
1622 31800 34320 5 3 2520
1623 34440 35700 3 2 1260
1624 37020 38280 2 3 1260
1625 38400 40920 3 5 2520
1626 41040 43140 5 8 2100
1627 43380 44700 8 11 1320
1628 47820 49080 2 3 1260
1629 49200 51720 3 5 2520
1630 51840 53940 5 8 2100
1631 54180 55500 8 11 1320
1632 58620 59880 2 3 1260
1633 60000 62520 3 5 2520
1634 62640 64740 5 8 2100
1635 64980 66300 8 11 1320
1636 69420 70680 2 3 1260
1637 70800 73320 3 5 2520
1638 73440 75540 5 8 2100
1639 75780 77100 8 11 1320
1642 31200 31920 1 0 720
1643 32040 34920 0 5 2880
1644 35040 37140 5 8 2100
1645 39420 41520 8 5 2100
1646 41640 44520 5 0 2880
1647 44640 45360 0 1 720
1648 45480 46500 1 10 1020
1649 46620 48420 10 14 1800
1650 50220 52320 8 5 2100
1651 52440 55320 5 0 2880
1652 55440 56160 0 1 720
1653 56280 57300 1 10 1020
1654 57420 59220 10 14 1800
1655 61020 63120 8 5 2100
1656 63240 66120 5 0 2880
1657 66240 66960 0 1 720
1658 67080 68100 1 10 1020
1659 68220 70020 10 14 1800
1660 71820 73920 8 5 2100
1661 74040 76920 5 0 2880
1662 77040 77760 0 1 720
1663 77880 78900 1 10 1020
1664 79020 80820 10 14 1800
1665 28200 30720 5 3 2520
1666 30840 32100 3 2 1260
1667 32340 33780 2 1 1440
1668 34020 34740 1 0 720
1669 38220 38940 0 1 720
1670 39060 40500 1 2 1440
1671 40620 41880 2 3 1260
1672 42000 44520 3 5 2520
1673 45420 46140 0 1 720
1674 46260 47700 1 2 1440
1675 47820 49080 2 3 1260
1676 49200 51720 3 5 2520
1677 52620 53340 0 1 720
1678 53460 54900 1 2 1440
1679 55020 56280 2 3 1260
1680 56400 58920 3 5 2520
1681 59820 60540 0 1 720
1682 60660 62100 1 2 1440
1683 62220 63480 2 3 1260
1684 63600 66120 3 5 2520
1685 67020 67740 0 1 720
1686 67860 69300 1 2 1440
1687 69420 70680 2 3 1260
1688 70800 73320 3 5 2520
1689 74220 74940 0 1 720
1690 75060 76500 1 2 1440
1691 76620 77880 2 3 1260
1692 78000 80520 3 5 2520
1695 31200 33360 11 6 2160
1696 33480 35700 6 7 2220
1697 39420 41640 7 6 2220
1698 41760 43920 6 11 2160
1699 44040 44820 11 12 780
1700 44940 46740 12 13 1800
1701 50220 52440 7 6 2220
1702 52560 54720 6 11 2160
1703 54840 55620 11 12 780
1704 55740 57540 12 13 1800
1705 61020 63240 7 6 2220
1706 63360 65520 6 11 2160
1707 65640 66420 11 12 780
1708 66540 68340 12 13 1800
1709 71820 74040 7 6 2220
1710 74160 76320 6 11 2160
1711 76440 77220 11 12 780
1714 31080 33480 6 5 2400
1715 33600 36480 5 0 2880
1716 38820 41700 0 5 2880
1717 41820 44220 5 6 2400
1718 44340 46680 6 9 2340
1719 49620 52500 0 5 2880
1720 52620 55020 5 6 2400
1721 55140 57480 6 9 2340
1722 60420 63300 0 5 2880
1723 63420 65820 5 6 2400
1724 65940 68280 6 9 2340
1725 71220 74100 0 5 2880
1726 74220 76620 5 6 2400
1728 28620 30720 8 5 2100
1729 30840 33720 5 0 2880
1730 33840 34560 0 1 720
1731 34680 35700 1 10 1020
1732 35820 37620 10 14 1800
1733 38940 40740 14 10 1800
1734 40860 41880 10 1 1020
1735 42000 42720 1 0 720
1736 42840 45720 0 5 2880
1737 45840 47940 5 8 2100
1738 49740 51540 14 10 1800
1739 51660 52680 10 1 1020
1740 52800 53520 1 0 720
1741 53640 56520 0 5 2880
1742 56640 58740 5 8 2100
1743 60540 62340 14 10 1800
1744 62460 63480 10 1 1020
1745 63600 64320 1 0 720
1746 64440 67320 0 5 2880
1747 67440 69540 5 8 2100
1748 71340 73140 14 10 1800
1749 73260 74280 10 1 1020
1750 74400 75120 1 0 720
1751 75240 78120 0 5 2880
1752 78240 80340 5 8 2100
1754 30960 33120 6 11 2160
1755 33240 34020 11 12 780
1756 34140 35940 12 13 1800
1757 39180 40980 13 12 1800
1758 41100 41880 12 11 780
1759 42000 44160 11 6 2160
1760 44280 46500 6 7 2220
1761 49980 51780 13 12 1800
1762 51900 52680 12 11 780
1763 52800 54960 11 6 2160
1764 55080 57300 6 7 2220
1765 60780 62580 13 12 1800
1766 62700 63480 12 11 780
1767 63600 65760 11 6 2160
1768 65880 68100 6 7 2220
1769 71580 73380 13 12 1800
1770 73500 74280 12 11 780
1771 74400 76560 11 6 2160
1772 76680 78900 6 7 2220
1774 30300 32820 3 5 2520
1775 32940 35340 5 6 2400
1776 35460 37680 6 7 2220
1777 38640 40860 7 6 2220
1778 40980 43380 6 5 2400
1779 43500 46020 5 3 2520
1780 46140 47340 3 0 1200
1781 49440 51660 7 6 2220
1782 51780 54180 6 5 2400
1783 54300 56820 5 3 2520
1784 56940 58140 3 0 1200
1785 60240 62460 7 6 2220
1786 62580 64980 6 5 2400
1787 65100 67620 5 3 2520
1788 67740 68940 3 0 1200
1789 71040 73260 7 6 2220
1790 73380 75780 6 5 2400
1791 75900 78420 5 3 2520
1792 78540 79740 3 0 1200
1794 30540 32640 8 5 2100
1795 32760 35280 5 3 2520
1796 37140 39660 3 5 2520
1797 39900 42000 5 8 2100
1798 42240 43560 8 11 1320
1800 31800 34320 11 5 2520
1801 34440 37320 5 0 2880
1802 37440 38160 0 1 720
1803 38280 41400 1 15 3120
1804 45540 48660 15 1 3120
1805 48780 49500 1 0 720
1806 49620 52500 0 5 2880
1807 52620 55140 5 11 2520
1808 55260 57660 11 9 2400
1809 59940 63060 15 1 3120
1810 63180 63900 1 0 720
1811 64020 66900 0 5 2880
1812 67020 69540 5 11 2520
1813 69660 72060 11 9 2400
1814 74340 77460 15 1 3120
1815 77580 78300 1 0 720
1816 78420 81300 0 5 2880
1820 31500 32280 12 11 780
1821 32400 34800 11 9 2400
1822 35880 38280 9 11 2400
1823 38400 39180 11 12 780
1824 39300 41100 12 13 1800
1826 32100 34500 6 5 2400
1827 34620 37500 5 0 2880
1828 37620 38340 0 1 720
1829 41580 42300 1 0 720
1830 42420 45300 0 5 2880
1831 45420 47820 5 6 2400
1832 47940 50160 6 7 2220
1833 52380 53100 1 0 720
1834 53220 56100 0 5 2880
1835 56220 58620 5 6 2400
1836 58740 60960 6 7 2220
1837 63180 63900 1 0 720
1838 64020 66900 0 5 2880
1839 67020 69420 5 6 2400
1840 69540 71760 6 7 2220
1841 73980 74700 1 0 720
1842 74820 77700 0 5 2880
1843 77820 80220 5 6 2400
1844 80340 82560 6 7 2220
1845 29820 31080 2 3 1260
1846 31200 33720 3 5 2520
1847 33840 35940 5 8 2100
1848 36180 37500 8 11 1320
1849 38940 40260 11 8 1320
1850 40380 42480 8 5 2100
1851 42600 45120 5 3 2520
1852 45240 46500 3 2 1260
1853 49740 51060 11 8 1320
1854 51180 53280 8 5 2100
1855 53400 55920 5 3 2520
1856 56040 57300 3 2 1260
1857 60540 61860 11 8 1320
1858 61980 64080 8 5 2100
1859 64200 66720 5 3 2520
1860 66840 68100 3 2 1260
1861 71340 72660 11 8 1320
1862 72780 74880 8 5 2100
1863 75000 77520 5 3 2520
1864 77640 78900 3 2 1260
1866 30960 33480 11 5 2520
1867 33600 36480 5 0 2880
1868 38460 41340 0 5 2880
1869 41460 43980 5 11 2520
1870 44100 44880 11 12 780
1871 30180 31800 0 10 1620
1872 31920 32940 10 1 1020
1873 33060 36180 1 15 3120
1874 38640 41760 15 1 3120
1875 41880 42900 1 10 1020
1876 43140 44760 10 0 1620
1878 31200 32820 0 10 1620
1879 33000 34800 10 14 1800
1880 34920 37140 14 15 2220
1881 38880 41100 15 14 2220
1882 41220 43020 14 10 1800
1883 43140 44760 10 0 1620
1884 44880 45600 0 1 720
1885 49680 51900 15 14 2220
1886 52020 53820 14 10 1800
1887 53940 55560 10 0 1620
1888 55680 56400 0 1 720
1889 60480 62700 15 14 2220
1890 62820 64620 14 10 1800
1891 64740 66360 10 0 1620
1892 66480 67200 0 1 720
1893 71280 73500 15 14 2220
1894 73620 75420 14 10 1800
1895 75540 77160 10 0 1620
1896 77280 78000 0 1 720
1898 33600 34320 1 0 720
1899 34560 35880 0 3 1320
1900 36120 38160 3 4 2040
1901 41160 43200 4 3 2040
1902 43320 44520 3 0 1200
1903 44640 45360 0 1 720
1904 45480 48600 1 15 3120
1905 51960 54000 4 3 2040
1906 54120 55320 3 0 1200
1907 55440 56160 0 1 720
1908 56280 59400 1 15 3120
1909 62760 64800 4 3 2040
1910 64920 66120 3 0 1200
1911 66240 66960 0 1 720
1912 67080 70200 1 15 3120
1913 73560 75600 4 3 2040
1914 75720 76920 3 0 1200
1915 77040 77760 0 1 720
1916 77880 81000 1 15 3120
1918 32520 33720 3 0 1200
1919 33840 34560 0 1 720
1920 34680 37800 1 15 3120
1921 41040 44160 15 1 3120
1922 44400 45120 1 0 720
1923 45360 46680 0 3 1320
1924 46920 48960 3 4 2040
1925 51840 54960 15 1 3120
1926 55200 55920 1 0 720
1927 56160 57480 0 3 1320
1928 57720 59760 3 4 2040
1929 62640 65760 15 1 3120
1930 66000 66720 1 0 720
1931 66960 68280 0 3 1320
1932 68520 70560 3 4 2040
1933 73440 76560 15 1 3120
1934 76800 77520 1 0 720
1935 77760 79080 0 3 1320
1937 30780 31500 1 0 720
1938 31620 34500 0 5 2880
1939 34620 37020 5 6 2400
1940 37140 39360 6 7 2220
1941 40560 42780 7 6 2220
1942 42900 45300 6 5 2400
1943 45420 48300 5 0 2880
1944 48420 49140 0 1 720
1945 51360 53580 7 6 2220
1946 53700 56100 6 5 2400
1947 56220 59100 5 0 2880
1948 59220 59940 0 1 720
1949 62160 64380 7 6 2220
1950 64500 66900 6 5 2400
1951 67020 69900 5 0 2880
1952 70020 70740 0 1 720
1953 72960 75180 7 6 2220
1954 75300 77700 6 5 2400
1955 77820 80700 5 0 2880
1956 80820 81540 0 1 720
1958 32760 33540 12 11 780
1959 33660 36180 11 5 2520
1960 36300 38820 5 3 2520
1961 39060 40260 3 0 1200
1962 42480 43680 0 3 1200
1963 43920 46440 3 5 2520
1964 46560 49080 5 11 2520
1965 49200 49980 11 12 780
1966 50100 51900 12 13 1800
1967 53280 54480 0 3 1200
1968 54720 57240 3 5 2520
1969 57360 59880 5 11 2520
1970 60000 60780 11 12 780
1971 60900 62700 12 13 1800
1972 64080 65280 0 3 1200
1973 65520 68040 3 5 2520
1974 68160 70680 5 11 2520
1975 70800 71580 11 12 780
1976 71700 73500 12 13 1800
1977 74880 76080 0 3 1200
1978 76320 78840 3 5 2520
1979 78960 81480 5 11 2520
1982 31020 31740 0 1 720
1983 31860 33300 1 2 1440
1984 33420 34680 2 3 1260
1985 34800 37320 3 5 2520
1986 39000 41520 5 3 2520
1987 41640 42900 3 2 1260
1988 43140 44580 2 1 1440
1989 44820 45540 1 0 720
1991 34380 35100 1 0 720
1992 35220 38100 0 5 2880
1993 38220 40740 5 11 2520
1994 40860 43260 11 9 2400
1995 47280 49680 9 11 2400
1996 49800 52320 11 5 2520
1997 52440 55320 5 0 2880
1998 55440 56160 0 1 720
1999 56280 59400 1 15 3120
2000 61680 64080 9 11 2400
2001 64200 66720 11 5 2520
2002 66840 69720 5 0 2880
2003 69840 70560 0 1 720
2004 70680 73800 1 15 3120
2005 76080 78480 9 11 2400
2006 78600 81120 11 5 2520
2007 81240 84120 5 0 2880
2010 31620 34500 0 5 2880
2011 34620 37020 5 6 2400
2012 37140 39480 6 9 2340
2013 43020 45360 9 6 2340
2014 45480 47880 6 5 2400
2015 48000 50880 5 0 2880
2016 53820 56160 9 6 2340
2017 56280 58680 6 5 2400
2018 58800 61680 5 0 2880
2019 64620 66960 9 6 2340
2020 67080 69480 6 5 2400
2021 69600 72480 5 0 2880
2022 75420 77760 9 6 2340
2023 77880 80280 6 5 2400
2024 80400 83280 5 0 2880
2025 31680 32880 0 3 1200
2026 33120 35640 3 5 2520
2027 35760 38280 5 11 2520
2028 38400 39180 11 12 780
2029 39300 41100 12 13 1800
2030 45240 47040 13 12 1800
2031 47160 47940 12 11 780
2032 48060 50580 11 5 2520
2033 50700 53220 5 3 2520
2034 53460 54660 3 0 1200
2035 56040 57840 13 12 1800
2036 57960 58740 12 11 780
2037 58860 61380 11 5 2520
2038 61500 64020 5 3 2520
2039 64260 65460 3 0 1200
2040 66840 68640 13 12 1800
2041 68760 69540 12 11 780
2042 69660 72180 11 5 2520
2043 72300 74820 5 3 2520
2044 75060 76260 3 0 1200
2045 77640 79440 13 12 1800
2046 79560 80340 12 11 780
2047 80460 82980 11 5 2520
2048 83100 85620 5 3 2520
2049 85860 87060 3 0 1200
2051 33660 34680 10 1 1020
2052 34800 35520 1 0 720
2053 35640 38520 0 5 2880
2054 38640 40740 5 8 2100
2055 43020 45120 8 5 2100
2056 45240 48120 5 0 2880
2057 48240 48960 0 1 720
2058 49080 50100 1 10 1020
2059 50220 52020 10 14 1800
2060 53820 55920 8 5 2100
2061 56040 58920 5 0 2880
2062 59040 59760 0 1 720
2063 59880 60900 1 10 1020
2064 61020 62820 10 14 1800
2065 64620 66720 8 5 2100
2066 66840 69720 5 0 2880
2067 69840 70560 0 1 720
2068 70680 71700 1 10 1020
2069 71820 73620 10 14 1800
2070 75420 77520 8 5 2100
2071 77640 80520 5 0 2880
2072 80640 81360 0 1 720
2073 81480 82500 1 10 1020
2076 33900 34680 12 11 780
2077 34800 36960 11 6 2160
2078 37080 39300 6 7 2220
2079 43020 45240 7 6 2220
2080 45360 47520 6 11 2160
2081 47640 48420 11 12 780
2082 48540 50340 12 13 1800
2083 53820 56040 7 6 2220
2084 56160 58320 6 11 2160
2085 58440 59220 11 12 780
2086 59340 61140 12 13 1800
2087 64620 66840 7 6 2220
2088 66960 69120 6 11 2160
2089 69240 70020 11 12 780
2090 70140 71940 12 13 1800
2091 75420 77640 7 6 2220
2092 77760 79920 6 11 2160
2096 34680 37080 6 5 2400
2097 37200 40080 5 0 2880
2098 42420 45300 0 5 2880
2099 45420 47820 5 6 2400
2100 47940 50280 6 9 2340
2101 53220 56100 0 5 2880
2102 56220 58620 5 6 2400
2103 58740 61080 6 9 2340
2104 64020 66900 0 5 2880
2105 67020 69420 5 6 2400
2106 69540 71880 6 9 2340
2107 74820 77700 0 5 2880
2108 77820 80220 5 6 2400
2110 32220 34320 8 5 2100
2111 34440 37320 5 0 2880
2112 37440 38160 0 1 720
2113 38280 39300 1 10 1020
2114 39420 41220 10 14 1800
2115 42540 44340 14 10 1800
2116 44460 45480 10 1 1020
2117 45600 46320 1 0 720
2118 46440 49320 0 5 2880
2119 49440 51540 5 8 2100
2120 53340 55140 14 10 1800
2121 55260 56280 10 1 1020
2122 56400 57120 1 0 720
2123 57240 60120 0 5 2880
2124 60240 62340 5 8 2100
2125 64140 65940 14 10 1800
2126 66060 67080 10 1 1020
2127 67200 67920 1 0 720
2128 68040 70920 0 5 2880
2129 71040 73140 5 8 2100
2130 74940 76740 14 10 1800
2131 76860 77880 10 1 1020
2132 78000 78720 1 0 720
2133 78840 81720 0 5 2880
2135 32220 34440 7 6 2220
2136 34560 36720 6 11 2160
2137 36840 37620 11 12 780
2138 37740 39540 12 13 1800
2139 42780 44580 13 12 1800
2140 44700 45480 12 11 780
2141 45600 47760 11 6 2160
2142 47880 50100 6 7 2220
2143 53580 55380 13 12 1800
2144 55500 56280 12 11 780
2145 56400 58560 11 6 2160
2146 58680 60900 6 7 2220
2147 64380 66180 13 12 1800
2148 66300 67080 12 11 780
2149 67200 69360 11 6 2160
2150 69480 71700 6 7 2220
2151 75180 76980 13 12 1800
2152 77100 77880 12 11 780
2153 78000 80160 11 6 2160
2154 80280 82500 6 7 2220
2155 32580 33780 0 3 1200
2156 33900 36420 3 5 2520
2157 36540 38940 5 6 2400
2158 39060 41280 6 7 2220
2159 42240 44460 7 6 2220
2160 44580 46980 6 5 2400
2161 47100 49620 5 3 2520
2162 49740 50940 3 0 1200
2163 32640 33960 8 11 1320
2164 34080 36240 11 6 2160
2165 38160 40320 6 11 2160
2166 40440 41760 11 8 1320
2167 32880 35280 9 11 2400
2168 35400 37920 11 5 2520
2169 38040 40920 5 0 2880
2170 41040 41760 0 1 720
2171 41880 45000 1 15 3120
2172 49140 52260 15 1 3120
2173 52380 53100 1 0 720
2174 53220 56100 0 5 2880
2175 56220 58740 5 11 2520
2176 58860 61260 11 9 2400
2177 63540 66660 15 1 3120
2178 66780 67500 1 0 720
2179 67620 70500 0 5 2880
2180 70620 73140 5 11 2520
2181 73260 75660 11 9 2400
2182 77940 81060 15 1 3120
2183 81180 81900 1 0 720
2184 82020 84900 0 5 2880
2187 33780 35820 4 3 2040
2188 36060 37260 3 0 1200
2189 38460 39660 0 3 1200
2190 39780 41820 3 4 2040
2192 36360 37140 12 11 780
2193 37260 39780 11 5 2520
2194 39900 42420 5 3 2520
2195 42660 43860 3 0 1200
2196 46080 47280 0 3 1200
2197 47520 50040 3 5 2520
2198 50160 52680 5 11 2520
2199 52800 53580 11 12 780
2200 53700 55500 12 13 1800
2202 37980 38700 1 0 720
2203 38820 41700 0 5 2880
2204 41820 44340 5 11 2520
2205 44460 46860 11 9 2400
2206 50880 53280 9 11 2400
2207 53400 55920 11 5 2520
2208 56040 58920 5 0 2880
2209 59040 59760 0 1 720
2210 59880 63000 1 15 3120
2211 65280 67680 9 11 2400
2212 67800 70320 11 5 2520
2213 70440 73320 5 0 2880
2214 73440 74160 0 1 720
2215 74280 77400 1 15 3120
2216 36480 38880 9 11 2400
2217 39000 41520 11 5 2520
2218 41640 44520 5 0 2880
2219 44640 45360 0 1 720
2220 45480 48600 1 15 3120
2221 52740 55860 15 1 3120
2222 55980 56700 1 0 720
2223 56820 59700 0 5 2880
2224 59820 62340 5 11 2520
2225 62460 64860 11 9 2400
2226 36780 38580 13 12 1800
2227 38700 39480 12 11 780
2228 39600 42000 11 9 2400
2229 43080 45480 9 11 2400
2230 45600 46380 11 12 780
2231 46500 48300 12 13 1800
2232 39840 41160 8 11 1320
2233 41280 43440 11 6 2160
2234 45360 47520 6 11 2160
2235 47640 48960 11 8 1320
2236 40620 41880 2 3 1260
2237 42000 44520 3 5 2520
2238 44640 46740 5 8 2100
2239 46980 48300 8 11 1320
2240 49740 51060 11 8 1320
2241 51180 53280 8 5 2100
2242 53400 55920 5 3 2520
2243 56040 57300 3 2 1260
2244 40980 43020 4 3 2040
2245 43260 44460 3 0 1200
2246 45660 46860 0 3 1200
2247 46980 49020 3 4 2040
2248 41040 41760 1 0 720
2249 42000 43620 0 10 1620
2250 43800 45600 10 14 1800
2251 45720 47940 14 15 2220
2252 49680 51900 15 14 2220
2253 52020 53820 14 10 1800
2254 53940 55560 10 0 1620
2255 55680 56400 0 1 720
2256 43380 44580 0 3 1200
2257 44700 47220 3 5 2520
2258 47340 49740 5 6 2400
2259 49860 52080 6 7 2220
2260 53040 55260 7 6 2220
2261 55380 57780 6 5 2400
2262 57900 60420 5 3 2520
2263 60540 61740 3 0 1200
2264 43980 45780 13 12 1800
2265 45900 46680 12 11 780
2266 46800 49200 11 9 2400
2267 50280 52680 9 11 2400
2268 52800 53580 11 12 780
2269 53700 55500 12 13 1800
2270 47040 48360 8 11 1320
2271 48480 50640 11 6 2160
2272 52560 54720 6 11 2160
2273 54840 56160 11 8 1320
2274 48180 50220 4 3 2040
2275 50460 51660 3 0 1200
2276 52860 54060 0 3 1200
2277 54180 56220 3 4 2040
2278 51180 52980 13 12 1800
2279 53100 53880 12 11 780
2280 54000 56400 11 9 2400
2281 57480 59880 9 11 2400
2282 60000 60780 11 12 780
2283 60900 62700 12 13 1800
2284 51420 52680 2 3 1260
2285 52800 55320 3 5 2520
2286 55440 57540 5 8 2100
2287 57780 59100 8 11 1320
2288 60540 61860 11 8 1320
2289 61980 64080 8 5 2100
2290 64200 66720 5 3 2520
2291 66840 68100 3 2 1260
2292 51840 52560 1 0 720
2293 52800 54420 0 10 1620
2294 54600 56400 10 14 1800
2295 56520 58740 14 15 2220
2296 60480 62700 15 14 2220
2297 62820 64620 14 10 1800
2298 64740 66360 10 0 1620
2299 66480 67200 0 1 720
2300 54180 55380 0 3 1200
2301 55500 58020 3 5 2520
2302 58140 60540 5 6 2400
2303 60660 62880 6 7 2220
2304 63840 66060 7 6 2220
2305 66180 68580 6 5 2400
2306 68700 71220 5 3 2520
2307 71340 72540 3 0 1200
2308 54240 55560 8 11 1320
2309 55680 57840 11 6 2160
2310 59760 61920 6 11 2160
2311 62040 63360 11 8 1320
2312 55380 57420 4 3 2040
2313 57660 58860 3 0 1200
2314 60060 61260 0 3 1200
2315 61380 63420 3 4 2040
2316 58380 60180 13 12 1800
2317 60300 61080 12 11 780
2318 61200 63600 11 9 2400
2319 64680 67080 9 11 2400
2320 67200 67980 11 12 780
2321 68100 69900 12 13 1800
2322 61440 62760 8 11 1320
2323 62880 65040 11 6 2160
2324 66960 69120 6 11 2160
2325 69240 70560 11 8 1320
2326 62220 63480 2 3 1260
2327 63600 66120 3 5 2520
2328 66240 68340 5 8 2100
2329 68580 69900 8 11 1320
2330 71340 72660 11 8 1320
2331 72780 74880 8 5 2100
2332 75000 77520 5 3 2520
2333 77640 78900 3 2 1260
2334 62580 64620 4 3 2040
2335 64860 66060 3 0 1200
2336 67260 68460 0 3 1200
2337 68580 70620 3 4 2040
2338 62640 63360 1 0 720
2339 63600 65220 0 10 1620
2340 65400 67200 10 14 1800
2341 67320 69540 14 15 2220
2342 71280 73500 15 14 2220
2343 73620 75420 14 10 1800
2344 75540 77160 10 0 1620
2345 77280 78000 0 1 720
2346 64980 66180 0 3 1200
2347 66300 68820 3 5 2520
2348 68940 71340 5 6 2400
2349 71460 73680 6 7 2220
2350 74640 76860 7 6 2220
2351 76980 79380 6 5 2400
2352 79500 82020 5 3 2520
2353 82140 83340 3 0 1200
2354 65580 67380 13 12 1800
2355 67500 68280 12 11 780
2356 68400 70800 11 9 2400
2357 71880 74280 9 11 2400
2358 74400 75180 11 12 780
2359 75300 77100 12 13 1800
2360 68640 69960 8 11 1320
2361 70080 72240 11 6 2160
2362 74160 76320 6 11 2160
2363 76440 77760 11 8 1320
2364 69780 71820 4 3 2040
2365 72060 73260 3 0 1200
2366 74460 75660 0 3 1200
2368 72780 74580 13 12 1800
2369 74700 75480 12 11 780
2370 75600 78000 11 9 2400
2371 79080 81480 9 11 2400
2374 73020 74280 2 3 1260
2375 74400 76920 3 5 2520
2376 77040 79140 5 8 2100
2377 79380 80700 8 11 1320
2378 82140 83460 11 8 1320
2379 83580 85680 8 5 2100
2380 85800 88320 5 3 2520
2382 73440 74160 1 0 720
2383 74400 76020 0 10 1620
2384 76200 78000 10 14 1800
2385 78120 80340 14 15 2220
2386 82080 84300 15 14 2220
2387 84420 86220 14 10 1800
2388 86340 87960 10 0 1620
2390 75780 76980 0 3 1200
2391 77100 79620 3 5 2520
2392 79740 82140 5 6 2400
2393 82260 84480 6 7 2220
2394 85440 87660 7 6 2220
2395 87780 90180 6 5 2400
2398 75840 77160 8 11 1320
2399 77280 79440 11 6 2160
2402 76980 79020 4 3 2040
2403 79260 80460 3 0 1200
2404 81660 82860 0 3 1200
