0 29580 31680 0 2 2100
1 31800 33840 2 3 2040
2 36780 38880 0 2 2100
3 39000 41040 2 3 2040
4 43980 46080 0 2 2100
5 46200 48240 2 3 2040
6 51180 53280 0 2 2100
7 53400 55440 2 3 2040
8 58380 60480 0 2 2100
9 60600 62640 2 3 2040
10 65580 67680 0 2 2100
11 67800 69840 2 3 2040
12 72780 74880 0 2 2100
13 75000 77040 2 3 2040
14 79200 81240 3 2 2040
15 81360 83460 2 0 2100
16 22380 24480 0 2 2100
17 24600 26640 2 3 2040
18 28800 30840 3 2 2040
19 30960 33060 2 0 2100
20 36000 38040 3 2 2040
21 38160 40260 2 0 2100
22 43200 45240 3 2 2040
23 45360 47460 2 0 2100
24 50400 52440 3 2 2040
25 52560 54660 2 0 2100
26 57600 59640 3 2 2040
27 59760 61860 2 0 2100
28 64800 66840 3 2 2040
29 66960 69060 2 0 2100
30 72000 74040 3 2 2040
31 74160 76260 2 0 2100
32 24060 25800 0 3 1740
33 27540 29280 3 0 1740
34 29400 30960 0 1 1560
35 32340 34080 3 0 1740
36 34200 35760 0 1 1560
37 37140 38880 3 0 1740
38 39000 40560 0 1 1560
39 41940 43680 3 0 1740
40 43800 45360 0 1 1560
41 46740 48480 3 0 1740
42 48600 50160 0 1 1560
43 51540 53280 3 0 1740
44 53400 54960 0 1 1560
45 56340 58080 3 0 1740
46 58200 59760 0 1 1560
47 61140 62880 3 0 1740
48 63000 64560 0 1 1560
49 65940 67680 3 0 1740
50 67800 69360 0 1 1560
51 70740 72480 3 0 1740
52 72600 74160 0 1 1560
53 75540 77280 3 0 1740
54 30240 32280 3 2 2040
55 32400 34260 2 1 1860
56 37440 39480 3 2 2040
57 39600 41460 2 1 1860
58 44640 46680 3 2 2040
59 46800 48660 2 1 1860
60 51840 53880 3 2 2040
61 54000 55860 2 1 1860
62 59040 61080 3 2 2040
63 61200 63060 2 1 1860
64 66240 68280 3 2 2040
65 68400 70260 2 1 1860
66 73440 75480 3 2 2040
67 75600 77460 2 1 1860
68 24600 26160 0 1 1560
69 27180 28740 1 0 1560
70 28860 30600 0 3 1740
71 31980 33540 1 0 1560
72 33660 35400 0 3 1740
73 36780 38340 1 0 1560
74 38460 40200 0 3 1740
75 41580 43140 1 0 1560
76 43260 45000 0 3 1740
77 46380 47940 1 0 1560
78 48060 49800 0 3 1740
79 51180 52740 1 0 1560
80 52860 54600 0 3 1740
81 55980 57540 1 0 1560
82 57660 59400 0 3 1740
83 60780 62340 1 0 1560
84 62460 64200 0 3 1740
85 65580 67140 1 0 1560
86 67260 69000 0 3 1740
87 70380 71940 1 0 1560
88 72060 73800 0 3 1740
89 75180 76740 1 0 1560
90 76860 78600 0 3 1740
91 25200 27060 2 1 1860
92 29820 31680 1 2 1860
93 31800 33840 2 3 2040
94 37020 38880 1 2 1860
95 39000 41040 2 3 2040
96 44220 46080 1 2 1860
97 46200 48240 2 3 2040
98 51420 53280 1 2 1860
99 53400 55440 2 3 2040
100 58620 60480 1 2 1860
101 60600 62640 2 3 2040
102 65820 67680 1 2 1860
103 67800 69840 2 3 2040
104 73020 74880 1 2 1860
105 75000 77040 2 3 2040
106 25260 27000 0 3 1740
107 28740 30480 3 0 1740
108 30600 32160 0 1 1560
109 33540 35280 3 0 1740
110 35400 36960 0 1 1560
111 38340 40080 3 0 1740
112 40200 41760 0 1 1560
113 43140 44880 3 0 1740
114 45000 46560 0 1 1560
115 47940 49680 3 0 1740
116 49800 51360 0 1 1560
117 52740 54480 3 0 1740
118 54600 56160 0 1 1560
119 57540 59280 3 0 1740
120 59400 60960 0 1 1560
121 62340 64080 3 0 1740
122 64200 65760 0 1 1560
123 67140 68880 3 0 1740
124 69000 70560 0 1 1560
125 71940 73680 3 0 1740
126 73800 75360 0 1 1560
127 76740 78480 3 0 1740
128 25800 27360 0 1 1560
129 28380 29940 1 0 1560
130 30060 31800 0 3 1740
131 33180 34740 1 0 1560
132 34860 36600 0 3 1740
133 37980 39540 1 0 1560
134 39660 41400 0 3 1740
135 42780 44340 1 0 1560
136 44460 46200 0 3 1740
137 47580 49140 1 0 1560
138 49260 51000 0 3 1740
139 52380 53940 1 0 1560
140 54060 55800 0 3 1740
141 57180 58740 1 0 1560
142 58860 60600 0 3 1740
143 61980 63540 1 0 1560
144 63660 65400 0 3 1740
145 66780 68340 1 0 1560
146 68460 70200 0 3 1740
147 71580 73140 1 0 1560
148 73260 75000 0 3 1740
149 76380 77940 1 0 1560
150 26460 28200 0 3 1740
151 29940 31680 3 0 1740
152 31800 33360 0 1 1560
153 34740 36480 3 0 1740
154 36600 38160 0 1 1560
155 39540 41280 3 0 1740
156 41400 42960 0 1 1560
157 44340 46080 3 0 1740
158 46200 47760 0 1 1560
159 49140 50880 3 0 1740
160 51000 52560 0 1 1560
161 53940 55680 3 0 1740
162 55800 57360 0 1 1560
163 58740 60480 3 0 1740
164 60600 62160 0 1 1560
165 63540 65280 3 0 1740
166 65400 66960 0 1 1560
167 68340 70080 3 0 1740
168 70200 71760 0 1 1560
169 73140 74880 3 0 1740
170 75000 76560 0 1 1560
171 77940 79680 3 0 1740
172 27000 28560 0 1 1560
173 29580 31140 1 0 1560
174 31260 33000 0 3 1740
175 34380 35940 1 0 1560
176 36060 37800 0 3 1740
177 39180 40740 1 0 1560
178 40860 42600 0 3 1740
179 43980 45540 1 0 1560
180 45660 47400 0 3 1740
181 48780 50340 1 0 1560
182 50460 52200 0 3 1740
183 53580 55140 1 0 1560
184 55260 57000 0 3 1740
185 58380 59940 1 0 1560
186 60060 61800 0 3 1740
187 63180 64740 1 0 1560
188 64860 66600 0 3 1740
189 67980 69540 1 0 1560
190 69660 71400 0 3 1740
191 72780 74340 1 0 1560
192 74460 76200 0 3 1740
193 77580 79140 1 0 1560
194 27360 29460 2 0 2100
195 33180 35280 0 2 2100
196 35400 37440 2 3 2040
197 40380 42480 0 2 2100
198 42600 44640 2 3 2040
199 47580 49680 0 2 2100
200 49800 51840 2 3 2040
201 54780 56880 0 2 2100
202 57000 59040 2 3 2040
203 61980 64080 0 2 2100
204 64200 66240 2 3 2040
205 69180 71280 0 2 2100
206 71400 73440 2 3 2040
207 76380 78480 0 2 2100
208 25980 28080 0 2 2100
209 28200 30240 2 3 2040
210 32400 34440 3 2 2040
211 34560 36660 2 0 2100
212 39600 41640 3 2 2040
213 41760 43860 2 0 2100
214 46800 48840 3 2 2040
215 48960 51060 2 0 2100
216 54000 56040 3 2 2040
217 56160 58260 2 0 2100
218 61200 63240 3 2 2040
219 63360 65460 2 0 2100
220 68400 70440 3 2 2040
221 70560 72660 2 0 2100
222 75600 77640 3 2 2040
223 77760 79860 2 0 2100
224 27660 29400 0 3 1740
225 31140 32880 3 0 1740
226 33000 34560 0 1 1560
227 35940 37680 3 0 1740
228 37800 39360 0 1 1560
229 40740 42480 3 0 1740
230 42600 44160 0 1 1560
231 45540 47280 3 0 1740
232 47400 48960 0 1 1560
233 50340 52080 3 0 1740
234 52200 53760 0 1 1560
235 55140 56880 3 0 1740
236 57000 58560 0 1 1560
237 59940 61680 3 0 1740
238 61800 63360 0 1 1560
239 64740 66480 3 0 1740
240 66600 68160 0 1 1560
241 69540 71280 3 0 1740
242 71400 72960 0 1 1560
243 74340 76080 3 0 1740
244 76200 77760 0 1 1560
245 79140 80880 3 0 1740
246 28200 30240 2 3 2040
247 33840 35880 3 2 2040
248 36000 37860 2 1 1860
249 41040 43080 3 2 2040
250 43200 45060 2 1 1860
251 48240 50280 3 2 2040
252 50400 52260 2 1 1860
253 55440 57480 3 2 2040
254 57600 59460 2 1 1860
255 62640 64680 3 2 2040
256 64800 66660 2 1 1860
257 69840 71880 3 2 2040
258 72000 73860 2 1 1860
259 77040 79080 3 2 2040
260 28200 29760 0 1 1560
261 30780 32340 1 0 1560
262 32460 34200 0 3 1740
263 35580 37140 1 0 1560
264 37260 39000 0 3 1740
265 40380 41940 1 0 1560
266 42060 43800 0 3 1740
267 45180 46740 1 0 1560
268 46860 48600 0 3 1740
269 49980 51540 1 0 1560
270 51660 53400 0 3 1740
271 54780 56340 1 0 1560
272 56460 58200 0 3 1740
273 59580 61140 1 0 1560
274 61260 63000 0 3 1740
275 64380 65940 1 0 1560
276 66060 67800 0 3 1740
277 69180 70740 1 0 1560
278 70860 72600 0 3 1740
279 73980 75540 1 0 1560
280 75660 77400 0 3 1740
281 78780 80340 1 0 1560
282 26640 28680 3 2 2040
283 28800 30660 2 1 1860
284 33420 35280 1 2 1860
285 35400 37440 2 3 2040
286 40620 42480 1 2 1860
287 42600 44640 2 3 2040
288 47820 49680 1 2 1860
289 49800 51840 2 3 2040
290 55020 56880 1 2 1860
291 57000 59040 2 3 2040
292 62220 64080 1 2 1860
293 64200 66240 2 3 2040
294 69420 71280 1 2 1860
295 71400 73440 2 3 2040
296 76620 78480 1 2 1860
