0 21600 25380 0 6 3780
1 25500 27780 6 7 2280
2 27900 30360 7 8 2460
3 32640 35100 8 7 2460
4 35280 37560 7 6 2280
5 37800 41580 6 0 3780
6 43440 45900 8 7 2460
7 46080 48360 7 6 2280
8 48600 52380 6 0 3780
9 54240 56700 8 7 2460
10 56880 59160 7 6 2280
11 59400 63180 6 0 3780
12 65040 67500 8 7 2460
13 67680 69960 7 6 2280
14 70200 73980 6 0 3780
15 75840 78300 8 7 2460
16 78480 80760 7 6 2280
17 81000 84780 6 0 3780
18 23700 24780 0 2 1080
19 24900 26100 2 1 1200
20 29580 30780 1 2 1200
21 30900 31980 2 0 1080
22 32100 34080 0 7 1980
23 36780 37980 1 2 1200
24 38100 39180 2 0 1080
25 39300 41280 0 7 1980
26 43980 45180 1 2 1200
27 45300 46380 2 0 1080
28 46500 48480 0 7 1980
29 51180 52380 1 2 1200
30 52500 53580 2 0 1080
31 53700 55680 0 7 1980
32 58380 59580 1 2 1200
33 59700 60780 2 0 1080
34 60900 62880 0 7 1980
35 65580 66780 1 2 1200
36 66900 67980 2 0 1080
37 68100 70080 0 7 1980
38 72780 73980 1 2 1200
39 74100 75180 2 0 1080
40 75300 77280 0 7 1980
41 79200 81180 7 0 1980
42 81300 82380 0 2 1080
43 82500 83700 2 1 1200
44 87180 88380 1 2 1200
45 88500 89580 2 0 1080
46 89700 91680 0 7 1980
47 27360 29340 0 7 1980
48 29460 31920 7 8 2460
49 33000 35460 8 7 2460
50 35580 37560 7 0 1980
51 37680 39720 0 1 2040
52 39840 41880 1 3 2040
53 42000 43260 3 5 1260
54 45600 48060 8 7 2460
55 48180 50160 7 0 1980
56 50280 52320 0 1 2040
57 52440 54480 1 3 2040
58 54600 55860 3 5 1260
59 58200 60660 8 7 2460
60 60780 62760 7 0 1980
61 62880 64920 0 1 2040
62 65040 67080 1 3 2040
63 67200 68460 3 5 1260
64 70800 73260 8 7 2460
65 73380 75360 7 0 1980
66 75480 77520 0 1 2040
67 24960 26400 4 0 1440
68 27060 28500 0 4 1440
69 28740 30420 4 2 1680
70 30540 31740 2 1 1200
71 33060 34500 0 4 1440
72 34740 36420 4 2 1680
73 36540 37740 2 1 1200
74 39060 40500 0 4 1440
75 40740 42420 4 2 1680
76 42540 43740 2 1 1200
77 45060 46500 0 4 1440
78 46740 48420 4 2 1680
79 48540 49740 2 1 1200
80 51060 52500 0 4 1440
81 52740 54420 4 2 1680
82 54540 55740 2 1 1200
83 57060 58500 0 4 1440
84 58740 60420 4 2 1680
85 60540 61740 2 1 1200
86 63060 64500 0 4 1440
87 64740 66420 4 2 1680
88 66540 67740 2 1 1200
89 69060 70500 0 4 1440
90 70740 72420 4 2 1680
91 72540 73740 2 1 1200
92 75060 76500 0 4 1440
93 76740 78420 4 2 1680
94 78540 79740 2 1 1200
95 27000 30780 6 0 3780
96 32400 36180 0 6 3780
97 36300 38580 6 7 2280
98 38700 41160 7 8 2460
99 43200 46980 0 6 3780
100 47100 49380 6 7 2280
101 49500 51960 7 8 2460
102 54000 57780 0 6 3780
103 57900 60180 6 7 2280
104 60300 62760 7 8 2460
105 64800 68580 0 6 3780
106 68700 70980 6 7 2280
107 71100 73560 7 8 2460
108 75600 79380 0 6 3780
109 79500 81780 6 7 2280
110 81900 84360 7 8 2460
111 26880 28920 0 1 2040
112 29040 31080 1 3 2040
113 31200 32460 3 5 1260
114 34260 35520 5 3 1260
115 35640 37680 3 1 2040
116 37800 39840 1 0 2040
117 39960 41940 0 7 1980
118 42060 44520 7 8 2460
119 46860 48120 5 3 1260
120 48240 50280 3 1 2040
121 50400 52440 1 0 2040
122 52560 54540 0 7 1980
123 54660 57120 7 8 2460
124 59460 60720 5 3 1260
125 60840 62880 3 1 2040
126 63000 65040 1 0 2040
127 65160 67140 0 7 1980
128 67260 69720 7 8 2460
129 72060 73320 5 3 1260
130 73440 75480 3 1 2040
131 75600 77640 1 0 2040
132 77760 79740 0 7 1980
133 22260 23700 0 4 1440
134 23940 25620 4 2 1680
135 25740 26940 2 1 1200
136 27840 29040 1 2 1200
137 29160 30840 2 4 1680
138 30960 32400 4 0 1440
139 33840 35040 1 2 1200
140 35160 36840 2 4 1680
141 36960 38400 4 0 1440
142 39840 41040 1 2 1200
143 41160 42840 2 4 1680
144 42960 44400 4 0 1440
145 45840 47040 1 2 1200
146 47160 48840 2 4 1680
147 48960 50400 4 0 1440
148 51840 53040 1 2 1200
149 53160 54840 2 4 1680
150 54960 56400 4 0 1440
151 57840 59040 1 2 1200
152 59160 60840 2 4 1680
153 60960 62400 4 0 1440
154 63840 65040 1 2 1200
155 65160 66840 2 4 1680
156 66960 68400 4 0 1440
157 69840 71040 1 2 1200
158 71160 72840 2 4 1680
159 72960 74400 4 0 1440
160 75840 77040 1 2 1200
161 77160 78840 2 4 1680
162 78960 80400 4 0 1440
163 28020 29100 0 2 1080
164 30420 31500 2 0 1080
165 31680 33720 0 1 2040
166 33840 35880 1 3 2040
167 36000 37260 3 5 1260
168 41220 42300 2 0 1080
169 42480 44520 0 1 2040
170 44640 46680 1 3 2040
171 46800 48060 3 5 1260
172 52020 53100 2 0 1080
173 53280 55320 0 1 2040
174 55440 57480 1 3 2040
175 57600 58860 3 5 1260
176 62820 63900 2 0 1080
177 64080 66120 0 1 2040
178 66240 68280 1 3 2040
179 68400 69660 3 5 1260
180 73620 74700 2 0 1080
181 74880 76920 0 1 2040
182 24900 26880 0 7 1980
183 28800 30780 7 0 1980
184 30900 31980 0 2 1080
185 32100 33300 2 1 1200
186 36000 37980 7 0 1980
187 38100 39180 0 2 1080
188 39300 40500 2 1 1200
189 43200 45180 7 0 1980
190 45300 46380 0 2 1080
191 46500 47700 2 1 1200
192 50400 52380 7 0 1980
193 52500 53580 0 2 1080
194 53700 54900 2 1 1200
195 57600 59580 7 0 1980
196 59700 60780 0 2 1080
197 60900 62100 2 1 1200
198 64800 66780 7 0 1980
199 66900 67980 0 2 1080
200 68100 69300 2 1 1200
201 72000 73980 7 0 1980
202 74100 75180 0 2 1080
203 75300 76500 2 1 1200
204 26160 27600 4 0 1440
205 28260 29700 0 4 1440
206 29940 31620 4 2 1680
207 31740 32940 2 1 1200
208 34260 35700 0 4 1440
209 35940 37620 4 2 1680
210 37740 38940 2 1 1200
211 40260 41700 0 4 1440
212 41940 43620 4 2 1680
213 43740 44940 2 1 1200
214 46260 47700 0 4 1440
215 47940 49620 4 2 1680
216 49740 50940 2 1 1200
217 52260 53700 0 4 1440
218 53940 55620 4 2 1680
219 55740 56940 2 1 1200
220 58260 59700 0 4 1440
221 59940 61620 4 2 1680
222 61740 62940 2 1 1200
223 64260 65700 0 4 1440
224 65940 67620 4 2 1680
225 67740 68940 2 1 1200
226 70260 71700 0 4 1440
227 71940 73620 4 2 1680
228 73740 74940 2 1 1200
229 76260 77700 0 4 1440
230 77940 79620 4 2 1680
231 79740 80940 2 1 1200
232 24480 26520 0 1 2040
233 26640 28680 1 3 2040
234 28800 30060 3 5 1260
235 33060 34320 5 3 1260
236 34500 36540 3 1 2040
237 36660 38700 1 0 2040
238 38820 39900 0 2 1080
239 43860 45120 5 3 1260
240 45300 47340 3 1 2040
241 47460 49500 1 0 2040
242 49620 50700 0 2 1080
243 54660 55920 5 3 1260
244 56100 58140 3 1 2040
245 58260 60300 1 0 2040
246 60420 61500 0 2 1080
247 65460 66720 5 3 1260
248 66900 68940 3 1 2040
249 69060 71100 1 0 2040
250 71220 72300 0 2 1080
251 76260 77520 5 3 1260
252 77700 79740 3 1 2040
253 79860 81900 1 0 2040
254 82020 83100 0 2 1080
255 23460 24900 0 4 1440
256 25140 26820 4 2 1680
257 26940 28140 2 1 1200
258 29040 30240 1 2 1200
259 30360 32040 2 4 1680
260 32160 33600 4 0 1440
261 35040 36240 1 2 1200
262 36360 38040 2 4 1680
263 38160 39600 4 0 1440
264 41040 42240 1 2 1200
265 42360 44040 2 4 1680
266 44160 45600 4 0 1440
267 47040 48240 1 2 1200
268 48360 50040 2 4 1680
269 50160 51600 4 0 1440
270 53040 54240 1 2 1200
271 54360 56040 2 4 1680
272 56160 57600 4 0 1440
273 59040 60240 1 2 1200
274 60360 62040 2 4 1680
275 62160 63600 4 0 1440
276 65040 66240 1 2 1200
277 66360 68040 2 4 1680
278 68160 69600 4 0 1440
279 71040 72240 1 2 1200
280 72360 74040 2 4 1680
281 74160 75600 4 0 1440
282 77040 78240 1 2 1200
283 78360 80040 2 4 1680
284 80160 81600 4 0 1440
285 27000 29040 1 0 2040
286 29160 31140 0 7 1980
287 31260 33720 7 8 2460
288 34800 37260 8 7 2460
289 37380 39360 7 0 1980
290 39480 41520 0 1 2040
291 41640 43680 1 3 2040
292 43800 45060 3 5 1260
293 47400 49860 8 7 2460
294 49980 51960 7 0 1980
295 52080 54120 0 1 2040
296 54240 56280 1 3 2040
297 56400 57660 3 5 1260
298 60000 62460 8 7 2460
299 62580 64560 7 0 1980
300 64680 66720 0 1 2040
301 66840 68880 1 3 2040
302 69000 70260 3 5 1260
303 72600 75060 8 7 2460
304 75180 77160 7 0 1980
305 77280 79320 0 1 2040
306 28680 30720 0 1 2040
307 30840 32880 1 3 2040
308 33000 34260 3 5 1260
309 36060 37320 5 3 1260
310 37440 39480 3 1 2040
311 39600 41640 1 0 2040
312 41760 43740 0 7 1980
313 43860 46320 7 8 2460
314 48660 49920 5 3 1260
315 50040 52080 3 1 2040
316 52200 54240 1 0 2040
317 54360 56340 0 7 1980
318 56460 58920 7 8 2460
319 61260 62520 5 3 1260
320 62640 64680 3 1 2040
321 64800 66840 1 0 2040
322 66960 68940 0 7 1980
323 69060 71520 7 8 2460
324 73860 75120 5 3 1260
325 75240 77280 3 1 2040
326 77400 79440 1 0 2040
327 79560 81540 0 7 1980
328 81660 84120 7 8 2460
329 27180 28260 2 0 1080
330 28500 32280 0 6 3780
331 34980 38760 6 0 3780
332 38880 39960 0 2 1080
333 40080 42960 2 5 2880
334 45780 49560 6 0 3780
335 49680 50760 0 2 1080
336 50880 53760 2 5 2880
337 56580 60360 6 0 3780
338 60480 61560 0 2 1080
339 61680 64560 2 5 2880
340 67380 71160 6 0 3780
341 71280 72360 0 2 1080
342 72480 75360 2 5 2880
343 78180 81960 6 0 3780
344 82080 83160 0 2 1080
345 28080 29160 0 2 1080
346 29280 32160 2 5 2880
347 34980 37860 5 2 2880
348 37980 39060 2 0 1080
349 39300 43080 0 6 3780
350 45780 48660 5 2 2880
351 48780 49860 2 0 1080
352 50100 53880 0 6 3780
353 56580 59460 5 2 2880
354 59580 60660 2 0 1080
355 60900 64680 0 6 3780
356 67380 70260 5 2 2880
357 70380 71460 2 0 1080
358 71700 75480 0 6 3780
359 78180 81060 5 2 2880
360 81180 82260 2 0 1080
361 25560 27240 2 4 1680
362 27360 28800 4 0 1440
363 29460 30900 0 4 1440
364 31140 32820 4 2 1680
365 32940 34140 2 1 1200
366 35460 36900 0 4 1440
367 37140 38820 4 2 1680
368 38940 40140 2 1 1200
369 41460 42900 0 4 1440
370 43140 44820 4 2 1680
371 44940 46140 2 1 1200
372 47460 48900 0 4 1440
373 49140 50820 4 2 1680
374 50940 52140 2 1 1200
375 53460 54900 0 4 1440
376 55140 56820 4 2 1680
377 56940 58140 2 1 1200
378 59460 60900 0 4 1440
379 61140 62820 4 2 1680
380 62940 64140 2 1 1200
381 65460 66900 0 4 1440
382 67140 68820 4 2 1680
383 68940 70140 2 1 1200
384 71460 72900 0 4 1440
385 73140 74820 4 2 1680
386 74940 76140 2 1 1200
387 77460 78900 0 4 1440
388 79140 80820 4 2 1680
389 80940 82140 2 1 1200
390 24660 26100 0 4 1440
391 26340 28020 4 2 1680
392 28140 29340 2 1 1200
393 30240 31440 1 2 1200
394 31560 33240 2 4 1680
395 33360 34800 4 0 1440
396 36240 37440 1 2 1200
397 37560 39240 2 4 1680
398 39360 40800 4 0 1440
399 42240 43440 1 2 1200
400 43560 45240 2 4 1680
401 45360 46800 4 0 1440
402 48240 49440 1 2 1200
403 49560 51240 2 4 1680
404 51360 52800 4 0 1440
405 54240 55440 1 2 1200
406 55560 57240 2 4 1680
407 57360 58800 4 0 1440
408 60240 61440 1 2 1200
409 61560 63240 2 4 1680
410 63360 64800 4 0 1440
411 66240 67440 1 2 1200
412 67560 69240 2 4 1680
413 69360 70800 4 0 1440
414 72240 73440 1 2 1200
415 73560 75240 2 4 1680
416 75360 76800 4 0 1440
417 78240 79440 1 2 1200
418 79560 81240 2 4 1680
419 81360 82800 4 0 1440
420 25200 28980 0 6 3780
421 29100 31380 6 7 2280
422 31500 33960 7 8 2460
423 36240 38700 8 7 2460
424 38880 41160 7 6 2280
425 41400 45180 6 0 3780
426 47040 49500 8 7 2460
427 49680 51960 7 6 2280
428 52200 55980 6 0 3780
429 57840 60300 8 7 2460
430 60480 62760 7 6 2280
431 63000 66780 6 0 3780
432 68640 71100 8 7 2460
433 71280 73560 7 6 2280
434 73800 77580 6 0 3780
435 83100 85380 6 7 2280
436 85500 87960 7 8 2460
437 90240 92700 8 7 2460
438 92880 95160 7 6 2280
439 95400 99180 6 0 3780
440 27300 28380 0 2 1080
441 28500 29700 2 1 1200
442 33180 34380 1 2 1200
443 34500 35580 2 0 1080
444 35700 37680 0 7 1980
445 40380 41580 1 2 1200
446 41700 42780 2 0 1080
447 42900 44880 0 7 1980
448 47580 48780 1 2 1200
449 48900 49980 2 0 1080
450 50100 52080 0 7 1980
451 54780 55980 1 2 1200
452 56100 57180 2 0 1080
453 57300 59280 0 7 1980
454 61980 63180 1 2 1200
455 63300 64380 2 0 1080
456 64500 66480 0 7 1980
457 69180 70380 1 2 1200
458 70500 71580 2 0 1080
459 71700 73680 0 7 1980
460 76380 77580 1 2 1200
461 77700 78780 2 0 1080
462 78900 80880 0 7 1980
463 28800 30840 1 0 2040
464 30960 32940 0 7 1980
465 33060 35520 7 8 2460
466 36600 39060 8 7 2460
467 39180 41160 7 0 1980
468 41280 43320 0 1 2040
469 43440 45480 1 3 2040
470 45600 46860 3 5 1260
471 49200 51660 8 7 2460
472 51780 53760 7 0 1980
473 53880 55920 0 1 2040
474 56040 58080 1 3 2040
475 58200 59460 3 5 1260
476 61800 64260 8 7 2460
477 64380 66360 7 0 1980
478 66480 68520 0 1 2040
479 68640 70680 1 3 2040
480 70800 72060 3 5 1260
481 74400 76860 8 7 2460
482 76980 78960 7 0 1980
483 79080 81120 0 1 2040
484 26760 28440 2 4 1680
485 28560 30000 4 0 1440
486 30660 32100 0 4 1440
487 32340 34020 4 2 1680
488 34140 35340 2 1 1200
489 36660 38100 0 4 1440
490 38340 40020 4 2 1680
491 40140 41340 2 1 1200
492 42660 44100 0 4 1440
493 44340 46020 4 2 1680
494 46140 47340 2 1 1200
495 48660 50100 0 4 1440
496 50340 52020 4 2 1680
497 52140 53340 2 1 1200
498 54660 56100 0 4 1440
499 56340 58020 4 2 1680
500 58140 59340 2 1 1200
501 60660 62100 0 4 1440
502 62340 64020 4 2 1680
503 64140 65340 2 1 1200
504 66660 68100 0 4 1440
505 68340 70020 4 2 1680
506 70140 71340 2 1 1200
507 72660 74100 0 4 1440
508 74340 76020 4 2 1680
509 76140 77340 2 1 1200
510 78660 80100 0 4 1440
511 80340 82020 4 2 1680
512 82140 83340 2 1 1200
513 28080 30360 7 6 2280
514 30600 34380 6 0 3780
515 36000 39780 0 6 3780
516 39900 42180 6 7 2280
517 42300 44760 7 8 2460
518 46800 50580 0 6 3780
519 50700 52980 6 7 2280
520 53100 55560 7 8 2460
521 57600 61380 0 6 3780
522 61500 63780 6 7 2280
523 63900 66360 7 8 2460
524 68400 72180 0 6 3780
525 72300 74580 6 7 2280
526 74700 77160 7 8 2460
527 28380 30360 7 0 1980
528 30480 32520 0 1 2040
529 32640 34680 1 3 2040
530 34800 36060 3 5 1260
531 37860 39120 5 3 1260
532 39240 41280 3 1 2040
533 41400 43440 1 0 2040
534 43560 45540 0 7 1980
535 45660 48120 7 8 2460
536 50460 51720 5 3 1260
537 51840 53880 3 1 2040
538 54000 56040 1 0 2040
539 56160 58140 0 7 1980
540 58260 60720 7 8 2460
541 63060 64320 5 3 1260
542 64440 66480 3 1 2040
543 66600 68640 1 0 2040
544 68760 70740 0 7 1980
545 70860 73320 7 8 2460
546 75660 76920 5 3 1260
547 77040 79080 3 1 2040
548 79200 81240 1 0 2040
549 81360 83340 0 7 1980
550 83460 85920 7 8 2460
551 25860 27300 0 4 1440
552 27540 29220 4 2 1680
553 29340 30540 2 1 1200
554 31440 32640 1 2 1200
555 32760 34440 2 4 1680
556 34560 36000 4 0 1440
557 37440 38640 1 2 1200
558 38760 40440 2 4 1680
559 40560 42000 4 0 1440
560 43440 44640 1 2 1200
561 44760 46440 2 4 1680
562 46560 48000 4 0 1440
563 49440 50640 1 2 1200
564 50760 52440 2 4 1680
565 52560 54000 4 0 1440
566 55440 56640 1 2 1200
567 56760 58440 2 4 1680
568 58560 60000 4 0 1440
569 61440 62640 1 2 1200
570 62760 64440 2 4 1680
571 64560 66000 4 0 1440
572 67440 68640 1 2 1200
573 68760 70440 2 4 1680
574 70560 72000 4 0 1440
575 73440 74640 1 2 1200
576 74760 76440 2 4 1680
577 76560 78000 4 0 1440
578 29460 31500 1 0 2040
579 31620 32700 0 2 1080
580 34020 35100 2 0 1080
581 35280 37320 0 1 2040
582 37440 39480 1 3 2040
583 39600 40860 3 5 1260
584 44820 45900 2 0 1080
585 46080 48120 0 1 2040
586 48240 50280 1 3 2040
587 50400 51660 3 5 1260
588 55620 56700 2 0 1080
589 56880 58920 0 1 2040
590 59040 61080 1 3 2040
591 61200 62460 3 5 1260
592 66420 67500 2 0 1080
593 67680 69720 0 1 2040
594 69840 71880 1 3 2040
595 72000 73260 3 5 1260
596 77220 78300 2 0 1080
597 78480 80520 0 1 2040
598 27300 28380 2 0 1080
599 28500 30480 0 7 1980
600 32400 34380 7 0 1980
601 34500 35580 0 2 1080
602 35700 36900 2 1 1200
603 39600 41580 7 0 1980
604 41700 42780 0 2 1080
605 42900 44100 2 1 1200
606 46800 48780 7 0 1980
607 48900 49980 0 2 1080
608 50100 51300 2 1 1200
609 54000 55980 7 0 1980
610 56100 57180 0 2 1080
611 57300 58500 2 1 1200
612 61200 63180 7 0 1980
613 63300 64380 0 2 1080
614 64500 65700 2 1 1200
615 68400 70380 7 0 1980
616 70500 71580 0 2 1080
617 71700 72900 2 1 1200
618 75600 77580 7 0 1980
619 77700 78780 0 2 1080
620 78900 80100 2 1 1200
621 27960 29640 2 4 1680
622 29760 31200 4 0 1440
623 31860 33300 0 4 1440
624 33540 35220 4 2 1680
625 35340 36540 2 1 1200
626 37860 39300 0 4 1440
627 39540 41220 4 2 1680
628 41340 42540 2 1 1200
629 43860 45300 0 4 1440
630 45540 47220 4 2 1680
631 47340 48540 2 1 1200
632 49860 51300 0 4 1440
633 51540 53220 4 2 1680
634 53340 54540 2 1 1200
635 55860 57300 0 4 1440
636 57540 59220 4 2 1680
637 59340 60540 2 1 1200
638 61860 63300 0 4 1440
639 63540 65220 4 2 1680
640 65340 66540 2 1 1200
641 67860 69300 0 4 1440
642 69540 71220 4 2 1680
643 71340 72540 2 1 1200
644 73860 75300 0 4 1440
645 75540 77220 4 2 1680
646 77340 78540 2 1 1200
647 26820 27900 2 0 1080
648 28080 30120 0 1 2040
649 30240 32280 1 3 2040
650 32400 33660 3 5 1260
651 36660 37920 5 3 1260
652 38100 40140 3 1 2040
653 40260 42300 1 0 2040
654 42420 43500 0 2 1080
655 47460 48720 5 3 1260
656 48900 50940 3 1 2040
657 51060 53100 1 0 2040
658 53220 54300 0 2 1080
659 58260 59520 5 3 1260
660 59700 61740 3 1 2040
661 61860 63900 1 0 2040
662 64020 65100 0 2 1080
663 69060 70320 5 3 1260
664 70500 72540 3 1 2040
665 72660 74700 1 0 2040
666 74820 75900 0 2 1080
667 30600 32640 1 0 2040
668 32760 34740 0 7 1980
669 34860 37320 7 8 2460
670 38400 40860 8 7 2460
671 40980 42960 7 0 1980
672 43080 45120 0 1 2040
673 45240 47280 1 3 2040
674 47400 48660 3 5 1260
675 51000 53460 8 7 2460
676 53580 55560 7 0 1980
677 55680 57720 0 1 2040
678 57840 59880 1 3 2040
679 60000 61260 3 5 1260
680 63600 66060 8 7 2460
681 66180 68160 7 0 1980
682 68280 70320 0 1 2040
683 70440 72480 1 3 2040
684 72600 73860 3 5 1260
685 76200 78660 8 7 2460
686 78780 80760 7 0 1980
687 80880 82920 0 1 2040
688 30180 32160 7 0 1980
689 32280 34320 0 1 2040
690 34440 36480 1 3 2040
691 36600 37860 3 5 1260
692 39660 40920 5 3 1260
693 41040 43080 3 1 2040
694 43200 45240 1 0 2040
695 45360 47340 0 7 1980
696 47460 49920 7 8 2460
697 52260 53520 5 3 1260
698 53640 55680 3 1 2040
699 55800 57840 1 0 2040
700 57960 59940 0 7 1980
701 60060 62520 7 8 2460
702 64860 66120 5 3 1260
703 66240 68280 3 1 2040
704 68400 70440 1 0 2040
705 70560 72540 0 7 1980
706 72660 75120 7 8 2460
707 77460 78720 5 3 1260
708 78840 80880 3 1 2040
709 81000 83040 1 0 2040
710 83160 85140 0 7 1980
711 85260 87720 7 8 2460
712 30780 31860 2 0 1080
713 32100 35880 0 6 3780
714 38580 42360 6 0 3780
715 42480 43560 0 2 1080
716 43680 46560 2 5 2880
717 49380 53160 6 0 3780
718 53280 54360 0 2 1080
719 54480 57360 2 5 2880
720 60180 63960 6 0 3780
721 64080 65160 0 2 1080
722 65280 68160 2 5 2880
723 70980 74760 6 0 3780
724 74880 75960 0 2 1080
725 27780 31560 6 0 3780
726 31680 32760 0 2 1080
727 32880 35760 2 5 2880
728 38580 41460 5 2 2880
729 41580 42660 2 0 1080
730 42900 46680 0 6 3780
731 49380 52260 5 2 2880
732 52380 53460 2 0 1080
733 53700 57480 0 6 3780
734 60180 63060 5 2 2880
735 63180 64260 2 0 1080
736 64500 68280 0 6 3780
737 70980 73860 5 2 2880
738 73980 75060 2 0 1080
739 75300 79080 0 6 3780
740 28800 32580 0 6 3780
741 32700 34980 6 7 2280
742 35100 37560 7 8 2460
743 39840 42300 8 7 2460
744 42480 44760 7 6 2280
745 45000 48780 6 0 3780
746 50640 53100 8 7 2460
747 53280 55560 7 6 2280
748 55800 59580 6 0 3780
749 61440 63900 8 7 2460
750 64080 66360 7 6 2280
751 66600 70380 6 0 3780
752 72240 74700 8 7 2460
753 74880 77160 7 6 2280
754 77400 81180 6 0 3780
755 30240 32280 3 1 2040
756 32400 34440 1 0 2040
757 34560 36540 0 7 1980
758 36660 39120 7 8 2460
759 40200 42660 8 7 2460
760 42780 44760 7 0 1980
761 44880 46920 0 1 2040
762 47040 49080 1 3 2040
763 49200 50460 3 5 1260
764 52800 55260 8 7 2460
765 55380 57360 7 0 1980
766 57480 59520 0 1 2040
767 59640 61680 1 3 2040
768 61800 63060 3 5 1260
769 65400 67860 8 7 2460
770 67980 69960 7 0 1980
771 70080 72120 0 1 2040
772 72240 74280 1 3 2040
773 74400 75660 3 5 1260
774 78000 80460 8 7 2460
775 80580 82560 7 0 1980
776 82680 84720 0 1 2040
777 31680 33960 7 6 2280
778 34200 37980 6 0 3780
779 39600 43380 0 6 3780
780 43500 45780 6 7 2280
781 45900 48360 7 8 2460
782 50400 54180 0 6 3780
783 54300 56580 6 7 2280
784 56700 59160 7 8 2460
785 61200 64980 0 6 3780
786 65100 67380 6 7 2280
787 67500 69960 7 8 2460
788 72000 75780 0 6 3780
789 75900 78180 6 7 2280
790 78300 80760 7 8 2460
791 31980 33960 7 0 1980
792 34080 36120 0 1 2040
793 36240 38280 1 3 2040
794 38400 39660 3 5 1260
795 41460 42720 5 3 1260
796 42840 44880 3 1 2040
797 45000 47040 1 0 2040
798 47160 49140 0 7 1980
799 49260 51720 7 8 2460
800 54060 55320 5 3 1260
801 55440 57480 3 1 2040
802 57600 59640 1 0 2040
803 59760 61740 0 7 1980
804 61860 64320 7 8 2460
805 66660 67920 5 3 1260
806 68040 70080 3 1 2040
807 70200 72240 1 0 2040
808 72360 74340 0 7 1980
809 74460 76920 7 8 2460
810 30900 32940 3 1 2040
811 33060 35100 1 0 2040
812 35220 36300 0 2 1080
813 37620 38700 2 0 1080
814 38880 40920 0 1 2040
815 41040 43080 1 3 2040
816 43200 44460 3 5 1260
817 48420 49500 2 0 1080
818 49680 51720 0 1 2040
819 51840 53880 1 3 2040
820 54000 55260 3 5 1260
821 59220 60300 2 0 1080
822 60480 62520 0 1 2040
823 62640 64680 1 3 2040
824 64800 66060 3 5 1260
825 70020 71100 2 0 1080
826 71280 73320 0 1 2040
827 73440 75480 1 3 2040
828 75600 76860 3 5 1260
829 30660 31920 5 3 1260
830 32040 34080 3 1 2040
831 34200 36240 1 0 2040
832 36360 38340 0 7 1980
833 38460 40920 7 8 2460
834 42000 44460 8 7 2460
835 44580 46560 7 0 1980
836 46680 48720 0 1 2040
837 48840 50880 1 3 2040
838 51000 52260 3 5 1260
839 54600 57060 8 7 2460
840 57180 59160 7 0 1980
841 59280 61320 0 1 2040
842 61440 63480 1 3 2040
843 63600 64860 3 5 1260
844 67200 69660 8 7 2460
845 69780 71760 7 0 1980
846 71880 73920 0 1 2040
847 74040 76080 1 3 2040
848 76200 77460 3 5 1260
849 31200 33660 8 7 2460
850 33780 35760 7 0 1980
851 35880 37920 0 1 2040
852 38040 40080 1 3 2040
853 40200 41460 3 5 1260
854 43260 44520 5 3 1260
855 44640 46680 3 1 2040
856 46800 48840 1 0 2040
857 48960 50940 0 7 1980
858 51060 53520 7 8 2460
859 55860 57120 5 3 1260
860 57240 59280 3 1 2040
861 59400 61440 1 0 2040
862 61560 63540 0 7 1980
863 63660 66120 7 8 2460
864 68460 69720 5 3 1260
865 69840 71880 3 1 2040
866 72000 74040 1 0 2040
867 74160 76140 0 7 1980
868 76260 78720 7 8 2460
869 31380 34260 5 2 2880
870 34380 35460 2 0 1080
871 35700 39480 0 6 3780
872 42180 45960 6 0 3780
873 46080 47160 0 2 1080
874 47280 50160 2 5 2880
875 52980 56760 6 0 3780
876 56880 57960 0 2 1080
877 58080 60960 2 5 2880
878 63780 67560 6 0 3780
879 67680 68760 0 2 1080
880 68880 71760 2 5 2880
881 74580 78360 6 0 3780
882 78480 79560 0 2 1080
883 31380 35160 6 0 3780
884 35280 36360 0 2 1080
885 36480 39360 2 5 2880
886 42180 45060 5 2 2880
887 45180 46260 2 0 1080
888 46500 50280 0 6 3780
889 52980 55860 5 2 2880
890 55980 57060 2 0 1080
891 57300 61080 0 6 3780
892 63780 66660 5 2 2880
893 66780 67860 2 0 1080
894 68100 71880 0 6 3780
895 74580 77460 5 2 2880
896 77580 78660 2 0 1080
897 32460 33720 5 3 1260
898 33840 35880 3 1 2040
899 36000 38040 1 0 2040
900 38160 40140 0 7 1980
901 40260 42720 7 8 2460
902 43800 46260 8 7 2460
903 46380 48360 7 0 1980
904 48480 50520 0 1 2040
905 50640 52680 1 3 2040
906 52800 54060 3 5 1260
907 56400 58860 8 7 2460
908 58980 60960 7 0 1980
909 61080 63120 0 1 2040
910 63240 65280 1 3 2040
911 65400 66660 3 5 1260
912 69000 71460 8 7 2460
913 71580 73560 7 0 1980
914 73680 75720 0 1 2040
915 75840 77880 1 3 2040
916 32640 33840 1 2 1200
917 33960 35640 2 4 1680
918 35760 37200 4 0 1440
919 37860 39300 0 4 1440
920 39540 41220 4 2 1680
921 41340 42540 2 1 1200
922 38640 39840 1 2 1200
923 39960 41640 2 4 1680
924 41760 43200 4 0 1440
925 43860 45300 0 4 1440
926 45540 47220 4 2 1680
927 47340 48540 2 1 1200
928 40260 41520 5 3 1260
929 41700 43740 3 1 2040
930 43860 45900 1 0 2040
931 46020 47100 0 2 1080
932 48420 49500 2 0 1080
933 49680 51720 0 1 2040
934 51840 53880 1 3 2040
935 54000 55260 3 5 1260
936 44640 45840 1 2 1200
937 45960 47640 2 4 1680
938 47760 49200 4 0 1440
939 49860 51300 0 4 1440
940 51540 53220 4 2 1680
941 53340 54540 2 1 1200
942 45060 46320 5 3 1260
943 46440 48480 3 1 2040
944 48600 50640 1 0 2040
945 50760 52740 0 7 1980
946 52860 55320 7 8 2460
947 56400 58860 8 7 2460
948 58980 60960 7 0 1980
949 61080 63120 0 1 2040
950 63240 65280 1 3 2040
951 65400 66660 3 5 1260
952 50640 51840 1 2 1200
953 51960 53640 2 4 1680
954 53760 55200 4 0 1440
955 55860 57300 0 4 1440
956 57540 59220 4 2 1680
957 59340 60540 2 1 1200
958 51060 52320 5 3 1260
959 52500 54540 3 1 2040
960 54660 56700 1 0 2040
961 56820 57900 0 2 1080
962 59220 60300 2 0 1080
963 60480 62520 0 1 2040
964 62640 64680 1 3 2040
965 64800 66060 3 5 1260
966 56640 57840 1 2 1200
967 57960 59640 2 4 1680
968 59760 61200 4 0 1440
969 61860 63300 0 4 1440
970 63540 65220 4 2 1680
971 65340 66540 2 1 1200
972 57660 58920 5 3 1260
973 59040 61080 3 1 2040
974 61200 63240 1 0 2040
975 63360 65340 0 7 1980
976 65460 67920 7 8 2460
977 69000 71460 8 7 2460
978 71580 73560 7 0 1980
979 73680 75720 0 1 2040
980 75840 77880 1 3 2040
981 61860 63120 5 3 1260
982 63300 65340 3 1 2040
983 65460 67500 1 0 2040
984 67620 68700 0 2 1080
985 70020 71100 2 0 1080
986 71280 73320 0 1 2040
987 73440 75480 1 3 2040
988 75600 76860 3 5 1260
989 62640 63840 1 2 1200
990 63960 65640 2 4 1680
991 65760 67200 4 0 1440
992 67860 69300 0 4 1440
993 69540 71220 4 2 1680
994 71340 72540 2 1 1200
995 68640 69840 1 2 1200
996 69960 71640 2 4 1680
997 71760 73200 4 0 1440
998 73860 75300 0 4 1440
999 75540 77220 4 2 1680
1000 77340 78540 2 1 1200
1001 70260 71520 5 3 1260
1002 71640 73680 3 1 2040
1003 73800 75840 1 0 2040
1004 75960 77940 0 7 1980
1005 78060 80520 7 8 2460
1006 81600 84060 8 7 2460
1007 84180 86160 7 0 1980
1008 72660 73920 5 3 1260
1009 74100 76140 3 1 2040
1010 76260 78300 1 0 2040
1011 78420 79500 0 2 1080
1012 80820 81900 2 0 1080
1013 82080 84120 0 1 2040
1014 74640 75840 1 2 1200
1015 75960 77640 2 4 1680
1016 77760 79200 4 0 1440
1017 79860 81300 0 4 1440
1018 81540 83220 4 2 1680
1019 83340 84540 2 1 1200
