1 25200 27780 0 2 2580
2 29700 32280 2 0 2580
3 32400 35640 0 1 3240
4 36900 39480 2 0 2580
5 39600 42840 0 1 3240
6 44100 46680 2 0 2580
7 46800 50040 0 1 3240
8 51300 53880 2 0 2580
9 54000 57240 0 1 3240
10 58500 61080 2 0 2580
11 61200 64440 0 1 3240
12 65700 68280 2 0 2580
13 68400 71640 0 1 3240
14 72900 75480 2 0 2580
20 33660 37260 1 8 3600
21 37380 38040 8 3 660
22 38160 39360 3 2 1200
23 39480 42540 2 6 3060
24 44460 48060 1 8 3600
25 48180 48840 8 3 660
26 48960 50160 3 2 1200
27 50280 53340 2 6 3060
28 55260 58860 1 8 3600
29 58980 59640 8 3 660
30 59760 60960 3 2 1200
31 61080 64140 2 6 3060
32 66060 69660 1 8 3600
33 69780 70440 8 3 660
34 70560 71760 3 2 1200
35 71880 74940 2 6 3060
40 22380 23700 0 4 1320
41 23820 25560 4 7 1740
42 25680 26640 7 5 960
43 26760 29640 5 6 2880
44 31440 34320 6 5 2880
45 34440 35400 5 7 960
46 35520 37260 7 4 1740
47 37380 38700 4 0 1320
48 40440 43320 6 5 2880
49 43440 44400 5 7 960
50 44520 46260 7 4 1740
51 46380 47700 4 0 1320
52 49440 52320 6 5 2880
53 52440 53400 5 7 960
54 53520 55260 7 4 1740
55 55380 56700 4 0 1320
56 58440 61320 6 5 2880
57 61440 62400 5 7 960
58 62520 64260 7 4 1740
59 64380 65700 4 0 1320
60 67440 70320 6 5 2880
61 70440 71400 5 7 960
62 71520 73260 7 4 1740
63 73380 74700 4 0 1320
64 76440 79320 6 5 2880
65 79440 80400 5 7 960
66 80520 82260 7 4 1740
67 82380 83700 4 0 1320
70 26520 28260 7 4 1740
71 28380 29700 4 0 1320
72 31380 32700 0 4 1320
73 32820 34560 4 7 1740
74 34680 35640 7 5 960
75 35760 38640 5 6 2880
76 40380 41700 0 4 1320
77 41820 43560 4 7 1740
78 43680 44640 7 5 960
79 44760 47640 5 6 2880
80 49380 50700 0 4 1320
81 50820 52560 4 7 1740
82 52680 53640 7 5 960
83 53760 56640 5 6 2880
84 58380 59700 0 4 1320
85 59820 61560 4 7 1740
86 61680 62640 7 5 960
87 62760 65640 5 6 2880
88 67380 68700 0 4 1320
89 68820 70560 4 7 1740
90 70680 71640 7 5 960
91 71760 74640 5 6 2880
92 76380 77700 0 4 1320
93 77820 79560 4 7 1740
94 79680 80640 7 5 960
97 25200 28440 0 1 3240
98 29040 32280 1 0 3240
99 32400 34980 0 2 2580
100 36240 39480 1 0 3240
101 39600 42180 0 2 2580
102 43440 46680 1 0 3240
103 46800 49380 0 2 2580
104 50640 53880 1 0 3240
105 54000 56580 0 2 2580
106 57840 61080 1 0 3240
107 61200 63780 0 2 2580
108 65040 68280 1 0 3240
109 68400 70980 0 2 2580
110 72240 75480 1 0 3240
115 28680 31740 2 6 3060
116 32940 36000 6 2 3060
117 36120 37320 2 3 1200
118 37440 38100 3 8 660
119 38220 41820 8 1 3600
120 43740 46800 6 2 3060
121 46920 48120 2 3 1200
122 48240 48900 3 8 660
123 49020 52620 8 1 3600
124 54540 57600 6 2 3060
125 57720 58920 2 3 1200
126 59040 59700 3 8 660
127 59820 63420 8 1 3600
128 65340 68400 6 2 3060
129 68520 69720 2 3 1200
130 69840 70500 3 8 660
131 70620 74220 8 1 3600
138 26940 28260 0 4 1320
139 28380 30120 4 7 1740
140 32340 34080 7 4 1740
141 34200 35520 4 0 1320
142 35640 38640 0 8 3000
143 38760 39420 8 3 660
144 41340 43080 7 4 1740
145 43200 44520 4 0 1320
146 44640 47640 0 8 3000
147 47760 48420 8 3 660
148 50340 52080 7 4 1740
149 52200 53520 4 0 1320
150 53640 56640 0 8 3000
151 56760 57420 8 3 660
152 59340 61080 7 4 1740
153 61200 62520 4 0 1320
154 62640 65640 0 8 3000
155 65760 66420 8 3 660
156 68340 70080 7 4 1740
157 70200 71520 4 0 1320
158 71640 74640 0 8 3000
159 74760 75420 8 3 660
160 77340 79080 7 4 1740
161 79200 80520 4 0 1320
165 25200 26520 4 0 1320
166 26640 29640 0 8 3000
167 29760 30420 8 3 660
168 32040 32700 3 8 660
169 32820 35820 8 0 3000
170 35940 37260 0 4 1320
171 37380 39120 4 7 1740
172 41040 41700 3 8 660
173 41820 44820 8 0 3000
174 44940 46260 0 4 1320
175 46380 48120 4 7 1740
176 50040 50700 3 8 660
177 50820 53820 8 0 3000
178 53940 55260 0 4 1320
179 55380 57120 4 7 1740
180 59040 59700 3 8 660
181 59820 62820 8 0 3000
182 62940 64260 0 4 1320
183 64380 66120 4 7 1740
184 68040 68700 3 8 660
185 68820 71820 8 0 3000
186 71940 73260 0 4 1320
187 73380 75120 4 7 1740
188 77040 77700 3 8 660
189 77820 80820 8 0 3000
190 80940 82260 0 4 1320
193 27000 29580 0 2 2580
194 31500 34080 2 0 2580
195 34200 37440 0 1 3240
196 38700 41280 2 0 2580
197 41400 44640 0 1 3240
198 45900 48480 2 0 2580
199 48600 51840 0 1 3240
200 53100 55680 2 0 2580
201 55800 59040 0 1 3240
202 60300 62880 2 0 2580
203 63000 66240 0 1 3240
204 67500 70080 2 0 2580
205 70200 73440 0 1 3240
206 74700 77280 2 0 2580
211 31320 32520 3 2 1200
212 32640 35880 2 5 3240
213 36000 36960 5 7 960
214 38520 39720 3 2 1200
215 39840 43080 2 5 3240
216 43200 44160 5 7 960
217 45720 46920 3 2 1200
218 47040 50280 2 5 3240
219 50400 51360 5 7 960
220 52920 54120 3 2 1200
221 54240 57480 2 5 3240
222 57600 58560 5 7 960
223 60120 61320 3 2 1200
224 61440 64680 2 5 3240
225 64800 65760 5 7 960
226 67320 68520 3 2 1200
227 68640 71880 2 5 3240
228 72000 72960 5 7 960
229 74520 75720 3 2 1200
230 75840 79080 2 5 3240
231 79200 80160 5 7 960
234 28800 29760 5 7 960
235 30900 31860 7 5 960
236 31980 35220 5 2 3240
237 35340 36540 2 3 1200
238 38100 39060 7 5 960
239 39180 42420 5 2 3240
240 42540 43740 2 3 1200
241 45300 46260 7 5 960
242 46380 49620 5 2 3240
243 49740 50940 2 3 1200
244 52500 53460 7 5 960
245 53580 56820 5 2 3240
246 56940 58140 2 3 1200
247 59700 60660 7 5 960
248 60780 64020 5 2 3240
249 64140 65340 2 3 1200
250 66900 67860 7 5 960
251 67980 71220 5 2 3240
252 71340 72540 2 3 1200
253 74100 75060 7 5 960
256 24180 25500 0 4 1320
257 25620 27360 4 7 1740
258 27480 28440 7 5 960
259 28560 31440 5 6 2880
260 33240 36120 6 5 2880
261 36240 37200 5 7 960
262 37320 39060 7 4 1740
263 39180 40500 4 0 1320
264 42240 45120 6 5 2880
265 45240 46200 5 7 960
266 46320 48060 7 4 1740
267 48180 49500 4 0 1320
268 51240 54120 6 5 2880
269 54240 55200 5 7 960
270 55320 57060 7 4 1740
271 57180 58500 4 0 1320
272 60240 63120 6 5 2880
273 63240 64200 5 7 960
274 64320 66060 7 4 1740
275 66180 67500 4 0 1320
276 69240 72120 6 5 2880
277 72240 73200 5 7 960
278 73320 75060 7 4 1740
279 75180 76500 4 0 1320
280 78240 81120 6 5 2880
281 81240 82200 5 7 960
282 82320 84060 7 4 1740
283 84180 85500 4 0 1320
285 27240 28200 5 7 960
286 28320 30060 7 4 1740
287 30180 31500 4 0 1320
288 33180 34500 0 4 1320
289 34620 36360 4 7 1740
290 36480 37440 7 5 960
291 37560 40440 5 6 2880
292 42180 43500 0 4 1320
293 43620 45360 4 7 1740
294 45480 46440 7 5 960
295 46560 49440 5 6 2880
296 51180 52500 0 4 1320
297 52620 54360 4 7 1740
298 54480 55440 7 5 960
299 55560 58440 5 6 2880
300 60180 61500 0 4 1320
301 61620 63360 4 7 1740
302 63480 64440 7 5 960
303 64560 67440 5 6 2880
304 69180 70500 0 4 1320
305 70620 72360 4 7 1740
306 72480 73440 7 5 960
307 73560 76440 5 6 2880
308 78180 79500 0 4 1320
309 79620 81360 4 7 1740
313 27000 30240 0 1 3240
314 30840 34080 1 0 3240
315 34200 36780 0 2 2580
316 38040 41280 1 0 3240
317 41400 43980 0 2 2580
318 45240 48480 1 0 3240
319 48600 51180 0 2 2580
320 52440 55680 1 0 3240
321 55800 58380 0 2 2580
322 59640 62880 1 0 3240
323 63000 65580 0 2 2580
324 66840 70080 1 0 3240
325 70200 72780 0 2 2580
326 74040 77280 1 0 3240
330 28740 30060 0 4 1320
331 30180 31920 4 7 1740
332 34140 35880 7 4 1740
333 36000 37320 4 0 1320
334 37440 40440 0 8 3000
335 40560 41220 8 3 660
336 43140 44880 7 4 1740
337 45000 46320 4 0 1320
338 46440 49440 0 8 3000
339 49560 50220 8 3 660
340 52140 53880 7 4 1740
341 54000 55320 4 0 1320
342 55440 58440 0 8 3000
343 58560 59220 8 3 660
344 61140 62880 7 4 1740
345 63000 64320 4 0 1320
346 64440 67440 0 8 3000
347 67560 68220 8 3 660
348 70140 71880 7 4 1740
349 72000 73320 4 0 1320
350 73440 76440 0 8 3000
351 76560 77220 8 3 660
352 79140 80880 7 4 1740
353 81000 82320 4 0 1320
357 27000 28320 4 0 1320
358 28440 31440 0 8 3000
359 31560 32220 8 3 660
360 33840 34500 3 8 660
361 34620 37620 8 0 3000
362 37740 39060 0 4 1320
363 39180 40920 4 7 1740
364 42840 43500 3 8 660
365 43620 46620 8 0 3000
366 46740 48060 0 4 1320
367 48180 49920 4 7 1740
368 51840 52500 3 8 660
369 52620 55620 8 0 3000
370 55740 57060 0 4 1320
371 57180 58920 4 7 1740
372 60840 61500 3 8 660
373 61620 64620 8 0 3000
374 64740 66060 0 4 1320
375 66180 67920 4 7 1740
376 69840 70500 3 8 660
377 70620 73620 8 0 3000
378 73740 75060 0 4 1320
379 75180 76920 4 7 1740
380 78840 79500 3 8 660
381 79620 82620 8 0 3000
385 28800 31380 0 2 2580
386 33300 35880 2 0 2580
387 36000 39240 0 1 3240
388 40500 43080 2 0 2580
389 43200 46440 0 1 3240
390 47700 50280 2 0 2580
391 50400 53640 0 1 3240
392 54900 57480 2 0 2580
393 57600 60840 0 1 3240
394 62100 64680 2 0 2580
395 64800 68040 0 1 3240
396 69300 71880 2 0 2580
397 72000 75240 0 1 3240
398 76500 79080 2 0 2580
401 28920 30120 2 3 1200
402 30240 30900 3 8 660
403 31020 34620 8 1 3600
404 37260 40860 1 8 3600
405 40980 41640 8 3 660
406 41760 42960 3 2 1200
407 43080 46140 2 6 3060
408 48060 51660 1 8 3600
409 51780 52440 8 3 660
410 52560 53760 3 2 1200
411 53880 56940 2 6 3060
412 58860 62460 1 8 3600
413 62580 63240 8 3 660
414 63360 64560 3 2 1200
415 64680 67740 2 6 3060
416 69660 73260 1 8 3600
417 73380 74040 8 3 660
418 74160 75360 3 2 1200
420 25980 27300 0 4 1320
421 27420 29160 4 7 1740
422 29280 30240 7 5 960
423 30360 33240 5 6 2880
424 35040 37920 6 5 2880
425 38040 39000 5 7 960
426 39120 40860 7 4 1740
427 40980 42300 4 0 1320
428 44040 46920 6 5 2880
429 47040 48000 5 7 960
430 48120 49860 7 4 1740
431 49980 51300 4 0 1320
432 53040 55920 6 5 2880
433 56040 57000 5 7 960
434 57120 58860 7 4 1740
435 58980 60300 4 0 1320
436 62040 64920 6 5 2880
437 65040 66000 5 7 960
438 66120 67860 7 4 1740
439 67980 69300 4 0 1320
440 71040 73920 6 5 2880
441 74040 75000 5 7 960
442 75120 76860 7 4 1740
443 76980 78300 4 0 1320
445 29040 30000 5 7 960
446 30120 31860 7 4 1740
447 31980 33300 4 0 1320
448 34980 36300 0 4 1320
449 36420 38160 4 7 1740
450 38280 39240 7 5 960
451 39360 42240 5 6 2880
452 43980 45300 0 4 1320
453 45420 47160 4 7 1740
454 47280 48240 7 5 960
455 48360 51240 5 6 2880
456 52980 54300 0 4 1320
457 54420 56160 4 7 1740
458 56280 57240 7 5 960
459 57360 60240 5 6 2880
460 61980 63300 0 4 1320
461 63420 65160 4 7 1740
462 65280 66240 7 5 960
463 66360 69240 5 6 2880
464 70980 72300 0 4 1320
465 72420 74160 4 7 1740
466 74280 75240 7 5 960
469 28800 32040 0 1 3240
470 32640 35880 1 0 3240
471 36000 38580 0 2 2580
472 39840 43080 1 0 3240
473 43200 45780 0 2 2580
474 47040 50280 1 0 3240
475 50400 52980 0 2 2580
476 54240 57480 1 0 3240
477 57600 60180 0 2 2580
478 61440 64680 1 0 3240
479 64800 67380 0 2 2580
480 68640 71880 1 0 3240
481 72000 74580 0 2 2580
482 75840 79080 1 0 3240
486 30960 32160 3 2 1200
487 32280 35340 2 6 3060
488 36540 39600 6 2 3060
489 39720 40920 2 3 1200
490 41040 41700 3 8 660
491 41820 45420 8 1 3600
492 47340 50400 6 2 3060
493 50520 51720 2 3 1200
494 51840 52500 3 8 660
495 52620 56220 8 1 3600
496 58140 61200 6 2 3060
497 61320 62520 2 3 1200
498 62640 63300 3 8 660
499 63420 67020 8 1 3600
500 68940 72000 6 2 3060
501 72120 73320 2 3 1200
502 73440 74100 3 8 660
506 30540 31860 0 4 1320
507 31980 33720 4 7 1740
508 35940 37680 7 4 1740
509 37800 39120 4 0 1320
510 39240 42240 0 8 3000
511 42360 43020 8 3 660
512 44940 46680 7 4 1740
513 46800 48120 4 0 1320
514 48240 51240 0 8 3000
515 51360 52020 8 3 660
516 53940 55680 7 4 1740
517 55800 57120 4 0 1320
518 57240 60240 0 8 3000
519 60360 61020 8 3 660
520 62940 64680 7 4 1740
521 64800 66120 4 0 1320
522 66240 69240 0 8 3000
523 69360 70020 8 3 660
524 71940 73680 7 4 1740
525 73800 75120 4 0 1320
526 75240 78240 0 8 3000
528 26940 28680 7 4 1740
529 28800 30120 4 0 1320
530 30240 33240 0 8 3000
531 33360 34020 8 3 660
532 35640 36300 3 8 660
533 36420 39420 8 0 3000
534 39540 40860 0 4 1320
535 40980 42720 4 7 1740
536 44640 45300 3 8 660
537 45420 48420 8 0 3000
538 48540 49860 0 4 1320
539 49980 51720 4 7 1740
540 53640 54300 3 8 660
541 54420 57420 8 0 3000
542 57540 58860 0 4 1320
543 58980 60720 4 7 1740
544 62640 63300 3 8 660
545 63420 66420 8 0 3000
546 66540 67860 0 4 1320
547 67980 69720 4 7 1740
548 71640 72300 3 8 660
549 72420 75420 8 0 3000
550 75540 76860 0 4 1320
551 76980 78720 4 7 1740
553 30600 33180 0 2 2580
554 35100 37680 2 0 2580
555 37800 41040 0 1 3240
556 42300 44880 2 0 2580
557 45000 48240 0 1 3240
558 49500 52080 2 0 2580
559 52200 55440 0 1 3240
560 56700 59280 2 0 2580
561 59400 62640 0 1 3240
562 63900 66480 2 0 2580
563 66600 69840 0 1 3240
564 71100 73680 2 0 2580
565 73800 77040 0 1 3240
566 78300 80880 2 0 2580
568 27300 28260 7 5 960
569 28380 31620 5 2 3240
570 31740 32940 2 3 1200
571 34920 36120 3 2 1200
572 36240 39480 2 5 3240
573 39600 40560 5 7 960
574 42120 43320 3 2 1200
575 43440 46680 2 5 3240
576 46800 47760 5 7 960
577 49320 50520 3 2 1200
578 50640 53880 2 5 3240
579 54000 54960 5 7 960
580 56520 57720 3 2 1200
581 57840 61080 2 5 3240
582 61200 62160 5 7 960
583 63720 64920 3 2 1200
584 65040 68280 2 5 3240
585 68400 69360 5 7 960
586 70920 72120 3 2 1200
587 72240 75480 2 5 3240
588 75600 76560 5 7 960
593 29040 32280 2 5 3240
594 32400 33360 5 7 960
595 34500 35460 7 5 960
596 35580 38820 5 2 3240
597 38940 40140 2 3 1200
598 41700 42660 7 5 960
599 42780 46020 5 2 3240
600 46140 47340 2 3 1200
601 48900 49860 7 5 960
602 49980 53220 5 2 3240
603 53340 54540 2 3 1200
604 56100 57060 7 5 960
605 57180 60420 5 2 3240
606 60540 61740 2 3 1200
607 63300 64260 7 5 960
608 64380 67620 5 2 3240
609 67740 68940 2 3 1200
610 70500 71460 7 5 960
611 71580 74820 5 2 3240
612 74940 76140 2 3 1200
613 77700 78660 7 5 960
616 27780 29100 0 4 1320
617 29220 30960 4 7 1740
618 31080 32040 7 5 960
619 32160 35040 5 6 2880
620 36840 39720 6 5 2880
621 39840 40800 5 7 960
622 40920 42660 7 4 1740
623 42780 44100 4 0 1320
624 45840 48720 6 5 2880
625 48840 49800 5 7 960
626 49920 51660 7 4 1740
627 51780 53100 4 0 1320
628 54840 57720 6 5 2880
629 57840 58800 5 7 960
630 58920 60660 7 4 1740
631 60780 62100 4 0 1320
632 63840 66720 6 5 2880
633 66840 67800 5 7 960
634 67920 69660 7 4 1740
635 69780 71100 4 0 1320
636 72840 75720 6 5 2880
637 75840 76800 5 7 960
638 76920 78660 7 4 1740
639 78780 80100 4 0 1320
641 30840 31800 5 7 960
642 31920 33660 7 4 1740
643 33780 35100 4 0 1320
644 36780 38100 0 4 1320
645 38220 39960 4 7 1740
646 40080 41040 7 5 960
647 41160 44040 5 6 2880
648 45780 47100 0 4 1320
649 47220 48960 4 7 1740
650 49080 50040 7 5 960
651 50160 53040 5 6 2880
652 54780 56100 0 4 1320
653 56220 57960 4 7 1740
654 58080 59040 7 5 960
655 59160 62040 5 6 2880
656 63780 65100 0 4 1320
657 65220 66960 4 7 1740
658 67080 68040 7 5 960
659 68160 71040 5 6 2880
660 72780 74100 0 4 1320
661 74220 75960 4 7 1740
662 76080 77040 7 5 960
665 30600 33840 0 1 3240
666 34440 37680 1 0 3240
667 37800 40380 0 2 2580
668 41640 44880 1 0 3240
669 45000 47580 0 2 2580
670 48840 52080 1 0 3240
671 52200 54780 0 2 2580
672 56040 59280 1 0 3240
673 59400 61980 0 2 2580
674 63240 66480 1 0 3240
675 66600 69180 0 2 2580
676 70440 73680 1 0 3240
677 73800 76380 0 2 2580
678 77640 80880 1 0 3240
682 32340 33660 0 4 1320
683 33780 35520 4 7 1740
684 37740 39480 7 4 1740
685 39600 40920 4 0 1320
686 41040 44040 0 8 3000
687 44160 44820 8 3 660
688 46740 48480 7 4 1740
689 48600 49920 4 0 1320
690 50040 53040 0 8 3000
691 53160 53820 8 3 660
692 55740 57480 7 4 1740
693 57600 58920 4 0 1320
694 59040 62040 0 8 3000
695 62160 62820 8 3 660
696 64740 66480 7 4 1740
697 66600 67920 4 0 1320
698 68040 71040 0 8 3000
699 71160 71820 8 3 660
700 73740 75480 7 4 1740
701 75600 76920 4 0 1320
704 28740 30480 7 4 1740
705 30600 31920 4 0 1320
706 32040 35040 0 8 3000
707 35160 35820 8 3 660
708 37440 38100 3 8 660
709 38220 41220 8 0 3000
710 41340 42660 0 4 1320
711 42780 44520 4 7 1740
712 46440 47100 3 8 660
713 47220 50220 8 0 3000
714 50340 51660 0 4 1320
715 51780 53520 4 7 1740
716 55440 56100 3 8 660
717 56220 59220 8 0 3000
718 59340 60660 0 4 1320
719 60780 62520 4 7 1740
720 64440 65100 3 8 660
721 65220 68220 8 0 3000
722 68340 69660 0 4 1320
723 69780 71520 4 7 1740
724 73440 74100 3 8 660
725 74220 77220 8 0 3000
726 77340 78660 0 4 1320
727 78780 80520 4 7 1740
729 32520 33720 2 3 1200
730 33840 34500 3 8 660
731 34620 38220 8 1 3600
732 40860 44460 1 8 3600
733 44580 45240 8 3 660
734 45360 46560 3 2 1200
735 46680 49740 2 6 3060
736 51660 55260 1 8 3600
737 55380 56040 8 3 660
738 56160 57360 3 2 1200
739 57480 60540 2 6 3060
740 62460 66060 1 8 3600
741 66180 66840 8 3 660
742 66960 68160 3 2 1200
743 68280 71340 2 6 3060
744 73260 76860 1 8 3600
745 76980 77640 8 3 660
748 29580 30900 0 4 1320
749 31020 32760 4 7 1740
750 32880 33840 7 5 960
751 33960 36840 5 6 2880
752 38640 41520 6 5 2880
753 41640 42600 5 7 960
754 42720 44460 7 4 1740
755 44580 45900 4 0 1320
756 47640 50520 6 5 2880
757 50640 51600 5 7 960
758 51720 53460 7 4 1740
759 53580 54900 4 0 1320
760 56640 59520 6 5 2880
761 59640 60600 5 7 960
762 60720 62460 7 4 1740
763 62580 63900 4 0 1320
764 65640 68520 6 5 2880
765 68640 69600 5 7 960
766 69720 71460 7 4 1740
767 71580 72900 4 0 1320
768 74640 77520 6 5 2880
769 77640 78600 5 7 960
770 78720 80460 7 4 1740
771 80580 81900 4 0 1320
773 32640 33600 5 7 960
774 33720 35460 7 4 1740
775 35580 36900 4 0 1320
776 38580 39900 0 4 1320
777 40020 41760 4 7 1740
778 41880 42840 7 5 960
779 42960 45840 5 6 2880
780 47580 48900 0 4 1320
781 49020 50760 4 7 1740
782 50880 51840 7 5 960
783 51960 54840 5 6 2880
784 56580 57900 0 4 1320
785 58020 59760 4 7 1740
786 59880 60840 7 5 960
787 60960 63840 5 6 2880
788 65580 66900 0 4 1320
789 67020 68760 4 7 1740
790 68880 69840 7 5 960
791 69960 72840 5 6 2880
792 74580 75900 0 4 1320
793 76020 77760 4 7 1740
794 77880 78840 7 5 960
796 30060 33660 1 8 3600
797 33780 34440 8 3 660
798 34560 35760 3 2 1200
799 35880 38940 2 6 3060
800 40140 43200 6 2 3060
801 43320 44520 2 3 1200
802 44640 45300 3 8 660
803 45420 49020 8 1 3600
804 50940 54000 6 2 3060
805 54120 55320 2 3 1200
806 55440 56100 3 8 660
807 56220 59820 8 1 3600
808 61740 64800 6 2 3060
809 64920 66120 2 3 1200
810 66240 66900 3 8 660
811 67020 70620 8 1 3600
812 72540 75600 6 2 3060
813 75720 76920 2 3 1200
814 77040 77700 3 8 660
817 31020 34020 8 0 3000
818 34140 35460 0 4 1320
819 35580 37320 4 7 1740
820 39540 41280 7 4 1740
821 41400 42720 4 0 1320
822 42840 45840 0 8 3000
823 45960 46620 8 3 660
824 48540 50280 7 4 1740
825 50400 51720 4 0 1320
826 51840 54840 0 8 3000
827 54960 55620 8 3 660
828 57540 59280 7 4 1740
829 59400 60720 4 0 1320
830 60840 63840 0 8 3000
831 63960 64620 8 3 660
832 66540 68280 7 4 1740
833 68400 69720 4 0 1320
834 69840 72840 0 8 3000
835 72960 73620 8 3 660
836 75540 77280 7 4 1740
837 77400 78720 4 0 1320
840 30540 32280 7 4 1740
841 32400 33720 4 0 1320
842 33840 36840 0 8 3000
843 36960 37620 8 3 660
844 39240 39900 3 8 660
845 40020 43020 8 0 3000
846 43140 44460 0 4 1320
847 44580 46320 4 7 1740
848 48240 48900 3 8 660
849 49020 52020 8 0 3000
850 52140 53460 0 4 1320
851 53580 55320 4 7 1740
852 57240 57900 3 8 660
853 58020 61020 8 0 3000
854 61140 62460 0 4 1320
855 62580 64320 4 7 1740
856 66240 66900 3 8 660
857 67020 70020 8 0 3000
858 70140 71460 0 4 1320
859 71580 73320 4 7 1740
860 75240 75900 3 8 660
861 76020 79020 8 0 3000
862 79140 80460 0 4 1320
