0 25740 28920 7 10 3180
1 29040 31980 10 11 2940
2 33420 36360 11 10 2940
3 36480 39660 10 7 3180
4 39780 42060 7 4 2280
5 42180 43560 4 3 1380
6 44220 47160 11 10 2940
7 47280 50460 10 7 3180
8 50580 52860 7 4 2280
9 52980 54360 4 3 1380
10 55020 57960 11 10 2940
11 58080 61260 10 7 3180
12 61380 63660 7 4 2280
13 63780 65160 4 3 1380
14 65820 68760 11 10 2940
15 68880 72060 10 7 3180
16 72180 74460 7 4 2280
17 74580 75960 4 3 1380
18 76620 79560 11 10 2940
19 79680 82860 10 7 3180
20 24180 25920 7 2 1740
21 26040 27120 2 0 1080
22 29520 30600 0 2 1080
23 30720 32460 2 7 1740
24 32580 34860 7 4 2280
25 36720 37800 0 2 1080
26 37920 39660 2 7 1740
27 39780 42060 7 4 2280
28 43920 45000 0 2 1080
29 45120 46860 2 7 1740
30 46980 49260 7 4 2280
31 51120 52200 0 2 1080
32 52320 54060 2 7 1740
33 54180 56460 7 4 2280
34 58320 59400 0 2 1080
35 59520 61260 2 7 1740
36 61380 63660 7 4 2280
37 65520 66600 0 2 1080
38 66720 68460 2 7 1740
39 68580 70860 7 4 2280
40 72720 73800 0 2 1080
41 73920 75660 2 7 1740
42 24960 27000 7 0 2040
43 27120 28440 0 8 1320
44 31800 33120 8 0 1320
45 33240 35280 0 7 2040
46 35400 37080 7 5 1680
47 37200 38100 5 3 900
48 39000 40320 8 0 1320
49 40440 42480 0 7 2040
50 42600 44280 7 5 1680
51 44400 45300 5 3 900
52 46200 47520 8 0 1320
53 47640 49680 0 7 2040
54 49800 51480 7 5 1680
55 51600 52500 5 3 900
56 53400 54720 8 0 1320
57 54840 56880 0 7 2040
58 57000 58680 7 5 1680
59 58800 59700 5 3 900
60 60600 61920 8 0 1320
61 62040 64080 0 7 2040
62 64200 65880 7 5 1680
63 66000 66900 5 3 900
64 67800 69120 8 0 1320
65 69240 71280 0 7 2040
66 71400 73080 7 5 1680
67 73200 74100 5 3 900
68 75000 76320 8 0 1320
69 76440 78480 0 7 2040
70 78600 80280 7 5 1680
71 26940 29160 2 5 2220
72 31140 33360 5 2 2220
73 33480 34560 2 0 1080
74 34680 36960 0 1 2280
75 37080 38040 1 10 960
76 41940 44160 5 2 2220
77 44280 45360 2 0 1080
78 45480 47760 0 1 2280
79 47880 48840 1 10 960
80 52740 54960 5 2 2220
81 55080 56160 2 0 1080
82 56280 58560 0 1 2280
83 58680 59640 1 10 960
84 63540 65760 5 2 2220
85 65880 66960 2 0 1080
86 67080 69360 0 1 2280
87 69480 70440 1 10 960
88 74340 76560 5 2 2220
89 76680 77760 2 0 1080
90 77880 80160 0 1 2280
91 80280 81240 1 10 960
92 25380 27660 7 4 2280
93 28980 31260 4 7 2280
94 31380 33120 7 2 1740
95 33240 34320 2 0 1080
96 36180 38460 4 7 2280
97 38580 40320 7 2 1740
98 40440 41520 2 0 1080
99 43380 45660 4 7 2280
100 45780 47520 7 2 1740
101 47640 48720 2 0 1080
102 50580 52860 4 7 2280
103 52980 54720 7 2 1740
104 54840 55920 2 0 1080
105 57780 60060 4 7 2280
106 60180 61920 7 2 1740
107 62040 63120 2 0 1080
108 64980 67260 4 7 2280
109 67380 69120 7 2 1740
110 69240 70320 2 0 1080
111 72180 74460 4 7 2280
112 74580 76320 7 2 1740
113 76440 77520 2 0 1080
114 37680 39960 6 1 2280
115 40080 42360 1 0 2280
116 42480 43560 0 2 1080
117 45240 48360 9 6 3120
118 48480 50760 6 1 2280
119 50880 53160 1 0 2280
120 53280 54360 0 2 1080
121 56040 59160 9 6 3120
122 59280 61560 6 1 2280
123 61680 63960 1 0 2280
124 64080 65160 0 2 1080
125 66840 69960 9 6 3120
126 70080 72360 6 1 2280
127 72480 74760 1 0 2280
128 74880 75960 0 2 1080
129 77640 80760 9 6 3120
130 80880 83160 6 1 2280
131 28980 31260 7 4 2280
132 31380 32760 4 3 1380
133 36120 37500 3 4 1380
134 37740 40020 4 7 2280
135 40140 43320 7 10 3180
136 43440 46380 10 11 2940
137 50520 51900 3 4 1380
138 52140 54420 4 7 2280
139 54540 57720 7 10 3180
140 57840 60780 10 11 2940
141 64920 66300 3 4 1380
142 66540 68820 4 7 2280
143 68940 72120 7 10 3180
144 72240 75180 10 11 2940
145 25680 28860 7 10 3180
146 28980 29940 10 1 960
147 30060 32340 1 6 2280
148 32460 35580 6 9 3120
149 38880 42000 9 6 3120
150 42120 44400 6 1 2280
151 44520 45480 1 10 960
152 45600 48780 10 7 3180
153 48900 50580 7 5 1680
154 50700 51600 5 3 900
155 53280 56400 9 6 3120
156 56520 58800 6 1 2280
157 58920 59880 1 10 960
158 60000 63180 10 7 3180
159 63300 64980 7 5 1680
160 65100 66000 5 3 900
161 67680 70800 9 6 3120
162 70920 73200 6 1 2280
163 73320 74280 1 10 960
164 74400 77580 10 7 3180
165 77700 79380 7 5 1680
166 31680 32760 0 2 1080
167 36840 37920 2 0 1080
168 38040 40320 0 1 2280
169 40440 42720 1 6 2280
170 42840 45960 6 9 3120
171 47640 48720 2 0 1080
172 48840 51120 0 1 2280
173 51240 53520 1 6 2280
174 53640 56760 6 9 3120
175 58440 59520 2 0 1080
176 59640 61920 0 1 2280
177 62040 64320 1 6 2280
178 64440 67560 6 9 3120
179 69240 70320 2 0 1080
180 70440 72720 0 1 2280
181 72840 75120 1 6 2280
182 34860 37140 6 1 2280
183 37260 38700 1 8 1440
184 39540 41940 11 6 2400
185 42060 44340 6 1 2280
186 44460 45900 1 8 1440
187 46740 49140 11 6 2400
188 49260 51540 6 1 2280
189 51660 53100 1 8 1440
190 53940 56340 11 6 2400
191 56460 58740 6 1 2280
192 58860 60300 1 8 1440
193 61140 63540 11 6 2400
194 63660 65940 6 1 2280
195 66060 67500 1 8 1440
196 68340 70740 11 6 2400
197 70860 73140 6 1 2280
198 73260 74700 1 8 1440
199 75540 77940 11 6 2400
200 78060 80340 6 1 2280
201 80460 81900 1 8 1440
202 29460 30780 8 0 1320
203 31620 32940 0 8 1320
204 33060 34500 8 1 1440
205 34620 35580 1 10 960
206 35700 38640 10 11 2940
207 42420 43740 0 8 1320
208 43860 45300 8 1 1440
209 45420 46380 1 10 960
210 46500 49440 10 11 2940
211 53220 54540 0 8 1320
212 54660 56100 8 1 1440
213 56220 57180 1 10 960
214 57300 60240 10 11 2940
215 64020 65340 0 8 1320
216 65460 66900 8 1 1440
217 67020 67980 1 10 960
218 68100 71040 10 11 2940
219 74820 76140 0 8 1320
220 76260 77700 8 1 1440
221 77820 78780 1 10 960
222 78900 81840 10 11 2940
223 33060 34020 10 1 960
224 34140 36420 1 0 2280
225 36540 37620 0 2 1080
226 37740 39960 2 5 2220
227 43860 44820 10 1 960
228 44940 47220 1 0 2280
229 47340 48420 0 2 1080
230 48540 50760 2 5 2220
231 54660 55620 10 1 960
232 55740 58020 1 0 2280
233 58140 59220 0 2 1080
234 59340 61560 2 5 2220
235 65460 66420 10 1 960
236 66540 68820 1 0 2280
237 68940 70020 0 2 1080
238 70140 72360 2 5 2220
239 76260 77220 10 1 960
240 77340 79620 1 0 2280
241 79740 80820 0 2 1080
242 34560 37500 11 10 2940
243 37620 38580 10 1 960
244 38700 40140 1 8 1440
245 40260 41580 8 0 1320
246 45360 48300 11 10 2940
247 48420 49380 10 1 960
248 49500 50940 1 8 1440
249 51060 52380 8 0 1320
250 56160 59100 11 10 2940
251 59220 60180 10 1 960
252 60300 61740 1 8 1440
253 61860 63180 8 0 1320
254 66960 69900 11 10 2940
255 70020 70980 10 1 960
256 71100 72540 1 8 1440
257 72660 73980 8 0 1320
258 77760 80700 11 10 2940
259 80820 81780 10 1 960
260 31860 33240 4 3 1380
261 33360 34260 3 5 900
262 34380 36600 5 2 2220
263 39060 40440 4 3 1380
264 40560 41460 3 5 900
265 41580 43800 5 2 2220
266 46260 47640 4 3 1380
267 47760 48660 3 5 900
268 48780 51000 5 2 2220
269 53460 54840 4 3 1380
270 54960 55860 3 5 900
271 55980 58200 5 2 2220
272 60660 62040 4 3 1380
273 62160 63060 3 5 900
274 63180 65400 5 2 2220
275 67860 69240 4 3 1380
276 69360 70260 3 5 900
277 70380 72600 5 2 2220
278 75060 76440 4 3 1380
279 76560 77460 3 5 900
280 77580 79800 5 2 2220
281 31200 34380 10 7 3180
282 34500 36180 7 5 1680
283 36300 37200 5 3 900
284 40860 41760 3 5 900
285 41880 43560 5 7 1680
286 43680 46860 7 10 3180
287 46980 47940 10 1 960
288 48060 50340 1 6 2280
289 50460 53580 6 9 3120
290 55260 56160 3 5 900
291 56280 57960 5 7 1680
292 58080 61260 7 10 3180
293 61380 62340 10 1 960
294 62460 64740 1 6 2280
295 64860 67980 6 9 3120
296 69660 70560 3 5 900
297 70680 72360 5 7 1680
298 72480 75660 7 10 3180
299 75780 76740 10 1 960
300 76860 79140 1 6 2280
301 28200 29880 7 5 1680
302 30000 30900 5 3 900
303 32940 33840 3 5 900
304 33960 35640 5 7 1680
305 35760 37800 7 0 2040
306 37920 39240 0 8 1320
307 40140 41040 3 5 900
308 41160 42840 5 7 1680
309 42960 45000 7 0 2040
310 45120 46440 0 8 1320
311 47340 48240 3 5 900
312 48360 50040 5 7 1680
313 50160 52200 7 0 2040
314 52320 53640 0 8 1320
315 54540 55440 3 5 900
316 55560 57240 5 7 1680
317 57360 59400 7 0 2040
318 59520 60840 0 8 1320
319 61740 62640 3 5 900
320 62760 64440 5 7 1680
321 64560 66600 7 0 2040
322 66720 68040 0 8 1320
323 68940 69840 3 5 900
324 69960 71640 5 7 1680
325 71760 73800 7 0 2040
326 73920 75240 0 8 1320
327 76140 77040 3 5 900
328 77160 78840 5 7 1680
329 78960 81000 7 0 2040
330 81120 82440 0 8 1320
331 31620 33840 2 5 2220
332 33960 34860 5 3 900
333 34980 36360 3 4 1380
334 38820 41040 2 5 2220
335 41160 42060 5 3 900
336 42180 43560 3 4 1380
337 46020 48240 2 5 2220
338 48360 49260 5 3 900
339 49380 50760 3 4 1380
340 53220 55440 2 5 2220
341 55560 56460 5 3 900
342 56580 57960 3 4 1380
343 60420 62640 2 5 2220
344 62760 63660 5 3 900
345 63780 65160 3 4 1380
346 67620 69840 2 5 2220
347 69960 70860 5 3 900
348 70980 72360 3 4 1380
349 74820 77040 2 5 2220
350 34500 35940 8 1 1440
351 36060 38340 1 6 2280
352 38460 40860 6 11 2400
353 41700 43140 8 1 1440
354 43260 45540 1 6 2280
355 45660 48060 6 11 2400
356 48900 50340 8 1 1440
357 50460 52740 1 6 2280
358 52860 55260 6 11 2400
359 56100 57540 8 1 1440
360 57660 59940 1 6 2280
361 60060 62460 6 11 2400
362 63300 64740 8 1 1440
363 64860 67140 1 6 2280
364 67260 69660 6 11 2400
365 70500 71940 8 1 1440
366 72060 74340 1 6 2280
367 74460 76860 6 11 2400
368 77700 79140 8 1 1440
369 79260 81540 1 6 2280
370 81660 84060 6 11 2400
371 29340 32520 7 10 3180
372 32640 35580 10 11 2940
373 37020 39960 11 10 2940
374 40080 43260 10 7 3180
375 43380 45660 7 4 2280
376 45780 47160 4 3 1380
377 47820 50760 11 10 2940
378 50880 54060 10 7 3180
379 54180 56460 7 4 2280
380 56580 57960 4 3 1380
381 58620 61560 11 10 2940
382 61680 64860 10 7 3180
383 64980 67260 7 4 2280
384 67380 68760 4 3 1380
385 69420 72360 11 10 2940
386 72480 75660 10 7 3180
387 27780 29520 7 2 1740
388 29640 30720 2 0 1080
389 33120 34200 0 2 1080
390 34320 36060 2 7 1740
391 36180 38460 7 4 2280
392 40320 41400 0 2 1080
393 41520 43260 2 7 1740
394 43380 45660 7 4 2280
395 47520 48600 0 2 1080
396 48720 50460 2 7 1740
397 50580 52860 7 4 2280
398 54720 55800 0 2 1080
399 55920 57660 2 7 1740
400 57780 60060 7 4 2280
401 61920 63000 0 2 1080
402 63120 64860 2 7 1740
403 64980 67260 7 4 2280
404 69120 70200 0 2 1080
405 70320 72060 2 7 1740
406 72180 74460 7 4 2280
407 76320 77400 0 2 1080
408 77520 79260 2 7 1740
409 28560 30600 7 0 2040
410 30720 32040 0 8 1320
411 35400 36720 8 0 1320
412 36840 38880 0 7 2040
413 39000 40680 7 5 1680
414 40800 41700 5 3 900
415 42600 43920 8 0 1320
416 44040 46080 0 7 2040
417 46200 47880 7 5 1680
418 48000 48900 5 3 900
419 49800 51120 8 0 1320
420 51240 53280 0 7 2040
421 53400 55080 7 5 1680
422 55200 56100 5 3 900
423 57000 58320 8 0 1320
424 58440 60480 0 7 2040
425 60600 62280 7 5 1680
426 62400 63300 5 3 900
427 64200 65520 8 0 1320
428 65640 67680 0 7 2040
429 67800 69480 7 5 1680
430 69600 70500 5 3 900
431 71400 72720 8 0 1320
432 72840 74880 0 7 2040
433 75000 76680 7 5 1680
434 78600 79920 8 0 1320
435 80040 82080 0 7 2040
436 29340 30420 0 2 1080
437 30540 32760 2 5 2220
438 34740 36960 5 2 2220
439 37080 38160 2 0 1080
440 38280 40560 0 1 2280
441 40680 41640 1 10 960
442 45540 47760 5 2 2220
443 47880 48960 2 0 1080
444 49080 51360 0 1 2280
445 51480 52440 1 10 960
446 56340 58560 5 2 2220
447 58680 59760 2 0 1080
448 59880 62160 0 1 2280
449 62280 63240 1 10 960
450 67140 69360 5 2 2220
451 69480 70560 2 0 1080
452 70680 72960 0 1 2280
453 73080 74040 1 10 960
454 77940 80160 5 2 2220
455 80280 81360 2 0 1080
456 81480 83760 0 1 2280
457 83880 84840 1 10 960
458 27120 28860 2 7 1740
459 28980 31260 7 4 2280
460 32580 34860 4 7 2280
461 34980 36720 7 2 1740
462 36840 37920 2 0 1080
463 39780 42060 4 7 2280
464 42180 43920 7 2 1740
465 44040 45120 2 0 1080
466 46980 49260 4 7 2280
467 49380 51120 7 2 1740
468 51240 52320 2 0 1080
469 54180 56460 4 7 2280
470 56580 58320 7 2 1740
471 58440 59520 2 0 1080
472 61380 63660 4 7 2280
473 63780 65520 7 2 1740
474 65640 66720 2 0 1080
475 68580 70860 4 7 2280
476 70980 72720 7 2 1740
477 72840 73920 2 0 1080
478 75780 78060 4 7 2280
479 78180 79920 7 2 1740
480 80040 81120 2 0 1080
481 38040 41160 9 6 3120
482 41280 43560 6 1 2280
483 43680 45960 1 0 2280
484 46080 47160 0 2 1080
485 48840 51960 9 6 3120
486 52080 54360 6 1 2280
487 54480 56760 1 0 2280
488 56880 57960 0 2 1080
489 59640 62760 9 6 3120
490 62880 65160 6 1 2280
491 65280 67560 1 0 2280
492 67680 68760 0 2 1080
493 70440 73560 9 6 3120
494 73680 75960 6 1 2280
495 76080 78360 1 0 2280
496 78480 79560 0 2 1080
497 32580 34860 7 4 2280
498 34980 36360 4 3 1380
499 39720 41100 3 4 1380
500 41340 43620 4 7 2280
501 43740 46920 7 10 3180
502 47040 49980 10 11 2940
503 54120 55500 3 4 1380
504 55740 58020 4 7 2280
505 58140 61320 7 10 3180
506 61440 64380 10 11 2940
507 68520 69900 3 4 1380
508 70140 72420 4 7 2280
509 72540 75720 7 10 3180
510 29280 32460 7 10 3180
511 32580 33540 10 1 960
512 33660 35940 1 6 2280
513 36060 39180 6 9 3120
514 42480 45600 9 6 3120
515 45720 48000 6 1 2280
516 48120 49080 1 10 960
517 49200 52380 10 7 3180
518 52500 54180 7 5 1680
519 54300 55200 5 3 900
520 56880 60000 9 6 3120
521 60120 62400 6 1 2280
522 62520 63480 1 10 960
523 63600 66780 10 7 3180
524 66900 68580 7 5 1680
525 68700 69600 5 3 900
526 71280 74400 9 6 3120
527 74520 76800 6 1 2280
528 76920 77880 1 10 960
529 78000 81180 10 7 3180
530 32880 35160 1 0 2280
531 35280 36360 0 2 1080
532 40440 41520 2 0 1080
533 41640 43920 0 1 2280
534 44040 46320 1 6 2280
535 46440 49560 6 9 3120
536 51240 52320 2 0 1080
537 52440 54720 0 1 2280
538 54840 57120 1 6 2280
539 57240 60360 6 9 3120
540 62040 63120 2 0 1080
541 63240 65520 0 1 2280
542 65640 67920 1 6 2280
543 68040 71160 6 9 3120
544 72840 73920 2 0 1080
545 74040 76320 0 1 2280
546 76440 78720 1 6 2280
547 35940 38340 11 6 2400
548 38460 40740 6 1 2280
549 40860 42300 1 8 1440
550 43140 45540 11 6 2400
551 45660 47940 6 1 2280
552 48060 49500 1 8 1440
553 50340 52740 11 6 2400
554 52860 55140 6 1 2280
555 55260 56700 1 8 1440
556 57540 59940 11 6 2400
557 60060 62340 6 1 2280
558 62460 63900 1 8 1440
559 64740 67140 11 6 2400
560 67260 69540 6 1 2280
561 69660 71100 1 8 1440
562 71940 74340 11 6 2400
563 74460 76740 6 1 2280
564 76860 78300 1 8 1440
565 79140 81540 11 6 2400
566 81660 83940 6 1 2280
567 30420 31380 10 1 960
568 31500 32940 1 8 1440
569 33060 34380 8 0 1320
570 35220 36540 0 8 1320
571 36660 38100 8 1 1440
572 38220 39180 1 10 960
573 39300 42240 10 11 2940
574 46020 47340 0 8 1320
575 47460 48900 8 1 1440
576 49020 49980 1 10 960
577 50100 53040 10 11 2940
578 56820 58140 0 8 1320
579 58260 59700 8 1 1440
580 59820 60780 1 10 960
581 60900 63840 10 11 2940
582 67620 68940 0 8 1320
583 69060 70500 8 1 1440
584 70620 71580 1 10 960
585 71700 74640 10 11 2940
586 78420 79740 0 8 1320
587 79860 81300 8 1 1440
588 81420 82380 1 10 960
589 82500 85440 10 11 2940
590 29880 30960 2 0 1080
591 31080 33360 0 1 2280
592 33480 34440 1 10 960
593 36660 37620 10 1 960
594 37740 40020 1 0 2280
595 40140 41220 0 2 1080
596 41340 43560 2 5 2220
597 47460 48420 10 1 960
598 48540 50820 1 0 2280
599 50940 52020 0 2 1080
600 52140 54360 2 5 2220
601 58260 59220 10 1 960
602 59340 61620 1 0 2280
603 61740 62820 0 2 1080
604 62940 65160 2 5 2220
605 69060 70020 10 1 960
606 70140 72420 1 0 2280
607 72540 73620 0 2 1080
608 73740 75960 2 5 2220
609 28020 29340 0 8 1320
610 29460 30900 8 1 1440
611 31020 31980 1 10 960
612 32100 35040 10 11 2940
613 38160 41100 11 10 2940
614 41220 42180 10 1 960
615 42300 43740 1 8 1440
616 43860 45180 8 0 1320
617 48960 51900 11 10 2940
618 52020 52980 10 1 960
619 53100 54540 1 8 1440
620 54660 55980 8 0 1320
621 59760 62700 11 10 2940
622 62820 63780 10 1 960
623 63900 65340 1 8 1440
624 65460 66780 8 0 1320
625 70560 73500 11 10 2940
626 73620 74580 10 1 960
627 74700 76140 1 8 1440
628 76260 77580 8 0 1320
629 28020 30240 2 5 2220
630 30360 31260 5 3 900
631 31380 32760 3 4 1380
632 35460 36840 4 3 1380
633 36960 37860 3 5 900
634 37980 40200 5 2 2220
635 42660 44040 4 3 1380
636 44160 45060 3 5 900
637 45180 47400 5 2 2220
638 49860 51240 4 3 1380
639 51360 52260 3 5 900
640 52380 54600 5 2 2220
641 57060 58440 4 3 1380
642 58560 59460 3 5 900
643 59580 61800 5 2 2220
644 64260 65640 4 3 1380
645 65760 66660 3 5 900
646 66780 69000 5 2 2220
647 71460 72840 4 3 1380
648 72960 73860 3 5 900
649 73980 76200 5 2 2220
650 33720 34680 1 10 960
651 34800 37980 10 7 3180
652 38100 39780 7 5 1680
653 39900 40800 5 3 900
654 44460 45360 3 5 900
655 45480 47160 5 7 1680
656 47280 50460 7 10 3180
657 50580 51540 10 1 960
658 51660 53940 1 6 2280
659 54060 57180 6 9 3120
660 58860 59760 3 5 900
661 59880 61560 5 7 1680
662 61680 64860 7 10 3180
663 64980 65940 10 1 960
664 66060 68340 1 6 2280
665 68460 71580 6 9 3120
666 73260 74160 3 5 900
667 74280 75960 5 7 1680
668 76080 79260 7 10 3180
669 79380 80340 10 1 960
670 29640 31680 0 7 2040
671 31800 33480 7 5 1680
672 33600 34500 5 3 900
673 36540 37440 3 5 900
674 37560 39240 5 7 1680
675 39360 41400 7 0 2040
676 41520 42840 0 8 1320
677 43740 44640 3 5 900
678 44760 46440 5 7 1680
679 46560 48600 7 0 2040
680 48720 50040 0 8 1320
681 50940 51840 3 5 900
682 51960 53640 5 7 1680
683 53760 55800 7 0 2040
684 55920 57240 0 8 1320
685 58140 59040 3 5 900
686 59160 60840 5 7 1680
687 60960 63000 7 0 2040
688 63120 64440 0 8 1320
689 65340 66240 3 5 900
690 66360 68040 5 7 1680
691 68160 70200 7 0 2040
692 70320 71640 0 8 1320
693 72540 73440 3 5 900
694 73560 75240 5 7 1680
695 75360 77400 7 0 2040
696 77520 78840 0 8 1320
697 28260 29640 4 3 1380
698 29760 30660 3 5 900
699 30780 33000 5 2 2220
700 35220 37440 2 5 2220
701 37560 38460 5 3 900
702 38580 39960 3 4 1380
703 42420 44640 2 5 2220
704 44760 45660 5 3 900
705 45780 47160 3 4 1380
706 49620 51840 2 5 2220
707 51960 52860 5 3 900
708 52980 54360 3 4 1380
709 56820 59040 2 5 2220
710 59160 60060 5 3 900
711 60180 61560 3 4 1380
712 64020 66240 2 5 2220
713 66360 67260 5 3 900
714 67380 68760 3 4 1380
715 71220 73440 2 5 2220
716 73560 74460 5 3 900
717 74580 75960 3 4 1380
718 78420 80640 2 5 2220
719 33660 35100 1 8 1440
720 38100 39540 8 1 1440
721 39660 41940 1 6 2280
722 42060 44460 6 11 2400
723 45300 46740 8 1 1440
724 46860 49140 1 6 2280
725 49260 51660 6 11 2400
726 52500 53940 8 1 1440
727 54060 56340 1 6 2280
728 56460 58860 6 11 2400
729 59700 61140 8 1 1440
730 61260 63540 1 6 2280
731 63660 66060 6 11 2400
732 66900 68340 8 1 1440
733 68460 70740 1 6 2280
734 70860 73260 6 11 2400
735 74100 75540 8 1 1440
736 75660 77940 1 6 2280
737 78060 80460 6 11 2400
738 30540 32820 4 7 2280
739 32940 36120 7 10 3180
740 36240 39180 10 11 2940
741 40620 43560 11 10 2940
742 43680 46860 10 7 3180
743 46980 49260 7 4 2280
744 49380 50760 4 3 1380
745 51420 54360 11 10 2940
746 54480 57660 10 7 3180
747 57780 60060 7 4 2280
748 60180 61560 4 3 1380
749 62220 65160 11 10 2940
750 65280 68460 10 7 3180
751 68580 70860 7 4 2280
752 70980 72360 4 3 1380
753 73020 75960 11 10 2940
754 76080 79260 10 7 3180
755 30360 32040 5 7 1680
756 32160 34200 7 0 2040
757 34320 35640 0 8 1320
758 39000 40320 8 0 1320
759 40440 42480 0 7 2040
760 42600 44280 7 5 1680
761 44400 45300 5 3 900
762 29460 30420 10 1 960
763 30540 32820 1 0 2280
764 32940 34020 0 2 1080
765 34140 36360 2 5 2220
766 38340 40560 5 2 2220
767 40680 41760 2 0 1080
768 41880 44160 0 1 2280
769 44280 45240 1 10 960
770 49140 51360 5 2 2220
771 51480 52560 2 0 1080
772 52680 54960 0 1 2280
773 55080 56040 1 10 960
774 59940 62160 5 2 2220
775 62280 63360 2 0 1080
776 63480 65760 0 1 2280
777 65880 66840 1 10 960
778 70740 72960 5 2 2220
779 73080 74160 2 0 1080
780 74280 76560 0 1 2280
781 76680 77640 1 10 960
782 29640 30720 2 0 1080
783 30840 33120 0 1 2280
784 33240 35520 1 6 2280
785 35640 38760 6 9 3120
786 41640 44760 9 6 3120
787 44880 47160 6 1 2280
788 47280 49560 1 0 2280
789 49680 50760 0 2 1080
790 52440 55560 9 6 3120
791 55680 57960 6 1 2280
792 58080 60360 1 0 2280
793 60480 61560 0 2 1080
794 63240 66360 9 6 3120
795 66480 68760 6 1 2280
796 68880 71160 1 0 2280
797 71280 72360 0 2 1080
798 74040 77160 9 6 3120
799 77280 79560 6 1 2280
800 79680 81960 1 0 2280
801 82080 83160 0 2 1080
802 32880 36060 10 7 3180
803 36180 38460 7 4 2280
804 38580 39960 4 3 1380
805 43320 44700 3 4 1380
806 44940 47220 4 7 2280
807 47340 50520 7 10 3180
808 50640 53580 10 11 2940
809 57720 59100 3 4 1380
810 59340 61620 4 7 2280
811 61740 64920 7 10 3180
812 65040 67980 10 11 2940
813 72120 73500 3 4 1380
814 73740 76020 4 7 2280
815 76140 79320 7 10 3180
816 79440 82380 10 11 2940
817 31080 32760 5 7 1680
818 32880 36060 7 10 3180
819 36180 37140 10 1 960
820 37260 39540 1 6 2280
821 39660 42780 6 9 3120
822 46080 49200 9 6 3120
823 49320 51600 6 1 2280
824 51720 52680 1 10 960
825 52800 55980 10 7 3180
826 56100 57780 7 5 1680
827 57900 58800 5 3 900
828 60480 63600 9 6 3120
829 63720 66000 6 1 2280
830 66120 67080 1 10 960
831 67200 70380 10 7 3180
832 70500 72180 7 5 1680
833 72300 73200 5 3 900
834 74880 78000 9 6 3120
835 78120 80400 6 1 2280
836 80520 81480 1 10 960
837 81600 84780 10 7 3180
838 34080 36360 6 1 2280
839 36480 38760 1 0 2280
840 38880 39960 0 2 1080
841 44040 45120 2 0 1080
842 45240 47520 0 1 2280
843 47640 49920 1 6 2280
844 50040 53160 6 9 3120
845 54840 55920 2 0 1080
846 56040 58320 0 1 2280
847 58440 60720 1 6 2280
848 60840 63960 6 9 3120
849 65640 66720 2 0 1080
850 66840 69120 0 1 2280
851 69240 71520 1 6 2280
852 71640 74760 6 9 3120
853 76440 77520 2 0 1080
854 77640 79920 0 1 2280
855 30900 32340 8 1 1440
856 32460 34740 1 6 2280
857 34860 37260 6 11 2400
858 39540 41940 11 6 2400
859 42060 44340 6 1 2280
860 44460 45900 1 8 1440
861 34020 34980 10 1 960
862 35100 36540 1 8 1440
863 36660 37980 8 0 1320
864 38820 40140 0 8 1320
865 40260 41700 8 1 1440
866 41820 42780 1 10 960
867 42900 45840 10 11 2940
868 49620 50940 0 8 1320
869 51060 52500 8 1 1440
870 52620 53580 1 10 960
871 53700 56640 10 11 2940
872 60420 61740 0 8 1320
873 61860 63300 8 1 1440
874 63420 64380 1 10 960
875 64500 67440 10 11 2940
876 71220 72540 0 8 1320
877 72660 74100 8 1 1440
878 74220 75180 1 10 960
879 75300 78240 10 11 2940
880 34920 37200 6 1 2280
881 37320 38280 1 10 960
882 38400 41580 10 7 3180
883 41700 43380 7 5 1680
884 43500 44400 5 3 900
885 48060 48960 3 5 900
886 49080 50760 5 7 1680
887 50880 54060 7 10 3180
888 54180 55140 10 1 960
889 55260 57540 1 6 2280
890 57660 60780 6 9 3120
891 62460 63360 3 5 900
892 63480 65160 5 7 1680
893 65280 68460 7 10 3180
894 68580 69540 10 1 960
895 69660 71940 1 6 2280
896 72060 75180 6 9 3120
897 76860 77760 3 5 900
898 77880 79560 5 7 1680
899 79680 82860 7 10 3180
900 82980 83940 10 1 960
901 32520 33900 3 4 1380
902 34140 36420 4 7 2280
903 36540 39720 7 10 3180
904 39840 42780 10 11 2940
905 44220 47160 11 10 2940
906 47280 50460 10 7 3180
907 50580 52860 7 4 2280
908 52980 54360 4 3 1380
909 33240 34320 2 0 1080
910 34440 36720 0 1 2280
911 36840 39120 1 6 2280
912 39240 42360 6 9 3120
913 45240 48360 9 6 3120
914 48480 50760 6 1 2280
915 50880 53160 1 0 2280
916 53280 54360 0 2 1080
917 33660 34560 3 5 900
918 34680 36360 5 7 1680
919 36480 39660 7 10 3180
920 39780 40740 10 1 960
921 40860 43140 1 6 2280
922 43260 46380 6 9 3120
923 49680 52800 9 6 3120
924 52920 55200 6 1 2280
925 55320 56280 1 10 960
926 56400 59580 10 7 3180
927 59700 61380 7 5 1680
928 61500 62400 5 3 900
929 64080 67200 9 6 3120
930 67320 69600 6 1 2280
931 69720 70680 1 10 960
932 70800 73980 10 7 3180
933 74100 75780 7 5 1680
934 78480 81600 9 6 3120
935 81720 84000 6 1 2280
936 84120 85080 1 10 960
937 85200 88380 10 7 3180
938 38520 40800 6 1 2280
939 40920 41880 1 10 960
940 42000 45180 10 7 3180
941 45300 46980 7 5 1680
942 47100 48000 5 3 900
943 51660 52560 3 5 900
944 52680 54360 5 7 1680
945 54480 57660 7 10 3180
946 57780 58740 10 1 960
947 58860 61140 1 6 2280
948 61260 64380 6 9 3120
949 66060 66960 3 5 900
950 67080 68760 5 7 1680
951 68880 72060 7 10 3180
952 72180 73140 10 1 960
953 73260 75540 1 6 2280
954 37260 38160 3 5 900
955 38280 39960 5 7 1680
956 40080 43260 7 10 3180
957 43380 44340 10 1 960
958 44460 46740 1 6 2280
959 46860 49980 6 9 3120
960 53280 56400 9 6 3120
961 56520 58800 6 1 2280
962 58920 59880 1 10 960
963 60000 63180 10 7 3180
964 63300 64980 7 5 1680
965 65100 66000 5 3 900
966 40260 41220 10 1 960
967 41340 43620 1 0 2280
968 43740 44820 0 2 1080
969 44940 47160 2 5 2220
970 49140 51360 5 2 2220
971 51480 52560 2 0 1080
972 52680 54960 0 1 2280
973 55080 56040 1 10 960
974 41760 44700 11 10 2940
975 44820 45780 10 1 960
976 45900 47340 1 8 1440
977 47460 48780 8 0 1320
978 49620 50940 0 8 1320
979 51060 52500 8 1 1440
980 52620 53580 1 10 960
981 53700 56640 10 11 2940
982 46920 48300 3 4 1380
983 48540 50820 4 7 2280
984 50940 54120 7 10 3180
985 54240 57180 10 11 2940
986 58620 61560 11 10 2940
987 61680 64860 10 7 3180
988 64980 67260 7 4 2280
989 67380 68760 4 3 1380
990 51060 52020 10 1 960
991 52140 54420 1 0 2280
992 54540 55620 0 2 1080
993 55740 57960 2 5 2220
994 59940 62160 5 2 2220
995 62280 63360 2 0 1080
996 63480 65760 0 1 2280
997 65880 66840 1 10 960
998 52560 55500 11 10 2940
999 55620 56580 10 1 960
1000 56700 58140 1 8 1440
1001 58260 59580 8 0 1320
1002 60420 61740 0 8 1320
1003 61860 63300 8 1 1440
1004 63420 64380 1 10 960
1005 64500 67440 10 11 2940
1006 61320 62700 3 4 1380
1007 62940 65220 4 7 2280
1008 65340 68520 7 10 3180
1009 68640 71580 10 11 2940
1010 73020 75960 11 10 2940
1011 76080 79260 10 7 3180
1012 61860 62820 10 1 960
1013 62940 65220 1 0 2280
1014 65340 66420 0 2 1080
1015 66540 68760 2 5 2220
1016 70740 72960 5 2 2220
1017 73080 74160 2 0 1080
1018 74280 76560 0 1 2280
1019 76680 77640 1 10 960
1020 63360 66300 11 10 2940
1021 66420 67380 10 1 960
1022 67500 68940 1 8 1440
1023 69060 70380 8 0 1320
1024 71220 72540 0 8 1320
1025 72660 74100 8 1 1440
1026 74220 75180 1 10 960
1027 75300 78240 10 11 2940
1028 72660 73620 10 1 960
1029 73740 76020 1 0 2280
1030 76140 77220 0 2 1080
1031 77340 79560 2 5 2220
1032 81540 83760 5 2 2220
1033 83880 84960 2 0 1080
1034 85080 87360 0 1 2280
1035 87480 88440 1 10 960
1036 74160 77100 11 10 2940
1037 77220 78180 10 1 960
1038 78300 79740 1 8 1440
1039 79860 81180 8 0 1320
1040 82020 83340 0 8 1320
1041 83460 84900 8 1 1440
1042 85020 85980 1 10 960
1043 75720 77100 3 4 1380
1044 77340 79620 4 7 2280
1045 79740 82920 7 10 3180
1046 83040 85980 10 11 2940
1047 87420 90360 11 10 2940
1048 90480 93660 10 7 3180
