4 31560 32700 6 12 1140
5 32820 35280 12 15 2460
6 38940 41400 15 12 2460
7 41520 42660 12 6 1140
8 42780 46260 6 1 3480
9 46380 47280 1 4 900
10 47400 50700 4 14 3300
11 50820 52620 14 17 1800
12 53340 55800 15 12 2460
13 55920 57060 12 6 1140
14 57180 60660 6 1 3480
15 60780 61680 1 4 900
16 61800 65100 4 14 3300
17 65220 67020 14 17 1800
18 67740 70200 15 12 2460
19 70320 71460 12 6 1140
20 71580 75060 6 1 3480
21 75180 76080 1 4 900
22 76200 79500 4 14 3300
26 29340 30420 3 5 1080
27 30540 34800 5 15 4260
28 36540 37620 3 5 1080
29 37740 42000 5 15 4260
30 43740 44820 3 5 1080
31 44940 49200 5 15 4260
32 50940 52020 3 5 1080
33 52140 56400 5 15 4260
34 58140 59220 3 5 1080
35 59340 63600 5 15 4260
36 65340 66420 3 5 1080
37 66540 70800 5 15 4260
38 72540 73620 3 5 1080
45 32940 34440 18 4 1500
46 34560 35460 4 1 900
47 35700 38220 1 0 2520
48 38340 39120 0 3 780
49 39360 40440 3 5 1080
50 43740 45240 18 4 1500
51 45360 46260 4 1 900
52 46500 49020 1 0 2520
53 49140 49920 0 3 780
54 50160 51240 3 5 1080
55 54540 56040 18 4 1500
56 56160 57060 4 1 900
57 57300 59820 1 0 2520
58 59940 60720 0 3 780
59 60960 62040 3 5 1080
60 65340 66840 18 4 1500
61 66960 67860 4 1 900
62 68100 70620 1 0 2520
63 70740 71520 0 3 780
64 71760 72840 3 5 1080
65 76140 77640 18 4 1500
66 77760 78660 4 1 900
77 36540 39840 14 4 3300
78 39960 40860 4 1 900
79 40980 43260 1 3 2280
80 43380 44460 3 5 1080
81 44580 45900 5 7 1320
82 49020 50820 17 14 1800
83 50940 54240 14 4 3300
84 54360 55260 4 1 900
85 55380 57660 1 3 2280
86 57780 58860 3 5 1080
87 58980 60300 5 7 1320
88 63420 65220 17 14 1800
89 65340 68640 14 4 3300
90 68760 69660 4 1 900
91 69780 72060 1 3 2280
92 72180 73260 3 5 1080
93 73380 74700 5 7 1320
94 77820 79620 17 14 1800
95 79740 83040 14 4 3300
96 83160 84060 4 1 900
104 34200 35880 5 2 1680
105 36000 37560 2 0 1560
106 41400 43080 5 2 1680
107 43200 44760 2 0 1560
108 48600 50280 5 2 1680
109 50400 51960 2 0 1560
110 55800 57480 5 2 1680
111 57600 59160 2 0 1560
112 63000 64680 5 2 1680
113 64800 66360 2 0 1560
114 70200 71880 5 2 1680
115 72000 73560 2 0 1560
116 77400 79080 5 2 1680
117 79200 80760 2 0 1560
124 33120 33840 12 7 720
125 33960 35280 7 5 1320
126 35400 36480 5 3 1080
127 36600 37380 3 0 780
128 41340 43800 15 12 2460
129 43920 44640 12 7 720
130 44760 46080 7 5 1320
131 46200 47280 5 3 1080
132 47400 48180 3 0 780
133 52140 54600 15 12 2460
134 54720 55440 12 7 720
135 55560 56880 7 5 1320
136 57000 58080 5 3 1080
137 58200 58980 3 0 780
138 62940 65400 15 12 2460
139 65520 66240 12 7 720
140 66360 67680 7 5 1320
141 67800 68880 5 3 1080
142 69000 69780 3 0 780
143 73740 76200 15 12 2460
144 76320 77040 12 7 720
145 77160 78480 7 5 1320
146 78600 79680 5 3 1080
147 79800 80580 3 0 780
151 30060 31200 6 12 1140
152 34980 36120 12 6 1140
153 36360 39180 6 8 2820
154 39420 42420 8 18 3000
155 42540 44400 18 9 1860
156 45780 46920 12 6 1140
157 47160 49980 6 8 2820
158 50220 53220 8 18 3000
159 53340 55200 18 9 1860
160 56580 57720 12 6 1140
161 57960 60780 6 8 2820
162 61020 64020 8 18 3000
163 64140 66000 18 9 1860
164 67380 68520 12 6 1140
165 68760 71580 6 8 2820
166 71820 74820 8 18 3000
167 74940 76800 18 9 1860
168 78180 79320 12 6 1140
169 79560 82380 6 8 2820
177 31560 32460 4 1 900
178 32580 34860 1 3 2280
179 34980 35760 3 0 780
180 37140 38640 18 4 1500
181 38760 39660 4 1 900
182 39780 42060 1 3 2280
183 42180 42960 3 0 780
184 44340 45840 18 4 1500
185 45960 46860 4 1 900
186 46980 49260 1 3 2280
187 49380 50160 3 0 780
188 51540 53040 18 4 1500
189 53160 54060 4 1 900
190 54180 56460 1 3 2280
191 56580 57360 3 0 780
192 58740 60240 18 4 1500
193 60360 61260 4 1 900
194 61380 63660 1 3 2280
195 63780 64560 3 0 780
196 65940 67440 18 4 1500
197 67560 68460 4 1 900
198 68580 70860 1 3 2280
199 70980 71760 3 0 780
200 73140 74640 18 4 1500
201 74760 75660 4 1 900
202 75780 78060 1 3 2280
203 78180 78960 3 0 780
207 33420 34500 5 3 1080
208 36240 40500 15 5 4260
209 40620 41700 5 3 1080
210 43440 47700 15 5 4260
211 47820 48900 5 3 1080
212 50640 54900 15 5 4260
213 55020 56100 5 3 1080
214 57840 62100 15 5 4260
215 62220 63300 5 3 1080
216 65040 69300 15 5 4260
217 69420 70500 5 3 1080
218 72240 76500 15 5 4260
219 76620 77700 5 3 1080
224 28560 29640 3 5 1080
225 32640 33720 5 3 1080
226 33840 34620 3 0 780
227 34860 37260 0 1 2400
228 37380 38280 1 4 900
229 38400 39900 4 18 1500
230 43440 44520 5 3 1080
231 44640 45420 3 0 780
232 45660 48060 0 1 2400
233 48180 49080 1 4 900
234 49200 50700 4 18 1500
235 54240 55320 5 3 1080
236 55440 56220 3 0 780
237 56460 58860 0 1 2400
238 58980 59880 1 4 900
239 60000 61500 4 18 1500
240 65040 66120 5 3 1080
241 66240 67020 3 0 780
242 67260 69660 0 1 2400
243 69780 70680 1 4 900
244 70800 72300 4 18 1500
245 75840 76920 5 3 1080
246 77040 77820 3 0 780
247 78060 80460 0 1 2400
248 80580 81480 1 4 900
255 36840 39180 13 10 2340
256 39300 41940 10 8 2640
257 42060 45060 8 18 3000
258 45180 46680 18 4 1500
259 46800 47700 4 1 900
260 51240 53580 13 10 2340
261 53700 56340 10 8 2640
262 56460 59460 8 18 3000
263 59580 61080 18 4 1500
264 61200 62100 4 1 900
265 65640 67980 13 10 2340
266 68100 70740 10 8 2640
267 70860 73860 8 18 3000
268 73980 75480 18 4 1500
269 75600 76500 4 1 900
273 26760 29580 6 8 2820
274 29700 32340 8 10 2640
275 32460 34800 10 13 2340
276 38580 40920 13 10 2340
277 41040 43680 10 8 2640
278 43800 46620 8 6 2820
279 46740 47760 6 7 1020
280 47880 49200 7 5 1320
281 49440 51120 5 2 1680
282 52980 55320 13 10 2340
283 55440 58080 10 8 2640
284 58200 61020 8 6 2820
285 61140 62160 6 7 1020
286 62280 63600 7 5 1320
287 63840 65520 5 2 1680
288 67380 69720 13 10 2340
289 69840 72480 10 8 2640
290 72600 75420 8 6 2820
291 75540 76560 6 7 1020
292 76680 78000 7 5 1320
298 32400 33300 4 1 900
299 36540 37440 1 4 900
300 37560 39060 4 18 1500
301 39180 42180 18 8 3000
302 42300 44940 8 10 2640
303 45060 47400 10 13 2340
304 50940 51840 1 4 900
305 51960 53460 4 18 1500
306 53580 56580 18 8 3000
307 56700 59340 8 10 2640
308 59460 61800 10 13 2340
309 65340 66240 1 4 900
310 66360 67860 4 18 1500
311 67980 70980 18 8 3000
312 71100 73740 8 10 2640
313 73860 76200 10 13 2340
318 31920 32640 12 7 720
319 32760 34080 7 5 1320
320 34200 35880 5 2 1680
321 36000 37740 2 11 1740
322 39120 39840 12 7 720
323 39960 41280 7 5 1320
324 41400 43080 5 2 1680
325 43200 44940 2 11 1740
326 46320 47040 12 7 720
327 47160 48480 7 5 1320
328 48600 50280 5 2 1680
329 50400 52140 2 11 1740
330 53520 54240 12 7 720
331 54360 55680 7 5 1320
332 55800 57480 5 2 1680
333 57600 59340 2 11 1740
334 60720 61440 12 7 720
335 61560 62880 7 5 1320
336 63000 64680 5 2 1680
337 64800 66540 2 11 1740
338 67920 68640 12 7 720
339 68760 70080 7 5 1320
340 70200 71880 5 2 1680
341 72000 73740 2 11 1740
342 75120 75840 12 7 720
343 75960 77280 7 5 1320
344 77400 79080 5 2 1680
350 30060 32460 1 0 2400
351 32580 34140 0 2 1560
352 34260 36000 2 11 1740
353 38520 40260 11 2 1740
354 40380 41940 2 0 1560
355 42060 44460 0 1 2400
356 44580 45480 1 4 900
357 45600 48900 4 14 3300
358 49020 50820 14 17 1800
359 50940 52020 17 16 1080
360 52920 54660 11 2 1740
361 54780 56340 2 0 1560
362 56460 58860 0 1 2400
363 58980 59880 1 4 900
364 60000 63300 4 14 3300
365 63420 65220 14 17 1800
366 65340 66420 17 16 1080
367 67320 69060 11 2 1740
368 69180 70740 2 0 1560
369 70860 73260 0 1 2400
370 73380 74280 1 4 900
371 74400 77700 4 14 3300
377 27780 28560 3 0 780
378 29280 30060 0 3 780
379 30180 32460 3 1 2280
380 32580 33480 1 4 900
381 33600 35100 4 18 1500
382 36480 37260 0 3 780
383 37380 39660 3 1 2280
384 39780 40680 1 4 900
385 40800 42300 4 18 1500
386 43680 44460 0 3 780
387 44580 46860 3 1 2280
388 46980 47880 1 4 900
389 48000 49500 4 18 1500
390 50880 51660 0 3 780
391 51780 54060 3 1 2280
392 54180 55080 1 4 900
393 55200 56700 4 18 1500
394 58080 58860 0 3 780
395 58980 61260 3 1 2280
396 61380 62280 1 4 900
397 62400 63900 4 18 1500
398 65280 66060 0 3 780
399 66180 68460 3 1 2280
400 68580 69480 1 4 900
401 69600 71100 4 18 1500
402 72480 73260 0 3 780
403 73380 75660 3 1 2280
404 75780 76680 1 4 900
405 76800 78300 4 18 1500
407 24360 27180 6 3 2820
408 27300 28080 3 0 780
409 31260 32040 0 3 780
410 32220 35040 3 6 2820
411 35160 36300 6 12 1140
412 38460 39240 0 3 780
413 39420 42240 3 6 2820
414 42360 43500 6 12 1140
415 45660 46440 0 3 780
416 46620 49440 3 6 2820
417 49560 50700 6 12 1140
418 52860 53640 0 3 780
419 53820 56640 3 6 2820
420 56760 57900 6 12 1140
421 60060 60840 0 3 780
422 61020 63840 3 6 2820
423 63960 65100 6 12 1140
424 67260 68040 0 3 780
425 68220 71040 3 6 2820
426 71160 72300 6 12 1140
427 74460 75240 0 3 780
428 75420 78240 3 6 2820
429 78360 79500 6 12 1140
434 29400 30180 3 0 780
435 32820 33600 0 3 780
436 33720 34800 3 5 1080
437 34920 36240 5 7 1320
438 36360 37080 7 12 720
439 37200 39660 12 15 2460
440 43620 44400 0 3 780
441 44520 45600 3 5 1080
442 45720 47040 5 7 1320
443 47160 47880 7 12 720
444 48000 50460 12 15 2460
445 54420 55200 0 3 780
446 55320 56400 3 5 1080
447 56520 57840 5 7 1320
448 57960 58680 7 12 720
449 58800 61260 12 15 2460
450 65220 66000 0 3 780
451 66120 67200 3 5 1080
452 67320 68640 5 7 1320
453 68760 69480 7 12 720
454 69600 72060 12 15 2460
455 76020 76800 0 3 780
456 76920 78000 3 5 1080
457 78120 79440 5 7 1320
458 79560 80280 7 12 720
464 32400 33960 2 0 1560
465 34080 34860 0 3 780
466 37740 39480 11 2 1740
467 39600 41160 2 0 1560
468 41280 42060 0 3 780
469 44940 46680 11 2 1740
470 46800 48360 2 0 1560
471 48480 49260 0 3 780
472 52140 53880 11 2 1740
473 54000 55560 2 0 1560
474 55680 56460 0 3 780
475 59340 61080 11 2 1740
476 61200 62760 2 0 1560
477 62880 63660 0 3 780
478 66540 68280 11 2 1740
479 68400 69960 2 0 1560
480 70080 70860 0 3 780
481 73740 75480 11 2 1740
482 75600 77160 2 0 1560
483 77280 78060 0 3 780
487 30540 31320 3 0 780
488 31440 33000 0 2 1560
489 33180 34920 2 11 1740
490 37740 38520 3 0 780
491 38640 40200 0 2 1560
492 40380 42120 2 11 1740
493 44940 45720 3 0 780
494 45840 47400 0 2 1560
495 47580 49320 2 11 1740
496 52140 52920 3 0 780
497 53040 54600 0 2 1560
498 54780 56520 2 11 1740
499 59340 60120 3 0 780
500 60240 61800 0 2 1560
501 61980 63720 2 11 1740
502 66540 67320 3 0 780
503 67440 69000 0 2 1560
504 69180 70920 2 11 1740
505 73740 74520 3 0 780
506 74640 76200 0 2 1560
510 29100 30660 0 2 1560
511 30780 32460 2 5 1680
512 36300 37860 0 2 1560
513 37980 39660 2 5 1680
514 43500 45060 0 2 1560
515 45180 46860 2 5 1680
516 50700 52260 0 2 1560
517 52380 54060 2 5 1680
518 57900 59460 0 2 1560
519 59580 61260 2 5 1680
520 65100 66660 0 2 1560
521 66780 68460 2 5 1680
522 72300 73860 0 2 1560
523 73980 75660 2 5 1680
527 30180 32460 1 3 2280
528 32580 33660 3 5 1080
529 33780 35100 5 7 1320
530 36240 37560 7 5 1320
531 37680 38760 5 3 1080
532 38880 41160 3 1 2280
533 41280 42180 1 4 900
534 42300 45600 4 14 3300
535 45720 47520 14 17 1800
536 50640 51960 7 5 1320
537 52080 53160 5 3 1080
538 53280 55560 3 1 2280
539 55680 56580 1 4 900
540 56700 60000 4 14 3300
541 60120 61920 14 17 1800
542 65040 66360 7 5 1320
543 66480 67560 5 3 1080
544 67680 69960 3 1 2280
545 70080 70980 1 4 900
546 71100 74400 4 14 3300
547 74520 76320 14 17 1800
552 31920 34560 8 10 2640
553 34680 37020 10 13 2340
554 38760 41100 13 10 2340
555 41220 43860 10 8 2640
556 43980 46980 8 18 3000
557 47100 48960 18 9 1860
558 49080 49860 9 14 780
559 49980 51780 14 17 1800
560 53160 55500 13 10 2340
561 55620 58260 10 8 2640
562 58380 61380 8 18 3000
563 61500 63360 18 9 1860
564 63480 64260 9 14 780
565 64380 66180 14 17 1800
566 67560 69900 13 10 2340
567 70020 72660 10 8 2640
568 72780 75780 8 18 3000
569 75900 77760 18 9 1860
570 77880 78660 9 14 780
574 27960 29100 6 12 1140
575 30300 31440 12 6 1140
576 31560 34380 6 3 2820
577 34500 35280 3 0 780
578 37500 38640 12 6 1140
579 38760 41580 6 3 2820
580 41700 42480 3 0 780
581 44700 45840 12 6 1140
582 45960 48780 6 3 2820
583 48900 49680 3 0 780
584 51900 53040 12 6 1140
585 53160 55980 6 3 2820
586 56100 56880 3 0 780
587 59100 60240 12 6 1140
588 60360 63180 6 3 2820
589 63300 64080 3 0 780
590 66300 67440 12 6 1140
591 67560 70380 6 3 2820
592 70500 71280 3 0 780
593 73500 74640 12 6 1140
594 74760 77580 6 3 2820
595 77700 78480 3 0 780
602 35580 36480 4 1 900
603 36600 39000 1 0 2400
604 42780 43560 14 9 780
605 43680 46260 9 4 2580
606 46380 47280 4 1 900
607 47400 49800 1 0 2400
608 53580 54360 14 9 780
609 54480 57060 9 4 2580
610 57180 58080 4 1 900
611 58200 60600 1 0 2400
612 64380 65160 14 9 780
613 65280 67860 9 4 2580
614 67980 68880 4 1 900
615 69000 71400 1 0 2400
616 75180 75960 14 9 780
617 76080 78660 9 4 2580
618 78780 79680 4 1 900
624 28740 31560 6 8 2820
625 31680 34320 8 10 2640
626 35880 38520 10 8 2640
627 38640 41460 8 6 2820
628 41640 42660 6 7 1020
629 42780 44100 7 5 1320
630 44220 45300 5 3 1080
631 45420 46200 3 0 780
632 50280 52920 10 8 2640
633 53040 55860 8 6 2820
634 56040 57060 6 7 1020
635 57180 58500 7 5 1320
636 58620 59700 5 3 1080
637 59820 60600 3 0 780
638 64680 67320 10 8 2640
639 67440 70260 8 6 2820
640 70440 71460 6 7 1020
641 71580 72900 7 5 1320
642 73020 74100 5 3 1080
643 74220 75000 3 0 780
644 79080 81720 10 8 2640
645 81840 84660 8 6 2820
653 30180 31080 1 4 900
654 31200 34500 4 14 3300
655 34620 36420 14 17 1800
656 36540 37620 17 16 1080
657 40500 41580 16 17 1080
658 41700 43500 17 14 1800
659 43620 46920 14 4 3300
660 47040 47940 4 1 900
661 48060 50460 1 0 2400
662 50580 52140 0 2 1560
663 52260 54000 2 11 1740
664 54900 55980 16 17 1080
665 56100 57900 17 14 1800
666 58020 61320 14 4 3300
667 61440 62340 4 1 900
668 62460 64860 1 0 2400
669 64980 66540 0 2 1560
670 66660 68400 2 11 1740
671 69300 70380 16 17 1080
672 70500 72300 17 14 1800
673 72420 75720 14 4 3300
674 75840 76740 4 1 900
675 76860 79260 1 0 2400
680 29400 32220 8 6 2820
681 32340 33360 6 7 1020
682 33480 34800 7 5 1320
683 35040 36720 5 2 1680
684 40380 42060 2 5 1680
685 42180 43500 5 7 1320
686 43620 44640 7 6 1020
687 44760 47580 6 8 2820
688 47700 50340 8 10 2640
689 50460 52800 10 13 2340
690 54780 56460 2 5 1680
691 56580 57900 5 7 1320
692 58020 59040 7 6 1020
693 59160 61980 6 8 2820
694 62100 64740 8 10 2640
695 64860 67200 10 13 2340
696 69180 70860 2 5 1680
697 70980 72300 5 7 1320
698 72420 73440 7 6 1020
699 73560 76380 6 8 2820
700 76500 79140 8 10 2640
703 25560 28380 6 8 2820
704 28620 31620 8 18 3000
705 31740 33600 18 9 1860
706 36420 38280 9 18 1860
707 38400 41400 18 8 3000
708 41520 44340 8 6 2820
709 44460 45600 6 12 1140
710 47220 49080 9 18 1860
711 49200 52200 18 8 3000
712 52320 55140 8 6 2820
713 55260 56400 6 12 1140
714 58020 59880 9 18 1860
715 60000 63000 18 8 3000
716 63120 65940 8 6 2820
717 66060 67200 6 12 1140
718 68820 70680 9 18 1860
719 70800 73800 18 8 3000
720 73920 76740 8 6 2820
721 76860 78000 6 12 1140
724 29580 32580 8 18 3000
725 32700 34560 18 9 1860
726 34680 35460 9 14 780
727 35580 37380 14 17 1800
728 38400 40200 17 14 1800
729 40320 41100 14 9 780
730 41220 43080 9 18 1860
731 43200 46200 18 8 3000
732 46320 48960 8 10 2640
733 49080 51420 10 13 2340
734 52800 54600 17 14 1800
735 54720 55500 14 9 780
736 55620 57480 9 18 1860
737 57600 60600 18 8 3000
738 60720 63360 8 10 2640
739 63480 65820 10 13 2340
740 67200 69000 17 14 1800
741 69120 69900 14 9 780
742 70020 71880 9 18 1860
743 72000 75000 18 8 3000
744 75120 77760 8 10 2640
750 31140 32040 4 1 900
751 32160 34440 1 3 2280
752 35760 38040 3 1 2280
753 38160 39060 1 4 900
754 39180 41760 4 9 2580
755 41880 42660 9 14 780
756 42780 44580 14 17 1800
757 44700 45780 17 16 1080
758 46560 48840 3 1 2280
759 48960 49860 1 4 900
760 49980 52560 4 9 2580
761 52680 53460 9 14 780
762 53580 55380 14 17 1800
763 55500 56580 17 16 1080
764 57360 59640 3 1 2280
765 59760 60660 1 4 900
766 60780 63360 4 9 2580
767 63480 64260 9 14 780
768 64380 66180 14 17 1800
769 66300 67380 17 16 1080
770 68160 70440 3 1 2280
771 70560 71460 1 4 900
772 71580 74160 4 9 2580
773 74280 75060 9 14 780
774 75180 76980 14 17 1800
776 78960 81240 3 1 2280
777 81360 82260 1 4 900
784 28380 31860 6 1 3480
785 31980 32880 1 4 900
786 33000 36300 4 14 3300
787 36420 38220 14 17 1800
788 39600 41400 17 14 1800
789 41520 44820 14 4 3300
790 44940 45840 4 1 900
791 45960 49440 1 6 3480
792 49560 50700 6 12 1140
793 50820 53280 12 15 2460
794 54000 55800 17 14 1800
795 55920 59220 14 4 3300
796 59340 60240 4 1 900
797 60360 63840 1 6 3480
798 63960 65100 6 12 1140
799 65220 67680 12 15 2460
800 68400 70200 17 14 1800
801 70320 73620 14 4 3300
802 73740 74640 4 1 900
803 74760 78240 1 6 3480
804 78360 79500 6 12 1140
811 35160 36840 2 5 1680
812 36960 38280 5 7 1320
813 38400 39120 7 12 720
814 40500 42240 11 2 1740
815 42360 44040 2 5 1680
816 44160 45480 5 7 1320
817 45600 46320 7 12 720
818 47700 49440 11 2 1740
819 49560 51240 2 5 1680
820 51360 52680 5 7 1320
821 52800 53520 7 12 720
822 54900 56640 11 2 1740
823 56760 58440 2 5 1680
824 58560 59880 5 7 1320
825 60000 60720 7 12 720
826 62100 63840 11 2 1740
827 63960 65640 2 5 1680
828 65760 67080 5 7 1320
829 67200 67920 7 12 720
830 69300 71040 11 2 1740
831 71160 72840 2 5 1680
832 72960 74280 5 7 1320
833 74400 75120 7 12 720
834 76500 78240 11 2 1740
842 34860 37260 0 1 2400
843 37380 38280 1 4 900
844 38400 40980 4 9 2580
845 41100 41880 9 14 780
846 45660 48060 0 1 2400
847 48180 49080 1 4 900
848 49200 51780 4 9 2580
849 51900 52680 9 14 780
850 56460 58860 0 1 2400
851 58980 59880 1 4 900
852 60000 62580 4 9 2580
853 62700 63480 9 14 780
854 67260 69660 0 1 2400
855 69780 70680 1 4 900
856 70800 73380 4 9 2580
857 73500 74280 9 14 780
858 78060 80460 0 1 2400
859 80580 81480 1 4 900
863 25920 29400 6 1 3480
864 29520 30420 1 4 900
865 30540 33120 4 9 2580
866 35820 38400 9 4 2580
867 38520 39420 4 1 900
868 39540 43020 1 6 3480
869 43140 44160 6 7 1020
870 46620 49200 9 4 2580
871 49320 50220 4 1 900
872 50340 53820 1 6 3480
873 53940 54960 6 7 1020
874 57420 60000 9 4 2580
875 60120 61020 4 1 900
876 61140 64620 1 6 3480
877 64740 65760 6 7 1020
878 68220 70800 9 4 2580
879 70920 71820 4 1 900
880 71940 75420 1 6 3480
881 75540 76560 6 7 1020
882 79020 81600 9 4 2580
883 81720 82620 4 1 900
884 82740 86220 1 6 3480
892 38820 39900 16 17 1080
893 40020 41820 17 14 1800
894 41940 42720 14 9 780
895 42840 45420 9 4 2580
896 45540 46440 4 1 900
897 46560 48840 1 3 2280
898 49620 50700 16 17 1080
899 50820 52620 17 14 1800
900 52740 53520 14 9 780
901 53640 56220 9 4 2580
902 56340 57240 4 1 900
903 57360 59640 1 3 2280
904 60420 61500 16 17 1080
905 61620 63420 17 14 1800
906 63540 64320 14 9 780
907 64440 67020 9 4 2580
908 67140 68040 4 1 900
909 68160 70440 1 3 2280
910 71220 72300 16 17 1080
911 72420 74220 17 14 1800
912 74340 75120 14 9 780
913 75240 77820 9 4 2580
914 77940 78840 4 1 900
919 32340 33360 6 7 1020
920 35580 36600 7 6 1020
921 36720 40200 6 1 3480
922 40320 41220 1 4 900
923 41340 43920 4 9 2580
924 46380 47400 7 6 1020
925 47520 51000 6 1 3480
926 51120 52020 1 4 900
927 52140 54720 4 9 2580
928 57180 58200 7 6 1020
929 58320 61800 6 1 3480
930 61920 62820 1 4 900
931 62940 65520 4 9 2580
932 67980 69000 7 6 1020
933 69120 72600 6 1 3480
934 72720 73620 1 4 900
935 73740 76320 4 9 2580
936 78780 79800 7 6 1020
937 79920 83400 6 1 3480
942 30840 31860 6 7 1020
943 31980 33300 7 5 1320
944 33420 34500 5 3 1080
945 34620 35400 3 0 780
946 38460 39240 0 3 780
947 39360 40440 3 5 1080
948 40560 41880 5 7 1320
949 42000 43020 7 6 1020
950 43140 45960 6 8 2820
951 46080 48720 8 10 2640
952 52860 53640 0 3 780
953 53760 54840 3 5 1080
954 54960 56280 5 7 1320
955 56400 57420 7 6 1020
956 57540 60360 6 8 2820
957 60480 63120 8 10 2640
958 67260 68040 0 3 780
959 68160 69240 3 5 1080
960 69360 70680 5 7 1320
961 70800 71820 7 6 1020
962 71940 74760 6 8 2820
963 74880 77520 8 10 2640
967 31560 35040 1 6 3480
968 35160 36300 6 12 1140
969 36420 38880 12 15 2460
970 42540 45000 15 12 2460
971 45120 46260 12 6 1140
972 46380 49860 6 1 3480
973 49980 50880 1 4 900
974 51000 54300 4 14 3300
975 54420 56220 14 17 1800
976 56940 59400 15 12 2460
977 59520 60660 12 6 1140
978 60780 64260 6 1 3480
979 64380 65280 1 4 900
980 65400 68700 4 14 3300
981 68820 70620 14 17 1800
982 71340 73800 15 12 2460
983 73920 75060 12 6 1140
984 75180 78660 6 1 3480
985 78780 79680 1 4 900
990 32940 34020 3 5 1080
991 34140 38400 5 15 4260
992 40140 41220 3 5 1080
993 41340 45600 5 15 4260
994 47340 48420 3 5 1080
995 48540 52800 5 15 4260
996 54540 55620 3 5 1080
997 55740 60000 5 15 4260
998 61740 62820 3 5 1080
999 62940 67200 5 15 4260
1000 68940 70020 3 5 1080
1001 70140 74400 5 15 4260
1002 76140 77220 3 5 1080
1007 30180 31080 1 4 900
1008 31200 32700 4 18 1500
1009 36540 38040 18 4 1500
1010 38160 39060 4 1 900
1011 39300 41820 1 0 2520
1012 41940 42720 0 3 780
1013 42960 44040 3 5 1080
1014 47340 48840 18 4 1500
1015 48960 49860 4 1 900
1016 50100 52620 1 0 2520
1017 52740 53520 0 3 780
1018 53760 54840 3 5 1080
1019 58140 59640 18 4 1500
1020 59760 60660 4 1 900
1021 60900 63420 1 0 2520
1022 63540 64320 0 3 780
1023 64560 65640 3 5 1080
1024 68940 70440 18 4 1500
1025 70560 71460 4 1 900
1026 71700 74220 1 0 2520
1027 74340 75120 0 3 780
1028 75360 76440 3 5 1080
1031 28080 30360 3 1 2280
1032 30480 31380 1 4 900
1033 31500 34800 4 14 3300
1034 34920 36720 14 17 1800
1035 38220 40020 17 14 1800
1036 40140 43440 14 4 3300
1037 43560 44460 4 1 900
1038 44580 46860 1 3 2280
1039 46980 48060 3 5 1080
1040 48180 49500 5 7 1320
1041 52620 54420 17 14 1800
1042 54540 57840 14 4 3300
1043 57960 58860 4 1 900
1044 58980 61260 1 3 2280
1045 61380 62460 3 5 1080
1046 62580 63900 5 7 1320
1047 67020 68820 17 14 1800
1048 68940 72240 14 4 3300
1049 72360 73260 4 1 900
1050 73380 75660 1 3 2280
1051 75780 76860 3 5 1080
1052 76980 78300 5 7 1320
1055 30600 32280 5 2 1680
1056 32400 33960 2 0 1560
1057 37800 39480 5 2 1680
1058 39600 41160 2 0 1560
1059 45000 46680 5 2 1680
1060 46800 48360 2 0 1560
1061 52200 53880 5 2 1680
1062 54000 55560 2 0 1560
1063 59400 61080 5 2 1680
1064 61200 62760 2 0 1560
1065 66600 68280 5 2 1680
1066 68400 69960 2 0 1560
1067 73800 75480 5 2 1680
1068 75600 77160 2 0 1560
1073 30000 32460 12 15 2460
1074 34140 36600 15 12 2460
1075 36720 37440 12 7 720
1076 37560 38880 7 5 1320
1077 39000 40080 5 3 1080
1078 40200 40980 3 0 780
1079 44940 47400 15 12 2460
1080 47520 48240 12 7 720
1081 48360 49680 7 5 1320
1082 49800 50880 5 3 1080
1083 51000 51780 3 0 780
1084 55740 58200 15 12 2460
1085 58320 59040 12 7 720
1086 59160 60480 7 5 1320
1087 60600 61680 5 3 1080
1088 61800 62580 3 0 780
1089 66540 69000 15 12 2460
1090 69120 69840 12 7 720
1091 69960 71280 7 5 1320
1092 71400 72480 5 3 1080
1093 72600 73380 3 0 780
1094 77340 79800 15 12 2460
1095 79920 80640 12 7 720
1101 30720 33540 8 6 2820
1102 33660 34800 6 12 1140
1103 38580 39720 12 6 1140
1104 39960 42780 6 8 2820
1105 43020 46020 8 18 3000
1106 46140 48000 18 9 1860
1107 49380 50520 12 6 1140
1108 50760 53580 6 8 2820
1109 53820 56820 8 18 3000
1110 56940 58800 18 9 1860
1111 60180 61320 12 6 1140
1112 61560 64380 6 8 2820
1113 64620 67620 8 18 3000
1114 67740 69600 18 9 1860
1115 70980 72120 12 6 1140
1116 72360 75180 6 8 2820
1117 75420 78420 8 18 3000
1123 33540 35040 18 4 1500
1124 35160 36060 4 1 900
1125 36180 38460 1 3 2280
1126 38580 39360 3 0 780
1127 40740 42240 18 4 1500
1128 42360 43260 4 1 900
1129 43380 45660 1 3 2280
1130 45780 46560 3 0 780
1131 47940 49440 18 4 1500
1132 49560 50460 4 1 900
1133 50580 52860 1 3 2280
1134 52980 53760 3 0 780
1135 55140 56640 18 4 1500
1136 56760 57660 4 1 900
1137 57780 60060 1 3 2280
1138 60180 60960 3 0 780
1139 62340 63840 18 4 1500
1140 63960 64860 4 1 900
1141 64980 67260 1 3 2280
1142 67380 68160 3 0 780
1143 69540 71040 18 4 1500
1144 71160 72060 4 1 900
1145 72180 74460 1 3 2280
1146 74580 75360 3 0 780
1147 76740 78240 18 4 1500
1148 78360 79260 4 1 900
1154 37020 38100 5 3 1080
1155 39840 44100 15 5 4260
1156 44220 45300 5 3 1080
1157 47040 51300 15 5 4260
1158 51420 52500 5 3 1080
1159 54240 58500 15 5 4260
1160 58620 59700 5 3 1080
1161 61440 65700 15 5 4260
1162 65820 66900 5 3 1080
1163 68640 72900 15 5 4260
1164 73020 74100 5 3 1080
1170 31140 31920 0 3 780
1171 32160 33240 3 5 1080
1172 36240 37320 5 3 1080
1173 37440 38220 3 0 780
1174 38460 40860 0 1 2400
1175 40980 41880 1 4 900
1176 42000 43500 4 18 1500
1177 47040 48120 5 3 1080
1178 48240 49020 3 0 780
1179 49260 51660 0 1 2400
1180 51780 52680 1 4 900
1181 52800 54300 4 18 1500
1182 57840 58920 5 3 1080
1183 59040 59820 3 0 780
1184 60060 62460 0 1 2400
1185 62580 63480 1 4 900
1186 63600 65100 4 18 1500
1187 68640 69720 5 3 1080
1188 69840 70620 3 0 780
1189 70860 73260 0 1 2400
1190 73380 74280 1 4 900
1191 74400 75900 4 18 1500
1195 31500 34140 8 10 2640
1196 34260 36600 10 13 2340
1197 40440 42780 13 10 2340
1198 42900 45540 10 8 2640
1199 45660 48660 8 18 3000
1200 48780 50280 18 4 1500
1201 50400 51300 4 1 900
1202 54840 57180 13 10 2340
1203 57300 59940 10 8 2640
1204 60060 63060 8 18 3000
1205 63180 64680 18 4 1500
1206 64800 65700 4 1 900
1207 69240 71580 13 10 2340
1208 71700 74340 10 8 2640
1209 74460 77460 8 18 3000
1210 77580 79080 18 4 1500
1211 79200 80100 4 1 900
1215 30360 33180 6 8 2820
1216 33300 35940 8 10 2640
1217 36060 38400 10 13 2340
1218 42180 44520 13 10 2340
1219 44640 47280 10 8 2640
1220 47400 50220 8 6 2820
1221 50340 51360 6 7 1020
1222 51480 52800 7 5 1320
1223 53040 54720 5 2 1680
1224 56580 58920 13 10 2340
1225 59040 61680 10 8 2640
1226 61800 64620 8 6 2820
1227 64740 65760 6 7 1020
1228 65880 67200 7 5 1320
1229 67440 69120 5 2 1680
1230 70980 73320 13 10 2340
1231 73440 76080 10 8 2640
1232 76200 79020 8 6 2820
1233 79140 80160 6 7 1020
1238 31260 34260 8 18 3000
1239 34380 35880 18 4 1500
1240 36000 36900 4 1 900
1241 40140 41040 1 4 900
1242 41160 42660 4 18 1500
1243 42780 45780 18 8 3000
1244 45900 48540 8 10 2640
1245 48660 51000 10 13 2340
1246 54540 55440 1 4 900
1247 55560 57060 4 18 1500
1248 57180 60180 18 8 3000
1249 60300 62940 8 10 2640
1250 63060 65400 10 13 2340
1251 68940 69840 1 4 900
1252 69960 71460 4 18 1500
1253 71580 74580 18 8 3000
1254 74700 77340 8 10 2640
1260 35520 36240 12 7 720
1261 36360 37680 7 5 1320
1262 37800 39480 5 2 1680
1263 39600 41340 2 11 1740
1264 42720 43440 12 7 720
1265 43560 44880 7 5 1320
1266 45000 46680 5 2 1680
1267 46800 48540 2 11 1740
1268 49920 50640 12 7 720
1269 50760 52080 7 5 1320
1270 52200 53880 5 2 1680
1271 54000 55740 2 11 1740
1272 57120 57840 12 7 720
1273 57960 59280 7 5 1320
1274 59400 61080 5 2 1680
1275 61200 62940 2 11 1740
1276 64320 65040 12 7 720
1277 65160 66480 7 5 1320
1278 66600 68280 5 2 1680
1279 68400 70140 2 11 1740
1280 71520 72240 12 7 720
1281 72360 73680 7 5 1320
1282 73800 75480 5 2 1680
1283 75600 77340 2 11 1740
1284 78720 79440 12 7 720
1291 32640 33540 4 1 900
1292 33660 36060 1 0 2400
1293 36180 37740 0 2 1560
1294 37860 39600 2 11 1740
1295 42120 43860 11 2 1740
1296 43980 45540 2 0 1560
1297 45660 48060 0 1 2400
1298 48180 49080 1 4 900
1299 49200 52500 4 14 3300
1300 52620 54420 14 17 1800
1301 54540 55620 17 16 1080
1302 56520 58260 11 2 1740
1303 58380 59940 2 0 1560
1304 60060 62460 0 1 2400
1305 62580 63480 1 4 900
1306 63600 66900 4 14 3300
1307 67020 68820 14 17 1800
1308 68940 70020 17 16 1080
1309 70920 72660 11 2 1740
1310 72780 74340 2 0 1560
1311 74460 76860 0 1 2400
1312 76980 77880 1 4 900
1319 31380 32160 3 0 780
1320 32880 33660 0 3 780
1321 33780 36060 3 1 2280
1322 36180 37080 1 4 900
1323 37200 38700 4 18 1500
1324 40080 40860 0 3 780
1325 40980 43260 3 1 2280
1326 43380 44280 1 4 900
1327 44400 45900 4 18 1500
1328 47280 48060 0 3 780
1329 48180 50460 3 1 2280
1330 50580 51480 1 4 900
1331 51600 53100 4 18 1500
1332 54480 55260 0 3 780
1333 55380 57660 3 1 2280
1334 57780 58680 1 4 900
1335 58800 60300 4 18 1500
1336 61680 62460 0 3 780
1337 62580 64860 3 1 2280
1338 64980 65880 1 4 900
1339 66000 67500 4 18 1500
1340 68880 69660 0 3 780
1341 69780 72060 3 1 2280
1342 72180 73080 1 4 900
1343 73200 74700 4 18 1500
1344 76080 76860 0 3 780
1345 76980 79260 3 1 2280
1346 79380 80280 1 4 900
1347 80400 81900 4 18 1500
1349 27960 30780 6 3 2820
1350 30900 31680 3 0 780
1351 34860 35640 0 3 780
1352 35820 38640 3 6 2820
1353 38760 39900 6 12 1140
1354 42060 42840 0 3 780
1355 43020 45840 3 6 2820
1356 45960 47100 6 12 1140
1357 49260 50040 0 3 780
1358 50220 53040 3 6 2820
1359 53160 54300 6 12 1140
1360 56460 57240 0 3 780
1361 57420 60240 3 6 2820
1362 60360 61500 6 12 1140
1363 63660 64440 0 3 780
1364 64620 67440 3 6 2820
1365 67560 68700 6 12 1140
1366 70860 71640 0 3 780
1367 71820 74640 3 6 2820
1368 74760 75900 6 12 1140
1369 78060 78840 0 3 780
1370 79020 81840 3 6 2820
1375 31800 32880 5 3 1080
1376 33000 33780 3 0 780
1377 36420 37200 0 3 780
1378 37320 38400 3 5 1080
1379 38520 39840 5 7 1320
1380 39960 40680 7 12 720
1381 40800 43260 12 15 2460
1382 47220 48000 0 3 780
1383 48120 49200 3 5 1080
1384 49320 50640 5 7 1320
1385 50760 51480 7 12 720
1386 51600 54060 12 15 2460
1387 58020 58800 0 3 780
1388 58920 60000 3 5 1080
1389 60120 61440 5 7 1320
1390 61560 62280 7 12 720
1391 62400 64860 12 15 2460
1392 68820 69600 0 3 780
1393 69720 70800 3 5 1080
1394 70920 72240 5 7 1320
1395 72360 73080 7 12 720
1396 73200 75660 12 15 2460
1401 36000 37560 2 0 1560
1402 37680 38460 0 3 780
1403 41340 43080 11 2 1740
1404 43200 44760 2 0 1560
1405 44880 45660 0 3 780
1406 48540 50280 11 2 1740
1407 50400 51960 2 0 1560
1408 52080 52860 0 3 780
1409 55740 57480 11 2 1740
1410 57600 59160 2 0 1560
1411 59280 60060 0 3 780
1412 62940 64680 11 2 1740
1413 64800 66360 2 0 1560
1414 66480 67260 0 3 780
1415 70140 71880 11 2 1740
1416 72000 73560 2 0 1560
1417 73680 74460 0 3 780
1418 77340 79080 11 2 1740
1419 79200 80760 2 0 1560
1423 30480 31260 0 3 780
1424 34140 34920 3 0 780
1425 35040 36600 0 2 1560
1426 36780 38520 2 11 1740
1427 41340 42120 3 0 780
1428 42240 43800 0 2 1560
1429 43980 45720 2 11 1740
1430 48540 49320 3 0 780
1431 49440 51000 0 2 1560
1432 51180 52920 2 11 1740
1433 55740 56520 3 0 780
1434 56640 58200 0 2 1560
1435 58380 60120 2 11 1740
1436 62940 63720 3 0 780
1437 63840 65400 0 2 1560
1438 65580 67320 2 11 1740
1439 70140 70920 3 0 780
1440 71040 72600 0 2 1560
1441 72780 74520 2 11 1740
1442 77340 78120 3 0 780
1447 32760 33660 4 1 900
1448 33780 36060 1 3 2280
1449 36180 37260 3 5 1080
1450 37380 38700 5 7 1320
1451 39840 41160 7 5 1320
1452 41280 42360 5 3 1080
1453 42480 44760 3 1 2280
1454 44880 45780 1 4 900
1455 45900 49200 4 14 3300
1456 49320 51120 14 17 1800
1457 54240 55560 7 5 1320
1458 55680 56760 5 3 1080
1459 56880 59160 3 1 2280
1460 59280 60180 1 4 900
1461 60300 63600 4 14 3300
1462 63720 65520 14 17 1800
1463 68640 69960 7 5 1320
1464 70080 71160 5 3 1080
1465 71280 73560 3 1 2280
1466 73680 74580 1 4 900
1467 74700 78000 4 14 3300
1472 32400 35400 18 8 3000
1473 35520 38160 8 10 2640
1474 38280 40620 10 13 2340
1475 42360 44700 13 10 2340
1476 44820 47460 10 8 2640
1477 47580 50580 8 18 3000
1478 50700 52560 18 9 1860
1479 52680 53460 9 14 780
1480 53580 55380 14 17 1800
1481 56760 59100 13 10 2340
1482 59220 61860 10 8 2640
1483 61980 64980 8 18 3000
1484 65100 66960 18 9 1860
1485 67080 67860 9 14 780
1486 67980 69780 14 17 1800
1487 71160 73500 13 10 2340
1488 73620 76260 10 8 2640
1489 76380 79380 8 18 3000
1494 28620 31440 3 6 2820
1495 31560 32700 6 12 1140
1496 33900 35040 12 6 1140
1497 35160 37980 6 3 2820
1498 38100 38880 3 0 780
1499 41100 42240 12 6 1140
1500 42360 45180 6 3 2820
1501 45300 46080 3 0 780
1502 48300 49440 12 6 1140
1503 49560 52380 6 3 2820
1504 52500 53280 3 0 780
1505 55500 56640 12 6 1140
1506 56760 59580 6 3 2820
1507 59700 60480 3 0 780
1508 62700 63840 12 6 1140
1509 63960 66780 6 3 2820
1510 66900 67680 3 0 780
1511 69900 71040 12 6 1140
1512 71160 73980 6 3 2820
1513 74100 74880 3 0 780
1514 77100 78240 12 6 1140
1518 30180 31080 1 4 900
1519 31200 33780 4 9 2580
1520 33900 34680 9 14 780
1521 35580 36360 14 9 780
1522 36480 39060 9 4 2580
1523 39180 40080 4 1 900
1524 40200 42600 1 0 2400
1525 46380 47160 14 9 780
1526 47280 49860 9 4 2580
1527 49980 50880 4 1 900
1528 51000 53400 1 0 2400
1529 57180 57960 14 9 780
1530 58080 60660 9 4 2580
1531 60780 61680 4 1 900
1532 61800 64200 1 0 2400
1533 67980 68760 14 9 780
1534 68880 71460 9 4 2580
1535 71580 72480 4 1 900
1536 72600 75000 1 0 2400
1537 78780 79560 14 9 780
1538 79680 82260 9 4 2580
1539 82380 83280 4 1 900
1542 28560 29640 3 5 1080
1543 29760 31080 5 7 1320
1544 31200 32220 7 6 1020
1545 32340 35160 6 8 2820
1546 35280 37920 8 10 2640
1547 39480 42120 10 8 2640
1548 42240 45060 8 6 2820
1549 45240 46260 6 7 1020
1550 46380 47700 7 5 1320
1551 47820 48900 5 3 1080
1552 49020 49800 3 0 780
1553 53880 56520 10 8 2640
1554 56640 59460 8 6 2820
1555 59640 60660 6 7 1020
1556 60780 62100 7 5 1320
1557 62220 63300 5 3 1080
1558 63420 64200 3 0 780
1559 68280 70920 10 8 2640
1560 71040 73860 8 6 2820
1561 74040 75060 6 7 1020
1562 75180 76500 7 5 1320
1563 76620 77700 5 3 1080
1564 77820 78600 3 0 780
1567 31260 33660 0 1 2400
1568 33780 34680 1 4 900
1569 34800 38100 4 14 3300
1570 38220 40020 14 17 1800
1571 40140 41220 17 16 1080
1572 44100 45180 16 17 1080
1573 45300 47100 17 14 1800
1574 47220 50520 14 4 3300
1575 50640 51540 4 1 900
1576 51660 54060 1 0 2400
1577 54180 55740 0 2 1560
1578 55860 57600 2 11 1740
1579 58500 59580 16 17 1080
1580 59700 61500 17 14 1800
1581 61620 64920 14 4 3300
1582 65040 65940 4 1 900
1583 66060 68460 1 0 2400
1584 68580 70140 0 2 1560
1585 70260 72000 2 11 1740
1586 72900 73980 16 17 1080
1587 74100 75900 17 14 1800
1588 76020 79320 14 4 3300
1589 79440 80340 4 1 900
1595 33000 35820 8 6 2820
1596 35940 36960 6 7 1020
1597 37080 38400 7 5 1320
1598 38640 40320 5 2 1680
1599 43980 45660 2 5 1680
1600 45780 47100 5 7 1320
1601 47220 48240 7 6 1020
1602 48360 51180 6 8 2820
1603 51300 53940 8 10 2640
1604 54060 56400 10 13 2340
1605 58380 60060 2 5 1680
1606 60180 61500 5 7 1320
1607 61620 62640 7 6 1020
1608 62760 65580 6 8 2820
1609 65700 68340 8 10 2640
1610 68460 70800 10 13 2340
1611 72780 74460 2 5 1680
1612 74580 75900 5 7 1320
1613 76020 77040 7 6 1020
1614 77160 79980 6 8 2820
1615 80100 82740 8 10 2640
1618 29160 31980 6 8 2820
1619 32220 35220 8 18 3000
1620 35340 37200 18 9 1860
1621 40020 41880 9 18 1860
1622 42000 45000 18 8 3000
1623 45120 47940 8 6 2820
1624 48060 49200 6 12 1140
1625 50820 52680 9 18 1860
1626 52800 55800 18 8 3000
1627 55920 58740 8 6 2820
1628 58860 60000 6 12 1140
1629 61620 63480 9 18 1860
1630 63600 66600 18 8 3000
1631 66720 69540 8 6 2820
1632 69660 70800 6 12 1140
1633 72420 74280 9 18 1860
1634 74400 77400 18 8 3000
1635 77520 80340 8 6 2820
1639 33180 36180 8 18 3000
1640 36300 38160 18 9 1860
1641 38280 39060 9 14 780
1642 39180 40980 14 17 1800
1643 42000 43800 17 14 1800
1644 43920 44700 14 9 780
1645 44820 46680 9 18 1860
1646 46800 49800 18 8 3000
1647 49920 52560 8 10 2640
1648 52680 55020 10 13 2340
1649 56400 58200 17 14 1800
1650 58320 59100 14 9 780
1651 59220 61080 9 18 1860
1652 61200 64200 18 8 3000
1653 64320 66960 8 10 2640
1654 67080 69420 10 13 2340
1655 70800 72600 17 14 1800
1656 72720 73500 14 9 780
1657 73620 75480 9 18 1860
1658 75600 78600 18 8 3000
1665 34740 35640 4 1 900
1666 35760 38040 1 3 2280
1667 39360 41640 3 1 2280
1668 41760 42660 1 4 900
1669 42780 45360 4 9 2580
1670 45480 46260 9 14 780
1671 46380 48180 14 17 1800
1672 48300 49380 17 16 1080
1673 50160 52440 3 1 2280
1674 52560 53460 1 4 900
1675 53580 56160 4 9 2580
1676 56280 57060 9 14 780
1677 57180 58980 14 17 1800
1678 59100 60180 17 16 1080
1679 60960 63240 3 1 2280
1680 63360 64260 1 4 900
1681 64380 66960 4 9 2580
1682 67080 67860 9 14 780
1683 67980 69780 14 17 1800
1684 69900 70980 17 16 1080
1685 71760 74040 3 1 2280
1686 74160 75060 1 4 900
1687 75180 77760 4 9 2580
1688 77880 78660 9 14 780
1692 30720 31860 12 6 1140
1693 31980 35460 6 1 3480
1694 35580 36480 1 4 900
1695 36600 39900 4 14 3300
1696 40020 41820 14 17 1800
1697 43200 45000 17 14 1800
1698 45120 48420 14 4 3300
1699 48540 49440 4 1 900
1700 49560 53040 1 6 3480
1701 53160 54300 6 12 1140
1702 54420 56880 12 15 2460
1703 57600 59400 17 14 1800
1704 59520 62820 14 4 3300
1705 62940 63840 4 1 900
1706 63960 67440 1 6 3480
1707 67560 68700 6 12 1140
1708 68820 71280 12 15 2460
1709 72000 73800 17 14 1800
1710 73920 77220 14 4 3300
1711 77340 78240 4 1 900
1712 78360 81840 1 6 3480
1717 30600 32280 5 2 1680
1718 32400 34140 2 11 1740
1719 36900 38640 11 2 1740
1720 38760 40440 2 5 1680
1721 40560 41880 5 7 1320
1722 42000 42720 7 12 720
1723 44100 45840 11 2 1740
1724 45960 47640 2 5 1680
1725 47760 49080 5 7 1320
1726 49200 49920 7 12 720
1727 51300 53040 11 2 1740
1728 53160 54840 2 5 1680
1729 54960 56280 5 7 1320
1730 56400 57120 7 12 720
1731 58500 60240 11 2 1740
1732 60360 62040 2 5 1680
1733 62160 63480 5 7 1320
1734 63600 64320 7 12 720
1735 65700 67440 11 2 1740
1736 67560 69240 2 5 1680
1737 69360 70680 5 7 1320
1738 70800 71520 7 12 720
1739 72900 74640 11 2 1740
1740 74760 76440 2 5 1680
1741 76560 77880 5 7 1320
1742 78000 78720 7 12 720
1745 31980 32880 4 1 900
1746 33000 35400 1 0 2400
1747 38460 40860 0 1 2400
1748 40980 41880 1 4 900
1749 42000 44580 4 9 2580
1750 44700 45480 9 14 780
1751 49260 51660 0 1 2400
1752 51780 52680 1 4 900
1753 52800 55380 4 9 2580
1754 55500 56280 9 14 780
1755 60060 62460 0 1 2400
1756 62580 63480 1 4 900
1757 63600 66180 4 9 2580
1758 66300 67080 9 14 780
1759 70860 73260 0 1 2400
1760 73380 74280 1 4 900
1761 74400 76980 4 9 2580
1762 77100 77880 9 14 780
1764 29520 33000 6 1 3480
1765 33120 34020 1 4 900
1766 34140 36720 4 9 2580
1767 39420 42000 9 4 2580
1768 42120 43020 4 1 900
1769 43140 46620 1 6 3480
1770 46740 47760 6 7 1020
1771 50220 52800 9 4 2580
1772 52920 53820 4 1 900
1773 53940 57420 1 6 3480
1774 57540 58560 6 7 1020
1775 61020 63600 9 4 2580
1776 63720 64620 4 1 900
1777 64740 68220 1 6 3480
1778 68340 69360 6 7 1020
1779 71820 74400 9 4 2580
1780 74520 75420 4 1 900
1781 75540 79020 1 6 3480
1782 79140 80160 6 7 1020
1783 28560 30840 3 1 2280
1784 30960 31860 1 4 900
1785 31980 34560 4 9 2580
1786 34680 35460 9 14 780
1787 35580 37380 14 17 1800
1788 37500 38580 17 16 1080
1789 42420 43500 16 17 1080
1790 43620 45420 17 14 1800
1791 45540 46320 14 9 780
1792 46440 49020 9 4 2580
1793 49140 50040 4 1 900
1794 50160 52440 1 3 2280
1795 53220 54300 16 17 1080
1796 54420 56220 17 14 1800
1797 56340 57120 14 9 780
1798 57240 59820 9 4 2580
1799 59940 60840 4 1 900
1800 60960 63240 1 3 2280
1801 64020 65100 16 17 1080
1802 65220 67020 17 14 1800
1803 67140 67920 14 9 780
1804 68040 70620 9 4 2580
1805 70740 71640 4 1 900
1806 71760 74040 1 3 2280
1807 74820 75900 16 17 1080
1808 76020 77820 17 14 1800
1809 77940 78720 14 9 780
1810 78840 81420 9 4 2580
1811 81540 82440 4 1 900
1814 31320 32220 4 1 900
1815 32340 35820 1 6 3480
1816 35940 36960 6 7 1020
1817 39180 40200 7 6 1020
1818 40320 43800 6 1 3480
1819 43920 44820 1 4 900
1820 44940 47520 4 9 2580
1821 49980 51000 7 6 1020
1822 51120 54600 6 1 3480
1823 54720 55620 1 4 900
1824 55740 58320 4 9 2580
1825 60780 61800 7 6 1020
1826 61920 65400 6 1 3480
1827 65520 66420 1 4 900
1828 66540 69120 4 9 2580
1829 71580 72600 7 6 1020
1830 72720 76200 6 1 3480
1831 76320 77220 1 4 900
1832 77340 79920 4 9 2580
1834 31440 34260 8 6 2820
1835 34440 35460 6 7 1020
1836 35580 36900 7 5 1320
1837 37020 38100 5 3 1080
1838 38220 39000 3 0 780
1839 42060 42840 0 3 780
1840 42960 44040 3 5 1080
1841 44160 45480 5 7 1320
1842 45600 46620 7 6 1020
1843 46740 49560 6 8 2820
1844 49680 52320 8 10 2640
1845 56460 57240 0 3 780
1846 57360 58440 3 5 1080
1847 58560 59880 5 7 1320
1848 60000 61020 7 6 1020
1849 61140 63960 6 8 2820
1850 64080 66720 8 10 2640
1851 70860 71640 0 3 780
1852 71760 72840 3 5 1080
1853 72960 74280 5 7 1320
1854 74400 75420 7 6 1020
1855 75540 78360 6 8 2820
1859 34140 35040 4 1 900
1860 35160 38640 1 6 3480
1861 38760 39900 6 12 1140
1862 40020 42480 12 15 2460
1863 46140 48600 15 12 2460
1864 48720 49860 12 6 1140
1865 49980 53460 6 1 3480
1866 53580 54480 1 4 900
1867 54600 57900 4 14 3300
1868 58020 59820 14 17 1800
1869 60540 63000 15 12 2460
1870 63120 64260 12 6 1140
1871 64380 67860 6 1 3480
1872 67980 68880 1 4 900
1873 69000 72300 4 14 3300
1874 72420 74220 14 17 1800
1875 74940 77400 15 12 2460
1876 77520 78660 12 6 1140
1877 78780 82260 6 1 3480
1878 82380 83280 1 4 900
1882 30240 31020 3 0 780
1883 31260 33660 0 1 2400
1884 33780 34680 1 4 900
1885 34800 36300 4 18 1500
1886 40140 41640 18 4 1500
1887 41760 42660 4 1 900
1888 42900 45420 1 0 2520
1889 45540 46320 0 3 780
1890 46560 47640 3 5 1080
1891 50940 52440 18 4 1500
1892 52560 53460 4 1 900
1893 53700 56220 1 0 2520
1894 56340 57120 0 3 780
1895 57360 58440 3 5 1080
1896 61740 63240 18 4 1500
1897 63360 64260 4 1 900
1898 64500 67020 1 0 2520
1899 67140 67920 0 3 780
1900 68160 69240 3 5 1080
1901 72540 74040 18 4 1500
1902 74160 75060 4 1 900
1903 75300 77820 1 0 2520
1904 77940 78720 0 3 780
1907 30480 31560 5 3 1080
1908 31680 33960 3 1 2280
1909 34080 34980 1 4 900
1910 35100 38400 4 14 3300
1911 38520 40320 14 17 1800
1912 41820 43620 17 14 1800
1913 43740 47040 14 4 3300
1914 47160 48060 4 1 900
1915 48180 50460 1 3 2280
1916 50580 51660 3 5 1080
1917 51780 53100 5 7 1320
1918 56220 58020 17 14 1800
1919 58140 61440 14 4 3300
1920 61560 62460 4 1 900
1921 62580 64860 1 3 2280
1922 64980 66060 3 5 1080
1923 66180 67500 5 7 1320
1924 70620 72420 17 14 1800
1925 72540 75840 14 4 3300
1926 75960 76860 4 1 900
1930 29220 30000 0 3 780
1931 30120 31200 3 5 1080
1932 31320 32640 5 7 1320
1933 32760 33480 7 12 720
1934 33600 36060 12 15 2460
1935 37740 40200 15 12 2460
1936 40320 41040 12 7 720
1937 41160 42480 7 5 1320
1938 42600 43680 5 3 1080
1939 43800 44580 3 0 780
1940 48540 51000 15 12 2460
1941 51120 51840 12 7 720
1942 51960 53280 7 5 1320
1943 53400 54480 5 3 1080
1944 54600 55380 3 0 780
1945 59340 61800 15 12 2460
1946 61920 62640 12 7 720
1947 62760 64080 7 5 1320
1948 64200 65280 5 3 1080
1949 65400 66180 3 0 780
1950 70140 72600 15 12 2460
1951 72720 73440 12 7 720
1952 73560 74880 7 5 1320
1953 75000 76080 5 3 1080
1954 76200 76980 3 0 780
1957 34320 37140 8 6 2820
1958 37260 38400 6 12 1140
1959 42180 43320 12 6 1140
1960 43560 46380 6 8 2820
1961 46620 49620 8 18 3000
1962 49740 51600 18 9 1860
1963 52980 54120 12 6 1140
1964 54360 57180 6 8 2820
1965 57420 60420 8 18 3000
1966 60540 62400 18 9 1860
1967 63780 64920 12 6 1140
1968 65160 67980 6 8 2820
1969 68220 71220 8 18 3000
1970 71340 73200 18 9 1860
1971 74580 75720 12 6 1140
1972 75960 78780 6 8 2820
1973 79020 82020 8 18 3000
1977 32100 34620 1 0 2520
1978 34740 35520 0 3 780
1979 35760 36840 3 5 1080
1980 39840 40920 5 3 1080
1981 41040 41820 3 0 780
1982 42060 44460 0 1 2400
1983 44580 45480 1 4 900
1984 45600 47100 4 18 1500
1985 50640 51720 5 3 1080
1986 51840 52620 3 0 780
1987 52860 55260 0 1 2400
1988 55380 56280 1 4 900
1989 56400 57900 4 18 1500
1990 61440 62520 5 3 1080
1991 62640 63420 3 0 780
1992 63660 66060 0 1 2400
1993 66180 67080 1 4 900
1994 67200 68700 4 18 1500
1995 72240 73320 5 3 1080
1996 73440 74220 3 0 780
1997 74460 76860 0 1 2400
1998 76980 77880 1 4 900
1999 78000 79500 4 18 1500
2003 35100 37740 8 10 2640
2004 37860 40200 10 13 2340
2005 44040 46380 13 10 2340
2006 46500 49140 10 8 2640
2007 49260 52260 8 18 3000
2008 52380 53880 18 4 1500
2009 54000 54900 4 1 900
2010 58440 60780 13 10 2340
2011 60900 63540 10 8 2640
2012 63660 66660 8 18 3000
2013 66780 68280 18 4 1500
2014 68400 69300 4 1 900
2015 72840 75180 13 10 2340
2016 75300 77940 10 8 2640
2017 78060 81060 8 18 3000
2018 81180 82680 18 4 1500
2019 82800 83700 4 1 900
2021 31380 32700 5 7 1320
2022 32820 33840 7 6 1020
2023 33960 36780 6 8 2820
2024 36900 39540 8 10 2640
2025 39660 42000 10 13 2340
2026 45780 48120 13 10 2340
2027 48240 50880 10 8 2640
2028 51000 53820 8 6 2820
2029 53940 54960 6 7 1020
2030 55080 56400 7 5 1320
2031 56640 58320 5 2 1680
2032 60180 62520 13 10 2340
2033 62640 65280 10 8 2640
2034 65400 68220 8 6 2820
2035 68340 69360 6 7 1020
2036 69480 70800 7 5 1320
2037 71040 72720 5 2 1680
2038 74580 76920 13 10 2340
2039 77040 79680 10 8 2640
2040 79800 82620 8 6 2820
2046 34860 37860 8 18 3000
2047 37980 39480 18 4 1500
2048 39600 40500 4 1 900
2049 43740 44640 1 4 900
2050 44760 46260 4 18 1500
2051 46380 49380 18 8 3000
2052 49500 52140 8 10 2640
2053 52260 54600 10 13 2340
2054 58140 59040 1 4 900
2055 59160 60660 4 18 1500
2056 60780 63780 18 8 3000
2057 63900 66540 8 10 2640
2058 66660 69000 10 13 2340
2059 72540 73440 1 4 900
2060 73560 75060 4 18 1500
2061 75180 78180 18 8 3000
2065 31560 33240 2 5 1680
2066 33360 34680 5 7 1320
2067 34800 35520 7 12 720
2068 39120 39840 12 7 720
2069 39960 41280 7 5 1320
2070 41400 43080 5 2 1680
2071 43200 44940 2 11 1740
2075 36240 37140 4 1 900
2076 37260 39660 1 0 2400
2077 39780 41340 0 2 1560
2078 41460 43200 2 11 1740
2079 45720 47460 11 2 1740
2080 47580 49140 2 0 1560
2081 49260 51660 0 1 2400
2082 51780 52680 1 4 900
2083 52800 56100 4 14 3300
2084 56220 58020 14 17 1800
2085 58140 59220 17 16 1080
2086 60120 61860 11 2 1740
2087 61980 63540 2 0 1560
2088 63660 66060 0 1 2400
2089 66180 67080 1 4 900
2090 67200 70500 4 14 3300
2091 70620 72420 14 17 1800
2092 72540 73620 17 16 1080
2093 74520 76260 11 2 1740
2094 76380 77940 2 0 1560
2095 78060 80460 0 1 2400
2096 80580 81480 1 4 900
2102 36360 37260 4 1 900
2103 37380 39660 1 3 2280
2104 39780 40860 3 5 1080
2105 40980 42300 5 7 1320
2106 43440 44760 7 5 1320
2107 44880 45960 5 3 1080
2108 46080 48360 3 1 2280
2109 48480 49380 1 4 900
2110 49500 52800 4 14 3300
2111 52920 54720 14 17 1800
2112 57840 59160 7 5 1320
2113 59280 60360 5 3 1080
2114 60480 62760 3 1 2280
2115 62880 63780 1 4 900
2116 63900 67200 4 14 3300
2117 67320 69120 14 17 1800
2118 72240 73560 7 5 1320
2119 73680 74760 5 3 1080
2120 74880 77160 3 1 2280
2121 77280 78180 1 4 900
2126 34020 35880 9 18 1860
2127 36000 39000 18 8 3000
2128 39120 41760 8 10 2640
2129 41880 44220 10 13 2340
2130 45960 48300 13 10 2340
2131 48420 51060 10 8 2640
2132 51180 54180 8 18 3000
2133 54300 56160 18 9 1860
2134 56280 57060 9 14 780
2135 57180 58980 14 17 1800
2136 60360 62700 13 10 2340
2137 62820 65460 10 8 2640
2138 65580 68580 8 18 3000
2139 68700 70560 18 9 1860
2140 70680 71460 9 14 780
2141 71580 73380 14 17 1800
2142 74760 77100 13 10 2340
2143 77220 79860 10 8 2640
2148 31260 33660 0 1 2400
2149 33780 34680 1 4 900
2150 34800 37380 4 9 2580
2151 37500 38280 9 14 780
2152 39180 39960 14 9 780
2153 40080 42660 9 4 2580
2154 42780 43680 4 1 900
2155 43800 46200 1 0 2400
2156 49980 50760 14 9 780
2157 50880 53460 9 4 2580
2158 53580 54480 4 1 900
2159 54600 57000 1 0 2400
2160 60780 61560 14 9 780
2161 61680 64260 9 4 2580
2162 64380 65280 4 1 900
2163 65400 67800 1 0 2400
2164 71580 72360 14 9 780
2165 72480 75060 9 4 2580
2166 75180 76080 4 1 900
2167 76200 78600 1 0 2400
2168 31260 32040 0 3 780
2169 32160 33240 3 5 1080
2170 33360 34680 5 7 1320
2171 34800 35820 7 6 1020
2172 35940 38760 6 8 2820
2173 38880 41520 8 10 2640
2174 43080 45720 10 8 2640
2175 45840 48660 8 6 2820
2176 48840 49860 6 7 1020
2177 49980 51300 7 5 1320
2178 51420 52500 5 3 1080
2179 52620 53400 3 0 780
2180 57480 60120 10 8 2640
2181 60240 63060 8 6 2820
2182 63240 64260 6 7 1020
2183 64380 65700 7 5 1320
2184 65820 66900 5 3 1080
2185 67020 67800 3 0 780
2186 71880 74520 10 8 2640
2187 74640 77460 8 6 2820
2188 77640 78660 6 7 1020
2193 33180 34740 2 0 1560
2194 34860 37260 0 1 2400
2195 37380 38280 1 4 900
2196 38400 41700 4 14 3300
2197 41820 43620 14 17 1800
2198 43740 44820 17 16 1080
2199 47700 48780 16 17 1080
2200 48900 50700 17 14 1800
2201 50820 54120 14 4 3300
2202 54240 55140 4 1 900
2203 55260 57660 1 0 2400
2204 57780 59340 0 2 1560
2205 59460 61200 2 11 1740
2206 62100 63180 16 17 1080
2207 63300 65100 17 14 1800
2208 65220 68520 14 4 3300
2209 68640 69540 4 1 900
2210 69660 72060 1 0 2400
2211 72180 73740 0 2 1560
2212 73860 75600 2 11 1740
2213 76500 77580 16 17 1080
2214 77700 79500 17 14 1800
2215 79620 82920 14 4 3300
2216 83040 83940 4 1 900
2221 33840 36480 10 8 2640
2222 36600 39420 8 6 2820
2223 39540 40560 6 7 1020
2224 40680 42000 7 5 1320
2225 42240 43920 5 2 1680
2226 47580 49260 2 5 1680
2227 49380 50700 5 7 1320
2228 50820 51840 7 6 1020
2229 51960 54780 6 8 2820
2230 54900 57540 8 10 2640
2231 57660 60000 10 13 2340
2232 61980 63660 2 5 1680
2233 63780 65100 5 7 1320
2234 65220 66240 7 6 1020
2235 66360 69180 6 8 2820
2236 69300 71940 8 10 2640
2237 72060 74400 10 13 2340
2238 76380 78060 2 5 1680
2239 78180 79500 5 7 1320
2240 79620 80640 7 6 1020
2241 80760 83580 6 8 2820
2242 83700 86340 8 10 2640
2244 31380 32520 12 6 1140
2245 32760 35580 6 8 2820
2246 35820 38820 8 18 3000
2247 38940 40800 18 9 1860
2248 43620 45480 9 18 1860
2249 45600 48600 18 8 3000
2250 48720 51540 8 6 2820
2251 51660 52800 6 12 1140
2252 54420 56280 9 18 1860
2253 56400 59400 18 8 3000
2254 59520 62340 8 6 2820
2255 62460 63600 6 12 1140
2256 65220 67080 9 18 1860
2257 67200 70200 18 8 3000
2258 70320 73140 8 6 2820
2259 73260 74400 6 12 1140
2260 76020 77880 9 18 1860
2261 78000 81000 18 8 3000
2262 81120 83940 8 6 2820
2265 34020 36660 10 8 2640
2266 36780 39780 8 18 3000
2267 39900 41760 18 9 1860
2268 41880 42660 9 14 780
2269 42780 44580 14 17 1800
2270 45600 47400 17 14 1800
2271 47520 48300 14 9 780
2272 48420 50280 9 18 1860
2273 50400 53400 18 8 3000
2274 53520 56160 8 10 2640
2275 56280 58620 10 13 2340
2276 60000 61800 17 14 1800
2277 61920 62700 14 9 780
2278 62820 64680 9 18 1860
2279 64800 67800 18 8 3000
2280 67920 70560 8 10 2640
2281 70680 73020 10 13 2340
2282 74400 76200 17 14 1800
2283 76320 77100 14 9 780
2284 77220 79080 9 18 1860
2285 79200 82200 18 8 3000
2286 82320 84960 8 10 2640
2291 35640 38220 9 4 2580
2292 38340 39240 4 1 900
2293 39360 41640 1 3 2280
2294 42960 45240 3 1 2280
2295 45360 46260 1 4 900
2296 46380 48960 4 9 2580
2297 49080 49860 9 14 780
2298 49980 51780 14 17 1800
2299 51900 52980 17 16 1080
2300 53760 56040 3 1 2280
2301 56160 57060 1 4 900
2302 57180 59760 4 9 2580
2303 59880 60660 9 14 780
2304 60780 62580 14 17 1800
2305 62700 63780 17 16 1080
2306 64560 66840 3 1 2280
2307 66960 67860 1 4 900
2308 67980 70560 4 9 2580
2309 70680 71460 9 14 780
2310 71580 73380 14 17 1800
2311 73500 74580 17 16 1080
2312 75360 77640 3 1 2280
2313 77760 78660 1 4 900
2319 34320 35460 12 6 1140
2320 35580 39060 6 1 3480
2321 39180 40080 1 4 900
2322 40200 43500 4 14 3300
2323 43620 45420 14 17 1800
2324 46800 48600 17 14 1800
2325 48720 52020 14 4 3300
2326 52140 53040 4 1 900
2327 53160 56640 1 6 3480
2328 56760 57900 6 12 1140
2329 58020 60480 12 15 2460
2330 61200 63000 17 14 1800
2331 63120 66420 14 4 3300
2332 66540 67440 4 1 900
2333 67560 71040 1 6 3480
2334 71160 72300 6 12 1140
2335 72420 74880 12 15 2460
2336 75600 77400 17 14 1800
2337 77520 80820 14 4 3300
2338 80940 81840 4 1 900
2339 81960 85440 1 6 3480
2342 31980 33000 7 6 1020
2343 33120 36600 6 1 3480
2344 36720 37620 1 4 900
2345 37740 40320 4 9 2580
2346 43020 45600 9 4 2580
2347 45720 46620 4 1 900
2348 46740 50220 1 6 3480
2349 50340 51360 6 7 1020
2350 53820 56400 9 4 2580
2351 56520 57420 4 1 900
2352 57540 61020 1 6 3480
2353 61140 62160 6 7 1020
2354 64620 67200 9 4 2580
2355 67320 68220 4 1 900
2356 68340 71820 1 6 3480
2357 71940 72960 6 7 1020
2358 75420 78000 9 4 2580
2359 78120 79020 4 1 900
2360 79140 82620 1 6 3480
2362 32160 34440 3 1 2280
2363 34560 35460 1 4 900
2364 35580 38160 4 9 2580
2365 38280 39060 9 14 780
2366 39180 40980 14 17 1800
2367 41100 42180 17 16 1080
2368 46020 47100 16 17 1080
2369 47220 49020 17 14 1800
2370 49140 49920 14 9 780
2371 50040 52620 9 4 2580
2372 52740 53640 4 1 900
2373 53760 56040 1 3 2280
2374 56820 57900 16 17 1080
2375 58020 59820 17 14 1800
2376 59940 60720 14 9 780
2377 60840 63420 9 4 2580
2378 63540 64440 4 1 900
2379 64560 66840 1 3 2280
2380 67620 68700 16 17 1080
2381 68820 70620 17 14 1800
2382 70740 71520 14 9 780
2383 71640 74220 9 4 2580
2384 74340 75240 4 1 900
2385 75360 77640 1 3 2280
2393 34920 35820 4 1 900
2394 35940 39420 1 6 3480
2395 39540 40560 6 7 1020
2396 42780 43800 7 6 1020
2397 43920 47400 6 1 3480
2398 47520 48420 1 4 900
2399 48540 51120 4 9 2580
2400 53580 54600 7 6 1020
2401 54720 58200 6 1 3480
2402 58320 59220 1 4 900
2403 59340 61920 4 9 2580
2404 64380 65400 7 6 1020
2405 65520 69000 6 1 3480
2406 69120 70020 1 4 900
2407 70140 72720 4 9 2580
2408 75180 76200 7 6 1020
2409 76320 79800 6 1 3480
2410 79920 80820 1 4 900
2413 35040 37860 8 6 2820
2414 38040 39060 6 7 1020
2415 39180 40500 7 5 1320
2416 40620 41700 5 3 1080
2417 41820 42600 3 0 780
2418 45660 46440 0 3 780
2419 46560 47640 3 5 1080
2420 47760 49080 5 7 1320
2421 49200 50220 7 6 1020
2422 50340 53160 6 8 2820
2423 53280 55920 8 10 2640
2424 60060 60840 0 3 780
2425 60960 62040 3 5 1080
2426 62160 63480 5 7 1320
2427 63600 64620 7 6 1020
2428 64740 67560 6 8 2820
2429 67680 70320 8 10 2640
2430 74460 75240 0 3 780
2431 75360 76440 3 5 1080
2432 76560 77880 5 7 1320
2433 78000 79020 7 6 1020
2434 79140 81960 6 8 2820
2435 82080 84720 8 10 2640
2438 37740 38640 4 1 900
2439 38760 42240 1 6 3480
2440 42360 43500 6 12 1140
2441 43620 46080 12 15 2460
2442 49740 52200 15 12 2460
2443 52320 53460 12 6 1140
2444 53580 57060 6 1 3480
2445 57180 58080 1 4 900
2446 58200 61500 4 14 3300
2447 61620 63420 14 17 1800
2448 64140 66600 15 12 2460
2449 66720 67860 12 6 1140
2450 67980 71460 6 1 3480
2451 71580 72480 1 4 900
2452 72600 75900 4 14 3300
2453 76020 77820 14 17 1800
2454 78540 81000 15 12 2460
2455 81120 82260 12 6 1140
2460 32640 33960 7 5 1320
2461 34080 35160 5 3 1080
2462 35280 37560 3 1 2280
2463 37680 38580 1 4 900
2464 38700 42000 4 14 3300
2465 42120 43920 14 17 1800
2466 45420 47220 17 14 1800
2467 47340 50640 14 4 3300
2468 50760 51660 4 1 900
2469 51780 54060 1 3 2280
2470 54180 55260 3 5 1080
2471 55380 56700 5 7 1320
2472 59820 61620 17 14 1800
2473 61740 65040 14 4 3300
2474 65160 66060 4 1 900
2475 66180 68460 1 3 2280
2476 68580 69660 3 5 1080
2477 69780 71100 5 7 1320
2478 74220 76020 17 14 1800
2479 76140 79440 14 4 3300
2480 79560 80460 4 1 900
2484 32700 34260 0 2 1560
2485 34380 36060 2 5 1680
2486 37800 39480 5 2 1680
2487 39600 41160 2 0 1560
2489 34800 37800 18 8 3000
2490 37920 40740 8 6 2820
2491 40860 42000 6 12 1140
2492 45780 46920 12 6 1140
2493 47160 49980 6 8 2820
2494 50220 53220 8 18 3000
2495 53340 55200 18 9 1860
2496 32940 33840 1 4 900
2497 33960 35460 4 18 1500
2498 35580 38580 18 8 3000
2499 38700 41340 8 10 2640
2500 41460 43800 10 13 2340
2501 47640 49980 13 10 2340
2502 50100 52740 10 8 2640
2503 52860 55860 8 18 3000
2504 55980 57480 18 4 1500
2505 57600 58500 4 1 900
2506 62040 64380 13 10 2340
2507 64500 67140 10 8 2640
2508 67260 70260 8 18 3000
2509 70380 71880 18 4 1500
2510 72000 72900 4 1 900
2511 76440 78780 13 10 2340
2512 78900 81540 10 8 2640
2516 33180 34860 2 5 1680
2517 34980 36300 5 7 1320
2518 36420 37440 7 6 1020
2519 37560 40380 6 8 2820
2520 40500 43140 8 10 2640
2521 43260 45600 10 13 2340
2522 49380 51720 13 10 2340
2523 51840 54480 10 8 2640
2524 54600 57420 8 6 2820
2525 57540 58560 6 7 1020
2526 58680 60000 7 5 1320
2527 60240 61920 5 2 1680
2528 63780 66120 13 10 2340
2529 66240 68880 10 8 2640
2530 69000 71820 8 6 2820
2531 71940 72960 6 7 1020
2532 73080 74400 7 5 1320
2533 74640 76320 5 2 1680
2534 78180 80520 13 10 2340
2535 80640 83280 10 8 2640
2536 83400 86220 8 6 2820
2541 35700 38340 10 8 2640
2542 38460 41460 8 18 3000
2543 41580 43080 18 4 1500
2544 43200 44100 4 1 900
2545 47340 48240 1 4 900
2546 48360 49860 4 18 1500
2547 49980 52980 18 8 3000
2548 53100 55740 8 10 2640
2549 55860 58200 10 13 2340
2550 61740 62640 1 4 900
2551 62760 64260 4 18 1500
2552 64380 67380 18 8 3000
2553 67500 70140 8 10 2640
2554 70260 72600 10 13 2340
2555 76140 77040 1 4 900
2556 77160 78660 4 18 1500
2557 78780 81780 18 8 3000
2558 81900 84540 8 10 2640
2562 36420 39720 14 4 3300
2563 39840 40740 4 1 900
2564 40860 43260 1 0 2400
2565 43380 44940 0 2 1560
2566 45060 46800 2 11 1740
2567 49320 51060 11 2 1740
2568 51180 52740 2 0 1560
2569 52860 55260 0 1 2400
2570 55380 56280 1 4 900
2571 56400 59700 4 14 3300
2572 59820 61620 14 17 1800
2573 61740 62820 17 16 1080
2574 63720 65460 11 2 1740
2575 65580 67140 2 0 1560
2576 67260 69660 0 1 2400
2577 69780 70680 1 4 900
2578 70800 74100 4 14 3300
2579 74220 76020 14 17 1800
2581 78120 79860 11 2 1740
2582 79980 81540 2 0 1560
2583 81660 84060 0 1 2400
2589 36720 37500 14 9 780
2590 37620 39480 9 18 1860
2591 39600 42600 18 8 3000
2592 42720 45360 8 10 2640
2593 45480 47820 10 13 2340
2594 49560 51900 13 10 2340
2595 52020 54660 10 8 2640
2596 54780 57780 8 18 3000
2597 57900 59760 18 9 1860
2598 59880 60660 9 14 780
2599 60780 62580 14 17 1800
2600 63960 66300 13 10 2340
2601 66420 69060 10 8 2640
2602 69180 72180 8 18 3000
2603 72300 74160 18 9 1860
2604 74280 75060 9 14 780
2605 75180 76980 14 17 1800
2606 78360 80700 13 10 2340
2607 80820 83460 10 8 2640
2612 34860 35640 0 3 780
2613 35760 36840 3 5 1080
2614 36960 38280 5 7 1320
2615 38400 39420 7 6 1020
2616 39540 42360 6 8 2820
2617 42480 45120 8 10 2640
2618 46680 49320 10 8 2640
2619 49440 52260 8 6 2820
2620 52440 53460 6 7 1020
2621 53580 54900 7 5 1320
2622 55020 56100 5 3 1080
2623 56220 57000 3 0 780
2624 61080 63720 10 8 2640
2625 63840 66660 8 6 2820
2626 66840 67860 6 7 1020
2627 67980 69300 7 5 1320
2628 69420 70500 5 3 1080
2629 70620 71400 3 0 780
2630 75480 78120 10 8 2640
2631 78240 81060 8 6 2820
2636 34920 36660 11 2 1740
2637 36780 38340 2 0 1560
2638 38460 40860 0 1 2400
2639 40980 41880 1 4 900
2640 42000 45300 4 14 3300
2641 45420 47220 14 17 1800
2642 47340 48420 17 16 1080
2643 51300 52380 16 17 1080
2644 52500 54300 17 14 1800
2645 54420 57720 14 4 3300
2646 57840 58740 4 1 900
2647 58860 61260 1 0 2400
2648 61380 62940 0 2 1560
2649 63060 64800 2 11 1740
2650 65700 66780 16 17 1080
2651 66900 68700 17 14 1800
2652 68820 72120 14 4 3300
2653 72240 73140 4 1 900
2654 73260 75660 1 0 2400
2655 75780 77340 0 2 1560
2658 37440 40080 10 8 2640
2659 40200 43020 8 6 2820
2660 43140 44160 6 7 1020
2661 44280 45600 7 5 1320
2662 45840 47520 5 2 1680
2663 51180 52860 2 5 1680
2664 52980 54300 5 7 1320
2665 54420 55440 7 6 1020
2666 55560 58380 6 8 2820
2667 58500 61140 8 10 2640
2668 61260 63600 10 13 2340
2669 65580 67260 2 5 1680
2670 67380 68700 5 7 1320
2671 68820 69840 7 6 1020
2672 69960 72780 6 8 2820
2673 72900 75540 8 10 2640
2676 37620 40260 10 8 2640
2677 40380 43380 8 18 3000
2678 43500 45360 18 9 1860
2679 45480 46260 9 14 780
2680 46380 48180 14 17 1800
2681 49200 51000 17 14 1800
2682 51120 51900 14 9 780
2683 52020 53880 9 18 1860
2684 54000 57000 18 8 3000
2685 57120 59760 8 10 2640
2686 59880 62220 10 13 2340
2687 63600 65400 17 14 1800
2688 65520 66300 14 9 780
2689 66420 68280 9 18 1860
2690 68400 71400 18 8 3000
2691 71520 74160 8 10 2640
2692 74280 76620 10 13 2340
2693 78000 79800 17 14 1800
2694 79920 80700 14 9 780
2695 80820 82680 9 18 1860
2696 82800 85800 18 8 3000
2697 85920 88560 8 10 2640
2701 38340 39120 14 9 780
2702 39240 41820 9 4 2580
2703 41940 42840 4 1 900
2704 42960 45240 1 3 2280
2705 46560 48840 3 1 2280
2706 48960 49860 1 4 900
2707 49980 52560 4 9 2580
2708 52680 53460 9 14 780
2709 53580 55380 14 17 1800
2710 55500 56580 17 16 1080
2711 35340 37800 15 12 2460
2712 37920 39060 12 6 1140
2713 39180 42660 6 1 3480
2714 42780 43680 1 4 900
2715 43800 47100 4 14 3300
2716 47220 49020 14 17 1800
2717 50400 52200 17 14 1800
2718 52320 55620 14 4 3300
2719 55740 56640 4 1 900
2720 56760 60240 1 6 3480
2721 60360 61500 6 12 1140
2722 61620 64080 12 15 2460
2723 64800 66600 17 14 1800
2724 66720 70020 14 4 3300
2725 70140 71040 4 1 900
2726 71160 74640 1 6 3480
2727 74760 75900 6 12 1140
2729 79200 81000 17 14 1800
2730 81120 84420 14 4 3300
2731 84540 85440 4 1 900
2732 85560 89040 1 6 3480
2736 37920 41220 14 4 3300
2737 41340 42240 4 1 900
2738 42360 45840 1 6 3480
2739 45960 47100 6 12 1140
2740 47220 49680 12 15 2460
2741 53340 55800 15 12 2460
2742 55920 57060 12 6 1140
2743 57180 60660 6 1 3480
2744 60780 61680 1 4 900
2745 61800 65100 4 14 3300
2746 65220 67020 14 17 1800
2747 36780 38460 2 5 1680
2748 38580 39900 5 7 1320
2749 40020 41040 7 6 1020
2750 41160 43980 6 8 2820
2751 44100 46740 8 10 2640
2752 46860 49200 10 13 2340
2753 52980 55320 13 10 2340
2754 55440 58080 10 8 2640
2755 58200 61020 8 6 2820
2756 61140 62160 6 7 1020
2757 62280 63600 7 5 1320
2758 63840 65520 5 2 1680
2760 38100 39900 17 14 1800
2761 40020 43320 14 4 3300
2762 43440 44340 4 1 900
2763 44460 46860 1 0 2400
2764 46980 48540 0 2 1560
2765 48660 50400 2 11 1740
2766 52920 54660 11 2 1740
2767 54780 56340 2 0 1560
2768 56460 58860 0 1 2400
2769 58980 59880 1 4 900
2770 60000 63300 4 14 3300
2771 63420 65220 14 17 1800
2772 65340 66420 17 16 1080
2773 39900 41460 0 2 1560
2774 41580 43260 2 5 1680
2775 45000 46680 5 2 1680
2776 46800 48360 2 0 1560
2777 40020 40800 0 3 780
2778 40920 42000 3 5 1080
2779 42120 43440 5 7 1320
2780 43560 44280 7 12 720
2781 44400 46860 12 15 2460
2782 48540 51000 15 12 2460
2783 51120 51840 12 7 720
2784 51960 53280 7 5 1320
2785 53400 54480 5 3 1080
2786 54600 55380 3 0 780
2787 42060 44460 0 1 2400
2788 44580 45480 1 4 900
2789 45600 48180 4 9 2580
2790 48300 49080 9 14 780
2791 49980 50760 14 9 780
2792 50880 53460 9 4 2580
2793 53580 54480 4 1 900
2794 54600 57000 1 0 2400
2795 47040 48360 7 5 1320
2796 48480 49560 5 3 1080
2797 49680 51960 3 1 2280
2798 52080 52980 1 4 900
2799 53100 56400 4 14 3300
2800 56520 58320 14 17 1800
2801 59820 61620 17 14 1800
2802 61740 65040 14 4 3300
2803 65160 66060 4 1 900
2804 66180 68460 1 3 2280
2805 68580 69660 3 5 1080
2806 69780 71100 5 7 1320
2807 47100 48660 0 2 1560
2808 48780 50460 2 5 1680
2809 52200 53880 5 2 1680
2810 54000 55560 2 0 1560
2811 49260 50040 0 3 780
2812 50160 51240 3 5 1080
2813 51360 52680 5 7 1320
2814 52800 53820 7 6 1020
2815 53940 56760 6 8 2820
2816 56880 59520 8 10 2640
2817 61080 63720 10 8 2640
2818 63840 66660 8 6 2820
2819 66840 67860 6 7 1020
2820 67980 69300 7 5 1320
2821 69420 70500 5 3 1080
2822 70620 71400 3 0 780
2823 50820 51600 0 3 780
2824 51720 52800 3 5 1080
2825 52920 54240 5 7 1320
2826 54360 55080 7 12 720
2827 55200 57660 12 15 2460
2828 59340 61800 15 12 2460
2829 61920 62640 12 7 720
2830 62760 64080 7 5 1320
2831 64200 65280 5 3 1080
2832 65400 66180 3 0 780
2833 52860 55260 0 1 2400
2834 55380 56280 1 4 900
2835 56400 58980 4 9 2580
2836 59100 59880 9 14 780
2837 60780 61560 14 9 780
2838 61680 64260 9 4 2580
2839 64380 65280 4 1 900
2840 65400 67800 1 0 2400
2841 54300 55860 0 2 1560
2842 55980 57660 2 5 1680
2843 59400 61080 5 2 1680
2844 61200 62760 2 0 1560
2845 61440 62760 7 5 1320
2846 62880 63960 5 3 1080
2847 64080 66360 3 1 2280
2848 66480 67380 1 4 900
2849 67500 70800 4 14 3300
2850 70920 72720 14 17 1800
2851 74220 76020 17 14 1800
2852 76140 79440 14 4 3300
2853 79560 80460 4 1 900
2857 61500 63060 0 2 1560
2858 63180 64860 2 5 1680
2859 66600 68280 5 2 1680
2860 68400 69960 2 0 1560
2861 61620 62400 0 3 780
2862 62520 63600 3 5 1080
2863 63720 65040 5 7 1320
2864 65160 65880 7 12 720
2865 66000 68460 12 15 2460
2866 70140 72600 15 12 2460
2867 72720 73440 12 7 720
2868 73560 74880 7 5 1320
2869 75000 76080 5 3 1080
2870 76200 76980 3 0 780
2871 63660 66060 0 1 2400
2872 66180 67080 1 4 900
2873 67200 69780 4 9 2580
2874 69900 70680 9 14 780
2875 71580 72360 14 9 780
2876 72480 75060 9 4 2580
2877 75180 76080 4 1 900
2878 76200 78600 1 0 2400
2879 63660 64440 0 3 780
2880 64560 65640 3 5 1080
2881 65760 67080 5 7 1320
2882 67200 68220 7 6 1020
2883 68340 71160 6 8 2820
2884 71280 73920 8 10 2640
2885 75480 78120 10 8 2640
2886 78240 81060 8 6 2820
2891 68700 70260 0 2 1560
2892 70380 72060 2 5 1680
2893 73800 75480 5 2 1680
2894 75600 77160 2 0 1560
2895 72420 73200 0 3 780
2896 73320 74400 3 5 1080
2897 74520 75840 5 7 1320
2898 75960 76680 7 12 720
2905 74460 76860 0 1 2400
2906 76980 77880 1 4 900
2913 75840 77160 7 5 1320
2914 77280 78360 5 3 1080
2915 78480 80760 3 1 2280
2916 80880 81780 1 4 900
2925 75900 77460 0 2 1560
2926 77580 79260 2 5 1680
2929 78060 78840 0 3 780
2930 78960 80040 3 5 1080
2931 80160 81480 5 7 1320
2932 81600 82620 7 6 1020
2933 82740 85560 6 8 2820
2934 85680 88320 8 10 2640
2935 89880 92520 10 8 2640
2936 92640 95460 8 6 2820
