0 3 13
3 5 18
5 7 22
7 12 12
6 7 17
2 11 29
1 3 38
1 4 15
4 18 25
9 14 13
16 17 18
12 15 41
3 0 13
5 3 18
7 5 22
12 7 12
7 6 17
11 2 29
3 1 38
4 1 15
18 4 25
14 9 13
17 16 18
15 12 41
6 12 19
12 6 19
4 9 43
9 4 43
14 19 16
19 14 16
17 19 12
19 17 12
15 20 11
20 15 11
10 21 27
21 10 27
13 21 10
21 13 10
10 22 11
22 10 11
8 22 31
22 8 31
6 23 40
23 6 40
8 23 5
23 8 5
5 24 8
24 5 8
9 25 20
25 9 20
18 25 9
25 18 9
24 26 9
26 24 9
8 27 15
27 8 15
0 28 11
28 0 11
1 28 27
28 1 27
0 29 16
29 0 16
2 29 8
29 2 8
2 30 12
30 2 12
5 30 14
30 5 14
20 31 24
31 20 24
26 31 11
31 26 11
18 32 6
32 18 6
27 32 25
32 27 25
4 33 5
33 4 5
1 34 12
34 1 12
6 34 44
34 6 44
14 35 14
35 14 14
33 35 32
35 33 32
6 36 14
36 6 14
3 37 10
37 3 10
36 37 19
37 36 19
