0 24900 27540 1 0 2640
1 27660 30180 0 5 2520
2 31080 33600 5 0 2520
3 33720 36360 0 1 2640
4 36480 37980 1 2 1500
5 38100 39660 2 3 1560
6 40680 43200 5 0 2520
7 43320 45960 0 1 2640
8 46080 47580 1 2 1500
9 47700 49260 2 3 1560
10 50280 52800 5 0 2520
11 52920 55560 0 1 2640
12 55680 57180 1 2 1500
13 57300 58860 2 3 1560
14 59880 62400 5 0 2520
15 62520 65160 0 1 2640
16 65280 66780 1 2 1500
17 66900 68460 2 3 1560
18 69480 72000 5 0 2520
19 72120 74760 0 1 2640
20 74880 76380 1 2 1500
21 76500 78060 2 3 1560
22 79080 81600 5 0 2520
23 81720 84360 0 1 2640
24 27660 30300 1 3 2640
25 30420 32460 3 4 2040
26 34860 37500 1 3 2640
27 37620 39660 3 4 2040
28 42060 44700 1 3 2640
29 44820 46860 3 4 2040
30 49260 51900 1 3 2640
31 52020 54060 3 4 2040
32 56460 59100 1 3 2640
33 59220 61260 3 4 2040
34 63660 66300 1 3 2640
35 66420 68460 3 4 2040
36 70860 73500 1 3 2640
37 73620 75660 3 4 2040
38 78060 80700 1 3 2640
39 28560 30240 3 2 1680
40 30480 33660 2 4 3180
41 35760 37440 3 2 1680
42 37680 40860 2 4 3180
43 42960 44640 3 2 1680
44 44880 48060 2 4 3180
45 50160 51840 3 2 1680
46 52080 55260 2 4 3180
47 57360 59040 3 2 1680
48 59280 62460 2 4 3180
49 64560 66240 3 2 1680
50 66480 69660 2 4 3180
51 71760 73440 3 2 1680
52 73680 76860 2 4 3180
53 28080 29580 1 2 1500
54 29700 31260 2 3 1560
55 32400 33960 3 2 1560
56 34080 35580 2 1 1500
57 35700 38340 1 0 2640
58 38460 40980 0 5 2520
59 42000 43560 3 2 1560
60 43680 45180 2 1 1500
61 45300 47940 1 0 2640
62 48060 50580 0 5 2520
63 51600 53160 3 2 1560
64 53280 54780 2 1 1500
65 54900 57540 1 0 2640
66 57660 60180 0 5 2520
67 61200 62760 3 2 1560
68 62880 64380 2 1 1500
69 64500 67140 1 0 2640
70 67260 69780 0 5 2520
71 70800 72360 3 2 1560
72 72480 73980 2 1 1500
73 74100 76740 1 0 2640
74 26100 28740 1 0 2640
75 28860 31380 0 5 2520
76 32280 34800 5 0 2520
77 34920 37560 0 1 2640
78 37680 39180 1 2 1500
79 39300 40860 2 3 1560
80 41880 44400 5 0 2520
81 44520 47160 0 1 2640
82 47280 48780 1 2 1500
83 48900 50460 2 3 1560
84 51480 54000 5 0 2520
85 54120 56760 0 1 2640
86 56880 58380 1 2 1500
87 58500 60060 2 3 1560
88 61080 63600 5 0 2520
89 63720 66360 0 1 2640
90 66480 67980 1 2 1500
91 68100 69660 2 3 1560
92 70680 73200 5 0 2520
93 73320 75960 0 1 2640
94 76080 77580 1 2 1500
95 77700 79260 2 3 1560
96 29280 30780 1 2 1500
97 30900 32460 2 3 1560
98 33600 35160 3 2 1560
99 35280 36780 2 1 1500
100 36900 39540 1 0 2640
101 39660 42180 0 5 2520
102 43200 44760 3 2 1560
103 44880 46380 2 1 1500
104 46500 49140 1 0 2640
105 49260 51780 0 5 2520
106 52800 54360 3 2 1560
107 54480 55980 2 1 1500
108 56100 58740 1 0 2640
109 58860 61380 0 5 2520
110 62400 63960 3 2 1560
111 64080 65580 2 1 1500
112 65700 68340 1 0 2640
113 68460 70980 0 5 2520
114 72000 73560 3 2 1560
115 73680 75180 2 1 1500
116 75300 77940 1 0 2640
117 27300 29940 1 0 2640
118 30060 32580 0 5 2520
119 33480 36000 5 0 2520
120 36120 38760 0 1 2640
121 38880 40380 1 2 1500
122 40500 42060 2 3 1560
123 43080 45600 5 0 2520
124 45720 48360 0 1 2640
125 48480 49980 1 2 1500
126 50100 51660 2 3 1560
127 52680 55200 5 0 2520
128 55320 57960 0 1 2640
129 58080 59580 1 2 1500
130 59700 61260 2 3 1560
131 62280 64800 5 0 2520
132 64920 67560 0 1 2640
133 67680 69180 1 2 1500
134 69300 70860 2 3 1560
135 71880 74400 5 0 2520
136 74520 77160 0 1 2640
137 77280 78780 1 2 1500
138 78900 80460 2 3 1560
139 24060 26700 1 3 2640
140 26820 28860 3 4 2040
141 32400 34440 4 3 2040
142 34560 37200 3 1 2640
143 39600 41640 4 3 2040
144 41760 44400 3 1 2640
145 46800 48840 4 3 2040
146 48960 51600 3 1 2640
147 54000 56040 4 3 2040
148 56160 58800 3 1 2640
149 61200 63240 4 3 2040
150 63360 66000 3 1 2640
151 68400 70440 4 3 2040
152 70560 73200 3 1 2640
153 75600 77640 4 3 2040
154 77760 80400 3 1 2640
155 32400 35580 4 2 3180
156 35700 37260 2 3 1560
157 39600 42780 4 2 3180
158 42900 44460 2 3 1560
159 46800 49980 4 2 3180
160 50100 51660 2 3 1560
161 54000 57180 4 2 3180
162 57300 58860 2 3 1560
163 61200 64380 4 2 3180
164 64500 66060 2 3 1560
165 68400 71580 4 2 3180
166 71700 73260 2 3 1560
167 75600 78780 4 2 3180
168 78900 80460 2 3 1560
169 30480 31980 1 2 1500
170 32100 33660 2 3 1560
171 34800 36360 3 2 1560
172 36480 37980 2 1 1500
173 38100 40740 1 0 2640
174 40860 43380 0 5 2520
175 44400 45960 3 2 1560
176 46080 47580 2 1 1500
177 47700 50340 1 0 2640
178 50460 52980 0 5 2520
179 54000 55560 3 2 1560
180 55680 57180 2 1 1500
181 57300 59940 1 0 2640
182 60060 62580 0 5 2520
183 63600 65160 3 2 1560
184 65280 66780 2 1 1500
185 66900 69540 1 0 2640
186 69660 72180 0 5 2520
187 73200 74760 3 2 1560
188 74880 76380 2 1 1500
189 76500 79140 1 0 2640
190 79260 81780 0 5 2520
191 28500 31140 1 0 2640
192 31260 33780 0 5 2520
193 34680 37200 5 0 2520
194 37320 39960 0 1 2640
195 40080 41580 1 2 1500
196 41700 43260 2 3 1560
197 44280 46800 5 0 2520
198 46920 49560 0 1 2640
199 49680 51180 1 2 1500
200 51300 52860 2 3 1560
201 53880 56400 5 0 2520
202 56520 59160 0 1 2640
203 59280 60780 1 2 1500
204 60900 62460 2 3 1560
205 63480 66000 5 0 2520
206 66120 68760 0 1 2640
207 68880 70380 1 2 1500
208 70500 72060 2 3 1560
209 73080 75600 5 0 2520
210 75720 78360 0 1 2640
211 78480 79980 1 2 1500
212 27360 30000 3 1 2640
213 31260 33900 1 3 2640
214 34020 36060 3 4 2040
215 38460 41100 1 3 2640
216 41220 43260 3 4 2040
217 45660 48300 1 3 2640
218 48420 50460 3 4 2040
219 52860 55500 1 3 2640
220 55620 57660 3 4 2040
221 60060 62700 1 3 2640
222 62820 64860 3 4 2040
223 67260 69900 1 3 2640
224 70020 72060 3 4 2040
225 74460 77100 1 3 2640
226 32160 33840 3 2 1680
227 34080 37260 2 4 3180
228 39360 41040 3 2 1680
229 41280 44460 2 4 3180
230 46560 48240 3 2 1680
231 48480 51660 2 4 3180
232 53760 55440 3 2 1680
233 55680 58860 2 4 3180
234 60960 62640 3 2 1680
235 62880 66060 2 4 3180
236 68160 69840 3 2 1680
237 70080 73260 2 4 3180
238 75360 77040 3 2 1680
239 28920 31560 0 1 2640
240 31680 33180 1 2 1500
241 33300 34860 2 3 1560
242 36000 37560 3 2 1560
243 37680 39180 2 1 1500
244 39300 41940 1 0 2640
245 42060 44580 0 5 2520
246 45600 47160 3 2 1560
247 47280 48780 2 1 1500
248 48900 51540 1 0 2640
249 51660 54180 0 5 2520
250 55200 56760 3 2 1560
251 56880 58380 2 1 1500
252 58500 61140 1 0 2640
253 61260 63780 0 5 2520
254 64800 66360 3 2 1560
255 66480 67980 2 1 1500
256 68100 70740 1 0 2640
257 70860 73380 0 5 2520
258 74400 75960 3 2 1560
259 76080 77580 2 1 1500
260 77700 80340 1 0 2640
261 80460 82980 0 5 2520
262 29700 32340 1 0 2640
263 32460 34980 0 5 2520
264 35880 38400 5 0 2520
265 38520 41160 0 1 2640
266 41280 42780 1 2 1500
267 42900 44460 2 3 1560
268 45480 48000 5 0 2520
269 48120 50760 0 1 2640
270 50880 52380 1 2 1500
271 52500 54060 2 3 1560
272 55080 57600 5 0 2520
273 57720 60360 0 1 2640
274 60480 61980 1 2 1500
275 62100 63660 2 3 1560
276 64680 67200 5 0 2520
277 67320 69960 0 1 2640
278 70080 71580 1 2 1500
279 71700 73260 2 3 1560
280 74280 76800 5 0 2520
281 76920 79560 0 1 2640
282 30120 32760 0 1 2640
283 32880 34380 1 2 1500
284 34500 36060 2 3 1560
285 37200 38760 3 2 1560
286 38880 40380 2 1 1500
287 40500 43140 1 0 2640
288 43260 45780 0 5 2520
289 46800 48360 3 2 1560
290 48480 49980 2 1 1500
291 50100 52740 1 0 2640
292 52860 55380 0 5 2520
293 56400 57960 3 2 1560
294 58080 59580 2 1 1500
295 59700 62340 1 0 2640
296 62460 64980 0 5 2520
297 66000 67560 3 2 1560
298 67680 69180 2 1 1500
299 69300 71940 1 0 2640
300 72060 74580 0 5 2520
301 75600 77160 3 2 1560
302 77280 78780 2 1 1500
303 78900 81540 1 0 2640
304 81660 84180 0 5 2520
305 27600 29160 3 2 1560
306 29280 30780 2 1 1500
307 30900 33540 1 0 2640
308 33660 36180 0 5 2520
309 37080 39600 5 0 2520
310 39720 42360 0 1 2640
311 42480 43980 1 2 1500
312 44100 45660 2 3 1560
313 46680 49200 5 0 2520
314 49320 51960 0 1 2640
315 52080 53580 1 2 1500
316 53700 55260 2 3 1560
317 56280 58800 5 0 2520
318 58920 61560 0 1 2640
319 61680 63180 1 2 1500
320 63300 64860 2 3 1560
321 65880 68400 5 0 2520
322 68520 71160 0 1 2640
323 71280 72780 1 2 1500
324 72900 74460 2 3 1560
325 75480 78000 5 0 2520
326 78120 80760 0 1 2640
327 31320 33960 0 1 2640
328 34080 35580 1 2 1500
329 35700 37260 2 3 1560
330 38400 39960 3 2 1560
331 40080 41580 2 1 1500
332 41700 44340 1 0 2640
333 44460 46980 0 5 2520
334 48000 49560 3 2 1560
335 49680 51180 2 1 1500
336 51300 53940 1 0 2640
337 54060 56580 0 5 2520
338 57600 59160 3 2 1560
339 59280 60780 2 1 1500
340 60900 63540 1 0 2640
341 63660 66180 0 5 2520
342 67200 68760 3 2 1560
343 68880 70380 2 1 1500
344 70500 73140 1 0 2640
345 73260 75780 0 5 2520
346 76800 78360 3 2 1560
347 78480 79980 2 1 1500
348 80100 82740 1 0 2640
349 82860 85380 0 5 2520
350 28800 30360 3 2 1560
351 30480 31980 2 1 1500
352 32100 34740 1 0 2640
353 34860 37380 0 5 2520
354 38280 40800 5 0 2520
355 40920 43560 0 1 2640
356 43680 45180 1 2 1500
357 45300 46860 2 3 1560
358 47880 50400 5 0 2520
359 50520 53160 0 1 2640
360 53280 54780 1 2 1500
361 54900 56460 2 3 1560
362 57480 60000 5 0 2520
363 60120 62760 0 1 2640
364 62880 64380 1 2 1500
365 64500 66060 2 3 1560
366 67080 69600 5 0 2520
367 69720 72360 0 1 2640
368 72480 73980 1 2 1500
369 74100 75660 2 3 1560
370 76680 79200 5 0 2520
371 79320 81960 0 1 2640
372 30960 33600 3 1 2640
373 34860 37500 1 3 2640
374 37620 39660 3 4 2040
375 32100 33660 2 3 1560
376 35760 37440 3 2 1680
377 37680 40860 2 4 3180
378 32520 35160 0 1 2640
379 35280 36780 1 2 1500
380 36900 38460 2 3 1560
381 39600 41160 3 2 1560
382 41280 42780 2 1 1500
383 42900 45540 1 0 2640
384 45660 48180 0 5 2520
385 49200 50760 3 2 1560
386 50880 52380 2 1 1500
387 52500 55140 1 0 2640
388 55260 57780 0 5 2520
389 58800 60360 3 2 1560
390 60480 61980 2 1 1500
391 62100 64740 1 0 2640
392 64860 67380 0 5 2520
393 68400 69960 3 2 1560
394 70080 71580 2 1 1500
395 71700 74340 1 0 2640
396 74460 76980 0 5 2520
397 78000 79560 3 2 1560
398 79680 81180 2 1 1500
399 81300 83940 1 0 2640
400 84060 86580 0 5 2520
401 30000 31560 3 2 1560
402 31680 33180 2 1 1500
403 33300 35940 1 0 2640
404 36060 38580 0 5 2520
405 39480 42000 5 0 2520
406 42120 44760 0 1 2640
407 44880 46380 1 2 1500
408 46500 48060 2 3 1560
409 49080 51600 5 0 2520
410 51720 54360 0 1 2640
411 54480 55980 1 2 1500
412 56100 57660 2 3 1560
413 58680 61200 5 0 2520
414 61320 63960 0 1 2640
415 64080 65580 1 2 1500
416 65700 67260 2 3 1560
417 68280 70800 5 0 2520
418 70920 73560 0 1 2640
419 73680 75180 1 2 1500
420 75300 76860 2 3 1560
421 77880 80400 5 0 2520
422 80520 83160 0 1 2640
423 31200 32760 3 2 1560
424 32880 34380 2 1 1500
425 34500 37140 1 0 2640
426 37260 39780 0 5 2520
427 40680 43200 5 0 2520
428 43320 45960 0 1 2640
429 46080 47580 1 2 1500
430 47700 49260 2 3 1560
431 36000 38040 4 3 2040
432 38160 40800 3 1 2640
433 42060 44700 1 3 2640
434 44820 46860 3 4 2040
435 36000 39180 4 2 3180
436 39300 40860 2 3 1560
437 42960 44640 3 2 1680
438 44880 48060 2 4 3180
439 40800 42360 3 2 1560
440 42480 43980 2 1 1500
441 44100 46740 1 0 2640
442 46860 49380 0 5 2520
443 50280 52800 5 0 2520
444 52920 55560 0 1 2640
445 55680 57180 1 2 1500
446 57300 58860 2 3 1560
447 43200 45240 4 3 2040
448 45360 48000 3 1 2640
449 49260 51900 1 3 2640
450 52020 54060 3 4 2040
451 43200 46380 4 2 3180
452 46500 48060 2 3 1560
453 50160 51840 3 2 1680
454 52080 55260 2 4 3180
455 50400 51960 3 2 1560
456 52080 53580 2 1 1500
457 53700 56340 1 0 2640
458 56460 58980 0 5 2520
459 59880 62400 5 0 2520
460 62520 65160 0 1 2640
461 65280 66780 1 2 1500
462 66900 68460 2 3 1560
463 50400 52440 4 3 2040
464 52560 55200 3 1 2640
465 56460 59100 1 3 2640
466 59220 61260 3 4 2040
467 50400 53580 4 2 3180
468 53700 55260 2 3 1560
469 57360 59040 3 2 1680
470 59280 62460 2 4 3180
471 57600 59640 4 3 2040
472 59760 62400 3 1 2640
473 63660 66300 1 3 2640
474 66420 68460 3 4 2040
475 57600 60780 4 2 3180
476 60900 62460 2 3 1560
477 64560 66240 3 2 1680
478 66480 69660 2 4 3180
479 60000 61560 3 2 1560
480 61680 63180 2 1 1500
481 63300 65940 1 0 2640
482 66060 68580 0 5 2520
483 69480 72000 5 0 2520
484 72120 74760 0 1 2640
485 74880 76380 1 2 1500
486 76500 78060 2 3 1560
487 64800 66840 4 3 2040
488 66960 69600 3 1 2640
489 70860 73500 1 3 2640
490 73620 75660 3 4 2040
491 64800 67980 4 2 3180
492 68100 69660 2 3 1560
493 71760 73440 3 2 1680
494 73680 76860 2 4 3180
495 69600 71160 3 2 1560
496 71280 72780 2 1 1500
497 72900 75540 1 0 2640
498 75660 78180 0 5 2520
499 79080 81600 5 0 2520
500 81720 84360 0 1 2640
501 72000 74040 4 3 2040
502 74160 76800 3 1 2640
503 78060 80700 1 3 2640
504 72000 75180 4 2 3180
505 75300 76860 2 3 1560
506 79200 80760 3 2 1560
507 80880 82380 2 1 1500
508 82500 85140 1 0 2640
509 85260 87780 0 5 2520
510 88680 91200 5 0 2520
511 91320 93960 0 1 2640
512 79200 81240 4 3 2040
513 81360 84000 3 1 2640
