0 21600 24720 2 9 3120
1 24960 26880 9 10 1920
2 27000 27660 10 7 660
3 29040 29700 7 10 660
4 29820 31740 10 9 1920
5 31860 34980 9 2 3120
6 36240 36900 7 10 660
7 37020 38940 10 9 1920
8 39060 42180 9 2 3120
9 43440 44100 7 10 660
10 44220 46140 10 9 1920
11 46260 49380 9 2 3120
12 50640 51300 7 10 660
13 51420 53340 10 9 1920
14 53460 56580 9 2 3120
15 57840 58500 7 10 660
16 58620 60540 10 9 1920
17 60660 63780 9 2 3120
18 65040 65700 7 10 660
19 65820 67740 10 9 1920
20 67860 70980 9 2 3120
21 72240 72900 7 10 660
22 73020 74940 10 9 1920
23 75060 78180 9 2 3120
24 79200 82320 2 9 3120
25 82560 84480 9 10 1920
26 84600 85260 10 7 660
27 86640 87300 7 10 660
28 87420 89340 10 9 1920
29 89460 92580 9 2 3120
32 26460 27240 5 1 780
33 28380 29160 1 5 780
34 29280 31980 5 3 2700
35 32220 33960 3 4 1740
36 35580 36360 1 5 780
37 36480 39180 5 3 2700
38 39420 41160 3 4 1740
39 42780 43560 1 5 780
40 43680 46380 5 3 2700
41 46620 48360 3 4 1740
42 49980 50760 1 5 780
43 50880 53580 5 3 2700
44 53820 55560 3 4 1740
45 57180 57960 1 5 780
46 58080 60780 5 3 2700
47 61020 62760 3 4 1740
48 64380 65160 1 5 780
49 65280 67980 5 3 2700
50 68220 69960 3 4 1740
51 71580 72360 1 5 780
52 72480 75180 5 3 2700
53 75420 77160 3 4 1740
54 78780 79560 1 5 780
60 28800 31920 2 9 3120
61 32160 34080 9 10 1920
62 34200 34860 10 7 660
63 36000 39120 2 9 3120
64 39360 41280 9 10 1920
65 41400 42060 10 7 660
66 43200 46320 2 9 3120
67 46560 48480 9 10 1920
68 48600 49260 10 7 660
69 50400 53520 2 9 3120
70 53760 55680 9 10 1920
71 55800 56460 10 7 660
72 57600 60720 2 9 3120
73 60960 62880 9 10 1920
74 63000 63660 10 7 660
75 64800 67920 2 9 3120
76 68160 70080 9 10 1920
77 70200 70860 10 7 660
78 72000 75120 2 9 3120
79 75360 77280 9 10 1920
80 77400 78060 10 7 660
83 29400 32100 2 7 2700
84 32220 34920 7 15 2700
85 36600 39300 2 7 2700
86 39420 42120 7 15 2700
87 43800 46500 2 7 2700
88 46620 49320 7 15 2700
89 51000 53700 2 7 2700
90 53820 56520 7 15 2700
91 58200 60900 2 7 2700
92 61020 63720 7 15 2700
93 65400 68100 2 7 2700
94 68220 70920 7 15 2700
95 72600 75300 2 7 2700
98 25080 26340 2 5 1260
99 26460 27240 5 1 780
100 27360 27960 1 0 600
101 28080 30720 0 6 2640
102 30840 33540 6 11 2700
103 34440 37140 11 6 2700
104 37260 39900 6 0 2640
105 40020 40620 0 1 600
106 40740 41520 1 5 780
107 41640 42900 5 2 1260
108 43020 46140 2 9 3120
109 48840 51540 11 6 2700
110 51660 54300 6 0 2640
111 54420 55020 0 1 600
112 55140 55920 1 5 780
113 56040 57300 5 2 1260
114 57420 60540 2 9 3120
115 63240 65940 11 6 2700
116 66060 68700 6 0 2640
117 68820 69420 0 1 600
118 69540 70320 1 5 780
119 70440 71700 5 2 1260
120 71820 74940 2 9 3120
121 77640 80340 11 6 2700
122 80460 83100 6 0 2640
123 83220 83820 0 1 600
124 83940 84720 1 5 780
125 84840 86100 5 2 1260
130 29220 31320 0 3 2100
131 31560 33300 3 4 1740
132 33420 34560 4 8 1140
133 36420 38520 0 3 2100
134 38760 40500 3 4 1740
135 40620 41760 4 8 1140
136 43620 45720 0 3 2100
137 45960 47700 3 4 1740
138 47820 48960 4 8 1140
139 50820 52920 0 3 2100
140 53160 54900 3 4 1740
141 55020 56160 4 8 1140
142 58020 60120 0 3 2100
143 60360 62100 3 4 1740
144 62220 63360 4 8 1140
145 65220 67320 0 3 2100
146 67560 69300 3 4 1740
147 69420 70560 4 8 1140
148 72420 74520 0 3 2100
149 74760 76500 3 4 1740
152 24360 25620 2 5 1260
153 27240 28500 5 2 1260
154 28680 30960 2 14 2280
155 34440 35700 5 2 1260
156 35880 38160 2 14 2280
157 41640 42900 5 2 1260
158 43080 45360 2 14 2280
159 48840 50100 5 2 1260
160 50280 52560 2 14 2280
161 56040 57300 5 2 1260
162 57480 59760 2 14 2280
163 63240 64500 5 2 1260
164 64680 66960 2 14 2280
165 70440 71700 5 2 1260
166 71880 74160 2 14 2280
167 77640 78900 5 2 1260
172 25140 27420 2 10 2280
173 27540 29460 10 9 1920
174 33480 35400 9 10 1920
175 35520 37800 10 2 2280
176 37920 39180 2 5 1260
177 39300 40080 5 1 780
178 40200 40800 1 0 600
179 44280 46200 9 10 1920
180 46320 48600 10 2 2280
181 48720 49980 2 5 1260
182 50100 50880 5 1 780
183 51000 51600 1 0 600
184 55080 57000 9 10 1920
185 57120 59400 10 2 2280
186 59520 60780 2 5 1260
187 60900 61680 5 1 780
188 61800 62400 1 0 600
189 65880 67800 9 10 1920
190 67920 70200 10 2 2280
191 70320 71580 2 5 1260
192 71700 72480 5 1 780
193 72600 73200 1 0 600
194 76680 78600 9 10 1920
195 78720 81000 10 2 2280
196 81120 82380 2 5 1260
197 82500 83280 5 1 780
198 83400 84000 1 0 600
204 32280 34380 3 0 2100
205 36360 37500 8 4 1140
206 37620 39360 4 3 1740
207 39480 41580 3 0 2100
208 43560 44700 8 4 1140
209 44820 46560 4 3 1740
210 46680 48780 3 0 2100
211 50760 51900 8 4 1140
212 52020 53760 4 3 1740
213 53880 55980 3 0 2100
214 57960 59100 8 4 1140
215 59220 60960 4 3 1740
216 61080 63180 3 0 2100
217 65160 66300 8 4 1140
218 66420 68160 4 3 1740
219 68280 70380 3 0 2100
220 72360 73500 8 4 1140
221 73620 75360 4 3 1740
222 75480 77580 3 0 2100
229 34440 37080 6 0 2640
230 37200 37800 0 1 600
231 37920 38700 1 5 780
232 38820 41580 5 14 2760
233 44220 45120 16 6 900
234 45240 47880 6 0 2640
235 48000 48600 0 1 600
236 48720 49500 1 5 780
237 49620 52380 5 14 2760
238 55020 55920 16 6 900
239 56040 58680 6 0 2640
240 58800 59400 0 1 600
241 59520 60300 1 5 780
242 60420 63180 5 14 2760
243 65820 66720 16 6 900
244 66840 69480 6 0 2640
245 69600 70200 0 1 600
246 70320 71100 1 5 780
247 71220 73980 5 14 2760
248 76620 77520 16 6 900
249 77640 80280 6 0 2640
250 80400 81000 0 1 600
251 81120 81900 1 5 780
253 22200 24900 2 7 2700
254 25020 27720 7 15 2700
255 29040 31740 15 7 2700
256 31860 34560 7 2 2700
257 36240 38940 15 7 2700
258 39060 41760 7 2 2700
259 43440 46140 15 7 2700
260 46260 48960 7 2 2700
261 50640 53340 15 7 2700
262 53460 56160 7 2 2700
263 57840 60540 15 7 2700
264 60660 63360 7 2 2700
265 65040 67740 15 7 2700
266 67860 70560 7 2 2700
267 72240 74940 15 7 2700
268 75060 77760 7 2 2700
271 26460 29580 2 9 3120
272 30540 33660 9 2 3120
273 33780 35040 2 5 1260
274 35160 37860 5 3 2700
275 41340 44460 9 2 3120
276 44580 45840 2 5 1260
277 45960 48660 5 3 2700
278 52140 55260 9 2 3120
279 55380 56640 2 5 1260
280 56760 59460 5 3 2700
281 62940 66060 9 2 3120
282 66180 67440 2 5 1260
283 67560 70260 5 3 2700
284 73740 76860 9 2 3120
285 76980 78240 2 5 1260
291 28020 30780 5 14 2760
292 32820 35580 14 5 2760
293 35700 36480 5 1 780
294 36600 37200 1 0 600
295 37320 39960 0 6 2640
296 40080 40980 6 16 900
297 43620 46380 14 5 2760
298 46500 47280 5 1 780
299 47400 48000 1 0 600
300 48120 50760 0 6 2640
301 50880 51780 6 16 900
302 54420 57180 14 5 2760
303 57300 58080 5 1 780
304 58200 58800 1 0 600
305 58920 61560 0 6 2640
306 61680 62580 6 16 900
307 65220 67980 14 5 2760
308 68100 68880 5 1 780
309 69000 69600 1 0 600
310 69720 72360 0 6 2640
311 72480 73380 6 16 900
312 76020 78780 14 5 2760
313 78900 79680 5 1 780
314 79800 80400 1 0 600
315 80520 83160 0 6 2640
316 83280 84180 6 16 900
319 27120 28380 2 5 1260
320 28500 29280 5 1 780
321 29400 30000 1 0 600
322 32820 33420 0 1 600
323 33540 34320 1 5 780
324 34440 35700 5 2 1260
325 35940 38220 2 10 2280
326 38340 40260 10 9 1920
327 43620 44220 0 1 600
328 44340 45120 1 5 780
329 45240 46500 5 2 1260
330 46740 49020 2 10 2280
331 49140 51060 10 9 1920
332 54420 55020 0 1 600
333 55140 55920 1 5 780
334 56040 57300 5 2 1260
335 57540 59820 2 10 2280
336 59940 61860 10 9 1920
337 65220 65820 0 1 600
338 65940 66720 1 5 780
339 66840 68100 5 2 1260
340 68340 70620 2 10 2280
341 70740 72660 10 9 1920
342 76020 76620 0 1 600
343 76740 77520 1 5 780
344 77640 78900 5 2 1260
345 79140 81420 2 10 2280
346 81540 83460 10 9 1920
348 25500 26160 7 10 660
349 26280 28560 10 2 2280
350 28680 29940 2 5 1260
351 30060 32760 5 3 2700
352 32880 34320 3 8 1440
353 37260 38700 8 3 1440
354 38820 41520 3 5 2700
355 41640 42900 5 2 1260
356 43020 45300 2 10 2280
357 45420 46080 10 7 660
358 46200 48900 7 15 2700
359 51660 53100 8 3 1440
360 53220 55920 3 5 2700
361 56040 57300 5 2 1260
362 57420 59700 2 10 2280
363 59820 60480 10 7 660
364 60600 63300 7 15 2700
365 66060 67500 8 3 1440
366 67620 70320 3 5 2700
367 70440 71700 5 2 1260
368 71820 74100 2 10 2280
369 74220 74880 10 7 660
374 31680 34320 0 6 2640
375 34440 35340 6 16 900
376 35460 37260 16 13 1800
377 38880 41520 0 6 2640
378 41640 42540 6 16 900
379 42660 44460 16 13 1800
380 46080 48720 0 6 2640
381 48840 49740 6 16 900
382 49860 51660 16 13 1800
383 53280 55920 0 6 2640
384 56040 56940 6 16 900
385 57060 58860 16 13 1800
386 60480 63120 0 6 2640
387 63240 64140 6 16 900
388 64260 66060 16 13 1800
389 67680 70320 0 6 2640
390 70440 71340 6 16 900
391 71460 73260 16 13 1800
392 74880 77520 0 6 2640
393 77640 78540 6 16 900
397 30840 34560 0 16 3720
398 34680 35580 16 6 900
399 38040 41760 0 16 3720
400 41880 42780 16 6 900
401 45240 48960 0 16 3720
402 49080 49980 16 6 900
403 52440 56160 0 16 3720
404 56280 57180 16 6 900
405 59640 63360 0 16 3720
406 63480 64380 16 6 900
407 66840 70560 0 16 3720
408 70680 71580 16 6 900
409 74040 77760 0 16 3720
410 77880 78780 16 6 900
414 30960 31560 1 0 600
415 31680 34320 0 6 2640
416 34440 37140 6 11 2700
417 38160 38760 1 0 600
418 38880 41520 0 6 2640
419 41640 44340 6 11 2700
420 45360 45960 1 0 600
421 46080 48720 0 6 2640
422 48840 51540 6 11 2700
423 52560 53160 1 0 600
424 53280 55920 0 6 2640
425 56040 58740 6 11 2700
426 59760 60360 1 0 600
427 60480 63120 0 6 2640
428 63240 65940 6 11 2700
429 66960 67560 1 0 600
430 67680 70320 0 6 2640
431 70440 73140 6 11 2700
432 74160 74760 1 0 600
433 74880 77520 0 6 2640
437 27240 28500 5 2 1260
438 28620 30900 2 10 2280
439 31020 31680 10 7 660
440 31800 34500 7 15 2700
441 37080 39780 15 7 2700
442 39900 40560 7 10 660
443 40680 42960 10 2 2280
444 43080 44340 2 5 1260
445 44460 47160 5 3 2700
446 47280 48720 3 8 1440
447 51480 54180 15 7 2700
448 54300 54960 7 10 660
449 55080 57360 10 2 2280
450 57480 58740 2 5 1260
451 58860 61560 5 3 2700
452 61680 63120 3 8 1440
453 65880 68580 15 7 2700
454 68700 69360 7 10 660
455 69480 71760 10 2 2280
456 71880 73140 2 5 1260
457 73260 75960 5 3 2700
461 30900 33540 0 6 2640
462 33660 36300 6 12 2640
463 38100 40740 0 6 2640
464 40860 43500 6 12 2640
465 45300 47940 0 6 2640
466 48060 50700 6 12 2640
467 52500 55140 0 6 2640
468 55260 57900 6 12 2640
469 59700 62340 0 6 2640
470 62460 65100 6 12 2640
471 66900 69540 0 6 2640
472 69660 72300 6 12 2640
473 74100 76740 0 6 2640
474 76860 79500 6 12 2640
476 25860 28560 7 2 2700
477 28680 29940 2 5 1260
478 30060 30840 5 1 780
479 30960 31560 1 0 600
480 31680 34320 0 6 2640
481 34440 35340 6 16 900
482 35460 37260 16 13 1800
483 37920 39720 13 16 1800
484 39840 40740 16 6 900
485 40860 43500 6 0 2640
486 43620 44220 0 1 600
487 44340 45120 1 5 780
488 45240 46500 5 2 1260
489 46620 49320 2 7 2700
490 49440 52140 7 15 2700
491 55920 57720 13 16 1800
492 57840 58740 16 6 900
493 58860 61500 6 0 2640
494 61620 62220 0 1 600
495 62340 63120 1 5 780
496 63240 64500 5 2 1260
497 64620 67320 2 7 2700
498 67440 70140 7 15 2700
499 73920 75720 13 16 1800
500 75840 76740 16 6 900
501 76860 79500 6 0 2640
502 79620 80220 0 1 600
503 80340 81120 1 5 780
504 81240 82500 5 2 1260
505 82620 85320 2 7 2700
509 25440 28140 2 7 2700
510 28260 28920 7 10 660
511 31380 32040 10 7 660
512 32280 34980 7 2 2700
513 35100 36360 2 5 1260
514 36480 37260 5 1 780
515 38580 39240 10 7 660
516 39480 42180 7 2 2700
517 42300 43560 2 5 1260
518 43680 44460 5 1 780
519 45780 46440 10 7 660
520 46680 49380 7 2 2700
521 49500 50760 2 5 1260
522 50880 51660 5 1 780
523 52980 53640 10 7 660
524 53880 56580 7 2 2700
525 56700 57960 2 5 1260
526 58080 58860 5 1 780
527 60180 60840 10 7 660
528 61080 63780 7 2 2700
529 63900 65160 2 5 1260
530 65280 66060 5 1 780
531 67380 68040 10 7 660
532 68280 70980 7 2 2700
533 71100 72360 2 5 1260
534 72480 73260 5 1 780
535 74580 75240 10 7 660
536 75480 78180 7 2 2700
537 78300 79560 2 5 1260
538 79680 80460 5 1 780
545 38040 38940 6 16 900
546 39060 40860 16 13 1800
547 40980 43140 13 11 2160
548 45240 46140 6 16 900
549 46260 48060 16 13 1800
550 48180 50340 13 11 2160
551 52440 53340 6 16 900
552 53460 55260 16 13 1800
553 55380 57540 13 11 2160
554 59640 60540 6 16 900
555 60660 62460 16 13 1800
556 62580 64740 13 11 2160
557 66840 67740 6 16 900
558 67860 69660 16 13 1800
559 69780 71940 13 11 2160
560 74040 74940 6 16 900
561 75060 76860 16 13 1800
564 26580 27840 2 5 1260
565 27960 30660 5 3 2700
566 33060 35760 3 5 2700
567 35880 37140 5 2 1260
568 37260 40380 2 9 3120
569 43860 46560 3 5 2700
570 46680 47940 5 2 1260
571 48060 51180 2 9 3120
572 54660 57360 3 5 2700
573 57480 58740 5 2 1260
574 58860 61980 2 9 3120
575 65460 68160 3 5 2700
576 68280 69540 5 2 1260
577 69660 72780 2 9 3120
578 76260 78960 3 5 2700
579 79080 80340 5 2 1260
580 80460 83580 2 9 3120
584 28500 29100 1 0 600
585 29220 31320 0 3 2100
586 31440 32880 3 8 1440
587 35700 36300 1 0 600
588 36420 38520 0 3 2100
589 38640 40080 3 8 1440
590 42900 43500 1 0 600
591 43620 45720 0 3 2100
592 45840 47280 3 8 1440
593 50100 50700 1 0 600
594 50820 52920 0 3 2100
595 53040 54480 3 8 1440
596 57300 57900 1 0 600
597 58020 60120 0 3 2100
598 60240 61680 3 8 1440
599 64500 65100 1 0 600
600 65220 67320 0 3 2100
601 67440 68880 3 8 1440
602 71700 72300 1 0 600
603 72420 74520 0 3 2100
604 74640 76080 3 8 1440
605 78900 79500 1 0 600
611 29220 29820 0 1 600
612 29940 30720 1 5 780
613 30840 32100 5 2 1260
614 32220 34920 2 7 2700
615 35040 37740 7 15 2700
616 41040 43740 15 7 2700
617 43860 46560 7 2 2700
618 46680 47940 2 5 1260
619 48060 48840 5 1 780
620 48960 49560 1 0 600
621 49680 52320 0 6 2640
622 52440 53340 6 16 900
623 53460 55260 16 13 1800
624 59040 61740 15 7 2700
625 61860 64560 7 2 2700
626 64680 65940 2 5 1260
627 66060 66840 5 1 780
628 66960 67560 1 0 600
629 67680 70320 0 6 2640
630 70440 71340 6 16 900
631 71460 73260 16 13 1800
632 77040 79740 15 7 2700
633 79860 82560 7 2 2700
634 82680 83940 2 5 1260
635 84060 84840 5 1 780
636 84960 85560 1 0 600
637 85680 88320 0 6 2640
638 88440 89340 6 16 900
644 37260 38160 6 16 900
645 38400 42480 16 0 4080
646 44460 45360 6 16 900
647 45600 49680 16 0 4080
648 51660 52560 6 16 900
649 52800 56880 16 0 4080
650 58860 59760 6 16 900
651 60000 64080 16 0 4080
652 66060 66960 6 16 900
653 67200 71280 16 0 4080
654 73260 74160 6 16 900
655 74400 78480 16 0 4080
657 25080 27360 2 14 2280
658 29160 31440 14 2 2280
659 31560 32820 2 5 1260
660 36360 38640 14 2 2280
661 38760 40020 2 5 1260
662 43560 45840 14 2 2280
663 45960 47220 2 5 1260
664 50760 53040 14 2 2280
665 53160 54420 2 5 1260
666 57960 60240 14 2 2280
667 60360 61620 2 5 1260
668 65160 67440 14 2 2280
669 67560 68820 2 5 1260
670 72360 74640 14 2 2280
671 74760 76020 2 5 1260
674 29220 29820 0 1 600
675 29940 30720 1 5 780
676 30840 32100 5 2 1260
677 32220 35340 2 9 3120
678 36240 39360 9 2 3120
679 39480 40740 2 5 1260
680 40860 41640 5 1 780
681 41760 42360 1 0 600
682 42480 45120 0 6 2640
683 45240 47940 6 11 2700
684 50640 53760 9 2 3120
685 53880 55140 2 5 1260
686 55260 56040 5 1 780
687 56160 56760 1 0 600
688 56880 59520 0 6 2640
689 59640 62340 6 11 2700
690 65040 68160 9 2 3120
691 68280 69540 2 5 1260
692 69660 70440 5 1 780
693 70560 71160 1 0 600
694 71280 73920 0 6 2640
695 74040 76740 6 11 2700
701 34740 35640 16 6 900
702 37620 39780 11 13 2160
703 40020 41820 13 16 1800
704 41940 42840 16 6 900
705 44820 46980 11 13 2160
706 47220 49020 13 16 1800
707 49140 50040 16 6 900
708 52020 54180 11 13 2160
709 54420 56220 13 16 1800
710 56340 57240 16 6 900
711 59220 61380 11 13 2160
712 61620 63420 13 16 1800
713 63540 64440 16 6 900
714 66420 68580 11 13 2160
715 68820 70620 13 16 1800
716 70740 71640 16 6 900
717 73620 75780 11 13 2160
718 76020 77820 13 16 1800
719 77940 78840 16 6 900
723 32880 35520 6 0 2640
724 37320 39960 12 6 2640
725 40080 42720 6 0 2640
726 44520 47160 12 6 2640
727 47280 49920 6 0 2640
728 51720 54360 12 6 2640
729 54480 57120 6 0 2640
730 58920 61560 12 6 2640
731 61680 64320 6 0 2640
732 66120 68760 12 6 2640
733 68880 71520 6 0 2640
734 73320 75960 12 6 2640
735 76080 78720 6 0 2640
740 36480 39120 6 0 2640
741 39240 39840 0 1 600
742 40860 43560 11 6 2700
743 43680 46320 6 0 2640
744 46440 47040 0 1 600
745 48060 50760 11 6 2700
746 50880 53520 6 0 2640
747 53640 54240 0 1 600
748 55260 57960 11 6 2700
749 58080 60720 6 0 2640
750 60840 61440 0 1 600
751 62460 65160 11 6 2700
752 65280 67920 6 0 2640
753 68040 68640 0 1 600
754 69660 72360 11 6 2700
755 72480 75120 6 0 2640
756 75240 75840 0 1 600
757 76860 79560 11 6 2700
758 79680 82320 6 0 2640
759 82440 83040 0 1 600
764 33000 35640 6 12 2640
765 35760 38880 12 4 3120
766 42780 43680 16 6 900
767 43800 46440 6 12 2640
768 46560 49680 12 4 3120
769 53580 54480 16 6 900
770 54600 57240 6 12 2640
771 57360 60480 12 4 3120
772 64380 65280 16 6 900
773 65400 68040 6 12 2640
774 68160 71280 12 4 3120
775 75180 76080 16 6 900
776 76200 78840 6 12 2640
780 27900 29160 2 5 1260
781 29280 30060 5 1 780
782 33960 34740 1 5 780
783 34860 36120 5 2 1260
784 36240 38940 2 7 2700
785 39060 39720 7 10 660
786 41160 41940 1 5 780
787 42060 43320 5 2 1260
788 43440 46140 2 7 2700
789 46260 46920 7 10 660
790 48360 49140 1 5 780
791 49260 50520 5 2 1260
792 50640 53340 2 7 2700
793 53460 54120 7 10 660
794 55560 56340 1 5 780
795 56460 57720 5 2 1260
796 57840 60540 2 7 2700
797 60660 61320 7 10 660
798 62760 63540 1 5 780
799 63660 64920 5 2 1260
800 65040 67740 2 7 2700
801 67860 68520 7 10 660
802 69960 70740 1 5 780
803 70860 72120 5 2 1260
804 72240 74940 2 7 2700
805 75060 75720 7 10 660
806 77160 77940 1 5 780
807 78060 79320 5 2 1260
808 79440 82140 2 7 2700
809 82260 82920 7 10 660
814 35460 36360 16 6 900
815 36480 39120 6 0 2640
816 40740 42540 13 16 1800
817 42660 43560 16 6 900
818 43680 46320 6 0 2640
819 47940 49740 13 16 1800
820 49860 50760 16 6 900
821 50880 53520 6 0 2640
822 55140 56940 13 16 1800
823 57060 57960 16 6 900
824 58080 60720 6 0 2640
825 62340 64140 13 16 1800
826 64260 65160 16 6 900
827 65280 67920 6 0 2640
828 69540 71340 13 16 1800
829 71460 72360 16 6 900
830 72480 75120 6 0 2640
831 76740 78540 13 16 1800
832 78660 79560 16 6 900
833 79680 82320 6 0 2640
838 34440 37140 3 5 2700
839 37260 38040 5 1 780
840 39780 41520 4 3 1740
841 41640 44340 3 5 2700
842 44460 45240 5 1 780
843 46980 48720 4 3 1740
844 48840 51540 3 5 2700
845 51660 52440 5 1 780
846 54180 55920 4 3 1740
847 56040 58740 3 5 2700
848 58860 59640 5 1 780
849 61380 63120 4 3 1740
850 63240 65940 3 5 2700
851 66060 66840 5 1 780
852 68580 70320 4 3 1740
853 70440 73140 3 5 2700
854 73260 74040 5 1 780
855 75780 77520 4 3 1740
856 77640 80340 3 5 2700
857 80460 81240 5 1 780
861 34860 37980 4 12 3120
862 38100 40740 12 6 2640
863 40860 41760 6 16 900
864 45660 48780 4 12 3120
865 48900 51540 12 6 2640
866 51660 52560 6 16 900
867 56460 59580 4 12 3120
868 59700 62340 12 6 2640
869 62460 63360 6 16 900
870 67260 70380 4 12 3120
871 70500 73140 12 6 2640
872 73260 74160 6 16 900
873 78060 81180 4 12 3120
874 81300 83940 12 6 2640
875 84060 84960 6 16 900
880 32280 34380 3 0 2100
881 34500 35100 0 1 600
882 37920 39360 8 3 1440
883 39480 41580 3 0 2100
884 41700 42300 0 1 600
885 45120 46560 8 3 1440
886 46680 48780 3 0 2100
887 48900 49500 0 1 600
888 52320 53760 8 3 1440
889 53880 55980 3 0 2100
890 56100 56700 0 1 600
891 59520 60960 8 3 1440
892 61080 63180 3 0 2100
893 63300 63900 0 1 600
894 66720 68160 8 3 1440
895 68280 70380 3 0 2100
896 70500 71100 0 1 600
897 73920 75360 8 3 1440
898 75480 77580 3 0 2100
899 77700 78300 0 1 600
900 25200 28320 2 9 3120
901 28560 30480 9 10 1920
902 30600 31260 10 7 660
903 32640 33300 7 10 660
904 33420 35340 10 9 1920
905 35460 38580 9 2 3120
906 39840 40500 7 10 660
907 40620 42540 10 9 1920
908 42660 45780 9 2 3120
909 47040 47700 7 10 660
910 47820 49740 10 9 1920
911 49860 52980 9 2 3120
912 54240 54900 7 10 660
913 55020 56940 10 9 1920
914 57060 60180 9 2 3120
915 61440 62100 7 10 660
916 62220 64140 10 9 1920
917 64260 67380 9 2 3120
918 68640 69300 7 10 660
919 69420 71340 10 9 1920
920 71460 74580 9 2 3120
921 75840 76500 7 10 660
922 76620 78540 10 9 1920
923 78660 81780 9 2 3120
926 30060 30840 5 1 780
927 31980 32760 1 5 780
928 32880 35580 5 3 2700
929 35820 37560 3 4 1740
930 39180 39960 1 5 780
931 40080 42780 5 3 2700
932 43020 44760 3 4 1740
933 46380 47160 1 5 780
934 47280 49980 5 3 2700
935 50220 51960 3 4 1740
936 53580 54360 1 5 780
937 54480 57180 5 3 2700
938 57420 59160 3 4 1740
939 60780 61560 1 5 780
940 61680 64380 5 3 2700
941 64620 66360 3 4 1740
942 67980 68760 1 5 780
943 68880 71580 5 3 2700
944 71820 73560 3 4 1740
945 75180 75960 1 5 780
950 28260 31380 9 2 3120
951 32400 35520 2 9 3120
952 35760 37680 9 10 1920
953 37800 38460 10 7 660
954 39600 42720 2 9 3120
955 42960 44880 9 10 1920
956 45000 45660 10 7 660
957 46800 49920 2 9 3120
958 50160 52080 9 10 1920
959 52200 52860 10 7 660
960 54000 57120 2 9 3120
961 57360 59280 9 10 1920
962 59400 60060 10 7 660
963 61200 64320 2 9 3120
964 64560 66480 9 10 1920
965 66600 67260 10 7 660
966 68400 71520 2 9 3120
967 71760 73680 9 10 1920
968 73800 74460 10 7 660
969 75600 78720 2 9 3120
970 78960 80880 9 10 1920
971 81000 81660 10 7 660
973 28260 30960 7 2 2700
974 33000 35700 2 7 2700
975 35820 38520 7 15 2700
976 40200 42900 2 7 2700
977 43020 45720 7 15 2700
978 47400 50100 2 7 2700
979 50220 52920 7 15 2700
980 54600 57300 2 7 2700
981 57420 60120 7 15 2700
982 61800 64500 2 7 2700
983 64620 67320 7 15 2700
984 69000 71700 2 7 2700
985 71820 74520 7 15 2700
986 76200 78900 2 7 2700
988 25440 28560 9 2 3120
989 28680 29940 2 5 1260
990 30060 30840 5 1 780
991 30960 31560 1 0 600
992 31680 34320 0 6 2640
993 34440 37140 6 11 2700
994 38040 40740 11 6 2700
995 40860 43500 6 0 2640
996 43620 44220 0 1 600
997 44340 45120 1 5 780
998 45240 46500 5 2 1260
999 46620 49740 2 9 3120
1000 52440 55140 11 6 2700
1001 55260 57900 6 0 2640
1002 58020 58620 0 1 600
1003 58740 59520 1 5 780
1004 59640 60900 5 2 1260
1005 61020 64140 2 9 3120
1006 66840 69540 11 6 2700
1007 69660 72300 6 0 2640
1008 72420 73020 0 1 600
1009 73140 73920 1 5 780
1010 74040 75300 5 2 1260
1011 75420 78540 2 9 3120
1015 32820 34920 0 3 2100
1016 35160 36900 3 4 1740
1017 37020 38160 4 8 1140
1018 40020 42120 0 3 2100
1019 42360 44100 3 4 1740
1020 44220 45360 4 8 1140
1021 47220 49320 0 3 2100
1022 49560 51300 3 4 1740
1023 51420 52560 4 8 1140
1024 54420 56520 0 3 2100
1025 56760 58500 3 4 1740
1026 58620 59760 4 8 1140
1027 61620 63720 0 3 2100
1028 63960 65700 3 4 1740
1029 65820 66960 4 8 1140
1030 68820 70920 0 3 2100
1031 71160 72900 3 4 1740
1032 73020 74160 4 8 1140
1033 76020 78120 0 3 2100
1037 27960 29220 2 5 1260
1038 30840 32100 5 2 1260
1039 32280 34560 2 14 2280
1040 38040 39300 5 2 1260
1041 39480 41760 2 14 2280
1042 45240 46500 5 2 1260
1043 46680 48960 2 14 2280
1044 52440 53700 5 2 1260
1045 53880 56160 2 14 2280
1046 59640 60900 5 2 1260
1047 61080 63360 2 14 2280
1048 66840 68100 5 2 1260
1049 68280 70560 2 14 2280
1050 74040 75300 5 2 1260
1054 27240 28500 5 2 1260
1055 28740 31020 2 10 2280
1056 31140 33060 10 9 1920
1057 37080 39000 9 10 1920
1058 39120 41400 10 2 2280
1059 41520 42780 2 5 1260
1060 42900 43680 5 1 780
1061 43800 44400 1 0 600
1062 47880 49800 9 10 1920
1063 49920 52200 10 2 2280
1064 52320 53580 2 5 1260
1065 53700 54480 5 1 780
1066 54600 55200 1 0 600
1067 58680 60600 9 10 1920
1068 60720 63000 10 2 2280
1069 63120 64380 2 5 1260
1070 64500 65280 5 1 780
1071 65400 66000 1 0 600
1072 69480 71400 9 10 1920
1073 71520 73800 10 2 2280
1074 73920 75180 2 5 1260
1075 75300 76080 5 1 780
1076 76200 76800 1 0 600
1081 34020 35760 4 3 1740
1082 35880 37980 3 0 2100
1083 39960 41100 8 4 1140
1084 41220 42960 4 3 1740
1085 43080 45180 3 0 2100
1086 47160 48300 8 4 1140
1087 48420 50160 4 3 1740
1088 50280 52380 3 0 2100
1089 54360 55500 8 4 1140
1090 55620 57360 4 3 1740
1091 57480 59580 3 0 2100
1092 61560 62700 8 4 1140
1093 62820 64560 4 3 1740
1094 64680 66780 3 0 2100
1095 68760 69900 8 4 1140
1096 70020 71760 4 3 1740
1097 71880 73980 3 0 2100
1098 75960 77100 8 4 1140
1099 77220 78960 4 3 1740
1100 79080 81180 3 0 2100
1102 28500 29280 5 1 780
1103 29400 30000 1 0 600
1104 30120 32760 0 6 2640
1105 32880 33780 6 16 900
1106 37020 37920 16 6 900
1107 38040 40680 6 0 2640
1108 40800 41400 0 1 600
1109 41520 42300 1 5 780
1110 42420 45180 5 14 2760
1111 47820 48720 16 6 900
1112 48840 51480 6 0 2640
1113 51600 52200 0 1 600
1114 52320 53100 1 5 780
1115 53220 55980 5 14 2760
1116 58620 59520 16 6 900
1117 59640 62280 6 0 2640
1118 62400 63000 0 1 600
1119 63120 63900 1 5 780
1120 64020 66780 5 14 2760
1121 69420 70320 16 6 900
1122 70440 73080 6 0 2640
1123 73200 73800 0 1 600
1124 73920 74700 1 5 780
1126 25800 28500 2 7 2700
1127 28620 31320 7 15 2700
1128 32640 35340 15 7 2700
1129 35460 38160 7 2 2700
1130 39840 42540 15 7 2700
1131 42660 45360 7 2 2700
1132 47040 49740 15 7 2700
1133 49860 52560 7 2 2700
1134 54240 56940 15 7 2700
1135 57060 59760 7 2 2700
1136 61440 64140 15 7 2700
1137 64260 66960 7 2 2700
1138 68640 71340 15 7 2700
1139 71460 74160 7 2 2700
1140 75840 78540 15 7 2700
1141 78660 81360 7 2 2700
1143 28680 29940 5 2 1260
1144 30060 33180 2 9 3120
1145 34140 37260 9 2 3120
1146 37380 38640 2 5 1260
1147 38760 41460 5 3 2700
1148 44940 48060 9 2 3120
1149 48180 49440 2 5 1260
1150 49560 52260 5 3 2700
1151 55740 58860 9 2 3120
1152 58980 60240 2 5 1260
1153 60360 63060 5 3 2700
1154 66540 69660 9 2 3120
1155 69780 71040 2 5 1260
1156 71160 73860 5 3 2700
1157 77340 80460 9 2 3120
1158 80580 81840 2 5 1260
1162 30000 30600 0 1 600
1163 30720 31500 1 5 780
1164 31620 34380 5 14 2760
1165 36420 39180 14 5 2760
1166 39300 40080 5 1 780
1167 40200 40800 1 0 600
1168 40920 43560 0 6 2640
1169 43680 44580 6 16 900
1170 47220 49980 14 5 2760
1171 50100 50880 5 1 780
1172 51000 51600 1 0 600
1173 51720 54360 0 6 2640
1174 54480 55380 6 16 900
1175 58020 60780 14 5 2760
1176 60900 61680 5 1 780
1177 61800 62400 1 0 600
1178 62520 65160 0 6 2640
1179 65280 66180 6 16 900
1180 68820 71580 14 5 2760
1181 71700 72480 5 1 780
1182 72600 73200 1 0 600
1183 73320 75960 0 6 2640
1184 76080 76980 6 16 900
1185 26280 28200 9 10 1920
1186 28320 30600 10 2 2280
1187 30720 31980 2 5 1260
1188 32100 32880 5 1 780
1189 33000 33600 1 0 600
1190 36420 37020 0 1 600
1191 37140 37920 1 5 780
1192 38040 39300 5 2 1260
1193 39540 41820 2 10 2280
1194 41940 43860 10 9 1920
1195 47220 47820 0 1 600
1196 47940 48720 1 5 780
1197 48840 50100 5 2 1260
1198 50340 52620 2 10 2280
1199 52740 54660 10 9 1920
1200 58020 58620 0 1 600
1201 58740 59520 1 5 780
1202 59640 60900 5 2 1260
1203 61140 63420 2 10 2280
1204 63540 65460 10 9 1920
1205 68820 69420 0 1 600
1206 69540 70320 1 5 780
1207 70440 71700 5 2 1260
1208 71940 74220 2 10 2280
1209 74340 76260 10 9 1920
1211 29100 29760 7 10 660
1212 29880 32160 10 2 2280
1213 32280 33540 2 5 1260
1214 33660 36360 5 3 2700
1215 36480 37920 3 8 1440
1216 40860 42300 8 3 1440
1217 42420 45120 3 5 2700
1218 45240 46500 5 2 1260
1219 46620 48900 2 10 2280
1220 49020 49680 10 7 660
1221 49800 52500 7 15 2700
1222 55260 56700 8 3 1440
1223 56820 59520 3 5 2700
1224 59640 60900 5 2 1260
1225 61020 63300 2 10 2280
1226 63420 64080 10 7 660
1227 64200 66900 7 15 2700
1228 69660 71100 8 3 1440
1229 71220 73920 3 5 2700
1230 74040 75300 5 2 1260
1231 75420 77700 2 10 2280
1232 77820 78480 10 7 660
1237 35280 37920 0 6 2640
1238 38040 38940 6 16 900
1239 39060 40860 16 13 1800
1240 42480 45120 0 6 2640
1241 45240 46140 6 16 900
1242 46260 48060 16 13 1800
1243 49680 52320 0 6 2640
1244 52440 53340 6 16 900
1245 53460 55260 16 13 1800
1246 56880 59520 0 6 2640
1247 59640 60540 6 16 900
1248 60660 62460 16 13 1800
1249 64080 66720 0 6 2640
1250 66840 67740 6 16 900
1251 67860 69660 16 13 1800
1252 71280 73920 0 6 2640
1253 74040 74940 6 16 900
1254 75060 76860 16 13 1800
1255 78480 81120 0 6 2640
1256 81240 82140 6 16 900
1257 82260 84060 16 13 1800
1260 34440 38160 0 16 3720
1261 38280 39180 16 6 900
1262 41640 45360 0 16 3720
1263 45480 46380 16 6 900
1264 48840 52560 0 16 3720
1265 52680 53580 16 6 900
1266 56040 59760 0 16 3720
1267 59880 60780 16 6 900
1268 63240 66960 0 16 3720
1269 67080 67980 16 6 900
1270 70440 74160 0 16 3720
1271 74280 75180 16 6 900
1272 77640 81360 0 16 3720
1273 81480 82380 16 6 900
1276 32040 32640 0 1 600
1277 34560 35160 1 0 600
1278 35280 37920 0 6 2640
1279 38040 40740 6 11 2700
1280 41760 42360 1 0 600
1281 42480 45120 0 6 2640
1282 45240 47940 6 11 2700
1283 48960 49560 1 0 600
1284 49680 52320 0 6 2640
1285 52440 55140 6 11 2700
1286 56160 56760 1 0 600
1287 56880 59520 0 6 2640
1288 59640 62340 6 11 2700
1289 63360 63960 1 0 600
1290 64080 66720 0 6 2640
1291 66840 69540 6 11 2700
1292 70560 71160 1 0 600
1293 71280 73920 0 6 2640
1294 74040 76740 6 11 2700
1295 77760 78360 1 0 600
1296 78480 81120 0 6 2640
1297 81240 83940 6 11 2700
1300 30840 32100 5 2 1260
1301 32220 34500 2 10 2280
1302 34620 35280 10 7 660
1303 35400 38100 7 15 2700
1304 40680 43380 15 7 2700
1305 43500 44160 7 10 660
1306 44280 46560 10 2 2280
1307 46680 47940 2 5 1260
1308 48060 50760 5 3 2700
1309 50880 52320 3 8 1440
1310 55080 57780 15 7 2700
1311 57900 58560 7 10 660
1312 58680 60960 10 2 2280
1313 61080 62340 2 5 1260
1314 62460 65160 5 3 2700
1315 65280 66720 3 8 1440
1316 69480 72180 15 7 2700
1317 72300 72960 7 10 660
1318 73080 75360 10 2 2280
1319 75480 76740 2 5 1260
1324 34500 37140 0 6 2640
1325 37260 39900 6 12 2640
1326 41700 44340 0 6 2640
1327 44460 47100 6 12 2640
1328 48900 51540 0 6 2640
1329 51660 54300 6 12 2640
1330 56100 58740 0 6 2640
1331 58860 61500 6 12 2640
1332 63300 65940 0 6 2640
1333 66060 68700 6 12 2640
1334 70500 73140 0 6 2640
1335 73260 75900 6 12 2640
1336 77700 80340 0 6 2640
1339 29460 32160 7 2 2700
1340 32280 33540 2 5 1260
1341 33660 34440 5 1 780
1342 34560 35160 1 0 600
1343 35280 37920 0 6 2640
1344 38040 38940 6 16 900
1345 39060 40860 16 13 1800
1346 41520 43320 13 16 1800
1347 43440 44340 16 6 900
1348 44460 47100 6 0 2640
1349 47220 47820 0 1 600
1350 47940 48720 1 5 780
1351 48840 50100 5 2 1260
1352 50220 52920 2 7 2700
1353 53040 55740 7 15 2700
1354 59520 61320 13 16 1800
1355 61440 62340 16 6 900
1356 62460 65100 6 0 2640
1357 65220 65820 0 1 600
1358 65940 66720 1 5 780
1359 66840 68100 5 2 1260
1360 68220 70920 2 7 2700
1361 71040 73740 7 15 2700
1362 77520 79320 13 16 1800
1363 79440 80340 16 6 900
1364 80460 83100 6 0 2640
1365 83220 83820 0 1 600
1366 83940 84720 1 5 780
1367 84840 86100 5 2 1260
1371 27660 28920 5 2 1260
1372 29040 31740 2 7 2700
1373 31860 32520 7 10 660
1374 34980 35640 10 7 660
1375 35880 38580 7 2 2700
1376 38700 39960 2 5 1260
1377 40080 40860 5 1 780
1378 42180 42840 10 7 660
1379 43080 45780 7 2 2700
1380 45900 47160 2 5 1260
1381 47280 48060 5 1 780
1382 49380 50040 10 7 660
1383 50280 52980 7 2 2700
1384 53100 54360 2 5 1260
1385 54480 55260 5 1 780
1386 56580 57240 10 7 660
1387 57480 60180 7 2 2700
1388 60300 61560 2 5 1260
1389 61680 62460 5 1 780
1390 63780 64440 10 7 660
1391 64680 67380 7 2 2700
1392 67500 68760 2 5 1260
1393 68880 69660 5 1 780
1394 70980 71640 10 7 660
1395 71880 74580 7 2 2700
1396 74700 75960 2 5 1260
1397 76080 76860 5 1 780
1398 78180 78840 10 7 660
1399 79080 81780 7 2 2700
1400 81900 83160 2 5 1260
1401 83280 84060 5 1 780
1405 34440 35340 6 16 900
1406 35460 37260 16 13 1800
1407 37380 39540 13 11 2160
1408 41640 42540 6 16 900
1409 42660 44460 16 13 1800
1410 44580 46740 13 11 2160
1411 48840 49740 6 16 900
1412 49860 51660 16 13 1800
1413 51780 53940 13 11 2160
1414 56040 56940 6 16 900
1415 57060 58860 16 13 1800
1416 58980 61140 13 11 2160
1417 63240 64140 6 16 900
1418 64260 66060 16 13 1800
1419 66180 68340 13 11 2160
1420 70440 71340 6 16 900
1421 71460 73260 16 13 1800
1422 73380 75540 13 11 2160
1423 77640 78540 6 16 900
1424 78660 80460 16 13 1800
1425 80580 82740 13 11 2160
1426 26940 30060 9 2 3120
1427 30180 31440 2 5 1260
1428 31560 34260 5 3 2700
1429 36660 39360 3 5 2700
1430 39480 40740 5 2 1260
1431 40860 43980 2 9 3120
1432 47460 50160 3 5 2700
1433 50280 51540 5 2 1260
1434 51660 54780 2 9 3120
1435 58260 60960 3 5 2700
1436 61080 62340 5 2 1260
1437 62460 65580 2 9 3120
1438 69060 71760 3 5 2700
1439 71880 73140 5 2 1260
1440 73260 76380 2 9 3120
1443 30900 31500 0 1 600
1444 32100 32700 1 0 600
1445 32820 34920 0 3 2100
1446 35040 36480 3 8 1440
1447 39300 39900 1 0 600
1448 40020 42120 0 3 2100
1449 42240 43680 3 8 1440
1450 46500 47100 1 0 600
1451 47220 49320 0 3 2100
1452 49440 50880 3 8 1440
1453 53700 54300 1 0 600
1454 54420 56520 0 3 2100
1455 56640 58080 3 8 1440
1456 60900 61500 1 0 600
1457 61620 63720 0 3 2100
1458 63840 65280 3 8 1440
1459 68100 68700 1 0 600
1460 68820 70920 0 3 2100
1461 71040 72480 3 8 1440
1462 75300 75900 1 0 600
1463 76020 78120 0 3 2100
1468 32820 33420 0 1 600
1469 33540 34320 1 5 780
1470 34440 35700 5 2 1260
1471 35820 38520 2 7 2700
1472 38640 41340 7 15 2700
1473 44640 47340 15 7 2700
1474 47460 50160 7 2 2700
1475 50280 51540 2 5 1260
1476 51660 52440 5 1 780
1477 52560 53160 1 0 600
1478 53280 55920 0 6 2640
1479 56040 56940 6 16 900
1480 57060 58860 16 13 1800
1481 62640 65340 15 7 2700
1482 65460 68160 7 2 2700
1483 68280 69540 2 5 1260
1484 69660 70440 5 1 780
1485 70560 71160 1 0 600
1486 71280 73920 0 6 2640
1487 74040 74940 6 16 900
1488 75060 76860 16 13 1800
1491 33660 34560 6 16 900
1492 34800 38880 16 0 4080
1493 40860 41760 6 16 900
1494 42000 46080 16 0 4080
1495 48060 48960 6 16 900
1496 49200 53280 16 0 4080
1497 55260 56160 6 16 900
1498 56400 60480 16 0 4080
1499 62460 63360 6 16 900
1500 63600 67680 16 0 4080
1501 69660 70560 6 16 900
1502 70800 74880 16 0 4080
1503 76860 77760 6 16 900
1504 78000 82080 16 0 4080
1507 32820 33420 0 1 600
1508 33540 34320 1 5 780
1509 34440 35700 5 2 1260
1510 35820 38940 2 9 3120
1511 39840 42960 9 2 3120
1512 43080 44340 2 5 1260
1513 44460 45240 5 1 780
1514 45360 45960 1 0 600
1515 46080 48720 0 6 2640
1516 48840 51540 6 11 2700
1517 54240 57360 9 2 3120
1518 57480 58740 2 5 1260
1519 58860 59640 5 1 780
1520 59760 60360 1 0 600
1521 60480 63120 0 6 2640
1522 63240 65940 6 11 2700
1523 68640 71760 9 2 3120
1524 71880 73140 2 5 1260
1525 73260 74040 5 1 780
1526 74160 74760 1 0 600
1527 74880 77520 0 6 2640
1534 38340 39240 16 6 900
1535 41220 43380 11 13 2160
1536 43620 45420 13 16 1800
1537 45540 46440 16 6 900
1538 48420 50580 11 13 2160
1539 50820 52620 13 16 1800
1540 52740 53640 16 6 900
1541 55620 57780 11 13 2160
1542 58020 59820 13 16 1800
1543 59940 60840 16 6 900
1544 62820 64980 11 13 2160
1545 65220 67020 13 16 1800
1546 67140 68040 16 6 900
1547 70020 72180 11 13 2160
1548 72420 74220 13 16 1800
1549 74340 75240 16 6 900
1550 77220 79380 11 13 2160
1551 79620 81420 13 16 1800
1552 81540 82440 16 6 900
1556 36480 39120 6 0 2640
1557 40920 43560 12 6 2640
1558 43680 46320 6 0 2640
1559 48120 50760 12 6 2640
1560 50880 53520 6 0 2640
1561 55320 57960 12 6 2640
1562 58080 60720 6 0 2640
1563 62520 65160 12 6 2640
1564 65280 67920 6 0 2640
1565 69720 72360 12 6 2640
1566 72480 75120 6 0 2640
1567 76920 79560 12 6 2640
1568 79680 82320 6 0 2640
1572 37260 39960 11 6 2700
1573 40080 42720 6 0 2640
1574 42840 43440 0 1 600
1575 44460 47160 11 6 2700
1576 47280 49920 6 0 2640
1577 50040 50640 0 1 600
1578 51660 54360 11 6 2700
1579 54480 57120 6 0 2640
1580 57240 57840 0 1 600
1581 58860 61560 11 6 2700
1582 61680 64320 6 0 2640
1583 64440 65040 0 1 600
1584 66060 68760 11 6 2700
1585 68880 71520 6 0 2640
1586 71640 72240 0 1 600
1587 73260 75960 11 6 2700
1588 76080 78720 6 0 2640
1589 78840 79440 0 1 600
1592 33660 34560 6 16 900
1593 35580 36480 16 6 900
1594 36600 39240 6 12 2640
1595 39360 42480 12 4 3120
1596 46380 47280 16 6 900
1597 47400 50040 6 12 2640
1598 50160 53280 12 4 3120
1599 57180 58080 16 6 900
1600 58200 60840 6 12 2640
1601 60960 64080 12 4 3120
1602 67980 68880 16 6 900
1603 69000 71640 6 12 2640
1604 71760 74880 12 4 3120
1605 78780 79680 16 6 900
1608 27780 28440 10 7 660
1609 28680 31380 7 2 2700
1610 31500 32760 2 5 1260
1611 32880 33660 5 1 780
1612 37560 38340 1 5 780
1613 38460 39720 5 2 1260
1614 39840 42540 2 7 2700
1615 42660 43320 7 10 660
1616 44760 45540 1 5 780
1617 45660 46920 5 2 1260
1618 47040 49740 2 7 2700
1619 49860 50520 7 10 660
1620 51960 52740 1 5 780
1621 52860 54120 5 2 1260
1622 54240 56940 2 7 2700
1623 57060 57720 7 10 660
1624 59160 59940 1 5 780
1625 60060 61320 5 2 1260
1626 61440 64140 2 7 2700
1627 64260 64920 7 10 660
1628 66360 67140 1 5 780
1629 67260 68520 5 2 1260
1630 68640 71340 2 7 2700
1631 71460 72120 7 10 660
1632 73560 74340 1 5 780
1633 74460 75720 5 2 1260
1634 75840 78540 2 7 2700
1635 78660 79320 7 10 660
1640 39060 39960 16 6 900
1641 40080 42720 6 0 2640
1642 44340 46140 13 16 1800
1643 46260 47160 16 6 900
1644 47280 49920 6 0 2640
1645 51540 53340 13 16 1800
1646 53460 54360 16 6 900
1647 54480 57120 6 0 2640
1648 58740 60540 13 16 1800
1649 60660 61560 16 6 900
1650 61680 64320 6 0 2640
1651 65940 67740 13 16 1800
1652 67860 68760 16 6 900
1653 68880 71520 6 0 2640
1654 73140 74940 13 16 1800
1655 75060 75960 16 6 900
1656 76080 78720 6 0 2640
1660 38460 41580 4 12 3120
1661 41700 44340 12 6 2640
1662 44460 45360 6 16 900
1663 49260 52380 4 12 3120
1664 52500 55140 12 6 2640
1665 55260 56160 6 16 900
1666 60060 63180 4 12 3120
1667 63300 65940 12 6 2640
1668 66060 66960 6 16 900
1669 70860 73980 4 12 3120
1670 74100 76740 12 6 2640
1671 76860 77760 6 16 900
1674 33660 34440 5 1 780
1675 35580 36360 1 5 780
1676 36480 39180 5 3 2700
1677 39420 41160 3 4 1740
1678 29040 32160 9 2 3120
1679 32280 33540 2 5 1260
1680 33660 34440 5 1 780
1681 34560 35160 1 0 600
1682 35280 37920 0 6 2640
1683 38040 40740 6 11 2700
1684 41640 44340 11 6 2700
1685 44460 47100 6 0 2640
1686 47220 47820 0 1 600
1687 47940 48720 1 5 780
1688 48840 50100 5 2 1260
1689 50220 53340 2 9 3120
1690 56040 58740 11 6 2700
1691 58860 61500 6 0 2640
1692 61620 62220 0 1 600
1693 62340 63120 1 5 780
1694 63240 64500 5 2 1260
1695 64620 67740 2 9 3120
1696 70440 73140 11 6 2700
1697 73260 75900 6 0 2640
1698 76020 76620 0 1 600
1699 76740 77520 1 5 780
1700 77640 78900 5 2 1260
1702 29220 29820 0 1 600
1703 29940 30720 1 5 780
1704 30840 32100 5 2 1260
1705 32340 34620 2 10 2280
1706 34740 36660 10 9 1920
1707 40680 42600 9 10 1920
1708 42720 45000 10 2 2280
1709 45120 46380 2 5 1260
1710 46500 47280 5 1 780
1711 47400 48000 1 0 600
1712 51480 53400 9 10 1920
1713 53520 55800 10 2 2280
1714 55920 57180 2 5 1260
1715 57300 58080 5 1 780
1716 58200 58800 1 0 600
1717 62280 64200 9 10 1920
1718 64320 66600 10 2 2280
1719 66720 67980 2 5 1260
1720 68100 68880 5 1 780
1721 69000 69600 1 0 600
1722 73080 75000 9 10 1920
1723 75120 77400 10 2 2280
1724 77520 78780 2 5 1260
1725 78900 79680 5 1 780
1726 79800 80400 1 0 600
1727 29220 31980 14 5 2760
1728 32100 32880 5 1 780
1729 33000 33600 1 0 600
1730 33720 36360 0 6 2640
1731 36480 37380 6 16 900
1732 40620 41520 16 6 900
1733 41640 44280 6 0 2640
1734 44400 45000 0 1 600
1735 45120 45900 1 5 780
1736 46020 48780 5 14 2760
1737 51420 52320 16 6 900
1738 52440 55080 6 0 2640
1739 55200 55800 0 1 600
1740 55920 56700 1 5 780
1741 56820 59580 5 14 2760
1742 62220 63120 16 6 900
1743 63240 65880 6 0 2640
1744 66000 66600 0 1 600
1745 66720 67500 1 5 780
1746 67620 70380 5 14 2760
1747 73020 73920 16 6 900
1748 74040 76680 6 0 2640
1749 76800 77400 0 1 600
1750 77520 78300 1 5 780
1753 32280 33540 5 2 1260
1754 33660 36780 2 9 3120
1755 37740 40860 9 2 3120
1756 40980 42240 2 5 1260
1757 42360 45060 5 3 2700
1758 48540 51660 9 2 3120
1759 51780 53040 2 5 1260
1760 53160 55860 5 3 2700
1761 59340 62460 9 2 3120
1762 62580 63840 2 5 1260
1763 63960 66660 5 3 2700
1764 70140 73260 9 2 3120
1765 73380 74640 2 5 1260
1766 74760 77460 5 3 2700
1769 33600 34200 0 1 600
1770 34320 35100 1 5 780
1771 35220 37980 5 14 2760
1772 40020 42780 14 5 2760
1773 42900 43680 5 1 780
1774 43800 44400 1 0 600
1775 44520 47160 0 6 2640
1776 47280 48180 6 16 900
1777 50820 53580 14 5 2760
1778 53700 54480 5 1 780
1779 54600 55200 1 0 600
1780 55320 57960 0 6 2640
1781 58080 58980 6 16 900
1782 61620 64380 14 5 2760
1783 64500 65280 5 1 780
1784 65400 66000 1 0 600
1785 66120 68760 0 6 2640
1786 68880 69780 6 16 900
1787 72420 75180 14 5 2760
1788 75300 76080 5 1 780
1789 76200 76800 1 0 600
1790 76920 79560 0 6 2640
1791 79680 80580 6 16 900
1792 29880 31800 9 10 1920
1793 31920 34200 10 2 2280
1794 34320 35580 2 5 1260
1795 35700 36480 5 1 780
1796 36600 37200 1 0 600
1797 40020 40620 0 1 600
1798 40740 41520 1 5 780
1799 41640 42900 5 2 1260
1800 43140 45420 2 10 2280
1801 45540 47460 10 9 1920
1802 50820 51420 0 1 600
1803 51540 52320 1 5 780
1804 52440 53700 5 2 1260
1805 53940 56220 2 10 2280
1806 56340 58260 10 9 1920
1807 61620 62220 0 1 600
1808 62340 63120 1 5 780
1809 63240 64500 5 2 1260
1810 64740 67020 2 10 2280
1811 67140 69060 10 9 1920
1812 72420 73020 0 1 600
1813 73140 73920 1 5 780
1814 74040 75300 5 2 1260
1815 75540 77820 2 10 2280
1816 77940 79860 10 9 1920
1817 29880 32580 15 7 2700
1818 32700 33360 7 10 660
1819 33480 35760 10 2 2280
1820 35880 37140 2 5 1260
1821 37260 39960 5 3 2700
1822 40080 41520 3 8 1440
1823 44460 45900 8 3 1440
1824 46020 48720 3 5 2700
1825 48840 50100 5 2 1260
1826 50220 52500 2 10 2280
1827 52620 53280 10 7 660
1828 53400 56100 7 15 2700
1829 58860 60300 8 3 1440
1830 60420 63120 3 5 2700
1831 63240 64500 5 2 1260
1832 64620 66900 2 10 2280
1833 67020 67680 10 7 660
1834 67800 70500 7 15 2700
1835 73260 74700 8 3 1440
1836 74820 77520 3 5 2700
1837 77640 78900 5 2 1260
1838 79020 81300 2 10 2280
1839 81420 82080 10 7 660
1843 32880 35520 6 0 2640
1844 38880 41520 0 6 2640
1845 41640 42540 6 16 900
1846 42660 44460 16 13 1800
1848 32880 35520 6 0 2640
1849 35640 36240 0 1 600
1850 38160 38760 1 0 600
1851 38880 41520 0 6 2640
1852 41640 44340 6 11 2700
1854 31620 34320 3 5 2700
1855 34440 35700 5 2 1260
1856 35820 38100 2 10 2280
1857 38220 38880 10 7 660
1858 39000 41700 7 15 2700
1859 44280 46980 15 7 2700
1860 47100 47760 7 10 660
1861 47880 50160 10 2 2280
1862 50280 51540 2 5 1260
1863 51660 54360 5 3 2700
1864 54480 55920 3 8 1440
1865 58680 61380 15 7 2700
1866 61500 62160 7 10 660
1867 62280 64560 10 2 2280
1868 64680 65940 2 5 1260
1869 66060 68760 5 3 2700
1870 68880 70320 3 8 1440
1871 73080 75780 15 7 2700
1872 75900 76560 7 10 660
1873 76680 78960 10 2 2280
1874 79080 80340 2 5 1260
1877 30240 32940 15 7 2700
1878 33060 35760 7 2 2700
1879 35880 37140 2 5 1260
1880 37260 38040 5 1 780
1881 38160 38760 1 0 600
1882 38880 41520 0 6 2640
1883 41640 42540 6 16 900
1884 42660 44460 16 13 1800
1885 45120 46920 13 16 1800
1886 47040 47940 16 6 900
1887 48060 50700 6 0 2640
1888 50820 51420 0 1 600
1889 51540 52320 1 5 780
1890 52440 53700 5 2 1260
1891 53820 56520 2 7 2700
1892 56640 59340 7 15 2700
1893 63120 64920 13 16 1800
1894 65040 65940 16 6 900
1895 66060 68700 6 0 2640
1896 68820 69420 0 1 600
1897 69540 70320 1 5 780
1898 70440 71700 5 2 1260
1899 71820 74520 2 7 2700
1901 30360 31140 1 5 780
1902 31260 32520 5 2 1260
1903 32640 35340 2 7 2700
1904 35460 36120 7 10 660
1905 38580 39240 10 7 660
1906 39480 42180 7 2 2700
1907 42300 43560 2 5 1260
1908 43680 44460 5 1 780
1911 33660 36300 6 0 2640
1912 36420 37020 0 1 600
1913 37140 37920 1 5 780
1914 38040 39300 5 2 1260
1915 39420 42120 2 7 2700
1916 42240 44940 7 15 2700
1917 48240 50940 15 7 2700
1918 51060 53760 7 2 2700
1919 53880 55140 2 5 1260
1920 55260 56040 5 1 780
1921 56160 56760 1 0 600
1922 56880 59520 0 6 2640
1923 59640 60540 6 16 900
1924 60660 62460 16 13 1800
1925 66240 68940 15 7 2700
1926 69060 71760 7 2 2700
1927 71880 73140 2 5 1260
1928 73260 74040 5 1 780
1929 74160 74760 1 0 600
1930 74880 77520 0 6 2640
1931 77640 78540 6 16 900
1934 33660 36300 6 0 2640
1935 36420 37020 0 1 600
1936 37140 37920 1 5 780
1937 38040 39300 5 2 1260
1938 39420 42540 2 9 3120
1939 43440 46560 9 2 3120
1940 46680 47940 2 5 1260
1941 48060 48840 5 1 780
1942 48960 49560 1 0 600
1943 49680 52320 0 6 2640
1944 52440 55140 6 11 2700
1945 57840 60960 9 2 3120
1946 61080 62340 2 5 1260
1947 62460 63240 5 1 780
1948 63360 63960 1 0 600
1949 64080 66720 0 6 2640
1950 66840 69540 6 11 2700
1951 72240 75360 9 2 3120
1952 75480 76740 2 5 1260
1953 76860 77640 5 1 780
1954 77760 78360 1 0 600
1955 78480 81120 0 6 2640
1956 81240 83940 6 11 2700
1959 37260 38160 6 16 900
1960 39180 40080 16 6 900
1961 40200 42840 6 12 2640
1962 42960 46080 12 4 3120
1963 49980 50880 16 6 900
1964 51000 53640 6 12 2640
1965 53760 56880 12 4 3120
1966 60780 61680 16 6 900
1967 61800 64440 6 12 2640
1968 64560 67680 12 4 3120
1969 71580 72480 16 6 900
1970 72600 75240 6 12 2640
1972 32640 35760 9 2 3120
1973 35880 37140 2 5 1260
1974 37260 38040 5 1 780
1975 38160 38760 1 0 600
1976 38880 41520 0 6 2640
1977 41640 44340 6 11 2700
1978 45240 47940 11 6 2700
1979 48060 50700 6 0 2640
1980 50820 51420 0 1 600
1981 51540 52320 1 5 780
1982 52440 53700 5 2 1260
1983 53820 56940 2 9 3120
1984 59640 62340 11 6 2700
1985 62460 65100 6 0 2640
1986 65220 65820 0 1 600
1987 65940 66720 1 5 780
1988 66840 68100 5 2 1260
1989 68220 71340 2 9 3120
1990 74040 76740 11 6 2700
1991 76860 79500 6 0 2640
1992 79620 80220 0 1 600
1993 80340 81120 1 5 780
1994 81240 82500 5 2 1260
1995 82620 85740 2 9 3120
1996 32760 35040 14 2 2280
1997 35160 36420 2 5 1260
1998 38040 39300 5 2 1260
1999 39480 41760 2 14 2280
2000 33480 36180 15 7 2700
2001 36300 36960 7 10 660
2002 37080 39360 10 2 2280
2003 39480 40740 2 5 1260
2004 40860 43560 5 3 2700
2005 43680 45120 3 8 1440
2006 48060 49500 8 3 1440
2007 49620 52320 3 5 2700
2008 52440 53700 5 2 1260
2009 53820 56100 2 10 2280
2010 56220 56880 10 7 660
2011 57000 59700 7 15 2700
2012 62460 63900 8 3 1440
2013 64020 66720 3 5 2700
2014 66840 68100 5 2 1260
2015 68220 70500 2 10 2280
2016 70620 71280 10 7 660
2017 71400 74100 7 15 2700
2018 76860 78300 8 3 1440
2019 78420 81120 3 5 2700
2020 81240 82500 5 2 1260
2021 82620 84900 2 10 2280
2022 85020 85680 10 7 660
2024 33660 35100 8 3 1440
2025 35220 37920 3 5 2700
2026 38040 39300 5 2 1260
2027 39420 41700 2 10 2280
2028 41820 42480 10 7 660
2029 42600 45300 7 15 2700
2030 47880 50580 15 7 2700
2031 50700 51360 7 10 660
2032 51480 53760 10 2 2280
2033 53880 55140 2 5 1260
2034 55260 57960 5 3 2700
2035 58080 59520 3 8 1440
2036 62280 64980 15 7 2700
2037 65100 65760 7 10 660
2038 65880 68160 10 2 2280
2039 68280 69540 2 5 1260
2040 69660 72360 5 3 2700
2041 72480 73920 3 8 1440
2042 76680 79380 15 7 2700
2043 79500 80160 7 10 660
2044 80280 82560 10 2 2280
2045 82680 83940 2 5 1260
2048 33840 36540 15 7 2700
2049 36660 39360 7 2 2700
2050 39480 40740 2 5 1260
2051 40860 41640 5 1 780
2052 41760 42360 1 0 600
2053 42480 45120 0 6 2640
2054 45240 46140 6 16 900
2055 46260 48060 16 13 1800
2056 48720 50520 13 16 1800
2057 50640 51540 16 6 900
2058 51660 54300 6 0 2640
2059 54420 55020 0 1 600
2060 55140 55920 1 5 780
2061 56040 57300 5 2 1260
2062 57420 60120 2 7 2700
2063 60240 62940 7 15 2700
2064 66720 68520 13 16 1800
2065 68640 69540 16 6 900
2066 69660 72300 6 0 2640
2067 72420 73020 0 1 600
2068 73140 73920 1 5 780
2069 74040 75300 5 2 1260
2070 75420 78120 2 7 2700
2072 34320 35760 8 3 1440
2073 35880 37980 3 0 2100
2074 38100 38700 0 1 600
2075 39300 39900 1 0 600
2076 40020 42120 0 3 2100
2077 42240 43680 3 8 1440
2079 36240 37140 16 6 900
2080 37260 39900 6 0 2640
2081 40020 40620 0 1 600
2082 40740 41520 1 5 780
2083 41640 42900 5 2 1260
2084 43020 45720 2 7 2700
2085 45840 48540 7 15 2700
2086 51840 54540 15 7 2700
2087 54660 57360 7 2 2700
2088 57480 58740 2 5 1260
2089 58860 59640 5 1 780
2090 59760 60360 1 0 600
2091 60480 63120 0 6 2640
2092 63240 64140 6 16 900
2093 64260 66060 16 13 1800
2094 69840 72540 15 7 2700
2095 72660 75360 7 2 2700
2096 75480 76740 2 5 1260
2097 76860 77640 5 1 780
2098 77760 78360 1 0 600
2099 78480 81120 0 6 2640
2100 81240 82140 6 16 900
2101 82260 84060 16 13 1800
2102 36180 37920 4 3 1740
2103 38040 40740 3 5 2700
2104 40860 41640 5 1 780
2105 42780 43560 1 5 780
2106 43680 46380 5 3 2700
2107 46620 48360 3 4 1740
2108 37440 40140 15 7 2700
2109 40260 42960 7 2 2700
2110 43080 44340 2 5 1260
2111 44460 45240 5 1 780
2112 45360 45960 1 0 600
2113 46080 48720 0 6 2640
2114 48840 49740 6 16 900
2115 49860 51660 16 13 1800
2116 52320 54120 13 16 1800
2117 54240 55140 16 6 900
2118 55260 57900 6 0 2640
2119 58020 58620 0 1 600
2120 58740 59520 1 5 780
2121 59640 60900 5 2 1260
2122 61020 63720 2 7 2700
2123 63840 66540 7 15 2700
2124 70320 72120 13 16 1800
2125 72240 73140 16 6 900
2126 73260 75900 6 0 2640
2127 76020 76620 0 1 600
2128 76740 77520 1 5 780
2129 77640 78900 5 2 1260
2130 79020 81720 2 7 2700
2132 39960 42240 14 2 2280
2133 42360 43620 2 5 1260
2134 45240 46500 5 2 1260
2135 46680 48960 2 14 2280
2136 40260 42960 3 5 2700
2137 43080 44340 5 2 1260
2138 44460 47580 2 9 3120
2139 48540 51660 9 2 3120
2140 51780 53040 2 5 1260
2141 53160 55860 5 3 2700
2142 41520 42960 8 3 1440
2143 43080 45180 3 0 2100
2144 45300 45900 0 1 600
2145 46500 47100 1 0 600
2146 47220 49320 0 3 2100
2147 49440 50880 3 8 1440
2148 42060 45180 4 12 3120
2149 45300 47940 12 6 2640
2150 48060 48960 6 16 900
2151 49980 50880 16 6 900
2152 51000 53640 6 12 2640
2153 53760 56880 12 4 3120
2154 43380 45120 4 3 1740
2155 45240 47940 3 5 2700
2156 48060 48840 5 1 780
2157 49980 50760 1 5 780
2158 50880 53580 5 3 2700
2159 53820 55560 3 4 1740
2160 47040 50160 9 2 3120
2161 50280 51540 2 5 1260
2162 51660 52440 5 1 780
2163 52560 53160 1 0 600
2164 53280 55920 0 6 2640
2165 56040 58740 6 11 2700
2166 59640 62340 11 6 2700
2167 62460 65100 6 0 2640
2168 65220 65820 0 1 600
2169 65940 66720 1 5 780
2170 66840 68100 5 2 1260
2171 68220 71340 2 9 3120
2172 47160 49440 14 2 2280
2173 49560 50820 2 5 1260
2174 52440 53700 5 2 1260
2175 53880 56160 2 14 2280
2176 48720 50160 8 3 1440
2177 50280 52380 3 0 2100
2178 52500 53100 0 1 600
2179 53700 54300 1 0 600
2180 54420 56520 0 3 2100
2181 56640 58080 3 8 1440
2182 50580 52320 4 3 1740
2183 52440 55140 3 5 2700
2184 55260 56040 5 1 780
2185 57180 57960 1 5 780
2186 58080 60780 5 3 2700
2187 61020 62760 3 4 1740
2188 51060 53760 3 5 2700
2189 53880 55140 5 2 1260
2190 55260 58380 2 9 3120
2191 59340 62460 9 2 3120
2192 62580 63840 2 5 1260
2193 63960 66660 5 3 2700
2194 52860 55980 4 12 3120
2195 56100 58740 12 6 2640
2196 58860 59760 6 16 900
2197 60780 61680 16 6 900
2198 61800 64440 6 12 2640
2199 64560 67680 12 4 3120
2200 54360 56640 14 2 2280
2201 56760 58020 2 5 1260
2202 59640 60900 5 2 1260
2203 61080 63360 2 14 2280
2204 55440 58140 15 7 2700
2205 58260 60960 7 2 2700
2206 61080 62340 2 5 1260
2207 62460 63240 5 1 780
2208 63360 63960 1 0 600
2209 64080 66720 0 6 2640
2210 66840 67740 6 16 900
2211 67860 69660 16 13 1800
2212 70320 72120 13 16 1800
2213 72240 73140 16 6 900
2214 73260 75900 6 0 2640
2215 76020 76620 0 1 600
2216 76740 77520 1 5 780
2217 77640 78900 5 2 1260
2218 79020 81720 2 7 2700
2220 55920 57360 8 3 1440
2221 57480 59580 3 0 2100
2222 59700 60300 0 1 600
2223 60900 61500 1 0 600
2224 61620 63720 0 3 2100
2225 63840 65280 3 8 1440
2226 57780 59520 4 3 1740
2227 59640 62340 3 5 2700
2228 62460 63240 5 1 780
2229 64380 65160 1 5 780
2230 65280 67980 5 3 2700
2231 68220 69960 3 4 1740
2232 61440 64560 9 2 3120
2233 64680 65940 2 5 1260
2234 66060 66840 5 1 780
2235 66960 67560 1 0 600
2236 67680 70320 0 6 2640
2237 70440 73140 6 11 2700
2238 74040 76740 11 6 2700
2239 76860 79500 6 0 2640
2240 79620 80220 0 1 600
2241 80340 81120 1 5 780
2242 81240 82500 5 2 1260
2243 82620 85740 2 9 3120
2244 61560 63840 14 2 2280
2245 63960 65220 2 5 1260
2246 66840 68100 5 2 1260
2247 68280 70560 2 14 2280
2248 61860 64560 3 5 2700
2249 64680 65940 5 2 1260
2250 66060 69180 2 9 3120
2251 70140 73260 9 2 3120
2252 73380 74640 2 5 1260
2253 74760 77460 5 3 2700
2254 63120 64560 8 3 1440
2255 64680 66780 3 0 2100
2256 66900 67500 0 1 600
2257 68100 68700 1 0 600
2258 68820 70920 0 3 2100
2259 71040 72480 3 8 1440
2260 63660 66780 4 12 3120
2261 66900 69540 12 6 2640
2262 69660 70560 6 16 900
2263 71580 72480 16 6 900
2264 72600 75240 6 12 2640
2266 64980 66720 4 3 1740
2267 66840 69540 3 5 2700
2268 69660 70440 5 1 780
2269 71580 72360 1 5 780
2270 72480 75180 5 3 2700
2271 75420 77160 3 4 1740
2272 68760 71040 14 2 2280
2273 71160 72420 2 5 1260
2274 74040 75300 5 2 1260
2276 70320 71760 8 3 1440
2277 71880 73980 3 0 2100
2278 74100 74700 0 1 600
2279 75300 75900 1 0 600
2280 76020 78120 0 3 2100
2282 72180 73920 4 3 1740
2283 74040 76740 3 5 2700
2284 76860 77640 5 1 780
2285 78780 79560 1 5 780
2288 72660 75360 3 5 2700
2289 75480 76740 5 2 1260
2290 76860 79980 2 9 3120
2291 80940 84060 9 2 3120
2294 73440 76140 15 7 2700
2295 76260 78960 7 2 2700
2296 79080 80340 2 5 1260
2297 80460 81240 5 1 780
2298 81360 81960 1 0 600
2299 82080 84720 0 6 2640
2300 84840 85740 6 16 900
2301 85860 87660 16 13 1800
2302 88320 90120 13 16 1800
2303 90240 91140 16 6 900
2304 91260 93900 6 0 2640
2305 94020 94620 0 1 600
2306 94740 95520 1 5 780
2307 95640 96900 5 2 1260
2310 74460 77580 4 12 3120
2311 77700 80340 12 6 2640
2312 80460 81360 6 16 900
2313 82380 83280 16 6 900
2316 75840 78960 9 2 3120
2317 79080 80340 2 5 1260
2318 80460 81240 5 1 780
2319 81360 81960 1 0 600
2320 82080 84720 0 6 2640
2321 84840 87540 6 11 2700
2322 88440 91140 11 6 2700
2323 91260 93900 6 0 2640
2324 94020 94620 0 1 600
2325 94740 95520 1 5 780
2326 95640 96900 5 2 1260
2328 75960 78240 14 2 2280
2329 78360 79620 2 5 1260
2330 81240 82500 5 2 1260
2332 77520 78960 8 3 1440
2333 79080 81180 3 0 2100
2334 81300 81900 0 1 600
2335 82500 83100 1 0 600
