0 1 10
1 5 13
2 5 21
7 10 11
0 3 35
3 8 24
4 8 19
6 12 44
1 0 10
5 1 13
5 2 21
10 7 11
3 0 35
8 3 24
8 4 19
12 6 44
6 11 45
11 6 45
4 12 52
12 4 52
3 5 45
5 3 45
3 4 29
4 3 29
2 10 38
10 2 38
5 14 46
14 5 46
16 17 13
17 16 13
17 18 13
18 17 13
0 19 22
19 0 22
18 19 8
19 18 8
9 20 13
20 9 13
7 21 11
21 7 11
2 22 8
22 2 8
14 22 28
22 14 28
2 23 17
23 2 17
21 23 13
23 21 13
7 24 5
24 7 5
20 25 12
25 20 12
15 26 24
26 15 24
24 26 12
26 24 12
13 27 11
27 13 11
16 27 17
27 16 17
10 28 7
28 10 7
6 29 6
29 6 6
16 29 7
29 16 7
0 30 32
30 0 32
6 30 10
30 6 10
11 31 23
31 11 23
13 31 11
31 13 11
9 32 10
32 9 10
28 32 11
32 28 11
2 33 13
33 2 13
25 33 8
33 25 8
