3 30900 31920 5 3 1020
4 32040 34740 3 2 2700
5 34860 37920 2 4 3060
6 41700 42720 5 3 1020
7 42840 45540 3 2 2700
8 45660 48720 2 4 3060
9 52500 53520 5 3 1020
10 53640 56340 3 2 2700
11 56460 59520 2 4 3060
12 63300 64320 5 3 1020
13 64440 67140 3 2 2700
14 67260 70320 2 4 3060
15 74100 75120 5 3 1020
16 75240 77940 3 2 2700
20 25320 26340 0 5 1020
21 26460 28920 5 6 2460
22 29880 32340 6 5 2460
23 32580 33600 5 0 1020
24 33720 35100 0 1 1380
25 35220 36240 1 7 1020
26 37080 39540 6 5 2460
27 39780 40800 5 0 1020
28 40920 42300 0 1 1380
29 42420 43440 1 7 1020
30 44280 46740 6 5 2460
31 46980 48000 5 0 1020
32 48120 49500 0 1 1380
33 49620 50640 1 7 1020
34 51480 53940 6 5 2460
35 54180 55200 5 0 1020
36 55320 56700 0 1 1380
37 56820 57840 1 7 1020
38 58680 61140 6 5 2460
39 61380 62400 5 0 1020
40 62520 63900 0 1 1380
41 64020 65040 1 7 1020
42 65880 68340 6 5 2460
43 68580 69600 5 0 1020
44 69720 71100 0 1 1380
45 71220 72240 1 7 1020
46 73080 75540 6 5 2460
47 75780 76800 5 0 1020
48 76920 78300 0 1 1380
52 26520 27900 0 1 1380
53 28020 29040 1 7 1020
54 29880 30900 7 1 1020
55 31020 32400 1 0 1380
56 32520 33540 0 5 1020
57 33660 36120 5 6 2460
58 37080 38100 7 1 1020
59 38220 39600 1 0 1380
60 39720 40740 0 5 1020
61 40860 43320 5 6 2460
62 44280 45300 7 1 1020
63 45420 46800 1 0 1380
64 46920 47940 0 5 1020
65 48060 50520 5 6 2460
66 51480 52500 7 1 1020
67 52620 54000 1 0 1380
68 54120 55140 0 5 1020
69 55260 57720 5 6 2460
70 58680 59700 7 1 1020
71 59820 61200 1 0 1380
72 61320 62340 0 5 1020
73 62460 64920 5 6 2460
74 65880 66900 7 1 1020
75 67020 68400 1 0 1380
76 68520 69540 0 5 1020
77 69660 72120 5 6 2460
78 73080 74100 7 1 1020
79 74220 75600 1 0 1380
80 75720 76740 0 5 1020
85 28620 30360 0 2 1740
86 30600 32160 2 1 1560
87 32280 33300 1 7 1020
88 35820 37560 0 2 1740
89 37800 39360 2 1 1560
90 39480 40500 1 7 1020
91 43020 44760 0 2 1740
92 45000 46560 2 1 1560
93 46680 47700 1 7 1020
94 50220 51960 0 2 1740
95 52200 53760 2 1 1560
96 53880 54900 1 7 1020
97 57420 59160 0 2 1740
98 59400 60960 2 1 1560
99 61080 62100 1 7 1020
100 64620 66360 0 2 1740
101 66600 68160 2 1 1560
102 68280 69300 1 7 1020
103 71820 73560 0 2 1740
104 73800 75360 2 1 1560
105 75480 76500 1 7 1020
111 26400 27780 0 1 1380
112 28680 30060 1 0 1380
113 30180 31680 0 3 1500
114 31860 32880 3 5 1020
115 35880 37260 1 0 1380
116 37380 38880 0 3 1500
117 39060 40080 3 5 1020
118 43080 44460 1 0 1380
119 44580 46080 0 3 1500
120 46260 47280 3 5 1020
121 50280 51660 1 0 1380
122 51780 53280 0 3 1500
123 53460 54480 3 5 1020
124 57480 58860 1 0 1380
125 58980 60480 0 3 1500
126 60660 61680 3 5 1020
127 64680 66060 1 0 1380
128 66180 67680 0 3 1500
129 67860 68880 3 5 1020
130 71880 73260 1 0 1380
131 73380 74880 0 3 1500
132 75060 76080 3 5 1020
133 79080 80460 1 0 1380
138 27660 30720 2 4 3060
139 32940 36000 4 2 3060
140 36120 38820 2 3 2700
141 38940 39960 3 5 1020
142 43740 46800 4 2 3060
143 46920 49620 2 3 2700
144 49740 50760 3 5 1020
145 54540 57600 4 2 3060
146 57720 60420 2 3 2700
147 60540 61560 3 5 1020
148 65340 68400 4 2 3060
149 68520 71220 2 3 2700
150 71340 72360 3 5 1020
151 76140 79200 4 2 3060
156 26520 27540 0 5 1020
157 27660 30120 5 6 2460
158 31080 33540 6 5 2460
159 33780 34800 5 0 1020
160 34920 36300 0 1 1380
161 36420 37440 1 7 1020
162 38280 40740 6 5 2460
163 40980 42000 5 0 1020
164 42120 43500 0 1 1380
165 43620 44640 1 7 1020
166 45480 47940 6 5 2460
167 48180 49200 5 0 1020
168 49320 50700 0 1 1380
169 50820 51840 1 7 1020
170 52680 55140 6 5 2460
171 55380 56400 5 0 1020
172 56520 57900 0 1 1380
173 58020 59040 1 7 1020
174 59880 62340 6 5 2460
175 62580 63600 5 0 1020
176 63720 65100 0 1 1380
177 65220 66240 1 7 1020
178 67080 69540 6 5 2460
179 69780 70800 5 0 1020
180 70920 72300 0 1 1380
181 72420 73440 1 7 1020
182 74280 76740 6 5 2460
183 76980 78000 5 0 1020
184 78120 79500 0 1 1380
188 27720 29100 0 1 1380
189 29220 30240 1 7 1020
190 31080 32100 7 1 1020
191 32220 33600 1 0 1380
192 33720 34740 0 5 1020
193 34860 37320 5 6 2460
194 38280 39300 7 1 1020
195 39420 40800 1 0 1380
196 40920 41940 0 5 1020
197 42060 44520 5 6 2460
198 45480 46500 7 1 1020
199 46620 48000 1 0 1380
200 48120 49140 0 5 1020
201 49260 51720 5 6 2460
202 52680 53700 7 1 1020
203 53820 55200 1 0 1380
204 55320 56340 0 5 1020
205 56460 58920 5 6 2460
206 59880 60900 7 1 1020
207 61020 62400 1 0 1380
208 62520 63540 0 5 1020
209 63660 66120 5 6 2460
210 67080 68100 7 1 1020
211 68220 69600 1 0 1380
212 69720 70740 0 5 1020
213 70860 73320 5 6 2460
214 74280 75300 7 1 1020
215 75420 76800 1 0 1380
216 76920 77940 0 5 1020
219 28560 30120 1 2 1560
220 30360 33420 2 4 3060
221 35400 38460 4 2 3060
222 38580 40140 2 1 1560
223 40260 44460 1 6 4200
224 46200 49260 4 2 3060
225 49380 50940 2 1 1560
226 51060 55260 1 6 4200
227 57000 60060 4 2 3060
228 60180 61740 2 1 1560
229 61860 66060 1 6 4200
230 67800 70860 4 2 3060
231 70980 72540 2 1 1560
232 72660 76860 1 6 4200
237 27780 29340 2 1 1560
238 29460 33660 1 6 4200
239 34920 39120 6 1 4200
240 39360 40920 1 2 1560
241 41160 44220 2 4 3060
242 45720 49920 6 1 4200
243 50160 51720 1 2 1560
244 51960 55020 2 4 3060
245 56520 60720 6 1 4200
246 60960 62520 1 2 1560
247 62760 65820 2 4 3060
248 67320 71520 6 1 4200
249 71760 73320 1 2 1560
254 25020 26760 0 2 1740
255 27000 28560 2 1 1560
256 28680 29700 1 7 1020
257 30360 31380 7 1 1020
258 31500 33060 1 2 1560
259 33300 35040 2 0 1740
260 37560 38580 7 1 1020
261 38700 40260 1 2 1560
262 40500 42240 2 0 1740
263 44760 45780 7 1 1020
264 45900 47460 1 2 1560
265 47700 49440 2 0 1740
266 51960 52980 7 1 1020
267 53100 54660 1 2 1560
268 54900 56640 2 0 1740
269 59160 60180 7 1 1020
270 60300 61860 1 2 1560
271 62100 63840 2 0 1740
272 66360 67380 7 1 1020
273 67500 69060 1 2 1560
274 69300 71040 2 0 1740
275 73560 74580 7 1 1020
276 74700 76260 1 2 1560
277 76500 78240 2 0 1740
279 26580 28080 0 3 1500
280 28260 29280 3 5 1020
281 30840 31860 5 3 1020
282 31980 33480 3 0 1500
283 33600 34980 0 1 1380
284 38040 39060 5 3 1020
285 39180 40680 3 0 1500
286 40800 42180 0 1 1380
287 45240 46260 5 3 1020
288 46380 47880 3 0 1500
289 48000 49380 0 1 1380
290 52440 53460 5 3 1020
291 53580 55080 3 0 1500
292 55200 56580 0 1 1380
293 59640 60660 5 3 1020
294 60780 62280 3 0 1500
295 62400 63780 0 1 1380
296 66840 67860 5 3 1020
297 67980 69480 3 0 1500
298 69600 70980 0 1 1380
299 74040 75060 5 3 1020
300 75180 76680 3 0 1500
301 76800 78180 0 1 1380
304 27720 28740 0 5 1020
305 28860 31320 5 6 2460
306 32280 34740 6 5 2460
307 34980 36000 5 0 1020
308 36120 37500 0 1 1380
309 37620 38640 1 7 1020
310 39480 41940 6 5 2460
311 42180 43200 5 0 1020
312 43320 44700 0 1 1380
313 44820 45840 1 7 1020
314 46680 49140 6 5 2460
315 49380 50400 5 0 1020
316 50520 51900 0 1 1380
317 52020 53040 1 7 1020
318 53880 56340 6 5 2460
319 56580 57600 5 0 1020
320 57720 59100 0 1 1380
321 59220 60240 1 7 1020
322 61080 63540 6 5 2460
323 63780 64800 5 0 1020
324 64920 66300 0 1 1380
325 66420 67440 1 7 1020
326 68280 70740 6 5 2460
327 70980 72000 5 0 1020
328 72120 73500 0 1 1380
329 73620 74640 1 7 1020
330 75480 77940 6 5 2460
331 78180 79200 5 0 1020
332 79320 80700 0 1 1380
335 27780 28800 5 0 1020
336 28920 30300 0 1 1380
337 30420 31440 1 7 1020
338 32280 33300 7 1 1020
339 33420 34800 1 0 1380
340 34920 35940 0 5 1020
341 36060 38520 5 6 2460
342 39480 40500 7 1 1020
343 40620 42000 1 0 1380
344 42120 43140 0 5 1020
345 43260 45720 5 6 2460
346 46680 47700 7 1 1020
347 47820 49200 1 0 1380
348 49320 50340 0 5 1020
349 50460 52920 5 6 2460
350 53880 54900 7 1 1020
351 55020 56400 1 0 1380
352 56520 57540 0 5 1020
353 57660 60120 5 6 2460
354 61080 62100 7 1 1020
355 62220 63600 1 0 1380
356 63720 64740 0 5 1020
357 64860 67320 5 6 2460
358 68280 69300 7 1 1020
359 69420 70800 1 0 1380
360 70920 71940 0 5 1020
361 72060 74520 5 6 2460
362 75480 76500 7 1 1020
363 76620 78000 1 0 1380
364 78120 79140 0 5 1020
367 28920 31620 2 3 2700
368 31740 32760 3 5 1020
369 34500 35520 5 3 1020
370 35640 38340 3 2 2700
371 38460 41520 2 4 3060
372 45300 46320 5 3 1020
373 46440 49140 3 2 2700
374 49260 52320 2 4 3060
375 56100 57120 5 3 1020
376 57240 59940 3 2 2700
377 60060 63120 2 4 3060
378 66900 67920 5 3 1020
379 68040 70740 3 2 2700
380 70860 73920 2 4 3060
386 28920 29940 0 5 1020
387 30060 32520 5 6 2460
388 33480 35940 6 5 2460
389 36180 37200 5 0 1020
390 37320 38700 0 1 1380
391 38820 39840 1 7 1020
392 40680 43140 6 5 2460
393 43380 44400 5 0 1020
394 44520 45900 0 1 1380
395 46020 47040 1 7 1020
396 47880 50340 6 5 2460
397 50580 51600 5 0 1020
398 51720 53100 0 1 1380
399 53220 54240 1 7 1020
400 55080 57540 6 5 2460
401 57780 58800 5 0 1020
402 58920 60300 0 1 1380
403 60420 61440 1 7 1020
404 62280 64740 6 5 2460
405 64980 66000 5 0 1020
406 66120 67500 0 1 1380
407 67620 68640 1 7 1020
408 69480 71940 6 5 2460
409 72180 73200 5 0 1020
410 73320 74700 0 1 1380
411 74820 75840 1 7 1020
412 76680 79140 6 5 2460
413 79380 80400 5 0 1020
414 80520 81900 0 1 1380
417 28980 30000 5 0 1020
418 30120 31500 0 1 1380
419 31620 32640 1 7 1020
420 33480 34500 7 1 1020
421 34620 36000 1 0 1380
422 36120 37140 0 5 1020
423 37260 39720 5 6 2460
424 40680 41700 7 1 1020
425 41820 43200 1 0 1380
426 43320 44340 0 5 1020
427 44460 46920 5 6 2460
428 47880 48900 7 1 1020
429 49020 50400 1 0 1380
430 50520 51540 0 5 1020
431 51660 54120 5 6 2460
432 55080 56100 7 1 1020
433 56220 57600 1 0 1380
434 57720 58740 0 5 1020
435 58860 61320 5 6 2460
436 62280 63300 7 1 1020
437 63420 64800 1 0 1380
438 64920 65940 0 5 1020
439 66060 68520 5 6 2460
440 69480 70500 7 1 1020
441 70620 72000 1 0 1380
442 72120 73140 0 5 1020
443 73260 75720 5 6 2460
444 76680 77700 7 1 1020
445 77820 79200 1 0 1380
446 79320 80340 0 5 1020
450 29700 31440 2 0 1740
451 32220 33960 0 2 1740
452 34200 35760 2 1 1560
453 35880 36900 1 7 1020
454 39420 41160 0 2 1740
455 41400 42960 2 1 1560
456 43080 44100 1 7 1020
457 46620 48360 0 2 1740
458 48600 50160 2 1 1560
459 50280 51300 1 7 1020
460 53820 55560 0 2 1740
461 55800 57360 2 1 1560
462 57480 58500 1 7 1020
463 61020 62760 0 2 1740
464 63000 64560 2 1 1560
465 64680 65700 1 7 1020
466 68220 69960 0 2 1740
467 70200 71760 2 1 1560
468 71880 72900 1 7 1020
469 75420 77160 0 2 1740
470 77400 78960 2 1 1560
472 27240 28260 5 3 1020
473 28380 29880 3 0 1500
474 30000 31380 0 1 1380
475 32280 33660 1 0 1380
476 33780 35280 0 3 1500
477 35460 36480 3 5 1020
478 39480 40860 1 0 1380
479 40980 42480 0 3 1500
480 42660 43680 3 5 1020
481 46680 48060 1 0 1380
482 48180 49680 0 3 1500
483 49860 50880 3 5 1020
484 53880 55260 1 0 1380
485 55380 56880 0 3 1500
486 57060 58080 3 5 1020
487 61080 62460 1 0 1380
488 62580 64080 0 3 1500
489 64260 65280 3 5 1020
490 68280 69660 1 0 1380
491 69780 71280 0 3 1500
492 71460 72480 3 5 1020
493 75480 76860 1 0 1380
494 76980 78480 0 3 1500
495 78660 79680 3 5 1020
496 27300 28320 5 3 1020
497 28440 31140 3 2 2700
498 31260 34320 2 4 3060
499 36540 39600 4 2 3060
500 39720 42420 2 3 2700
501 42540 43560 3 5 1020
502 47340 50400 4 2 3060
503 50520 53220 2 3 2700
504 53340 54360 3 5 1020
505 58140 61200 4 2 3060
506 61320 64020 2 3 2700
507 64140 65160 3 5 1020
508 68940 72000 4 2 3060
509 72120 74820 2 3 2700
510 74940 75960 3 5 1020
512 28620 30000 1 0 1380
513 30120 31140 0 5 1020
514 31260 33720 5 6 2460
515 34680 37140 6 5 2460
516 37380 38400 5 0 1020
517 38520 39900 0 1 1380
518 40020 41040 1 7 1020
519 41880 44340 6 5 2460
520 44580 45600 5 0 1020
521 45720 47100 0 1 1380
522 47220 48240 1 7 1020
523 49080 51540 6 5 2460
524 51780 52800 5 0 1020
525 52920 54300 0 1 1380
526 54420 55440 1 7 1020
527 56280 58740 6 5 2460
528 58980 60000 5 0 1020
529 60120 61500 0 1 1380
530 61620 62640 1 7 1020
531 63480 65940 6 5 2460
532 66180 67200 5 0 1020
533 67320 68700 0 1 1380
534 68820 69840 1 7 1020
535 70680 73140 6 5 2460
536 73380 74400 5 0 1020
537 74520 75900 0 1 1380
538 76020 77040 1 7 1020
539 77880 80340 6 5 2460
540 80580 81600 5 0 1020
544 30180 31200 5 0 1020
545 31320 32700 0 1 1380
546 32820 33840 1 7 1020
547 34680 35700 7 1 1020
548 35820 37200 1 0 1380
549 37320 38340 0 5 1020
550 38460 40920 5 6 2460
551 41880 42900 7 1 1020
552 43020 44400 1 0 1380
553 44520 45540 0 5 1020
554 45660 48120 5 6 2460
555 49080 50100 7 1 1020
556 50220 51600 1 0 1380
557 51720 52740 0 5 1020
558 52860 55320 5 6 2460
559 56280 57300 7 1 1020
560 57420 58800 1 0 1380
561 58920 59940 0 5 1020
562 60060 62520 5 6 2460
563 63480 64500 7 1 1020
564 64620 66000 1 0 1380
565 66120 67140 0 5 1020
566 67260 69720 5 6 2460
567 70680 71700 7 1 1020
568 71820 73200 1 0 1380
569 73320 74340 0 5 1020
570 74460 76920 5 6 2460
571 77880 78900 7 1 1020
572 79020 80400 1 0 1380
576 32160 33720 1 2 1560
577 33960 37020 2 4 3060
578 39000 42060 4 2 3060
579 42180 43740 2 1 1560
580 43860 48060 1 6 4200
581 49800 52860 4 2 3060
582 52980 54540 2 1 1560
583 54660 58860 1 6 4200
584 60600 63660 4 2 3060
585 63780 65340 2 1 1560
586 65460 69660 1 6 4200
587 71400 74460 4 2 3060
588 74580 76140 2 1 1560
591 31380 32940 2 1 1560
592 33060 37260 1 6 4200
593 38520 42720 6 1 4200
594 42960 44520 1 2 1560
595 44760 47820 2 4 3060
596 49320 53520 6 1 4200
597 53760 55320 1 2 1560
598 55560 58620 2 4 3060
599 60120 64320 6 1 4200
600 64560 66120 1 2 1560
601 66360 69420 2 4 3060
602 70920 75120 6 1 4200
603 75360 76920 1 2 1560
606 29820 31200 1 0 1380
607 31320 32340 0 5 1020
608 32460 34920 5 6 2460
609 35880 38340 6 5 2460
610 38580 39600 5 0 1020
611 39720 41100 0 1 1380
612 41220 42240 1 7 1020
613 43080 45540 6 5 2460
614 45780 46800 5 0 1020
615 46920 48300 0 1 1380
616 48420 49440 1 7 1020
617 50280 52740 6 5 2460
618 52980 54000 5 0 1020
619 54120 55500 0 1 1380
620 55620 56640 1 7 1020
621 57480 59940 6 5 2460
622 60180 61200 5 0 1020
623 61320 62700 0 1 1380
624 62820 63840 1 7 1020
625 64680 67140 6 5 2460
626 67380 68400 5 0 1020
627 68520 69900 0 1 1380
628 70020 71040 1 7 1020
629 71880 74340 6 5 2460
630 74580 75600 5 0 1020
631 75720 77100 0 1 1380
632 77220 78240 1 7 1020
633 79080 81540 6 5 2460
634 81780 82800 5 0 1020
638 31380 32400 5 0 1020
639 32520 33900 0 1 1380
640 34020 35040 1 7 1020
641 35880 36900 7 1 1020
642 37020 38400 1 0 1380
643 38520 39540 0 5 1020
644 39660 42120 5 6 2460
645 43080 44100 7 1 1020
646 44220 45600 1 0 1380
647 45720 46740 0 5 1020
648 46860 49320 5 6 2460
649 50280 51300 7 1 1020
650 51420 52800 1 0 1380
651 52920 53940 0 5 1020
652 54060 56520 5 6 2460
653 57480 58500 7 1 1020
654 58620 60000 1 0 1380
655 60120 61140 0 5 1020
656 61260 63720 5 6 2460
657 64680 65700 7 1 1020
658 65820 67200 1 0 1380
659 67320 68340 0 5 1020
660 68460 70920 5 6 2460
661 71880 72900 7 1 1020
662 73020 74400 1 0 1380
663 74520 75540 0 5 1020
664 75660 78120 5 6 2460
665 79080 80100 7 1 1020
666 80220 81600 1 0 1380
670 32520 35220 2 3 2700
671 35340 36360 3 5 1020
672 38100 39120 5 3 1020
673 39240 41940 3 2 2700
674 42060 45120 2 4 3060
675 48900 49920 5 3 1020
676 50040 52740 3 2 2700
677 52860 55920 2 4 3060
678 59700 60720 5 3 1020
679 60840 63540 3 2 2700
680 63660 66720 2 4 3060
681 70500 71520 5 3 1020
682 71640 74340 3 2 2700
684 31320 35520 6 1 4200
685 35760 37320 1 2 1560
686 37560 40620 2 4 3060
687 42600 45660 4 2 3060
688 45780 47340 2 1 1560
689 47460 51660 1 6 4200
690 53400 56460 4 2 3060
691 56580 58140 2 1 1560
692 58260 62460 1 6 4200
693 64200 67260 4 2 3060
694 67380 68940 2 1 1560
695 69060 73260 1 6 4200
696 75000 78060 4 2 3060
697 78180 79740 2 1 1560
699 31800 34860 4 2 3060
700 34980 36540 2 1 1560
701 36660 40860 1 6 4200
702 42120 46320 6 1 4200
703 46560 48120 1 2 1560
704 48360 51420 2 4 3060
705 52920 57120 6 1 4200
706 57360 58920 1 2 1560
707 59160 62220 2 4 3060
708 63720 67920 6 1 4200
709 68160 69720 1 2 1560
710 69960 73020 2 4 3060
711 74520 78720 6 1 4200
714 33960 34980 7 1 1020
715 35100 36660 1 2 1560
716 36900 38640 2 0 1740
717 39420 41160 0 2 1740
718 41400 42960 2 1 1560
719 43080 44100 1 7 1020
720 34440 35460 5 3 1020
721 35580 37080 3 0 1500
722 37200 38580 0 1 1380
723 39480 40860 1 0 1380
724 40980 42480 0 3 1500
725 42660 43680 3 5 1020
726 40140 43200 4 2 3060
727 43320 46020 2 3 2700
728 46140 47160 3 5 1020
729 48900 49920 5 3 1020
730 50040 52740 3 2 2700
731 52860 55920 2 4 3060
732 41160 42180 7 1 1020
733 42300 43860 1 2 1560
734 44100 45840 2 0 1740
735 46620 48360 0 2 1740
736 48600 50160 2 1 1560
737 50280 51300 1 7 1020
738 41640 42660 5 3 1020
739 42780 44280 3 0 1500
740 44400 45780 0 1 1380
741 46680 48060 1 0 1380
742 48180 49680 0 3 1500
743 49860 50880 3 5 1020
744 48360 49380 7 1 1020
745 49500 51060 1 2 1560
746 51300 53040 2 0 1740
747 53820 55560 0 2 1740
748 55800 57360 2 1 1560
749 57480 58500 1 7 1020
750 48840 49860 5 3 1020
751 49980 51480 3 0 1500
752 51600 52980 0 1 1380
753 53880 55260 1 0 1380
754 55380 56880 0 3 1500
755 57060 58080 3 5 1020
756 50940 54000 4 2 3060
757 54120 56820 2 3 2700
758 56940 57960 3 5 1020
759 59700 60720 5 3 1020
760 60840 63540 3 2 2700
761 63660 66720 2 4 3060
762 55560 56580 7 1 1020
763 56700 58260 1 2 1560
764 58500 60240 2 0 1740
765 61020 62760 0 2 1740
766 63000 64560 2 1 1560
767 64680 65700 1 7 1020
768 56040 57060 5 3 1020
769 57180 58680 3 0 1500
770 58800 60180 0 1 1380
771 61080 62460 1 0 1380
772 62580 64080 0 3 1500
773 64260 65280 3 5 1020
774 61740 64800 4 2 3060
775 64920 67620 2 3 2700
776 67740 68760 3 5 1020
777 70500 71520 5 3 1020
778 71640 74340 3 2 2700
780 62760 63780 7 1 1020
781 63900 65460 1 2 1560
782 65700 67440 2 0 1740
783 68220 69960 0 2 1740
784 70200 71760 2 1 1560
785 71880 72900 1 7 1020
786 63240 64260 5 3 1020
787 64380 65880 3 0 1500
788 66000 67380 0 1 1380
789 68280 69660 1 0 1380
790 69780 71280 0 3 1500
791 71460 72480 3 5 1020
792 69960 70980 7 1 1020
793 71100 72660 1 2 1560
794 72900 74640 2 0 1740
795 75420 77160 0 2 1740
796 77400 78960 2 1 1560
798 70440 71460 5 3 1020
799 71580 73080 3 0 1500
800 73200 74580 0 1 1380
801 75480 76860 1 0 1380
802 76980 78480 0 3 1500
803 78660 79680 3 5 1020
804 72540 75600 4 2 3060
805 75720 78420 2 3 2700
806 78540 79560 3 5 1020
810 77160 78180 7 1 1020
811 78300 79860 1 2 1560
812 80100 81840 2 0 1740
816 77640 78660 5 3 1020
817 78780 80280 3 0 1500
818 80400 81780 0 1 1380
819 82680 84060 1 0 1380
