3 31500 33360 6 1 1860
4 33480 34380 1 0 900
5 34500 37200 0 5 2700
6 38700 40560 6 1 1860
7 40680 41580 1 0 900
8 41700 44400 0 5 2700
9 45900 47760 6 1 1860
10 47880 48780 1 0 900
11 48900 51600 0 5 2700
12 53100 54960 6 1 1860
13 55080 55980 1 0 900
14 56100 58800 0 5 2700
15 60300 62160 6 1 1860
16 62280 63180 1 0 900
17 63300 66000 0 5 2700
18 67500 69360 6 1 1860
19 69480 70380 1 0 900
20 70500 73200 0 5 2700
21 74700 76560 6 1 1860
22 76680 77580 1 0 900
27 28140 29700 3 7 1560
28 30420 31980 7 3 1560
29 32100 34260 3 0 2160
30 34380 35280 0 1 900
31 35400 38160 1 8 2760
32 39420 40980 7 3 1560
33 41100 43260 3 0 2160
34 43380 44280 0 1 900
35 44400 47160 1 8 2760
36 48420 49980 7 3 1560
37 50100 52260 3 0 2160
38 52380 53280 0 1 900
39 53400 56160 1 8 2760
40 57420 58980 7 3 1560
41 59100 61260 3 0 2160
42 61380 62280 0 1 900
43 62400 65160 1 8 2760
44 66420 67980 7 3 1560
45 68100 70260 3 0 2160
46 70380 71280 0 1 900
47 71400 74160 1 8 2760
48 75420 76980 7 3 1560
49 77100 79260 3 0 2160
50 79380 80280 0 1 900
54 26100 26880 2 4 780
55 27000 29220 4 6 2220
56 30060 32280 6 4 2220
57 32400 33180 4 2 780
58 33300 34380 2 9 1080
59 34560 36600 9 7 2040
60 37260 39480 6 4 2220
61 39600 40380 4 2 780
62 40500 41580 2 9 1080
63 41760 43800 9 7 2040
64 44460 46680 6 4 2220
65 46800 47580 4 2 780
66 47700 48780 2 9 1080
67 48960 51000 9 7 2040
68 51660 53880 6 4 2220
69 54000 54780 4 2 780
70 54900 55980 2 9 1080
71 56160 58200 9 7 2040
72 58860 61080 6 4 2220
73 61200 61980 4 2 780
74 62100 63180 2 9 1080
75 63360 65400 9 7 2040
76 66060 68280 6 4 2220
77 68400 69180 4 2 780
78 69300 70380 2 9 1080
79 70560 72600 9 7 2040
80 73260 75480 6 4 2220
81 75600 76380 4 2 780
82 76500 77580 2 9 1080
83 77760 79800 9 7 2040
86 28680 30660 2 3 1980
87 30900 33060 3 0 2160
88 34080 36060 2 3 1980
89 36300 38460 3 0 2160
90 39480 41460 2 3 1980
91 41700 43860 3 0 2160
92 44880 46860 2 3 1980
93 47100 49260 3 0 2160
94 50280 52260 2 3 1980
95 52500 54660 3 0 2160
96 55680 57660 2 3 1980
97 57900 60060 3 0 2160
98 61080 63060 2 3 1980
99 63300 65460 3 0 2160
100 66480 68460 2 3 1980
101 68700 70860 3 0 2160
102 71880 73860 2 3 1980
103 74100 76260 3 0 2160
104 77280 79260 2 3 1980
108 28680 30540 2 7 1860
109 32340 34200 7 2 1860
110 34320 37200 2 0 2880
111 37320 40020 0 5 2700
112 43140 45000 7 2 1860
113 45120 48000 2 0 2880
114 48120 50820 0 5 2700
115 53940 55800 7 2 1860
116 55920 58800 2 0 2880
117 58920 61620 0 5 2700
118 64740 66600 7 2 1860
119 66720 69600 2 0 2880
120 69720 72420 0 5 2700
121 75540 77400 7 2 1860
126 26100 27180 2 9 1080
127 27360 29400 9 7 2040
128 31620 33660 7 9 2040
129 33900 34980 9 2 1080
130 35100 35880 2 4 780
131 36000 38220 4 6 2220
132 38820 40860 7 9 2040
133 41100 42180 9 2 1080
134 42300 43080 2 4 780
135 43200 45420 4 6 2220
136 46020 48060 7 9 2040
137 48300 49380 9 2 1080
138 49500 50280 2 4 780
139 50400 52620 4 6 2220
140 53220 55260 7 9 2040
141 55500 56580 9 2 1080
142 56700 57480 2 4 780
143 57600 59820 4 6 2220
144 60420 62460 7 9 2040
145 62700 63780 9 2 1080
146 63900 64680 2 4 780
147 64800 67020 4 6 2220
148 67620 69660 7 9 2040
149 69900 70980 9 2 1080
150 71100 71880 2 4 780
151 72000 74220 4 6 2220
152 74820 76860 7 9 2040
153 77100 78180 9 2 1080
154 78300 79080 2 4 780
157 24300 25080 2 4 780
158 25320 27360 4 1 2040
159 27480 28380 1 0 900
160 31020 31920 0 1 900
161 32040 34080 1 4 2040
162 34200 34980 4 2 780
163 35100 36180 2 9 1080
164 38220 39120 0 1 900
165 39240 41280 1 4 2040
166 41400 42180 4 2 780
167 42300 43380 2 9 1080
168 45420 46320 0 1 900
169 46440 48480 1 4 2040
170 48600 49380 4 2 780
171 49500 50580 2 9 1080
172 52620 53520 0 1 900
173 53640 55680 1 4 2040
174 55800 56580 4 2 780
175 56700 57780 2 9 1080
176 59820 60720 0 1 900
177 60840 62880 1 4 2040
178 63000 63780 4 2 780
179 63900 64980 2 9 1080
180 67020 67920 0 1 900
181 68040 70080 1 4 2040
182 70200 70980 4 2 780
183 71100 72180 2 9 1080
184 74220 75120 0 1 900
185 75240 77280 1 4 2040
186 77400 78180 4 2 780
187 78300 79380 2 9 1080
191 28200 30960 1 8 2760
192 32760 35520 8 1 2760
193 35640 36540 1 0 900
194 36660 38820 0 3 2160
195 38940 40500 3 7 1560
196 41760 44520 8 1 2760
197 44640 45540 1 0 900
198 45660 47820 0 3 2160
199 47940 49500 3 7 1560
200 50760 53520 8 1 2760
201 53640 54540 1 0 900
202 54660 56820 0 3 2160
203 56940 58500 3 7 1560
204 59760 62520 8 1 2760
205 62640 63540 1 0 900
206 63660 65820 0 3 2160
207 65940 67500 3 7 1560
208 68760 71520 8 1 2760
209 71640 72540 1 0 900
210 72660 74820 0 3 2160
211 74940 76500 3 7 1560
212 77760 80520 8 1 2760
216 23280 25260 2 3 1980
217 25500 27660 3 0 2160
218 29940 32100 0 3 2160
219 32220 34200 3 2 1980
220 35340 37500 0 3 2160
221 37620 39600 3 2 1980
222 40740 42900 0 3 2160
223 43020 45000 3 2 1980
224 46140 48300 0 3 2160
225 48420 50400 3 2 1980
226 51540 53700 0 3 2160
227 53820 55800 3 2 1980
228 56940 59100 0 3 2160
229 59220 61200 3 2 1980
230 62340 64500 0 3 2160
231 64620 66600 3 2 1980
232 67740 69900 0 3 2160
233 70020 72000 3 2 1980
234 73140 75300 0 3 2160
235 75420 77400 3 2 1980
236 78540 80700 0 3 2160
237 80820 82800 3 2 1980
241 29940 31500 3 7 1560
242 32220 33780 7 3 1560
243 33900 36060 3 0 2160
244 36180 37080 0 1 900
245 37200 39960 1 8 2760
246 41220 42780 7 3 1560
247 42900 45060 3 0 2160
248 45180 46080 0 1 900
249 46200 48960 1 8 2760
250 50220 51780 7 3 1560
251 51900 54060 3 0 2160
252 54180 55080 0 1 900
253 55200 57960 1 8 2760
254 59220 60780 7 3 1560
255 60900 63060 3 0 2160
256 63180 64080 0 1 900
257 64200 66960 1 8 2760
258 68220 69780 7 3 1560
259 69900 72060 3 0 2160
260 72180 73080 0 1 900
261 73200 75960 1 8 2760
262 77220 78780 7 3 1560
268 27000 27780 4 2 780
269 27900 28980 2 9 1080
270 30300 31380 9 2 1080
271 31500 32280 2 4 780
272 32520 34560 4 1 2040
273 34680 35580 1 0 900
274 37500 38580 9 2 1080
275 38700 39480 2 4 780
276 39720 41760 4 1 2040
277 41880 42780 1 0 900
278 44700 45780 9 2 1080
279 45900 46680 2 4 780
280 46920 48960 4 1 2040
281 49080 49980 1 0 900
282 51900 52980 9 2 1080
283 53100 53880 2 4 780
284 54120 56160 4 1 2040
285 56280 57180 1 0 900
286 59100 60180 9 2 1080
287 60300 61080 2 4 780
288 61320 63360 4 1 2040
289 63480 64380 1 0 900
290 66300 67380 9 2 1080
291 67500 68280 2 4 780
292 68520 70560 4 1 2040
293 70680 71580 1 0 900
294 73500 74580 9 2 1080
295 74700 75480 2 4 780
296 75720 77760 4 1 2040
297 77880 78780 1 0 900
302 35400 36300 0 1 900
303 36420 38280 1 6 1860
304 39780 42480 5 0 2700
305 42600 43500 0 1 900
306 43620 45480 1 6 1860
307 46980 49680 5 0 2700
308 49800 50700 0 1 900
309 50820 52680 1 6 1860
310 54180 56880 5 0 2700
311 57000 57900 0 1 900
312 58020 59880 1 6 1860
313 61380 64080 5 0 2700
314 64200 65100 0 1 900
315 65220 67080 1 6 1860
316 68580 71280 5 0 2700
317 71400 72300 0 1 900
318 72420 74280 1 6 1860
319 75780 78480 5 0 2700
320 78600 79500 0 1 900
324 27900 28680 2 4 780
325 28800 31020 4 6 2220
326 31860 34080 6 4 2220
327 34200 34980 4 2 780
328 35100 36180 2 9 1080
329 36360 38400 9 7 2040
330 39060 41280 6 4 2220
331 41400 42180 4 2 780
332 42300 43380 2 9 1080
333 43560 45600 9 7 2040
334 46260 48480 6 4 2220
335 48600 49380 4 2 780
336 49500 50580 2 9 1080
337 50760 52800 9 7 2040
338 53460 55680 6 4 2220
339 55800 56580 4 2 780
340 56700 57780 2 9 1080
341 57960 60000 9 7 2040
342 60660 62880 6 4 2220
343 63000 63780 4 2 780
344 63900 64980 2 9 1080
345 65160 67200 9 7 2040
346 67860 70080 6 4 2220
347 70200 70980 4 2 780
348 71100 72180 2 9 1080
349 72360 74400 9 7 2040
350 75060 77280 6 4 2220
351 77400 78180 4 2 780
352 78300 79380 2 9 1080
353 79560 81600 9 7 2040
355 26820 28800 3 2 1980
356 30480 32460 2 3 1980
357 32700 34860 3 0 2160
358 35880 37860 2 3 1980
359 38100 40260 3 0 2160
360 41280 43260 2 3 1980
361 43500 45660 3 0 2160
362 46680 48660 2 3 1980
363 48900 51060 3 0 2160
364 52080 54060 2 3 1980
365 54300 56460 3 0 2160
366 57480 59460 2 3 1980
367 59700 61860 3 0 2160
368 62880 64860 2 3 1980
369 65100 67260 3 0 2160
370 68280 70260 2 3 1980
371 70500 72660 3 0 2160
372 73680 75660 2 3 1980
373 75900 78060 3 0 2160
377 27000 27780 4 2 780
378 27900 28980 2 9 1080
379 29160 31200 9 7 2040
380 33420 35460 7 9 2040
381 35700 36780 9 2 1080
382 36900 37680 2 4 780
383 37800 40020 4 6 2220
384 40620 42660 7 9 2040
385 42900 43980 9 2 1080
386 44100 44880 2 4 780
387 45000 47220 4 6 2220
388 47820 49860 7 9 2040
389 50100 51180 9 2 1080
390 51300 52080 2 4 780
391 52200 54420 4 6 2220
392 55020 57060 7 9 2040
393 57300 58380 9 2 1080
394 58500 59280 2 4 780
395 59400 61620 4 6 2220
396 62220 64260 7 9 2040
397 64500 65580 9 2 1080
398 65700 66480 2 4 780
399 66600 68820 4 6 2220
400 69420 71460 7 9 2040
401 71700 72780 9 2 1080
402 72900 73680 2 4 780
403 73800 76020 4 6 2220
404 76620 78660 7 9 2040
405 78900 79980 9 2 1080
406 80100 80880 2 4 780
410 29820 30600 4 2 780
411 30720 33600 2 0 2880
412 35700 38580 0 2 2880
413 38700 39480 2 4 780
414 39600 41640 4 1 2040
415 41760 44520 1 8 2760
416 46500 49380 0 2 2880
417 49500 50280 2 4 780
418 50400 52440 4 1 2040
419 52560 55320 1 8 2760
420 57300 60180 0 2 2880
421 60300 61080 2 4 780
422 61200 63240 4 1 2040
423 63360 66120 1 8 2760
424 68100 70980 0 2 2880
425 71100 71880 2 4 780
426 72000 74040 4 1 2040
427 74160 76920 1 8 2760
428 78900 81780 0 2 2880
429 81900 82680 2 4 780
433 27900 28680 2 4 780
434 28800 30840 4 1 2040
435 30960 33720 1 8 2760
436 35580 38340 8 1 2760
437 38460 40500 1 4 2040
438 40620 41400 4 2 780
439 41520 44400 2 0 2880
440 46380 49140 8 1 2760
441 49260 51300 1 4 2040
442 51420 52200 4 2 780
443 52320 55200 2 0 2880
444 57180 59940 8 1 2760
445 60060 62100 1 4 2040
446 62220 63000 4 2 780
447 63120 66000 2 0 2880
448 67980 70740 8 1 2760
449 70860 72900 1 4 2040
450 73020 73800 4 2 780
451 73920 76800 2 0 2880
452 78780 81540 8 1 2760
453 81660 83700 1 4 2040
454 83820 84600 4 2 780
457 26700 28860 3 0 2160
458 28980 29880 0 1 900
459 30000 32760 1 8 2760
460 34560 37320 8 1 2760
461 37440 38340 1 0 900
462 38460 40620 0 3 2160
463 40740 42300 3 7 1560
464 43560 46320 8 1 2760
465 46440 47340 1 0 900
466 47460 49620 0 3 2160
467 49740 51300 3 7 1560
468 52560 55320 8 1 2760
469 55440 56340 1 0 900
470 56460 58620 0 3 2160
471 58740 60300 3 7 1560
472 61560 64320 8 1 2760
473 64440 65340 1 0 900
474 65460 67620 0 3 2160
475 67740 69300 3 7 1560
476 70560 73320 8 1 2760
477 73440 74340 1 0 900
478 74460 76620 0 3 2160
479 76740 78300 3 7 1560
488 25080 27060 2 3 1980
489 27300 29460 3 0 2160
490 31740 33900 0 3 2160
491 34020 36000 3 2 1980
492 37140 39300 0 3 2160
493 39420 41400 3 2 1980
494 42540 44700 0 3 2160
495 44820 46800 3 2 1980
496 47940 50100 0 3 2160
497 50220 52200 3 2 1980
498 53340 55500 0 3 2160
499 55620 57600 3 2 1980
500 58740 60900 0 3 2160
501 61020 63000 3 2 1980
502 64140 66300 0 3 2160
503 66420 68400 3 2 1980
504 69540 71700 0 3 2160
505 71820 73800 3 2 1980
506 74940 77100 0 3 2160
507 77220 79200 3 2 1980
509 27120 30000 2 0 2880
510 30120 32820 0 5 2700
511 33540 36240 5 0 2700
512 36360 39240 0 2 2880
513 39480 41340 2 7 1860
514 44340 47040 5 0 2700
515 47160 50040 0 2 2880
516 50280 52140 2 7 1860
517 55140 57840 5 0 2700
518 57960 60840 0 2 2880
519 61080 62940 2 7 1860
520 65940 68640 5 0 2700
521 68760 71640 0 2 2880
522 71880 73740 2 7 1860
523 76740 79440 5 0 2700
524 79560 82440 0 2 2880
528 29220 31080 1 6 1860
529 35100 36960 6 1 1860
530 37080 37980 1 0 900
531 38100 40800 0 5 2700
532 42300 44160 6 1 1860
533 44280 45180 1 0 900
534 45300 48000 0 5 2700
535 49500 51360 6 1 1860
536 51480 52380 1 0 900
537 52500 55200 0 5 2700
538 56700 58560 6 1 1860
539 58680 59580 1 0 900
540 59700 62400 0 5 2700
541 63900 65760 6 1 1860
542 65880 66780 1 0 900
543 66900 69600 0 5 2700
544 71100 72960 6 1 1860
545 73080 73980 1 0 900
547 78300 80160 6 1 1860
551 28440 29340 1 0 900
552 29460 31620 0 3 2160
553 31740 33300 3 7 1560
554 34020 35580 7 3 1560
555 35700 37860 3 0 2160
556 37980 38880 0 1 900
557 39000 41760 1 8 2760
558 43020 44580 7 3 1560
559 44700 46860 3 0 2160
560 46980 47880 0 1 900
561 48000 50760 1 8 2760
562 52020 53580 7 3 1560
563 53700 55860 3 0 2160
564 55980 56880 0 1 900
565 57000 59760 1 8 2760
566 61020 62580 7 3 1560
567 62700 64860 3 0 2160
568 64980 65880 0 1 900
569 66000 68760 1 8 2760
570 70020 71580 7 3 1560
571 71700 73860 3 0 2160
572 73980 74880 0 1 900
573 75000 77760 1 8 2760
575 28500 29580 9 2 1080
576 29700 30480 2 4 780
577 30600 32820 4 6 2220
578 33660 35880 6 4 2220
579 36000 36780 4 2 780
580 36900 37980 2 9 1080
581 38160 40200 9 7 2040
582 40860 43080 6 4 2220
583 43200 43980 4 2 780
584 44100 45180 2 9 1080
585 45360 47400 9 7 2040
586 48060 50280 6 4 2220
587 50400 51180 4 2 780
588 51300 52380 2 9 1080
589 52560 54600 9 7 2040
590 55260 57480 6 4 2220
591 57600 58380 4 2 780
592 58500 59580 2 9 1080
593 59760 61800 9 7 2040
594 62460 64680 6 4 2220
595 64800 65580 4 2 780
596 65700 66780 2 9 1080
597 66960 69000 9 7 2040
598 69660 71880 6 4 2220
599 72000 72780 4 2 780
600 72900 73980 2 9 1080
601 74160 76200 9 7 2040
602 76860 79080 6 4 2220
603 79200 79980 4 2 780
607 28620 30600 3 2 1980
608 32280 34260 2 3 1980
609 34500 36660 3 0 2160
610 37680 39660 2 3 1980
611 39900 42060 3 0 2160
612 43080 45060 2 3 1980
613 45300 47460 3 0 2160
614 48480 50460 2 3 1980
615 50700 52860 3 0 2160
616 53880 55860 2 3 1980
617 56100 58260 3 0 2160
618 59280 61260 2 3 1980
619 61500 63660 3 0 2160
620 64680 66660 2 3 1980
621 66900 69060 3 0 2160
622 70080 72060 2 3 1980
623 72300 74460 3 0 2160
624 75480 77460 2 3 1980
627 29160 32040 0 2 2880
628 32280 34140 2 7 1860
629 35940 37800 7 2 1860
630 37920 40800 2 0 2880
631 40920 43620 0 5 2700
632 46740 48600 7 2 1860
633 48720 51600 2 0 2880
634 51720 54420 0 5 2700
635 57540 59400 7 2 1860
636 59520 62400 2 0 2880
637 62520 65220 0 5 2700
638 68340 70200 7 2 1860
639 70320 73200 2 0 2880
640 73320 76020 0 5 2700
641 79140 81000 7 2 1860
645 28800 29580 4 2 780
646 29700 30780 2 9 1080
647 30960 33000 9 7 2040
648 35220 37260 7 9 2040
649 37500 38580 9 2 1080
650 38700 39480 2 4 780
651 39600 41820 4 6 2220
652 42420 44460 7 9 2040
653 44700 45780 9 2 1080
654 45900 46680 2 4 780
655 46800 49020 4 6 2220
656 49620 51660 7 9 2040
657 51900 52980 9 2 1080
658 53100 53880 2 4 780
659 54000 56220 4 6 2220
660 56820 58860 7 9 2040
661 59100 60180 9 2 1080
662 60300 61080 2 4 780
663 61200 63420 4 6 2220
664 64020 66060 7 9 2040
665 66300 67380 9 2 1080
666 67500 68280 2 4 780
667 68400 70620 4 6 2220
668 71220 73260 7 9 2040
669 73500 74580 9 2 1080
670 74700 75480 2 4 780
671 75600 77820 4 6 2220
672 78420 80460 7 9 2040
673 80700 81780 9 2 1080
674 81900 82680 2 4 780
677 27900 28680 2 4 780
678 28920 30960 4 1 2040
679 31080 31980 1 0 900
680 34620 35520 0 1 900
681 35640 37680 1 4 2040
682 37800 38580 4 2 780
683 38700 39780 2 9 1080
684 41820 42720 0 1 900
685 42840 44880 1 4 2040
686 45000 45780 4 2 780
687 45900 46980 2 9 1080
688 49020 49920 0 1 900
689 50040 52080 1 4 2040
690 52200 52980 4 2 780
691 53100 54180 2 9 1080
692 56220 57120 0 1 900
693 57240 59280 1 4 2040
694 59400 60180 4 2 780
695 60300 61380 2 9 1080
696 63420 64320 0 1 900
697 64440 66480 1 4 2040
698 66600 67380 4 2 780
699 67500 68580 2 9 1080
700 70620 71520 0 1 900
701 71640 73680 1 4 2040
702 73800 74580 4 2 780
703 74700 75780 2 9 1080
704 77820 78720 0 1 900
705 78840 80880 1 4 2040
706 81000 81780 4 2 780
709 28500 30660 3 0 2160
710 30780 31680 0 1 900
711 31800 34560 1 8 2760
712 36360 39120 8 1 2760
713 39240 40140 1 0 900
714 40260 42420 0 3 2160
715 42540 44100 3 7 1560
716 45360 48120 8 1 2760
717 48240 49140 1 0 900
718 49260 51420 0 3 2160
719 51540 53100 3 7 1560
720 54360 57120 8 1 2760
721 57240 58140 1 0 900
722 58260 60420 0 3 2160
723 60540 62100 3 7 1560
724 63360 66120 8 1 2760
725 66240 67140 1 0 900
726 67260 69420 0 3 2160
727 69540 71100 3 7 1560
728 72360 75120 8 1 2760
729 75240 76140 1 0 900
730 76260 78420 0 3 2160
731 78540 80100 3 7 1560
732 26880 28860 2 3 1980
733 29100 31260 3 0 2160
734 33540 35700 0 3 2160
735 35820 37800 3 2 1980
736 38940 41100 0 3 2160
737 41220 43200 3 2 1980
738 44340 46500 0 3 2160
739 46620 48600 3 2 1980
740 49740 51900 0 3 2160
741 52020 54000 3 2 1980
742 55140 57300 0 3 2160
743 57420 59400 3 2 1980
744 60540 62700 0 3 2160
745 62820 64800 3 2 1980
746 65940 68100 0 3 2160
747 68220 70200 3 2 1980
748 71340 73500 0 3 2160
749 73620 75600 3 2 1980
750 76740 78900 0 3 2160
751 79020 81000 3 2 1980
753 30240 31140 1 0 900
754 31260 33420 0 3 2160
755 33540 35100 3 7 1560
756 35820 37380 7 3 1560
757 37500 39660 3 0 2160
758 39780 40680 0 1 900
759 40800 43560 1 8 2760
760 44820 46380 7 3 1560
761 46500 48660 3 0 2160
762 48780 49680 0 1 900
763 49800 52560 1 8 2760
764 53820 55380 7 3 1560
765 55500 57660 3 0 2160
766 57780 58680 0 1 900
767 58800 61560 1 8 2760
768 62820 64380 7 3 1560
769 64500 66660 3 0 2160
770 66780 67680 0 1 900
771 67800 70560 1 8 2760
772 71820 73380 7 3 1560
773 73500 75660 3 0 2160
774 75780 76680 0 1 900
777 28440 30480 1 4 2040
778 30600 31380 4 2 780
779 31500 32580 2 9 1080
780 33900 34980 9 2 1080
781 35100 35880 2 4 780
782 36120 38160 4 1 2040
783 38280 39180 1 0 900
784 41100 42180 9 2 1080
785 42300 43080 2 4 780
786 43320 45360 4 1 2040
787 45480 46380 1 0 900
788 48300 49380 9 2 1080
789 49500 50280 2 4 780
790 50520 52560 4 1 2040
791 52680 53580 1 0 900
792 55500 56580 9 2 1080
793 56700 57480 2 4 780
794 57720 59760 4 1 2040
795 59880 60780 1 0 900
796 62700 63780 9 2 1080
797 63900 64680 2 4 780
798 64920 66960 4 1 2040
799 67080 67980 1 0 900
800 69900 70980 9 2 1080
801 71100 71880 2 4 780
802 72120 74160 4 1 2040
803 74280 75180 1 0 900
804 77100 78180 9 2 1080
805 78300 79080 2 4 780
809 29880 30780 1 0 900
810 30900 33600 0 5 2700
811 36180 38880 5 0 2700
812 39000 39900 0 1 900
813 40020 41880 1 6 1860
814 43380 46080 5 0 2700
815 46200 47100 0 1 900
816 47220 49080 1 6 1860
817 50580 53280 5 0 2700
818 53400 54300 0 1 900
819 54420 56280 1 6 1860
820 57780 60480 5 0 2700
821 60600 61500 0 1 900
822 61620 63480 1 6 1860
823 64980 67680 5 0 2700
824 67800 68700 0 1 900
825 68820 70680 1 6 1860
826 72180 74880 5 0 2700
827 75000 75900 0 1 900
828 76020 77880 1 6 1860
830 30300 31380 9 2 1080
831 31500 32280 2 4 780
832 32400 34620 4 6 2220
833 35460 37680 6 4 2220
834 37800 38580 4 2 780
835 38700 39780 2 9 1080
836 39960 42000 9 7 2040
837 42660 44880 6 4 2220
838 45000 45780 4 2 780
839 45900 46980 2 9 1080
840 47160 49200 9 7 2040
841 49860 52080 6 4 2220
842 52200 52980 4 2 780
843 53100 54180 2 9 1080
844 54360 56400 9 7 2040
845 57060 59280 6 4 2220
846 59400 60180 4 2 780
847 60300 61380 2 9 1080
848 61560 63600 9 7 2040
849 64260 66480 6 4 2220
850 66600 67380 4 2 780
851 67500 68580 2 9 1080
852 68760 70800 9 7 2040
853 71460 73680 6 4 2220
854 73800 74580 4 2 780
855 74700 75780 2 9 1080
856 75960 78000 9 7 2040
857 78660 80880 6 4 2220
858 81000 81780 4 2 780
862 30420 32400 3 2 1980
863 34080 36060 2 3 1980
864 36300 38460 3 0 2160
866 30600 31380 4 2 780
867 31500 32580 2 9 1080
868 32760 34800 9 7 2040
869 37020 39060 7 9 2040
870 39300 40380 9 2 1080
871 40500 41280 2 4 780
872 41400 43620 4 6 2220
873 44220 46260 7 9 2040
874 46500 47580 9 2 1080
875 47700 48480 2 4 780
876 48600 50820 4 6 2220
877 51420 53460 7 9 2040
878 53700 54780 9 2 1080
879 54900 55680 2 4 780
880 55800 58020 4 6 2220
881 58620 60660 7 9 2040
882 60900 61980 9 2 1080
883 62100 62880 2 4 780
884 63000 65220 4 6 2220
885 65820 67860 7 9 2040
886 68100 69180 9 2 1080
887 69300 70080 2 4 780
888 70200 72420 4 6 2220
889 73020 75060 7 9 2040
890 75300 76380 9 2 1080
891 76500 77280 2 4 780
894 31260 33300 1 4 2040
895 33420 34200 4 2 780
896 34320 37200 2 0 2880
897 39300 42180 0 2 2880
898 42300 43080 2 4 780
899 43200 45240 4 1 2040
900 45360 48120 1 8 2760
901 50100 52980 0 2 2880
902 53100 53880 2 4 780
903 54000 56040 4 1 2040
904 56160 58920 1 8 2760
905 60900 63780 0 2 2880
906 63900 64680 2 4 780
907 64800 66840 4 1 2040
908 66960 69720 1 8 2760
909 71700 74580 0 2 2880
910 74700 75480 2 4 780
911 75600 77640 4 1 2040
913 28500 31380 0 2 2880
914 31500 32280 2 4 780
915 32400 34440 4 1 2040
916 34560 37320 1 8 2760
917 39180 41940 8 1 2760
918 42060 44100 1 4 2040
919 44220 45000 4 2 780
920 45120 48000 2 0 2880
921 49980 52740 8 1 2760
922 52860 54900 1 4 2040
923 55020 55800 4 2 780
924 55920 58800 2 0 2880
925 60780 63540 8 1 2760
926 63660 65700 1 4 2040
927 65820 66600 4 2 780
928 66720 69600 2 0 2880
929 71580 74340 8 1 2760
930 74460 76500 1 4 2040
931 76620 77400 4 2 780
934 30300 32460 3 0 2160
935 32580 33480 0 1 900
936 33600 36360 1 8 2760
937 38160 40920 8 1 2760
938 41040 41940 1 0 900
939 42060 44220 0 3 2160
940 44340 45900 3 7 1560
941 47160 49920 8 1 2760
942 50040 50940 1 0 900
943 51060 53220 0 3 2160
944 53340 54900 3 7 1560
945 56160 58920 8 1 2760
946 59040 59940 1 0 900
947 60060 62220 0 3 2160
948 62340 63900 3 7 1560
949 65160 67920 8 1 2760
950 68040 68940 1 0 900
951 69060 71220 0 3 2160
952 71340 72900 3 7 1560
953 74160 76920 8 1 2760
954 77040 77940 1 0 900
955 78060 80220 0 3 2160
956 80340 81900 3 7 1560
958 30720 33600 2 0 2880
959 33720 36420 0 5 2700
960 37140 39840 5 0 2700
961 39960 42840 0 2 2880
962 43080 44940 2 7 1860
963 47940 50640 5 0 2700
964 50760 53640 0 2 2880
965 53880 55740 2 7 1860
966 58740 61440 5 0 2700
967 61560 64440 0 2 2880
968 64680 66540 2 7 1860
969 69540 72240 5 0 2700
970 72360 75240 0 2 2880
971 75480 77340 2 7 1860
973 31800 32700 0 1 900
974 32820 34680 1 6 1860
975 38700 40560 6 1 1860
976 40680 41580 1 0 900
977 41700 44400 0 5 2700
979 32040 32940 1 0 900
980 33060 35220 0 3 2160
981 35340 36900 3 7 1560
982 37620 39180 7 3 1560
983 39300 41460 3 0 2160
984 41580 42480 0 1 900
985 42600 45360 1 8 2760
986 46620 48180 7 3 1560
987 48300 50460 3 0 2160
988 50580 51480 0 1 900
989 51600 54360 1 8 2760
990 55620 57180 7 3 1560
991 57300 59460 3 0 2160
992 59580 60480 0 1 900
993 60600 63360 1 8 2760
994 64620 66180 7 3 1560
995 66300 68460 3 0 2160
996 68580 69480 0 1 900
997 69600 72360 1 8 2760
998 73620 75180 7 3 1560
999 75300 77460 3 0 2160
1000 77580 78480 0 1 900
1003 32100 33180 9 2 1080
1004 33300 34080 2 4 780
1005 34200 36420 4 6 2220
1006 37260 39480 6 4 2220
1007 39600 40380 4 2 780
1008 40500 41580 2 9 1080
1009 41760 43800 9 7 2040
1011 32760 35640 0 2 2880
1012 35880 37740 2 7 1860
1013 39540 41400 7 2 1860
1014 41520 44400 2 0 2880
1015 44520 47220 0 5 2700
1016 50340 52200 7 2 1860
1017 52320 55200 2 0 2880
1018 55320 58020 0 5 2700
1019 61140 63000 7 2 1860
1020 63120 66000 2 0 2880
1021 66120 68820 0 5 2700
1022 71940 73800 7 2 1860
1023 73920 76800 2 0 2880
1026 33840 34740 1 0 900
1027 34860 37020 0 3 2160
1028 37140 38700 3 7 1560
1029 39420 40980 7 3 1560
1030 41100 43260 3 0 2160
1031 43380 44280 0 1 900
1032 44400 47160 1 8 2760
1033 31980 34740 8 1 2760
1034 34860 36900 1 4 2040
1035 37020 37800 4 2 780
1036 37920 40800 2 0 2880
1037 42900 45780 0 2 2880
1038 45900 46680 2 4 780
1039 46800 48840 4 1 2040
1040 48960 51720 1 8 2760
1041 53700 56580 0 2 2880
1042 56700 57480 2 4 780
1043 57600 59640 4 1 2040
1044 59760 62520 1 8 2760
1045 64500 67380 0 2 2880
1046 67500 68280 2 4 780
1047 68400 70440 4 1 2040
1048 70560 73320 1 8 2760
1049 75300 78180 0 2 2880
1050 78300 79080 2 4 780
1053 32100 34980 0 2 2880
1054 35100 35880 2 4 780
1055 36000 38040 4 1 2040
1056 38160 40920 1 8 2760
1057 42780 45540 8 1 2760
1058 45660 47700 1 4 2040
1059 47820 48600 4 2 780
1060 48720 51600 2 0 2880
1061 53580 56340 8 1 2760
1062 56460 58500 1 4 2040
1063 58620 59400 4 2 780
1064 59520 62400 2 0 2880
1065 64380 67140 8 1 2760
1066 67260 69300 1 4 2040
1067 69420 70200 4 2 780
1068 70320 73200 2 0 2880
1069 75180 77940 8 1 2760
1070 78060 80100 1 4 2040
1071 80220 81000 4 2 780
1073 39960 42720 8 1 2760
1074 42840 43740 1 0 900
1075 43860 46020 0 3 2160
1076 46140 47700 3 7 1560
1077 48420 49980 7 3 1560
1078 50100 52260 3 0 2160
1079 52380 53280 0 1 900
1080 53400 56160 1 8 2760
1081 40740 43440 5 0 2700
1082 43560 46440 0 2 2880
1083 46680 48540 2 7 1860
1084 50340 52200 7 2 1860
1085 52320 55200 2 0 2880
1086 55320 58020 0 5 2700
1087 48960 51720 8 1 2760
1088 51840 52740 1 0 900
1089 52860 55020 0 3 2160
1090 55140 56700 3 7 1560
1091 57420 58980 7 3 1560
1092 59100 61260 3 0 2160
1093 61380 62280 0 1 900
1094 62400 65160 1 8 2760
1095 51540 54240 5 0 2700
1096 54360 57240 0 2 2880
1097 57480 59340 2 7 1860
1098 61140 63000 7 2 1860
1099 63120 66000 2 0 2880
1100 66120 68820 0 5 2700
1101 57960 60720 8 1 2760
1102 60840 61740 1 0 900
1103 61860 64020 0 3 2160
1104 64140 65700 3 7 1560
1105 66420 67980 7 3 1560
1106 68100 70260 3 0 2160
1107 70380 71280 0 1 900
1108 71400 74160 1 8 2760
1109 62340 65040 5 0 2700
1110 65160 68040 0 2 2880
1111 68280 70140 2 7 1860
1112 71940 73800 7 2 1860
1113 73920 76800 2 0 2880
1115 66960 69720 8 1 2760
1116 69840 70740 1 0 900
1117 70860 73020 0 3 2160
1118 73140 74700 3 7 1560
1119 75420 76980 7 3 1560
1120 77100 79260 3 0 2160
1121 79380 80280 0 1 900
1123 73140 75840 5 0 2700
1124 75960 78840 0 2 2880
1125 79080 80940 2 7 1860
1126 82740 84600 7 2 1860
1129 75960 78720 8 1 2760
