0 21660 25200 0 1 3540
1 26160 29700 1 0 3540
2 30660 34200 1 0 3540
3 35160 38700 1 0 3540
4 39660 43200 1 0 3540
5 44160 47700 1 0 3540
6 48660 52200 1 0 3540
7 53160 56700 1 0 3540
8 57660 61200 1 0 3540
9 62160 65700 1 0 3540
10 66660 70200 1 0 3540
11 71160 74700 1 0 3540
12 75660 79200 1 0 3540
13 26160 29700 0 1 3540
14 30660 34200 0 1 3540
15 35160 38700 0 1 3540
16 39660 43200 0 1 3540
17 44160 47700 0 1 3540
18 48660 52200 0 1 3540
19 53160 56700 0 1 3540
20 57660 61200 0 1 3540
21 62160 65700 0 1 3540
22 66660 70200 0 1 3540
23 71160 74700 0 1 3540
24 22560 26100 0 1 3540
25 27060 30600 1 0 3540
26 31560 35100 1 0 3540
27 36060 39600 1 0 3540
28 40560 44100 1 0 3540
29 45060 48600 1 0 3540
30 49560 53100 1 0 3540
31 54060 57600 1 0 3540
32 58560 62100 1 0 3540
33 63060 66600 1 0 3540
34 67560 71100 1 0 3540
35 72060 75600 1 0 3540
36 76560 80100 1 0 3540
37 27060 30600 0 1 3540
38 31560 35100 0 1 3540
39 36060 39600 0 1 3540
40 40560 44100 0 1 3540
41 45060 48600 0 1 3540
42 49560 53100 0 1 3540
43 54060 57600 0 1 3540
44 58560 62100 0 1 3540
45 63060 66600 0 1 3540
46 67560 71100 0 1 3540
47 72060 75600 0 1 3540
48 23460 27000 0 1 3540
49 27960 31500 1 0 3540
50 32460 36000 1 0 3540
51 36960 40500 1 0 3540
52 41460 45000 1 0 3540
53 45960 49500 1 0 3540
54 50460 54000 1 0 3540
55 54960 58500 1 0 3540
56 59460 63000 1 0 3540
57 63960 67500 1 0 3540
58 68460 72000 1 0 3540
59 72960 76500 1 0 3540
60 77460 81000 1 0 3540
61 27960 31500 0 1 3540
62 32460 36000 0 1 3540
63 36960 40500 0 1 3540
64 41460 45000 0 1 3540
65 45960 49500 0 1 3540
66 50460 54000 0 1 3540
67 54960 58500 0 1 3540
68 59460 63000 0 1 3540
69 63960 67500 0 1 3540
70 68460 72000 0 1 3540
71 72960 76500 0 1 3540
72 24360 27900 0 1 3540
73 28860 32400 1 0 3540
74 33360 36900 1 0 3540
75 37860 41400 1 0 3540
76 42360 45900 1 0 3540
77 46860 50400 1 0 3540
78 51360 54900 1 0 3540
79 55860 59400 1 0 3540
80 60360 63900 1 0 3540
81 64860 68400 1 0 3540
82 69360 72900 1 0 3540
83 73860 77400 1 0 3540
84 78360 81900 1 0 3540
85 28860 32400 0 1 3540
86 33360 36900 0 1 3540
87 37860 41400 0 1 3540
88 42360 45900 0 1 3540
89 46860 50400 0 1 3540
90 51360 54900 0 1 3540
91 55860 59400 0 1 3540
92 60360 63900 0 1 3540
93 64860 68400 0 1 3540
94 69360 72900 0 1 3540
95 73860 77400 0 1 3540
96 25260 28800 0 1 3540
97 29760 33300 1 0 3540
98 34260 37800 1 0 3540
99 38760 42300 1 0 3540
100 43260 46800 1 0 3540
101 47760 51300 1 0 3540
102 52260 55800 1 0 3540
103 56760 60300 1 0 3540
104 61260 64800 1 0 3540
105 65760 69300 1 0 3540
106 70260 73800 1 0 3540
107 74760 78300 1 0 3540
108 29760 33300 0 1 3540
109 34260 37800 0 1 3540
110 38760 42300 0 1 3540
111 43260 46800 0 1 3540
112 47760 51300 0 1 3540
113 52260 55800 0 1 3540
114 56760 60300 0 1 3540
115 61260 64800 0 1 3540
116 65760 69300 0 1 3540
117 70260 73800 0 1 3540
