0 21600 23520 0 8 1920
1 23640 25020 8 2 1380
2 25200 27000 2 5 1800
3 29760 31560 5 2 1800
4 31680 33060 2 8 1380
5 33180 35100 8 0 1920
6 36960 38760 5 2 1800
7 38880 40260 2 8 1380
8 40380 42300 8 0 1920
9 44160 45960 5 2 1800
10 46080 47460 2 8 1380
11 47580 49500 8 0 1920
12 51360 53160 5 2 1800
13 53280 54660 2 8 1380
14 54780 56700 8 0 1920
15 58560 60360 5 2 1800
16 60480 61860 2 8 1380
17 61980 63900 8 0 1920
18 65760 67560 5 2 1800
19 67680 69060 2 8 1380
20 69180 71100 8 0 1920
21 72960 74760 5 2 1800
22 74880 76260 2 8 1380
23 76380 78300 8 0 1920
24 79200 81120 0 8 1920
25 81240 82620 8 2 1380
26 82800 84600 2 5 1800
27 87360 89160 5 2 1800
28 89280 90660 2 8 1380
29 90780 92700 8 0 1920
30 21600 22980 0 4 1380
31 23100 25440 4 3 2340
32 25560 26520 3 6 960
33 28380 29340 6 3 960
34 29460 31800 3 4 2340
35 31920 33300 4 0 1380
36 35580 36540 6 3 960
37 36660 39000 3 4 2340
38 39120 40500 4 0 1380
39 42780 43740 6 3 960
40 43860 46200 3 4 2340
41 46320 47700 4 0 1380
42 49980 50940 6 3 960
43 51060 53400 3 4 2340
44 53520 54900 4 0 1380
45 57180 58140 6 3 960
46 58260 60600 3 4 2340
47 60720 62100 4 0 1380
48 64380 65340 6 3 960
49 65460 67800 3 4 2340
50 67920 69300 4 0 1380
51 71580 72540 6 3 960
52 72660 75000 3 4 2340
53 75120 76500 4 0 1380
54 78780 79740 6 3 960
55 79860 82200 3 4 2340
56 82320 83700 4 0 1380
57 21600 22860 0 1 1260
58 23100 25740 1 7 2640
59 27360 30000 7 1 2640
60 30240 31500 1 0 1260
61 34560 37200 7 1 2640
62 37440 38700 1 0 1260
63 41760 44400 7 1 2640
64 44640 45900 1 0 1260
65 48960 51600 7 1 2640
66 51840 53100 1 0 1260
67 56160 58800 7 1 2640
68 59040 60300 1 0 1260
69 63360 66000 7 1 2640
70 66240 67500 1 0 1260
71 70560 73200 7 1 2640
72 73440 74700 1 0 1260
73 77760 80400 7 1 2640
74 80640 81900 1 0 1260
76 22980 24900 0 8 1920
77 25020 27000 8 5 1980
78 28140 30120 5 8 1980
79 30240 32160 8 0 1920
80 32400 33660 0 1 1260
81 35340 37320 5 8 1980
82 37440 39360 8 0 1920
83 39600 40860 0 1 1260
84 42540 44520 5 8 1980
85 44640 46560 8 0 1920
86 46800 48060 0 1 1260
87 49740 51720 5 8 1980
88 51840 53760 8 0 1920
89 54000 55260 0 1 1260
90 56940 58920 5 8 1980
91 59040 60960 8 0 1920
92 61200 62460 0 1 1260
93 64140 66120 5 8 1980
94 66240 68160 8 0 1920
95 68400 69660 0 1 1260
96 71340 73320 5 8 1980
97 73440 75360 8 0 1920
98 75600 76860 0 1 1260
99 78540 80520 5 8 1980
100 80640 82560 8 0 1920
105 28020 29280 0 1 1260
106 31020 32280 1 0 1260
107 32400 35040 0 7 2640
108 35160 36420 7 11 1260
109 36540 38460 11 10 1920
110 41820 43080 1 0 1260
111 43200 45840 0 7 2640
112 45960 47220 7 11 1260
113 47340 49260 11 10 1920
114 52620 53880 1 0 1260
115 54000 56640 0 7 2640
116 56760 58020 7 11 1260
117 58140 60060 11 10 1920
118 63420 64680 1 0 1260
119 64800 67440 0 7 2640
120 67560 68820 7 11 1260
121 68940 70860 11 10 1920
122 74220 75480 1 0 1260
123 75600 78240 0 7 2640
128 26700 29940 8 7 3240
129 30060 31320 7 11 1260
130 35460 36720 11 7 1260
131 36840 40080 7 8 3240
132 40200 42180 8 5 1980
133 42300 44640 5 9 2340
134 46260 47520 11 7 1260
135 47640 50880 7 8 3240
136 51000 52980 8 5 1980
137 53100 55440 5 9 2340
138 57060 58320 11 7 1260
139 58440 61680 7 8 3240
140 61800 63780 8 5 1980
141 63900 66240 5 9 2340
142 67860 69120 11 7 1260
143 69240 72480 7 8 3240
144 72600 74580 8 5 1980
145 74700 77040 5 9 2340
146 78660 79920 11 7 1260
147 80040 83280 7 8 3240
148 83400 85380 8 5 1980
153 28920 30900 8 5 1980
154 31020 33420 5 12 2400
155 33540 34380 12 9 840
156 35460 36300 9 12 840
157 36540 38940 12 5 2400
158 39060 41040 5 8 1980
159 41160 44400 8 7 3240
160 44520 45780 7 11 1260
161 45900 47820 11 10 1920
162 49860 50700 9 12 840
163 50940 53340 12 5 2400
164 53460 55440 5 8 1980
165 55560 58800 8 7 3240
166 58920 60180 7 11 1260
167 60300 62220 11 10 1920
168 64260 65100 9 12 840
169 65340 67740 12 5 2400
170 67860 69840 5 8 1980
171 69960 73200 8 7 3240
172 73320 74580 7 11 1260
174 78660 79500 9 12 840
175 79740 82140 12 5 2400
176 82260 84240 5 8 1980
182 29640 32880 7 8 3240
183 33000 34380 8 2 1380
184 36840 40080 7 8 3240
185 40200 41580 8 2 1380
186 44040 47280 7 8 3240
187 47400 48780 8 2 1380
188 51240 54480 7 8 3240
189 54600 55980 8 2 1380
190 58440 61680 7 8 3240
191 61800 63180 8 2 1380
192 65640 68880 7 8 3240
193 69000 70380 8 2 1380
194 72840 76080 7 8 3240
195 76200 77580 8 2 1380
197 23880 26520 0 7 2640
198 26640 27900 7 11 1260
199 31080 32340 11 7 1260
200 32460 35100 7 0 2640
201 35220 36600 0 4 1380
202 38280 39540 11 7 1260
203 39660 42300 7 0 2640
204 42420 43800 0 4 1380
205 45480 46740 11 7 1260
206 46860 49500 7 0 2640
207 49620 51000 0 4 1380
208 52680 53940 11 7 1260
209 54060 56700 7 0 2640
210 56820 58200 0 4 1380
211 59880 61140 11 7 1260
212 61260 63900 7 0 2640
213 64020 65400 0 4 1380
214 67080 68340 11 7 1260
215 68460 71100 7 0 2640
216 71220 72600 0 4 1380
217 74280 75540 11 7 1260
218 75660 78300 7 0 2640
219 78420 79800 0 4 1380
221 25800 27180 8 2 1380
222 29400 30780 2 8 1380
223 31020 34260 8 7 3240
224 36600 37980 2 8 1380
225 38220 41460 8 7 3240
226 43800 45180 2 8 1380
227 45420 48660 8 7 3240
228 51000 52380 2 8 1380
229 52620 55860 8 7 3240
230 58200 59580 2 8 1380
231 59820 63060 8 7 3240
232 65400 66780 2 8 1380
233 67020 70260 8 7 3240
234 72600 73980 2 8 1380
235 74220 77460 8 7 3240
237 24540 25920 8 2 1380
238 26040 28380 2 3 2340
239 32040 34380 3 2 2340
240 34500 35880 2 8 1380
241 36120 38100 8 5 1980
242 39240 41580 3 2 2340
243 41700 43080 2 8 1380
244 43320 45300 8 5 1980
245 46440 48780 3 2 2340
246 48900 50280 2 8 1380
247 50520 52500 8 5 1980
248 53640 55980 3 2 2340
249 56100 57480 2 8 1380
250 57720 59700 8 5 1980
251 60840 63180 3 2 2340
252 63300 64680 2 8 1380
253 64920 66900 8 5 1980
254 68040 70380 3 2 2340
255 70500 71880 2 8 1380
256 72120 74100 8 5 1980
257 75240 77580 3 2 2340
258 77700 79080 2 8 1380
259 79320 81300 8 5 1980
260 22500 24420 0 8 1920
261 24540 25920 8 2 1380
262 26040 28380 2 3 2340
263 28500 29460 3 6 960
264 31680 32640 6 3 960
265 32760 35100 3 2 2340
266 35220 36600 2 8 1380
267 36720 38640 8 0 1920
268 42480 43440 6 3 960
269 43560 45900 3 2 2340
270 46020 47400 2 8 1380
271 47520 49440 8 0 1920
272 53280 54240 6 3 960
273 54360 56700 3 2 2340
274 56820 58200 2 8 1380
275 58320 60240 8 0 1920
276 64080 65040 6 3 960
277 65160 67500 3 2 2340
278 67620 69000 2 8 1380
279 69120 71040 8 0 1920
280 74880 75840 6 3 960
281 75960 78300 3 2 2340
282 78420 79800 2 8 1380
283 79920 81840 8 0 1920
286 25980 27900 8 0 1920
287 28800 30720 0 8 1920
288 30840 32220 8 2 1380
289 32400 34200 2 5 1800
290 36000 37920 0 8 1920
291 38040 39420 8 2 1380
292 39600 41400 2 5 1800
293 43200 45120 0 8 1920
294 45240 46620 8 2 1380
295 46800 48600 2 5 1800
296 50400 52320 0 8 1920
297 52440 53820 8 2 1380
298 54000 55800 2 5 1800
299 57600 59520 0 8 1920
300 59640 61020 8 2 1380
301 61200 63000 2 5 1800
302 64800 66720 0 8 1920
303 66840 68220 8 2 1380
304 68400 70200 2 5 1800
305 72000 73920 0 8 1920
306 74040 75420 8 2 1380
307 75600 77400 2 5 1800
310 26520 27900 4 0 1380
311 28800 30180 0 4 1380
312 30300 32640 4 3 2340
313 32760 33720 3 6 960
314 36000 37380 0 4 1380
315 37500 39840 4 3 2340
316 39960 40920 3 6 960
317 43200 44580 0 4 1380
318 44700 47040 4 3 2340
319 47160 48120 3 6 960
320 50400 51780 0 4 1380
321 51900 54240 4 3 2340
322 54360 55320 3 6 960
323 57600 58980 0 4 1380
324 59100 61440 4 3 2340
325 61560 62520 3 6 960
326 64800 66180 0 4 1380
327 66300 68640 4 3 2340
328 68760 69720 3 6 960
329 72000 73380 0 4 1380
330 73500 75840 4 3 2340
331 75960 76920 3 6 960
332 79200 80580 0 4 1380
333 80700 83040 4 3 2340
335 23400 24780 0 4 1380
336 24900 27240 4 3 2340
337 27360 28320 3 6 960
338 30180 31140 6 3 960
339 31260 33600 3 4 2340
340 33720 35100 4 0 1380
341 37380 38340 6 3 960
342 38460 40800 3 4 2340
343 40920 42300 4 0 1380
344 44580 45540 6 3 960
345 45660 48000 3 4 2340
346 48120 49500 4 0 1380
347 51780 52740 6 3 960
348 52860 55200 3 4 2340
349 55320 56700 4 0 1380
350 58980 59940 6 3 960
351 60060 62400 3 4 2340
352 62520 63900 4 0 1380
353 66180 67140 6 3 960
354 67260 69600 3 4 2340
355 69720 71100 4 0 1380
356 73380 74340 6 3 960
357 74460 76800 3 4 2340
358 76920 78300 4 0 1380
362 28860 30960 2 4 2100
363 34560 36660 4 2 2100
364 36780 38580 2 5 1800
365 38700 41040 5 9 2340
366 41160 42000 9 12 840
367 45360 47460 4 2 2100
368 47580 49380 2 5 1800
369 49500 51840 5 9 2340
370 51960 52800 9 12 840
371 56160 58260 4 2 2100
372 58380 60180 2 5 1800
373 60300 62640 5 9 2340
374 62760 63600 9 12 840
375 66960 69060 4 2 2100
376 69180 70980 2 5 1800
377 71100 73440 5 9 2340
378 73560 74400 9 12 840
379 77760 79860 4 2 2100
380 79980 81780 2 5 1800
384 26640 27900 1 0 1260
385 28800 30060 0 1 1260
386 30300 32940 1 7 2640
387 36000 37260 0 1 1260
388 37500 40140 1 7 2640
389 43200 44460 0 1 1260
390 44700 47340 1 7 2640
391 50400 51660 0 1 1260
392 51900 54540 1 7 2640
393 57600 58860 0 1 1260
394 59100 61740 1 7 2640
395 64800 66060 0 1 1260
396 66300 68940 1 7 2640
397 72000 73260 0 1 1260
398 73500 76140 1 7 2640
399 79200 80460 0 1 1260
401 23760 25860 4 2 2100
402 25980 27780 2 5 1800
403 27900 30300 5 12 2400
404 31620 34020 12 5 2400
405 34140 35940 5 2 1800
406 36060 38160 2 4 2100
407 38820 41220 12 5 2400
408 41340 43140 5 2 1800
409 43260 45360 2 4 2100
410 46020 48420 12 5 2400
411 48540 50340 5 2 1800
412 50460 52560 2 4 2100
413 53220 55620 12 5 2400
414 55740 57540 5 2 1800
415 57660 59760 2 4 2100
416 60420 62820 12 5 2400
417 62940 64740 5 2 1800
418 64860 66960 2 4 2100
419 67620 70020 12 5 2400
420 70140 71940 5 2 1800
421 72060 74160 2 4 2100
422 74820 77220 12 5 2400
423 77340 79140 5 2 1800
424 79260 81360 2 4 2100
425 23760 25860 4 2 2100
426 25980 27780 2 5 1800
427 27900 30240 5 9 2340
428 30360 31200 9 12 840
429 34200 35040 12 9 840
430 35280 37620 9 5 2340
431 37740 39540 5 2 1800
432 39660 41760 2 4 2100
433 45000 45840 12 9 840
434 46080 48420 9 5 2340
435 48540 50340 5 2 1800
436 50460 52560 2 4 2100
437 55800 56640 12 9 840
438 56880 59220 9 5 2340
439 59340 61140 5 2 1800
440 61260 63360 2 4 2100
441 66600 67440 12 9 840
442 67680 70020 9 5 2340
443 70140 71940 5 2 1800
444 72060 74160 2 4 2100
445 77400 78240 12 9 840
446 78480 80820 9 5 2340
447 80940 82740 5 2 1800
448 82860 84960 2 4 2100
449 23820 25080 1 0 1260
450 25200 27840 0 7 2640
451 27960 29220 7 11 1260
452 29340 31260 11 10 1920
453 32640 34560 10 11 1920
454 34680 35940 11 7 1260
455 36060 38700 7 0 2640
456 38820 40080 0 1 1260
457 43440 45360 10 11 1920
458 45480 46740 11 7 1260
459 46860 49500 7 0 2640
460 49620 50880 0 1 1260
461 54240 56160 10 11 1920
462 56280 57540 11 7 1260
463 57660 60300 7 0 2640
464 60420 61680 0 1 1260
465 65040 66960 10 11 1920
466 67080 68340 11 7 1260
467 68460 71100 7 0 2640
468 71220 72480 0 1 1260
469 75840 77760 10 11 1920
470 77880 79140 11 7 1260
471 79260 81900 7 0 2640
472 82020 83280 0 1 1260
475 28020 29400 0 4 1380
476 33180 34560 4 0 1380
477 34680 37320 0 7 2640
478 37440 38700 7 11 1260
479 40380 41760 4 0 1380
480 41880 44520 0 7 2640
481 44640 45900 7 11 1260
482 47580 48960 4 0 1380
483 49080 51720 0 7 2640
484 51840 53100 7 11 1260
485 54780 56160 4 0 1380
486 56280 58920 0 7 2640
487 59040 60300 7 11 1260
488 61980 63360 4 0 1380
489 63480 66120 0 7 2640
490 66240 67500 7 11 1260
491 69180 70560 4 0 1380
492 70680 73320 0 7 2640
493 73440 74700 7 11 1260
494 76380 77760 4 0 1380
495 77880 80520 0 7 2640
499 28860 30960 2 4 2100
500 34560 36660 4 2 2100
501 36780 38580 2 5 1800
502 38700 41100 5 12 2400
503 41760 43860 4 2 2100
504 43980 45780 2 5 1800
505 45900 48300 5 12 2400
506 48960 51060 4 2 2100
507 51180 52980 2 5 1800
508 53100 55500 5 12 2400
509 56160 58260 4 2 2100
510 58380 60180 2 5 1800
511 60300 62700 5 12 2400
512 63360 65460 4 2 2100
513 65580 67380 2 5 1800
514 67500 69900 5 12 2400
515 70560 72660 4 2 2100
516 72780 74580 2 5 1800
517 74700 77100 5 12 2400
518 77760 79860 4 2 2100
519 79980 81780 2 5 1800
523 28020 29400 2 8 1380
524 29520 31440 8 0 1920
525 33300 35220 0 8 1920
526 35340 36720 8 2 1380
527 36840 39180 2 3 2340
528 39300 40260 3 6 960
529 44100 46020 0 8 1920
530 46140 47520 8 2 1380
531 47640 49980 2 3 2340
532 50100 51060 3 6 960
533 54900 56820 0 8 1920
534 56940 58320 8 2 1380
535 58440 60780 2 3 2340
536 60900 61860 3 6 960
537 65700 67620 0 8 1920
538 67740 69120 8 2 1380
539 69240 71580 2 3 2340
540 71700 72660 3 6 960
541 76500 78420 0 8 1920
542 78540 79920 8 2 1380
543 80040 82380 2 3 2340
544 82500 83460 3 6 960
546 26640 28560 8 0 1920
547 28800 30060 0 1 1260
548 32400 33660 1 0 1260
549 33780 35700 0 8 1920
550 35820 37800 8 5 1980
551 39600 40860 1 0 1260
552 40980 42900 0 8 1920
553 43020 45000 8 5 1980
554 46800 48060 1 0 1260
555 48180 50100 0 8 1920
556 50220 52200 8 5 1980
557 54000 55260 1 0 1260
558 55380 57300 0 8 1920
559 57420 59400 8 5 1980
560 61200 62460 1 0 1260
561 62580 64500 0 8 1920
562 64620 66600 8 5 1980
563 68400 69660 1 0 1260
564 69780 71700 0 8 1920
565 71820 73800 8 5 1980
566 75600 76860 1 0 1260
567 76980 78900 0 8 1920
568 79020 81000 8 5 1980
571 29400 31380 8 5 1980
572 31500 33840 5 9 2340
573 36540 38880 9 5 2340
574 39000 40980 5 8 1980
575 41100 44340 8 7 3240
576 44460 45720 7 11 1260
577 47340 49680 9 5 2340
578 49800 51780 5 8 1980
579 51900 55140 8 7 3240
580 55260 56520 7 11 1260
581 58140 60480 9 5 2340
582 60600 62580 5 8 1980
583 62700 65940 8 7 3240
584 66060 67320 7 11 1260
585 68940 71280 9 5 2340
586 71400 73380 5 8 1980
587 73500 76740 8 7 3240
591 28260 30240 5 8 1980
592 30360 33600 8 7 3240
593 33720 34980 7 11 1260
594 35100 37020 11 10 1920
595 40140 42060 10 11 1920
596 42180 43440 11 7 1260
597 43560 46800 7 8 3240
598 46920 48900 8 5 1980
599 49020 51420 5 12 2400
600 51540 52380 12 9 840
601 54540 56460 10 11 1920
602 56580 57840 11 7 1260
603 57960 61200 7 8 3240
604 61320 63300 8 5 1980
605 63420 65820 5 12 2400
606 65940 66780 12 9 840
607 68940 70860 10 11 1920
608 70980 72240 11 7 1260
609 72360 75600 7 8 3240
610 75720 77700 8 5 1980
615 28320 29700 4 0 1380
616 30600 31980 0 4 1380
617 32100 34440 4 3 2340
618 34560 35520 3 6 960
619 37800 39180 0 4 1380
620 39300 41640 4 3 2340
621 41760 42720 3 6 960
622 45000 46380 0 4 1380
623 46500 48840 4 3 2340
624 48960 49920 3 6 960
625 52200 53580 0 4 1380
626 53700 56040 4 3 2340
627 56160 57120 3 6 960
628 59400 60780 0 4 1380
629 60900 63240 4 3 2340
630 63360 64320 3 6 960
631 66600 67980 0 4 1380
632 68100 70440 4 3 2340
633 70560 71520 3 6 960
634 73800 75180 0 4 1380
635 75300 77640 4 3 2340
636 77760 78720 3 6 960
638 27300 28680 2 8 1380
639 28920 30900 8 5 1980
640 33240 35220 5 8 1980
641 35340 36720 8 2 1380
642 36840 39180 2 3 2340
643 40440 42420 5 8 1980
644 42540 43920 8 2 1380
645 44040 46380 2 3 2340
646 47640 49620 5 8 1980
647 49740 51120 8 2 1380
648 51240 53580 2 3 2340
649 54840 56820 5 8 1980
650 56940 58320 8 2 1380
651 58440 60780 2 3 2340
652 62040 64020 5 8 1980
653 64140 65520 8 2 1380
654 65640 67980 2 3 2340
655 69240 71220 5 8 1980
656 71340 72720 8 2 1380
657 72840 75180 2 3 2340
658 76440 78420 5 8 1980
659 78540 79920 8 2 1380
660 80040 82380 2 3 2340
661 25200 27120 0 8 1920
662 27240 28620 8 2 1380
663 28800 30600 2 5 1800
664 33360 35160 5 2 1800
665 35280 36660 2 8 1380
666 36780 38700 8 0 1920
667 40560 42360 5 2 1800
668 42480 43860 2 8 1380
669 43980 45900 8 0 1920
670 47760 49560 5 2 1800
671 49680 51060 2 8 1380
672 51180 53100 8 0 1920
673 54960 56760 5 2 1800
674 56880 58260 2 8 1380
675 58380 60300 8 0 1920
676 62160 63960 5 2 1800
677 64080 65460 2 8 1380
678 65580 67500 8 0 1920
679 69360 71160 5 2 1800
680 71280 72660 2 8 1380
681 72780 74700 8 0 1920
682 76560 78360 5 2 1800
683 78480 79860 2 8 1380
684 79980 81900 8 0 1920
685 25200 26580 0 4 1380
686 26700 29040 4 3 2340
687 29160 30120 3 6 960
688 31980 32940 6 3 960
689 33060 35400 3 4 2340
690 35520 36900 4 0 1380
691 39180 40140 6 3 960
692 40260 42600 3 4 2340
693 42720 44100 4 0 1380
694 46380 47340 6 3 960
695 47460 49800 3 4 2340
696 49920 51300 4 0 1380
697 53580 54540 6 3 960
698 54660 57000 3 4 2340
699 57120 58500 4 0 1380
700 60780 61740 6 3 960
701 61860 64200 3 4 2340
702 64320 65700 4 0 1380
703 67980 68940 6 3 960
704 69060 71400 3 4 2340
705 71520 72900 4 0 1380
706 75180 76140 6 3 960
707 76260 78600 3 4 2340
708 78720 80100 4 0 1380
709 25200 26460 0 1 1260
710 26700 29340 1 7 2640
711 30960 33600 7 1 2640
712 33840 35100 1 0 1260
713 38160 40800 7 1 2640
714 41040 42300 1 0 1260
715 45360 48000 7 1 2640
716 48240 49500 1 0 1260
717 52560 55200 7 1 2640
718 55440 56700 1 0 1260
719 59760 62400 7 1 2640
720 62640 63900 1 0 1260
721 66960 69600 7 1 2640
722 69840 71100 1 0 1260
723 74160 76800 7 1 2640
724 77040 78300 1 0 1260
725 25200 26460 1 0 1260
726 26580 28500 0 8 1920
727 28620 30600 8 5 1980
728 31740 33720 5 8 1980
729 33840 35760 8 0 1920
730 36000 37260 0 1 1260
731 38940 40920 5 8 1980
732 41040 42960 8 0 1920
733 43200 44460 0 1 1260
734 46140 48120 5 8 1980
735 48240 50160 8 0 1920
736 50400 51660 0 1 1260
737 53340 55320 5 8 1980
738 55440 57360 8 0 1920
739 57600 58860 0 1 1260
740 60540 62520 5 8 1980
741 62640 64560 8 0 1920
742 64800 66060 0 1 1260
743 67740 69720 5 8 1980
744 69840 71760 8 0 1920
745 72000 73260 0 1 1260
746 74940 76920 5 8 1980
747 77040 78960 8 0 1920
748 79200 80460 0 1 1260
751 28860 31500 7 0 2640
752 31620 32880 0 1 1260
753 34620 35880 1 0 1260
754 36000 38640 0 7 2640
755 38760 40020 7 11 1260
756 40140 42060 11 10 1920
757 45420 46680 1 0 1260
758 46800 49440 0 7 2640
759 49560 50820 7 11 1260
760 50940 52860 11 10 1920
761 56220 57480 1 0 1260
762 57600 60240 0 7 2640
763 60360 61620 7 11 1260
764 61740 63660 11 10 1920
765 67020 68280 1 0 1260
766 68400 71040 0 7 2640
767 71160 72420 7 11 1260
768 72540 74460 11 10 1920
769 77820 79080 1 0 1260
774 28200 30180 5 8 1980
775 30300 33540 8 7 3240
776 33660 34920 7 11 1260
777 39060 40320 11 7 1260
778 40440 43680 7 8 3240
779 43800 45780 8 5 1980
780 45900 48240 5 9 2340
781 49860 51120 11 7 1260
782 51240 54480 7 8 3240
783 54600 56580 8 5 1980
784 56700 59040 5 9 2340
785 60660 61920 11 7 1260
786 62040 65280 7 8 3240
787 65400 67380 8 5 1980
788 67500 69840 5 9 2340
789 71460 72720 11 7 1260
790 72840 76080 7 8 3240
791 76200 78180 8 5 1980
795 29160 32400 7 8 3240
796 32520 34500 8 5 1980
797 34620 37020 5 12 2400
798 37140 37980 12 9 840
799 39060 39900 9 12 840
800 40140 42540 12 5 2400
801 42660 44640 5 8 1980
802 44760 48000 8 7 3240
803 48120 49380 7 11 1260
804 49500 51420 11 10 1920
805 53460 54300 9 12 840
806 54540 56940 12 5 2400
807 57060 59040 5 8 1980
808 59160 62400 8 7 3240
809 62520 63780 7 11 1260
810 63900 65820 11 10 1920
811 67860 68700 9 12 840
812 68940 71340 12 5 2400
813 71460 73440 5 8 1980
814 73560 76800 8 7 3240
817 25800 27180 2 8 1380
818 27420 30660 8 7 3240
819 33240 36480 7 8 3240
820 36600 37980 8 2 1380
821 40440 43680 7 8 3240
822 43800 45180 8 2 1380
823 47640 50880 7 8 3240
824 51000 52380 8 2 1380
825 54840 58080 7 8 3240
826 58200 59580 8 2 1380
827 62040 65280 7 8 3240
828 65400 66780 8 2 1380
829 69240 72480 7 8 3240
830 72600 73980 8 2 1380
831 76440 79680 7 8 3240
832 79800 81180 8 2 1380
833 25980 27360 4 0 1380
834 27480 30120 0 7 2640
835 30240 31500 7 11 1260
836 34680 35940 11 7 1260
837 36060 38700 7 0 2640
838 38820 40200 0 4 1380
839 41880 43140 11 7 1260
840 43260 45900 7 0 2640
841 46020 47400 0 4 1380
842 49080 50340 11 7 1260
843 50460 53100 7 0 2640
844 53220 54600 0 4 1380
845 56280 57540 11 7 1260
846 57660 60300 7 0 2640
847 60420 61800 0 4 1380
848 63480 64740 11 7 1260
849 64860 67500 7 0 2640
850 67620 69000 0 4 1380
851 70680 71940 11 7 1260
852 72060 74700 7 0 2640
853 74820 76200 0 4 1380
854 77880 79140 11 7 1260
855 79260 81900 7 0 2640
856 82020 83400 0 4 1380
858 29400 30780 8 2 1380
859 33000 34380 2 8 1380
860 34620 37860 8 7 3240
861 40200 41580 2 8 1380
862 41820 45060 8 7 3240
863 47400 48780 2 8 1380
864 49020 52260 8 7 3240
865 54600 55980 2 8 1380
866 56220 59460 8 7 3240
867 61800 63180 2 8 1380
868 63420 66660 8 7 3240
869 69000 70380 2 8 1380
870 70620 73860 8 7 3240
871 76200 77580 2 8 1380
874 28140 29520 8 2 1380
875 29640 31980 2 3 2340
876 35640 37980 3 2 2340
877 38100 39480 2 8 1380
878 39720 41700 8 5 1980
879 42840 45180 3 2 2340
880 45300 46680 2 8 1380
881 46920 48900 8 5 1980
882 50040 52380 3 2 2340
883 52500 53880 2 8 1380
884 54120 56100 8 5 1980
885 57240 59580 3 2 2340
886 59700 61080 2 8 1380
887 61320 63300 8 5 1980
888 64440 66780 3 2 2340
889 66900 68280 2 8 1380
890 68520 70500 8 5 1980
891 71640 73980 3 2 2340
892 74100 75480 2 8 1380
893 75720 77700 8 5 1980
894 78840 81180 3 2 2340
895 81300 82680 2 8 1380
896 82920 84900 8 5 1980
897 26100 28020 0 8 1920
898 28140 29520 8 2 1380
899 29640 31980 2 3 2340
900 32100 33060 3 6 960
901 35280 36240 6 3 960
902 36360 38700 3 2 2340
903 38820 40200 2 8 1380
904 40320 42240 8 0 1920
905 46080 47040 6 3 960
906 47160 49500 3 2 2340
907 49620 51000 2 8 1380
908 51120 53040 8 0 1920
909 56880 57840 6 3 960
910 57960 60300 3 2 2340
911 60420 61800 2 8 1380
912 61920 63840 8 0 1920
913 67680 68640 6 3 960
914 68760 71100 3 2 2340
915 71220 72600 2 8 1380
916 72720 74640 8 0 1920
917 78480 79440 6 3 960
918 79560 81900 3 2 2340
919 82020 83400 2 8 1380
920 83520 85440 8 0 1920
922 28080 29460 2 8 1380
923 29580 31500 8 0 1920
924 32400 34320 0 8 1920
925 34440 35820 8 2 1380
926 36000 37800 2 5 1800
927 39600 41520 0 8 1920
928 41640 43020 8 2 1380
929 43200 45000 2 5 1800
930 46800 48720 0 8 1920
931 48840 50220 8 2 1380
932 50400 52200 2 5 1800
933 54000 55920 0 8 1920
934 56040 57420 8 2 1380
935 57600 59400 2 5 1800
936 61200 63120 0 8 1920
937 63240 64620 8 2 1380
938 64800 66600 2 5 1800
939 68400 70320 0 8 1920
940 70440 71820 8 2 1380
941 72000 73800 2 5 1800
942 75600 77520 0 8 1920
943 77640 79020 8 2 1380
944 79200 81000 2 5 1800
946 27660 30000 3 4 2340
947 30120 31500 4 0 1380
948 32400 33780 0 4 1380
949 33900 36240 4 3 2340
950 36360 37320 3 6 960
951 39600 40980 0 4 1380
952 41100 43440 4 3 2340
953 43560 44520 3 6 960
954 46800 48180 0 4 1380
955 48300 50640 4 3 2340
956 50760 51720 3 6 960
957 54000 55380 0 4 1380
958 55500 57840 4 3 2340
959 57960 58920 3 6 960
960 61200 62580 0 4 1380
961 62700 65040 4 3 2340
962 65160 66120 3 6 960
963 68400 69780 0 4 1380
964 69900 72240 4 3 2340
965 72360 73320 3 6 960
966 75600 76980 0 4 1380
967 77100 79440 4 3 2340
968 79560 80520 3 6 960
969 27000 28380 0 4 1380
970 28500 30840 4 3 2340
971 30960 31920 3 6 960
972 33780 34740 6 3 960
973 34860 37200 3 4 2340
974 37320 38700 4 0 1380
975 40980 41940 6 3 960
976 42060 44400 3 4 2340
977 44520 45900 4 0 1380
978 48180 49140 6 3 960
979 49260 51600 3 4 2340
980 51720 53100 4 0 1380
981 55380 56340 6 3 960
982 56460 58800 3 4 2340
983 58920 60300 4 0 1380
984 62580 63540 6 3 960
985 63660 66000 3 4 2340
986 66120 67500 4 0 1380
987 69780 70740 6 3 960
988 70860 73200 3 4 2340
989 73320 74700 4 0 1380
990 76980 77940 6 3 960
991 78060 80400 3 4 2340
992 80520 81900 4 0 1380
995 30540 32340 5 2 1800
996 32460 34560 2 4 2100
997 38160 40260 4 2 2100
998 40380 42180 2 5 1800
999 42300 44640 5 9 2340
1000 44760 45600 9 12 840
1001 48960 51060 4 2 2100
1002 51180 52980 2 5 1800
1003 53100 55440 5 9 2340
1004 55560 56400 9 12 840
1005 59760 61860 4 2 2100
1006 61980 63780 2 5 1800
1007 63900 66240 5 9 2340
1008 66360 67200 9 12 840
1009 70560 72660 4 2 2100
1010 72780 74580 2 5 1800
1011 74700 77040 5 9 2340
1012 77160 78000 9 12 840
1013 27360 29460 4 2 2100
1014 29580 31380 2 5 1800
1015 31500 33900 5 12 2400
1016 35220 37620 12 5 2400
1017 37740 39540 5 2 1800
1018 39660 41760 2 4 2100
1019 42420 44820 12 5 2400
1020 44940 46740 5 2 1800
1021 46860 48960 2 4 2100
1022 49620 52020 12 5 2400
1023 52140 53940 5 2 1800
1024 54060 56160 2 4 2100
1025 56820 59220 12 5 2400
1026 59340 61140 5 2 1800
1027 61260 63360 2 4 2100
1028 64020 66420 12 5 2400
1029 66540 68340 5 2 1800
1030 68460 70560 2 4 2100
1031 71220 73620 12 5 2400
1032 73740 75540 5 2 1800
1033 75660 77760 2 4 2100
1034 78420 80820 12 5 2400
1035 80940 82740 5 2 1800
1036 82860 84960 2 4 2100
1037 27360 29460 4 2 2100
1038 29580 31380 2 5 1800
1039 31500 33840 5 9 2340
1040 33960 34800 9 12 840
1041 37800 38640 12 9 840
1042 38880 41220 9 5 2340
1043 41340 43140 5 2 1800
1044 43260 45360 2 4 2100
1045 48600 49440 12 9 840
1046 49680 52020 9 5 2340
1047 52140 53940 5 2 1800
1048 54060 56160 2 4 2100
1049 59400 60240 12 9 840
1050 60480 62820 9 5 2340
1051 62940 64740 5 2 1800
1052 64860 66960 2 4 2100
1053 70200 71040 12 9 840
1054 71280 73620 9 5 2340
1055 73740 75540 5 2 1800
1056 75660 77760 2 4 2100
1057 27420 28680 1 0 1260
1058 28800 31440 0 7 2640
1059 31560 32820 7 11 1260
1060 32940 34860 11 10 1920
1061 36240 38160 10 11 1920
1062 38280 39540 11 7 1260
1063 39660 42300 7 0 2640
1064 42420 43680 0 1 1260
1065 47040 48960 10 11 1920
1066 49080 50340 11 7 1260
1067 50460 53100 7 0 2640
1068 53220 54480 0 1 1260
1069 57840 59760 10 11 1920
1070 59880 61140 11 7 1260
1071 61260 63900 7 0 2640
1072 64020 65280 0 1 1260
1073 68640 70560 10 11 1920
1074 70680 71940 11 7 1260
1075 72060 74700 7 0 2640
1076 74820 76080 0 1 1260
1078 28860 31500 7 0 2640
1079 31620 33000 0 4 1380
1080 36780 38160 4 0 1380
1081 38280 40920 0 7 2640
1082 41040 42300 7 11 1260
1083 43980 45360 4 0 1380
1084 45480 48120 0 7 2640
1085 48240 49500 7 11 1260
1086 51180 52560 4 0 1380
1087 52680 55320 0 7 2640
1088 55440 56700 7 11 1260
1089 58380 59760 4 0 1380
1090 59880 62520 0 7 2640
1091 62640 63900 7 11 1260
1092 65580 66960 4 0 1380
1093 67080 69720 0 7 2640
1094 69840 71100 7 11 1260
1095 72780 74160 4 0 1380
1096 74280 76920 0 7 2640
1099 30540 32340 5 2 1800
1100 32460 34560 2 4 2100
1101 38160 40260 4 2 2100
1102 40380 42180 2 5 1800
1103 42300 44700 5 12 2400
1104 45360 47460 4 2 2100
1105 47580 49380 2 5 1800
1106 49500 51900 5 12 2400
1107 52560 54660 4 2 2100
1108 54780 56580 2 5 1800
1109 56700 59100 5 12 2400
1110 59760 61860 4 2 2100
1111 61980 63780 2 5 1800
1112 63900 66300 5 12 2400
1113 66960 69060 4 2 2100
1114 69180 70980 2 5 1800
1115 71100 73500 5 12 2400
1116 74160 76260 4 2 2100
1117 76380 78180 2 5 1800
1119 28080 29040 6 3 960
1120 29160 31500 3 2 2340
1121 31620 33000 2 8 1380
1122 33120 35040 8 0 1920
1123 36900 38820 0 8 1920
1124 38940 40320 8 2 1380
1125 40440 42780 2 3 2340
1126 42900 43860 3 6 960
1127 47700 49620 0 8 1920
1128 49740 51120 8 2 1380
1129 51240 53580 2 3 2340
1130 53700 54660 3 6 960
1131 58500 60420 0 8 1920
1132 60540 61920 8 2 1380
1133 62040 64380 2 3 2340
1134 64500 65460 3 6 960
1135 69300 71220 0 8 1920
1136 71340 72720 8 2 1380
1137 72840 75180 2 3 2340
1138 75300 76260 3 6 960
1140 29640 32880 7 8 3240
1141 33000 34980 8 5 1980
1142 35100 37440 5 9 2340
1143 40140 42480 9 5 2340
1144 42600 44580 5 8 1980
1145 44700 47940 8 7 3240
1146 48060 49320 7 11 1260
1147 50940 53280 9 5 2340
1148 53400 55380 5 8 1980
1149 55500 58740 8 7 3240
1150 58860 60120 7 11 1260
1151 61740 64080 9 5 2340
1152 64200 66180 5 8 1980
1153 66300 69540 8 7 3240
1154 69660 70920 7 11 1260
1155 72540 74880 9 5 2340
1156 75000 76980 5 8 1980
1157 77100 80340 8 7 3240
1161 31860 33840 5 8 1980
1162 33960 37200 8 7 3240
1163 37320 38580 7 11 1260
1164 38700 40620 11 10 1920
1165 43740 45660 10 11 1920
1166 45780 47040 11 7 1260
1167 47160 50400 7 8 3240
1168 50520 52500 8 5 1980
1169 52620 55020 5 12 2400
1170 55140 55980 12 9 840
1171 58140 60060 10 11 1920
1172 60180 61440 11 7 1260
1173 61560 64800 7 8 3240
1174 64920 66900 8 5 1980
1175 67020 69420 5 12 2400
1176 69540 70380 12 9 840
1177 72540 74460 10 11 1920
1178 74580 75840 11 7 1260
1179 75960 79200 7 8 3240
1180 79320 81300 8 5 1980
1183 28440 30780 3 2 2340
1184 30900 32280 2 8 1380
1185 32520 34500 8 5 1980
1186 36840 38820 5 8 1980
1187 38940 40320 8 2 1380
1188 40440 42780 2 3 2340
1189 44040 46020 5 8 1980
1190 46140 47520 8 2 1380
1191 47640 49980 2 3 2340
1192 51240 53220 5 8 1980
1193 53340 54720 8 2 1380
1194 54840 57180 2 3 2340
1195 58440 60420 5 8 1980
1196 60540 61920 8 2 1380
1197 62040 64380 2 3 2340
1198 65640 67620 5 8 1980
1199 67740 69120 8 2 1380
1200 69240 71580 2 3 2340
1201 72840 74820 5 8 1980
1202 74940 76320 8 2 1380
1203 76440 78780 2 3 2340
1204 28800 30060 1 0 1260
1205 30180 32100 0 8 1920
1206 32220 34200 8 5 1980
1207 35340 37320 5 8 1980
1208 37440 39360 8 0 1920
1209 39600 40860 0 1 1260
1211 31080 32340 11 7 1260
1212 32460 35100 7 0 2640
1213 35220 36480 0 1 1260
1214 38220 39480 1 0 1260
1215 39600 42240 0 7 2640
1216 42360 43620 7 11 1260
1217 43740 45660 11 10 1920
1218 49020 50280 1 0 1260
1219 50400 53040 0 7 2640
1220 53160 54420 7 11 1260
1221 54540 56460 11 10 1920
1222 59820 61080 1 0 1260
1223 61200 63840 0 7 2640
1224 63960 65220 7 11 1260
1225 65340 67260 11 10 1920
1226 70620 71880 1 0 1260
1227 72000 74640 0 7 2640
1228 74760 76020 7 11 1260
1231 31800 33780 5 8 1980
1232 33900 37140 8 7 3240
1233 37260 38520 7 11 1260
1234 42660 43920 11 7 1260
1235 44040 47280 7 8 3240
1236 47400 49380 8 5 1980
1237 49500 51840 5 9 2340
1238 53460 54720 11 7 1260
1239 54840 58080 7 8 3240
1240 58200 60180 8 5 1980
1241 60300 62640 5 9 2340
1242 64260 65520 11 7 1260
1243 65640 68880 7 8 3240
1244 69000 70980 8 5 1980
1245 71100 73440 5 9 2340
1246 75060 76320 11 7 1260
1247 76440 79680 7 8 3240
1248 79800 81780 8 5 1980
1251 31380 32640 11 7 1260
1252 32760 36000 7 8 3240
1253 36120 38100 8 5 1980
1254 38220 40620 5 12 2400
1255 40740 41580 12 9 840
1256 42660 43500 9 12 840
1257 43740 46140 12 5 2400
1258 46260 48240 5 8 1980
1259 48360 51600 8 7 3240
1260 51720 52980 7 11 1260
1261 53100 55020 11 10 1920
1262 57060 57900 9 12 840
1263 58140 60540 12 5 2400
1264 60660 62640 5 8 1980
1265 62760 66000 8 7 3240
1266 66120 67380 7 11 1260
1267 67500 69420 11 10 1920
1268 71460 72300 9 12 840
1269 72540 74940 12 5 2400
1270 75060 77040 5 8 1980
1271 77160 80400 8 7 3240
1274 29580 30960 4 0 1380
1275 31080 33720 0 7 2640
1276 33840 35100 7 11 1260
1277 38280 39540 11 7 1260
1278 39660 42300 7 0 2640
1279 42420 43800 0 4 1380
1280 29640 31620 5 8 1980
1281 31740 33120 8 2 1380
1282 33240 35580 2 3 2340
1283 39240 41580 3 2 2340
1284 41700 43080 2 8 1380
1285 43320 45300 8 5 1980
1286 29700 31620 0 8 1920
1287 31740 33120 8 2 1380
1288 33240 35580 2 3 2340
1289 35700 36660 3 6 960
1290 38880 39840 6 3 960
1291 39960 42300 3 2 2340
1292 42420 43800 2 8 1380
1293 43920 45840 8 0 1920
1294 49680 50640 6 3 960
1295 50760 53100 3 2 2340
1296 53220 54600 2 8 1380
1297 54720 56640 8 0 1920
1298 60480 61440 6 3 960
1299 61560 63900 3 2 2340
1300 64020 65400 2 8 1380
1301 65520 67440 8 0 1920
1302 71280 72240 6 3 960
1303 72360 74700 3 2 2340
1304 74820 76200 2 8 1380
1305 76320 78240 8 0 1920
1307 31680 34020 9 5 2340
1308 34140 35940 5 2 1800
1309 36060 38160 2 4 2100
1310 41760 43860 4 2 2100
1311 43980 45780 2 5 1800
1312 45900 48240 5 9 2340
1313 48360 49200 9 12 840
1314 52560 54660 4 2 2100
1315 54780 56580 2 5 1800
1316 56700 59040 5 9 2340
1317 59160 60000 9 12 840
1318 63360 65460 4 2 2100
1319 65580 67380 2 5 1800
1320 67500 69840 5 9 2340
1321 69960 70800 9 12 840
1322 74160 76260 4 2 2100
1323 76380 78180 2 5 1800
1326 30960 33060 4 2 2100
1327 33180 34980 2 5 1800
1328 35100 37500 5 12 2400
1329 38820 41220 12 5 2400
1330 41340 43140 5 2 1800
1331 43260 45360 2 4 2100
1332 30960 33060 4 2 2100
1333 33180 34980 2 5 1800
1334 35100 37440 5 9 2340
1335 37560 38400 9 12 840
1336 41400 42240 12 9 840
1337 42480 44820 9 5 2340
1338 44940 46740 5 2 1800
1339 46860 48960 2 4 2100
1340 52200 53040 12 9 840
1341 53280 55620 9 5 2340
1342 55740 57540 5 2 1800
1343 57660 59760 2 4 2100
1344 63000 63840 12 9 840
1345 64080 66420 9 5 2340
1346 66540 68340 5 2 1800
1347 68460 70560 2 4 2100
1348 73800 74640 12 9 840
1349 74880 77220 9 5 2340
1350 77340 79140 5 2 1800
1351 79260 81360 2 4 2100
1352 31860 33120 11 7 1260
1353 33240 36480 7 8 3240
1354 36600 38580 8 5 1980
1355 38700 41040 5 9 2340
1356 43740 46080 9 5 2340
1357 46200 48180 5 8 1980
1358 48300 51540 8 7 3240
1359 51660 52920 7 11 1260
1360 54540 56880 9 5 2340
1361 57000 58980 5 8 1980
1362 59100 62340 8 7 3240
1363 62460 63720 7 11 1260
1364 65340 67680 9 5 2340
1365 67800 69780 5 8 1980
1366 69900 73140 8 7 3240
1367 73260 74520 7 11 1260
1368 76140 78480 9 5 2340
1369 78600 80580 5 8 1980
1372 31860 32700 9 12 840
1373 32940 35340 12 5 2400
1374 35460 37440 5 8 1980
1375 37560 40800 8 7 3240
1376 40920 42180 7 11 1260
1377 42300 44220 11 10 1920
1378 47340 49260 10 11 1920
1379 49380 50640 11 7 1260
1380 50760 54000 7 8 3240
1381 54120 56100 8 5 1980
1382 56220 58620 5 12 2400
1383 58740 59580 12 9 840
1384 61740 63660 10 11 1920
1385 63780 65040 11 7 1260
1386 65160 68400 7 8 3240
1387 68520 70500 8 5 1980
1388 70620 73020 5 12 2400
1389 73140 73980 12 9 840
1390 76140 78060 10 11 1920
1391 78180 79440 11 7 1260
1392 79560 82800 7 8 3240
1393 82920 84900 8 5 1980
1396 32400 33660 0 1 1260
1397 33900 36540 1 7 2640
1398 38160 40800 7 1 2640
1399 41040 42300 1 0 1260
1400 32940 35280 9 5 2340
1401 35400 37380 5 8 1980
1402 37500 40740 8 7 3240
1403 40860 42120 7 11 1260
1404 46260 47520 11 7 1260
1405 47640 50880 7 8 3240
1406 51000 52980 8 5 1980
1407 53100 55440 5 9 2340
1408 32940 34860 10 11 1920
1409 34980 36240 11 7 1260
1410 36360 39600 7 8 3240
1411 39720 41700 8 5 1980
1412 41820 44220 5 12 2400
1413 44340 45180 12 9 840
1414 46260 47100 9 12 840
1415 47340 49740 12 5 2400
1416 49860 51840 5 8 1980
1417 51960 55200 8 7 3240
1418 55320 56580 7 11 1260
1419 56700 58620 11 10 1920
1420 60660 61500 9 12 840
1421 61740 64140 12 5 2400
1422 64260 66240 5 8 1980
1423 66360 69600 8 7 3240
1424 69720 70980 7 11 1260
1425 71100 73020 11 10 1920
1426 75060 75900 9 12 840
1427 76140 78540 12 5 2400
1428 78660 80640 5 8 1980
1432 34200 35580 0 4 1380
1433 35700 38040 4 3 2340
1434 38160 39120 3 6 960
1435 40980 41940 6 3 960
1436 42060 44400 3 4 2340
1437 44520 45900 4 0 1380
1438 36000 37260 1 0 1260
1439 37380 39300 0 8 1920
1440 39420 41400 8 5 1980
1441 42540 44520 5 8 1980
1442 44640 46560 8 0 1920
1443 46800 48060 0 1 1260
1444 36540 38460 10 11 1920
1445 38580 39840 11 7 1260
1446 39960 43200 7 8 3240
1447 43320 45300 8 5 1980
1448 45420 47820 5 12 2400
1449 47940 48780 12 9 840
1450 49860 50700 9 12 840
1451 50940 53340 12 5 2400
1452 53460 55440 5 8 1980
1453 55560 58800 8 7 3240
1454 58920 60180 7 11 1260
1455 60300 62220 11 10 1920
1456 39600 40860 0 1 1260
1457 41100 43740 1 7 2640
1458 45360 48000 7 1 2640
1459 48240 49500 1 0 1260
1460 39840 41760 10 11 1920
1461 41880 43140 11 7 1260
1462 43260 45900 7 0 2640
1463 46020 47280 0 1 1260
1464 49020 50280 1 0 1260
1465 50400 53040 0 7 2640
1466 53160 54420 7 11 1260
1467 54540 56460 11 10 1920
1468 40500 42420 0 8 1920
1469 42540 43920 8 2 1380
1470 44040 46380 2 3 2340
1471 46500 47460 3 6 960
1472 49680 50640 6 3 960
1473 50760 53100 3 2 2340
1474 53220 54600 2 8 1380
1475 54720 56640 8 0 1920
1476 41400 42780 0 4 1380
1477 42900 45240 4 3 2340
1478 45360 46320 3 6 960
1479 48180 49140 6 3 960
1480 49260 51600 3 4 2340
1481 51720 53100 4 0 1380
1482 43200 44460 1 0 1260
1483 44580 46500 0 8 1920
1484 46620 48600 8 5 1980
1485 49740 51720 5 8 1980
1486 51840 53760 8 0 1920
1487 54000 55260 0 1 1260
1488 46800 48060 0 1 1260
1489 48300 50940 1 7 2640
1490 52560 55200 7 1 2640
1491 55440 56700 1 0 1260
1492 48600 49980 0 4 1380
1493 50100 52440 4 3 2340
1494 52560 53520 3 6 960
1495 55380 56340 6 3 960
1496 56460 58800 3 4 2340
1497 58920 60300 4 0 1380
1498 50400 51660 1 0 1260
1499 51780 53700 0 8 1920
1500 53820 55800 8 5 1980
1501 56940 58920 5 8 1980
1502 59040 60960 8 0 1920
1503 61200 62460 0 1 1260
1504 50640 52560 10 11 1920
1505 52680 53940 11 7 1260
1506 54060 56700 7 0 2640
1507 56820 58080 0 1 1260
1508 59820 61080 1 0 1260
1509 61200 63840 0 7 2640
1510 63960 65220 7 11 1260
1511 65340 67260 11 10 1920
1512 50940 52860 10 11 1920
1513 52980 54240 11 7 1260
1514 54360 57600 7 8 3240
1515 57720 59700 8 5 1980
1516 59820 62220 5 12 2400
1517 62340 63180 12 9 840
1518 64260 65100 9 12 840
1519 65340 67740 12 5 2400
1520 67860 69840 5 8 1980
1521 69960 73200 8 7 3240
1522 73320 74580 7 11 1260
1524 51300 53220 0 8 1920
1525 53340 54720 8 2 1380
1526 54840 57180 2 3 2340
1527 57300 58260 3 6 960
1528 60480 61440 6 3 960
1529 61560 63900 3 2 2340
1530 64020 65400 2 8 1380
1531 65520 67440 8 0 1920
1532 54000 55260 0 1 1260
1533 55500 58140 1 7 2640
1534 59760 62400 7 1 2640
1535 62640 63900 1 0 1260
1536 55800 57180 0 4 1380
1537 57300 59640 4 3 2340
1538 59760 60720 3 6 960
1539 62580 63540 6 3 960
1540 63660 66000 3 4 2340
1541 66120 67500 4 0 1380
1542 57600 58860 1 0 1260
1543 58980 60900 0 8 1920
1544 61020 63000 8 5 1980
1545 64140 66120 5 8 1980
1546 66240 68160 8 0 1920
1547 68400 69660 0 1 1260
1548 61200 62460 0 1 1260
1549 62700 65340 1 7 2640
1550 66960 69600 7 1 2640
1551 69840 71100 1 0 1260
1552 61440 63360 10 11 1920
1553 63480 64740 11 7 1260
1554 64860 67500 7 0 2640
1555 67620 68880 0 1 1260
1556 70620 71880 1 0 1260
1557 72000 74640 0 7 2640
1558 74760 76020 7 11 1260
1560 62100 64020 0 8 1920
1561 64140 65520 8 2 1380
1562 65640 67980 2 3 2340
1563 68100 69060 3 6 960
1564 71280 72240 6 3 960
1565 72360 74700 3 2 2340
1566 74820 76200 2 8 1380
1567 76320 78240 8 0 1920
1568 63000 64380 0 4 1380
1569 64500 66840 4 3 2340
1570 66960 67920 3 6 960
1571 69780 70740 6 3 960
1572 70860 73200 3 4 2340
1573 73320 74700 4 0 1380
1574 64800 66060 1 0 1260
1575 66180 68100 0 8 1920
1576 68220 70200 8 5 1980
1577 71340 73320 5 8 1980
1578 73440 75360 8 0 1920
1579 75600 76860 0 1 1260
1580 65340 67260 10 11 1920
1581 67380 68640 11 7 1260
1582 68760 72000 7 8 3240
1583 72120 74100 8 5 1980
1584 74220 76620 5 12 2400
1585 76740 77580 12 9 840
1586 78660 79500 9 12 840
1587 79740 82140 12 5 2400
1588 82260 84240 5 8 1980
1592 68400 69660 0 1 1260
1593 69900 72540 1 7 2640
1594 74160 76800 7 1 2640
1595 77040 78300 1 0 1260
1596 70200 71580 0 4 1380
1597 71700 74040 4 3 2340
1598 74160 75120 3 6 960
1599 76980 77940 6 3 960
1600 78060 80400 3 4 2340
1601 80520 81900 4 0 1380
1602 72000 73260 1 0 1260
1603 73380 75300 0 8 1920
1604 75420 77400 8 5 1980
1605 78540 80520 5 8 1980
1606 80640 82560 8 0 1920
1608 72240 74160 10 11 1920
1609 74280 75540 11 7 1260
1610 75660 78300 7 0 2640
1611 78420 79680 0 1 1260
1612 81420 82680 1 0 1260
1616 72900 74820 0 8 1920
1617 74940 76320 8 2 1380
1618 76440 78780 2 3 2340
1619 78900 79860 3 6 960
1620 82080 83040 6 3 960
1621 83160 85500 3 2 2340
1622 85620 87000 2 8 1380
1623 87120 89040 8 0 1920
1624 75600 76860 0 1 1260
1625 77100 79740 1 7 2640
1626 81360 84000 7 1 2640
1627 84240 85500 1 0 1260
1628 77400 78780 0 4 1380
1629 78900 81240 4 3 2340
1630 81360 82320 3 6 960
1631 84180 85140 6 3 960
1632 85260 87600 3 4 2340
1633 87720 89100 4 0 1380
1634 79200 80460 1 0 1260
1635 80580 82500 0 8 1920
1636 82620 84600 8 5 1980
1637 85740 87720 5 8 1980
1638 87840 89760 8 0 1920
