0 25680 28140 1 2 2460
1 29220 31680 2 1 2460
2 31800 33960 1 3 2160
3 34080 35760 3 0 1680
4 36420 38880 2 1 2460
5 39000 41160 1 3 2160
6 41280 42960 3 0 1680
7 43620 46080 2 1 2460
8 46200 48360 1 3 2160
9 48480 50160 3 0 1680
10 50820 53280 2 1 2460
11 53400 55560 1 3 2160
12 55680 57360 3 0 1680
13 58020 60480 2 1 2460
14 60600 62760 1 3 2160
15 62880 64560 3 0 1680
16 65220 67680 2 1 2460
17 67800 69960 1 3 2160
18 70080 71760 3 0 1680
19 72420 74880 2 1 2460
20 75000 77160 1 3 2160
21 77280 78960 3 0 1680
22 21600 24900 2 5 3300
23 26160 29460 5 2 3300
24 30660 33960 5 2 3300
25 35160 38460 5 2 3300
26 39660 42960 5 2 3300
27 44160 47460 5 2 3300
28 48660 51960 5 2 3300
29 53160 56460 5 2 3300
30 57660 60960 5 2 3300
31 62160 65460 5 2 3300
32 66660 69960 5 2 3300
33 71160 74460 5 2 3300
34 75660 78960 5 2 3300
35 26100 29400 2 5 3300
36 30600 33900 2 5 3300
37 35100 38400 2 5 3300
38 39600 42900 2 5 3300
39 44100 47400 2 5 3300
40 48600 51900 2 5 3300
41 53100 56400 2 5 3300
42 57600 60900 2 5 3300
43 62100 65400 2 5 3300
44 66600 69900 2 5 3300
45 71100 74400 2 5 3300
46 75600 78900 2 5 3300
47 22020 24480 2 1 2460
48 24600 26760 1 3 2160
49 26880 28560 3 0 1680
50 30600 32280 0 3 1680
51 32400 34560 3 1 2160
52 34680 37140 1 2 2460
53 37800 39480 0 3 1680
54 39600 41760 3 1 2160
55 41880 44340 1 2 2460
56 45000 46680 0 3 1680
57 46800 48960 3 1 2160
58 49080 51540 1 2 2460
59 52200 53880 0 3 1680
60 54000 56160 3 1 2160
61 56280 58740 1 2 2460
62 59400 61080 0 3 1680
63 61200 63360 3 1 2160
64 63480 65940 1 2 2460
65 66600 68280 0 3 1680
66 68400 70560 3 1 2160
67 70680 73140 1 2 2460
68 73800 75480 0 3 1680
69 75600 77760 3 1 2160
70 77880 80340 1 2 2460
71 27840 31380 2 4 3540
72 31980 35520 4 2 3540
73 35760 39300 2 0 3540
74 39420 41160 0 1 1740
75 42780 46320 4 2 3540
76 46560 50100 2 0 3540
77 50220 51960 0 1 1740
78 53580 57120 4 2 3540
79 57360 60900 2 0 3540
80 61020 62760 0 1 1740
81 64380 67920 4 2 3540
82 68160 71700 2 0 3540
83 71820 73560 0 1 1740
84 75180 78720 4 2 3540
85 26160 29700 2 0 3540
86 29820 31560 0 1 1740
87 32880 34620 1 0 1740
88 34860 38400 0 2 3540
89 38640 42180 2 4 3540
90 43680 45420 1 0 1740
91 45660 49200 0 2 3540
92 49440 52980 2 4 3540
93 54480 56220 1 0 1740
94 56460 60000 0 2 3540
95 60240 63780 2 4 3540
96 65280 67020 1 0 1740
97 67260 70800 0 2 3540
98 71040 74580 2 4 3540
99 76080 77820 1 0 1740
100 78060 81600 0 2 3540
101 22500 25800 2 5 3300
102 27060 30360 5 2 3300
103 31560 34860 5 2 3300
104 36060 39360 5 2 3300
105 40560 43860 5 2 3300
106 45060 48360 5 2 3300
107 49560 52860 5 2 3300
108 54060 57360 5 2 3300
109 58560 61860 5 2 3300
110 63060 66360 5 2 3300
111 67560 70860 5 2 3300
112 72060 75360 5 2 3300
113 76560 79860 5 2 3300
114 27000 30300 2 5 3300
115 31500 34800 2 5 3300
116 36000 39300 2 5 3300
117 40500 43800 2 5 3300
118 45000 48300 2 5 3300
119 49500 52800 2 5 3300
120 54000 57300 2 5 3300
121 58500 61800 2 5 3300
122 63000 66300 2 5 3300
123 67500 70800 2 5 3300
124 72000 75300 2 5 3300
125 76500 79800 2 5 3300
126 29040 32580 2 4 3540
127 33180 36720 4 2 3540
128 36960 40500 2 0 3540
129 40620 42360 0 1 1740
130 43980 47520 4 2 3540
131 47760 51300 2 0 3540
132 51420 53160 0 1 1740
133 54780 58320 4 2 3540
134 58560 62100 2 0 3540
135 62220 63960 0 1 1740
136 65580 69120 4 2 3540
137 69360 72900 2 0 3540
138 73020 74760 0 1 1740
139 76380 79920 4 2 3540
140 27480 29940 1 2 2460
141 31020 33480 2 1 2460
142 33600 35760 1 3 2160
143 35880 37560 3 0 1680
144 38220 40680 2 1 2460
145 40800 42960 1 3 2160
146 43080 44760 3 0 1680
147 45420 47880 2 1 2460
148 48000 50160 1 3 2160
149 50280 51960 3 0 1680
150 52620 55080 2 1 2460
151 55200 57360 1 3 2160
152 57480 59160 3 0 1680
153 59820 62280 2 1 2460
154 62400 64560 1 3 2160
155 64680 66360 3 0 1680
156 67020 69480 2 1 2460
157 69600 71760 1 3 2160
158 71880 73560 3 0 1680
159 74220 76680 2 1 2460
160 76800 78960 1 3 2160
161 23400 26700 2 5 3300
162 27960 31260 5 2 3300
163 32460 35760 5 2 3300
164 36960 40260 5 2 3300
165 41460 44760 5 2 3300
166 45960 49260 5 2 3300
167 50460 53760 5 2 3300
168 54960 58260 5 2 3300
169 59460 62760 5 2 3300
170 63960 67260 5 2 3300
171 68460 71760 5 2 3300
172 72960 76260 5 2 3300
173 77460 80760 5 2 3300
174 27900 31200 2 5 3300
175 32400 35700 2 5 3300
176 36900 40200 2 5 3300
177 41400 44700 2 5 3300
178 45900 49200 2 5 3300
179 50400 53700 2 5 3300
180 54900 58200 2 5 3300
181 59400 62700 2 5 3300
182 63900 67200 2 5 3300
183 68400 71700 2 5 3300
184 72900 76200 2 5 3300
185 77400 80700 2 5 3300
186 27360 30900 2 0 3540
187 31020 32760 0 1 1740
188 34080 35820 1 0 1740
189 36060 39600 0 2 3540
190 39840 43380 2 4 3540
191 44880 46620 1 0 1740
192 46860 50400 0 2 3540
193 50640 54180 2 4 3540
194 55680 57420 1 0 1740
195 57660 61200 0 2 3540
196 61440 64980 2 4 3540
197 66480 68220 1 0 1740
198 68460 72000 0 2 3540
199 72240 75780 2 4 3540
200 77280 79020 1 0 1740
201 79260 82800 0 2 3540
202 23820 26280 2 1 2460
203 26400 28560 1 3 2160
204 28680 30360 3 0 1680
205 32400 34080 0 3 1680
206 34200 36360 3 1 2160
207 36480 38940 1 2 2460
208 39600 41280 0 3 1680
209 41400 43560 3 1 2160
210 43680 46140 1 2 2460
211 46800 48480 0 3 1680
212 48600 50760 3 1 2160
213 50880 53340 1 2 2460
214 54000 55680 0 3 1680
215 55800 57960 3 1 2160
216 58080 60540 1 2 2460
217 61200 62880 0 3 1680
218 63000 65160 3 1 2160
219 65280 67740 1 2 2460
220 68400 70080 0 3 1680
221 70200 72360 3 1 2160
222 72480 74940 1 2 2460
223 75600 77280 0 3 1680
224 77400 79560 3 1 2160
225 79680 82140 1 2 2460
226 24300 27600 2 5 3300
227 28860 32160 5 2 3300
228 33360 36660 5 2 3300
229 37860 41160 5 2 3300
230 42360 45660 5 2 3300
231 46860 50160 5 2 3300
232 51360 54660 5 2 3300
233 55860 59160 5 2 3300
234 60360 63660 5 2 3300
235 64860 68160 5 2 3300
236 69360 72660 5 2 3300
237 73860 77160 5 2 3300
238 78360 81660 5 2 3300
239 28800 32100 2 5 3300
240 33300 36600 2 5 3300
241 37800 41100 2 5 3300
242 42300 45600 2 5 3300
243 46800 50100 2 5 3300
244 51300 54600 2 5 3300
245 55800 59100 2 5 3300
246 60300 63600 2 5 3300
247 64800 68100 2 5 3300
248 69300 72600 2 5 3300
249 73800 77100 2 5 3300
250 78300 81600 2 5 3300
251 30240 33780 2 4 3540
252 34380 37920 4 2 3540
253 38160 41700 2 0 3540
254 41820 43560 0 1 1740
255 45180 48720 4 2 3540
256 48960 52500 2 0 3540
257 52620 54360 0 1 1740
258 55980 59520 4 2 3540
259 59760 63300 2 0 3540
260 63420 65160 0 1 1740
261 66780 70320 4 2 3540
262 70560 74100 2 0 3540
263 74220 75960 0 1 1740
264 77580 81120 4 2 3540
265 28560 32100 2 0 3540
266 32220 33960 0 1 1740
267 35280 37020 1 0 1740
268 37260 40800 0 2 3540
269 41040 44580 2 4 3540
270 46080 47820 1 0 1740
271 48060 51600 0 2 3540
272 51840 55380 2 4 3540
273 56880 58620 1 0 1740
274 58860 62400 0 2 3540
275 62640 66180 2 4 3540
276 67680 69420 1 0 1740
277 69660 73200 0 2 3540
278 73440 76980 2 4 3540
279 78480 80220 1 0 1740
280 80460 84000 0 2 3540
281 29280 31740 1 2 2460
282 32820 35280 2 1 2460
283 35400 37560 1 3 2160
284 37680 39360 3 0 1680
285 40020 42480 2 1 2460
286 42600 44760 1 3 2160
287 44880 46560 3 0 1680
288 47220 49680 2 1 2460
289 49800 51960 1 3 2160
290 52080 53760 3 0 1680
291 54420 56880 2 1 2460
292 57000 59160 1 3 2160
293 59280 60960 3 0 1680
294 61620 64080 2 1 2460
295 64200 66360 1 3 2160
296 66480 68160 3 0 1680
297 68820 71280 2 1 2460
298 71400 73560 1 3 2160
299 73680 75360 3 0 1680
300 76020 78480 2 1 2460
301 25200 28500 2 5 3300
302 29760 33060 5 2 3300
303 34260 37560 5 2 3300
304 38760 42060 5 2 3300
305 43260 46560 5 2 3300
306 47760 51060 5 2 3300
307 52260 55560 5 2 3300
308 56760 60060 5 2 3300
309 61260 64560 5 2 3300
310 65760 69060 5 2 3300
311 70260 73560 5 2 3300
312 74760 78060 5 2 3300
313 79200 82500 2 5 3300
314 83760 87060 5 2 3300
315 29700 33000 2 5 3300
316 34200 37500 2 5 3300
317 38700 42000 2 5 3300
318 43200 46500 2 5 3300
319 47700 51000 2 5 3300
320 52200 55500 2 5 3300
321 56700 60000 2 5 3300
322 61200 64500 2 5 3300
323 65700 69000 2 5 3300
324 70200 73500 2 5 3300
325 74700 78000 2 5 3300
326 25620 28080 2 1 2460
327 28200 30360 1 3 2160
328 30480 32160 3 0 1680
329 34200 35880 0 3 1680
330 36000 38160 3 1 2160
331 38280 40740 1 2 2460
332 41400 43080 0 3 1680
333 43200 45360 3 1 2160
334 45480 47940 1 2 2460
335 48600 50280 0 3 1680
336 50400 52560 3 1 2160
337 52680 55140 1 2 2460
338 55800 57480 0 3 1680
339 57600 59760 3 1 2160
340 59880 62340 1 2 2460
341 63000 64680 0 3 1680
342 64800 66960 3 1 2160
343 67080 69540 1 2 2460
344 70200 71880 0 3 1680
345 72000 74160 3 1 2160
346 74280 76740 1 2 2460
347 77400 79080 0 3 1680
348 79200 81360 3 1 2160
349 81480 83940 1 2 2460
350 25680 27420 1 0 1740
351 27660 31200 0 2 3540
352 31440 34980 2 4 3540
353 35580 39120 4 2 3540
354 39360 42900 2 0 3540
355 43020 44760 0 1 1740
356 46380 49920 4 2 3540
357 50160 53700 2 0 3540
358 53820 55560 0 1 1740
359 57180 60720 4 2 3540
360 60960 64500 2 0 3540
361 64620 66360 0 1 1740
362 67980 71520 4 2 3540
363 71760 75300 2 0 3540
364 75420 77160 0 1 1740
365 78780 82320 4 2 3540
366 29760 33300 2 0 3540
367 33420 35160 0 1 1740
368 36480 38220 1 0 1740
369 38460 42000 0 2 3540
370 42240 45780 2 4 3540
371 47280 49020 1 0 1740
372 49260 52800 0 2 3540
373 53040 56580 2 4 3540
374 58080 59820 1 0 1740
375 60060 63600 0 2 3540
376 63840 67380 2 4 3540
377 68880 70620 1 0 1740
378 70860 74400 0 2 3540
379 74640 78180 2 4 3540
380 26880 28620 1 0 1740
381 28860 32400 0 2 3540
382 32640 36180 2 4 3540
383 36780 40320 4 2 3540
384 40560 44100 2 0 3540
385 44220 45960 0 1 1740
386 47580 51120 4 2 3540
387 51360 54900 2 0 3540
388 55020 56760 0 1 1740
389 58380 61920 4 2 3540
390 62160 65700 2 0 3540
391 65820 67560 0 1 1740
392 69180 72720 4 2 3540
393 72960 76500 2 0 3540
394 76620 78360 0 1 1740
395 28800 30960 3 1 2160
396 31080 33540 1 2 2460
397 34620 37080 2 1 2460
398 37200 39360 1 3 2160
399 39480 41160 3 0 1680
400 41820 44280 2 1 2460
401 44400 46560 1 3 2160
402 46680 48360 3 0 1680
403 49020 51480 2 1 2460
404 51600 53760 1 3 2160
405 53880 55560 3 0 1680
406 56220 58680 2 1 2460
407 58800 60960 1 3 2160
408 61080 62760 3 0 1680
409 63420 65880 2 1 2460
410 66000 68160 1 3 2160
411 68280 69960 3 0 1680
412 70620 73080 2 1 2460
413 73200 75360 1 3 2160
414 75480 77160 3 0 1680
415 77820 80280 2 1 2460
416 30960 34500 2 0 3540
417 34620 36360 0 1 1740
418 37680 39420 1 0 1740
419 39660 43200 0 2 3540
420 43440 46980 2 4 3540
421 48480 50220 1 0 1740
422 50460 54000 0 2 3540
423 54240 57780 2 4 3540
424 59280 61020 1 0 1740
425 61260 64800 0 2 3540
426 65040 68580 2 4 3540
427 70080 71820 1 0 1740
428 72060 75600 0 2 3540
429 75840 79380 2 4 3540
430 27420 29880 2 1 2460
431 30000 32160 1 3 2160
432 32280 33960 3 0 1680
433 36000 37680 0 3 1680
434 37800 39960 3 1 2160
435 40080 42540 1 2 2460
436 43200 44880 0 3 1680
437 45000 47160 3 1 2160
438 47280 49740 1 2 2460
439 50400 52080 0 3 1680
440 52200 54360 3 1 2160
441 54480 56940 1 2 2460
442 57600 59280 0 3 1680
443 59400 61560 3 1 2160
444 61680 64140 1 2 2460
445 64800 66480 0 3 1680
446 66600 68760 3 1 2160
447 68880 71340 1 2 2460
448 72000 73680 0 3 1680
449 73800 75960 3 1 2160
450 76080 78540 1 2 2460
451 79200 80880 0 3 1680
452 81000 83160 3 1 2160
453 83280 85740 1 2 2460
454 28080 29820 1 0 1740
455 30060 33600 0 2 3540
456 33840 37380 2 4 3540
457 37980 41520 4 2 3540
458 41760 45300 2 0 3540
459 45420 47160 0 1 1740
460 48780 52320 4 2 3540
461 52560 56100 2 0 3540
462 56220 57960 0 1 1740
463 59580 63120 4 2 3540
464 63360 66900 2 0 3540
465 67020 68760 0 1 1740
466 70380 73920 4 2 3540
467 74160 77700 2 0 3540
468 77820 79560 0 1 1740
469 32160 35700 2 0 3540
470 35820 37560 0 1 1740
471 38880 40620 1 0 1740
472 40860 44400 0 2 3540
473 44640 48180 2 4 3540
474 49680 51420 1 0 1740
475 51660 55200 0 2 3540
476 55440 58980 2 4 3540
477 60480 62220 1 0 1740
478 62460 66000 0 2 3540
479 66240 69780 2 4 3540
480 71280 73020 1 0 1740
481 73260 76800 0 2 3540
482 77040 80580 2 4 3540
483 28800 30480 0 3 1680
484 30600 32760 3 1 2160
485 32880 35340 1 2 2460
486 36420 38880 2 1 2460
487 39000 41160 1 3 2160
488 41280 42960 3 0 1680
489 29280 31020 1 0 1740
490 31260 34800 0 2 3540
491 35040 38580 2 4 3540
492 39180 42720 4 2 3540
493 42960 46500 2 0 3540
494 46620 48360 0 1 1740
495 49980 53520 4 2 3540
496 53760 57300 2 0 3540
497 57420 59160 0 1 1740
498 60780 64320 4 2 3540
499 64560 68100 2 0 3540
500 68220 69960 0 1 1740
501 71580 75120 4 2 3540
502 75360 78900 2 0 3540
503 79020 80760 0 1 1740
504 33360 36900 2 0 3540
505 37020 38760 0 1 1740
506 40080 41820 1 0 1740
507 42060 45600 0 2 3540
508 45840 49380 2 4 3540
509 50880 52620 1 0 1740
510 52860 56400 0 2 3540
511 56640 60180 2 4 3540
512 61680 63420 1 0 1740
513 63660 67200 0 2 3540
514 67440 70980 2 4 3540
515 72480 74220 1 0 1740
516 74460 78000 0 2 3540
517 78240 81780 2 4 3540
518 30480 32220 1 0 1740
519 32460 36000 0 2 3540
520 36240 39780 2 4 3540
521 40380 43920 4 2 3540
522 44160 47700 2 0 3540
523 47820 49560 0 1 1740
524 51180 54720 4 2 3540
525 54960 58500 2 0 3540
526 58620 60360 0 1 1740
527 61980 65520 4 2 3540
528 65760 69300 2 0 3540
529 69420 71160 0 1 1740
530 72780 76320 4 2 3540
531 76560 80100 2 0 3540
532 80220 81960 0 1 1740
533 34560 38100 2 0 3540
534 38220 39960 0 1 1740
535 41280 43020 1 0 1740
536 43260 46800 0 2 3540
537 47040 50580 2 4 3540
538 52080 53820 1 0 1740
539 54060 57600 0 2 3540
540 57840 61380 2 4 3540
541 62880 64620 1 0 1740
542 64860 68400 0 2 3540
543 68640 72180 2 4 3540
544 73680 75420 1 0 1740
545 75660 79200 0 2 3540
546 79440 82980 2 4 3540
547 31680 33420 1 0 1740
548 33660 37200 0 2 3540
549 37440 40980 2 4 3540
550 41580 45120 4 2 3540
551 45360 48900 2 0 3540
552 49020 50760 0 1 1740
553 52380 55920 4 2 3540
554 56160 59700 2 0 3540
555 59820 61560 0 1 1740
556 63180 66720 4 2 3540
557 66960 70500 2 0 3540
558 70620 72360 0 1 1740
559 73980 77520 4 2 3540
560 42480 44220 1 0 1740
561 44460 48000 0 2 3540
562 48240 51780 2 4 3540
563 52380 55920 4 2 3540
564 56160 59700 2 0 3540
565 59820 61560 0 1 1740
566 53280 55020 1 0 1740
567 55260 58800 0 2 3540
568 59040 62580 2 4 3540
569 63180 66720 4 2 3540
570 66960 70500 2 0 3540
571 70620 72360 0 1 1740
572 64080 65820 1 0 1740
573 66060 69600 0 2 3540
574 69840 73380 2 4 3540
575 73980 77520 4 2 3540
576 74880 76620 1 0 1740
577 76860 80400 0 2 3540
578 80640 84180 2 4 3540
579 84780 88320 4 2 3540
