0 25560 27240 2 1 1680
1 28680 30360 1 2 1680
2 30600 33240 2 3 2640
3 33360 34020 3 4 660
4 35880 37560 1 2 1680
5 37800 40440 2 3 2640
6 40560 41220 3 4 660
7 43080 44760 1 2 1680
8 45000 47640 2 3 2640
9 47760 48420 3 4 660
10 50280 51960 1 2 1680
11 52200 54840 2 3 2640
12 54960 55620 3 4 660
13 57480 59160 1 2 1680
14 59400 62040 2 3 2640
15 62160 62820 3 4 660
16 64680 66360 1 2 1680
17 66600 69240 2 3 2640
18 69360 70020 3 4 660
19 71880 73560 1 2 1680
20 73800 76440 2 3 2640
21 76560 77220 3 4 660
22 79080 80760 1 2 1680
23 26220 27720 2 0 1500
24 31800 33300 0 2 1500
25 33540 34980 2 6 1440
26 35100 37320 6 7 2220
27 39000 40500 0 2 1500
28 40740 42180 2 6 1440
29 42300 44520 6 7 2220
30 46200 47700 0 2 1500
31 47940 49380 2 6 1440
32 49500 51720 6 7 2220
33 53400 54900 0 2 1500
34 55140 56580 2 6 1440
35 56700 58920 6 7 2220
36 60600 62100 0 2 1500
37 62340 63780 2 6 1440
38 63900 66120 6 7 2220
39 67800 69300 0 2 1500
40 69540 70980 2 6 1440
41 71100 73320 6 7 2220
42 75000 76500 0 2 1500
43 76740 78180 2 6 1440
44 24060 27000 2 5 2940
45 27120 27900 5 4 780
46 28020 29700 4 8 1680
47 31620 33300 8 4 1680
48 33420 34200 4 5 780
49 34320 37260 5 2 2940
50 37380 38820 2 6 1440
51 40620 42300 8 4 1680
52 42420 43200 4 5 780
53 43320 46260 5 2 2940
54 46380 47820 2 6 1440
55 49620 51300 8 4 1680
56 51420 52200 4 5 780
57 52320 55260 5 2 2940
58 55380 56820 2 6 1440
59 58620 60300 8 4 1680
60 60420 61200 4 5 780
61 61320 64260 5 2 2940
62 64380 65820 2 6 1440
63 67620 69300 8 4 1680
64 69420 70200 4 5 780
65 70320 73260 5 2 2940
66 73380 74820 2 6 1440
67 76620 78300 8 4 1680
68 78420 79200 4 5 780
69 79320 82260 5 2 2940
70 31080 32220 6 1 1140
71 32340 33720 1 0 1380
72 35940 38160 7 6 2220
73 38280 39420 6 1 1140
74 39540 40920 1 0 1380
75 43140 45360 7 6 2220
76 45480 46620 6 1 1140
77 46740 48120 1 0 1380
78 50340 52560 7 6 2220
79 52680 53820 6 1 1140
80 53940 55320 1 0 1380
81 57540 59760 7 6 2220
82 59880 61020 6 1 1140
83 61140 62520 1 0 1380
84 64740 66960 7 6 2220
85 67080 68220 6 1 1140
86 68340 69720 1 0 1380
87 71940 74160 7 6 2220
88 74280 75420 6 1 1140
89 75540 76920 1 0 1380
90 79140 81360 7 6 2220
91 81480 82620 6 1 1140
92 28380 31380 0 5 3000
93 31500 32280 5 4 780
94 32400 33060 4 3 660
95 33780 36780 0 5 3000
96 36900 37680 5 4 780
97 37800 38460 4 3 660
98 39180 42180 0 5 3000
99 42300 43080 5 4 780
100 43200 43860 4 3 660
101 44580 47580 0 5 3000
102 47700 48480 5 4 780
103 48600 49260 4 3 660
104 49980 52980 0 5 3000
105 53100 53880 5 4 780
106 54000 54660 4 3 660
107 55380 58380 0 5 3000
108 58500 59280 5 4 780
109 59400 60060 4 3 660
110 60780 63780 0 5 3000
111 63900 64680 5 4 780
112 64800 65460 4 3 660
113 66180 69180 0 5 3000
114 69300 70080 5 4 780
115 70200 70860 4 3 660
116 71580 74580 0 5 3000
117 74700 75480 5 4 780
118 75600 76260 4 3 660
119 76980 79980 0 5 3000
120 28380 29820 2 6 1440
121 31500 32940 6 2 1440
122 33060 36000 2 5 2940
123 36120 36900 5 4 780
124 37020 38700 4 8 1680
125 40500 41940 6 2 1440
126 42060 45000 2 5 2940
127 45120 45900 5 4 780
128 46020 47700 4 8 1680
129 49500 50940 6 2 1440
130 51060 54000 2 5 2940
131 54120 54900 5 4 780
132 55020 56700 4 8 1680
133 58500 59940 6 2 1440
134 60060 63000 2 5 2940
135 63120 63900 5 4 780
136 64020 65700 4 8 1680
137 67500 68940 6 2 1440
138 69060 72000 2 5 2940
139 72120 72900 5 4 780
140 73020 74700 4 8 1680
141 76500 77940 6 2 1440
142 29820 30480 3 4 660
143 30600 31380 4 5 780
144 31500 34500 5 0 3000
145 35220 35880 3 4 660
146 36000 36780 4 5 780
147 36900 39900 5 0 3000
148 40620 41280 3 4 660
149 41400 42180 4 5 780
150 42300 45300 5 0 3000
151 46020 46680 3 4 660
152 46800 47580 4 5 780
153 47700 50700 5 0 3000
154 51420 52080 3 4 660
155 52200 52980 4 5 780
156 53100 56100 5 0 3000
157 56820 57480 3 4 660
158 57600 58380 4 5 780
159 58500 61500 5 0 3000
160 62220 62880 3 4 660
161 63000 63780 4 5 780
162 63900 66900 5 0 3000
163 67620 68280 3 4 660
164 68400 69180 4 5 780
165 69300 72300 5 0 3000
166 73020 73680 3 4 660
167 73800 74580 4 5 780
168 74700 77700 5 0 3000
169 78420 79080 3 4 660
170 79200 79980 4 5 780
171 25200 27840 2 3 2640
172 27960 28620 3 4 660
173 29220 29880 4 3 660
174 30000 32640 3 2 2640
175 32760 34440 2 1 1680
176 36420 37080 4 3 660
177 37200 39840 3 2 2640
178 39960 41640 2 1 1680
179 43620 44280 4 3 660
180 44400 47040 3 2 2640
181 47160 48840 2 1 1680
182 50820 51480 4 3 660
183 51600 54240 3 2 2640
184 54360 56040 2 1 1680
185 58020 58680 4 3 660
186 58800 61440 3 2 2640
187 61560 63240 2 1 1680
188 65220 65880 4 3 660
189 66000 68640 3 2 2640
190 68760 70440 2 1 1680
191 72420 73080 4 3 660
192 73200 75840 3 2 2640
193 75960 77640 2 1 1680
194 27360 29040 2 1 1680
195 30480 32160 1 2 1680
196 32400 35040 2 3 2640
197 35160 35820 3 4 660
198 37680 39360 1 2 1680
199 39600 42240 2 3 2640
200 42360 43020 3 4 660
201 44880 46560 1 2 1680
202 46800 49440 2 3 2640
203 49560 50220 3 4 660
204 52080 53760 1 2 1680
205 54000 56640 2 3 2640
206 56760 57420 3 4 660
207 59280 60960 1 2 1680
208 61200 63840 2 3 2640
209 63960 64620 3 4 660
210 66480 68160 1 2 1680
211 68400 71040 2 3 2640
212 71160 71820 3 4 660
213 73680 75360 1 2 1680
214 75600 78240 2 3 2640
215 78360 79020 3 4 660
216 25860 28800 2 5 2940
217 28920 29700 5 4 780
218 29820 31500 4 8 1680
219 33420 35100 8 4 1680
220 35220 36000 4 5 780
221 36120 39060 5 2 2940
222 39180 40620 2 6 1440
223 42420 44100 8 4 1680
224 44220 45000 4 5 780
225 45120 48060 5 2 2940
226 48180 49620 2 6 1440
227 51420 53100 8 4 1680
228 53220 54000 4 5 780
229 54120 57060 5 2 2940
230 57180 58620 2 6 1440
231 60420 62100 8 4 1680
232 62220 63000 4 5 780
233 63120 66060 5 2 2940
234 66180 67620 2 6 1440
235 69420 71100 8 4 1680
236 71220 72000 4 5 780
237 72120 75060 5 2 2940
238 75180 76620 2 6 1440
239 78420 80100 8 4 1680
240 80220 81000 4 5 780
241 81120 84060 5 2 2940
242 30180 33180 0 5 3000
243 33300 34080 5 4 780
244 34200 34860 4 3 660
245 35580 38580 0 5 3000
246 38700 39480 5 4 780
247 39600 40260 4 3 660
248 40980 43980 0 5 3000
249 44100 44880 5 4 780
250 45000 45660 4 3 660
251 46380 49380 0 5 3000
252 49500 50280 5 4 780
253 50400 51060 4 3 660
254 51780 54780 0 5 3000
255 54900 55680 5 4 780
256 55800 56460 4 3 660
257 57180 60180 0 5 3000
258 60300 61080 5 4 780
259 61200 61860 4 3 660
260 62580 65580 0 5 3000
261 65700 66480 5 4 780
262 66600 67260 4 3 660
263 67980 70980 0 5 3000
264 71100 71880 5 4 780
265 72000 72660 4 3 660
266 73380 76380 0 5 3000
267 76500 77280 5 4 780
268 30180 31620 2 6 1440
269 33300 34740 6 2 1440
270 34860 37800 2 5 2940
271 37920 38700 5 4 780
272 38820 40500 4 8 1680
273 42300 43740 6 2 1440
274 43860 46800 2 5 2940
275 46920 47700 5 4 780
276 47820 49500 4 8 1680
277 51300 52740 6 2 1440
278 52860 55800 2 5 2940
279 55920 56700 5 4 780
280 56820 58500 4 8 1680
281 60300 61740 6 2 1440
282 61860 64800 2 5 2940
283 64920 65700 5 4 780
284 65820 67500 4 8 1680
285 69300 70740 6 2 1440
286 70860 73800 2 5 2940
287 73920 74700 5 4 780
288 74820 76500 4 8 1680
289 78300 79740 6 2 1440
290 26340 27780 2 6 1440
291 27900 30120 6 7 2220
292 33120 35340 7 6 2220
293 35460 36900 6 2 1440
294 37020 38520 2 0 1500
295 40320 42540 7 6 2220
296 42660 44100 6 2 1440
297 44220 45720 2 0 1500
298 47520 49740 7 6 2220
299 49860 51300 6 2 1440
300 51420 52920 2 0 1500
301 54720 56940 7 6 2220
302 57060 58500 6 2 1440
303 58620 60120 2 0 1500
304 61920 64140 7 6 2220
305 64260 65700 6 2 1440
306 65820 67320 2 0 1500
307 69120 71340 7 6 2220
308 71460 72900 6 2 1440
309 73020 74520 2 0 1500
310 76320 78540 7 6 2220
311 78660 80100 6 2 1440
312 27900 28680 5 4 780
313 28800 29460 4 3 660
314 31620 32280 3 4 660
315 32400 33180 4 5 780
316 33300 36300 5 0 3000
317 37020 37680 3 4 660
318 37800 38580 4 5 780
319 38700 41700 5 0 3000
320 42420 43080 3 4 660
321 43200 43980 4 5 780
322 44100 47100 5 0 3000
323 47820 48480 3 4 660
324 48600 49380 4 5 780
325 49500 52500 5 0 3000
326 53220 53880 3 4 660
327 54000 54780 4 5 780
328 54900 57900 5 0 3000
329 58620 59280 3 4 660
330 59400 60180 4 5 780
331 60300 63300 5 0 3000
332 64020 64680 3 4 660
333 64800 65580 4 5 780
334 65700 68700 5 0 3000
335 69420 70080 3 4 660
336 70200 70980 4 5 780
337 71100 74100 5 0 3000
338 74820 75480 3 4 660
339 75600 76380 4 5 780
340 27000 29640 2 3 2640
341 29760 30420 3 4 660
342 31020 31680 4 3 660
343 31800 34440 3 2 2640
344 34560 36240 2 1 1680
345 38220 38880 4 3 660
346 39000 41640 3 2 2640
347 41760 43440 2 1 1680
348 45420 46080 4 3 660
349 46200 48840 3 2 2640
350 48960 50640 2 1 1680
351 52620 53280 4 3 660
352 53400 56040 3 2 2640
353 56160 57840 2 1 1680
354 59820 60480 4 3 660
355 60600 63240 3 2 2640
356 63360 65040 2 1 1680
357 67020 67680 4 3 660
358 67800 70440 3 2 2640
359 70560 72240 2 1 1680
360 74220 74880 4 3 660
361 75000 77640 3 2 2640
362 77760 79440 2 1 1680
363 28740 30120 1 0 1380
364 33360 34740 0 1 1380
365 34860 36000 1 6 1140
366 36120 38340 6 7 2220
367 40560 41940 0 1 1380
368 42060 43200 1 6 1140
369 43320 45540 6 7 2220
370 47760 49140 0 1 1380
371 49260 50400 1 6 1140
372 50520 52740 6 7 2220
373 54960 56340 0 1 1380
374 56460 57600 1 6 1140
375 57720 59940 6 7 2220
376 62160 63540 0 1 1380
377 63660 64800 1 6 1140
378 64920 67140 6 7 2220
379 69360 70740 0 1 1380
380 70860 72000 1 6 1140
381 72120 74340 6 7 2220
382 76560 77940 0 1 1380
383 78060 79200 1 6 1140
384 29160 30840 2 1 1680
385 32280 33960 1 2 1680
386 34200 36840 2 3 2640
387 36960 37620 3 4 660
388 39480 41160 1 2 1680
389 41400 44040 2 3 2640
390 44160 44820 3 4 660
391 46680 48360 1 2 1680
392 48600 51240 2 3 2640
393 51360 52020 3 4 660
394 53880 55560 1 2 1680
395 55800 58440 2 3 2640
396 58560 59220 3 4 660
397 61080 62760 1 2 1680
398 63000 65640 2 3 2640
399 65760 66420 3 4 660
400 68280 69960 1 2 1680
401 70200 72840 2 3 2640
402 72960 73620 3 4 660
403 75480 77160 1 2 1680
404 29820 31320 2 0 1500
405 35400 36900 0 2 1500
406 37140 38580 2 6 1440
407 38700 40920 6 7 2220
408 42600 44100 0 2 1500
409 44340 45780 2 6 1440
410 45900 48120 6 7 2220
411 49800 51300 0 2 1500
412 51540 52980 2 6 1440
413 53100 55320 6 7 2220
414 57000 58500 0 2 1500
415 58740 60180 2 6 1440
416 60300 62520 6 7 2220
417 64200 65700 0 2 1500
418 65940 67380 2 6 1440
419 67500 69720 6 7 2220
420 71400 72900 0 2 1500
421 73140 74580 2 6 1440
422 74700 76920 6 7 2220
423 78600 80100 0 2 1500
424 27660 30600 2 5 2940
425 30720 31500 5 4 780
426 31620 33300 4 8 1680
427 35220 36900 8 4 1680
428 37020 37800 4 5 780
429 37920 40860 5 2 2940
430 40980 42420 2 6 1440
431 44220 45900 8 4 1680
432 46020 46800 4 5 780
433 46920 49860 5 2 2940
434 49980 51420 2 6 1440
435 53220 54900 8 4 1680
436 55020 55800 4 5 780
437 55920 58860 5 2 2940
438 58980 60420 2 6 1440
439 62220 63900 8 4 1680
440 64020 64800 4 5 780
441 64920 67860 5 2 2940
442 67980 69420 2 6 1440
443 71220 72900 8 4 1680
444 73020 73800 4 5 780
445 73920 76860 5 2 2940
446 76980 78420 2 6 1440
447 28920 31140 6 7 2220
448 32340 34560 7 6 2220
449 34680 35820 6 1 1140
450 35940 37320 1 0 1380
451 39540 41760 7 6 2220
452 41880 43020 6 1 1140
453 43140 44520 1 0 1380
454 46740 48960 7 6 2220
455 49080 50220 6 1 1140
456 50340 51720 1 0 1380
457 53940 56160 7 6 2220
458 56280 57420 6 1 1140
459 57540 58920 1 0 1380
460 61140 63360 7 6 2220
461 63480 64620 6 1 1140
462 64740 66120 1 0 1380
463 68340 70560 7 6 2220
464 70680 71820 6 1 1140
465 71940 73320 1 0 1380
466 75540 77760 7 6 2220
467 77880 79020 6 1 1140
468 27900 30900 5 0 3000
469 31980 34980 0 5 3000
470 35100 35880 5 4 780
471 36000 36660 4 3 660
472 37380 40380 0 5 3000
473 40500 41280 5 4 780
474 41400 42060 4 3 660
475 42780 45780 0 5 3000
476 45900 46680 5 4 780
477 46800 47460 4 3 660
478 48180 51180 0 5 3000
479 51300 52080 5 4 780
480 52200 52860 4 3 660
481 53580 56580 0 5 3000
482 56700 57480 5 4 780
483 57600 58260 4 3 660
484 58980 61980 0 5 3000
485 62100 62880 5 4 780
486 63000 63660 4 3 660
487 64380 67380 0 5 3000
488 67500 68280 5 4 780
489 68400 69060 4 3 660
490 69780 72780 0 5 3000
491 72900 73680 5 4 780
492 73800 74460 4 3 660
493 75180 78180 0 5 3000
494 78300 79080 5 4 780
495 28920 31860 5 2 2940
496 31980 33420 2 6 1440
497 35100 36540 6 2 1440
498 36660 39600 2 5 2940
499 39720 40500 5 4 780
500 40620 42300 4 8 1680
501 44100 45540 6 2 1440
502 45660 48600 2 5 2940
503 48720 49500 5 4 780
504 49620 51300 4 8 1680
505 53100 54540 6 2 1440
506 54660 57600 2 5 2940
507 57720 58500 5 4 780
508 58620 60300 4 8 1680
509 62100 63540 6 2 1440
510 63660 66600 2 5 2940
511 66720 67500 5 4 780
512 67620 69300 4 8 1680
513 71100 72540 6 2 1440
514 72660 75600 2 5 2940
515 75720 76500 5 4 780
516 29700 30480 5 4 780
517 30600 31260 4 3 660
518 33420 34080 3 4 660
519 34200 34980 4 5 780
520 35100 38100 5 0 3000
521 38820 39480 3 4 660
522 39600 40380 4 5 780
523 40500 43500 5 0 3000
524 44220 44880 3 4 660
525 45000 45780 4 5 780
526 45900 48900 5 0 3000
527 49620 50280 3 4 660
528 50400 51180 4 5 780
529 51300 54300 5 0 3000
530 55020 55680 3 4 660
531 55800 56580 4 5 780
532 56700 59700 5 0 3000
533 60420 61080 3 4 660
534 61200 61980 4 5 780
535 62100 65100 5 0 3000
536 65820 66480 3 4 660
537 66600 67380 4 5 780
538 67500 70500 5 0 3000
539 71220 71880 3 4 660
540 72000 72780 4 5 780
541 72900 75900 5 0 3000
542 76620 77280 3 4 660
543 77400 78180 4 5 780
544 28800 31440 2 3 2640
545 31560 32220 3 4 660
546 32820 33480 4 3 660
547 33600 36240 3 2 2640
548 36360 38040 2 1 1680
549 40020 40680 4 3 660
550 40800 43440 3 2 2640
551 43560 45240 2 1 1680
552 47220 47880 4 3 660
553 48000 50640 3 2 2640
554 50760 52440 2 1 1680
555 54420 55080 4 3 660
556 55200 57840 3 2 2640
557 57960 59640 2 1 1680
558 61620 62280 4 3 660
559 62400 65040 3 2 2640
560 65160 66840 2 1 1680
561 68820 69480 4 3 660
562 69600 72240 3 2 2640
563 72360 74040 2 1 1680
564 76020 76680 4 3 660
565 76800 79440 3 2 2640
566 79560 81240 2 1 1680
567 30960 32640 2 1 1680
568 34080 35760 1 2 1680
569 36000 38640 2 3 2640
570 38760 39420 3 4 660
571 41280 42960 1 2 1680
572 43200 45840 2 3 2640
573 45960 46620 3 4 660
574 48480 50160 1 2 1680
575 50400 53040 2 3 2640
576 53160 53820 3 4 660
577 55680 57360 1 2 1680
578 57600 60240 2 3 2640
579 60360 61020 3 4 660
580 62880 64560 1 2 1680
581 64800 67440 2 3 2640
582 67560 68220 3 4 660
583 70080 71760 1 2 1680
584 72000 74640 2 3 2640
585 74760 75420 3 4 660
586 77280 78960 1 2 1680
587 29460 32400 2 5 2940
588 32520 33300 5 4 780
589 33420 35100 4 8 1680
590 37020 38700 8 4 1680
591 38820 39600 4 5 780
592 39720 42660 5 2 2940
593 42780 44220 2 6 1440
594 46020 47700 8 4 1680
595 47820 48600 4 5 780
596 48720 51660 5 2 2940
597 51780 53220 2 6 1440
598 55020 56700 8 4 1680
599 56820 57600 4 5 780
600 57720 60660 5 2 2940
601 60780 62220 2 6 1440
602 64020 65700 8 4 1680
603 65820 66600 4 5 780
604 66720 69660 5 2 2940
605 69780 71220 2 6 1440
606 73020 74700 8 4 1680
607 74820 75600 4 5 780
608 75720 78660 5 2 2940
609 78780 80220 2 6 1440
610 28800 29580 4 5 780
611 29700 32700 5 0 3000
612 33780 36780 0 5 3000
613 36900 37680 5 4 780
614 37800 38460 4 3 660
615 29820 30600 4 5 780
616 30720 33660 5 2 2940
617 33780 35220 2 6 1440
618 36900 38340 6 2 1440
619 38460 41400 2 5 2940
620 41520 42300 5 4 780
621 42420 44100 4 8 1680
622 45900 47340 6 2 1440
623 47460 50400 2 5 2940
624 50520 51300 5 4 780
625 51420 53100 4 8 1680
626 54900 56340 6 2 1440
627 56460 59400 2 5 2940
628 59520 60300 5 4 780
629 60420 62100 4 8 1680
630 63900 65340 6 2 1440
631 65460 68400 2 5 2940
632 68520 69300 5 4 780
633 69420 71100 4 8 1680
634 72900 74340 6 2 1440
635 74460 77400 2 5 2940
636 77520 78300 5 4 780
637 29940 31380 2 6 1440
638 31500 33720 6 7 2220
639 36720 38940 7 6 2220
640 39060 40500 6 2 1440
641 40620 42120 2 0 1500
642 43920 46140 7 6 2220
643 46260 47700 6 2 1440
644 47820 49320 2 0 1500
645 51120 53340 7 6 2220
646 53460 54900 6 2 1440
647 55020 56520 2 0 1500
648 58320 60540 7 6 2220
649 60660 62100 6 2 1440
650 62220 63720 2 0 1500
651 65520 67740 7 6 2220
652 67860 69300 6 2 1440
653 69420 70920 2 0 1500
654 72720 74940 7 6 2220
655 75060 76500 6 2 1440
656 31860 33300 6 2 1440
657 33420 34920 2 0 1500
658 39000 40500 0 2 1500
659 40740 42180 2 6 1440
660 42300 44520 6 7 2220
661 29700 31140 6 2 1440
662 31260 34200 2 5 2940
663 34320 35100 5 4 780
664 35220 36900 4 8 1680
665 38820 40500 8 4 1680
666 40620 41400 4 5 780
667 41520 44460 5 2 2940
668 44580 46020 2 6 1440
669 47820 49500 8 4 1680
670 49620 50400 4 5 780
671 50520 53460 5 2 2940
672 53580 55020 2 6 1440
673 56820 58500 8 4 1680
674 58620 59400 4 5 780
675 59520 62460 5 2 2940
676 62580 64020 2 6 1440
677 65820 67500 8 4 1680
678 67620 68400 4 5 780
679 68520 71460 5 2 2940
680 71580 73020 2 6 1440
681 74820 76500 8 4 1680
682 76620 77400 4 5 780
683 77520 80460 5 2 2940
684 29760 31140 0 1 1380
685 31260 32400 1 6 1140
686 32520 34740 6 7 2220
687 35940 38160 7 6 2220
688 38280 39420 6 1 1140
689 39540 40920 1 0 1380
690 31620 32400 4 5 780
691 32520 35460 5 2 2940
692 35580 37020 2 6 1440
693 38700 40140 6 2 1440
694 40260 43200 2 5 2940
695 43320 44100 5 4 780
696 44220 45900 4 8 1680
697 47700 49140 6 2 1440
698 49260 52200 2 5 2940
699 52320 53100 5 4 780
700 53220 54900 4 8 1680
701 56700 58140 6 2 1440
702 58260 61200 2 5 2940
703 61320 62100 5 4 780
704 62220 63900 4 8 1680
705 65700 67140 6 2 1440
706 67260 70200 2 5 2940
707 70320 71100 5 4 780
708 71220 72900 4 8 1680
709 74700 76140 6 2 1440
710 76260 79200 2 5 2940
711 34620 35280 4 3 660
712 35400 38040 3 2 2640
713 38160 39840 2 1 1680
714 41280 42960 1 2 1680
715 43200 45840 2 3 2640
716 45960 46620 3 4 660
717 36960 38340 0 1 1380
718 38460 39600 1 6 1140
719 39720 41940 6 7 2220
720 43140 45360 7 6 2220
721 45480 46620 6 1 1140
722 46740 48120 1 0 1380
723 41820 42480 4 3 660
724 42600 45240 3 2 2640
725 45360 47040 2 1 1680
726 48480 50160 1 2 1680
727 50400 53040 2 3 2640
728 53160 53820 3 4 660
729 44160 45540 0 1 1380
730 45660 46800 1 6 1140
731 46920 49140 6 7 2220
732 50340 52560 7 6 2220
733 52680 53820 6 1 1140
734 53940 55320 1 0 1380
735 49020 49680 4 3 660
736 49800 52440 3 2 2640
737 52560 54240 2 1 1680
738 55680 57360 1 2 1680
739 57600 60240 2 3 2640
740 60360 61020 3 4 660
741 51360 52740 0 1 1380
742 52860 54000 1 6 1140
743 54120 56340 6 7 2220
744 57540 59760 7 6 2220
745 59880 61020 6 1 1140
746 61140 62520 1 0 1380
747 56220 56880 4 3 660
748 57000 59640 3 2 2640
749 59760 61440 2 1 1680
750 62880 64560 1 2 1680
751 64800 67440 2 3 2640
752 67560 68220 3 4 660
753 58560 59940 0 1 1380
754 60060 61200 1 6 1140
755 61320 63540 6 7 2220
756 64740 66960 7 6 2220
757 67080 68220 6 1 1140
758 68340 69720 1 0 1380
759 63420 64080 4 3 660
760 64200 66840 3 2 2640
761 66960 68640 2 1 1680
762 70080 71760 1 2 1680
763 72000 74640 2 3 2640
764 74760 75420 3 4 660
765 65760 67140 0 1 1380
766 67260 68400 1 6 1140
767 68520 70740 6 7 2220
768 71940 74160 7 6 2220
769 74280 75420 6 1 1140
770 75540 76920 1 0 1380
771 70620 71280 4 3 660
772 71400 74040 3 2 2640
773 74160 75840 2 1 1680
774 77280 78960 1 2 1680
775 72960 74340 0 1 1380
776 74460 75600 1 6 1140
777 75720 77940 6 7 2220
778 79140 81360 7 6 2220
779 81480 82620 6 1 1140
780 77820 78480 4 3 660
781 78600 81240 3 2 2640
782 81360 83040 2 1 1680
783 84480 86160 1 2 1680
