2 24000 27180 2 3 3180
3 28440 31620 3 2 3180
4 31740 33180 2 1 1440
5 33420 34020 1 0 600
6 35640 38820 3 2 3180
7 38940 40380 2 1 1440
8 40620 41220 1 0 600
9 42840 46020 3 2 3180
10 46140 47580 2 1 1440
11 47820 48420 1 0 600
12 50040 53220 3 2 3180
13 53340 54780 2 1 1440
14 55020 55620 1 0 600
15 57240 60420 3 2 3180
16 60540 61980 2 1 1440
17 62220 62820 1 0 600
18 64440 67620 3 2 3180
19 67740 69180 2 1 1440
20 69420 70020 1 0 600
21 71640 74820 3 2 3180
22 74940 76380 2 1 1440
23 76620 77220 1 0 600
24 78840 82020 3 2 3180
28 25320 26340 2 0 1020
29 26580 27180 0 1 600
30 30120 30720 1 0 600
31 30840 31860 0 2 1020
32 31980 35520 2 5 3540
33 37320 37920 1 0 600
34 38040 39060 0 2 1020
35 39180 42720 2 5 3540
36 44520 45120 1 0 600
37 45240 46260 0 2 1020
38 46380 49920 2 5 3540
39 51720 52320 1 0 600
40 52440 53460 0 2 1020
41 53580 57120 2 5 3540
42 58920 59520 1 0 600
43 59640 60660 0 2 1020
44 60780 64320 2 5 3540
45 66120 66720 1 0 600
46 66840 67860 0 2 1020
47 67980 71520 2 5 3540
48 73320 73920 1 0 600
49 74040 75060 0 2 1020
53 26460 27060 0 1 600
54 28500 29100 1 0 600
55 29220 32040 0 3 2820
56 32160 33840 3 4 1680
57 35700 36300 1 0 600
58 36420 39240 0 3 2820
59 39360 41040 3 4 1680
60 42900 43500 1 0 600
61 43620 46440 0 3 2820
62 46560 48240 3 4 1680
63 50100 50700 1 0 600
64 50820 53640 0 3 2820
65 53760 55440 3 4 1680
66 57300 57900 1 0 600
67 58020 60840 0 3 2820
68 60960 62640 3 4 1680
69 64500 65100 1 0 600
70 65220 68040 0 3 2820
71 68160 69840 3 4 1680
72 71700 72300 1 0 600
73 72420 75240 0 3 2820
75 78900 79500 1 0 600
76 79620 82440 0 3 2820
80 27120 28140 0 2 1020
81 30900 31920 2 0 1020
82 32160 34980 0 3 2820
83 35100 37140 3 5 2040
84 38100 39120 2 0 1020
85 39360 42180 0 3 2820
86 42300 44340 3 5 2040
87 45300 46320 2 0 1020
88 46560 49380 0 3 2820
89 49500 51540 3 5 2040
90 52500 53520 2 0 1020
91 53760 56580 0 3 2820
92 56700 58740 3 5 2040
93 59700 60720 2 0 1020
94 60960 63780 0 3 2820
95 63900 65940 3 5 2040
96 66900 67920 2 0 1020
97 68160 70980 0 3 2820
98 71100 73140 3 5 2040
99 74100 75120 2 0 1020
100 75360 78180 0 3 2820
104 24780 28320 2 5 3540
105 32460 36000 5 2 3540
106 36120 37140 2 0 1020
107 37380 37980 0 1 600
108 39660 43200 5 2 3540
109 43320 44340 2 0 1020
110 44580 45180 0 1 600
111 46860 50400 5 2 3540
112 50520 51540 2 0 1020
113 51780 52380 0 1 600
114 54060 57600 5 2 3540
115 57720 58740 2 0 1020
116 58980 59580 0 1 600
117 61260 64800 5 2 3540
118 64920 65940 2 0 1020
119 66180 66780 0 1 600
120 68460 72000 5 2 3540
121 72120 73140 2 0 1020
122 73380 73980 0 1 600
123 75660 79200 5 2 3540
124 79320 80340 2 0 1020
130 32520 35340 3 0 2820
131 35460 36060 0 1 600
132 37920 39600 4 3 1680
133 39720 42540 3 0 2820
134 42660 43260 0 1 600
135 45120 46800 4 3 1680
136 46920 49740 3 0 2820
137 49860 50460 0 1 600
138 52320 54000 4 3 1680
139 54120 56940 3 0 2820
140 57060 57660 0 1 600
141 59520 61200 4 3 1680
142 61320 64140 3 0 2820
143 64260 64860 0 1 600
144 66720 68400 4 3 1680
145 68520 71340 3 0 2820
146 71460 72060 0 1 600
147 73920 75600 4 3 1680
148 75720 78540 3 0 2820
149 78660 79260 0 1 600
152 28260 28860 0 1 600
153 30300 30900 1 0 600
154 31020 33840 0 3 2820
155 33960 35640 3 4 1680
156 37500 38100 1 0 600
157 38220 41040 0 3 2820
158 41160 42840 3 4 1680
159 44700 45300 1 0 600
160 45420 48240 0 3 2820
161 48360 50040 3 4 1680
162 51900 52500 1 0 600
163 52620 55440 0 3 2820
164 55560 57240 3 4 1680
165 59100 59700 1 0 600
166 59820 62640 0 3 2820
167 62760 64440 3 4 1680
168 66300 66900 1 0 600
169 67020 69840 0 3 2820
170 69960 71640 3 4 1680
171 73500 74100 1 0 600
172 74220 77040 0 3 2820
174 23700 24720 2 0 1020
175 24960 27780 0 3 2820
176 27900 29940 3 5 2040
177 32820 34860 5 3 2040
178 34980 37800 3 0 2820
179 37920 38940 0 2 1020
180 40020 42060 5 3 2040
181 42180 45000 3 0 2820
182 45120 46140 0 2 1020
183 47220 49260 5 3 2040
184 49380 52200 3 0 2820
185 52320 53340 0 2 1020
186 54420 56460 5 3 2040
187 56580 59400 3 0 2820
188 59520 60540 0 2 1020
189 61620 63660 5 3 2040
190 63780 66600 3 0 2820
191 66720 67740 0 2 1020
192 68820 70860 5 3 2040
193 70980 73800 3 0 2820
194 73920 74940 0 2 1020
195 76020 78060 5 3 2040
196 78180 81000 3 0 2820
197 81120 82140 0 2 1020
199 28140 29580 2 1 1440
200 29820 30420 1 0 600
201 32400 33000 0 1 600
202 33240 34680 1 2 1440
203 34800 37980 2 3 3180
204 39600 40200 0 1 600
205 40440 41880 1 2 1440
206 42000 45180 2 3 3180
207 46800 47400 0 1 600
208 47640 49080 1 2 1440
209 49200 52380 2 3 3180
210 54000 54600 0 1 600
211 54840 56280 1 2 1440
212 56400 59580 2 3 3180
213 61200 61800 0 1 600
214 62040 63480 1 2 1440
215 63600 66780 2 3 3180
216 68400 69000 0 1 600
217 69240 70680 1 2 1440
218 70800 73980 2 3 3180
219 75600 76200 0 1 600
220 76440 77880 1 2 1440
221 78000 81180 2 3 3180
223 25620 28440 0 3 2820
224 28560 30240 3 4 1680
225 32520 34200 4 3 1680
226 34320 37140 3 0 2820
227 37260 37860 0 1 600
228 39720 41400 4 3 1680
229 41520 44340 3 0 2820
230 44460 45060 0 1 600
231 46920 48600 4 3 1680
232 48720 51540 3 0 2820
233 51660 52260 0 1 600
234 54120 55800 4 3 1680
235 55920 58740 3 0 2820
236 58860 59460 0 1 600
237 61320 63000 4 3 1680
238 63120 65940 3 0 2820
239 66060 66660 0 1 600
240 68520 70200 4 3 1680
241 70320 73140 3 0 2820
242 73260 73860 0 1 600
243 75720 77400 4 3 1680
244 77520 80340 3 0 2820
248 27600 30780 2 3 3180
249 32040 35220 3 2 3180
250 35340 36780 2 1 1440
251 37020 37620 1 0 600
252 39240 42420 3 2 3180
253 42540 43980 2 1 1440
254 44220 44820 1 0 600
255 46440 49620 3 2 3180
256 49740 51180 2 1 1440
257 51420 52020 1 0 600
258 53640 56820 3 2 3180
259 56940 58380 2 1 1440
260 58620 59220 1 0 600
261 60840 64020 3 2 3180
262 64140 65580 2 1 1440
263 65820 66420 1 0 600
264 68040 71220 3 2 3180
265 71340 72780 2 1 1440
266 73020 73620 1 0 600
267 75240 78420 3 2 3180
271 28920 29940 2 0 1020
272 30180 30780 0 1 600
273 33720 34320 1 0 600
274 34440 35460 0 2 1020
275 35580 39120 2 5 3540
276 40920 41520 1 0 600
277 41640 42660 0 2 1020
278 42780 46320 2 5 3540
279 48120 48720 1 0 600
280 48840 49860 0 2 1020
281 49980 53520 2 5 3540
282 55320 55920 1 0 600
283 56040 57060 0 2 1020
284 57180 60720 2 5 3540
285 62520 63120 1 0 600
286 63240 64260 0 2 1020
287 64380 67920 2 5 3540
288 69720 70320 1 0 600
289 70440 71460 0 2 1020
290 71580 75120 2 5 3540
291 76920 77520 1 0 600
292 77640 78660 0 2 1020
296 30060 30660 0 1 600
297 32100 32700 1 0 600
298 32820 35640 0 3 2820
299 35760 37440 3 4 1680
300 39300 39900 1 0 600
301 40020 42840 0 3 2820
302 42960 44640 3 4 1680
303 46500 47100 1 0 600
304 47220 50040 0 3 2820
305 50160 51840 3 4 1680
306 53700 54300 1 0 600
307 54420 57240 0 3 2820
308 57360 59040 3 4 1680
309 60900 61500 1 0 600
310 61620 64440 0 3 2820
311 64560 66240 3 4 1680
312 68100 68700 1 0 600
313 68820 71640 0 3 2820
314 71760 73440 3 4 1680
315 75300 75900 1 0 600
316 76020 78840 0 3 2820
319 27780 30600 3 0 2820
320 30720 31740 0 2 1020
321 34500 35520 2 0 1020
322 35760 38580 0 3 2820
323 38700 40740 3 5 2040
324 41700 42720 2 0 1020
325 42960 45780 0 3 2820
326 45900 47940 3 5 2040
327 48900 49920 2 0 1020
328 50160 52980 0 3 2820
329 53100 55140 3 5 2040
330 56100 57120 2 0 1020
331 57360 60180 0 3 2820
332 60300 62340 3 5 2040
333 63300 64320 2 0 1020
334 64560 67380 0 3 2820
335 67500 69540 3 5 2040
336 70500 71520 2 0 1020
337 71760 74580 0 3 2820
339 77700 78720 2 0 1020
340 78960 81780 0 3 2820
343 27240 28260 0 2 1020
344 28380 31920 2 5 3540
345 36060 39600 5 2 3540
346 39720 40740 2 0 1020
347 40980 41580 0 1 600
348 43260 46800 5 2 3540
349 46920 47940 2 0 1020
350 48180 48780 0 1 600
351 50460 54000 5 2 3540
352 54120 55140 2 0 1020
353 55380 55980 0 1 600
354 57660 61200 5 2 3540
355 61320 62340 2 0 1020
356 62580 63180 0 1 600
357 64860 68400 5 2 3540
358 68520 69540 2 0 1020
359 69780 70380 0 1 600
360 72060 75600 5 2 3540
361 75720 76740 2 0 1020
362 76980 77580 0 1 600
364 27420 30240 0 3 2820
365 30360 32040 3 4 1680
366 34320 36000 4 3 1680
367 36120 38940 3 0 2820
368 39060 39660 0 1 600
369 41520 43200 4 3 1680
370 43320 46140 3 0 2820
371 46260 46860 0 1 600
372 48720 50400 4 3 1680
373 50520 53340 3 0 2820
374 53460 54060 0 1 600
375 55920 57600 4 3 1680
376 57720 60540 3 0 2820
377 60660 61260 0 1 600
378 63120 64800 4 3 1680
379 64920 67740 3 0 2820
380 67860 68460 0 1 600
381 70320 72000 4 3 1680
382 72120 74940 3 0 2820
383 75060 75660 0 1 600
384 77520 79200 4 3 1680
388 28920 31740 3 0 2820
389 31860 32460 0 1 600
390 33900 34500 1 0 600
391 34620 37440 0 3 2820
392 37560 39240 3 4 1680
393 41100 41700 1 0 600
394 41820 44640 0 3 2820
395 44760 46440 3 4 1680
396 48300 48900 1 0 600
397 49020 51840 0 3 2820
398 51960 53640 3 4 1680
399 55500 56100 1 0 600
400 56220 59040 0 3 2820
401 59160 60840 3 4 1680
402 62700 63300 1 0 600
403 63420 66240 0 3 2820
404 66360 68040 3 4 1680
405 69900 70500 1 0 600
406 70620 73440 0 3 2820
407 73560 75240 3 4 1680
408 77100 77700 1 0 600
409 77820 80640 0 3 2820
411 27300 28320 2 0 1020
412 28560 31380 0 3 2820
413 31500 33540 3 5 2040
414 36420 38460 5 3 2040
415 38580 41400 3 0 2820
416 41520 42540 0 2 1020
417 43620 45660 5 3 2040
418 45780 48600 3 0 2820
419 48720 49740 0 2 1020
420 50820 52860 5 3 2040
421 52980 55800 3 0 2820
422 55920 56940 0 2 1020
423 58020 60060 5 3 2040
424 60180 63000 3 0 2820
425 63120 64140 0 2 1020
426 65220 67260 5 3 2040
427 67380 70200 3 0 2820
428 70320 71340 0 2 1020
429 72420 74460 5 3 2040
430 74580 77400 3 0 2820
431 77520 78540 0 2 1020
432 28800 29400 0 1 600
433 29640 31080 1 2 1440
434 31200 34380 2 3 3180
435 35640 38820 3 2 3180
436 38940 40380 2 1 1440
437 40620 41220 1 0 600
439 32520 33540 2 0 1020
440 33780 34380 0 1 600
441 37320 37920 1 0 600
442 38040 39060 0 2 1020
443 39180 42720 2 5 3540
445 30720 33540 3 0 2820
446 33660 34260 0 1 600
447 35700 36300 1 0 600
448 36420 39240 0 3 2820
449 39360 41040 3 4 1680
450 29220 31260 5 3 2040
451 31380 34200 3 0 2820
452 34320 35340 0 2 1020
453 38100 39120 2 0 1020
454 39360 42180 0 3 2820
455 42300 44340 3 5 2040
456 36000 36600 0 1 600
457 36840 38280 1 2 1440
458 38400 41580 2 3 3180
459 42840 46020 3 2 3180
460 46140 47580 2 1 1440
461 47820 48420 1 0 600
462 36120 37800 4 3 1680
463 37920 40740 3 0 2820
464 40860 41460 0 1 600
465 42900 43500 1 0 600
466 43620 46440 0 3 2820
467 46560 48240 3 4 1680
468 43200 43800 0 1 600
469 44040 45480 1 2 1440
470 45600 48780 2 3 3180
471 50040 53220 3 2 3180
472 53340 54780 2 1 1440
473 55020 55620 1 0 600
474 43320 45000 4 3 1680
475 45120 47940 3 0 2820
476 48060 48660 0 1 600
477 50100 50700 1 0 600
478 50820 53640 0 3 2820
479 53760 55440 3 4 1680
480 50400 51000 0 1 600
481 51240 52680 1 2 1440
482 52800 55980 2 3 3180
483 57240 60420 3 2 3180
484 60540 61980 2 1 1440
485 62220 62820 1 0 600
486 50520 52200 4 3 1680
487 52320 55140 3 0 2820
488 55260 55860 0 1 600
489 57300 57900 1 0 600
490 58020 60840 0 3 2820
491 60960 62640 3 4 1680
492 57600 58200 0 1 600
493 58440 59880 1 2 1440
494 60000 63180 2 3 3180
495 64440 67620 3 2 3180
496 67740 69180 2 1 1440
497 69420 70020 1 0 600
498 57720 59400 4 3 1680
499 59520 62340 3 0 2820
500 62460 63060 0 1 600
501 64500 65100 1 0 600
502 65220 68040 0 3 2820
503 68160 69840 3 4 1680
504 64800 65400 0 1 600
505 65640 67080 1 2 1440
506 67200 70380 2 3 3180
507 71640 74820 3 2 3180
508 74940 76380 2 1 1440
509 76620 77220 1 0 600
510 64920 66600 4 3 1680
511 66720 69540 3 0 2820
512 69660 70260 0 1 600
513 71700 72300 1 0 600
514 72420 75240 0 3 2820
516 72000 72600 0 1 600
517 72840 74280 1 2 1440
518 74400 77580 2 3 3180
519 78840 82020 3 2 3180
522 72120 73800 4 3 1680
523 73920 76740 3 0 2820
524 76860 77460 0 1 600
525 78900 79500 1 0 600
526 79620 82440 0 3 2820
528 79200 79800 0 1 600
529 80040 81480 1 2 1440
530 81600 84780 2 3 3180
531 86040 89220 3 2 3180
