1 23460 25980 2 4 2520
2 26100 28500 4 6 2400
3 31920 34320 6 4 2400
4 34440 36960 4 2 2520
5 37080 38820 2 0 1740
6 42720 45120 6 4 2400
7 45240 47760 4 2 2520
8 47880 49620 2 0 1740
9 53520 55920 6 4 2400
10 56040 58560 4 2 2520
11 58680 60420 2 0 1740
12 64320 66720 6 4 2400
13 66840 69360 4 2 2520
14 69480 71220 2 0 1740
15 75120 77520 6 4 2400
16 77640 80160 4 2 2520
21 26520 27600 2 11 1080
22 27720 28320 11 7 600
23 28980 29580 7 11 600
24 29700 30780 11 2 1080
25 30900 32700 2 12 1800
26 32820 33480 12 10 660
27 33600 35580 10 4 1980
28 36180 36780 7 11 600
29 36900 37980 11 2 1080
30 38100 39900 2 12 1800
31 40020 40680 12 10 660
32 40800 42780 10 4 1980
33 43380 43980 7 11 600
34 44100 45180 11 2 1080
35 45300 47100 2 12 1800
36 47220 47880 12 10 660
37 48000 49980 10 4 1980
38 50580 51180 7 11 600
39 51300 52380 11 2 1080
40 52500 54300 2 12 1800
41 54420 55080 12 10 660
42 55200 57180 10 4 1980
43 57780 58380 7 11 600
44 58500 59580 11 2 1080
45 59700 61500 2 12 1800
46 61620 62280 12 10 660
47 62400 64380 10 4 1980
48 64980 65580 7 11 600
49 65700 66780 11 2 1080
50 66900 68700 2 12 1800
51 68820 69480 12 10 660
52 69600 71580 10 4 1980
53 72180 72780 7 11 600
54 72900 73980 11 2 1080
55 74100 75900 2 12 1800
56 76020 76680 12 10 660
57 76800 78780 10 4 1980
60 23700 25500 2 12 1800
61 25620 26280 12 10 660
62 26400 28380 10 4 1980
63 32520 34500 4 10 1980
64 34620 35280 10 12 660
65 35400 37200 12 2 1800
66 37320 38400 2 11 1080
67 38520 39120 11 7 600
68 39720 41700 4 10 1980
69 41820 42480 10 12 660
70 42600 44400 12 2 1800
71 44520 45600 2 11 1080
72 45720 46320 11 7 600
73 46920 48900 4 10 1980
74 49020 49680 10 12 660
75 49800 51600 12 2 1800
76 51720 52800 2 11 1080
77 52920 53520 11 7 600
78 54120 56100 4 10 1980
79 56220 56880 10 12 660
80 57000 58800 12 2 1800
81 58920 60000 2 11 1080
82 60120 60720 11 7 600
83 61320 63300 4 10 1980
84 63420 64080 10 12 660
85 64200 66000 12 2 1800
86 66120 67200 2 11 1080
87 67320 67920 11 7 600
88 68520 70500 4 10 1980
89 70620 71280 10 12 660
90 71400 73200 12 2 1800
91 73320 74400 2 11 1080
92 74520 75120 11 7 600
93 75720 77700 4 10 1980
94 77820 78480 10 12 660
95 78600 80400 12 2 1800
100 26220 26880 12 10 660
101 27000 28980 10 4 1980
102 29100 31500 4 6 2400
103 34380 36780 6 4 2400
104 36900 38880 4 10 1980
105 39000 39660 10 12 660
106 39780 41760 12 3 1980
107 41880 43860 3 8 1980
108 45180 47580 6 4 2400
109 47700 49680 4 10 1980
110 49800 50460 10 12 660
111 50580 52560 12 3 1980
112 52680 54660 3 8 1980
113 55980 58380 6 4 2400
114 58500 60480 4 10 1980
115 60600 61260 10 12 660
116 61380 63360 12 3 1980
117 63480 65460 3 8 1980
118 66780 69180 6 4 2400
119 69300 71280 4 10 1980
120 71400 72060 10 12 660
121 72180 74160 12 3 1980
122 74280 76260 3 8 1980
123 77580 79980 6 4 2400
133 31800 34140 8 1 2340
134 34380 35760 1 0 1380
135 36000 36660 0 5 660
136 36900 37980 5 7 1080
137 38100 38700 7 11 600
138 42600 44940 8 1 2340
139 45180 46560 1 0 1380
140 46800 47460 0 5 660
141 47700 48780 5 7 1080
142 48900 49500 7 11 600
143 53400 55740 8 1 2340
144 55980 57360 1 0 1380
145 57600 58260 0 5 660
146 58500 59580 5 7 1080
147 59700 60300 7 11 600
148 64200 66540 8 1 2340
149 66780 68160 1 0 1380
150 68400 69060 0 5 660
151 69300 70380 5 7 1080
152 70500 71100 7 11 600
153 75000 77340 8 1 2340
160 26280 28080 2 12 1800
161 28200 28860 12 10 660
162 30000 30660 10 12 660
163 30780 32580 12 2 1800
164 32700 34620 2 1 1920
165 34740 36120 1 0 1380
166 37200 37860 10 12 660
167 37980 39780 12 2 1800
168 39900 41820 2 1 1920
169 41940 43320 1 0 1380
170 44400 45060 10 12 660
171 45180 46980 12 2 1800
172 47100 49020 2 1 1920
173 49140 50520 1 0 1380
174 51600 52260 10 12 660
175 52380 54180 12 2 1800
176 54300 56220 2 1 1920
177 56340 57720 1 0 1380
178 58800 59460 10 12 660
179 59580 61380 12 2 1800
180 61500 63420 2 1 1920
181 63540 64920 1 0 1380
182 66000 66660 10 12 660
183 66780 68580 12 2 1800
184 68700 70620 2 1 1920
185 70740 72120 1 0 1380
186 73200 73860 10 12 660
187 73980 75780 12 2 1800
188 75900 77820 2 1 1920
193 27840 30240 4 6 2400
194 34260 36660 6 4 2400
195 36780 39900 4 7 3120
196 40020 41100 7 5 1080
197 41220 41880 5 0 660
198 45060 47460 6 4 2400
199 47580 50700 4 7 3120
200 50820 51900 7 5 1080
201 52020 52680 5 0 660
202 55860 58260 6 4 2400
203 58380 61500 4 7 3120
204 61620 62700 7 5 1080
205 62820 63480 5 0 660
206 66660 69060 6 4 2400
207 69180 72300 4 7 3120
208 72420 73500 7 5 1080
209 73620 74280 5 0 660
210 77460 79860 6 4 2400
215 24480 26280 2 12 1800
216 26400 28380 12 3 1980
217 28500 30420 3 9 1920
218 34080 36000 9 3 1920
219 36120 38100 3 12 1980
220 38220 40020 12 2 1800
221 40140 41880 2 0 1740
222 44880 46800 9 3 1920
223 46920 48900 3 12 1980
224 49020 50820 12 2 1800
225 50940 52680 2 0 1740
226 55680 57600 9 3 1920
227 57720 59700 3 12 1980
228 59820 61620 12 2 1800
229 61740 63480 2 0 1740
230 66480 68400 9 3 1920
231 68520 70500 3 12 1980
232 70620 72420 12 2 1800
233 72540 74280 2 0 1740
234 77280 79200 9 3 1920
235 79320 81300 3 12 1980
236 81420 83220 12 2 1800
240 25500 27420 2 1 1920
241 27540 28920 1 0 1380
242 29820 31200 0 1 1380
243 31440 33360 1 2 1920
244 33480 35280 2 12 1800
245 35400 36060 12 10 660
246 37020 38400 0 1 1380
247 38640 40560 1 2 1920
248 40680 42480 2 12 1800
249 42600 43260 12 10 660
250 44220 45600 0 1 1380
251 45840 47760 1 2 1920
252 47880 49680 2 12 1800
253 49800 50460 12 10 660
254 51420 52800 0 1 1380
255 53040 54960 1 2 1920
256 55080 56880 2 12 1800
257 57000 57660 12 10 660
258 58620 60000 0 1 1380
259 60240 62160 1 2 1920
260 62280 64080 2 12 1800
261 64200 64860 12 10 660
262 65820 67200 0 1 1380
263 67440 69360 1 2 1920
264 69480 71280 2 12 1800
265 71400 72060 12 10 660
266 73020 74400 0 1 1380
267 74640 76560 1 2 1920
268 76680 78480 2 12 1800
269 78600 79260 12 10 660
275 31860 33780 9 3 1920
276 33900 36300 3 1 2400
277 36420 37800 1 0 1380
278 37920 38580 0 5 660
279 38700 39780 5 7 1080
280 42660 44580 9 3 1920
281 44700 47100 3 1 2400
282 47220 48600 1 0 1380
283 48720 49380 0 5 660
284 49500 50580 5 7 1080
285 53460 55380 9 3 1920
286 55500 57900 3 1 2400
287 58020 59400 1 0 1380
288 59520 60180 0 5 660
289 60300 61380 5 7 1080
290 64260 66180 9 3 1920
291 66300 68700 3 1 2400
292 68820 70200 1 0 1380
293 70320 70980 0 5 660
294 71100 72180 5 7 1080
295 75060 76980 9 3 1920
296 77100 79500 3 1 2400
302 24720 26640 2 1 1920
303 26760 29100 1 8 2340
304 31500 33840 8 1 2340
305 33960 35880 1 2 1920
306 36000 37080 2 11 1080
307 37200 37800 11 7 600
308 38700 41040 8 1 2340
309 41160 43080 1 2 1920
310 43200 44280 2 11 1080
311 44400 45000 11 7 600
312 45900 48240 8 1 2340
313 48360 50280 1 2 1920
314 50400 51480 2 11 1080
315 51600 52200 11 7 600
316 53100 55440 8 1 2340
317 55560 57480 1 2 1920
318 57600 58680 2 11 1080
319 58800 59400 11 7 600
320 60300 62640 8 1 2340
321 62760 64680 1 2 1920
322 64800 65880 2 11 1080
323 66000 66600 11 7 600
324 67500 69840 8 1 2340
325 69960 71880 1 2 1920
326 72000 73080 2 11 1080
327 73200 73800 11 7 600
328 74700 77040 8 1 2340
329 77160 79080 1 2 1920
334 27420 29220 12 2 1800
335 29340 31080 2 0 1740
336 33420 35160 0 2 1740
337 35280 37080 2 12 1800
338 37200 39180 12 3 1980
339 39300 41220 3 9 1920
340 44220 45960 0 2 1740
341 46080 47880 2 12 1800
342 48000 49980 12 3 1980
343 50100 52020 3 9 1920
344 55020 56760 0 2 1740
345 56880 58680 2 12 1800
346 58800 60780 12 3 1980
347 60900 62820 3 9 1920
348 65820 67560 0 2 1740
349 67680 69480 2 12 1800
350 69600 71580 12 3 1980
351 71700 73620 3 9 1920
352 76620 78360 0 2 1740
353 78480 80280 2 12 1800
358 29220 30300 7 5 1080
359 30420 31080 5 0 660
360 33420 34080 0 5 660
361 34200 35280 5 7 1080
362 35400 38520 7 4 3120
363 38640 41040 4 6 2400
364 44220 44880 0 5 660
365 45000 46080 5 7 1080
366 46200 49320 7 4 3120
367 49440 51840 4 6 2400
368 55020 55680 0 5 660
369 55800 56880 5 7 1080
370 57000 60120 7 4 3120
371 60240 62640 4 6 2400
372 65820 66480 0 5 660
373 66600 67680 5 7 1080
374 67800 70920 7 4 3120
375 71040 73440 4 6 2400
376 76620 77280 0 5 660
377 77400 78480 5 7 1080
378 78600 81720 7 4 3120
382 28200 28860 10 12 660
383 28980 30960 12 3 1980
384 31080 33060 3 8 1980
385 36420 38400 8 3 1980
386 38520 40500 3 12 1980
387 40620 41280 12 10 660
388 41400 43380 10 4 1980
389 43500 45900 4 6 2400
390 47220 49200 8 3 1980
391 49320 51300 3 12 1980
392 51420 52080 12 10 660
393 52200 54180 10 4 1980
394 54300 56700 4 6 2400
395 58020 60000 8 3 1980
396 60120 62100 3 12 1980
397 62220 62880 12 10 660
398 63000 64980 10 4 1980
399 65100 67500 4 6 2400
400 68820 70800 8 3 1980
401 70920 72900 3 12 1980
402 73020 73680 12 10 660
403 73800 75780 10 4 1980
404 75900 78300 4 6 2400
407 28800 29880 2 11 1080
408 30000 30600 11 7 600
409 33600 34200 7 11 600
410 34320 35400 11 2 1080
411 35520 37440 2 1 1920
412 37560 39900 1 8 2340
413 40800 41400 7 11 600
414 41520 42600 11 2 1080
415 42720 44640 2 1 1920
416 44760 47100 1 8 2340
417 48000 48600 7 11 600
418 48720 49800 11 2 1080
419 49920 51840 2 1 1920
420 51960 54300 1 8 2340
421 55200 55800 7 11 600
422 55920 57000 11 2 1080
423 57120 59040 2 1 1920
424 59160 61500 1 8 2340
425 62400 63000 7 11 600
426 63120 64200 11 2 1080
427 64320 66240 2 1 1920
428 66360 68700 1 8 2340
429 69600 70200 7 11 600
430 70320 71400 11 2 1080
431 71520 73440 2 1 1920
432 73560 75900 1 8 2340
433 76800 77400 7 11 600
434 77520 78600 11 2 1080
439 28080 29880 2 12 1800
440 30000 30660 12 10 660
441 31800 32460 10 12 660
442 32580 34380 12 2 1800
443 34500 36420 2 1 1920
444 36540 37920 1 0 1380
445 39000 39660 10 12 660
446 39780 41580 12 2 1800
447 41700 43620 2 1 1920
448 43740 45120 1 0 1380
449 46200 46860 10 12 660
450 46980 48780 12 2 1800
451 48900 50820 2 1 1920
452 50940 52320 1 0 1380
453 53400 54060 10 12 660
454 54180 55980 12 2 1800
455 56100 58020 2 1 1920
456 58140 59520 1 0 1380
457 60600 61260 10 12 660
458 61380 63180 12 2 1800
459 63300 65220 2 1 1920
460 65340 66720 1 0 1380
461 67800 68460 10 12 660
462 68580 70380 12 2 1800
463 70500 72420 2 1 1920
464 72540 73920 1 0 1380
465 75000 75660 10 12 660
466 75780 77580 12 2 1800
467 77700 79620 2 1 1920
471 27060 28140 2 11 1080
472 32280 33360 11 2 1080
473 33480 35220 2 0 1740
474 35340 36000 0 5 660
475 39480 40560 11 2 1080
476 40680 42420 2 0 1740
477 42540 43200 0 5 660
478 46680 47760 11 2 1080
479 47880 49620 2 0 1740
480 49740 50400 0 5 660
481 53880 54960 11 2 1080
482 55080 56820 2 0 1740
483 56940 57600 0 5 660
484 61080 62160 11 2 1080
485 62280 64020 2 0 1740
486 64140 64800 0 5 660
487 68280 69360 11 2 1080
488 69480 71220 2 0 1740
489 71340 72000 0 5 660
490 75480 76560 11 2 1080
491 76680 78420 2 0 1740
495 27300 29220 2 1 1920
496 29340 30720 1 0 1380
497 31620 33000 0 1 1380
498 33240 35160 1 2 1920
499 35280 37080 2 12 1800
500 37200 37860 12 10 660
501 38820 40200 0 1 1380
502 40440 42360 1 2 1920
503 42480 44280 2 12 1800
504 44400 45060 12 10 660
505 46020 47400 0 1 1380
506 47640 49560 1 2 1920
507 49680 51480 2 12 1800
508 51600 52260 12 10 660
509 53220 54600 0 1 1380
510 54840 56760 1 2 1920
511 56880 58680 2 12 1800
512 58800 59460 12 10 660
513 60420 61800 0 1 1380
514 62040 63960 1 2 1920
515 64080 65880 2 12 1800
516 66000 66660 12 10 660
517 67620 69000 0 1 1380
518 69240 71160 1 2 1920
519 71280 73080 2 12 1800
520 73200 73860 12 10 660
521 74820 76200 0 1 1380
522 76440 78360 1 2 1920
523 78480 80280 2 12 1800
527 28800 29460 0 5 660
528 29700 30780 5 7 1080
529 30900 31500 7 11 600
530 33300 33900 11 7 600
531 34020 35100 7 5 1080
532 35220 35880 5 0 660
533 36000 37380 0 1 1380
534 37500 39840 1 8 2340
535 40500 41100 11 7 600
536 41220 42300 7 5 1080
537 42420 43080 5 0 660
538 43200 44580 0 1 1380
539 44700 47040 1 8 2340
540 47700 48300 11 7 600
541 48420 49500 7 5 1080
542 49620 50280 5 0 660
543 50400 51780 0 1 1380
544 51900 54240 1 8 2340
545 54900 55500 11 7 600
546 55620 56700 7 5 1080
547 56820 57480 5 0 660
548 57600 58980 0 1 1380
549 59100 61440 1 8 2340
550 62100 62700 11 7 600
551 62820 63900 7 5 1080
552 64020 64680 5 0 660
553 64800 66180 0 1 1380
554 66300 68640 1 8 2340
555 69300 69900 11 7 600
556 70020 71100 7 5 1080
557 71220 71880 5 0 660
558 72000 73380 0 1 1380
559 73500 75840 1 8 2340
560 76500 77100 11 7 600
567 29220 30600 1 0 1380
568 30720 31380 0 5 660
569 31500 32580 5 7 1080
570 33600 34680 7 5 1080
571 34800 35460 5 0 660
572 35580 36960 0 1 1380
573 37080 39480 1 3 2400
574 39600 41520 3 9 1920
575 44400 45480 7 5 1080
576 45600 46260 5 0 660
577 46380 47760 0 1 1380
578 47880 50280 1 3 2400
579 50400 52320 3 9 1920
580 55200 56280 7 5 1080
581 56400 57060 5 0 660
582 57180 58560 0 1 1380
583 58680 61080 1 3 2400
584 61200 63120 3 9 1920
585 66000 67080 7 5 1080
586 67200 67860 5 0 660
587 67980 69360 0 1 1380
588 69480 71880 1 3 2400
589 72000 73920 3 9 1920
590 76800 77880 7 5 1080
591 78000 78660 5 0 660
592 78780 80160 0 1 1380
596 27240 29760 4 2 2520
597 29880 31620 2 0 1740
598 32400 34140 0 2 1740
599 34260 36780 2 4 2520
600 36900 39300 4 6 2400
601 43200 44940 0 2 1740
602 45060 47580 2 4 2520
603 47700 50100 4 6 2400
604 54000 55740 0 2 1740
605 55860 58380 2 4 2520
606 58500 60900 4 6 2400
607 64800 66540 0 2 1740
608 66660 69180 2 4 2520
609 69300 71700 4 6 2400
610 75600 77340 0 2 1740
611 77460 79980 2 4 2520
614 26280 28020 2 0 1740
615 28140 28800 0 5 660
616 31620 32280 5 0 660
617 32400 34140 0 2 1740
618 34260 35340 2 11 1080
619 38820 39480 5 0 660
620 39600 41340 0 2 1740
621 41460 42540 2 11 1080
622 46020 46680 5 0 660
623 46800 48540 0 2 1740
624 48660 49740 2 11 1080
625 53220 53880 5 0 660
626 54000 55740 0 2 1740
627 55860 56940 2 11 1080
628 60420 61080 5 0 660
629 61200 62940 0 2 1740
630 63060 64140 2 11 1080
631 67620 68280 5 0 660
632 68400 70140 0 2 1740
633 70260 71340 2 11 1080
634 74820 75480 5 0 660
635 75600 77340 0 2 1740
638 27060 29580 2 4 2520
639 29700 32100 4 6 2400
640 35520 37920 6 4 2400
641 38040 40560 4 2 2520
642 40680 42420 2 0 1740
643 46320 48720 6 4 2400
644 48840 51360 4 2 2520
645 51480 53220 2 0 1740
646 57120 59520 6 4 2400
647 59640 62160 4 2 2520
648 62280 64020 2 0 1740
649 67920 70320 6 4 2400
650 70440 72960 4 2 2520
651 73080 74820 2 0 1740
652 78720 81120 6 4 2400
653 81240 83760 4 2 2520
656 27420 28080 10 12 660
657 28200 30000 12 2 1800
658 30120 31200 2 11 1080
659 31320 31920 11 7 600
660 32580 33180 7 11 600
661 33300 34380 11 2 1080
662 34500 36300 2 12 1800
663 36420 37080 12 10 660
664 37200 39180 10 4 1980
665 39780 40380 7 11 600
666 40500 41580 11 2 1080
667 41700 43500 2 12 1800
668 43620 44280 12 10 660
669 44400 46380 10 4 1980
670 46980 47580 7 11 600
671 47700 48780 11 2 1080
672 48900 50700 2 12 1800
673 50820 51480 12 10 660
674 51600 53580 10 4 1980
675 54180 54780 7 11 600
676 54900 55980 11 2 1080
677 56100 57900 2 12 1800
678 58020 58680 12 10 660
679 58800 60780 10 4 1980
680 61380 61980 7 11 600
681 62100 63180 11 2 1080
682 63300 65100 2 12 1800
683 65220 65880 12 10 660
684 66000 67980 10 4 1980
685 68580 69180 7 11 600
686 69300 70380 11 2 1080
687 70500 72300 2 12 1800
688 72420 73080 12 10 660
689 73200 75180 10 4 1980
690 75780 76380 7 11 600
691 76500 77580 11 2 1080
692 77700 79500 2 12 1800
693 79620 80280 12 10 660
694 80400 82380 10 4 1980
697 27300 29100 2 12 1800
698 29220 29880 12 10 660
699 30000 31980 10 4 1980
700 36120 38100 4 10 1980
701 38220 38880 10 12 660
702 39000 40800 12 2 1800
703 40920 42000 2 11 1080
704 42120 42720 11 7 600
705 43320 45300 4 10 1980
706 45420 46080 10 12 660
707 46200 48000 12 2 1800
708 48120 49200 2 11 1080
709 49320 49920 11 7 600
710 50520 52500 4 10 1980
711 52620 53280 10 12 660
712 53400 55200 12 2 1800
713 55320 56400 2 11 1080
714 56520 57120 11 7 600
715 57720 59700 4 10 1980
716 59820 60480 10 12 660
717 60600 62400 12 2 1800
718 62520 63600 2 11 1080
719 63720 64320 11 7 600
720 64920 66900 4 10 1980
721 67020 67680 10 12 660
722 67800 69600 12 2 1800
723 69720 70800 2 11 1080
724 70920 71520 11 7 600
725 72120 74100 4 10 1980
726 74220 74880 10 12 660
727 75000 76800 12 2 1800
728 76920 78000 2 11 1080
732 29820 30480 12 10 660
733 30600 32580 10 4 1980
734 32700 35100 4 6 2400
735 37980 40380 6 4 2400
736 40500 42480 4 10 1980
737 42600 43260 10 12 660
738 43380 45360 12 3 1980
739 45480 47460 3 8 1980
740 48780 51180 6 4 2400
741 51300 53280 4 10 1980
742 53400 54060 10 12 660
743 54180 56160 12 3 1980
744 56280 58260 3 8 1980
745 59580 61980 6 4 2400
746 62100 64080 4 10 1980
747 64200 64860 10 12 660
748 64980 66960 12 3 1980
749 67080 69060 3 8 1980
750 70380 72780 6 4 2400
751 72900 74880 4 10 1980
752 75000 75660 10 12 660
753 75780 77760 12 3 1980
758 28800 30180 0 1 1380
759 30300 32640 1 8 2340
760 35400 37740 8 1 2340
761 37980 39360 1 0 1380
762 39600 40260 0 5 660
763 40500 41580 5 7 1080
764 41700 42300 7 11 600
765 46200 48540 8 1 2340
766 48780 50160 1 0 1380
767 50400 51060 0 5 660
768 51300 52380 5 7 1080
769 52500 53100 7 11 600
770 57000 59340 8 1 2340
771 59580 60960 1 0 1380
772 61200 61860 0 5 660
773 62100 63180 5 7 1080
774 63300 63900 7 11 600
775 67800 70140 8 1 2340
776 70380 71760 1 0 1380
777 72000 72660 0 5 660
778 72900 73980 5 7 1080
779 74100 74700 7 11 600
786 27840 29760 1 2 1920
787 29880 31680 2 12 1800
788 31800 32460 12 10 660
789 33600 34260 10 12 660
790 34380 36180 12 2 1800
791 36300 38220 2 1 1920
792 38340 39720 1 0 1380
793 40800 41460 10 12 660
794 41580 43380 12 2 1800
795 43500 45420 2 1 1920
796 45540 46920 1 0 1380
797 48000 48660 10 12 660
798 48780 50580 12 2 1800
799 50700 52620 2 1 1920
800 52740 54120 1 0 1380
801 55200 55860 10 12 660
802 55980 57780 12 2 1800
803 57900 59820 2 1 1920
804 59940 61320 1 0 1380
805 62400 63060 10 12 660
806 63180 64980 12 2 1800
807 65100 67020 2 1 1920
808 67140 68520 1 0 1380
809 69600 70260 10 12 660
810 70380 72180 12 2 1800
811 72300 74220 2 1 1920
812 74340 75720 1 0 1380
813 76800 77460 10 12 660
814 77580 79380 12 2 1800
820 31440 33840 4 6 2400
821 37860 40260 6 4 2400
822 40380 43500 4 7 3120
823 43620 44700 7 5 1080
824 44820 45480 5 0 660
825 48660 51060 6 4 2400
826 51180 54300 4 7 3120
827 54420 55500 7 5 1080
828 55620 56280 5 0 660
829 59460 61860 6 4 2400
830 61980 65100 4 7 3120
831 65220 66300 7 5 1080
832 66420 67080 5 0 660
833 70260 72660 6 4 2400
834 72780 75900 4 7 3120
835 76020 77100 7 5 1080
836 77220 77880 5 0 660
838 28080 29880 2 12 1800
839 30000 31980 12 3 1980
840 32100 34020 3 9 1920
841 37680 39600 9 3 1920
842 39720 41700 3 12 1980
843 41820 43620 12 2 1800
844 43740 45480 2 0 1740
845 48480 50400 9 3 1920
846 50520 52500 3 12 1980
847 52620 54420 12 2 1800
848 54540 56280 2 0 1740
849 59280 61200 9 3 1920
850 61320 63300 3 12 1980
851 63420 65220 12 2 1800
852 65340 67080 2 0 1740
853 70080 72000 9 3 1920
854 72120 74100 3 12 1980
855 74220 76020 12 2 1800
856 76140 77880 2 0 1740
858 27180 28980 12 2 1800
859 29100 31020 2 1 1920
860 31140 32520 1 0 1380
861 33420 34800 0 1 1380
862 35040 36960 1 2 1920
863 37080 38880 2 12 1800
864 39000 39660 12 10 660
865 40620 42000 0 1 1380
866 42240 44160 1 2 1920
867 44280 46080 2 12 1800
868 46200 46860 12 10 660
869 47820 49200 0 1 1380
870 49440 51360 1 2 1920
871 51480 53280 2 12 1800
872 53400 54060 12 10 660
873 55020 56400 0 1 1380
874 56640 58560 1 2 1920
875 58680 60480 2 12 1800
876 60600 61260 12 10 660
877 62220 63600 0 1 1380
878 63840 65760 1 2 1920
879 65880 67680 2 12 1800
880 67800 68460 12 10 660
881 69420 70800 0 1 1380
882 71040 72960 1 2 1920
883 73080 74880 2 12 1800
884 75000 75660 12 10 660
885 76620 78000 0 1 1380
886 78240 80160 1 2 1920
892 29880 32280 1 3 2400
893 32400 34320 3 9 1920
894 35460 37380 9 3 1920
895 37500 39900 3 1 2400
896 40020 41400 1 0 1380
897 41520 42180 0 5 660
898 42300 43380 5 7 1080
899 46260 48180 9 3 1920
900 48300 50700 3 1 2400
901 50820 52200 1 0 1380
902 52320 52980 0 5 660
903 53100 54180 5 7 1080
904 57060 58980 9 3 1920
905 59100 61500 3 1 2400
906 61620 63000 1 0 1380
907 63120 63780 0 5 660
908 63900 64980 5 7 1080
909 67860 69780 9 3 1920
910 69900 72300 3 1 2400
911 72420 73800 1 0 1380
912 73920 74580 0 5 660
913 74700 75780 5 7 1080
921 28320 30240 2 1 1920
922 30360 32700 1 8 2340
923 35100 37440 8 1 2340
924 37560 39480 1 2 1920
925 39600 40680 2 11 1080
926 40800 41400 11 7 600
927 42300 44640 8 1 2340
928 44760 46680 1 2 1920
929 46800 47880 2 11 1080
930 48000 48600 11 7 600
931 49500 51840 8 1 2340
932 51960 53880 1 2 1920
933 54000 55080 2 11 1080
934 55200 55800 11 7 600
935 56700 59040 8 1 2340
936 59160 61080 1 2 1920
937 61200 62280 2 11 1080
938 62400 63000 11 7 600
939 63900 66240 8 1 2340
940 66360 68280 1 2 1920
941 68400 69480 2 11 1080
942 69600 70200 11 7 600
943 71100 73440 8 1 2340
944 73560 75480 1 2 1920
945 75600 76680 2 11 1080
946 76800 77400 11 7 600
947 78300 80640 8 1 2340
948 80760 82680 1 2 1920
953 31020 32820 12 2 1800
954 32940 34680 2 0 1740
955 37020 38760 0 2 1740
956 38880 40680 2 12 1800
957 40800 42780 12 3 1980
958 42900 44820 3 9 1920
959 47820 49560 0 2 1740
960 49680 51480 2 12 1800
961 51600 53580 12 3 1980
962 53700 55620 3 9 1920
963 58620 60360 0 2 1740
964 60480 62280 2 12 1800
965 62400 64380 12 3 1980
966 64500 66420 3 9 1920
967 69420 71160 0 2 1740
968 71280 73080 2 12 1800
969 73200 75180 12 3 1980
972 29580 32700 4 7 3120
973 32820 33900 7 5 1080
974 34020 34680 5 0 660
975 37020 37680 0 5 660
976 37800 38880 5 7 1080
977 39000 42120 7 4 3120
978 42240 44640 4 6 2400
979 47820 48480 0 5 660
980 48600 49680 5 7 1080
981 49800 52920 7 4 3120
982 53040 55440 4 6 2400
983 58620 59280 0 5 660
984 59400 60480 5 7 1080
985 60600 63720 7 4 3120
986 63840 66240 4 6 2400
987 69420 70080 0 5 660
988 70200 71280 5 7 1080
989 71400 74520 7 4 3120
990 74640 77040 4 6 2400
992 29700 31680 4 10 1980
993 31800 32460 10 12 660
994 32580 34560 12 3 1980
995 34680 36660 3 8 1980
996 40020 42000 8 3 1980
997 42120 44100 3 12 1980
998 44220 44880 12 10 660
999 45000 46980 10 4 1980
1000 47100 49500 4 6 2400
1001 50820 52800 8 3 1980
1002 52920 54900 3 12 1980
1003 55020 55680 12 10 660
1004 55800 57780 10 4 1980
1005 57900 60300 4 6 2400
1006 61620 63600 8 3 1980
1007 63720 65700 3 12 1980
1008 65820 66480 12 10 660
1009 66600 68580 10 4 1980
1010 68700 71100 4 6 2400
1011 72420 74400 8 3 1980
1012 74520 76500 3 12 1980
1013 76620 77280 12 10 660
1014 77400 79380 10 4 1980
1017 30360 32280 1 2 1920
1018 32400 33480 2 11 1080
1019 33600 34200 11 7 600
1020 37200 37800 7 11 600
1021 37920 39000 11 2 1080
1022 39120 41040 2 1 1920
1023 41160 43500 1 8 2340
1024 44400 45000 7 11 600
1025 45120 46200 11 2 1080
1026 46320 48240 2 1 1920
1027 48360 50700 1 8 2340
1028 51600 52200 7 11 600
1029 52320 53400 11 2 1080
1030 53520 55440 2 1 1920
1031 55560 57900 1 8 2340
1032 58800 59400 7 11 600
1033 59520 60600 11 2 1080
1034 60720 62640 2 1 1920
1035 62760 65100 1 8 2340
1036 66000 66600 7 11 600
1037 66720 67800 11 2 1080
1038 67920 69840 2 1 1920
1039 69960 72300 1 8 2340
1040 73200 73800 7 11 600
1041 73920 75000 11 2 1080
1042 75120 77040 2 1 1920
1045 29640 31560 1 2 1920
1046 31680 33480 2 12 1800
1047 33600 34260 12 10 660
1048 35400 36060 10 12 660
1049 36180 37980 12 2 1800
1050 38100 40020 2 1 1920
1051 40140 41520 1 0 1380
1052 42600 43260 10 12 660
1053 43380 45180 12 2 1800
1054 45300 47220 2 1 1920
1055 47340 48720 1 0 1380
1056 49800 50460 10 12 660
1057 50580 52380 12 2 1800
1058 52500 54420 2 1 1920
1059 54540 55920 1 0 1380
1060 57000 57660 10 12 660
1061 57780 59580 12 2 1800
1062 59700 61620 2 1 1920
1063 61740 63120 1 0 1380
1064 64200 64860 10 12 660
1065 64980 66780 12 2 1800
1066 66900 68820 2 1 1920
1067 68940 70320 1 0 1380
1068 71400 72060 10 12 660
1069 72180 73980 12 2 1800
1070 74100 76020 2 1 1920
1071 76140 77520 1 0 1380
1072 78600 79260 10 12 660
1073 79380 81180 12 2 1800
1077 28800 30540 0 2 1740
1078 30660 31740 2 11 1080
1079 35880 36960 11 2 1080
1080 37080 38820 2 0 1740
1081 38940 39600 0 5 660
1082 43080 44160 11 2 1080
1083 44280 46020 2 0 1740
1084 46140 46800 0 5 660
1085 50280 51360 11 2 1080
1086 51480 53220 2 0 1740
1087 53340 54000 0 5 660
1088 57480 58560 11 2 1080
1089 58680 60420 2 0 1740
1090 60540 61200 0 5 660
1091 64680 65760 11 2 1080
1092 65880 67620 2 0 1740
1093 67740 68400 0 5 660
1094 71880 72960 11 2 1080
1095 73080 74820 2 0 1740
1096 74940 75600 0 5 660
1097 79080 80160 11 2 1080
1100 28200 28860 10 12 660
1101 28980 30780 12 2 1800
1102 30900 32820 2 1 1920
1103 32940 34320 1 0 1380
1104 35220 36600 0 1 1380
1105 36840 38760 1 2 1920
1106 38880 40680 2 12 1800
1107 40800 41460 12 10 660
1108 42420 43800 0 1 1380
1109 44040 45960 1 2 1920
1110 46080 47880 2 12 1800
1111 48000 48660 12 10 660
1112 49620 51000 0 1 1380
1113 51240 53160 1 2 1920
1114 53280 55080 2 12 1800
1115 55200 55860 12 10 660
1116 56820 58200 0 1 1380
1117 58440 60360 1 2 1920
1118 60480 62280 2 12 1800
1119 62400 63060 12 10 660
1120 64020 65400 0 1 1380
1121 65640 67560 1 2 1920
1122 67680 69480 2 12 1800
1123 69600 70260 12 10 660
1124 71220 72600 0 1 1380
1125 72840 74760 1 2 1920
1126 74880 76680 2 12 1800
1127 76800 77460 12 10 660
1128 78420 79800 0 1 1380
1129 80040 81960 1 2 1920
1133 30780 32160 1 0 1380
1134 32400 33060 0 5 660
1135 33300 34380 5 7 1080
1136 34500 35100 7 11 600
1137 36900 37500 11 7 600
1138 37620 38700 7 5 1080
1139 38820 39480 5 0 660
1140 39600 40980 0 1 1380
1141 41100 43440 1 8 2340
1142 44100 44700 11 7 600
1143 44820 45900 7 5 1080
1144 46020 46680 5 0 660
1145 46800 48180 0 1 1380
1146 48300 50640 1 8 2340
1147 51300 51900 11 7 600
1148 52020 53100 7 5 1080
1149 53220 53880 5 0 660
1150 54000 55380 0 1 1380
1151 55500 57840 1 8 2340
1152 58500 59100 11 7 600
1153 59220 60300 7 5 1080
1154 60420 61080 5 0 660
1155 61200 62580 0 1 1380
1156 62700 65040 1 8 2340
1157 65700 66300 11 7 600
1158 66420 67500 7 5 1080
1159 67620 68280 5 0 660
1160 68400 69780 0 1 1380
1161 69900 72240 1 8 2340
1162 72900 73500 11 7 600
1163 73620 74700 7 5 1080
1164 74820 75480 5 0 660
1165 75600 76980 0 1 1380
1168 30300 32700 3 1 2400
1169 32820 34200 1 0 1380
1170 34320 34980 0 5 660
1171 35100 36180 5 7 1080
1172 37200 38280 7 5 1080
1173 38400 39060 5 0 660
1174 39180 40560 0 1 1380
1175 40680 43080 1 3 2400
1176 43200 45120 3 9 1920
1177 48000 49080 7 5 1080
1178 49200 49860 5 0 660
1179 49980 51360 0 1 1380
1180 51480 53880 1 3 2400
1181 54000 55920 3 9 1920
1182 58800 59880 7 5 1080
1183 60000 60660 5 0 660
1184 60780 62160 0 1 1380
1185 62280 64680 1 3 2400
1186 64800 66720 3 9 1920
1187 69600 70680 7 5 1080
1188 70800 71460 5 0 660
1189 71580 72960 0 1 1380
1190 73080 75480 1 3 2400
1193 30840 33360 4 2 2520
1194 33480 35220 2 0 1740
1195 36000 37740 0 2 1740
1196 37860 40380 2 4 2520
1197 40500 42900 4 6 2400
1198 46800 48540 0 2 1740
1199 48660 51180 2 4 2520
1200 51300 53700 4 6 2400
1201 57600 59340 0 2 1740
1202 59460 61980 2 4 2520
1203 62100 64500 4 6 2400
1204 68400 70140 0 2 1740
1205 70260 72780 2 4 2520
1206 72900 75300 4 6 2400
1207 79200 80940 0 2 1740
1208 81060 83580 2 4 2520
1210 28680 29760 11 2 1080
1211 29880 31620 2 0 1740
1212 31740 32400 0 5 660
1213 35220 35880 5 0 660
1214 36000 37740 0 2 1740
1215 37860 38940 2 11 1080
1216 42420 43080 5 0 660
1217 43200 44940 0 2 1740
1218 45060 46140 2 11 1080
1219 49620 50280 5 0 660
1220 50400 52140 0 2 1740
1221 52260 53340 2 11 1080
1222 56820 57480 5 0 660
1223 57600 59340 0 2 1740
1224 59460 60540 2 11 1080
1225 64020 64680 5 0 660
1226 64800 66540 0 2 1740
1227 66660 67740 2 11 1080
1228 71220 71880 5 0 660
1229 72000 73740 0 2 1740
1230 73860 74940 2 11 1080
1231 78420 79080 5 0 660
1232 79200 80940 0 2 1740
1234 28800 30540 0 2 1740
1235 30660 33180 2 4 2520
1236 33300 35700 4 6 2400
1237 39120 41520 6 4 2400
1238 41640 44160 4 2 2520
1239 44280 46020 2 0 1740
1240 49920 52320 6 4 2400
1241 52440 54960 4 2 2520
1242 55080 56820 2 0 1740
1243 60720 63120 6 4 2400
1244 63240 65760 4 2 2520
1245 65880 67620 2 0 1740
1246 71520 73920 6 4 2400
1247 74040 76560 4 2 2520
1248 76680 78420 2 0 1740
1249 28920 30900 4 10 1980
1250 31020 31680 10 12 660
1251 31800 33600 12 2 1800
1252 33720 34800 2 11 1080
1253 34920 35520 11 7 600
1254 36180 36780 7 11 600
1255 36900 37980 11 2 1080
1256 38100 39900 2 12 1800
1257 40020 40680 12 10 660
1258 40800 42780 10 4 1980
1260 31320 33300 3 12 1980
1261 33420 34080 12 10 660
1262 34200 36180 10 4 1980
1263 36300 38700 4 6 2400
1264 41580 43980 6 4 2400
1265 44100 46080 4 10 1980
1266 46200 46860 10 12 660
1267 46980 48960 12 3 1980
1268 49080 51060 3 8 1980
1269 52380 54780 6 4 2400
1270 54900 56880 4 10 1980
1271 57000 57660 10 12 660
1272 57780 59760 12 3 1980
1273 59880 61860 3 8 1980
1274 63180 65580 6 4 2400
1275 65700 67680 4 10 1980
1276 67800 68460 10 12 660
1277 68580 70560 12 3 1980
1278 70680 72660 3 8 1980
1279 73980 76380 6 4 2400
1280 76500 78480 4 10 1980
1281 78600 79260 10 12 660
1284 29700 30300 11 7 600
1285 30420 31500 7 5 1080
1286 31620 32280 5 0 660
1287 32400 33780 0 1 1380
1288 33900 36240 1 8 2340
1289 39000 41340 8 1 2340
1290 41580 42960 1 0 1380
1291 43200 43860 0 5 660
1292 44100 45180 5 7 1080
1293 45300 45900 7 11 600
1294 49800 52140 8 1 2340
1295 52380 53760 1 0 1380
1296 54000 54660 0 5 660
1297 54900 55980 5 7 1080
1298 56100 56700 7 11 600
1299 60600 62940 8 1 2340
1300 63180 64560 1 0 1380
1301 64800 65460 0 5 660
1302 65700 66780 5 7 1080
1303 66900 67500 7 11 600
1304 71400 73740 8 1 2340
1305 73980 75360 1 0 1380
1306 75600 76260 0 5 660
1307 76500 77580 5 7 1080
1308 77700 78300 7 11 600
1309 29820 30480 0 5 660
1310 30600 31680 5 7 1080
1311 31800 34920 7 4 3120
1312 35040 37440 4 6 2400
1313 41460 43860 6 4 2400
1314 43980 47100 4 7 3120
1315 47220 48300 7 5 1080
1316 48420 49080 5 0 660
1317 52260 54660 6 4 2400
1318 54780 57900 4 7 3120
1319 58020 59100 7 5 1080
1320 59220 59880 5 0 660
1321 63060 65460 6 4 2400
1322 65580 68700 4 7 3120
1323 68820 69900 7 5 1080
1324 70020 70680 5 0 660
1325 73860 76260 6 4 2400
1329 29820 31560 0 2 1740
1330 31680 33480 2 12 1800
1331 33600 35580 12 3 1980
1332 35700 37620 3 9 1920
1333 41280 43200 9 3 1920
1334 43320 45300 3 12 1980
1335 45420 47220 12 2 1800
1336 47340 49080 2 0 1740
1337 52080 54000 9 3 1920
1338 54120 56100 3 12 1980
1339 56220 58020 12 2 1800
1340 58140 59880 2 0 1740
1341 62880 64800 9 3 1920
1342 64920 66900 3 12 1980
1343 67020 68820 12 2 1800
1344 68940 70680 2 0 1740
1345 73680 75600 9 3 1920
1346 75720 77700 3 12 1980
1347 77820 79620 12 2 1800
1349 30000 31080 7 5 1080
1350 31200 31860 5 0 660
1351 31980 33360 0 1 1380
1352 33480 35880 1 3 2400
1353 36000 37920 3 9 1920
1354 39060 40980 9 3 1920
1355 41100 43500 3 1 2400
1356 43620 45000 1 0 1380
1357 45120 45780 0 5 660
1358 45900 46980 5 7 1080
1359 49860 51780 9 3 1920
1360 51900 54300 3 1 2400
1361 54420 55800 1 0 1380
1362 55920 56580 0 5 660
1363 56700 57780 5 7 1080
1364 60660 62580 9 3 1920
1365 62700 65100 3 1 2400
1366 65220 66600 1 0 1380
1367 66720 67380 0 5 660
1368 67500 68580 5 7 1080
1369 71460 73380 9 3 1920
1370 73500 75900 3 1 2400
1371 76020 77400 1 0 1380
1374 30000 30600 7 11 600
1375 30720 31800 11 2 1080
1376 31920 33840 2 1 1920
1377 33960 36300 1 8 2340
1378 38700 41040 8 1 2340
1379 41160 43080 1 2 1920
1380 43200 44280 2 11 1080
1381 44400 45000 11 7 600
1383 32520 34500 3 12 1980
1384 34620 36420 12 2 1800
1385 36540 38280 2 0 1740
1386 40620 42360 0 2 1740
1387 42480 44280 2 12 1800
1388 44400 46380 12 3 1980
1389 46500 48420 3 9 1920
1390 51420 53160 0 2 1740
1391 53280 55080 2 12 1800
1392 55200 57180 12 3 1980
1393 57300 59220 3 9 1920
1394 62220 63960 0 2 1740
1395 64080 65880 2 12 1800
1396 66000 67980 12 3 1980
1397 68100 70020 3 9 1920
1398 73020 74760 0 2 1740
1399 74880 76680 2 12 1800
1402 30660 33060 6 4 2400
1403 33180 36300 4 7 3120
1404 36420 37500 7 5 1080
1405 37620 38280 5 0 660
1406 40620 41280 0 5 660
1407 41400 42480 5 7 1080
1408 42600 45720 7 4 3120
1409 45840 48240 4 6 2400
1410 51420 52080 0 5 660
1411 52200 53280 5 7 1080
1412 53400 56520 7 4 3120
1413 56640 59040 4 6 2400
1414 62220 62880 0 5 660
1415 63000 64080 5 7 1080
1416 64200 67320 7 4 3120
1417 67440 69840 4 6 2400
1418 73020 73680 0 5 660
1419 73800 74880 5 7 1080
1420 75000 78120 7 4 3120
1421 78240 80640 4 6 2400
1422 30780 33180 6 4 2400
1423 33300 35280 4 10 1980
1424 35400 36060 10 12 660
1425 36180 38160 12 3 1980
1426 38280 40260 3 8 1980
1427 43620 45600 8 3 1980
1428 45720 47700 3 12 1980
1429 47820 48480 12 10 660
1430 48600 50580 10 4 1980
1431 50700 53100 4 6 2400
1432 54420 56400 8 3 1980
1433 56520 58500 3 12 1980
1434 58620 59280 12 10 660
1435 59400 61380 10 4 1980
1436 61500 63900 4 6 2400
1437 65220 67200 8 3 1980
1438 67320 69300 3 12 1980
1439 69420 70080 12 10 660
1440 70200 72180 10 4 1980
1441 72300 74700 4 6 2400
1442 76020 78000 8 3 1980
1443 78120 80100 3 12 1980
1444 80220 80880 12 10 660
1445 81000 82980 10 4 1980
1447 32820 34800 8 3 1980
1448 34920 36900 3 12 1980
1449 37020 37680 12 10 660
1450 37800 39780 10 4 1980
1451 39900 42300 4 6 2400
1452 45180 47580 6 4 2400
1453 47700 49680 4 10 1980
1454 49800 50460 10 12 660
1455 50580 52560 12 3 1980
1456 52680 54660 3 8 1980
1457 39600 41340 0 2 1740
1458 41460 43980 2 4 2520
1459 44100 46500 4 6 2400
1460 49920 52320 6 4 2400
1461 52440 54960 4 2 2520
1462 55080 56820 2 0 1740
1463 40800 41880 7 5 1080
1464 42000 42660 5 0 660
1465 42780 44160 0 1 1380
1466 44280 46680 1 3 2400
1467 46800 48720 3 9 1920
1468 49860 51780 9 3 1920
1469 51900 54300 3 1 2400
1470 54420 55800 1 0 1380
1471 55920 56580 0 5 660
1472 56700 57780 5 7 1080
1473 50400 52140 0 2 1740
1474 52260 54780 2 4 2520
1475 54900 57300 4 6 2400
1476 60720 63120 6 4 2400
1477 63240 65760 4 2 2520
1478 65880 67620 2 0 1740
1479 51600 52680 7 5 1080
1480 52800 53460 5 0 660
1481 53580 54960 0 1 1380
1482 55080 57480 1 3 2400
1483 57600 59520 3 9 1920
1484 60660 62580 9 3 1920
1485 62700 65100 3 1 2400
1486 65220 66600 1 0 1380
1487 66720 67380 0 5 660
1488 67500 68580 5 7 1080
1489 61200 62940 0 2 1740
1490 63060 65580 2 4 2520
1491 65700 68100 4 6 2400
1492 71520 73920 6 4 2400
1493 74040 76560 4 2 2520
1494 76680 78420 2 0 1740
1495 62400 63480 7 5 1080
1496 63600 64260 5 0 660
1497 64380 65760 0 1 1380
1498 65880 68280 1 3 2400
1499 68400 70320 3 9 1920
1500 71460 73380 9 3 1920
1501 73500 75900 3 1 2400
1502 76020 77400 1 0 1380
1505 72000 73740 0 2 1740
1506 73860 76380 2 4 2520
1507 76500 78900 4 6 2400
1508 82320 84720 6 4 2400
1509 84840 87360 4 2 2520
1511 73200 74280 7 5 1080
1512 74400 75060 5 0 660
1513 75180 76560 0 1 1380
