0 21660 23880 0 1 2220
1 24120 26160 1 2 2040
2 26400 27960 2 4 1560
3 28200 29220 4 8 1020
4 29340 30120 8 7 780
5 33840 34620 7 8 780
6 34740 35760 8 4 1020
7 35880 37440 4 2 1560
8 37560 39600 2 1 2040
9 39720 41940 1 0 2220
10 44640 45420 7 8 780
11 45540 46560 8 4 1020
12 46680 48240 4 2 1560
13 48360 50400 2 1 2040
14 50520 52740 1 0 2220
15 55440 56220 7 8 780
16 56340 57360 8 4 1020
17 57480 59040 4 2 1560
18 59160 61200 2 1 2040
19 61320 63540 1 0 2220
20 66240 67020 7 8 780
21 67140 68160 8 4 1020
22 68280 69840 4 2 1560
23 69960 72000 2 1 2040
24 72120 74340 1 0 2220
25 77040 77820 7 8 780
26 77940 78960 8 4 1020
27 79080 80640 4 2 1560
28 80760 82800 2 1 2040
29 82920 85140 1 0 2220
31 25620 27480 0 3 1860
32 28260 30120 3 0 1860
33 30240 34080 0 12 3840
34 35460 37320 3 0 1860
35 37440 41280 0 12 3840
36 42660 44520 3 0 1860
37 44640 48480 0 12 3840
38 49860 51720 3 0 1860
39 51840 55680 0 12 3840
40 57060 58920 3 0 1860
41 59040 62880 0 12 3840
42 64260 66120 3 0 1860
43 66240 70080 0 12 3840
44 71460 73320 3 0 1860
46 78660 80520 3 0 1860
50 26640 28560 0 5 1920
51 28800 30300 5 3 1500
52 32040 33960 0 5 1920
53 34200 35700 5 3 1500
54 37440 39360 0 5 1920
55 39600 41100 5 3 1500
56 42840 44760 0 5 1920
57 45000 46500 5 3 1500
58 48240 50160 0 5 1920
59 50400 51900 5 3 1500
60 53640 55560 0 5 1920
61 55800 57300 5 3 1500
62 59040 60960 0 5 1920
63 61200 62700 5 3 1500
64 64440 66360 0 5 1920
65 66600 68100 5 3 1500
66 69840 71760 0 5 1920
67 72000 73500 5 3 1500
68 75240 77160 0 5 1920
69 77400 78900 5 3 1500
70 22020 24240 0 1 2220
71 24360 27060 1 10 2700
72 29700 32400 10 1 2700
73 32520 34740 1 0 2220
74 36900 39600 10 1 2700
75 39720 41940 1 0 2220
76 44100 46800 10 1 2700
77 46920 49140 1 0 2220
78 51300 54000 10 1 2700
79 54120 56340 1 0 2220
80 58500 61200 10 1 2700
81 61320 63540 1 0 2220
82 65700 68400 10 1 2700
83 68520 70740 1 0 2220
84 72900 75600 10 1 2700
85 75720 77940 1 0 2220
92 33120 35160 2 1 2040
93 35280 36120 1 9 840
94 36900 38040 8 11 1140
95 38160 40200 11 2 2040
96 40320 42360 2 1 2040
97 42480 43320 1 9 840
98 44100 45240 8 11 1140
99 45360 47400 11 2 2040
100 47520 49560 2 1 2040
101 49680 50520 1 9 840
102 51300 52440 8 11 1140
103 52560 54600 11 2 2040
104 54720 56760 2 1 2040
105 56880 57720 1 9 840
106 58500 59640 8 11 1140
107 59760 61800 11 2 2040
108 61920 63960 2 1 2040
109 64080 64920 1 9 840
110 65700 66840 8 11 1140
111 66960 69000 11 2 2040
112 69120 71160 2 1 2040
113 71280 72120 1 9 840
114 72900 74040 8 11 1140
115 74160 76200 11 2 2040
116 76320 78360 2 1 2040
117 78480 79320 1 9 840
122 31620 32400 7 8 780
123 34740 35520 8 7 780
124 35640 36480 7 6 840
125 36600 40320 6 3 3720
126 40440 41940 3 5 1500
127 42060 45120 5 12 3060
128 47340 48120 8 7 780
129 48240 49080 7 6 840
130 49200 52920 6 3 3720
131 53040 54540 3 5 1500
132 54660 57720 5 12 3060
133 59940 60720 8 7 780
134 60840 61680 7 6 840
135 61800 65520 6 3 3720
136 65640 67140 3 5 1500
137 67260 70320 5 12 3060
138 72540 73320 8 7 780
139 73440 74280 7 6 840
140 74400 78120 6 3 3720
141 78240 79740 3 5 1500
146 27840 29340 3 5 1500
147 29460 32520 5 12 3060
148 34620 37680 12 5 3060
149 37800 39300 5 3 1500
150 39420 43140 3 6 3720
151 43260 44100 6 7 840
152 44220 45000 7 8 780
153 47220 50280 12 5 3060
154 50400 51900 5 3 1500
155 52020 55740 3 6 3720
156 55860 56700 6 7 840
157 56820 57600 7 8 780
158 59820 62880 12 5 3060
159 63000 64500 5 3 1500
160 64620 68340 3 6 3720
161 68460 69300 6 7 840
162 69420 70200 7 8 780
163 72420 75480 12 5 3060
164 75600 77100 5 3 1500
169 25020 27060 1 2 2040
170 27180 28740 2 4 1560
171 28860 30120 4 6 1260
172 30240 31080 6 7 840
173 34080 34920 7 6 840
174 35040 36300 6 4 1260
175 36420 37980 4 2 1560
176 38100 40140 2 1 2040
177 40260 42960 1 10 2700
178 44880 45720 7 6 840
179 45840 47100 6 4 1260
180 47220 48780 4 2 1560
181 48900 50940 2 1 2040
182 51060 53760 1 10 2700
183 55680 56520 7 6 840
184 56640 57900 6 4 1260
185 58020 59580 4 2 1560
186 59700 61740 2 1 2040
187 61860 64560 1 10 2700
188 66480 67320 7 6 840
189 67440 68700 6 4 1260
190 68820 70380 4 2 1560
191 70500 72540 2 1 2040
192 72660 75360 1 10 2700
193 77280 78120 7 6 840
202 30540 34260 3 6 3720
203 34380 35640 6 4 1260
204 35760 36780 4 8 1020
205 36900 38040 8 11 1140
206 41340 45060 3 6 3720
207 45180 46440 6 4 1260
208 46560 47580 4 8 1020
209 47700 48840 8 11 1140
210 52140 55860 3 6 3720
211 55980 57240 6 4 1260
212 57360 58380 4 8 1020
213 58500 59640 8 11 1140
214 62940 66660 3 6 3720
215 66780 68040 6 4 1260
216 68160 69180 4 8 1020
217 69300 70440 8 11 1140
218 73740 77460 3 6 3720
223 25320 27540 1 0 2220
224 29220 31440 0 1 2220
225 31560 34260 1 10 2700
226 36420 38640 0 1 2220
227 38760 41460 1 10 2700
228 43620 45840 0 1 2220
229 45960 48660 1 10 2700
230 50820 53040 0 1 2220
231 53160 55860 1 10 2700
232 58020 60240 0 1 2220
233 60360 63060 1 10 2700
234 65220 67440 0 1 2220
235 67560 70260 1 10 2700
236 72420 74640 0 1 2220
241 28080 28920 1 9 840
242 32820 33660 9 1 840
243 33780 35820 1 2 2040
244 35940 37980 2 11 2040
245 38100 39240 11 8 1140
246 40020 40860 9 1 840
247 40980 43020 1 2 2040
248 43140 45180 2 11 2040
249 45300 46440 11 8 1140
250 47220 48060 9 1 840
251 48180 50220 1 2 2040
252 50340 52380 2 11 2040
253 52500 53640 11 8 1140
254 54420 55260 9 1 840
255 55380 57420 1 2 2040
256 57540 59580 2 11 2040
257 59700 60840 11 8 1140
258 61620 62460 9 1 840
259 62580 64620 1 2 2040
260 64740 66780 2 11 2040
261 66900 68040 11 8 1140
262 68820 69660 9 1 840
263 69780 71820 1 2 2040
264 71940 73980 2 11 2040
265 74100 75240 11 8 1140
266 76020 76860 9 1 840
267 76980 79020 1 2 2040
271 24840 28680 0 12 3840
272 30660 34500 12 0 3840
273 34620 36480 0 3 1860
274 37860 41700 12 0 3840
275 41820 43680 0 3 1860
276 45060 48900 12 0 3840
277 49020 50880 0 3 1860
278 52260 56100 12 0 3840
279 56220 58080 0 3 1860
280 59460 63300 12 0 3840
281 63420 65280 0 3 1860
282 66660 70500 12 0 3840
283 70620 72480 0 3 1860
284 73860 77700 12 0 3840
285 77820 79680 0 3 1860
286 23040 24960 0 5 1920
287 25200 26700 5 3 1500
288 29040 30540 3 5 1500
289 30780 32700 5 0 1920
290 34440 35940 3 5 1500
291 36180 38100 5 0 1920
292 39840 41340 3 5 1500
293 41580 43500 5 0 1920
294 45240 46740 3 5 1500
295 46980 48900 5 0 1920
296 50640 52140 3 5 1500
297 52380 54300 5 0 1920
298 56040 57540 3 5 1500
299 57780 59700 5 0 1920
300 61440 62940 3 5 1500
301 63180 65100 5 0 1920
302 66840 68340 3 5 1500
303 68580 70500 5 0 1920
304 72240 73740 3 5 1500
305 73980 75900 5 0 1920
306 77640 79140 3 5 1500
307 79380 81300 5 0 1920
311 26760 28800 2 1 2040
312 28920 31140 1 0 2220
313 32460 34680 0 1 2220
314 34920 36960 1 2 2040
315 37200 38760 2 4 1560
316 39000 40020 4 8 1020
317 40140 40920 8 7 780
318 43260 45480 0 1 2220
319 45720 47760 1 2 2040
320 48000 49560 2 4 1560
321 49800 50820 4 8 1020
322 50940 51720 8 7 780
323 54060 56280 0 1 2220
324 56520 58560 1 2 2040
325 58800 60360 2 4 1560
326 60600 61620 4 8 1020
327 61740 62520 8 7 780
328 64860 67080 0 1 2220
329 67320 69360 1 2 2040
330 69600 71160 2 4 1560
331 71400 72420 4 8 1020
332 72540 73320 8 7 780
333 75660 77880 0 1 2220
334 78120 80160 1 2 2040
341 29040 30900 3 0 1860
342 32040 33900 0 3 1860
343 34020 37740 3 6 3720
344 37860 38700 6 7 840
345 38820 39600 7 8 780
346 42840 44700 0 3 1860
347 44820 48540 3 6 3720
348 48660 49500 6 7 840
349 49620 50400 7 8 780
350 53640 55500 0 3 1860
351 55620 59340 3 6 3720
352 59460 60300 6 7 840
353 60420 61200 7 8 780
354 64440 66300 0 3 1860
355 66420 70140 3 6 3720
356 70260 71100 6 7 840
357 71220 72000 7 8 780
358 75240 77100 0 3 1860
365 27300 29340 2 1 2040
366 29460 32160 1 10 2700
367 33000 35700 10 1 2700
368 35820 37860 1 2 2040
369 37980 39540 2 4 1560
370 39660 40920 4 6 1260
371 41040 41880 6 7 840
372 43800 46500 10 1 2700
373 46620 48660 1 2 2040
374 48780 50340 2 4 1560
375 50460 51720 4 6 1260
376 51840 52680 6 7 840
377 54600 57300 10 1 2700
378 57420 59460 1 2 2040
379 59580 61140 2 4 1560
380 61260 62520 4 6 1260
381 62640 63480 6 7 840
382 65400 68100 10 1 2700
383 68220 70260 1 2 2040
384 70380 71940 2 4 1560
385 72060 73320 4 6 1260
386 73440 74280 6 7 840
387 76200 78900 10 1 2700
394 28560 29580 4 8 1020
395 29700 30840 8 11 1140
396 33240 34380 11 8 1140
397 34500 35520 8 4 1020
398 35640 36900 4 6 1260
399 37020 40740 6 3 3720
400 44040 45180 11 8 1140
401 45300 46320 8 4 1020
402 46440 47700 4 6 1260
403 47820 51540 6 3 3720
404 54840 55980 11 8 1140
405 56100 57120 8 4 1020
406 57240 58500 4 6 1260
407 58620 62340 6 3 3720
408 65640 66780 11 8 1140
409 66900 67920 8 4 1020
410 68040 69300 4 6 1260
411 69420 73140 6 3 3720
412 76440 77580 11 8 1140
413 77700 78720 8 4 1020
414 78840 80100 4 6 1260
415 80220 83940 6 3 3720
417 27420 29280 0 3 1860
418 30060 31920 3 0 1860
419 32040 35880 0 12 3840
420 37260 39120 3 0 1860
421 39240 43080 0 12 3840
422 44460 46320 3 0 1860
423 46440 50280 0 12 3840
424 51660 53520 3 0 1860
425 53640 57480 0 12 3840
426 58860 60720 3 0 1860
427 60840 64680 0 12 3840
428 66060 67920 3 0 1860
429 68040 71880 0 12 3840
430 73260 75120 3 0 1860
434 28440 30360 0 5 1920
435 30600 32100 5 3 1500
436 33840 35760 0 5 1920
437 36000 37500 5 3 1500
438 39240 41160 0 5 1920
439 41400 42900 5 3 1500
440 44640 46560 0 5 1920
441 46800 48300 5 3 1500
442 50040 51960 0 5 1920
443 52200 53700 5 3 1500
444 55440 57360 0 5 1920
445 57600 59100 5 3 1500
446 60840 62760 0 5 1920
447 63000 64500 5 3 1500
448 66240 68160 0 5 1920
449 68400 69900 5 3 1500
450 71640 73560 0 5 1920
451 73800 75300 5 3 1500
452 77040 78960 0 5 1920
453 79200 80700 5 3 1500
455 27000 28500 5 3 1500
456 28620 32340 3 6 3720
457 32460 33300 6 7 840
458 33420 34200 7 8 780
459 36540 37320 8 7 780
460 37440 38280 7 6 840
461 38400 42120 6 3 3720
462 42240 43740 3 5 1500
463 43860 46920 5 12 3060
464 49140 49920 8 7 780
465 50040 50880 7 6 840
466 51000 54720 6 3 3720
467 54840 56340 3 5 1500
468 56460 59520 5 12 3060
469 61740 62520 8 7 780
470 62640 63480 7 6 840
471 63600 67320 6 3 3720
472 67440 68940 3 5 1500
473 69060 72120 5 12 3060
474 74340 75120 8 7 780
475 75240 76080 7 6 840
476 76200 79920 6 3 3720
477 80040 81540 3 5 1500
482 29640 31140 3 5 1500
483 31260 34320 5 12 3060
484 36420 39480 12 5 3060
485 39600 41100 5 3 1500
486 41220 44940 3 6 3720
487 45060 45900 6 7 840
488 46020 46800 7 8 780
489 49020 52080 12 5 3060
490 52200 53700 5 3 1500
491 53820 57540 3 6 3720
492 57660 58500 6 7 840
493 58620 59400 7 8 780
494 61620 64680 12 5 3060
495 64800 66300 5 3 1500
496 66420 70140 3 6 3720
497 70260 71100 6 7 840
498 71220 72000 7 8 780
499 74220 77280 12 5 3060
500 77400 78900 5 3 1500
506 28140 28980 1 9 840
507 29220 30720 9 0 1500
508 31800 33300 0 9 1500
509 33420 34260 9 1 840
510 34380 36420 1 2 2040
511 36540 38100 2 4 1560
512 39000 40500 0 9 1500
513 40620 41460 9 1 840
514 41580 43620 1 2 2040
515 43740 45300 2 4 1560
516 46200 47700 0 9 1500
517 47820 48660 9 1 840
518 48780 50820 1 2 2040
519 50940 52500 2 4 1560
520 53400 54900 0 9 1500
521 55020 55860 9 1 840
522 55980 58020 1 2 2040
523 58140 59700 2 4 1560
524 60600 62100 0 9 1500
525 62220 63060 9 1 840
526 63180 65220 1 2 2040
527 65340 66900 2 4 1560
528 67800 69300 0 9 1500
529 69420 70260 9 1 840
530 70380 72420 1 2 2040
531 72540 74100 2 4 1560
532 75000 76500 0 9 1500
533 76620 77460 9 1 840
534 77580 79620 1 2 2040
536 24600 26100 0 9 1500
537 26220 27060 9 1 840
538 27180 29220 1 2 2040
539 29340 30900 2 4 1560
540 31500 33060 4 2 1560
541 33180 35220 2 1 2040
542 35340 36180 1 9 840
543 36420 37920 9 0 1500
544 38700 40260 4 2 1560
545 40380 42420 2 1 2040
546 42540 43380 1 9 840
547 43620 45120 9 0 1500
548 45900 47460 4 2 1560
549 47580 49620 2 1 2040
550 49740 50580 1 9 840
551 50820 52320 9 0 1500
552 53100 54660 4 2 1560
553 54780 56820 2 1 2040
554 56940 57780 1 9 840
555 58020 59520 9 0 1500
556 60300 61860 4 2 1560
557 61980 64020 2 1 2040
558 64140 64980 1 9 840
559 65220 66720 9 0 1500
560 67500 69060 4 2 1560
561 69180 71220 2 1 2040
562 71340 72180 1 9 840
563 72420 73920 9 0 1500
564 74700 76260 4 2 1560
565 76380 78420 2 1 2040
566 78540 79380 1 9 840
567 79620 81120 9 0 1500
569 26640 30480 0 12 3840
570 32460 36300 12 0 3840
571 36420 38280 0 3 1860
572 39660 43500 12 0 3840
573 43620 45480 0 3 1860
574 46860 50700 12 0 3840
575 50820 52680 0 3 1860
576 54060 57900 12 0 3840
577 58020 59880 0 3 1860
578 61260 65100 12 0 3840
579 65220 67080 0 3 1860
580 68460 72300 12 0 3840
581 72420 74280 0 3 1860
582 75660 79500 12 0 3840
583 79620 81480 0 3 1860
584 24840 26760 0 5 1920
585 27000 28500 5 3 1500
586 30840 32340 3 5 1500
587 32580 34500 5 0 1920
588 36240 37740 3 5 1500
589 37980 39900 5 0 1920
590 41640 43140 3 5 1500
591 43380 45300 5 0 1920
592 47040 48540 3 5 1500
593 48780 50700 5 0 1920
594 52440 53940 3 5 1500
595 54180 56100 5 0 1920
596 57840 59340 3 5 1500
597 59580 61500 5 0 1920
598 63240 64740 3 5 1500
599 64980 66900 5 0 1920
600 68640 70140 3 5 1500
601 70380 72300 5 0 1920
602 74040 75540 3 5 1500
603 75780 77700 5 0 1920
604 78840 80760 0 5 1920
605 81000 82500 5 3 1500
606 84840 86340 3 5 1500
607 86580 88500 5 0 1920
608 24840 26700 0 3 1860
609 26820 30540 3 6 3720
610 30660 31500 6 7 840
611 31620 32400 7 8 780
612 34080 34860 8 7 780
613 34980 35820 7 6 840
614 35940 39660 6 3 3720
615 39840 41700 3 0 1860
616 44880 45660 8 7 780
617 45780 46620 7 6 840
618 46740 50460 6 3 3720
619 50640 52500 3 0 1860
620 55680 56460 8 7 780
621 56580 57420 7 6 840
622 57540 61260 6 3 3720
623 61440 63300 3 0 1860
624 66480 67260 8 7 780
625 67380 68220 7 6 840
626 68340 72060 6 3 3720
627 72240 74100 3 0 1860
628 77280 78060 8 7 780
629 78180 79020 7 6 840
630 79140 82860 6 3 3720
631 83040 84900 3 0 1860
632 25260 27480 0 1 2220
633 27720 29760 1 2 2040
634 30000 31560 2 4 1560
635 31800 32820 4 8 1020
636 32940 33720 8 7 780
637 37440 38220 7 8 780
638 38340 39360 8 4 1020
639 39480 41040 4 2 1560
640 41160 43200 2 1 2040
641 43320 45540 1 0 2220
642 48240 49020 7 8 780
643 49140 50160 8 4 1020
644 50280 51840 4 2 1560
645 51960 54000 2 1 2040
646 54120 56340 1 0 2220
647 59040 59820 7 8 780
648 59940 60960 8 4 1020
649 61080 62640 4 2 1560
650 62760 64800 2 1 2040
651 64920 67140 1 0 2220
652 69840 70620 7 8 780
653 70740 71760 8 4 1020
654 71880 73440 4 2 1560
655 73560 75600 2 1 2040
656 75720 77940 1 0 2220
658 29220 31080 0 3 1860
659 31860 33720 3 0 1860
660 33840 37680 0 12 3840
661 39060 40920 3 0 1860
662 41040 44880 0 12 3840
663 46260 48120 3 0 1860
664 48240 52080 0 12 3840
665 53460 55320 3 0 1860
666 55440 59280 0 12 3840
667 60660 62520 3 0 1860
668 62640 66480 0 12 3840
669 67860 69720 3 0 1860
670 69840 73680 0 12 3840
671 75060 76920 3 0 1860
674 27180 29100 5 0 1920
675 30240 32160 0 5 1920
676 32400 33900 5 3 1500
677 35640 37560 0 5 1920
678 37800 39300 5 3 1500
679 41040 42960 0 5 1920
680 43200 44700 5 3 1500
681 46440 48360 0 5 1920
682 48600 50100 5 3 1500
683 51840 53760 0 5 1920
684 54000 55500 5 3 1500
685 57240 59160 0 5 1920
686 59400 60900 5 3 1500
687 62640 64560 0 5 1920
688 64800 66300 5 3 1500
689 68040 69960 0 5 1920
690 70200 71700 5 3 1500
691 73440 75360 0 5 1920
692 75600 77100 5 3 1500
693 25620 27840 0 1 2220
694 27960 30660 1 10 2700
695 33300 36000 10 1 2700
696 36120 38340 1 0 2220
697 40500 43200 10 1 2700
698 43320 45540 1 0 2220
699 47700 50400 10 1 2700
700 50520 52740 1 0 2220
701 54900 57600 10 1 2700
702 57720 59940 1 0 2220
703 62100 64800 10 1 2700
704 64920 67140 1 0 2220
705 69300 72000 10 1 2700
706 72120 74340 1 0 2220
707 76500 79200 10 1 2700
708 79320 81540 1 0 2220
710 26580 28620 1 2 2040
711 28740 30780 2 11 2040
712 30900 32040 11 8 1140
713 33300 34440 8 11 1140
714 34560 36600 11 2 2040
715 36720 38760 2 1 2040
716 38880 39720 1 9 840
717 40500 41640 8 11 1140
718 41760 43800 11 2 2040
719 43920 45960 2 1 2040
720 46080 46920 1 9 840
721 47700 48840 8 11 1140
722 48960 51000 11 2 2040
723 51120 53160 2 1 2040
724 53280 54120 1 9 840
725 54900 56040 8 11 1140
726 56160 58200 11 2 2040
727 58320 60360 2 1 2040
728 60480 61320 1 9 840
729 62100 63240 8 11 1140
730 63360 65400 11 2 2040
731 65520 67560 2 1 2040
732 67680 68520 1 9 840
733 69300 70440 8 11 1140
734 70560 72600 11 2 2040
735 72720 74760 2 1 2040
736 74880 75720 1 9 840
737 76500 77640 8 11 1140
738 77760 79800 11 2 2040
739 79920 81960 2 1 2040
742 28800 30300 5 3 1500
743 30420 34140 3 6 3720
744 34260 35100 6 7 840
745 35220 36000 7 8 780
746 38340 39120 8 7 780
747 39240 40080 7 6 840
748 40200 43920 6 3 3720
749 44040 45540 3 5 1500
750 45660 48720 5 12 3060
751 50940 51720 8 7 780
752 51840 52680 7 6 840
753 52800 56520 6 3 3720
754 56640 58140 3 5 1500
755 58260 61320 5 12 3060
756 63540 64320 8 7 780
757 64440 65280 7 6 840
758 65400 69120 6 3 3720
759 69240 70740 3 5 1500
760 70860 73920 5 12 3060
761 76140 76920 8 7 780
762 77040 77880 7 6 840
763 78000 81720 6 3 3720
764 81840 83340 3 5 1500
769 31440 32940 3 5 1500
770 33060 36120 5 12 3060
771 38220 41280 12 5 3060
772 41400 42900 5 3 1500
773 43020 46740 3 6 3720
774 46860 47700 6 7 840
775 47820 48600 7 8 780
776 50820 53880 12 5 3060
777 54000 55500 5 3 1500
778 55620 59340 3 6 3720
779 59460 60300 6 7 840
780 60420 61200 7 8 780
781 63420 66480 12 5 3060
782 66600 68100 5 3 1500
783 68220 71940 3 6 3720
784 72060 72900 6 7 840
785 73020 73800 7 8 780
786 76020 79080 12 5 3060
787 79200 80700 5 3 1500
792 28620 30660 1 2 2040
793 30780 32340 2 4 1560
794 32460 33720 4 6 1260
795 33840 34680 6 7 840
796 37680 38520 7 6 840
797 38640 39900 6 4 1260
798 40020 41580 4 2 1560
799 41700 43740 2 1 2040
800 43860 46560 1 10 2700
801 48480 49320 7 6 840
802 49440 50700 6 4 1260
803 50820 52380 4 2 1560
804 52500 54540 2 1 2040
805 54660 57360 1 10 2700
806 59280 60120 7 6 840
807 60240 61500 6 4 1260
808 61620 63180 4 2 1560
809 63300 65340 2 1 2040
810 65460 68160 1 10 2700
811 70080 70920 7 6 840
812 71040 72300 6 4 1260
813 72420 73980 4 2 1560
814 74100 76140 2 1 2040
820 34140 37860 3 6 3720
821 37980 39240 6 4 1260
822 39360 40380 4 8 1020
823 40500 41640 8 11 1140
824 44940 48660 3 6 3720
825 48780 50040 6 4 1260
826 50160 51180 4 8 1020
827 51300 52440 8 11 1140
828 55740 59460 3 6 3720
829 59580 60840 6 4 1260
830 60960 61980 4 8 1020
831 62100 63240 8 11 1140
832 66540 70260 3 6 3720
833 70380 71640 6 4 1260
834 71760 72780 4 8 1020
835 72900 74040 8 11 1140
841 28920 31140 1 0 2220
842 32820 35040 0 1 2220
843 35160 37860 1 10 2700
844 40020 42240 0 1 2220
845 42360 45060 1 10 2700
846 47220 49440 0 1 2220
847 49560 52260 1 10 2700
848 54420 56640 0 1 2220
849 56760 59460 1 10 2700
850 61620 63840 0 1 2220
851 63960 66660 1 10 2700
852 68820 71040 0 1 2220
853 71160 73860 1 10 2700
854 76020 78240 0 1 2220
858 29520 31560 2 1 2040
859 31680 32520 1 9 840
860 36420 37260 9 1 840
861 37380 39420 1 2 2040
862 39540 41580 2 11 2040
863 41700 42840 11 8 1140
864 43620 44460 9 1 840
865 44580 46620 1 2 2040
866 46740 48780 2 11 2040
867 48900 50040 11 8 1140
868 50820 51660 9 1 840
869 51780 53820 1 2 2040
870 53940 55980 2 11 2040
871 56100 57240 11 8 1140
872 58020 58860 9 1 840
873 58980 61020 1 2 2040
874 61140 63180 2 11 2040
875 63300 64440 11 8 1140
876 65220 66060 9 1 840
877 66180 68220 1 2 2040
878 68340 70380 2 11 2040
879 70500 71640 11 8 1140
880 72420 73260 9 1 840
881 73380 75420 1 2 2040
885 28440 32280 0 12 3840
886 34260 38100 12 0 3840
887 38220 40080 0 3 1860
888 41460 45300 12 0 3840
889 45420 47280 0 3 1860
890 48660 52500 12 0 3840
891 52620 54480 0 3 1860
892 55860 59700 12 0 3840
893 59820 61680 0 3 1860
894 63060 66900 12 0 3840
895 67020 68880 0 3 1860
896 70260 74100 12 0 3840
897 74220 76080 0 3 1860
898 77460 81300 12 0 3840
899 81420 83280 0 3 1860
902 28680 30240 4 2 1560
903 30360 32400 2 1 2040
904 32520 34740 1 0 2220
905 36060 38280 0 1 2220
906 38520 40560 1 2 2040
907 40800 42360 2 4 1560
908 42600 43620 4 8 1020
909 43740 44520 8 7 780
910 46860 49080 0 1 2220
911 49320 51360 1 2 2040
912 51600 53160 2 4 1560
913 53400 54420 4 8 1020
914 54540 55320 8 7 780
915 57660 59880 0 1 2220
916 60120 62160 1 2 2040
917 62400 63960 2 4 1560
918 64200 65220 4 8 1020
919 65340 66120 8 7 780
920 68460 70680 0 1 2220
921 70920 72960 1 2 2040
922 73200 74760 2 4 1560
923 75000 76020 4 8 1020
924 76140 76920 8 7 780
928 32640 34500 3 0 1860
929 35640 37500 0 3 1860
930 37620 41340 3 6 3720
931 41460 42300 6 7 840
932 42420 43200 7 8 780
933 46440 48300 0 3 1860
934 48420 52140 3 6 3720
935 52260 53100 6 7 840
936 53220 54000 7 8 780
937 57240 59100 0 3 1860
938 59220 62940 3 6 3720
939 63060 63900 6 7 840
940 64020 64800 7 8 780
941 68040 69900 0 3 1860
942 70020 73740 3 6 3720
943 73860 74700 6 7 840
944 74820 75600 7 8 780
945 78840 80700 0 3 1860
951 29220 30780 4 2 1560
952 30900 32940 2 1 2040
953 33060 35760 1 10 2700
954 36600 39300 10 1 2700
955 39420 41460 1 2 2040
956 41580 43140 2 4 1560
957 43260 44520 4 6 1260
958 44640 45480 6 7 840
959 47400 50100 10 1 2700
960 50220 52260 1 2 2040
961 52380 53940 2 4 1560
962 54060 55320 4 6 1260
963 55440 56280 6 7 840
964 58200 60900 10 1 2700
965 61020 63060 1 2 2040
966 63180 64740 2 4 1560
967 64860 66120 4 6 1260
968 66240 67080 6 7 840
969 69000 71700 10 1 2700
970 71820 73860 1 2 2040
971 73980 75540 2 4 1560
972 75660 76920 4 6 1260
973 77040 77880 6 7 840
975 30780 32040 6 4 1260
976 32160 33180 4 8 1020
977 33300 34440 8 11 1140
978 36840 37980 11 8 1140
979 38100 39120 8 4 1020
980 39240 40500 4 6 1260
981 40620 44340 6 3 3720
982 47640 48780 11 8 1140
983 48900 49920 8 4 1020
984 50040 51300 4 6 1260
985 51420 55140 6 3 3720
986 58440 59580 11 8 1140
987 59700 60720 8 4 1020
988 60840 62100 4 6 1260
989 62220 65940 6 3 3720
990 69240 70380 11 8 1140
991 70500 71520 8 4 1020
992 71640 72900 4 6 1260
993 73020 76740 6 3 3720
995 31020 32880 0 3 1860
996 33660 35520 3 0 1860
997 35640 39480 0 12 3840
998 40860 42720 3 0 1860
999 42840 46680 0 12 3840
1000 48060 49920 3 0 1860
1001 50040 53880 0 12 3840
1002 55260 57120 3 0 1860
1003 57240 61080 0 12 3840
1004 62460 64320 3 0 1860
1005 64440 68280 0 12 3840
1006 69660 71520 3 0 1860
1007 71640 75480 0 12 3840
1008 76860 78720 3 0 1860
1011 28980 30900 5 0 1920
1012 32040 33960 0 5 1920
1013 34200 35700 5 3 1500
1015 30600 32100 5 3 1500
1016 32220 35940 3 6 3720
1017 36060 36900 6 7 840
1018 37020 37800 7 8 780
1019 40140 40920 8 7 780
1020 41040 41880 7 6 840
1021 42000 45720 6 3 3720
1022 45840 47340 3 5 1500
1023 47460 50520 5 12 3060
1024 52740 53520 8 7 780
1025 53640 54480 7 6 840
1026 54600 58320 6 3 3720
1027 58440 59940 3 5 1500
1028 60060 63120 5 12 3060
1029 65340 66120 8 7 780
1030 66240 67080 7 6 840
1031 67200 70920 6 3 3720
1032 71040 72540 3 5 1500
1033 72660 75720 5 12 3060
1034 77940 78720 8 7 780
1035 78840 79680 7 6 840
1036 79800 83520 6 3 3720
1037 83640 85140 3 5 1500
1042 33240 34740 3 5 1500
1043 34860 37920 5 12 3060
1044 40020 43080 12 5 3060
1045 43200 44700 5 3 1500
1046 44820 48540 3 6 3720
1047 48660 49500 6 7 840
1048 49620 50400 7 8 780
1049 52620 55680 12 5 3060
1050 55800 57300 5 3 1500
1051 57420 61140 3 6 3720
1052 61260 62100 6 7 840
1053 62220 63000 7 8 780
1054 65220 68280 12 5 3060
1055 68400 69900 5 3 1500
1056 70020 73740 3 6 3720
1057 73860 74700 6 7 840
1058 74820 75600 7 8 780
1059 77820 80880 12 5 3060
1060 81000 82500 5 3 1500
1065 29580 31620 2 1 2040
1066 31740 32580 1 9 840
1067 32820 34320 9 0 1500
1068 35400 36900 0 9 1500
1069 37020 37860 9 1 840
1070 37980 40020 1 2 2040
1071 40140 41700 2 4 1560
1072 42600 44100 0 9 1500
1073 44220 45060 9 1 840
1074 45180 47220 1 2 2040
1075 47340 48900 2 4 1560
1076 49800 51300 0 9 1500
1077 51420 52260 9 1 840
1078 52380 54420 1 2 2040
1079 54540 56100 2 4 1560
1080 57000 58500 0 9 1500
1081 58620 59460 9 1 840
1082 59580 61620 1 2 2040
1083 61740 63300 2 4 1560
1084 64200 65700 0 9 1500
1085 65820 66660 9 1 840
1086 66780 68820 1 2 2040
1087 68940 70500 2 4 1560
1088 71400 72900 0 9 1500
1089 73020 73860 9 1 840
1090 73980 76020 1 2 2040
1091 76140 77700 2 4 1560
1092 78600 80100 0 9 1500
1093 80220 81060 9 1 840
1096 28200 29700 0 9 1500
1097 29820 30660 9 1 840
1098 30780 32820 1 2 2040
1099 32940 34500 2 4 1560
1100 35100 36660 4 2 1560
1101 36780 38820 2 1 2040
1102 38940 39780 1 9 840
1103 40020 41520 9 0 1500
1104 42300 43860 4 2 1560
1105 43980 46020 2 1 2040
1106 46140 46980 1 9 840
1107 47220 48720 9 0 1500
1108 49500 51060 4 2 1560
1109 51180 53220 2 1 2040
1110 53340 54180 1 9 840
1111 54420 55920 9 0 1500
1112 56700 58260 4 2 1560
1113 58380 60420 2 1 2040
1114 60540 61380 1 9 840
1115 61620 63120 9 0 1500
1116 63900 65460 4 2 1560
1117 65580 67620 2 1 2040
1118 67740 68580 1 9 840
1119 68820 70320 9 0 1500
1120 71100 72660 4 2 1560
1121 72780 74820 2 1 2040
1122 74940 75780 1 9 840
1123 76020 77520 9 0 1500
1124 78300 79860 4 2 1560
1125 79980 82020 2 1 2040
1126 82140 82980 1 9 840
1127 83220 84720 9 0 1500
1128 28440 30300 0 3 1860
1129 30420 34140 3 6 3720
1130 34260 35100 6 7 840
1131 35220 36000 7 8 780
1132 37680 38460 8 7 780
1133 38580 39420 7 6 840
1134 39540 43260 6 3 3720
1135 43440 45300 3 0 1860
1136 48480 49260 8 7 780
1137 49380 50220 7 6 840
1138 50340 54060 6 3 3720
1139 54240 56100 3 0 1860
1140 59280 60060 8 7 780
1141 60180 61020 7 6 840
1142 61140 64860 6 3 3720
1143 65040 66900 3 0 1860
1144 70080 70860 8 7 780
1145 70980 71820 7 6 840
1146 71940 75660 6 3 3720
1147 75840 77700 3 0 1860
1148 28860 31080 0 1 2220
1149 31320 33360 1 2 2040
1150 33600 35160 2 4 1560
1151 35400 36420 4 8 1020
1152 36540 37320 8 7 780
1153 41040 41820 7 8 780
1154 41940 42960 8 4 1020
1155 43080 44640 4 2 1560
1156 44760 46800 2 1 2040
1157 46920 49140 1 0 2220
1158 51840 52620 7 8 780
1159 52740 53760 8 4 1020
1160 53880 55440 4 2 1560
1161 55560 57600 2 1 2040
1162 57720 59940 1 0 2220
1163 62640 63420 7 8 780
1164 63540 64560 8 4 1020
1165 64680 66240 4 2 1560
1166 66360 68400 2 1 2040
1167 68520 70740 1 0 2220
1168 73440 74220 7 8 780
1169 74340 75360 8 4 1020
1170 75480 77040 4 2 1560
1171 77160 79200 2 1 2040
1172 79320 81540 1 0 2220
1174 32820 34680 0 3 1860
1175 35460 37320 3 0 1860
1176 37440 41280 0 12 3840
1177 29220 30060 9 1 840
1178 30180 32220 1 2 2040
1179 32340 34380 2 11 2040
1180 34500 35640 11 8 1140
1181 36900 38040 8 11 1140
1182 38160 40200 11 2 2040
1183 40320 42360 2 1 2040
1184 42480 43320 1 9 840
1186 32400 33900 5 3 1500
1187 34020 37740 3 6 3720
1188 37860 38700 6 7 840
1189 38820 39600 7 8 780
1190 41940 42720 8 7 780
1191 42840 43680 7 6 840
1192 43800 47520 6 3 3720
1193 47640 49140 3 5 1500
1194 49260 52320 5 12 3060
1195 54540 55320 8 7 780
1196 55440 56280 7 6 840
1197 56400 60120 6 3 3720
1198 60240 61740 3 5 1500
1199 61860 64920 5 12 3060
1200 67140 67920 8 7 780
1201 68040 68880 7 6 840
1202 69000 72720 6 3 3720
1203 72840 74340 3 5 1500
1207 31200 34920 6 3 3720
1208 35040 36540 3 5 1500
1209 36660 39720 5 12 3060
1210 41820 44880 12 5 3060
1211 45000 46500 5 3 1500
1212 46620 50340 3 6 3720
1213 50460 51300 6 7 840
1214 51420 52200 7 8 780
1215 54420 57480 12 5 3060
1216 57600 59100 5 3 1500
1217 59220 62940 3 6 3720
1218 63060 63900 6 7 840
1219 64020 64800 7 8 780
1220 67020 70080 12 5 3060
1221 70200 71700 5 3 1500
1222 71820 75540 3 6 3720
1223 75660 76500 6 7 840
1225 29400 32100 10 1 2700
1226 32220 34260 1 2 2040
1227 34380 35940 2 4 1560
1228 36060 37320 4 6 1260
1229 37440 38280 6 7 840
1230 41280 42120 7 6 840
1231 42240 43500 6 4 1260
1232 43620 45180 4 2 1560
1233 45300 47340 2 1 2040
1234 47460 50160 1 10 2700
1235 52080 52920 7 6 840
1236 53040 54300 6 4 1260
1237 54420 55980 4 2 1560
1238 56100 58140 2 1 2040
1239 58260 60960 1 10 2700
1240 62880 63720 7 6 840
1241 63840 65100 6 4 1260
1242 65220 66780 4 2 1560
1243 66900 68940 2 1 2040
1244 69060 71760 1 10 2700
1245 73680 74520 7 6 840
1246 74640 75900 6 4 1260
1247 76020 77580 4 2 1560
1248 77700 79740 2 1 2040
1251 30900 31920 8 4 1020
1252 32040 33300 4 6 1260
1253 33420 37140 6 3 3720
1254 37740 41460 3 6 3720
1255 41580 42840 6 4 1260
1256 42960 43980 4 8 1020
1257 44100 45240 8 11 1140
1258 48540 52260 3 6 3720
1259 52380 53640 6 4 1260
1260 53760 54780 4 8 1020
1261 54900 56040 8 11 1140
1262 59340 63060 3 6 3720
1263 63180 64440 6 4 1260
1264 64560 65580 4 8 1020
1265 65700 66840 8 11 1140
1266 70140 73860 3 6 3720
1267 73980 75240 6 4 1260
1268 75360 76380 4 8 1020
1271 31140 32160 8 4 1020
1272 32280 33840 4 2 1560
1273 33960 36000 2 1 2040
1274 36120 38340 1 0 2220
1275 39660 41880 0 1 2220
1276 42120 44160 1 2 2040
1277 44400 45960 2 4 1560
1278 46200 47220 4 8 1020
1279 47340 48120 8 7 780
1280 50460 52680 0 1 2220
1281 52920 54960 1 2 2040
1282 55200 56760 2 4 1560
1283 57000 58020 4 8 1020
1284 58140 58920 8 7 780
1285 61260 63480 0 1 2220
1286 63720 65760 1 2 2040
1287 66000 67560 2 4 1560
1288 67800 68820 4 8 1020
1289 68940 69720 8 7 780
1290 72060 74280 0 1 2220
1291 74520 76560 1 2 2040
1292 76800 78360 2 4 1560
1295 30480 31260 8 7 780
1296 31380 32220 7 6 840
1297 32340 36060 6 3 3720
1298 36240 38100 3 0 1860
1299 39240 41100 0 3 1860
1300 41220 44940 3 6 3720
1301 45060 45900 6 7 840
1302 46020 46800 7 8 780
1303 50040 51900 0 3 1860
1304 52020 55740 3 6 3720
1305 55860 56700 6 7 840
1306 56820 57600 7 8 780
1307 60840 62700 0 3 1860
1308 62820 66540 3 6 3720
1309 66660 67500 6 7 840
1310 67620 68400 7 8 780
1311 71640 73500 0 3 1860
1312 73620 77340 3 6 3720
1316 31440 32700 6 4 1260
1317 32820 34380 4 2 1560
1318 34500 36540 2 1 2040
1319 36660 39360 1 10 2700
1320 40200 42900 10 1 2700
1321 43020 45060 1 2 2040
1322 45180 46740 2 4 1560
1323 46860 48120 4 6 1260
1324 48240 49080 6 7 840
1325 51000 53700 10 1 2700
1326 53820 55860 1 2 2040
1327 55980 57540 2 4 1560
1328 57660 58920 4 6 1260
1329 59040 59880 6 7 840
1330 61800 64500 10 1 2700
1331 64620 66660 1 2 2040
1332 66780 68340 2 4 1560
1333 68460 69720 4 6 1260
1334 69840 70680 6 7 840
1335 72600 75300 10 1 2700
1336 75420 77460 1 2 2040
1340 31020 34080 12 5 3060
1341 34200 35700 5 3 1500
1342 35820 39540 3 6 3720
1343 39660 40500 6 7 840
1344 40620 41400 7 8 780
1345 43740 44520 8 7 780
1346 44640 45480 7 6 840
1347 45600 49320 6 3 3720
1348 49440 50940 3 5 1500
1349 51060 54120 5 12 3060
1350 56340 57120 8 7 780
1351 57240 58080 7 6 840
1352 58200 61920 6 3 3720
1353 62040 63540 3 5 1500
1354 63660 66720 5 12 3060
1355 68940 69720 8 7 780
1356 69840 70680 7 6 840
1357 70800 74520 6 3 3720
1358 74640 76140 3 5 1500
1360 31140 31920 8 7 780
1361 32040 32880 7 6 840
1362 33000 36720 6 3 3720
1363 36840 38340 3 5 1500
1364 38460 41520 5 12 3060
1365 43620 46680 12 5 3060
1366 46800 48300 5 3 1500
1367 48420 52140 3 6 3720
1368 52260 53100 6 7 840
1369 53220 54000 7 8 780
1370 56220 59280 12 5 3060
1371 59400 60900 5 3 1500
1372 61020 64740 3 6 3720
1373 64860 65700 6 7 840
1374 65820 66600 7 8 780
1375 68820 71880 12 5 3060
1376 72000 73500 5 3 1500
1377 73620 77340 3 6 3720
1380 32640 34140 3 5 1500
1381 34380 36300 5 0 1920
1382 37440 39360 0 5 1920
1383 39600 41100 5 3 1500
1384 32820 35880 12 5 3060
1385 36000 37500 5 3 1500
1386 37620 41340 3 6 3720
1387 41460 42300 6 7 840
1388 42420 43200 7 8 780
1389 45540 46320 8 7 780
1390 46440 47280 7 6 840
1391 47400 51120 6 3 3720
1392 51240 52740 3 5 1500
1393 52860 55920 5 12 3060
1394 58140 58920 8 7 780
1395 59040 59880 7 6 840
1396 60000 63720 6 3 3720
1397 63840 65340 3 5 1500
1398 65460 68520 5 12 3060
1399 70740 71520 8 7 780
1400 71640 72480 7 6 840
1401 72600 76320 6 3 3720
1402 76440 77940 3 5 1500
1404 32940 33720 8 7 780
1405 33840 34680 7 6 840
1406 34800 38520 6 3 3720
1407 38640 40140 3 5 1500
1408 40260 43320 5 12 3060
1409 45420 48480 12 5 3060
1410 48600 50100 5 3 1500
1411 50220 53940 3 6 3720
1412 54060 54900 6 7 840
1413 55020 55800 7 8 780
1414 58020 61080 12 5 3060
1415 61200 62700 5 3 1500
1416 62820 66540 3 6 3720
1417 66660 67500 6 7 840
1418 67620 68400 7 8 780
1419 70620 73680 12 5 3060
1420 73800 75300 5 3 1500
1421 75420 79140 3 6 3720
1424 36060 39900 12 0 3840
1425 40020 41880 0 3 1860
1426 42660 44520 3 0 1860
1427 44640 48480 0 12 3840
1428 38040 39540 3 5 1500
1429 39780 41700 5 0 1920
1430 42840 44760 0 5 1920
1431 45000 46500 5 3 1500
1432 40440 41580 11 8 1140
1433 41700 42720 8 4 1020
1434 42840 44100 4 6 1260
1435 44220 47940 6 3 3720
1436 48540 52260 3 6 3720
1437 52380 53640 6 4 1260
1438 53760 54780 4 8 1020
1439 54900 56040 8 11 1140
1440 41280 42060 8 7 780
1441 42180 43020 7 6 840
1442 43140 46860 6 3 3720
1443 47040 48900 3 0 1860
1444 50040 51900 0 3 1860
1445 52020 55740 3 6 3720
1446 55860 56700 6 7 840
1447 56820 57600 7 8 780
1448 43260 47100 12 0 3840
1449 47220 49080 0 3 1860
1450 49860 51720 3 0 1860
1451 51840 55680 0 12 3840
1452 43440 44940 3 5 1500
1453 45180 47100 5 0 1920
1454 48240 50160 0 5 1920
1455 50400 51900 5 3 1500
1456 48840 50340 3 5 1500
1457 50580 52500 5 0 1920
1458 53640 55560 0 5 1920
1459 55800 57300 5 3 1500
1460 50460 54300 12 0 3840
1461 54420 56280 0 3 1860
1462 57060 58920 3 0 1860
1463 59040 62880 0 12 3840
1464 51240 52380 11 8 1140
1465 52500 53520 8 4 1020
1466 53640 54900 4 6 1260
1467 55020 58740 6 3 3720
1468 59340 63060 3 6 3720
1469 63180 64440 6 4 1260
1470 64560 65580 4 8 1020
1471 65700 66840 8 11 1140
1472 52080 52860 8 7 780
1473 52980 53820 7 6 840
1474 53940 57660 6 3 3720
1475 57840 59700 3 0 1860
1476 60840 62700 0 3 1860
1477 62820 66540 3 6 3720
1478 66660 67500 6 7 840
1479 67620 68400 7 8 780
1480 54240 55740 3 5 1500
1481 55980 57900 5 0 1920
1482 59040 60960 0 5 1920
1483 61200 62700 5 3 1500
1484 57660 61500 12 0 3840
1485 61620 63480 0 3 1860
1486 64260 66120 3 0 1860
1487 66240 70080 0 12 3840
1488 59640 61140 3 5 1500
1489 61380 63300 5 0 1920
1490 64440 66360 0 5 1920
1491 66600 68100 5 3 1500
1492 62040 63180 11 8 1140
1493 63300 64320 8 4 1020
1494 64440 65700 4 6 1260
1495 65820 69540 6 3 3720
1496 70140 73860 3 6 3720
1497 73980 75240 6 4 1260
1498 75360 76380 4 8 1020
1500 62880 63660 8 7 780
1501 63780 64620 7 6 840
1502 64740 68460 6 3 3720
1503 68640 70500 3 0 1860
1504 71640 73500 0 3 1860
1505 73620 77340 3 6 3720
1508 64860 68700 12 0 3840
1509 68820 70680 0 3 1860
1510 71460 73320 3 0 1860
1512 65040 66540 3 5 1500
1513 66780 68700 5 0 1920
1514 69840 71760 0 5 1920
1515 72000 73500 5 3 1500
1516 70440 71940 3 5 1500
1517 72180 74100 5 0 1920
1518 75240 77160 0 5 1920
1519 77400 78900 5 3 1500
1520 72060 75900 12 0 3840
1521 76020 77880 0 3 1860
1522 78660 80520 3 0 1860
1524 72840 73980 11 8 1140
1525 74100 75120 8 4 1020
1526 75240 76500 4 6 1260
1527 76620 80340 6 3 3720
1532 73680 74460 8 7 780
1533 74580 75420 7 6 840
1534 75540 79260 6 3 3720
1535 79440 81300 3 0 1860
1540 75840 77340 3 5 1500
1541 77580 79500 5 0 1920
1542 80640 82560 0 5 1920
