1 23880 27300 2 9 3420
2 27420 28620 9 4 1200
3 31380 32580 4 9 1200
4 32700 36120 9 2 3420
5 36240 38400 2 0 2160
6 42180 43380 4 9 1200
7 43500 46920 9 2 3420
8 47040 49200 2 0 2160
9 52980 54180 4 9 1200
10 54300 57720 9 2 3420
11 57840 60000 2 0 2160
12 63780 64980 4 9 1200
13 65100 68520 9 2 3420
14 68640 70800 2 0 2160
15 74580 75780 4 9 1200
16 75900 79320 9 2 3420
17 79440 81600 2 0 2160
22 30240 32820 9 10 2580
23 32940 34740 10 3 1800
24 35700 37320 0 9 1620
25 37440 40020 9 10 2580
26 40140 41940 10 3 1800
27 42900 44520 0 9 1620
28 44640 47220 9 10 2580
29 47340 49140 10 3 1800
30 50100 51720 0 9 1620
31 51840 54420 9 10 2580
32 54540 56340 10 3 1800
33 57300 58920 0 9 1620
34 59040 61620 9 10 2580
35 61740 63540 10 3 1800
36 64500 66120 0 9 1620
37 66240 68820 9 10 2580
38 68940 70740 10 3 1800
39 71700 73320 0 9 1620
40 73440 76020 9 10 2580
41 76140 77940 10 3 1800
42 78900 80520 0 9 1620
43 80640 83220 9 10 2580
44 83340 85140 10 3 1800
48 26340 28500 2 0 2160
49 30420 32580 0 2 2160
50 32700 34500 2 3 1800
51 34620 35760 3 7 1140
52 35880 37260 7 6 1380
53 39420 41580 0 2 2160
54 41700 43500 2 3 1800
55 43620 44760 3 7 1140
56 44880 46260 7 6 1380
57 48420 50580 0 2 2160
58 50700 52500 2 3 1800
59 52620 53760 3 7 1140
60 53880 55260 7 6 1380
61 57420 59580 0 2 2160
62 59700 61500 2 3 1800
63 61620 62760 3 7 1140
64 62880 64260 7 6 1380
65 66420 68580 0 2 2160
66 68700 70500 2 3 1800
67 70620 71760 3 7 1140
68 71880 73260 7 6 1380
69 75420 77580 0 2 2160
70 77700 79500 2 3 1800
71 79620 80760 3 7 1140
74 22800 25860 2 11 3060
75 25980 27960 11 7 1980
76 28080 29460 7 6 1380
77 31440 32820 6 7 1380
78 32940 34920 7 11 1980
79 35160 38220 11 2 3060
80 38340 39120 2 1 780
81 42240 43620 6 7 1380
82 43740 45720 7 11 1980
83 45960 49020 11 2 3060
84 49140 49920 2 1 780
85 53040 54420 6 7 1380
86 54540 56520 7 11 1980
87 56760 59820 11 2 3060
88 59940 60720 2 1 780
89 63840 65220 6 7 1380
90 65340 67320 7 11 1980
91 67560 70620 11 2 3060
92 70740 71520 2 1 780
93 74640 76020 6 7 1380
94 76140 78120 7 11 1980
95 78360 81420 11 2 3060
96 81540 82320 2 1 780
99 26160 27960 2 3 1800
100 28080 29220 3 7 1140
101 29340 31260 7 10 1920
102 32220 34140 10 7 1920
103 34380 35520 7 3 1140
104 35640 37440 3 2 1800
105 37560 38340 2 1 780
106 38460 41520 1 8 3060
107 43020 44940 10 7 1920
108 45180 46320 7 3 1140
109 46440 48240 3 2 1800
110 48360 49140 2 1 780
111 49260 52320 1 8 3060
112 53820 55740 10 7 1920
113 55980 57120 7 3 1140
114 57240 59040 3 2 1800
115 59160 59940 2 1 780
116 60060 63120 1 8 3060
117 64620 66540 10 7 1920
118 66780 67920 7 3 1140
119 68040 69840 3 2 1800
120 69960 70740 2 1 780
121 70860 73920 1 8 3060
122 75420 77340 10 7 1920
123 77580 78720 7 3 1140
124 78840 80640 3 2 1800
125 80760 81540 2 1 780
126 81660 84720 1 8 3060
131 32100 33840 6 5 1740
132 33960 36300 5 10 2340
133 36420 39000 10 9 2580
134 39120 40320 9 4 1200
135 42900 44640 6 5 1740
136 44760 47100 5 10 2340
137 47220 49800 10 9 2580
138 49920 51120 9 4 1200
139 53700 55440 6 5 1740
140 55560 57900 5 10 2340
141 58020 60600 10 9 2580
142 60720 61920 9 4 1200
143 64500 66240 6 5 1740
144 66360 68700 5 10 2340
145 68820 71400 10 9 2580
146 71520 72720 9 4 1200
147 75300 77040 6 5 1740
148 77160 79500 5 10 2340
149 79620 82200 10 9 2580
153 26700 29760 2 11 3060
154 30000 31980 11 7 1980
155 32100 33240 7 3 1140
156 34140 35280 3 7 1140
157 35400 37380 7 11 1980
158 37500 40560 11 2 3060
159 40680 41460 2 1 780
160 41580 44640 1 8 3060
161 48540 49680 3 7 1140
162 49800 51780 7 11 1980
163 51900 54960 11 2 3060
164 55080 55860 2 1 780
165 55980 59040 1 8 3060
166 62940 64080 3 7 1140
167 64200 66180 7 11 1980
168 66300 69360 11 2 3060
169 69480 70260 2 1 780
170 70380 73440 1 8 3060
171 77340 78480 3 7 1140
172 78600 80580 7 11 1980
173 80700 83760 11 2 3060
174 83880 84660 2 1 780
175 84780 87840 1 8 3060
180 33600 35520 7 10 1920
181 35640 38220 10 9 2580
182 42300 44280 5 7 1980
183 44400 46320 7 10 1920
184 46440 49020 10 9 2580
185 53100 55080 5 7 1980
186 55200 57120 7 10 1920
187 57240 59820 10 9 2580
188 63900 65880 5 7 1980
189 66000 67920 7 10 1920
190 68040 70620 10 9 2580
191 74700 76680 5 7 1980
192 76800 78720 7 10 1920
193 78840 81420 10 9 2580
197 30660 32460 3 10 1800
198 32580 35160 10 9 2580
199 35280 36900 9 0 1620
200 37860 39660 3 10 1800
201 39780 42360 10 9 2580
202 42480 44100 9 0 1620
203 45060 46860 3 10 1800
204 46980 49560 10 9 2580
205 49680 51300 9 0 1620
206 52260 54060 3 10 1800
207 54180 56760 10 9 2580
208 56880 58500 9 0 1620
209 59460 61260 3 10 1800
210 61380 63960 10 9 2580
211 64080 65700 9 0 1620
212 66660 68460 3 10 1800
213 68580 71160 10 9 2580
214 71280 72900 9 0 1620
215 73860 75660 3 10 1800
216 75780 78360 10 9 2580
217 78480 80100 9 0 1620
219 25500 27300 2 3 1800
220 27420 28560 3 7 1140
221 28680 30060 7 6 1380
222 30660 32040 6 7 1380
223 32160 33300 7 3 1140
224 33420 35220 3 2 1800
225 35340 37500 2 0 2160
226 39660 41040 6 7 1380
227 41160 42300 7 3 1140
228 42420 44220 3 2 1800
229 44340 46500 2 0 2160
230 48660 50040 6 7 1380
231 50160 51300 7 3 1140
232 51420 53220 3 2 1800
233 53340 55500 2 0 2160
234 57660 59040 6 7 1380
235 59160 60300 7 3 1140
236 60420 62220 3 2 1800
237 62340 64500 2 0 2160
238 66660 68040 6 7 1380
239 68160 69300 7 3 1140
240 69420 71220 3 2 1800
241 71340 73500 2 0 2160
242 75660 77040 6 7 1380
243 77160 78300 7 3 1140
244 78420 80220 3 2 1800
249 28560 29340 2 1 780
250 29460 32520 1 8 3060
251 34680 37740 8 1 3060
252 37860 38640 1 2 780
253 38760 40560 2 3 1800
254 40680 41820 3 7 1140
255 41940 43860 7 10 1920
256 45480 48540 8 1 3060
257 48660 49440 1 2 780
258 49560 51360 2 3 1800
259 51480 52620 3 7 1140
260 52740 54660 7 10 1920
261 56280 59340 8 1 3060
262 59460 60240 1 2 780
263 60360 62160 2 3 1800
264 62280 63420 3 7 1140
265 63540 65460 7 10 1920
266 67080 70140 8 1 3060
267 70260 71040 1 2 780
268 71160 72960 2 3 1800
269 73080 74220 3 7 1140
270 74340 76260 7 10 1920
271 77880 80940 8 1 3060
272 81060 81840 1 2 780
273 81960 83760 2 3 1800
274 83880 85020 3 7 1140
278 26700 29760 11 2 3060
279 29880 30660 2 1 780
280 30780 33840 1 8 3060
281 37020 40080 8 1 3060
282 40200 40980 1 2 780
283 41100 44160 2 11 3060
284 44400 46380 11 7 1980
285 46500 47640 7 3 1140
286 51420 54480 8 1 3060
287 54600 55380 1 2 780
288 55500 58560 2 11 3060
289 58800 60780 11 7 1980
290 60900 62040 7 3 1140
291 65820 68880 8 1 3060
292 69000 69780 1 2 780
293 69900 72960 2 11 3060
294 73200 75180 11 7 1980
295 75300 76440 7 3 1140
298 28080 29700 9 0 1620
299 30300 31920 0 9 1620
300 32040 34620 9 10 2580
301 34740 36540 10 3 1800
302 37500 39120 0 9 1620
303 39240 41820 9 10 2580
304 41940 43740 10 3 1800
305 44700 46320 0 9 1620
306 46440 49020 9 10 2580
307 49140 50940 10 3 1800
308 51900 53520 0 9 1620
309 53640 56220 9 10 2580
310 56340 58140 10 3 1800
311 59100 60720 0 9 1620
312 60840 63420 9 10 2580
313 63540 65340 10 3 1800
314 66300 67920 0 9 1620
315 68040 70620 9 10 2580
316 70740 72540 10 3 1800
317 73500 75120 0 9 1620
318 75240 77820 9 10 2580
319 77940 79740 10 3 1800
323 28140 30300 2 0 2160
324 32220 34380 0 2 2160
325 34500 36300 2 3 1800
326 36420 37560 3 7 1140
327 37680 39060 7 6 1380
328 41220 43380 0 2 2160
329 43500 45300 2 3 1800
330 45420 46560 3 7 1140
331 46680 48060 7 6 1380
332 50220 52380 0 2 2160
333 52500 54300 2 3 1800
334 54420 55560 3 7 1140
335 55680 57060 7 6 1380
336 59220 61380 0 2 2160
337 61500 63300 2 3 1800
338 63420 64560 3 7 1140
339 64680 66060 7 6 1380
340 68220 70380 0 2 2160
341 70500 72300 2 3 1800
342 72420 73560 3 7 1140
343 73680 75060 7 6 1380
344 77220 79380 0 2 2160
345 79500 81300 2 3 1800
346 81420 82560 3 7 1140
349 24660 28080 2 9 3420
350 28200 29400 9 4 1200
351 31260 32460 4 9 1200
352 32580 36000 9 2 3420
353 36120 36900 2 1 780
354 38460 39660 4 9 1200
355 39780 43200 9 2 3420
356 43320 44100 2 1 780
357 45660 46860 4 9 1200
358 46980 50400 9 2 3420
359 50520 51300 2 1 780
360 52860 54060 4 9 1200
361 54180 57600 9 2 3420
362 57720 58500 2 1 780
363 60060 61260 4 9 1200
364 61380 64800 9 2 3420
365 64920 65700 2 1 780
366 67260 68460 4 9 1200
367 68580 72000 9 2 3420
368 72120 72900 2 1 780
369 74460 75660 4 9 1200
370 75780 79200 9 2 3420
371 79320 80100 2 1 780
374 27960 29760 2 3 1800
375 29880 31020 3 7 1140
376 31140 33060 7 10 1920
377 34020 35940 10 7 1920
378 36180 37320 7 3 1140
379 37440 39240 3 2 1800
380 39360 40140 2 1 780
381 40260 43320 1 8 3060
382 44820 46740 10 7 1920
383 46980 48120 7 3 1140
384 48240 50040 3 2 1800
385 50160 50940 2 1 780
386 51060 54120 1 8 3060
387 55620 57540 10 7 1920
388 57780 58920 7 3 1140
389 59040 60840 3 2 1800
390 60960 61740 2 1 780
391 61860 64920 1 8 3060
392 66420 68340 10 7 1920
393 68580 69720 7 3 1140
394 69840 71640 3 2 1800
395 71760 72540 2 1 780
396 72660 75720 1 8 3060
397 77220 79140 10 7 1920
398 79380 80520 7 3 1140
399 80640 82440 3 2 1800
400 82560 83340 2 1 780
401 83460 86520 1 8 3060
404 28920 29700 2 1 780
405 30960 31740 1 2 780
406 31860 35280 2 9 3420
407 35400 36600 9 4 1200
408 38160 38940 1 2 780
409 39060 42480 2 9 3420
410 42600 43800 9 4 1200
411 45360 46140 1 2 780
412 46260 49680 2 9 3420
413 49800 51000 9 4 1200
414 52560 53340 1 2 780
415 53460 56880 2 9 3420
416 57000 58200 9 4 1200
417 59760 60540 1 2 780
418 60660 64080 2 9 3420
419 64200 65400 9 4 1200
420 66960 67740 1 2 780
421 67860 71280 2 9 3420
422 71400 72600 9 4 1200
423 74160 74940 1 2 780
424 75060 78480 2 9 3420
425 78600 79800 9 4 1200
428 29040 31200 2 0 2160
429 32400 34560 0 2 2160
430 34680 38100 2 9 3420
431 38220 39420 9 4 1200
432 43200 45360 0 2 2160
433 45480 48900 2 9 3420
434 49020 50220 9 4 1200
435 54000 56160 0 2 2160
436 56280 59700 2 9 3420
437 59820 61020 9 4 1200
438 64800 66960 0 2 2160
439 67080 70500 2 9 3420
440 70620 71820 9 4 1200
441 75600 77760 0 2 2160
442 77880 81300 2 9 3420
446 27960 31020 11 2 3060
447 31140 31920 2 1 780
448 32700 33480 1 2 780
449 33600 36660 2 11 3060
450 36780 38760 11 7 1980
451 38880 40260 7 6 1380
452 43500 44280 1 2 780
453 44400 47460 2 11 3060
454 47580 49560 11 7 1980
455 49680 51060 7 6 1380
456 54300 55080 1 2 780
457 55200 58260 2 11 3060
458 58380 60360 11 7 1980
459 60480 61860 7 6 1380
460 65100 65880 1 2 780
461 66000 69060 2 11 3060
462 69180 71160 11 7 1980
463 71280 72660 7 6 1380
464 75900 76680 1 2 780
465 76800 79860 2 11 3060
466 79980 81960 11 7 1980
471 33480 36060 9 10 2580
472 36180 38100 10 7 1920
473 38220 40200 7 5 1980
474 44280 46860 9 10 2580
475 46980 48900 10 7 1920
476 49020 51000 7 5 1980
477 55080 57660 9 10 2580
478 57780 59700 10 7 1920
479 59820 61800 7 5 1980
480 65880 68460 9 10 2580
481 68580 70500 10 7 1920
482 70620 72600 7 5 1980
483 76680 79260 9 10 2580
484 79380 81300 10 7 1920
489 32460 34260 3 10 1800
490 34380 36960 10 9 2580
491 37080 38700 9 0 1620
492 39660 41460 3 10 1800
493 41580 44160 10 9 2580
494 44280 45900 9 0 1620
495 46860 48660 3 10 1800
496 48780 51360 10 9 2580
497 51480 53100 9 0 1620
498 54060 55860 3 10 1800
499 55980 58560 10 9 2580
500 58680 60300 9 0 1620
501 61260 63060 3 10 1800
502 63180 65760 10 9 2580
503 65880 67500 9 0 1620
504 68460 70260 3 10 1800
505 70380 72960 10 9 2580
506 73080 74700 9 0 1620
507 75660 77460 3 10 1800
508 77580 80160 10 9 2580
509 80280 81900 9 0 1620
513 31920 33120 9 4 1200
514 36900 38100 4 9 1200
515 38220 40800 9 10 2580
516 40920 43260 10 5 2340
517 43380 45120 5 6 1740
518 47700 48900 4 9 1200
519 49020 51600 9 10 2580
520 51720 54060 10 5 2340
521 54180 55920 5 6 1740
522 58500 59700 4 9 1200
523 59820 62400 9 10 2580
524 62520 64860 10 5 2340
525 64980 66720 5 6 1740
526 69300 70500 4 9 1200
527 70620 73200 9 10 2580
528 73320 75660 10 5 2340
529 75780 77520 5 6 1740
530 78900 80640 6 5 1740
531 80760 83100 5 10 2340
539 27300 29100 2 3 1800
540 29220 30360 3 7 1140
541 30480 31860 7 6 1380
542 32460 33840 6 7 1380
543 33960 35100 7 3 1140
544 35220 37020 3 2 1800
545 37140 39300 2 0 2160
546 41460 42840 6 7 1380
547 42960 44100 7 3 1140
548 44220 46020 3 2 1800
549 46140 48300 2 0 2160
550 50460 51840 6 7 1380
551 51960 53100 7 3 1140
552 53220 55020 3 2 1800
553 55140 57300 2 0 2160
554 59460 60840 6 7 1380
555 60960 62100 7 3 1140
556 62220 64020 3 2 1800
557 64140 66300 2 0 2160
558 68460 69840 6 7 1380
559 69960 71100 7 3 1140
560 71220 73020 3 2 1800
561 73140 75300 2 0 2160
562 77460 78840 6 7 1380
563 78960 80100 7 3 1140
564 80220 82020 3 2 1800
568 28440 30240 3 2 1800
569 30360 31140 2 1 780
570 31260 34320 1 8 3060
571 36480 39540 8 1 3060
572 39660 40440 1 2 780
573 40560 42360 2 3 1800
574 42480 43620 3 7 1140
575 43740 45660 7 10 1920
576 47280 50340 8 1 3060
577 50460 51240 1 2 780
578 51360 53160 2 3 1800
579 53280 54420 3 7 1140
580 54540 56460 7 10 1920
581 58080 61140 8 1 3060
582 61260 62040 1 2 780
583 62160 63960 2 3 1800
584 64080 65220 3 7 1140
585 65340 67260 7 10 1920
586 68880 71940 8 1 3060
587 72060 72840 1 2 780
588 72960 74760 2 3 1800
589 74880 76020 3 7 1140
590 76140 78060 7 10 1920
591 79020 80940 10 7 1920
592 81180 82320 7 3 1140
593 82440 84240 3 2 1800
594 84360 85140 2 1 780
595 85260 88320 1 8 3060
596 90480 93540 8 1 3060
597 93660 94440 1 2 780
602 27480 30900 2 9 3420
603 31020 32220 9 4 1200
604 34980 36180 4 9 1200
605 36300 39720 9 2 3420
606 39840 42000 2 0 2160
607 45780 46980 4 9 1200
608 47100 50520 9 2 3420
609 50640 52800 2 0 2160
610 56580 57780 4 9 1200
611 57900 61320 9 2 3420
612 61440 63600 2 0 2160
613 67380 68580 4 9 1200
614 68700 72120 9 2 3420
615 72240 74400 2 0 2160
616 78180 79380 4 9 1200
617 79500 82920 9 2 3420
621 29880 31500 9 0 1620
622 32100 33720 0 9 1620
623 33840 36420 9 10 2580
624 36540 38340 10 3 1800
625 39300 40920 0 9 1620
626 41040 43620 9 10 2580
627 43740 45540 10 3 1800
628 46500 48120 0 9 1620
629 48240 50820 9 10 2580
630 50940 52740 10 3 1800
631 53700 55320 0 9 1620
632 55440 58020 9 10 2580
633 58140 59940 10 3 1800
634 60900 62520 0 9 1620
635 62640 65220 9 10 2580
636 65340 67140 10 3 1800
637 68100 69720 0 9 1620
638 69840 72420 9 10 2580
639 72540 74340 10 3 1800
640 75300 76920 0 9 1620
641 77040 79620 9 10 2580
642 79740 81540 10 3 1800
645 28020 29820 3 2 1800
646 29940 32100 2 0 2160
647 34020 36180 0 2 2160
648 36300 38100 2 3 1800
649 38220 39360 3 7 1140
650 39480 40860 7 6 1380
651 43020 45180 0 2 2160
652 45300 47100 2 3 1800
653 47220 48360 3 7 1140
654 48480 49860 7 6 1380
655 52020 54180 0 2 2160
656 54300 56100 2 3 1800
657 56220 57360 3 7 1140
658 57480 58860 7 6 1380
659 61020 63180 0 2 2160
660 63300 65100 2 3 1800
661 65220 66360 3 7 1140
662 66480 67860 7 6 1380
663 70020 72180 0 2 2160
664 72300 74100 2 3 1800
665 74220 75360 3 7 1140
666 75480 76860 7 6 1380
667 79020 81180 0 2 2160
668 81300 83100 2 3 1800
669 83220 84360 3 7 1140
672 26400 29460 2 11 3060
673 29580 31560 11 7 1980
674 31680 33060 7 6 1380
675 35040 36420 6 7 1380
676 36540 38520 7 11 1980
677 38760 41820 11 2 3060
678 41940 42720 2 1 780
679 45840 47220 6 7 1380
680 47340 49320 7 11 1980
681 49560 52620 11 2 3060
682 52740 53520 2 1 780
683 56640 58020 6 7 1380
684 58140 60120 7 11 1980
685 60360 63420 11 2 3060
686 63540 64320 2 1 780
687 67440 68820 6 7 1380
688 68940 70920 7 11 1980
689 71160 74220 11 2 3060
690 74340 75120 2 1 780
691 78240 79620 6 7 1380
692 79740 81720 7 11 1980
693 81960 85020 11 2 3060
697 29760 31560 2 3 1800
698 31680 32820 3 7 1140
699 32940 34860 7 10 1920
700 35820 37740 10 7 1920
701 37980 39120 7 3 1140
702 39240 41040 3 2 1800
703 41160 41940 2 1 780
704 42060 45120 1 8 3060
705 46620 48540 10 7 1920
706 48780 49920 7 3 1140
707 50040 51840 3 2 1800
708 51960 52740 2 1 780
709 52860 55920 1 8 3060
710 57420 59340 10 7 1920
711 59580 60720 7 3 1140
712 60840 62640 3 2 1800
713 62760 63540 2 1 780
714 63660 66720 1 8 3060
715 68220 70140 10 7 1920
716 70380 71520 7 3 1140
717 71640 73440 3 2 1800
718 73560 74340 2 1 780
724 35700 37440 6 5 1740
725 37560 39900 5 10 2340
726 40020 42600 10 9 2580
727 42720 43920 9 4 1200
728 46500 48240 6 5 1740
729 48360 50700 5 10 2340
730 50820 53400 10 9 2580
731 53520 54720 9 4 1200
732 57300 59040 6 5 1740
733 59160 61500 5 10 2340
734 61620 64200 10 9 2580
735 64320 65520 9 4 1200
736 68100 69840 6 5 1740
737 69960 72300 5 10 2340
738 72420 75000 10 9 2580
739 75120 76320 9 4 1200
742 30300 33360 2 11 3060
743 33600 35580 11 7 1980
744 35700 36840 7 3 1140
745 37740 38880 3 7 1140
746 39000 40980 7 11 1980
747 41100 44160 11 2 3060
748 44280 45060 2 1 780
749 45180 48240 1 8 3060
750 52140 53280 3 7 1140
751 53400 55380 7 11 1980
752 55500 58560 11 2 3060
753 58680 59460 2 1 780
754 59580 62640 1 8 3060
755 66540 67680 3 7 1140
756 67800 69780 7 11 1980
757 69900 72960 11 2 3060
758 73080 73860 2 1 780
759 73980 77040 1 8 3060
762 31020 33000 7 5 1980
763 35100 37080 5 7 1980
764 37200 39120 7 10 1920
765 39240 41820 10 9 2580
766 45900 47880 5 7 1980
767 48000 49920 7 10 1920
768 50040 52620 10 9 2580
769 56700 58680 5 7 1980
770 58800 60720 7 10 1920
771 60840 63420 10 9 2580
772 67500 69480 5 7 1980
773 69600 71520 7 10 1920
774 71640 74220 10 9 2580
775 78300 80280 5 7 1980
776 80400 82320 7 10 1920
779 28440 31020 9 10 2580
780 31140 32940 10 3 1800
781 34260 36060 3 10 1800
782 36180 38760 10 9 2580
783 38880 40500 9 0 1620
784 41460 43260 3 10 1800
785 43380 45960 10 9 2580
786 46080 47700 9 0 1620
787 48660 50460 3 10 1800
788 50580 53160 10 9 2580
789 53280 54900 9 0 1620
790 55860 57660 3 10 1800
791 57780 60360 10 9 2580
792 60480 62100 9 0 1620
793 63060 64860 3 10 1800
794 64980 67560 10 9 2580
795 67680 69300 9 0 1620
796 70260 72060 3 10 1800
797 72180 74760 10 9 2580
798 74880 76500 9 0 1620
799 77460 79260 3 10 1800
800 79380 81960 10 9 2580
803 29100 30900 2 3 1800
804 31020 32160 3 7 1140
805 32280 33660 7 6 1380
806 34260 35640 6 7 1380
807 35760 36900 7 3 1140
808 37020 38820 3 2 1800
809 38940 41100 2 0 2160
810 43260 44640 6 7 1380
811 44760 45900 7 3 1140
812 46020 47820 3 2 1800
813 47940 50100 2 0 2160
814 52260 53640 6 7 1380
815 53760 54900 7 3 1140
816 55020 56820 3 2 1800
817 56940 59100 2 0 2160
818 61260 62640 6 7 1380
819 62760 63900 7 3 1140
820 64020 65820 3 2 1800
821 65940 68100 2 0 2160
822 70260 71640 6 7 1380
823 71760 72900 7 3 1140
824 73020 74820 3 2 1800
825 74940 77100 2 0 2160
827 28980 30120 7 3 1140
828 30240 32040 3 2 1800
829 32160 32940 2 1 780
830 33060 36120 1 8 3060
831 38280 41340 8 1 3060
832 41460 42240 1 2 780
833 42360 44160 2 3 1800
834 44280 45420 3 7 1140
835 45540 47460 7 10 1920
836 49080 52140 8 1 3060
837 52260 53040 1 2 780
838 53160 54960 2 3 1800
839 55080 56220 3 7 1140
840 56340 58260 7 10 1920
841 59880 62940 8 1 3060
842 63060 63840 1 2 780
843 63960 65760 2 3 1800
844 65880 67020 3 7 1140
845 67140 69060 7 10 1920
846 70680 73740 8 1 3060
847 73860 74640 1 2 780
848 74760 76560 2 3 1800
849 76680 77820 3 7 1140
850 77940 79860 7 10 1920
853 30300 33360 11 2 3060
854 33480 34260 2 1 780
855 34380 37440 1 8 3060
856 40620 43680 8 1 3060
857 43800 44580 1 2 780
858 44700 47760 2 11 3060
859 48000 49980 11 7 1980
860 50100 51240 7 3 1140
861 55020 58080 8 1 3060
862 58200 58980 1 2 780
863 59100 62160 2 11 3060
864 62400 64380 11 7 1980
865 64500 65640 7 3 1140
866 69420 72480 8 1 3060
867 72600 73380 1 2 780
868 73500 76560 2 11 3060
869 76800 78780 11 7 1980
870 78900 80040 7 3 1140
873 31680 33300 9 0 1620
874 33900 35520 0 9 1620
875 35640 38220 9 10 2580
876 38340 40140 10 3 1800
877 41100 42720 0 9 1620
878 42840 45420 9 10 2580
879 45540 47340 10 3 1800
880 48300 49920 0 9 1620
881 50040 52620 9 10 2580
882 52740 54540 10 3 1800
883 55500 57120 0 9 1620
884 57240 59820 9 10 2580
885 59940 61740 10 3 1800
886 62700 64320 0 9 1620
887 64440 67020 9 10 2580
888 67140 68940 10 3 1800
889 69900 71520 0 9 1620
890 71640 74220 9 10 2580
891 74340 76140 10 3 1800
892 77100 78720 0 9 1620
893 78840 81420 9 10 2580
894 81540 83340 10 3 1800
896 28560 29700 7 3 1140
897 29820 31620 3 2 1800
898 31740 33900 2 0 2160
899 35820 37980 0 2 2160
900 38100 39900 2 3 1800
901 40020 41160 3 7 1140
902 41280 42660 7 6 1380
903 44820 46980 0 2 2160
904 47100 48900 2 3 1800
905 49020 50160 3 7 1140
906 50280 51660 7 6 1380
907 53820 55980 0 2 2160
908 56100 57900 2 3 1800
909 58020 59160 3 7 1140
910 59280 60660 7 6 1380
911 62820 64980 0 2 2160
912 65100 66900 2 3 1800
913 67020 68160 3 7 1140
914 68280 69660 7 6 1380
915 71820 73980 0 2 2160
916 74100 75900 2 3 1800
917 76020 77160 3 7 1140
918 77280 78660 7 6 1380
920 28260 31680 2 9 3420
921 31800 33000 9 4 1200
922 34860 36060 4 9 1200
923 36180 39600 9 2 3420
924 39720 40500 2 1 780
925 42060 43260 4 9 1200
926 43380 46800 9 2 3420
927 46920 47700 2 1 780
928 49260 50460 4 9 1200
929 50580 54000 9 2 3420
930 54120 54900 2 1 780
931 56460 57660 4 9 1200
932 57780 61200 9 2 3420
933 61320 62100 2 1 780
934 63660 64860 4 9 1200
935 64980 68400 9 2 3420
936 68520 69300 2 1 780
937 70860 72060 4 9 1200
938 72180 75600 9 2 3420
939 75720 76500 2 1 780
940 78060 79260 4 9 1200
941 79380 82800 9 2 3420
942 82920 83700 2 1 780
944 30660 31440 1 2 780
945 31560 33360 2 3 1800
946 33480 34620 3 7 1140
947 34740 36660 7 10 1920
948 37620 39540 10 7 1920
949 39780 40920 7 3 1140
950 41040 42840 3 2 1800
951 42960 43740 2 1 780
952 43860 46920 1 8 3060
953 48420 50340 10 7 1920
954 50580 51720 7 3 1140
955 51840 53640 3 2 1800
956 53760 54540 2 1 780
957 54660 57720 1 8 3060
958 59220 61140 10 7 1920
959 61380 62520 7 3 1140
960 62640 64440 3 2 1800
961 64560 65340 2 1 780
962 65460 68520 1 8 3060
963 70020 71940 10 7 1920
964 72180 73320 7 3 1140
965 73440 75240 3 2 1800
966 75360 76140 2 1 780
969 28980 32400 9 2 3420
970 32520 33300 2 1 780
971 34560 35340 1 2 780
972 35460 38880 2 9 3420
973 39000 40200 9 4 1200
974 41760 42540 1 2 780
975 42660 46080 2 9 3420
976 46200 47400 9 4 1200
977 48960 49740 1 2 780
978 49860 53280 2 9 3420
979 53400 54600 9 4 1200
980 56160 56940 1 2 780
981 57060 60480 2 9 3420
982 60600 61800 9 4 1200
983 63360 64140 1 2 780
984 64260 67680 2 9 3420
985 67800 69000 9 4 1200
986 70560 71340 1 2 780
987 71460 74880 2 9 3420
988 75000 76200 9 4 1200
989 77760 78540 1 2 780
990 78660 82080 2 9 3420
993 29100 32520 9 2 3420
994 32640 34800 2 0 2160
995 36000 38160 0 2 2160
996 38280 41700 2 9 3420
997 41820 43020 9 4 1200
998 46800 48960 0 2 2160
999 49080 52500 2 9 3420
1000 52620 53820 9 4 1200
1001 57600 59760 0 2 2160
1002 59880 63300 2 9 3420
1003 63420 64620 9 4 1200
1004 68400 70560 0 2 2160
1005 70680 74100 2 9 3420
1006 74220 75420 9 4 1200
1007 79200 81360 0 2 2160
1011 29340 31320 7 11 1980
1012 31560 34620 11 2 3060
1013 34740 35520 2 1 780
1014 36300 37080 1 2 780
1015 37200 40260 2 11 3060
1016 40380 42360 11 7 1980
1017 42480 43860 7 6 1380
1018 47100 47880 1 2 780
1019 48000 51060 2 11 3060
1020 51180 53160 11 7 1980
1021 53280 54660 7 6 1380
1022 57900 58680 1 2 780
1023 58800 61860 2 11 3060
1024 61980 63960 11 7 1980
1025 64080 65460 7 6 1380
1026 68700 69480 1 2 780
1027 69600 72660 2 11 3060
1028 72780 74760 11 7 1980
1029 74880 76260 7 6 1380
1031 30000 31920 7 10 1920
1032 32040 34620 10 9 2580
1033 37080 39660 9 10 2580
1034 39780 41700 10 7 1920
1035 41820 43800 7 5 1980
1036 47880 50460 9 10 2580
1037 50580 52500 10 7 1920
1038 52620 54600 7 5 1980
1039 58680 61260 9 10 2580
1040 61380 63300 10 7 1920
1041 63420 65400 7 5 1980
1042 69480 72060 9 10 2580
1043 72180 74100 10 7 1920
1044 74220 76200 7 5 1980
1047 32820 35400 10 9 2580
1048 35520 36720 9 4 1200
1049 40500 41700 4 9 1200
1050 41820 44400 9 10 2580
1051 44520 46860 10 5 2340
1052 46980 48720 5 6 1740
1053 51300 52500 4 9 1200
1054 52620 55200 9 10 2580
1055 55320 57660 10 5 2340
1056 57780 59520 5 6 1740
1057 62100 63300 4 9 1200
1058 63420 66000 9 10 2580
1059 66120 68460 10 5 2340
1060 68580 70320 5 6 1740
1061 72900 74100 4 9 1200
1062 74220 76800 9 10 2580
1063 76920 79260 10 5 2340
1064 79380 81120 5 6 1740
1066 30900 32700 2 3 1800
1067 32820 33960 3 7 1140
1068 34080 35460 7 6 1380
1069 36060 37440 6 7 1380
1070 37560 38700 7 3 1140
1071 38820 40620 3 2 1800
1072 40740 42900 2 0 2160
1073 45060 46440 6 7 1380
1074 46560 47700 7 3 1140
1075 47820 49620 3 2 1800
1076 49740 51900 2 0 2160
1077 54060 55440 6 7 1380
1078 55560 56700 7 3 1140
1079 56820 58620 3 2 1800
1080 58740 60900 2 0 2160
1081 63060 64440 6 7 1380
1082 64560 65700 7 3 1140
1083 65820 67620 3 2 1800
1084 67740 69900 2 0 2160
1085 72060 73440 6 7 1380
1086 73560 74700 7 3 1140
1087 74820 76620 3 2 1800
1088 76740 78900 2 0 2160
1090 30780 31920 7 3 1140
1091 32040 33840 3 2 1800
1092 33960 34740 2 1 780
1093 34860 37920 1 8 3060
1094 40080 43140 8 1 3060
1095 43260 44040 1 2 780
1096 44160 45960 2 3 1800
1097 46080 47220 3 7 1140
1098 47340 49260 7 10 1920
1099 50880 53940 8 1 3060
1100 54060 54840 1 2 780
1101 54960 56760 2 3 1800
1102 56880 58020 3 7 1140
1103 58140 60060 7 10 1920
1104 61680 64740 8 1 3060
1105 64860 65640 1 2 780
1106 65760 67560 2 3 1800
1107 67680 68820 3 7 1140
1108 68940 70860 7 10 1920
1109 72480 75540 8 1 3060
1110 75660 76440 1 2 780
1111 76560 78360 2 3 1800
1112 78480 79620 3 7 1140
1113 79740 81660 7 10 1920
1115 31080 34500 2 9 3420
1116 34620 35820 9 4 1200
1117 38580 39780 4 9 1200
1118 39900 43320 9 2 3420
1119 43440 45600 2 0 2160
1120 49380 50580 4 9 1200
1121 50700 54120 9 2 3420
1122 54240 56400 2 0 2160
1123 60180 61380 4 9 1200
1124 61500 64920 9 2 3420
1125 65040 67200 2 0 2160
1126 70980 72180 4 9 1200
1127 72300 75720 9 2 3420
1128 75840 78000 2 0 2160
1129 28860 30660 3 10 1800
1130 30780 33360 10 9 2580
1131 33480 35100 9 0 1620
1132 35700 37320 0 9 1620
1133 37440 40020 9 10 2580
1134 40140 41940 10 3 1800
1136 30360 31500 7 3 1140
1137 31620 33420 3 2 1800
1138 33540 35700 2 0 2160
1139 37620 39780 0 2 2160
1140 39900 41700 2 3 1800
1141 41820 42960 3 7 1140
1142 43080 44460 7 6 1380
1143 46620 48780 0 2 2160
1144 48900 50700 2 3 1800
1145 50820 51960 3 7 1140
1146 52080 53460 7 6 1380
1147 55620 57780 0 2 2160
1148 57900 59700 2 3 1800
1149 59820 60960 3 7 1140
1150 61080 62460 7 6 1380
1151 64620 66780 0 2 2160
1152 66900 68700 2 3 1800
1153 68820 69960 3 7 1140
1154 70080 71460 7 6 1380
1155 73620 75780 0 2 2160
1156 75900 77700 2 3 1800
1157 77820 78960 3 7 1140
1158 79080 80460 7 6 1380
1160 30000 33060 2 11 3060
1161 33180 35160 11 7 1980
1162 35280 36660 7 6 1380
1163 38640 40020 6 7 1380
1164 40140 42120 7 11 1980
1165 42360 45420 11 2 3060
1166 45540 46320 2 1 780
1167 49440 50820 6 7 1380
1168 50940 52920 7 11 1980
1169 53160 56220 11 2 3060
1170 56340 57120 2 1 780
1171 60240 61620 6 7 1380
1172 61740 63720 7 11 1980
1173 63960 67020 11 2 3060
1174 67140 67920 2 1 780
1175 71040 72420 6 7 1380
1176 72540 74520 7 11 1980
1177 74760 77820 11 2 3060
1178 77940 78720 2 1 780
1180 32460 33240 1 2 780
1181 33360 35160 2 3 1800
1182 35280 36420 3 7 1140
1183 36540 38460 7 10 1920
1184 39420 41340 10 7 1920
1185 41580 42720 7 3 1140
1186 42840 44640 3 2 1800
1187 44760 45540 2 1 780
1188 45660 48720 1 8 3060
1189 50220 52140 10 7 1920
1190 52380 53520 7 3 1140
1191 53640 55440 3 2 1800
1192 55560 56340 2 1 780
1193 56460 59520 1 8 3060
1194 61020 62940 10 7 1920
1195 63180 64320 7 3 1140
1196 64440 66240 3 2 1800
1197 66360 67140 2 1 780
1198 67260 70320 1 8 3060
1199 71820 73740 10 7 1920
1200 73980 75120 7 3 1140
1201 75240 77040 3 2 1800
1202 77160 77940 2 1 780
1204 29700 30900 4 9 1200
1205 31020 33600 9 10 2580
1206 33720 36060 10 5 2340
1207 36180 37920 5 6 1740
1208 39300 41040 6 5 1740
1209 41160 43500 5 10 2340
1210 43620 46200 10 9 2580
1211 46320 47520 9 4 1200
1212 50100 51840 6 5 1740
1213 51960 54300 5 10 2340
1214 54420 57000 10 9 2580
1215 57120 58320 9 4 1200
1216 60900 62640 6 5 1740
1217 62760 65100 5 10 2340
1218 65220 67800 10 9 2580
1219 67920 69120 9 4 1200
1220 71700 73440 6 5 1740
1221 73560 75900 5 10 2340
1222 76020 78600 10 9 2580
1223 78720 79920 9 4 1200
1225 33000 33780 1 2 780
1226 33900 36960 2 11 3060
1227 37200 39180 11 7 1980
1228 39300 40440 7 3 1140
1229 41340 42480 3 7 1140
1230 42600 44580 7 11 1980
1231 44700 47760 11 2 3060
1232 47880 48660 2 1 780
1233 48780 51840 1 8 3060
1234 55740 56880 3 7 1140
1235 57000 58980 7 11 1980
1236 59100 62160 11 2 3060
1237 62280 63060 2 1 780
1238 63180 66240 1 8 3060
1239 70140 71280 3 7 1140
1240 71400 73380 7 11 1980
1241 73500 76560 11 2 3060
1242 76680 77460 2 1 780
1244 29880 32460 9 10 2580
1245 32580 34500 10 7 1920
1246 34620 36600 7 5 1980
1247 38700 40680 5 7 1980
1248 40800 42720 7 10 1920
1249 42840 45420 10 9 2580
1250 49500 51480 5 7 1980
1251 51600 53520 7 10 1920
1252 53640 56220 10 9 2580
1253 60300 62280 5 7 1980
1254 62400 64320 7 10 1920
1255 64440 67020 10 9 2580
1256 71100 73080 5 7 1980
1257 73200 75120 7 10 1920
1258 75240 77820 10 9 2580
1260 32580 33720 7 3 1140
1261 33840 35640 3 2 1800
1262 35760 36540 2 1 780
1263 36660 39720 1 8 3060
1264 41880 44940 8 1 3060
1265 45060 45840 1 2 780
1266 45960 47760 2 3 1800
1267 47880 49020 3 7 1140
1268 49140 51060 7 10 1920
1269 52680 55740 8 1 3060
1270 55860 56640 1 2 780
1271 56760 58560 2 3 1800
1272 58680 59820 3 7 1140
1273 59940 61860 7 10 1920
1274 63480 66540 8 1 3060
1275 66660 67440 1 2 780
1276 67560 69360 2 3 1800
1277 69480 70620 3 7 1140
1278 70740 72660 7 10 1920
1279 74280 77340 8 1 3060
1280 77460 78240 1 2 780
1281 78360 80160 2 3 1800
1282 80280 81420 3 7 1140
1283 81540 83460 7 10 1920
1284 30540 31680 3 7 1140
1285 31800 33780 7 11 1980
1286 33900 36960 11 2 3060
1287 37080 37860 2 1 780
1288 37980 41040 1 8 3060
1289 44220 47280 8 1 3060
1290 47400 48180 1 2 780
1291 48300 51360 2 11 3060
1292 51600 53580 11 7 1980
1293 53700 54840 7 3 1140
1294 58620 61680 8 1 3060
1295 61800 62580 1 2 780
1296 62700 65760 2 11 3060
1297 66000 67980 11 7 1980
1298 68100 69240 7 3 1140
1299 73020 76080 8 1 3060
1300 76200 76980 1 2 780
1301 77100 80160 2 11 3060
1302 80400 82380 11 7 1980
1303 82500 83640 7 3 1140
1305 34260 35040 1 2 780
1306 35160 36960 2 3 1800
1307 37080 38220 3 7 1140
1308 38340 40260 7 10 1920
1309 41220 43140 10 7 1920
1310 43380 44520 7 3 1140
1311 44640 46440 3 2 1800
1312 46560 47340 2 1 780
1313 47460 50520 1 8 3060
1314 52020 53940 10 7 1920
1315 54180 55320 7 3 1140
1316 55440 57240 3 2 1800
1317 57360 58140 2 1 780
1318 58260 61320 1 8 3060
1319 62820 64740 10 7 1920
1320 64980 66120 7 3 1140
1321 66240 68040 3 2 1800
1322 68160 68940 2 1 780
1323 69060 72120 1 8 3060
1324 73620 75540 10 7 1920
1325 75780 76920 7 3 1140
1326 77040 78840 3 2 1800
1327 78960 79740 2 1 780
1330 36060 36840 1 2 780
1331 36960 38760 2 3 1800
1332 38880 40020 3 7 1140
1333 40140 42060 7 10 1920
1334 43020 44940 10 7 1920
1335 45180 46320 7 3 1140
1336 46440 48240 3 2 1800
1337 48360 49140 2 1 780
1338 49260 52320 1 8 3060
1339 33300 34500 4 9 1200
1340 34620 37200 9 10 2580
1341 37320 39660 10 5 2340
1342 39780 41520 5 6 1740
1343 42900 44640 6 5 1740
1344 44760 47100 5 10 2340
1345 47220 49800 10 9 2580
1346 49920 51120 9 4 1200
1347 33420 36480 8 1 3060
1348 36600 37380 1 2 780
1349 37500 40560 2 11 3060
1350 40800 42780 11 7 1980
1351 42900 44040 7 3 1140
1352 44940 46080 3 7 1140
1353 46200 48180 7 11 1980
1354 48300 51360 11 2 3060
1355 51480 52260 2 1 780
1356 52380 55440 1 8 3060
1357 59340 60480 3 7 1140
1358 60600 62580 7 11 1980
1359 62700 65760 11 2 3060
1360 65880 66660 2 1 780
1361 66780 69840 1 8 3060
1362 73740 74880 3 7 1140
1363 75000 76980 7 11 1980
1364 77100 80160 11 2 3060
1365 80280 81060 2 1 780
1366 81180 84240 1 8 3060
1367 36060 37860 3 10 1800
1368 37980 40560 10 9 2580
1369 40680 42300 9 0 1620
1370 42900 44520 0 9 1620
1371 44640 47220 9 10 2580
1372 47340 49140 10 3 1800
1373 37860 39240 6 7 1380
1374 39360 40500 7 3 1140
1375 40620 42420 3 2 1800
1376 42540 44700 2 0 2160
1377 46620 48780 0 2 2160
1378 48900 50700 2 3 1800
1379 50820 51960 3 7 1140
1380 52080 53460 7 6 1380
1381 39600 41760 0 2 2160
1382 41880 45300 2 9 3420
1383 45420 46620 9 4 1200
1384 49380 50580 4 9 1200
1385 50700 54120 9 2 3420
1386 54240 56400 2 0 2160
1387 39900 40680 1 2 780
1388 40800 43860 2 11 3060
1389 43980 45960 11 7 1980
1390 46080 47460 7 6 1380
1391 49440 50820 6 7 1380
1392 50940 52920 7 11 1980
1393 53160 56220 11 2 3060
1394 56340 57120 2 1 780
1395 40680 43260 9 10 2580
1396 43380 45300 10 7 1920
1397 45420 47400 7 5 1980
1398 49500 51480 5 7 1980
1399 51600 53520 7 10 1920
1400 53640 56220 10 9 2580
1401 43260 45060 3 10 1800
1402 45180 47760 10 9 2580
1403 47880 49500 9 0 1620
1404 50100 51720 0 9 1620
1405 51840 54420 9 10 2580
1406 54540 56340 10 3 1800
1407 43680 46740 8 1 3060
1408 46860 47640 1 2 780
1409 47760 49560 2 3 1800
1410 49680 50820 3 7 1140
1411 50940 52860 7 10 1920
1412 53820 55740 10 7 1920
1413 55980 57120 7 3 1140
1414 57240 59040 3 2 1800
1415 59160 59940 2 1 780
1416 60060 63120 1 8 3060
1417 44100 45300 4 9 1200
1418 45420 48000 9 10 2580
1419 48120 50460 10 5 2340
1420 50580 52320 5 6 1740
1421 53700 55440 6 5 1740
1422 55560 57900 5 10 2340
1423 58020 60600 10 9 2580
1424 60720 61920 9 4 1200
1425 46860 48240 6 7 1380
1426 48360 49500 7 3 1140
1427 49620 51420 3 2 1800
1428 51540 53700 2 0 2160
1429 55620 57780 0 2 2160
1430 57900 59700 2 3 1800
1431 59820 60960 3 7 1140
1432 61080 62460 7 6 1380
1433 47820 50880 8 1 3060
1434 51000 51780 1 2 780
1435 51900 54960 2 11 3060
1436 55200 57180 11 7 1980
1437 57300 58440 7 3 1140
1438 59340 60480 3 7 1140
1439 60600 62580 7 11 1980
1440 62700 65760 11 2 3060
1441 65880 66660 2 1 780
1442 66780 69840 1 8 3060
1443 50400 52560 0 2 2160
1444 52680 56100 2 9 3420
1445 56220 57420 9 4 1200
1446 60180 61380 4 9 1200
1447 61500 64920 9 2 3420
1448 65040 67200 2 0 2160
1449 50460 52260 3 10 1800
1450 52380 54960 10 9 2580
1451 55080 56700 9 0 1620
1452 57300 58920 0 9 1620
1453 59040 61620 9 10 2580
1454 61740 63540 10 3 1800
1455 50700 51480 1 2 780
1456 51600 54660 2 11 3060
1457 54780 56760 11 7 1980
1458 56880 58260 7 6 1380
1459 60240 61620 6 7 1380
1460 61740 63720 7 11 1980
1461 63960 67020 11 2 3060
1462 67140 67920 2 1 780
1463 51480 54060 9 10 2580
1464 54180 56100 10 7 1920
1465 56220 58200 7 5 1980
1466 60300 62280 5 7 1980
1467 62400 64320 7 10 1920
1468 64440 67020 10 9 2580
1469 54480 57540 8 1 3060
1470 57660 58440 1 2 780
1471 58560 60360 2 3 1800
1472 60480 61620 3 7 1140
1473 61740 63660 7 10 1920
1474 64620 66540 10 7 1920
1475 66780 67920 7 3 1140
1476 68040 69840 3 2 1800
1477 69960 70740 2 1 780
1478 70860 73920 1 8 3060
1479 54900 56100 4 9 1200
1480 56220 58800 9 10 2580
1481 58920 61260 10 5 2340
1482 61380 63120 5 6 1740
1483 64500 66240 6 5 1740
1484 66360 68700 5 10 2340
1485 68820 71400 10 9 2580
1486 71520 72720 9 4 1200
1487 55860 57240 6 7 1380
1488 57360 58500 7 3 1140
1489 58620 60420 3 2 1800
1490 60540 62700 2 0 2160
1491 64620 66780 0 2 2160
1492 66900 68700 2 3 1800
1493 68820 69960 3 7 1140
1494 70080 71460 7 6 1380
1495 57660 59460 3 10 1800
1496 59580 62160 10 9 2580
1497 62280 63900 9 0 1620
1498 64500 66120 0 9 1620
1499 66240 68820 9 10 2580
1500 68940 70740 10 3 1800
1501 61200 63360 0 2 2160
1502 63480 66900 2 9 3420
1503 67020 68220 9 4 1200
1504 70980 72180 4 9 1200
1505 72300 75720 9 2 3420
1506 75840 78000 2 0 2160
1507 61500 62280 1 2 780
1508 62400 65460 2 11 3060
1509 65580 67560 11 7 1980
1510 67680 69060 7 6 1380
1511 71040 72420 6 7 1380
1512 72540 74520 7 11 1980
1513 74760 77820 11 2 3060
1514 77940 78720 2 1 780
1515 62220 65280 8 1 3060
1516 65400 66180 1 2 780
1517 66300 69360 2 11 3060
1518 69600 71580 11 7 1980
1519 71700 72840 7 3 1140
1520 73740 74880 3 7 1140
1521 75000 76980 7 11 1980
1522 77100 80160 11 2 3060
1523 80280 81060 2 1 780
1524 81180 84240 1 8 3060
1525 62280 64860 9 10 2580
1526 64980 66900 10 7 1920
1527 67020 69000 7 5 1980
1528 71100 73080 5 7 1980
1529 73200 75120 7 10 1920
1530 75240 77820 10 9 2580
1531 64860 66660 3 10 1800
1532 66780 69360 10 9 2580
1533 69480 71100 9 0 1620
1534 71700 73320 0 9 1620
1535 73440 76020 9 10 2580
1536 76140 77940 10 3 1800
1537 64860 66240 6 7 1380
1538 66360 67500 7 3 1140
1539 67620 69420 3 2 1800
1540 69540 71700 2 0 2160
1541 73620 75780 0 2 2160
1542 75900 77700 2 3 1800
1543 77820 78960 3 7 1140
1544 79080 80460 7 6 1380
1545 65280 68340 8 1 3060
1546 68460 69240 1 2 780
1547 69360 71160 2 3 1800
1548 71280 72420 3 7 1140
1549 72540 74460 7 10 1920
1550 75420 77340 10 7 1920
1551 77580 78720 7 3 1140
1552 78840 80640 3 2 1800
1553 80760 81540 2 1 780
1554 81660 84720 1 8 3060
1555 65700 66900 4 9 1200
1556 67020 69600 9 10 2580
1557 69720 72060 10 5 2340
1558 72180 73920 5 6 1740
1559 75300 77040 6 5 1740
1560 77160 79500 5 10 2340
1561 79620 82200 10 9 2580
1563 72000 74160 0 2 2160
1564 74280 77700 2 9 3420
1565 77820 79020 9 4 1200
1566 81780 82980 4 9 1200
1567 83100 86520 9 2 3420
1569 72060 73860 3 10 1800
1570 73980 76560 10 9 2580
1571 76680 78300 9 0 1620
1572 78900 80520 0 9 1620
1573 80640 83220 9 10 2580
1574 83340 85140 10 3 1800
1575 72300 73080 1 2 780
1576 73200 76260 2 11 3060
1577 76380 78360 11 7 1980
1578 78480 79860 7 6 1380
1579 81840 83220 6 7 1380
1580 83340 85320 7 11 1980
1581 85560 88620 11 2 3060
1582 88740 89520 2 1 780
1583 73080 75660 9 10 2580
1584 75780 77700 10 7 1920
1585 77820 79800 7 5 1980
1586 81900 83880 5 7 1980
1589 73860 75240 6 7 1380
1590 75360 76500 7 3 1140
1591 76620 78420 3 2 1800
1592 78540 80700 2 0 2160
1593 82620 84780 0 2 2160
1594 84900 86700 2 3 1800
1595 86820 87960 3 7 1140
1597 76080 79140 8 1 3060
1598 79260 80040 1 2 780
1599 80160 81960 2 3 1800
1600 82080 83220 3 7 1140
1601 83340 85260 7 10 1920
1602 86220 88140 10 7 1920
1603 88380 89520 7 3 1140
1604 89640 91440 3 2 1800
1605 91560 92340 2 1 780
1607 76500 77700 4 9 1200
1608 77820 80400 9 10 2580
1615 76620 79680 8 1 3060
1616 79800 80580 1 2 780
1617 80700 83760 2 11 3060
1618 84000 85980 11 7 1980
1619 86100 87240 7 3 1140
1620 88140 89280 3 7 1140
1621 89400 91380 7 11 1980
1622 91500 94560 11 2 3060
