0 25980 28500 1 2 2520
1 30900 33420 2 1 2520
2 33660 35520 1 3 1860
3 35760 37920 3 6 2160
4 41700 44220 2 1 2520
5 44460 46320 1 3 1860
6 46560 48720 3 6 2160
7 52500 55020 2 1 2520
8 55260 57120 1 3 1860
9 57360 59520 3 6 2160
10 63300 65820 2 1 2520
11 66060 67920 1 3 1860
12 68160 70320 3 6 2160
13 74100 76620 2 1 2520
14 76860 78720 1 3 1860
15 23520 25920 1 5 2400
16 28080 30480 5 1 2400
17 30720 32040 1 6 1320
18 33480 35880 5 1 2400
19 36120 37440 1 6 1320
20 38880 41280 5 1 2400
21 41520 42840 1 6 1320
22 44280 46680 5 1 2400
23 46920 48240 1 6 1320
24 49680 52080 5 1 2400
25 52320 53640 1 6 1320
26 55080 57480 5 1 2400
27 57720 59040 1 6 1320
28 60480 62880 5 1 2400
29 63120 64440 1 6 1320
30 65880 68280 5 1 2400
31 68520 69840 1 6 1320
32 71280 73680 5 1 2400
33 73920 75240 1 6 1320
34 76680 79080 5 1 2400
35 31380 32460 3 0 1080
36 32580 33720 0 5 1140
37 35580 38460 4 3 2880
38 38580 39660 3 0 1080
39 39780 40920 0 5 1140
40 42780 45660 4 3 2880
41 45780 46860 3 0 1080
42 46980 48120 0 5 1140
43 49980 52860 4 3 2880
44 52980 54060 3 0 1080
45 54180 55320 0 5 1140
46 57180 60060 4 3 2880
47 60180 61260 3 0 1080
48 61380 62520 0 5 1140
49 64380 67260 4 3 2880
50 67380 68460 3 0 1080
51 68580 69720 0 5 1140
52 71580 74460 4 3 2880
53 74580 75660 3 0 1080
54 75780 76920 0 5 1140
55 28140 30660 1 2 2520
56 32340 34860 2 1 2520
57 34980 36540 1 0 1560
58 36660 37740 0 3 1080
59 37860 40740 3 4 2880
60 41340 43860 2 1 2520
61 43980 45540 1 0 1560
62 45660 46740 0 3 1080
63 46860 49740 3 4 2880
64 50340 52860 2 1 2520
65 52980 54540 1 0 1560
66 54660 55740 0 3 1080
67 55860 58740 3 4 2880
68 59340 61860 2 1 2520
69 61980 63540 1 0 1560
70 63660 64740 0 3 1080
71 64860 67740 3 4 2880
72 68340 70860 2 1 2520
73 70980 72540 1 0 1560
74 72660 73740 0 3 1080
75 73860 76740 3 4 2880
76 77340 79860 2 1 2520
77 79980 81540 1 0 1560
78 25320 26640 1 6 1320
79 27360 28680 6 1 1320
80 28920 31320 1 5 2400
81 32760 34080 6 1 1320
82 34320 36720 1 5 2400
83 38160 39480 6 1 1320
84 39720 42120 1 5 2400
85 43560 44880 6 1 1320
86 45120 47520 1 5 2400
87 48960 50280 6 1 1320
88 50520 52920 1 5 2400
89 54360 55680 6 1 1320
90 55920 58320 1 5 2400
91 59760 61080 6 1 1320
92 61320 63720 1 5 2400
93 65160 66480 6 1 1320
94 66720 69120 1 5 2400
95 70560 71880 6 1 1320
96 72120 74520 1 5 2400
97 75960 77280 6 1 1320
98 29400 30540 5 0 1140
99 30660 31740 0 3 1080
100 31860 34740 3 4 2880
101 36600 37740 5 0 1140
102 37860 38940 0 3 1080
103 39060 41940 3 4 2880
104 43800 44940 5 0 1140
105 45060 46140 0 3 1080
106 46260 49140 3 4 2880
107 51000 52140 5 0 1140
108 52260 53340 0 3 1080
109 53460 56340 3 4 2880
110 58200 59340 5 0 1140
111 59460 60540 0 3 1080
112 60660 63540 3 4 2880
113 65400 66540 5 0 1140
114 66660 67740 0 3 1080
115 67860 70740 3 4 2880
116 72600 73740 5 0 1140
117 73860 74940 0 3 1080
118 25980 27540 1 0 1560
119 27660 28740 0 3 1080
120 28860 31740 3 4 2880
121 33060 35940 4 3 2880
122 36060 37140 3 0 1080
123 37260 38820 0 1 1560
124 38940 41460 1 2 2520
125 42060 44940 4 3 2880
126 45060 46140 3 0 1080
127 46260 47820 0 1 1560
128 47940 50460 1 2 2520
129 51060 53940 4 3 2880
130 54060 55140 3 0 1080
131 55260 56820 0 1 1560
132 56940 59460 1 2 2520
133 60060 62940 4 3 2880
134 63060 64140 3 0 1080
135 64260 65820 0 1 1560
136 65940 68460 1 2 2520
137 69060 71940 4 3 2880
138 72060 73140 3 0 1080
139 73260 74820 0 1 1560
140 74940 77460 1 2 2520
141 78060 80940 4 3 2880
142 81060 82140 3 0 1080
143 82260 83820 0 1 1560
144 26460 28320 1 3 1860
145 28560 30720 3 6 2160
146 32400 34560 6 3 2160
147 34680 36540 3 1 1860
148 36780 39300 1 2 2520
149 43200 45360 6 3 2160
150 45480 47340 3 1 1860
151 47580 50100 1 2 2520
152 54000 56160 6 3 2160
153 56280 58140 3 1 1860
154 58380 60900 1 2 2520
155 64800 66960 6 3 2160
156 67080 68940 3 1 1860
157 69180 71700 1 2 2520
158 75600 77760 6 3 2160
159 77880 79740 3 1 1860
160 25320 27720 1 5 2400
161 29880 32280 5 1 2400
162 32520 33840 1 6 1320
163 35280 37680 5 1 2400
164 37920 39240 1 6 1320
165 40680 43080 5 1 2400
166 43320 44640 1 6 1320
167 46080 48480 5 1 2400
168 48720 50040 1 6 1320
169 51480 53880 5 1 2400
170 54120 55440 1 6 1320
171 56880 59280 5 1 2400
172 59520 60840 1 6 1320
173 62280 64680 5 1 2400
174 64920 66240 1 6 1320
175 67680 70080 5 1 2400
176 70320 71640 1 6 1320
177 73080 75480 5 1 2400
178 75720 77040 1 6 1320
179 78480 80880 5 1 2400
180 33180 34260 3 0 1080
181 34380 35520 0 5 1140
182 37380 40260 4 3 2880
183 40380 41460 3 0 1080
184 41580 42720 0 5 1140
185 44580 47460 4 3 2880
186 47580 48660 3 0 1080
187 48780 49920 0 5 1140
188 51780 54660 4 3 2880
189 54780 55860 3 0 1080
190 55980 57120 0 5 1140
191 58980 61860 4 3 2880
192 61980 63060 3 0 1080
193 63180 64320 0 5 1140
194 66180 69060 4 3 2880
195 69180 70260 3 0 1080
196 70380 71520 0 5 1140
197 73380 76260 4 3 2880
198 76380 77460 3 0 1080
199 28260 29820 0 1 1560
200 29940 32460 1 2 2520
201 34140 36660 2 1 2520
202 36780 38340 1 0 1560
203 38460 39540 0 3 1080
204 39660 42540 3 4 2880
205 43140 45660 2 1 2520
206 45780 47340 1 0 1560
207 47460 48540 0 3 1080
208 48660 51540 3 4 2880
209 52140 54660 2 1 2520
210 54780 56340 1 0 1560
211 56460 57540 0 3 1080
212 57660 60540 3 4 2880
213 61140 63660 2 1 2520
214 63780 65340 1 0 1560
215 65460 66540 0 3 1080
216 66660 69540 3 4 2880
217 70140 72660 2 1 2520
218 72780 74340 1 0 1560
219 74460 75540 0 3 1080
220 79140 81660 2 1 2520
221 27120 28440 1 6 1320
222 29160 30480 6 1 1320
223 30720 33120 1 5 2400
224 34560 35880 6 1 1320
225 36120 38520 1 5 2400
226 39960 41280 6 1 1320
227 41520 43920 1 5 2400
228 45360 46680 6 1 1320
229 46920 49320 1 5 2400
230 50760 52080 6 1 1320
231 52320 54720 1 5 2400
232 56160 57480 6 1 1320
233 57720 60120 1 5 2400
234 61560 62880 6 1 1320
235 63120 65520 1 5 2400
236 66960 68280 6 1 1320
237 68520 70920 1 5 2400
238 72360 73680 6 1 1320
239 73920 76320 1 5 2400
240 77760 79080 6 1 1320
241 28980 30120 0 5 1140
242 31200 32340 5 0 1140
243 32460 33540 0 3 1080
244 33660 36540 3 4 2880
245 38400 39540 5 0 1140
246 39660 40740 0 3 1080
247 40860 43740 3 4 2880
248 45600 46740 5 0 1140
249 46860 47940 0 3 1080
250 48060 50940 3 4 2880
251 52800 53940 5 0 1140
252 54060 55140 0 3 1080
253 55260 58140 3 4 2880
254 60000 61140 5 0 1140
255 61260 62340 0 3 1080
256 62460 65340 3 4 2880
257 67200 68340 5 0 1140
258 68460 69540 0 3 1080
259 69660 72540 3 4 2880
260 74400 75540 5 0 1140
261 75660 76740 0 3 1080
262 27780 29340 1 0 1560
263 29460 30540 0 3 1080
264 30660 33540 3 4 2880
265 34860 37740 4 3 2880
266 37860 38940 3 0 1080
267 39060 40620 0 1 1560
268 40740 43260 1 2 2520
269 43860 46740 4 3 2880
270 46860 47940 3 0 1080
271 48060 49620 0 1 1560
272 49740 52260 1 2 2520
273 52860 55740 4 3 2880
274 55860 56940 3 0 1080
275 57060 58620 0 1 1560
276 58740 61260 1 2 2520
277 61860 64740 4 3 2880
278 64860 65940 3 0 1080
279 66060 67620 0 1 1560
280 67740 70260 1 2 2520
281 70860 73740 4 3 2880
282 73860 74940 3 0 1080
283 75060 76620 0 1 1560
284 76740 79260 1 2 2520
285 29580 32100 1 2 2520
286 34500 37020 2 1 2520
287 37260 39120 1 3 1860
288 39360 41520 3 6 2160
289 45300 47820 2 1 2520
290 48060 49920 1 3 1860
291 50160 52320 3 6 2160
292 56100 58620 2 1 2520
293 58860 60720 1 3 1860
294 60960 63120 3 6 2160
295 66900 69420 2 1 2520
296 69660 71520 1 3 1860
297 71760 73920 3 6 2160
298 77700 80220 2 1 2520
299 27120 29520 1 5 2400
300 31680 34080 5 1 2400
301 34320 35640 1 6 1320
302 37080 39480 5 1 2400
303 39720 41040 1 6 1320
304 42480 44880 5 1 2400
305 45120 46440 1 6 1320
306 47880 50280 5 1 2400
307 50520 51840 1 6 1320
308 53280 55680 5 1 2400
309 55920 57240 1 6 1320
310 58680 61080 5 1 2400
311 61320 62640 1 6 1320
312 64080 66480 5 1 2400
313 66720 68040 1 6 1320
314 69480 71880 5 1 2400
315 72120 73440 1 6 1320
316 74880 77280 5 1 2400
317 34980 36060 3 0 1080
318 36180 37320 0 5 1140
319 39180 42060 4 3 2880
320 42180 43260 3 0 1080
321 43380 44520 0 5 1140
322 46380 49260 4 3 2880
323 49380 50460 3 0 1080
324 50580 51720 0 5 1140
325 53580 56460 4 3 2880
326 56580 57660 3 0 1080
327 57780 58920 0 5 1140
328 60780 63660 4 3 2880
329 63780 64860 3 0 1080
330 64980 66120 0 5 1140
331 67980 70860 4 3 2880
332 70980 72060 3 0 1080
333 72180 73320 0 5 1140
334 75180 78060 4 3 2880
335 78180 79260 3 0 1080
336 30060 31620 0 1 1560
337 31740 34260 1 2 2520
338 35940 38460 2 1 2520
339 38580 40140 1 0 1560
340 40260 41340 0 3 1080
341 41460 44340 3 4 2880
342 44940 47460 2 1 2520
343 47580 49140 1 0 1560
344 49260 50340 0 3 1080
345 50460 53340 3 4 2880
346 53940 56460 2 1 2520
347 56580 58140 1 0 1560
348 58260 59340 0 3 1080
349 59460 62340 3 4 2880
350 62940 65460 2 1 2520
351 65580 67140 1 0 1560
352 67260 68340 0 3 1080
353 68460 71340 3 4 2880
354 71940 74460 2 1 2520
355 74580 76140 1 0 1560
356 76260 77340 0 3 1080
357 28920 30240 1 6 1320
358 30960 32280 6 1 1320
359 32520 34920 1 5 2400
360 36360 37680 6 1 1320
361 37920 40320 1 5 2400
362 41760 43080 6 1 1320
363 43320 45720 1 5 2400
364 47160 48480 6 1 1320
365 48720 51120 1 5 2400
366 52560 53880 6 1 1320
367 54120 56520 1 5 2400
368 57960 59280 6 1 1320
369 59520 61920 1 5 2400
370 63360 64680 6 1 1320
371 64920 67320 1 5 2400
372 68760 70080 6 1 1320
373 70320 72720 1 5 2400
374 74160 75480 6 1 1320
375 29580 30660 3 0 1080
376 30780 31920 0 5 1140
377 33000 34140 5 0 1140
378 34260 35340 0 3 1080
379 35460 38340 3 4 2880
380 40200 41340 5 0 1140
381 41460 42540 0 3 1080
382 42660 45540 3 4 2880
383 47400 48540 5 0 1140
384 48660 49740 0 3 1080
385 49860 52740 3 4 2880
386 54600 55740 5 0 1140
387 55860 56940 0 3 1080
388 57060 59940 3 4 2880
389 61800 62940 5 0 1140
390 63060 64140 0 3 1080
391 64260 67140 3 4 2880
392 69000 70140 5 0 1140
393 70260 71340 0 3 1080
394 71460 74340 3 4 2880
395 76200 77340 5 0 1140
396 77460 78540 0 3 1080
397 29580 31140 1 0 1560
398 31260 32340 0 3 1080
399 32460 35340 3 4 2880
400 36660 39540 4 3 2880
401 39660 40740 3 0 1080
402 40860 42420 0 1 1560
403 42540 45060 1 2 2520
404 45660 48540 4 3 2880
405 48660 49740 3 0 1080
406 49860 51420 0 1 1560
407 51540 54060 1 2 2520
408 54660 57540 4 3 2880
409 57660 58740 3 0 1080
410 58860 60420 0 1 1560
411 60540 63060 1 2 2520
412 63660 66540 4 3 2880
413 66660 67740 3 0 1080
414 67860 69420 0 1 1560
415 69540 72060 1 2 2520
416 72660 75540 4 3 2880
417 75660 76740 3 0 1080
418 76860 78420 0 1 1560
419 30060 31920 1 3 1860
420 32160 34320 3 6 2160
421 36000 38160 6 3 2160
422 38280 40140 3 1 1860
423 40380 42900 1 2 2520
424 46800 48960 6 3 2160
425 49080 50940 3 1 1860
426 51180 53700 1 2 2520
427 57600 59760 6 3 2160
428 59880 61740 3 1 1860
429 61980 64500 1 2 2520
430 68400 70560 6 3 2160
431 70680 72540 3 1 1860
432 72780 75300 1 2 2520
433 79200 81360 6 3 2160
434 81480 83340 3 1 1860
435 27600 28740 5 0 1140
436 28860 29940 0 3 1080
437 30060 32940 3 4 2880
438 33780 36660 4 3 2880
439 36780 37860 3 0 1080
440 37980 39120 0 5 1140
441 40980 43860 4 3 2880
442 43980 45060 3 0 1080
443 45180 46320 0 5 1140
444 48180 51060 4 3 2880
445 51180 52260 3 0 1080
446 52380 53520 0 5 1140
447 55380 58260 4 3 2880
448 58380 59460 3 0 1080
449 59580 60720 0 5 1140
450 62580 65460 4 3 2880
451 65580 66660 3 0 1080
452 66780 67920 0 5 1140
453 69780 72660 4 3 2880
454 72780 73860 3 0 1080
455 73980 75120 0 5 1140
456 76980 79860 4 3 2880
457 79980 81060 3 0 1080
458 30660 31740 3 0 1080
459 31860 33420 0 1 1560
460 33540 36060 1 2 2520
461 37740 40260 2 1 2520
462 40380 41940 1 0 1560
463 42060 43140 0 3 1080
464 43260 46140 3 4 2880
465 46740 49260 2 1 2520
466 49380 50940 1 0 1560
467 51060 52140 0 3 1080
468 52260 55140 3 4 2880
469 55740 58260 2 1 2520
470 58380 59940 1 0 1560
471 60060 61140 0 3 1080
472 61260 64140 3 4 2880
473 64740 67260 2 1 2520
474 67380 68940 1 0 1560
475 69060 70140 0 3 1080
476 70260 73140 3 4 2880
477 73740 76260 2 1 2520
478 76380 77940 1 0 1560
479 78060 79140 0 3 1080
480 31380 32940 1 0 1560
481 33060 34140 0 3 1080
482 34260 37140 3 4 2880
483 38460 41340 4 3 2880
484 41460 42540 3 0 1080
485 42660 44220 0 1 1560
486 44340 46860 1 2 2520
487 47460 50340 4 3 2880
488 50460 51540 3 0 1080
489 51660 53220 0 1 1560
490 53340 55860 1 2 2520
491 56460 59340 4 3 2880
492 59460 60540 3 0 1080
493 60660 62220 0 1 1560
494 62340 64860 1 2 2520
495 65460 68340 4 3 2880
496 68460 69540 3 0 1080
497 69660 71220 0 1 1560
498 71340 73860 1 2 2520
499 74460 77340 4 3 2880
500 77460 78540 3 0 1080
501 78660 80220 0 1 1560
502 28800 30960 6 3 2160
503 31080 32940 3 1 1860
504 33180 35700 1 2 2520
505 38100 40620 2 1 2520
506 40860 42720 1 3 1860
507 42960 45120 3 6 2160
508 48900 51420 2 1 2520
509 51660 53520 1 3 1860
510 53760 55920 3 6 2160
511 59700 62220 2 1 2520
512 62460 64320 1 3 1860
513 64560 66720 3 6 2160
514 70500 73020 2 1 2520
515 73260 75120 1 3 1860
516 75360 77520 3 6 2160
517 32460 33540 3 0 1080
518 33660 35220 0 1 1560
519 35340 37860 1 2 2520
520 39540 42060 2 1 2520
521 42180 43740 1 0 1560
522 43860 44940 0 3 1080
523 45060 47940 3 4 2880
524 48540 51060 2 1 2520
525 51180 52740 1 0 1560
526 52860 53940 0 3 1080
527 54060 56940 3 4 2880
528 57540 60060 2 1 2520
529 60180 61740 1 0 1560
530 61860 62940 0 3 1080
531 63060 65940 3 4 2880
532 66540 69060 2 1 2520
533 69180 70740 1 0 1560
534 70860 71940 0 3 1080
535 72060 74940 3 4 2880
536 75540 78060 2 1 2520
537 78180 79740 1 0 1560
538 30540 33060 2 1 2520
539 33180 34740 1 0 1560
540 34860 35940 0 3 1080
541 36060 38940 3 4 2880
542 40260 43140 4 3 2880
543 43260 44340 3 0 1080
544 44460 46020 0 1 1560
545 46140 48660 1 2 2520
546 49260 52140 4 3 2880
547 52260 53340 3 0 1080
548 53460 55020 0 1 1560
549 55140 57660 1 2 2520
550 58260 61140 4 3 2880
551 61260 62340 3 0 1080
552 62460 64020 0 1 1560
553 64140 66660 1 2 2520
554 67260 70140 4 3 2880
555 70260 71340 3 0 1080
556 71460 73020 0 1 1560
557 73140 75660 1 2 2520
558 76260 79140 4 3 2880
559 79260 80340 3 0 1080
560 80460 82020 0 1 1560
561 34260 35340 3 0 1080
562 35460 37020 0 1 1560
563 37140 39660 1 2 2520
564 41340 43860 2 1 2520
565 43980 45540 1 0 1560
566 45660 46740 0 3 1080
567 46860 49740 3 4 2880
568 34800 35940 5 0 1140
569 36060 37140 0 3 1080
570 37260 40140 3 4 2880
571 40980 43860 4 3 2880
572 43980 45060 3 0 1080
573 45180 46320 0 5 1140
574 39600 41760 6 3 2160
575 41880 43740 3 1 1860
576 43980 46500 1 2 2520
577 48900 51420 2 1 2520
578 51660 53520 1 3 1860
579 53760 55920 3 6 2160
580 42000 43140 5 0 1140
581 43260 44340 0 3 1080
582 44460 47340 3 4 2880
583 48180 51060 4 3 2880
584 51180 52260 3 0 1080
585 52380 53520 0 5 1140
586 49200 50340 5 0 1140
587 50460 51540 0 3 1080
588 51660 54540 3 4 2880
589 55380 58260 4 3 2880
590 58380 59460 3 0 1080
591 59580 60720 0 5 1140
592 50400 52560 6 3 2160
593 52680 54540 3 1 1860
594 54780 57300 1 2 2520
595 59700 62220 2 1 2520
596 62460 64320 1 3 1860
597 64560 66720 3 6 2160
598 56400 57540 5 0 1140
599 57660 58740 0 3 1080
600 58860 61740 3 4 2880
601 62580 65460 4 3 2880
602 65580 66660 3 0 1080
603 66780 67920 0 5 1140
604 61200 63360 6 3 2160
605 63480 65340 3 1 1860
606 65580 68100 1 2 2520
607 70500 73020 2 1 2520
608 73260 75120 1 3 1860
609 75360 77520 3 6 2160
610 63600 64740 5 0 1140
611 64860 65940 0 3 1080
612 66060 68940 3 4 2880
613 69780 72660 4 3 2880
614 72780 73860 3 0 1080
615 73980 75120 0 5 1140
616 70800 71940 5 0 1140
617 72060 73140 0 3 1080
618 73260 76140 3 4 2880
619 76980 79860 4 3 2880
620 79980 81060 3 0 1080
621 72000 74160 6 3 2160
622 74280 76140 3 1 1860
623 76380 78900 1 2 2520
624 81300 83820 2 1 2520
625 78000 79140 5 0 1140
626 79260 80340 0 3 1080
